0,-0,117,36.521
0.98879,-0.98817,125,38.316
1.6967,-2.3617,121,37.712
2.1299,-3.6012,118,36.587
2.8878,-4.6797,119,38.126
3.7076,-5.7136,128,41.773
3.6044,-7.3046,118,39.308
3.7264,-8.6697,122,41.078
3.5909,-9.8837,124,41.541
4.1423,-11.853,137,44.543
4.038,-12.874,136,43.997
3.1393,-13.771,124,41.566
3.0144,-15.499,145,45.205
2.7391,-17.49,140,43.162
2.498,-19.704,127,41.061
2.1204,-21.67,137,42.955
2.4218,-24.022,134,42.608
1.9134,-25.742,141,43.923
1.3323,-27.316,133,44.08
1.8868,-29.4,137,44.171
2.2368,-31.62,125,43.071
2.3093,-33.793,129,42.79
3.0059,-35.947,138,43.534
3.4054,-37.964,124,39.953
3.8037,-39.658,142,42.674
3.338,-39.602,151,42.79
2.6278,-39.455,132,40.16
2.7846,-39.13,137,40.466
2.8787,-39.084,139,41.111
2.9359,-39.065,144,41.384
3.0003,-39.006,151,42.426
2.9344,-39.146,146,42.054
3.0553,-39.266,141,41.69
2.953,-39.594,156,43.923
2.9102,-40.367,164,45.122
2.5023,-41.354,169,47.264
1.9521,-42.12,161,48.025
1.242,-41.736,157,46.834
0.61511,-42.101,155,45.883
0.090609,-43.478,158,47.363
0.44824,-45.453,162,48.786
1.1012,-47.779,161,48.141
0.30556,-49.338,156,46.156
-0.85586,-50.54,155,45.337
-0.55908,-49.824,155,44.56
-0.67521,-49.177,169,47.661
-0.63907,-49.085,166,48.124
-0.58165,-49.051,171,48.769
-0.54303,-48.883,174,48.488
-0.58273,-48.796,173,48.579
-0.50855,-48.827,186,49.993
-0.71347,-48.978,183,49.894
-1.3354,-49.265,206,52.152
-2.18,-50.099,208,53.657
-2.7671,-51.205,196,52.524
-3.0216,-52.549,179,49.778
-2.7713,-54.353,177,49.414
-1.1227,-55.653,181,49.522
-0.84567,-57.872,176,48.794
-1.8623,-59.238,171,50.018
-2.4179,-60.35,171,47.57
-2.6922,-60.076,177,50.266
-3.7089,-61.76,178,51.424
-4.8682,-64.121,171,49.439
-5.0603,-66.572,174,51.515
-4.9223,-69.055,174,50.407
-6.0443,-69.297,168,49.646
-7.3861,-68.398,166,47.967
-7.3597,-67.631,168,49.365
-7.3291,-67.799,156,48.05
-7.3752,-67.565,160,47.496
-7.2327,-67.319,174,50.101
-7.2585,-67.321,168,49.547
-7.2741,-67.347,177,51.325
-7.6644,-67.373,185,52.921
-8.0375,-67.369,196,54.228
-8.5316,-67.133,202,56.676
-9.7661,-68.152,198,56.494
-11.296,-68.607,195,53.674
-12.775,-68.59,180,51.342
-12.994,-69.303,182,49.671
-11.798,-70.406,163,46.148
-10.749,-69.877,175,49.274
-9.5905,-68.929,177,48.811
-7.8931,-68.65,179,48.513
-5.3656,-69.224,197,52.094
-4.8963,-70.224,190,49.274
-5.0502,-71.625,184,46.685
-6.6517,-73.052,170,48.281
-7.9105,-74.523,170,49.712
-7.7779,-76.254,185,48.513
-8.5838,-77.917,175,45.304
-9.8817,-78.166,155,42.881
-11.237,-78.42,146,41.475
-12.082,-78.547,140,41.202
-11.669,-78.205,155,42.699
-9.8576,-76.54,170,44.684
-8.6177,-74.894,174,44.287
-7.0852,-74.561,161,43.741
-4.7734,-74.155,163,42.955
-4.8787,-73.248,172,47.471
-6.2384,-71.664,174,50.638
-7.3173,-68.709,190,51.002
-6.581,-65.191,191,51.664
-4.9335,-62.512,182,53.144
-3.229,-59.752,186,51.093
-2.2202,-57.502,178,48.902
-1.1427,-55.206,169,45.991
0.59587,-53.597,166,44.287
2.1873,-52.809,160,42.765
3.5685,-53.728,160,43.352
4.5301,-54.755,151,42.418
3.4222,-56.141,154,42.972
2.8284,-56.739,139,42.492
4.2568,-57.967,147,43.162
5.4637,-58.725,144,42.517
3.6225,-60.536,131,39.052
3.0541,-62.519,133,40.168
2.9682,-64.653,129,39.242
3.0211,-65.725,135,41.111
3.2071,-66.425,136,40.714
3.5838,-66.149,139,41.864
2.0115,-63.534,150,42.418
0.22955,-59.861,189,48.439
0.52933,-58.094,176,45.875
1.0046,-54.946,178,46.801
1.5991,-53.1,175,46.164
1.8007,-51.988,187,48.894
3.3412,-51.142,183,49.092
4.6346,-51.12,184,50.101
4.9293,-53.46,177,46.917
6.1843,-55.682,178,47.661
6.4866,-58.235,173,48.794
7.2043,-61.169,166,48.761
8.0688,-63.291,168,48.397
6.6149,-65.545,162,47.959
6.9852,-67.437,159,46.644
7.5597,-65.578,149,43.923
6.8866,-63.536,178,49.274
5.0006,-61.336,182,51.598
2.1795,-60.32,179,49.638
0.92814,-61.834,179,46.082
1.2978,-63.697,185,47.57
1.6186,-66.364,177,49.431
1.2605,-68.905,171,47.206
1.3537,-72.657,173,47.446
0.39026,-76.018,168,47.471
-0.1237,-77.934,165,48.05
0.54832,-77.44,170,52.069
0.87024,-76.781,176,49.547
1.7396,-75.821,176,48.323
1.2092,-75.437,173,48.538
1.0259,-75.429,174,47.984
0.9491,-75.15,181,48.712
0.91236,-75.313,177,47.976
0.73783,-75.163,184,48.158
0.031254,-75.269,201,50.01
-1.0723,-75.21,204,50.01
-1.5479,-76.049,212,50.862
-2.6658,-76.424,213,52.301
-1.5371,-77.74,210,51.532
0.72051,-78.448,187,47.306
3.0052,-77.301,194,49.638
1.9792,-76.029,191,51.052
-1.4387,-76.612,186,48.794
-3.486,-77.459,185,50.291
-3.0551,-79.197,179,50.291
-1.6589,-78.44,184,55.154
-0.25416,-77.188,190,51.606
1.0153,-76.16,168,49.373
2.4219,-76.986,175,50.407
3.2458,-77.822,152,43.559
3.1346,-78.271,142,42.608
2.6712,-78.006,153,42.633
1.9007,-77.402,158,42.972
0.48388,-76.281,176,44.75
-1.2443,-75.355,181,46.669
-1.6581,-74.237,175,45.817
-2.3176,-73.649,165,46.892
-2.2046,-74.375,170,46.272
0.085425,-76.493,188,49.365
1.0202,-80.275,197,52.524
-0.084305,-81.548,176,52.896
-4.0195,-82.361,183,53.351
-5.3653,-81.478,171,50.936
-4.3381,-78.312,175,48.513
-1.3578,-78.108,167,45.693
1.5319,-78.668,169,45.114
4.4352,-80.204,163,44.866
5.6536,-80.289,146,43.625
6.1051,-79.107,132,41.483
3.4343,-80.225,137,40.64
-0.66817,-82.004,142,44.32
-3.0778,-82.836,154,50.754
-4.4521,-82.471,130,41.202
-1.9008,-82.459,133,40.648
-0.80745,-82.023,121,39.631
-0.64514,-81.376,133,42.17
-0.0033387,-81.456,128,41.111
0.42068,-81.022,146,41.864
-1.3936,-81.613,174,50.101
-3.9252,-82.666,168,50.763
-3.5634,-83.223,152,46.892
-1.5837,-80.792,142,40.623
-0.040293,-80.17,126,37.919
1.3248,-80.632,117,35.992
2.1081,-79.99,120,36.43
2.2701,-78.346,128,37.638
2.2952,-77.355,135,39.887
2.7543,-77.813,149,41.566
5.7261,-78.545,157,42.98
5.7104,-81.77,153,42.029
2.913,-83.477,136,40.623
0.055879,-83.907,119,38.969
-0.69291,-83.834,113,38.109
-2.7482,-83.254,137,40.441
-3.3627,-81.87,128,38.324
-2.7085,-81.449,120,39.242
-1.1062,-81.949,116,35.876
0.35231,-82.124,109,35.132
-0.21959,-82.153,169,43.162
-0.64435,-83.125,162,45.238
-1.333,-82.229,187,48.496
-3.7678,-82.445,216,50.771
-4.2051,-82.803,234,55.526
-2.9361,-82.438,207,48.951
-2.7405,-82.392,199,48.703
-3.5958,-83.604,214,51.044
-1.7964,-83.556,198,47.661
-1.9649,-83.702,214,49.555
-3.91,-83.977,247,54.881
-5.2446,-85.137,274,58.826
-3.4025,-83.962,275,59.289
-2.5443,-82.365,252,54.228
-4.5071,-83.436,238,52.648
-5.4701,-85.979,234,52.813
-6.1752,-85.162,262,56.378
-4.8064,-83.469,244,54.972
-3.9472,-82.92,250,55.08
-3.4713,-82.403,255,55.137
-3.7507,-82.884,265,56.634
-2.9877,-83.315,272,57.668
-2.8383,-83.581,276,56.866
-2.2236,-83.567,279,58.867
-2.4811,-82.01,273,59.19
1.1633,-81.572,291,61.96
3.8907,-82.033,258,55.435
5.6499,-83.224,243,53.442
5.311,-86.027,218,50.258
4.9428,-86.841,233,51.672
4.395,-87.475,228,51.796
3.7587,-88.824,242,54.41
1.9859,-89.082,239,54.997
0.49374,-89.319,219,52.342
0.37498,-90.102,259,57.37
-0.80066,-90.808,279,60.091
-1.1965,-89.621,282,60.298
-2.3842,-88.843,268,56.775
-2.3106,-89.543,277,58.131
-0.817,-90.399,268,56.006
-1.9735,-90.586,285,59.38
-2.0016,-91.892,288,58.66
-2.4391,-91.101,305,64.177
-3.4211,-91.849,307,64.524
-4.0085,-92.217,300,61.539
-4.0858,-91.877,302,62.159
-4.8567,-91.475,303,61.357
-5.3678,-92.587,309,62.903
-4.3274,-93.385,299,62.002
-3.709,-93.798,296,62.465
-3.1614,-95.137,290,59.256
-4.3304,-97.299,290,59.256
-4.7994,-98.89,298,61.721
-3.7242,-100.41,306,65.004
-5.5947,-101.48,298,65.996
-3.8376,-104.05,308,67.245
-7.038,-107.61,306,68.37
-9.003,-111.17,299,66.302
-8.8995,-114.28,272,61.993
-8.2868,-117.01,260,64.524
-9.8521,-120.14,260,65.541
-9.2542,-123.09,266,67.493
-8.3793,-126.39,267,63.399
-8.5807,-127.62,275,67.658
-9.9326,-129.73,272,66.302
-9.5353,-130.89,243,59.446
-9.897,-130.01,239,56.419
-10.48,-130.88,246,58.528
-9.5567,-132.64,211,51.598
-7.4175,-135.69,194,47.661
-7.431,-138.91,172,43.898
-8.2009,-141.77,156,43.088
-8.6065,-142.27,160,44.014
-8.7177,-139.78,212,53.078
-9.4241,-137.98,231,57.089
-7.8543,-139.96,201,50.192
-9.0209,-142.45,162,44.477
-7.4089,-142.67,169,44.866
-8.4328,-144.09,165,45.213
-9.2315,-145.12,160,43.551
-7.939,-144.84,163,46.801
-6.6167,-145.86,171,45.42
-6.4563,-147.07,169,45.991
-5.3671,-147,185,47.082
-4.5352,-147.5,200,49.249
-5.9822,-148.31,215,51.052
-6.1377,-144.25,240,55.319
-7.277,-140.83,226,52.962
-5.4201,-141.8,243,56.031
-4.7854,-146.22,254,57.048
-4.4317,-149.17,271,58.801
-3.2403,-149.75,269,59
-2.371,-151.66,263,56.287
-2.4469,-152.47,254,54.302
-3.4985,-152.95,266,55.336
-4.3407,-153.38,281,57.23
-5.3252,-153.24,280,57.114
-7.2069,-152.94,284,57.883
-7.1346,-152.59,283,58.884
-6.0039,-151.4,286,58.809
-6.8893,-149.84,299,61.315
-4.9814,-151.89,258,55.609
-5.4845,-151.78,236,51.581
-4.5959,-152.62,227,50.82
-4.3419,-154.39,222,51.044
-3.2453,-155.25,221,49.894
-1.308,-154.69,226,50.746
-1.2194,-154.47,215,49.456
-1.7293,-153.47,222,50.382
-1.0901,-153.53,229,51.209
-0.4997,-156.43,245,54.418
-3.0712,-157.06,250,54.021
-1.8027,-154.3,251,55.063
0.68769,-155.41,248,53.748
2.7064,-156.94,228,51.118
2.3379,-158.44,229,51.209
3.0843,-158.32,262,58.33
2.6647,-160.62,253,58.264
4.275,-162.82,241,53.674
4.7116,-165.95,243,53.541
3.0328,-168.34,250,54.848
1.5361,-171.62,265,58.338
0.6636,-174.49,304,67.013
0.82974,-180.47,303,71.148
1.214,-186.76,307,72.033
2.1842,-192.48,313,73.497
3.02,-192.97,292,71.347
4.5696,-190.73,290,73.655
5.69,-186.53,293,68.014
5.9102,-183.25,275,62.357
6.3286,-180.93,263,58.446
7.2503,-180.63,255,54.947
9.4537,-182.78,256,55.187
8.6877,-186.19,248,55.741
4.0673,-190.2,268,59.306
-1.0635,-192.51,291,61.224
-5.2118,-194.66,287,62.002
-6.7432,-196.71,294,66.22
-6.2672,-198.66,299,71.397
-6.0043,-201.86,313,73.497
-6.0377,-204.55,320,71.082
-6.6236,-207.74,310,73.745
-5.8643,-210.83,312,78.012
-4.4132,-214.3,332,82.048
-1.8172,-216.78,331,84.827
-0.47343,-220.35,337,90.98
0.063292,-223.56,348,96.124
-0.58981,-226.75,363,102.14
-1.5235,-230.63,356,104.91
-2.0647,-234.57,362,109.15
-1.9702,-239.01,356,101.64
-1.8087,-242.87,352,107.46
-1.5933,-247.34,354,101.47
-1.2808,-250.93,360,103.84
-1.2058,-255.11,360,103.34
-1.2659,-258.21,342,99.622
-1.1852,-260.03,349,102.9
-1.0626,-262.04,364,104.95
-0.3636,-265.77,353,106.11
-0.82884,-270.49,345,105.01
-0.53831,-275.94,336,98.969
0.8542,-281.83,323,91.212
1.4534,-287.65,311,82.321
1.6515,-292.14,303,79.352
2.0832,-296.17,298,75.176
2.3143,-299.68,286,70.272
4.662,-303.74,258,62.44
3.8513,-306.78,264,68.047
3.6045,-310.74,286,76.358
3.4781,-316.81,274,73.24
4.6171,-322.74,260,74.051
4.7786,-329.03,249,70.941
3.3683,-333.9,230,68.419
3.0101,-337.42,197,67.261
2.9098,-340.86,147,51.945
2.3729,-343.42,104,41.078
4.3688,-354.98,250,70.47
4.2357,-357.54,202,63.225
5.2464,-360.55,153,55.84
4.8597,-362.44,129,46.619
2.5824,-363.64,132,44.841
1.3752,-362.08,119,50.87
1.3752,-362.08,119,50.87
