0,-0,221,92.594
0.27692,0.085046,205,66.245
0.31413,0.69378,215,69.346
-0.00062794,0.17693,245,92.793
-0.17718,0.47285,244,78.146
0.56064,2.0054,215,64.194
1.2531,1.8451,227,77.476
1.5499,2.3422,222,73.291
1.9483,2.2426,241,68.412
1.297,2.7219,259,87.235
2.6205,4.5496,241,74.978
2.1337,4.689,229,72.423
2.4793,3.1994,256,71.513
1.9997,4.5173,259,75.516
2.937,4.6477,243,64.938
2.8534,3.9023,255,78.774
3.7273,3.2574,246,71.48
3.5419,3.0098,271,77.368
3.2631,2.3086,274,72.199
3.7277,2.2817,272,76.541
3.5842,2.0969,274,67.617
3.5038,2.3305,260,68.279
3.3849,1.4837,276,70.554
3.8123,2.362,257,66.89
3.0293,0.98646,294,77.848
3.2417,1.1264,267,63.788
3.289,1.5903,264,68.759
3.5348,0.82633,273,70.173
4.1934,0.35036,249,66.228
4.1409,0.88885,250,67.262
3.7769,-0.077149,260,72.894
3.6397,-0.84084,263,66.253
3.4103,-0.5827,279,66.923
2.849,-1.136,294,66.898
3.0194,-0.052329,278,62.879
2.7758,0.27034,279,62.317
2.956,0.32816,273,61.928
3.0879,1.1816,273,59.636
3.0388,0.93087,262,56.676
3.1639,1.7634,253,55.063
3.2777,1.7026,259,58.247
3.5402,3.2431,259,58.131
3.4308,3.7536,260,56.568
3.6798,4.0544,282,64.822
4.0693,5.8138,264,66.716
4.4798,4.7822,278,71.835
4.2245,4.0946,271,69.412
4.8186,4.1795,271,72.985
5.351,3.7321,270,71.323
4.6356,4.6454,281,67.452
4.1675,3.8862,254,64.194
3.7715,3.7583,275,64.847
2.9237,2.992,261,66.981
3.0388,2.4003,262,60.133
2.9472,2.8965,262,58.917
3.2639,2.0874,262,60.365
4.3224,1.3772,277,63.524
4.5552,0.53444,276,59.636
4.9939,1.684,277,70.256
4.8503,0.79659,278,62.192
5.041,1.4153,278,63.871
4.825,1.4202,266,59.86
4.4682,1.5453,276,61.613
4.6053,2.2246,282,58.71
4.1948,0.84428,280,61.448
4.2276,0.71258,292,61.522
3.8338,1.8461,292,64.938
3.5737,0.96958,306,65.186
3.6553,0.57564,287,61.737
3.6985,1.2437,288,63.945
3.214,1.5988,270,66.228
3.1603,2.0453,276,69.321
2.8269,1.9797,292,84.861
3.0809,2.0713,254,67.154
3.206,0.44238,279,75.152
3.4656,1.2521,265,67.799
2.6719,0.076793,279,93.429
3.3722,0.76144,298,87.028
4.2843,0.47118,299,94.654
4.402,0.89865,283,79.7
4.3645,0.99521,313,84.423
4.2193,1.2835,309,81.322
3.2917,0.944,312,75.632
3.2244,1.6555,312,67.171
2.2464,2.2034,295,66.501
2.7007,1.122,295,65.393
1.8622,3.0064,298,62.126
1.4783,3.3675,299,62.101
1.1847,3.7607,297,64.251
1.1286,4.4004,290,68.957
0.91885,4.5708,291,62.399
0.84311,5.1203,278,59.86
1.4541,5.2967,281,60.761
1.6974,4.6115,274,58.743
2.0914,4.1786,277,60.621
2.5168,3.5593,266,58.917
2.8647,4.1383,278,57.511
2.7517,3.1722,286,63.226
3.4338,2.02,297,64.45
3.7076,2.0219,306,72
4.0707,0.60098,320,68.742
3.9538,0.269,260,76.55
4.9173,0.33455,282,84.977
4.8762,0.4123,289,79.08
5.0929,-0.19648,313,76.004
4.3577,-1.1539,292,81.619
3.5321,-0.76222,268,117.21
3.9497,-0.3561,228,89.774
3.9831,-1.7682,309,113.67
4.2111,-0.047475,246,86.656
3.6769,-1.5271,280,107.3
2.8017,-0.36513,287,116.27
3.2314,1.9256,233,86.127
2.3212,0.075904,262,128.64
2.3646,-0.32167,292,91.808
3.8287,1.805,274,91.61
3.8348,1.4009,285,95.861
4.1468,1.4236,315,82.719
2.979,3.1075,245,70.67
3.725,2.6697,287,81.71
3.9719,2.8931,276,82.248
3.3269,3.0259,264,80.304
4.0232,1.9012,279,77.856
3.8921,2.7663,276,94.199
4.6646,2.3235,308,81.793
4.7281,2.8632,301,86.036
4.1339,3.0013,281,93.115
5.0247,3.4641,287,86.21
4.5247,2.9952,268,86.309
4.3141,2.8853,274,82.19
5.1624,3.8676,304,89.393
4.2301,4.2591,248,76.004
4.596,4.5683,262,79.063
5.1919,4.8021,287,78.212
5.7096,4.9014,294,85.63
4.7717,4.415,285,82.827
5.3894,5.213,304,84.117
4.2769,5.3027,285,70.066
4.3892,5.0612,317,83.571
3.709,4.7053,299,71.554
3.4291,3.9596,301,73.473
2.9553,4.2837,296,77.484
2.7392,4.3272,302,69.784
2.7412,3.7479,280,66.873
2.7111,3.3422,287,64.45
2.854,4.0235,296,62.754
2.4485,2.9208,288,65.947
2.8574,3.4154,287,68.676
2.3166,3.4831,292,69.412
2.1538,3.6931,286,71.207
1.6587,2.4165,275,81.611
2.0206,2.9685,231,62.027
1.0218,2.5122,254,89.592
1.0503,3.5106,225,75.433
1.7689,3.1198,211,60.894
1.2133,1.6175,242,85.068
1.3821,1.5362,213,66.435
1.32,1.927,218,69.355
1.362,1.458,235,67.171
0.44056,0.04482,264,120.02
0.44534,0.68776,228,76.524
2.8704,-0.72642,276,99.227
1.3451,1.4683,220,66.824
3.6161,-0.49774,306,118.22
1.3535,1.9431,235,68.453
3.7879,-0.67455,346,97.341
4.2202,0.0020904,342,106.52
3.9432,0.19378,344,97.705
4.0769,-0.61917,326,111.03
3.6751,-0.064532,321,114.59
4.2914,-0.017248,303,96.026
2.2004,2.8082,243,74.027
3.2564,0.55527,273,94.265
3.8484,0.92999,280,97.366
2.2308,3.3494,247,66.691
3.8728,0.61231,294,101.96
4.4975,-0.25456,321,92.47
4.198,0.68565,289,108.56
3.8677,0.41257,282,107.22
3.4952,1.3075,263,104.21
2.6078,3.0428,243,63.061
2.4076,3.3193,254,66.129
2.042,3.3047,229,59.562
4.3473,0.26275,307,95.108
2.2934,3.5962,231,60.232
2.204,2.833,236,54.211
2.3932,3.3105,234,56.196
2.4174,3.2013,232,57.412
2.6325,3.9151,225,61.936
2.2367,3.6578,219,56.486
2.3074,3.7424,230,56.841
2.0189,3.2541,224,58.934
2.4701,3.1694,234,58.727
2.3247,2.7118,226,57.875
2.3843,3.54,231,60.241
3.208,2.8466,206,54.724
3.4154,3.1421,195,59.976
3.7592,3.0803,214,57.429
3.8205,2.5925,234,60.332
4.0809,2.9849,249,66.493
4.5473,2.8582,253,71.19
4.4369,2.1373,225,61.076
4.5917,2.2218,237,68.974
5.3221,2.061,261,82.662
5.558,2.3251,264,73.82
5.4509,3.3114,254,68.974
5.2715,1.9456,257,70.372
5.1901,2.954,265,72.522
4.1548,2.354,244,67.262
4.261,3.6716,239,60.629
3.6144,3.0104,240,63.16
3.2151,2.9322,246,68.759
2.6084,3.7051,254,64.359
3.2991,3.6316,252,61.448
3.0176,3.1507,253,63.218
2.6007,2.488,231,61.448
3.2607,2.4002,234,67.27
2.6769,2.4177,245,71.761
3.2181,2.9611,255,69.247
2.6761,2.6753,242,75.723
2.3818,2.233,246,67.361
3.1927,2.2367,216,60.968
3.708,2.7738,206,62.606
3.2694,2.4791,239,62.556
3.3755,1.7217,211,58.801
3.1726,2.4468,230,58.454
2.9347,2.5763,232,68.387
3.2056,2.161,202,60.687
3.2118,2.2147,215,61.795
3.4615,1.9412,221,64.541
3.1421,2.4815,230,63.135
3.3939,0.62464,224,67.626
3.9133,0.43649,220,79.643
3.955,0.88505,205,64.368
4.0574,1.4997,205,60.348
3.5847,1.0609,193,63.251
3.8059,0.95883,214,63.731
3.281,1.4708,245,74.755
2.8691,1.6482,231,63.135
3.575,0.63445,263,76.814
3.7906,1.1729,255,61.985
4.7448,1.2429,274,76.053
4.7144,1.727,240,67.94
4.745,1.875,235,72.357
4.6592,1.3737,237,71.695
4.2943,1.3523,253,71.596
4.3554,1.3964,255,78.22
5.1333,1.9428,266,73.357
4.9514,2.1862,239,71.761
4.2216,1.7745,242,68.784
4.4572,2.7675,263,67.262
4.5623,3.1862,239,72.431
3.6025,1.2519,215,67.452
4.0049,2.5689,250,75.036
4.3528,2.1582,232,73.266
4.7035,3.0724,241,72.059
3.7842,2.3631,246,64.624
4.5905,2.9729,257,69.71
4.2107,3.2229,284,67.609
4.6868,3.2304,264,67.568
4.3878,3.2544,238,66.278
4.5865,3.4556,261,70.611
4.0346,2.4575,260,68.759
4.1736,3.3223,269,67.452
4.6982,2.6537,235,68.122
4.2462,3.7421,260,72.911
4.3279,2.8879,259,65.856
4.432,2.3361,245,66.154
4.0809,3.6832,252,68.42
3.7237,1.8379,252,68.006
4.0069,3.2297,257,65.021
4.3161,2.8356,255,65.285
4.3156,2.8659,243,63.896
4.3991,3.2783,239,62.862
3.9347,3.0262,225,73.275
4.1439,3.5666,224,65.74
3.7997,3.0174,202,67.924
3.7947,3.0026,202,61.365
3.3433,3.2158,214,54.782
3.6714,2.9314,217,67.295
3.8056,3.0314,188,62.97
3.0871,2.5515,197,59.38
3.6314,2.4233,202,67.643
3.4968,2.0778,181,68.486
3.4501,3.3843,209,57.048
3.3533,2.4754,199,57.784
2.876,1.9684,224,62.093
3.3104,2.7217,227,63.499
3.2493,2.1927,232,57.627
3.4029,2.1887,227,56.221
3.2419,1.7229,200,54.137
3.3305,1.6571,209,61.192
3.8103,2.0306,225,65.575
3.8301,1.5084,239,59.653
4.248,1.6658,228,64.847
4.2982,1.6792,235,56.858
3.8906,2.4865,220,59.943
3.8093,1.6583,213,57.023
3.4024,1.421,212,60.803
3.4712,1.7805,208,59.099
3.2667,1.6025,216,62.689
3.0447,1.2309,217,61.01
2.86,1.158,189,57.9
3.7349,1.514,231,74.102
3.1674,1.7828,221,60.993
2.5074,0.75981,230,61.581
2.3756,0.30186,231,59.232
2.552,0.78281,221,67.759
2.3656,1.6256,239,56.659
2.7864,1.1109,210,58.917
2.2054,0.96368,218,64.103
2.0396,0.44173,241,76.657
2.4087,0.68849,211,61.473
2.4379,0.30895,241,66.799
2.4188,0.99849,234,59.703
1.4593,0.053733,272,81.296
1.1565,0.44255,264,83.017
1.7918,-0.04723,249,82.835
1.6257,0.23639,277,79.791
1.8181,1.0905,255,66.063
2.1894,0.83118,240,69.884
1.3115,-0.13464,307,95.861
1.8045,0.31137,257,72.406
2.1564,-0.089911,239,75.59
2.3967,0.54042,222,72.059
2.1617,0.90082,236,68.95
1.1392,0.38462,289,78.518
1.8933,-0.21856,256,76.178
0.96703,0.72377,273,73.175
1.7277,-0.082705,252,73.63
1.0847,0.21799,257,74.689
1.5863,0.24251,267,82.289
1.7601,0.033919,262,86.681
1.4064,-0.046306,261,72.224
1.5593,-0.25068,255,77.178
2.2613,0.051192,217,78.345
2.1521,0.82241,226,77.939
2.3191,-0.3545,223,72.034
2.123,-0.17461,217,68.668
2.115,0.15856,210,64.657
1.7519,0.55202,240,69.693
1.7686,-0.11085,227,63.226
2.3281,0.5071,219,64.103
2.904,0.58967,214,64.93
2.3913,0.22176,229,64.458
2.5061,0.47892,247,66.055
2.5951,0.62062,247,64.913
2.4402,0.48457,256,63.044
2.4795,0.85844,236,63.814
2.1107,0.39057,237,62.027
2.7482,0.13267,219,63.052
2.6126,0.91333,252,60.638
2.7749,1.2586,245,58.181
2.5748,1.4749,239,59.951
3.2539,1.4905,226,60.067
3.0568,1.7319,249,62.11
2.4725,2.0973,225,54.335
2.6587,2.8501,220,54.063
2.7899,1.7083,223,63.425
2.6559,1.793,228,58.942
2.6711,2.3118,239,70.008
1.7722,2.6824,210,52.839
2.3985,1.8774,199,58.016
2.1705,1.7118,203,56.502
2.749,2.0266,186,58.851
3.3423,2.1103,211,62.482
3.0981,2.1475,189,64.731
3.355,1.5777,205,59.703
3.2685,2.2766,214,64.475
2.9375,2.3719,208,55.361
3.4694,1.2345,214,61.299
3.4406,0.92235,198,56.031
2.9087,1.6027,208,54.989
2.9387,2.0143,217,57.991
3.0373,1.7699,202,56.031
2.6277,1.668,187,57.065
2.6456,1.9634,211,58.099
2.7734,1.3758,201,55.75
2.1779,1.5161,208,54.798
2.5793,2.8117,211,62.399
2.6196,2.6713,199,57.346
2.5214,2.5337,189,60.067
2.6735,2.291,176,62.126
2.8312,2.6243,175,60.249
2.4758,2.9439,173,64.177
1.7222,3.1847,203,78.064
0.49396,3.1388,223,66.634
1.6726,4.2133,183,55.667
0.93468,3.3953,232,83.083
1.6166,3.9358,189,62.896
1.8314,3.9416,224,62.754
1.8343,3.7897,202,78.353
1.759,3.9208,173,60.53
1.9491,3.8998,219,56.105
2.4199,3.5717,172,61.936
2.6188,3.9058,179,69.338
3.4089,3.604,244,70.769
3.5668,3.406,247,57.776
2.9212,4.3007,244,70.81
3.2463,4.2662,242,73.721
2.8503,3.9951,225,67.932
3.2641,4.4249,219,70.934
4.0186,3.3047,223,69.057
2.7806,3.2215,189,69.52
3.4619,4.4198,226,68.452
3.7361,4.224,223,67.568
4.0176,3.7186,236,76.533
3.96,3.8922,248,71.463
3.9245,3.4213,223,72.142
3.0491,2.533,216,65.765
3.0978,4.4729,240,75.904
3.3958,3.6225,254,71.008
3.4207,3.3374,192,67.651
4.3427,3.7701,222,66.972
4.2216,3.0452,235,70.653
3.9276,3.5294,221,70.298
3.446,3.2604,233,82.935
4.0853,2.9938,239,71.207
4.0769,3.457,252,72.903
4.5276,2.269,233,70.281
4.7678,3.5001,220,72.869
4.786,2.5729,220,69.437
4.9008,3.1905,193,79.841
4.9792,3.6194,215,65.591
5.2595,3.4689,252,73.638
4.4993,3.6797,232,71.207
5.0106,3.029,196,65.856
5.6769,3.0269,185,55.733
5.3904,2.481,185,64.674
5.2816,2.0008,215,61.291
4.7497,2.489,217,57.437
5.0186,0.96868,240,71.985
4.8882,0.58731,249,69.148
4.6778,1.6338,233,71.852
4.128,1.9856,235,66.137
3.9499,2.1355,252,65.79
4.6633,3.5913,249,64.847
4.1564,3.2741,239,65.467
4.2001,2.8781,211,63.507
4.3139,3.3141,211,64.211
2.878,1.8845,181,73.465
3.5113,2.0789,198,67.932
3.9873,2.4257,212,62.3
4.4072,1.7206,218,58.951
4.4635,1.4729,194,61.68
3.8741,1.6332,212,63.061
3.8282,1.3231,197,57.114
3.5635,2.0354,224,61.737
3.6837,2.3029,206,58.082
3.7563,1.0685,209,56.676
4.285,1.3023,173,62.027
4.438,1.2173,180,57.9
4.4172,1.2032,191,55.369
3.8978,0.8833,201,57.619
4.2706,1.8001,191,57.429
4.7785,2.0095,191,60.811
4.871,1.5121,204,63.524
4.8382,1.7882,222,63.433
4.5103,2.0871,210,53.864
4.284,1.1267,169,63.433
5.5993,1.5251,201,63.317
5.2426,-0.038578,175,68.412
5.3672,1.5642,186,58.272
4.1843,0.79206,177,54.046
5.5096,1.7421,208,62.217
4.2335,0.96683,166,60.712
5.0354,0.31386,217,72.15
4.7651,1.575,186,72.514
5.0063,1.3261,184,67.279
4.8441,2.2215,189,59.471
3.9615,2.2998,156,70.744
4.3633,2.9588,213,64.748
4.0475,3.0317,204,55.551
3.9962,1.8735,161,65.972
4.811,2.3611,188,63.342
4.3077,2.6267,208,59.331
3.8158,2.3506,180,54.071
4.1603,3.551,192,63.367
4.4085,2.1044,190,61.63
3.5422,1.8445,187,63.913
3.5715,2.5815,184,68.569
3.3676,2.3973,172,58.661
3.5878,2.837,184,63.16
3.6936,1.734,180,71.869
3.0959,2.5741,158,60.373
4.289,1.9779,198,64.251
3.8921,2.1142,184,74.135
3.5081,1.8172,167,56.775
3.533,2.6432,182,58.272
3.4781,2.4961,172,58.636
3.8759,2.3347,199,72.332
3.2637,2.0498,182,67.486
3.1735,2.1092,176,62.879
3.3047,2.0117,180,72.638
3.7579,2.1324,163,58.198
3.4825,0.80618,180,57.536
3.2508,0.75546,184,64.566
3.1364,0.44309,168,70.091
3.5849,0.63952,189,55.568
2.6904,0.45751,163,64.938
2.7019,0.6541,160,66.319
3.497,-0.13366,169,62.325
3.0357,-0.13891,170,62.135
3.4103,-1.4928,189,58.934
3.7365,-0.62821,188,58.636
4.8269,-0.098578,196,56.883
4.1459,0.099287,174,60.348
4.7669,0.56285,200,53.508
4.5256,0.57285,185,55.915
4.6643,0.78838,206,53.302
4.4562,0.33246,203,58.454
4.0869,0.33603,201,59.687
3.9256,0.97285,185,58.289
3.2619,0.84568,173,54.088
2.887,0.67676,179,60.067
3.8151,0.64301,191,64.45
3.9058,0.50761,187,59.19
4.7006,0.92646,194,65.848
4.1208,-0.1368,228,59.678
3.8223,0.38952,216,56.577
3.6554,-0.0047278,223,61.431
3.7071,0.10527,219,54.071
4.4864,0.64428,210,59.488
3.5186,-0.95632,240,60.894
3.682,-0.70782,238,62.3
3.641,-0.15963,234,62.391
4.0565,-0.55776,245,67.262
3.4503,-1.2374,233,54.509
4.081,-0.5715,248,63.689
3.2339,-1.7462,242,64.607
2.7271,-1.4935,223,63.342
2.0333,-1.2979,229,56.494
2.4133,-1.1408,220,67.833
2.1842,-1.3877,233,63.334
1.8769,-1.7605,240,60.116
1.0728,-1.5986,245,65.385
1.8119,-0.49703,249,68.378
1.5388,-0.98135,262,65.831
1.5749,-0.50936,253,64.549
1.4368,1.4274,264,66.013
2.2146,1.2603,247,63.457
2.9249,1.1449,250,60.687
2.8523,1.8881,236,60.662
2.8465,1.2076,230,60.224
2.9372,2.0908,229,61.638
3.2304,1.9283,202,57.445
2.8173,2.2325,208,56.213
2.6434,2.5246,203,51.813
3.4505,2.3694,174,58.38
3.2656,3.4131,159,59.107
3.2436,3.9729,138,51.532
3.2526,2.4661,148,49.2
4.3636,2.9529,150,49.266
4.7991,3.3229,180,65.955
3.4037,2.4369,153,63.706
4.1026,2.5985,195,75.996
4.2567,2.0908,178,63.797
3.4519,1.8854,160,61.109
4.3998,1.7229,192,64.26
4.3626,1.4509,182,57.131
4.1263,1.263,162,53.583
3.4447,0.61653,174,54.617
3.7959,0.95978,153,60.34
4.3707,1.2979,160,53.781
4.2887,-0.38009,170,56.048
4.2198,-0.65352,182,63.797
4.0522,-0.0023968,202,67.634
3.1717,-0.44294,190,65.046
3.5091,0.13365,199,57.693
2.9967,-0.78116,187,75.516
2.5472,-0.17596,168,82.182
3.3551,1.2886,133,57.156
4.1648,1.9999,148,56.031
3.4735,-0.38922,174,75.962
3.9323,1.564,159,53.591
4.0606,0.1522,184,69.9
3.5395,0.70754,147,61.746
2.9797,0.42424,144,57.048
3.7687,-0.25271,133,52.458
3.0222,0.80879,128,49.861
3.2019,0.090498,136,53.137
2.9265,-0.12489,133,52.012
2.084,0.67498,141,58.09
1.6904,-0.051689,163,55.386
2.0769,-0.072311,155,64.45
1.0638,0.18996,152,71.579
1.0908,0.7298,144,61.101
0.74934,-0.45818,174,68.023
1.0252,0.0073334,174,86.854
1.7793,1.0026,168,55.179
1.481,0.62354,146,52.665
2.2471,0.68916,141,55.485
2.6515,0.83852,134,56.676
2.2952,0.6982,142,64.458
0.44605,0.24802,149,75.905
2.179,0.92523,147,48.811
2.9836,1.4795,150,53.509
1.0823,0.1921,187,87.541
3.3317,1.7372,157,55.915
2.541,1.8029,153,61.754
3.3725,1.5389,159,57.693
2.3427,2.1437,158,63.896
2.6394,2.2285,176,58.09
2.7162,2.7007,158,61.564
2.1518,2.2041,147,61.754
1.9893,3.4108,137,55.94
2.9648,2.4869,107,59.769
2.7729,2.9329,125,49.448
2.8769,2.2929,100,53.418
2.7769,1.9562,120,57.71
2.8313,2.3413,114,52.401
2.5729,2.6849,125,51.044
2.79,2.3909,122,61.937
3.0396,2.5326,134,50.887
-0.22804,3.2904,1269,201.21
0.18683,1.8134,1292,200.12
0.56005,2.7014,1304,193.76
0.51595,1.7983,1312,187.62
0.56143,2.765,1323,176.77
0.4843,1.9826,1328,191.95
0.78715,2.1573,1339,203.56
0.9472,2.3539,1349,201.79
1.1978,2.382,1349,205.75
1.4288,2.5563,1330,175.87
1.4083,2.3967,1352,204.04
1.7607,2.5197,1344,181.57
1.7605,2.4688,1343,193.85
1.9122,1.7727,1354,183.06
1.9126,2.1643,1327,189.53
2.0844,2.4961,1336,170.77
2.3135,3.327,1327,181.01
2.4357,3.1583,1321,175.69
2.3719,2.2968,1312,184.19
2.3378,2.7052,1330,170.72
2.5034,3.0519,1353,196.09
2.6877,4.2804,1359,189.38
3.3673,4.2712,1374,196.49
3.5758,5.5678,1395,191.15
4.1306,5.2071,1379,205.02
4.607,4.5806,1313,204.22
4.5582,3.7103,1257,174.06
4.3259,2.9005,1189,198.4
3.8911,4.0658,1173,193.1
2.4573,5.0903,1149,163.25
1.251,5.0432,1109,156.65
0.6583,4.6953,1106,159.93
0.23816,4.4486,1135,173.28
-0.069505,4.0229,1120,144.85
-0.43092,2.8666,1148,201.8
-1.1005,2.1267,1105,170.68
-1.6459,1.931,1122,194.66
-1.9177,2.1064,1116,179.7
-1.9366,2.7939,1112,178.53
-1.8215,2.26,1083,168.2
-1.576,2.3584,1092,187.75
-1.5478,1.8325,1090,183.82
0.075986,0.094688,1067,169.67
2.1948,1.0771,1094,164.34
3.9714,-0.81339,1090,173.47
4.8305,-1.5388,1120,175.03
4.7675,-1.9847,1060,146.6
4.6286,-4.0339,1044,159.11
4.6431,-4.4362,1012,153.1
4.6781,-4.1429,1028,159.98
5.0922,-4.1685,1047,148.77
5.45,-4.5535,1064,157.55
5.6832,-3.6279,1077,143.98
5.743,-2.9893,1084,158.72
6.4078,-3.3139,1088,163.4
7.0088,-1.6527,1087,161.39
6.9306,-1.8081,1073,147.14
6.2262,-2.4244,1105,166.84
5.3987,-1.364,1122,161.53
5.2562,-0.096775,1149,155.58
5.4372,0.74968,1174,175.14
5.7334,-0.37763,1147,161.39
5.4945,0.76021,1171,181.85
4.9406,1.7662,1181,199.59
3.5403,1.3449,1161,161.73
2.2542,1.6911,1196,195.89
1.4641,3.3023,1214,180.12
1.9289,3.9851,1223,185.89
2.7471,3.0164,1240,196.04
2.5174,2.7091,1217,200.36
2.5034,2.7567,1217,165.29
2.0209,2.017,1178,164.13
1.4346,1.5303,1166,164.98
0.78632,1.2064,1139,184.44
1.0083,0.9834,1137,173.68
1.4379,0.088952,1180,180.69
1.2982,-0.45407,1211,176.1
1.635,-0.081977,1222,179.54
0.99859,-0.61548,1200,167.15
0.2231,-0.32947,1204,164.01
0.1813,-0.2923,1188,167.99
0.76422,-1.975,1228,180.09
0.67232,-2.2311,1216,166.4
0.32324,-2.8324,1222,154.07
-0.18114,-1.5594,1240,160.49
-0.10388,-1.6271,1250,157.13
-0.15131,-1.4177,1275,168.74
-0.083996,-1.5942,1305,161.82
-0.29874,-1.8895,1315,168.55
-0.19308,-1.1887,1337,164.99
-0.02993,-1.5614,1357,166.28
0.089901,-0.86925,1387,192.29
0.13883,-0.78753,1373,188.59
0.27056,-1.3537,1384,193.2
0.33613,-0.91812,1385,178.97
0.63098,-1.3899,1406,200.69
0.52828,-1.9027,1398,190.47
0.68803,-0.74797,1422,175.49
0.95045,-1.2169,1439,182.68
1.0954,-1.7867,1460,208.54
1.3587,-1.6341,1473,204.24
1.6226,-0.78805,1468,196.65
1.6759,-0.97187,1429,176.23
2.1729,-1.4746,1428,206.89
2.2688,-1.8764,1459,201.55
2.9634,-2.3366,1409,204.42
2.6968,-1.3088,1381,187.16
3.1173,-1.4009,1386,171.19
3.0834,-0.5613,1391,190.79
3.2343,-0.70172,1392,191
3.2986,-0.23303,1394,185.61
4.0279,0.33568,1345,206.84
4.345,0.012478,1287,169.75
4.8949,-0.52553,1236,167.67
5.4346,-0.4263,1180,160.55
5.5866,-1.7978,1138,157.79
5.108,-2.5317,1094,159.79
3.8842,-4.5122,1105,168.99
2.1901,-5.6102,1096,184.74
0.94329,-5.5753,1100,189.11
-0.12431,-5.4753,1138,172.82
-1.0446,-4.4746,1160,163.02
-1.8687,-4.1207,1176,171.85
-2.0627,-3.2475,1189,199.41
-1.3999,-2.7791,1145,157.87
-0.47444,-3.1334,1139,187.2
0.56442,-2.6191,1120,178.56
0.48216,-2.5605,1108,172.43
0.38647,-3.1328,1079,166.84
0.60512,-2.4388,1064,162.61
1.2192,-2.1293,1047,168.32
1.6303,-0.88173,1059,193.15
0.84969,-0.60581,1087,171.42
0.63887,-0.12184,1130,170.95
0.81238,-0.083513,1100,157.3
0.67837,1.0919,1109,148.62
1.1457,1.8756,1090,155.5
1.4144,3.7289,1123,146.38
1.8907,4.1141,1133,151.57
2.2488,4.7276,1117,142.59
3.1394,6.0604,1120,162.05
3.7934,4.3014,1178,192.64
4.666,5.5141,1151,179.53
5.5079,4.0849,1151,178.28
4.8179,4.8091,1197,183.18
4.2911,5.2646,1186,183.34
4.6443,5.3974,1232,206.28
6.4574,3.5119,1293,216.42
7.9883,0.7577,1320,194.12
9.1888,-0.43333,1359,186.93
10.851,-2.609,1418,200.45
11.689,-1.9812,1435,186.26
12.291,-2.5626,1483,214.3
11.819,-2.3945,1429,217.05
12.539,-2.2612,1423,224.67
13.383,-2.6854,1390,204.99
14.379,-1.7819,1374,206.8
15.557,-0.39692,1409,224.36
16.894,-0.91723,1401,218.65
17.461,-2.8999,1454,230.32
18.179,-3.0907,1463,203.27
20.606,-3.0953,1453,231.43
23.866,-1.825,1469,255.43
27.062,-2.0023,1406,206.15
30.106,-2.4906,1424,229.15
32.736,-0.88968,1433,247.42
35.171,-1.0981,1438,257.51
35.344,0.16838,1432,240.38
35.228,0.13327,1415,241.7
35.896,0.59871,1454,238.19
35.567,0.82042,1522,255.11
34.473,1.1781,1481,259.81
33.854,0.19218,1500,252.61
31.507,-1.4773,1504,258.91
29.541,-1.0636,1482,257.98
27.702,-2.9122,1470,254.86
26.027,-5.3241,1475,260.8
24.712,-7.1532,1484,243.86
22.627,-8.7997,1499,230.59
20.539,-9.3771,1446,237.07
18.519,-8.6032,1401,221.43
16.749,-7.3869,1365,197.32
17.342,-6.3508,1307,217.28
19.116,-6.8811,1267,200.06
18.634,-5.6639,1261,197.65
15.702,-6.5957,1196,179.28
11.43,-8.3956,1159,185.51
7.9016,-10.884,1135,166.27
4.9038,-14.194,1196,190.24
3.2919,-18.21,1200,193.41
0.039917,-18.63,1189,202.27
-2.3747,-19.021,1220,216.14
-3.7902,-17.946,1249,222.01
-3.8091,-19.831,1316,225.62
-2.6862,-19.965,1334,233.85
-0.36953,-21.56,1326,197.77
1.0695,-23.093,1345,208.34
2.1251,-23.165,1309,221.21
2.737,-21.522,1312,211.16
1.941,-20.695,1265,201.71
0.53357,-18.834,1257,188.93
-1.9603,-17.996,1261,188.74
-3.7538,-18.09,1294,200.77
-4.0728,-17.125,1282,198.43
-1.746,-13.988,1248,190.69
1.6042,-11.785,1227,180.75
4.5727,-9.3357,1186,170.2
6.8178,-7.9853,1146,175.26
8.9474,-5.5521,1143,169.33
10.655,-3.3303,1125,154.78
12.279,-1.113,1118,182.94
12.204,1.9263,1074,165.07
11.779,4.5656,1078,168.08
10.748,7.2868,1051,149.81
10.068,9.5166,1028,159.6
8.7648,10.521,1006,151.6
7.8128,11.046,1030,187.97
7.1874,13.145,1014,187.85
5.9871,12.337,980,185.96
5.5393,11.353,958,180.95
5.5902,10.419,945,175.08
4.7359,8.7417,956,173.22
4.7054,6.7223,942,158.5
4.8529,2.6952,951,166.06
4.3973,0.35041,927,167.24
4.6922,-1.6173,954,164.04
5.7522,-4.141,1001,173.43
6.7071,-5.6896,1022,171.25
8.1825,-7.1309,1051,181.82
10.318,-6.5217,1098,169.62
11.618,-5.968,1166,200.79
11.865,-3.8643,1216,206.87
11.764,-3.4797,1222,196.77
12.074,-2.1957,1258,201.97
12.097,-0.72779,1256,219.14
12.515,0.71511,1195,190.2
12.863,0.81486,1133,192.75
11.561,-0.97179,1138,196.19
10.032,-2.7573,1123,181.42
8.701,-3.5379,1112,174.79
6.7415,-3.3206,1094,191.48
5.6283,-2.5137,1081,178.25
4.2535,-1.7808,1031,177.5
4.0451,0.70247,1006,153.16
2.8375,1.5945,1036,159.91
1.6666,2.1167,1126,175.84
0.13862,3.5033,1167,164.68
-0.6703,5.0403,1171,160.37
-0.92825,7.6398,1159,147.16
-1.184,8.9256,1165,153.09
-0.43226,10.423,1198,151.56
-0.25911,10.079,1235,167.59
-0.7706,9.1497,1233,179.85
-0.67813,8.6018,1237,171.38
-0.73722,5.9212,1259,184.91
-0.42427,4.1992,1259,180.05
0.28447,4.1537,1272,178.26
0.45873,1.4578,1231,191.29
0.99004,0.96199,1197,184.27
2.3857,-0.17248,1156,173.23
4.0609,0.44088,1126,177.55
5.196,-1.2566,1142,195.98
5.273,-1.4505,1122,164.78
5.5103,-0.43026,1156,159.35
5.0328,0.577,1157,189.09
4.3089,3.0573,1125,168.02
4.1955,5.7837,1147,194.39
4.5986,7.5893,1129,202.1
4.9974,8.3839,1107,193.81
4.8558,8.8768,1072,155.13
4.8272,10.255,1089,153.72
3.1919,9.805,1096,153.51
2.2626,9.5092,1072,140.57
1.0557,9.1738,1085,161.48
-1.1836,7.6305,1113,154.55
-2.225,7.1357,1136,174.55
-2.9902,4.7,1162,174.36
-3.4723,3.8957,1167,183.93
-3.7648,3.8327,1213,179.5
-3.7588,5.1507,1175,188.07
-3.64,4.9319,1173,186.6
-2.328,3.697,1131,169.44
-0.46311,2.4868,1074,186.64
1.6729,0.62901,1047,173.33
2.702,-0.23768,1083,177.25
3.2711,-1.1617,1107,178.13
3.8977,-2.3759,1127,179.73
4.6668,-2.8429,1129,161.11
4.4787,-3.8994,1135,189.73
3.8997,-3.7917,1100,182.22
3.3005,-4.2087,1096,178.64
3.1496,-4.0411,1073,158.94
4.5376,-1.8951,1068,161.41
4.9276,-0.35656,1105,164.24
5.2913,1.6658,1166,210.89
6.253,3.8416,1227,200.94
6.7,6.1383,1239,195.61
6.6735,8.0595,1212,186.63
6.1947,8.1959,1206,196.15
6.1877,9.3663,1164,173.29
6.4466,10.289,1155,164.49
6.5012,10.575,1122,170.09
7.063,10.395,1148,164.21
6.5698,9.6198,1116,146.33
7.5515,6.3938,1062,143.33
8.3452,5.2201,1096,155.86
10.403,5.0753,1113,168.44
11.166,3.673,1124,184.56
12.525,2.7985,1107,163.55
12.501,2.5892,1126,186.83
11.627,0.52505,1159,176.64
10.395,-0.38919,1138,174.1
10.011,-1.1097,1114,152.6
9.2856,-2.6559,1126,179.22
8.1471,-3.5271,1098,154.47
7.1987,-5.1151,1125,156.15
5.8306,-5.9269,1157,176.43
4.3121,-6.786,1182,181.19
3.2241,-5.7778,1203,206.56
1.655,-5.1134,1159,183.87
1.089,-5.2746,1164,188.02
0.99048,-4.9865,1180,208.3
1.511,-4.0435,1161,177.07
0.12404,-3.5568,1146,180.83
-0.80585,-3.3238,1126,176.96
-0.33767,-1.6048,1165,201.16
-0.24369,0.016682,1232,207.5
-0.70799,4.0595,1246,206.95
-1.4239,5.4584,1246,203.33
-1.3725,6.7123,1186,173.7
-1.7173,5.6445,1142,167.42
-1.5475,4.2926,1129,160.15
-2.347,4.2255,1144,160.83
-3.4081,4.5537,1200,188.02
-4.7078,5.743,1231,197.11
-4.9781,5.1633,1255,200.34
-3.9633,5.4379,1217,167.86
-1.8291,4.7849,1192,186.79
0.64598,2.8321,1144,188.93
3.1256,2.2799,1130,197.29
4.3513,3.9085,1119,183.04
5.2635,6.1221,1072,152.76
6.8882,8.1577,1044,143.1
9.0351,7.2963,1076,148.95
9.878,7.4569,1126,160.08
9.8043,6.5269,1148,150.81
10.541,5.2406,1225,188.49
10.403,6.0942,1211,161.11
10.308,5.8792,1207,187.84
10.719,5.9024,1193,179.94
11.169,4.0352,1203,205.92
11.884,3.1129,1221,193.43
11.726,1.579,1234,200.31
12.878,-0.4208,1260,217.06
13.407,-1.0232,1255,200.26
13.774,0.21918,1226,192.1
13.821,1.6115,1165,205.26
13.306,2.4156,1100,180.29
13.46,2.5594,1069,169.85
13.025,2.6724,1025,163.68
11.655,2.8911,1028,170.12
10.882,1.0257,1060,156.35
10.429,2.3542,1096,143.57
9.1666,3.3677,1137,158.3
7.3996,5.6553,1162,156.42
5.2462,7.491,1158,154.39
3.424,8.9661,1187,158.61
2.0802,9.762,1214,160.68
0.62658,10.156,1168,159.58
-1.1879,9.7436,1178,164.04
-2.3119,9.5729,1160,161.28
-3.0278,10.016,1127,161.63
-2.9105,10.183,1109,155.84
-2.2754,8.5829,1090,168.83
-1.7235,6.8357,1057,159.86
-0.25641,3.5736,1107,205.36
0.6895,0.88109,1177,210.39
0.60986,-0.76624,1169,210.59
1.1024,-2.1916,1137,182.6
2.0466,-2.7758,1154,187.66
3.2657,-3.8973,1155,178.36
3.6797,-4.0604,1143,188.23
3.1729,-4.624,1136,175.97
2.7824,-4.3771,1083,166.52
3.6415,-3.3683,1061,167.43
5.5097,-1.6201,1049,172.63
7.5289,-0.60171,1093,202.93
8.3953,0.37823,1115,198.68
8.9815,2.1958,1090,171.73
9.8906,3.6744,1079,151.52
10.044,5.0877,1097,164.69
9.1112,4.3943,1108,157.19
7.347,5.336,1118,158.66
5.3756,4.845,1095,149.18
3.5142,5.8079,1061,169.54
2.4538,6.523,1056,145.79
1.5845,7.1253,1115,179.2
1.3398,5.8864,1122,171.38
0.79794,4.3071,1104,164.42
-0.11765,5.0833,1105,180.08
-1.4217,4.0993,1091,171.9
-1.3682,3.3613,1076,156.19
-1.0589,2.9674,1104,151.63
-0.53846,1.8101,1118,175.59
-0.1568,2.0861,1121,159.05
0.44868,0.417,1119,164.41
1.4175,0.83389,1101,201.14
2.5154,0.82826,1072,155.95
4.318,1.2114,1153,175.95
5.6567,2.7903,1216,206.8
5.9489,2.656,1234,208.07
6.753,2.0142,1210,186.16
7.0967,1.3526,1214,171.4
6.743,1.5012,1183,177.75
5.3444,1.2353,1185,191.01
2.9592,1.0651,1181,177.17
1.4993,3.542,1172,166.12
0.22552,4.5725,1144,193.78
-0.59788,7.5474,1147,163.6
-0.73351,7.7866,1208,158.13
-0.13713,9.2555,1210,155.8
0.89457,9.9432,1179,150.18
0.48408,9.1677,1201,151.88
-0.61916,9.0733,1224,188.91
-0.6517,9.111,1216,200.26
-1.5015,10.092,1212,208.81
-1.7094,10.434,1203,174.56
-1.5296,12.202,1187,180.13
-1.7039,13.957,1168,187.91
-1.1583,12.935,1165,170.85
0.22819,13.08,1104,152.75
1.2381,12.978,1092,163.46
1.9918,12.241,1128,168.45
3.5699,12.06,1140,165.74
4.2099,13.032,1203,184.13
5.6113,15.222,1267,196.15
6.721,15.263,1284,180.14
7.4429,16.674,1276,173.95
8.0377,18.2,1300,176.93
8.7896,17.444,1298,188.64
8.5582,17.962,1255,186.36
8.3342,18.417,1236,167.03
8.4789,18.826,1229,192.9
9.5314,19.447,1241,175.63
10.811,19.575,1226,196.07
12.869,19.441,1268,202.33
13.655,18.576,1244,181.9
13.541,20.069,1195,177.11
13.543,19.657,1159,188.13
13.75,17.737,1123,192.97
14.706,17.478,1093,202.05
15.718,15.584,1081,186.05
16.374,12.808,1005,149.08
16.201,10.33,975,142.68
15.208,9.0493,955,145.36
12.196,8.1046,941,155.22
10.111,7.9894,908,136.05
8.9007,3.5664,999,165.31
8.6597,2.1135,1045,173.24
8.8034,1.0128,1126,195.78
9.2455,1.5049,1216,189.41
9.0018,2.6211,1211,202.84
8.5183,5.6445,1203,166.51
9.2879,7.7327,1199,188.03
11.466,9.8831,1170,179.57
14.313,14.788,1165,178.94
15.611,16.294,1213,191.5
16.974,17.227,1277,197.39
17.413,17.266,1290,222.25
16.86,17.23,1301,221.22
15.957,17.715,1281,208.03
16.978,17.995,1253,209.92
17.757,18.696,1265,211.05
18.592,16.378,1274,202.24
18.661,13.907,1259,202.86
17.803,12.363,1268,227.55
15.98,10.233,1218,209.17
13.511,9.5392,1190,196.48
9.9421,8.7007,1194,176.87
6.332,8.2666,1188,166.3
3.7939,7.1316,1159,154.11
1.898,7.1177,1174,165.13
0.45372,6.5133,1112,156.74
0.1862,6.7561,1089,148.86
-0.24761,5.6851,1060,149.21
-0.28338,4.7283,1063,159.8
0.7328,2.6519,1081,185.12
1.4269,2.4844,1083,189.5
2.4149,2.147,1074,168.7
3.0519,1.4339,1117,157.9
4.9767,1.1839,1137,169.61
5.0546,0.88859,1163,183.81
6.4808,1.3346,1233,205.62
7.5049,2.6856,1236,194.72
8.5444,4.3761,1292,184.05
9.1332,5.6464,1314,194.59
9.5861,6.5134,1308,227.84
10.479,7.108,1324,213.78
11.289,6.2807,1306,222.62
11.077,4.9382,1271,214.61
11.038,6.0797,1273,213.33
11.182,7.3828,1244,195.81
10.626,8.2448,1228,178.8
10.736,12.079,1257,175.1
10.221,14.859,1291,204.45
9.8667,16.292,1365,207.94
8.7239,19.77,1388,227.58
8.644,21.842,1365,206.73
8.4589,22.109,1356,199.75
8.8756,25.001,1326,211.95
9.3248,25.167,1279,191.69
10.348,25.155,1277,186.79
11.327,24.352,1270,211.25
10.525,21.769,1219,185.53
8.5611,19.747,1171,166.02
7.1998,16.513,1164,146.9
6.3241,15.483,1149,144.6
6.7795,14.053,1187,153.32
7.3736,12.979,1227,168.84
7.8222,13.087,1205,162.29
7.3203,11.271,1241,183.71
6.4058,10.075,1210,166.83
6.1495,7.187,1158,155.98
6.4525,7.1746,1145,174.16
5.525,5.6729,1147,190.22
4.0166,7.5738,1110,183.15
3.8872,8.5269,1054,154.21
4.1894,7.9882,1040,157.2
4.7212,6.5893,1043,163.12
5.0798,5.6124,1046,172.38
4.524,4.4311,1067,164.81
6.217,2.8872,1121,201.78
7.2543,1.7045,1133,179.17
7.9364,1.8599,1124,164.23
8.4729,2.4564,1154,191.83
8.806,3.2736,1137,192.01
8.6237,4.635,1187,188.62
7.9694,6.1145,1200,186.82
7.5352,8.574,1246,211.17
6.8529,11.087,1250,158.42
5.5065,13.202,1320,176.34
4.3395,13.963,1314,202.8
3.2353,14.723,1282,200.93
3.4863,14.62,1280,195.02
4.5307,15.632,1265,194.21
6.3654,15.611,1227,204.48
8.0249,17.234,1288,192.76
9.4588,18.522,1333,199.35
10.558,20.994,1328,200.11
10.562,24.222,1322,183.12
10.8,24.306,1341,208
11.087,27.115,1334,197.07
11.92,27.959,1315,193.13
13.594,28.941,1365,238.53
13.99,27.863,1318,232.21
13.544,28.032,1296,202.6
13.028,25.873,1241,193.83
13.376,24.2,1275,186.17
13.875,20.722,1267,205.11
13.061,19.274,1332,217.41
11.772,16.612,1271,183.9
9.9642,16.415,1269,193.68
8.2836,14.974,1219,177.9
6.9453,14.057,1170,154.94
6.9984,13.764,1223,167.39
6.1152,11.901,1177,164.88
5.8197,11.308,1174,150.52
5.9714,10.499,1223,177.72
6.4428,11.151,1249,182.9
6.7822,11.089,1242,182.56
7.6438,12.182,1212,174.58
7.5994,11.361,1158,158.2
8.2915,12.372,1142,164.66
10.352,11.971,1154,177.28
12.149,11.959,1121,178.1
12.538,11.635,1096,167.45
13.438,10.112,1032,134.88
11.964,7.5013,1020,134.48
10.165,7.8589,1018,197.73
8.2528,9.1604,1029,200.29
7.8775,9.9416,993,166.25
7.9966,10.923,983,154.6
7.6928,12.449,958,143.96
7.7513,13.121,909,135.98
7.5344,13.036,870,127.1
6.5408,15.375,871,144.81
5.4871,14.502,868,139.86
4.0395,14.403,855,128.79
2.6511,14.938,897,153.12
0.066273,13.471,939,151.51
-0.31876,13.097,973,158.25
-0.44357,12.864,976,168.82
0.55541,10.856,953,160.85
1.7182,7.6458,1009,162.89
3.6823,5.4958,1044,186.9
6.3126,3.4594,1188,256.2
7.536,4.0013,1196,193.56
9.2935,4.8408,1242,233.77
9.7385,4.5422,1247,231.25
10.776,6.1218,1276,252.39
10.707,5.4171,1256,219.49
9.8566,4.8402,1221,199.04
8.4369,4.5176,1239,211.73
6.1783,5.5379,1223,180.86
4.0093,5.3059,1243,189.89
3.6132,4.0001,1283,180.87
3.5397,4.1373,1277,180.6
2.7168,2.6844,1269,172.87
2.8919,2.1165,1281,192.91
2.7825,0.14591,1277,192.53
2.6153,-0.73497,1304,200.02
2.1008,-2.2529,1258,178.82
1.84,-1.8247,1220,188.41
0.41545,-1.4132,1220,171.6
0.015163,-1.6667,1182,193.93
-1.175,-2.1026,1179,180.94
-1.3643,-2.3533,1156,195.01
-1.8759,-1.0172,1103,181.23
-2.4464,0.17083,1091,179.19
-3.4914,2.2651,1119,188.06
-5.0353,2.4626,1078,162.07
-6.0047,4.1548,1066,170.69
-6.5609,4.8479,1088,168.56
-6.9022,6.5379,1053,187.54
-6.3515,7.3195,1027,180.36
-5.6403,8.0802,1015,180.27
-4.3343,10.829,980,159.46
-3.284,11.665,931,145.79
-1.998,13.42,894,131.1
-1.4449,13.565,893,129.39
-0.91499,14.016,866,137.16
-0.1321,14.09,842,132.52
1.713,14.646,816,125.62
3.8569,13.104,800,117.2
5.873,13.445,819,123.04
7.2611,13.406,782,143.51
7.5186,12.396,763,130.13
7.298,9.6563,796,136.43
7.9225,7.7603,861,145.67
6.3359,5.3445,923,195.52
5.3374,2.5906,1002,165.81
4.2954,0.49878,1080,169.03
2.0056,1.512,1150,201.36
-1.215,4.9655,1223,206.82
-2.6238,6.7783,1203,203.53
-2.42,9.1367,1135,152.16
-2.2678,11.449,1108,148.74
-0.47832,14.714,1050,138.8
2.3345,15.276,1083,145.38
2.981,15.368,1042,137.05
1.1898,12.617,1107,149.9
-0.56799,9.6761,1149,179.05
-1.9452,7.5528,1176,167.7
-2.3195,5.7286,1216,178.64
-3.5419,4.3259,1283,213.35
-3.262,4.0599,1263,209.05
-1.9498,5.7212,1196,177.89
-0.94474,6.7545,1154,195.4
-2.8586,5.2865,1132,160.87
-4.84,7.3776,1144,160.49
-5.7546,5.6114,1104,158.47
-4.9112,6.5857,1090,179.03
-2.567,5.8317,1098,192.85
-0.44715,6.6377,1080,183.68
2.5063,3.7633,1069,159.48
5.0254,5.2182,1068,167.42
6.6581,4.7984,1072,201.59
8.6176,6.6819,1045,149.96
10.019,8.452,1102,177.57
11.629,7.9587,1130,197.04
13.84,9.0261,1127,196.34
16.108,8.9851,1143,219.81
18.917,9.4375,1173,204.01
21.192,8.7098,1171,208.67
23.263,6.8984,1223,234.68
23.586,4.4065,1213,217.94
23.091,3.7242,1251,217.56
21.272,2.5941,1299,223.21
19.81,3.1547,1353,242.83
18.512,2.5179,1376,243
17.693,0.41832,1412,277.56
16.6,-2.7773,1381,248.5
14.825,-4.2134,1380,253.58
13.744,-5.1456,1385,262.06
12.187,-5.3278,1397,242.71
10.384,-7.9504,1395,246.1
9.8344,-10.884,1468,269.22
9.5251,-14.396,1428,254.14
9.3603,-16.122,1380,230.44
9.7306,-18.738,1357,215.75
9.7411,-21.647,1340,232.95
10.599,-23.271,1346,244.19
12.179,-23.295,1368,270.65
13.654,-22.729,1384,266.42
16.661,-23.347,1401,265.44
18.944,-25.29,1400,282.96
21.15,-24.545,1425,289.28
21.649,-25.653,1396,266.04
22.707,-24.851,1350,271.93
22.571,-22.665,1321,247.38
20.857,-20.298,1262,245.9
18.989,-18.248,1224,234.59
16.982,-14.794,1225,212.28
15.693,-11.334,1228,205.09
13.216,-8.0144,1254,194.23
10.585,-5.66,1261,204.33
8.9542,-2.1474,1239,191
7.5626,-0.4948,1221,200.47
6.26,2.7491,1180,161.48
4.3432,3.7752,1123,156.27
2.962,5.6395,1053,144.23
1.8695,6.4739,998,161.15
2.1607,7.5153,955,150.39
5.1323,9.7513,975,182.99
7.5925,12.612,1024,168.86
9.3267,13.883,1085,177.41
10.287,13.858,1115,181.94
11.477,14.906,1121,180.18
12.509,15.485,1196,174.43
13.537,15.985,1225,171.47
14.846,17.866,1231,205.7
17.194,18.745,1197,209.37
17.942,17.958,1184,188
17.245,17.232,1183,184.38
15.965,15.459,1155,178.64
15.535,14.048,1186,205.95
15.053,14.161,1220,218.71
12.663,12.35,1220,216.45
8.5162,11.018,1236,188.25
6.2284,10.893,1175,168.48
4.0814,11.129,1117,152.94
2.5016,12.277,1142,167.12
2.0623,13.432,1166,151.47
1.5148,15.074,1192,171.66
1.0035,14.934,1185,172.59
1.0966,14.721,1217,156.84
1.5365,13.482,1262,172.39
2.0904,13.762,1263,167.25
2.0924,14.395,1294,159.59
2.1657,13.912,1306,163.33
2.1681,12.758,1338,172.18
2.0571,13.329,1365,166.83
2.2962,13.248,1391,191.64
2.6325,13.248,1422,185.41
2.5512,12.905,1436,187.67
2.835,13.981,1459,202.89
2.884,13.447,1462,200.04
3.1262,14.772,1482,203.6
3.1289,14.168,1519,208.59
3.4118,14.977,1562,212.21
3.5362,14.331,1596,215.78
3.7384,15.123,1616,204.5
3.6636,14.852,1633,202.67
4.2944,15.053,1614,210.4
5.1321,15.597,1614,212.17
5.4922,14.236,1611,204.95
5.6413,15.772,1616,225.35
6.4624,14.899,1598,239.79
6.6077,15.135,1592,222.57
6.6411,14.967,1574,223.93
6.6024,13.778,1572,240.94
6.3577,13.263,1528,219.61
6.7726,13.154,1446,220.95
7.0015,13.306,1393,226.69
6.5869,12.714,1298,194.21
6.3168,12.054,1280,177.03
6.6787,10.928,1238,162.6
7.427,9.0085,1234,167.4
7.6789,7.7021,1241,193.07
8.6379,6.8326,1205,183.72
9.7313,6.4849,1166,170.21
10.128,5.3831,1153,196.04
9.5593,5.2888,1190,176.63
7.7954,6.6149,1165,170.7
6.1835,9.34,1182,185.15
4.9388,10.818,1166,160.36
3.6574,13.032,1199,158.73
3.1131,12.991,1243,166.55
3.0665,10.353,1251,154.49
5.4933,11.022,1268,165.5
7.6107,11.471,1287,161.28
8.1806,11.424,1254,146
8.4032,10.532,1229,171
8.6536,9.9184,1285,194.14
8.6727,9.9098,1316,182.33
8.3931,9.6995,1357,170.84
8.4572,9.4568,1399,192.03
8.4159,8.0861,1422,205.35
8.0995,9.1627,1459,203.41
7.9704,9.8643,1483,191.59
7.5476,8.5696,1515,224.82
7.4228,8.1406,1544,213.14
7.4453,7.8362,1588,228.11
7.4357,8.929,1597,214.93
7.4518,8.5226,1619,219.74
7.2328,7.9197,1655,210.59
7.1242,7.8868,1651,212.55
7.4205,9.2443,1691,242.16
7.1292,8.9372,1682,244.13
7.4328,7.6841,1728,230.53
7.2448,8.0124,1721,234.2
6.9127,9.0786,1711,254.96
7.0978,8.6695,1721,247.23
6.965,8.2014,1733,242.47
6.8559,8.4355,1701,252.46
6.8117,9.4693,1704,221.27
6.7383,9.5794,1698,267.78
6.3776,8.495,1693,270.54
6.1739,8.0431,1680,249.32
6.2364,7.5946,1655,284.81
6.1262,7.5526,1623,220.14
6.033,6.7267,1572,231.99
5.6388,5.3259,1518,198.24
5.9228,3.7353,1486,218.37
6.5273,3.5259,1452,195.14
6.4045,3.6342,1447,211.93
6.4003,3.8143,1444,198.81
7.285,4.1929,1504,221.63
8.048,3.3858,1453,186.29
9.4169,3.6372,1409,191.31
10.264,6.3361,1349,188.73
9.757,8.5242,1266,176.91
8.928,9.1559,1229,162.2
8.3649,11.894,1257,166.17
8.6789,11.861,1211,185.47
9.2058,11.132,1179,148.77
9.6939,10.997,1222,165.45
10.285,10.51,1241,187.84
11.044,10.788,1246,170.87
12.237,10.553,1240,201.85
13.8,10.198,1234,183.81
15.295,10.134,1223,199.01
15.292,9.5651,1295,201.86
14.501,10.916,1264,193.35
12.236,9.4798,1219,172.12
10.003,9.2239,1183,170.47
9.1107,10.576,1154,160.28
9.7333,13.437,1199,166.21
9.8545,14.701,1196,179.27
10.045,15.74,1210,187.99
9.489,16.33,1194,175.19
8.8561,17.829,1191,185.74
7.2763,16.686,1189,182.49
6.1816,16.482,1204,164.08
5.4249,15.911,1250,162.36
5.287,14.472,1233,151.63
6.0777,14.315,1315,190.03
7.382,12.663,1390,214.07
9.1558,11.729,1432,229.79
10.729,11.181,1483,240.65
11.361,10.568,1464,241.08
11.446,8.8835,1410,228.66
10.491,8.3393,1337,230.23
9.0498,7.8627,1325,240.71
7.868,9.1871,1307,222.29
6.4945,10.947,1310,187.02
4.7058,12.583,1331,197.65
4.6348,13.84,1305,183.27
5.8736,13.572,1313,187.39
7.8635,12.075,1284,199.58
9.3002,11.588,1290,189.07
11.885,11.819,1271,177.83
12.94,13.015,1274,167.89
14.564,12.386,1277,177.1
15.665,11.915,1271,166.09
15.961,11.085,1252,202.4
15.857,8.0178,1267,198.63
14.581,7.7866,1235,187.54
12.98,7.8799,1216,190.65
11.799,8.6771,1190,198.39
9.7771,11.823,1184,183.54
9.4976,13.766,1210,159.3
9.372,17.201,1186,170.43
9.5155,19.258,1181,163.56
9.143,17.649,1195,152.9
8.8794,17.745,1205,166.22
9.5917,17.981,1249,171.7
9.8878,16.284,1274,183.86
10.252,16.367,1291,179.32
11.344,15.875,1335,167.23
11.145,16.056,1280,165.92
10.589,14.026,1255,159.68
10.482,12.733,1213,168.51
10.236,10.685,1212,198.11
9.7579,8.5285,1213,170.3
9.7673,6.8625,1250,203.37
8.3143,8.9135,1264,210.93
8.8361,10.854,1229,176.99
11.266,12.05,1230,174.79
13.771,13.669,1216,183.67
15.998,14.769,1243,191.47
16.85,16.76,1228,190.08
16.92,19.287,1279,177.91
16.762,20.899,1307,192.16
17.947,22.96,1294,186.49
19.42,26.203,1275,201.04
20.477,26.882,1306,200.94
20.759,26.667,1345,229.21
20.659,26.016,1394,229.69
20.305,24.841,1410,243.72
19.844,22.714,1359,241.13
18.011,19.963,1303,245.44
16.571,17.777,1262,194.6
15.095,15.876,1250,196.69
12.728,12.771,1253,207.2
11.879,10.427,1262,210.27
11.769,7.8161,1238,191.09
10.786,5.3226,1215,194.76
10.744,6.2027,1153,188.35
8.3961,8.6575,1056,166.26
7.5393,9.4946,943,133.5
7.1233,11.985,885,137.5
7.055,13.325,866,150.24
6.5461,16.522,893,139.53
6.8726,19.186,915,144.38
6.7555,19.711,980,160.69
6.8738,22.444,1078,148.38
5.5569,24.71,1148,182.43
6.4303,25.04,1333,208.75
6.3364,25.792,1391,208.56
6.6372,26.61,1319,221.03
7.9187,28.062,1308,217.28
9.8916,28.656,1381,226.52
12.645,29.445,1352,219.49
13.674,28.044,1301,212.32
14.182,29.246,1252,203.87
14.636,28.076,1262,214.31
15.742,27.888,1280,198.3
17.108,29.339,1298,215.88
18.622,27.526,1326,225.21
20.244,25.285,1379,250.98
19.573,22.873,1342,211.91
20.23,21.243,1298,206.78
18.663,18.549,1255,201.16
18.192,16.578,1246,201.34
17.3,14.217,1231,188.13
15.512,12.719,1211,168.65
14.034,10.817,1235,169.12
13.063,8.3461,1262,196
10.892,7.2992,1192,176.64
8.8185,8.1826,1211,194.77
6.5655,7.8882,1228,186.79
4.9977,8.932,1174,159.15
4.2397,10.578,1155,169.93
4.3456,12.389,1124,176.42
3.8009,14.13,1087,176.47
4.2874,16.094,1069,180.6
4.7159,17.141,1072,166.32
6.4284,16.864,1104,163.95
8.6522,19.162,1149,183.72
11.652,20.557,1230,189.59
14.251,22.388,1290,190.74
16.783,22.936,1379,209.26
18.812,24.394,1387,208.99
20.092,23.435,1431,230.6
22.044,21.268,1463,239.09
23.586,19.963,1459,228.51
22.567,19.201,1375,245.14
20.72,18.6,1340,210.93
18.756,16.689,1319,179.62
16.025,14.94,1321,204.25
12.337,14.003,1325,189.72
10.764,12.867,1342,213.52
9.3088,11.137,1311,168.27
8.3501,10.17,1314,170.64
7.9132,9.8522,1301,164.68
7.339,8.8322,1301,185.91
8.7639,9.8433,1297,195.22
9.8007,11.413,1260,169.79
9.1356,12.018,1228,175.46
8.1332,12.341,1191,166.86
7.2357,12.017,1134,164.39
5.8759,10.871,1124,158.71
4.7409,12.12,1101,154.09
4.3476,13.401,1138,170.97
5.4427,16.17,1140,157.03
6.2142,18.459,1144,160.31
6.5031,20.317,1138,149.31
7.9895,20.772,1190,172.81
9.4601,22.762,1198,176.12
11.397,22.614,1263,187.32
11.614,23.678,1258,194.85
12.768,23.977,1307,167.13
13.928,22.349,1345,192.71
14.967,21.853,1376,190.55
15.399,20.262,1343,177.3
14.789,18.381,1329,196.73
13.896,17.97,1330,224.67
12.158,16.979,1277,219.06
12.533,16.197,1224,186.43
14.377,14.284,1193,176.37
15.804,14.34,1187,189.56
14.43,13.452,1171,166.3
11.925,12.028,1133,179.79
9.4406,11.969,1075,163.73
9.0226,9.9428,1030,150.83
10.699,8.3545,1077,161.34
12.152,6.8173,1157,188.83
11.647,6.1201,1229,204.69
10.56,6.9826,1230,178.46
9.0308,9.5044,1236,203.35
7.7745,12.213,1220,192.41
7.5692,16.869,1227,211.4
4.8934,19.919,1215,181.05
2.6664,21.468,1174,160.2
2.525,22.701,1174,192.17
3.2361,21.665,1156,204.18
4.6329,19.634,1153,183.32
4.8316,18.605,1178,172.43
5.9098,18.209,1203,207.51
6.8459,18.536,1212,205.34
8.0484,19.647,1229,211.71
9.7698,22.08,1221,197.87
11.329,22.777,1228,200.65
14.154,21.919,1218,199.77
16.037,22.898,1196,189.69
15.702,23.079,1162,195.57
14.984,24.321,1177,175.11
13.145,24.936,1167,209.45
11.373,25.791,1152,189.43
9.2173,26.68,1190,194.61
8.2904,27.55,1204,214.6
9.5442,27.182,1132,179.09
11.052,28.71,1061,199.68
12.083,27.104,1027,183.65
11.874,25.032,1065,208.43
11.204,22.153,1074,181.54
9.8708,19.862,1106,161.54
8.3365,17.668,1102,152.02
7.3256,17.612,1102,159.01
7.0156,16.215,1092,149.05
7.1866,15.146,1131,154.5
7.9026,12.543,1176,179.4
8.62,11.036,1171,166.04
7.9623,9.4365,1169,157.62
8.1643,8.2848,1122,153.04
8.8187,8.1175,1127,170.35
8.7722,9.4644,1188,178.57
9.5414,10.245,1266,201.42
10.039,12.425,1243,190.73
11.513,14.401,1211,214.98
11.92,15.647,1188,185.1
11.422,16.941,1217,207.29
10.143,15.78,1134,180.66
9.8584,16.533,1103,179.17
9.5603,17.902,1051,163.47
9.6755,19.577,1014,168.57
9.3088,19.985,1061,155.54
9.3225,19.885,1132,169.47
7.9564,18.27,1178,188.11
5.4968,16.986,1155,192.96
2.9839,15.723,1150,182.57
1.2903,15.379,1148,195.56
0.35518,15.149,1150,189.77
0.56649,15.493,1150,175.59
0.62316,16.438,1168,167.68
0.35807,15.851,1188,169.55
-0.6225,15.248,1221,179.25
-1.5979,15.348,1184,163.75
-2.1636,14.468,1139,179.53
-2.1671,14.622,1086,152.33
-1.748,15.522,1068,147
0.12697,15.294,1039,163.27
2.6954,16.963,1017,161.72
5.7041,17.538,1038,169.29
7.6071,17.204,1060,148.48
9.2671,17.182,1099,184.82
10.582,17.345,1116,193.46
12.601,16.618,1147,205.87
13.787,18.71,1179,180.17
14.735,20.945,1215,175.28
14.446,22.696,1204,184.74
14.741,25.23,1237,224.45
14.153,27.138,1283,236.13
14.166,28.526,1245,224.07
15.234,27.336,1205,205.49
15.502,26.398,1167,191.44
16.207,25.554,1130,198.6
15.353,23.564,1124,175.68
13.933,21.523,1143,174.35
13.199,17.443,1154,184.48
13.402,15.773,1160,174.64
13.423,14.838,1140,187.22
13.142,14.662,1101,198.62
12.176,14.313,1091,204.71
10.397,15.937,1041,196.04
9.9473,18.26,1011,204.12
9.7335,18.569,1025,172.96
10.311,18.71,1071,178.39
9.8894,17.163,1157,196.37
8.5035,16.071,1219,200.23
7.2084,16.284,1225,205.62
3.97,18.351,1235,203.8
0.57207,17.074,1236,210.78
-3.1038,18.25,1206,176
-5.7543,17.649,1209,191.74
-6.2267,17.901,1189,187.01
-5.4687,17.201,1118,178.38
-4.8161,18.935,1094,164.7
-2.573,19.385,1054,161.05
-1.4716,19.316,1112,164.04
-0.42847,19.467,1112,168.12
1.6848,19.699,1094,146.43
3.5428,19.127,1114,178.07
5.4402,17.225,1068,141.53
6.9061,16.927,1118,146.41
8.4044,16.62,1200,181.67
9.0284,17.359,1298,204.12
9.4909,17.838,1319,221.19
9.96,20.532,1326,218.1
12.671,20.826,1352,199.08
15.195,23.414,1360,194.47
16.549,26.223,1382,238.09
18.142,27.216,1402,215.99
20.043,28.424,1424,230.85
22.149,28.191,1418,242.36
24.288,30.007,1358,228.66
25.064,29.083,1276,201.26
26.005,28.253,1250,227.32
24.531,29.785,1199,218.11
22.483,28.279,1139,196.1
19.639,26.978,1104,195.52
18.149,26.837,1118,208.19
15.818,22.991,1131,204.71
14.161,20.031,1127,204.38
12.28,17.44,1106,174.73
9.3743,17.605,1076,180.82
6.56,17.739,1037,152.03
5.0166,17.664,994,166.44
4.2882,17.955,1008,180.33
3.3732,18.376,1053,172.33
2.2954,20.545,1149,172.67
0.56028,20.418,1202,176.69
-1.4864,20.604,1200,206.75
-2.3682,20.97,1184,192.39
-4.2596,20.969,1135,177.99
-4.6362,20.962,1112,187.86
-4.0994,18.723,1055,196.43
-4.5621,15.807,1014,186.07
-4.7637,14.735,1054,191.87
-2.1614,17.233,1116,205.19
-1.6023,15.951,1138,217.64
-1.628,16.877,1159,213.05
-1.1678,18.545,1181,208.04
-1.711,17.523,1179,198.48
-2.2967,17.313,1199,198.62
-2.4685,16.524,1276,202.53
-2.0865,17.009,1279,203.79
-2.334,16.977,1324,213.78
-2.1517,17.468,1334,199.62
-1.868,17.122,1362,218.12
-1.6968,18.242,1392,225.5
-1.639,18.021,1408,209.4
-1.2326,18.02,1415,207.05
-1.3158,16.916,1431,220.62
-1.114,17.657,1430,201.43
-0.86802,17.716,1453,207.72
-1.0123,17.879,1468,215.76
-0.80389,18.221,1485,195.29
-0.85783,17.854,1502,216.22
-0.80404,18.358,1529,215.57
-0.85389,18.903,1532,244.92
-0.69052,18.471,1548,223.78
-0.33518,18.93,1570,227.29
-0.20411,18.382,1587,213.43
0.2773,19.367,1587,218.78
1.0032,19.991,1559,229.1
1.4666,20.661,1527,206.16
2.0444,20.522,1539,194.42
2.0624,20.228,1519,220.39
2.0983,20.322,1453,216.22
1.512,18.649,1409,209.86
0.21772,17.813,1385,211.36
-0.99663,17.04,1346,192.23
-1.8431,16.45,1338,192.62
-2.2345,16.722,1310,188.59
-1.1522,17.227,1257,177.24
0.26196,17.343,1243,203.03
1.8483,18.235,1277,210.14
3.5259,18.693,1245,185.7
3.8779,18.918,1211,172.53
2.8026,17.716,1174,183.62
1.6806,18.898,1201,161.71
0.67299,18.281,1171,165.4
0.63416,17.845,1188,174.56
1.8462,17.982,1170,165.34
4.2513,19.027,1153,180.23
6.4755,20.274,1134,159.28
8.7485,20.881,1160,186.33
9.1786,22.749,1200,179.88
8.9085,22.87,1158,188.08
8.9689,22.802,1139,175.65
9.0465,22.171,1119,194.28
9.1801,20.656,1144,207.86
9.5804,20.305,1148,244.73
11.053,18.925,1134,184.95
12.159,17.751,1138,183.46
13.288,16.463,1168,180.54
13.854,15.527,1151,174.89
14.829,13.655,1172,204.78
16.502,10.023,1252,219.23
18.304,9.0857,1276,231.06
18.973,9.5265,1277,215.42
18.756,9.457,1260,198.75
18.331,10.367,1308,228.08
17.218,11.916,1290,196.33
16.427,13.729,1310,193.29
16.596,15.447,1256,195.08
17.356,17.385,1183,171.14
17.081,18.086,1125,161.66
15.1,18.281,1132,180.05
12.45,19.1,1113,171.45
9.796,19.326,1164,192.88
7.0604,18.685,1214,171.09
5.9888,19.21,1271,199
5.3142,18.469,1315,198.61
4.3195,18.594,1348,180.5
2.1219,18.604,1334,198.56
0.15144,18.242,1342,201.17
-0.10806,17.979,1292,200.1
-0.035517,17.535,1254,192.97
0.28488,17.714,1207,165.73
0.3301,17.118,1181,178.51
0.40005,14.683,1176,171.33
0.24315,10.4,1137,154.6
-1.4044,8.5227,1153,178.17
-2.3594,4.253,1185,190.99
-1.8073,3.1345,1157,189.13
-0.71512,4.5515,1106,180.84
1.0343,5.7669,1078,161.15
2.4276,5.5062,1018,153.83
4.5922,3.9259,980,163.83
5.8061,1.9307,997,153.05
6.5586,0.85856,980,177.03
7.376,-1.9407,983,173.1
7.2411,-4.1943,993,177.12
7.0198,-6.6611,997,181.25
5.9794,-8.266,1005,212.11
4.9656,-5.7302,943,199.68
4.5126,-5.2724,840,195.78
4.9456,-3.6433,792,172.55
4.7957,-0.141,729,157.93
4.6125,1.3578,717,156.95
3.531,2.9813,707,164.14
3.679,2.7116,666,131.75
4.9803,2.6037,642,152.54
5.7496,3.2722,608,149.77
6.3133,3.8028,588,142.83
7.594,6.1031,499,102.65
8.1427,6.6714,471,103.44
8.0286,6.5355,455,102.04
8.2844,7.3238,453,100.78
7.6584,7.6086,442,93.512
7.1306,8.0136,466,115.34
6.6844,8.1661,507,144.41
6.5006,8.6556,498,115.59
7.0449,10.688,593,142.78
7.0534,11.428,639,139.14
8.4466,12.212,698,183.08
9.0104,11.763,691,191.03
8.3487,12.468,688,188.9
8.6099,12.994,713,164.91
8.7563,12.91,733,158.45
9.5521,13.343,764,153.19
10.71,13.834,780,148.19
11.562,13.902,832,176.28
12.703,15.215,918,169.08
13.229,15.626,985,173.3
14.496,14.022,1005,183.87
15.032,13.624,1024,193.21
16.148,12.589,1056,188.23
16.626,14.625,1076,218.42
17.595,14.343,1081,195.97
17.48,14.73,1048,184.39
17.13,16.777,1057,195.55
16.093,15.905,1025,176.19
15.377,16.282,984,168.4
15.136,15.904,924,189.13
14.601,14.526,896,174.9
14.255,14.358,870,171.25
15.128,12.906,834,147.19
16.194,12.732,814,153.72
17.481,12.036,826,153.49
18.798,10.992,844,185.99
18.158,12.336,861,206.89
17.277,13.144,801,151.36
15.67,11.851,802,143.89
14.642,10.985,851,195.82
14.206,11.081,931,159.43
14.306,9.9778,1001,173.02
13.798,10.949,1081,164.3
13.543,11.881,1119,155.96
13.602,13.38,1179,188.18
13.165,12.838,1176,165.22
11.575,13.078,1198,169.6
9.0482,12.56,1184,168.7
7.4372,15.209,1174,151.84
6.8282,17.036,1214,150.25
6.8846,18.433,1248,169.37
7.0232,18.362,1265,190.09
6.4744,17.345,1253,166.96
7.0729,16.39,1242,186.89
6.9948,13.292,1290,217.38
5.6286,9.5091,1296,228.78
3.4483,6.5843,1333,231.39
3.3103,4.1434,1337,209.67
3.6787,6.1136,1371,216.86
3.8564,9.1834,1306,196.37
3.5796,11.744,1295,200.29
2.9436,15.489,1268,187.27
3.9407,14.638,1219,195.46
5.7829,14.01,1197,177.1
8.6434,14.722,1174,196.38
11.351,15.829,1169,165.5
14.297,18.375,1127,167.38
16.324,18.603,1115,157.18
17.537,18.421,1095,179.76
17.857,16.876,1121,211.54
18.466,18.135,1134,221.82
18.441,16.811,1164,233.58
16.067,17.534,1127,207.51
14.81,21.504,1097,244.18
16.005,24.309,1088,229.48
17.797,25.019,1052,212.01
19.494,25.782,963,187.47
20.305,25.027,924,162.39
21.333,23.675,917,177.8
20.472,21.438,934,211.16
18.083,20.028,849,160.72
16.502,20.856,812,176.8
16,23.434,744,153.45
15.85,23.871,749,170.47
15.673,22.665,750,155.51
16.131,23.058,759,174.05
16.693,21.026,718,179.32
15.155,19.753,641,142.88
14.282,18.414,585,111.47
13.842,17.925,591,131.41
13.958,18.631,570,125.25
15.385,17.387,575,150.83
17.104,18.494,583,139.78
17.732,16.81,615,119.93
17.947,18.036,709,172.72
19.214,18.997,695,132.67
20.42,21.392,708,128.74
20.921,22.53,727,126.9
20.174,23.72,776,159.95
22.3,25.432,763,137.17
24.835,25.662,798,148.27
26.198,25.308,899,153.27
26.578,25.822,1037,190.41
26.59,25.525,1182,221.16
24.652,25.5,1253,223.03
21.72,27.404,1271,194.79
21.091,28.256,1304,215.89
22.054,31.042,1217,207.6
21.659,35.704,1204,185.94
22.214,38.275,1247,206.08
24.008,40.862,1301,226.39
24.131,39.737,1265,213.78
25.054,36.515,1224,208.38
25.439,31.717,1200,202.98
25.547,29.534,1195,217.99
22.15,27.056,1128,168.12
17.716,26.092,1115,158.45
13.672,27.207,1138,166.55
10.525,29.226,1069,182.22
8.9794,31.979,1005,163.17
9.4838,33.926,988,176.86
10.999,35.16,1032,204.84
13.832,34.55,1074,166.42
16.877,33.408,1127,176.32
18.61,33.326,1124,195.95
18.935,31.554,1079,171.47
20.231,28.858,1113,201.49
21.535,24.282,1145,210.11
22.485,20.288,1113,178.64
21.905,18.883,1055,169.1
20.943,20.353,909,132.1
19.354,22.135,918,167.4
18.16,22.907,917,162.53
17.812,23.027,940,166.9
16.914,20.938,1013,167.38
14.798,19.505,1058,174.69
13.842,19.247,1096,187.63
12.615,20.143,1019,211.15
12.481,20.732,971,168.71
14.047,20.447,1002,189.16
14.209,21.296,1006,191.96
13.568,21.69,1069,207.29
12.713,23.057,1086,224.42
12.223,24.68,1074,183
11.813,25.476,1046,191.34
9.376,25.421,1070,182.38
6.5504,27.445,1113,223.98
5.3238,28.457,1106,224.18
5.2217,28.701,1098,194.03
7.0503,28.764,1053,194.6
8.3972,29.853,1074,186.14
9.3785,30.434,1101,180.25
7.6241,30.29,1133,174.15
6.1184,32.737,1182,188.03
4.4217,34.51,1227,183.75
4.6909,34.681,1233,182.93
5.5888,34.235,1264,184.91
7.8982,34.875,1203,183.39
9.1341,33.93,1154,168.99
11.808,34.437,1130,169.75
13.466,34.101,1151,171.07
15.952,34.366,1189,180.01
18.88,33.475,1215,180.59
21.644,33.436,1218,183.77
23.721,33.355,1221,196.65
25.13,35.137,1228,241.8
25.608,34.147,1246,246.73
23.151,30.975,1194,242.83
21.185,28.14,1150,234.54
17.502,25.665,1128,220.99
14.359,24.314,1089,187.51
12.048,22.318,1094,192.82
10.519,21.741,1082,162.34
10.808,21.797,1095,150.23
10.921,21.956,1137,169.82
11.224,22.828,1168,183.53
11.581,22.358,1193,201.3
12.551,23.209,1199,213.17
13.252,23.692,1195,198.9
14.426,23.767,1202,201.25
14.694,23.768,1189,191.68
15.507,21.435,1179,193.06
17.939,20.6,1189,202.06
19.071,22.852,1137,181.75
19.644,26.043,1083,149.62
17.068,28.299,1034,158.23
15.601,28.584,1113,191.09
16.482,30.768,1266,233.67
16.006,30.903,1254,219.15
14.466,30.065,1242,224.56
12.223,28.139,1213,216.3
11.153,26.961,1180,212.56
12.217,26.211,1117,161.15
14.762,27.43,1149,194.99
14.88,30.16,1160,171.15
13.736,32.577,1194,192.62
11.375,35.501,1208,172.83
10.318,37.485,1259,184.09
8.6927,39.359,1270,176.93
8.4472,40.249,1264,180.02
9.7038,37.529,1241,182.81
11.593,35.224,1153,189.52
14.071,33.379,1117,154.53
15.251,28.037,1177,167.61
17.968,26.087,1259,181.35
19.468,25.444,1243,189.98
19.828,28.245,1225,201.13
18.824,31.309,1176,171.17
18.073,34.604,1162,179.4
17.534,37.355,1226,187.14
18.337,38.284,1340,206.96
19.61,39.032,1342,238.89
19.271,37.907,1324,214.52
21.355,37.462,1304,236.93
21.219,36.544,1263,233.09
19.384,32.393,1213,227.88
17.66,30.174,1187,200.83
15.422,26.659,1120,178.46
14.451,26.148,1072,162.55
13.654,25.541,1078,181.47
13.095,24,1022,167.3
13.196,23.034,995,196.77
14.825,22.097,970,180.94
16.194,20.805,939,186.22
17.53,20.232,946,166.45
14.431,20.572,927,179.87
12.778,24.42,977,205.75
14.6,25.567,945,165.2
14.739,25.527,1016,184.35
13.754,28.779,1050,188.41
10.43,29.158,1124,185.45
7.7811,31.949,1146,173.89
5.9919,33.646,1152,194.29
5.5067,32.432,1147,190.38
5.1794,33.959,1191,218.47
6.2835,33.838,1152,186.27
6.4117,32.551,1120,194.9
7.7244,29.889,1112,209.54
8.9296,25.461,1086,205.02
10.534,24.333,1013,177.24
12.296,24.019,1019,174.63
14.854,23.71,1039,194.63
16.046,25.116,1025,202.82
16.96,26.128,1045,192.14
18.491,26.406,1045,208.1
18.806,25.138,987,151.81
16.096,24.846,967,191.82
13.209,28.44,927,189.16
14.507,30.783,962,188.56
14.974,32.345,935,157.14
14.935,33.511,970,183.35
14.507,35.056,990,162.08
16.112,36.335,994,177.96
17.445,38.368,1058,229.32
18.395,37.205,1096,179.93
18.976,38.018,1083,188.61
19.242,34.982,993,164.3
19.52,31.595,976,173.75
18.335,29.051,944,157.16
16.313,28.814,901,150.09
15.371,26.806,955,150.3
16.066,26.455,923,169.57
15.825,25.001,959,183.72
15.258,24.16,960,185.33
13.642,25.824,1058,247.49
12.388,30.587,1105,240.12
13.317,32.507,1147,249.95
13.263,31.332,1115,218.35
12.477,31.943,1108,202.17
11.585,32.886,1056,193.33
10.4,34.204,1019,200.83
9.7009,37.473,1069,189.31
9.6111,38.803,1097,179.27
7.527,39.7,1182,176.47
7.4758,40.676,1201,197.19
7.6426,42.139,1188,196.15
8.8054,40.483,1138,193.34
11.128,38.666,1110,162.33
13.604,35.674,1139,180.88
16.898,33.204,1120,185.38
18.221,32.397,1118,172.8
20.632,32.959,1066,160.8
21.83,34.258,1019,195.42
20.69,34.445,954,184.1
18.069,30.823,879,135.9
16.41,26.417,858,136.64
16.378,24.077,858,166.39
17.402,23.892,838,165.69
18.566,23.968,779,149.99
19.607,23.612,811,132.08
21.478,25.887,899,159.51
23.124,27.961,956,175.71
24.204,28.329,1039,205.08
25.523,27.985,1087,191.6
26.506,24.529,1109,216.43
24.594,23.489,1055,159.32
20.357,22.411,1013,161.76
16.505,21.19,1022,173.59
12.784,20.517,1019,178.41
10.176,19.271,1031,187.15
10.605,21.492,1045,194.66
12.702,25.423,1003,170.94
14.926,26.752,969,176.87
15.399,28.632,975,158.58
15.414,30.477,995,146.39
16.107,31.842,1011,160.64
16.466,33.048,1022,154.57
16.435,32.312,1106,170.91
16.141,33.478,1117,196.1
17.897,32.687,1078,169.22
19.653,35.946,1078,181.29
20.734,36.032,1098,223.4
22.382,35.168,1025,225.13
22.085,34.841,998,220.95
21.884,34.78,977,190.95
22.772,33.149,958,188.38
22.096,29.832,913,137.24
22.676,28.301,992,167.99
22.911,26.415,1046,186.82
22.625,26.194,1081,200.51
21.984,27.195,1150,238
22.672,29.208,1163,265.51
25.613,31.823,1175,270.29
28.318,32.444,1122,225.84
30.189,31.918,1109,196.33
31.148,31.554,1105,195.45
30.24,28.938,1163,212.13
29.266,27.737,999,180.54
26.261,26.189,931,166.86
23.898,27.853,915,143.77
22.532,28.127,912,141.21
21.419,27.807,1005,172
19.588,26.281,1044,191.31
17.37,25.595,1082,203.28
15.983,26.209,1124,179.8
14.76,26.233,1198,204.79
12.838,27.382,1247,222.3
11.736,28.102,1267,245.11
10.338,27.968,1187,212.5
10.337,28.746,1166,210.71
11.347,29.019,1212,200.83
13.684,30.663,1223,211.69
16.361,33.748,1271,254.75
18.545,36.497,1266,203.4
21.325,39.062,1358,221.07
24.015,41.581,1397,201.91
25.258,44.201,1401,232.39
24.975,44.278,1326,194.91
23.023,42.281,1308,206.71
23.634,42.524,1249,178.64
23.629,40.45,1214,171.49
24.567,37.422,1273,187.65
22.568,32.355,1252,158.85
20.868,25.725,1200,173.48
19.055,24.357,1097,155.81
17.722,25.788,1036,157.71
16.401,27.45,993,144.18
16.959,29.623,988,162.46
16.042,31.514,1013,178.15
14.747,28.344,1106,172.65
13.009,28.665,1109,201.67
13.15,30.036,1075,176.24
12.614,31.046,1024,180.84
12.465,30.836,1007,151.97
13.473,31.83,1031,168.16
12.948,31.907,1128,189.52
11.821,32.73,1147,237.98
9.37,33.922,1150,234.3
7.6213,34.877,1205,263
7.7846,38.134,1163,199.92
7.6354,40.774,1162,196.7
7.7833,42.703,1168,191.82
8.5451,43.262,1209,186.54
8.8981,41.161,1247,217.53
9.927,39.298,1241,233.67
10.039,34.213,1120,201.54
10.674,31.999,1125,170.74
12.903,30.15,1145,172.29
13.693,29.525,1138,193
16.12,30.217,1157,180.5
18.8,30.156,1145,156.73
20.656,32.038,1159,182.52
21.721,34.053,1149,232.29
21.04,34.428,1162,230.72
19.651,34.943,1139,217.87
18.512,35.347,1109,238.43
15.661,33.494,1078,213.99
16.475,32.869,1104,248.88
16.03,32.707,1118,234.03
14.282,33.217,1100,196.34
12.496,33.116,1060,175.34
10.713,30.754,956,143.21
10.224,31.709,981,146.99
10.458,30.398,1043,161.06
12.272,30.622,1095,166.61
15.498,27.75,1095,161.73
18.666,26.909,1055,164.9
19.344,27.89,1073,166.57
19.575,29.249,1063,159.38
19.808,31.627,1014,145.74
20.157,34.213,1025,197.85
19.916,34.45,1019,180.74
18.308,34.164,1023,203.32
15.418,33.717,1009,167.33
13.697,32.53,1061,171.34
13.067,32.447,1101,217.79
11.905,32.272,1098,170.06
11.316,32.074,1093,189.58
10.486,32.088,1094,197.56
9.4398,33.504,1083,218.76
8.2764,34.914,1093,222.44
7.7297,37.843,1034,199.57
7.7011,36.277,1043,185.09
8.2054,38.287,1074,188.93
8.4972,38.072,1047,191.05
7.8738,38.398,1137,184.38
7.0871,38.988,1183,179.82
5.1301,40.448,1223,203.8
2.8628,41.545,1261,206.57
2.8437,43.063,1299,229.68
4.1772,42.725,1257,237.12
6.6079,42.108,1194,186.06
9.1248,41.56,1066,188.5
11.406,36.992,1036,180.82
12.924,34.513,1048,173.51
14.037,33.538,1052,170.57
15.704,30.332,1006,152.68
18.377,28.988,978,138.06
20.188,26.904,996,146.71
21.676,25.145,1004,181.36
22.041,23.52,895,160.74
21.046,26.724,808,152.32
18.86,27.776,862,146.87
17.308,27.066,878,167.05
17.661,24.619,894,173.35
19.361,23.136,979,181.42
20.177,21.717,1009,185.85
17.355,20.398,1042,181.38
14.824,21.338,1004,194.96
11.431,23.553,1036,173.65
8.285,24.248,1067,199.35
5.8269,25.615,1064,222.95
5.1844,25.483,1126,222.1
7.7121,27.121,1069,173.26
10.943,27.721,1067,182.47
12.264,29.062,1017,162.06
13.513,30.766,1039,183.81
14.086,31.95,1088,174.54
15.98,32.874,1110,197.81
17.21,33.232,1169,194.12
18.337,31.11,1130,166.59
19.047,30.684,1083,157.94
17.243,30.268,966,147.34
14.772,28.348,916,151.48
12.69,26.238,938,172.86
12.384,26.225,935,162.01
12.07,26.618,910,199.11
13.55,27.757,888,135.64
14.653,27.852,908,171.46
15.165,28.28,896,160.04
15.137,29.281,867,174.65
15.343,26.295,925,167.06
14.813,24.407,923,167.67
14.938,23.765,980,180.27
15.799,24.333,1029,194.26
17.727,25.552,1075,203.31
20.644,28.377,1027,217.75
22.764,29.025,1015,205.56
22.063,27.707,994,174.48
20.561,25.006,990,165.22
20.062,26.097,963,169.79
19.832,26.588,1004,172.49
18.385,28.398,1055,177.02
15.483,28.313,1038,157.76
13.537,29.651,996,153.59
13.655,31.114,1032,158.14
14.743,32.394,1052,172.38
15.298,33.844,1088,154.6
16.121,34.139,1172,180.52
15.781,35.416,1126,176.68
17.224,35.859,1084,160.74
17.821,36.917,1089,200.91
18.791,36.758,1135,205.99
19.83,36.709,1198,219.94
20.864,36.302,1191,189.35
22.663,35.334,1181,179.83
25.085,36.062,1172,218.02
27.557,35.71,1192,213.49
28.853,34.554,1251,214.25
29.101,34.106,1291,263.78
28.77,31.42,1228,242.42
27.081,29.126,1204,253.36
26.05,26.725,1152,182.97
24.455,24.016,1160,179.77
22.412,23.136,1101,173.23
19.898,22.452,1108,170.24
19.852,18.199,1200,218.41
20.345,14.1,1186,210.29
21.937,9.9815,1159,211.18
22.852,8.8522,1160,230.02
23.41,2.7146,1150,246.17
22.746,-0.52538,1130,264.77
22.431,-3.7509,1075,235.68
20.51,-6.879,1107,278.41
17.9,-6.7323,1136,273.49
16.32,-9.05,1183,267.04
14.439,-10.708,1311,276.06
12.433,-8.845,1345,285.12
10.865,-9.5322,1390,301.72
9.2141,-11.316,1502,333.69
6.4668,-14.16,1475,338.84
3.8276,-16.687,1488,345.93
0.85493,-19.385,1482,334.03
-5.6794,-34.55,1235,274.16
-9.4675,-36.504,1262,278.36
-12.267,-37.584,1223,266.27
-16.581,-37.583,1251,264.59
-15.287,-40.65,1222,238.02
-13.034,-41.725,1171,220.36
-12.758,-38.113,1124,202.39
-12.434,-34.058,1117,212.3
-12.632,-30.448,1167,185.28
-12.954,-26.448,1119,153.68
-14.899,-21.466,1115,164.82
-14.42,-18.071,1113,187.42
-10.642,-12.511,1115,184.01
-7.4622,-5.1881,1087,191.74
-4.2017,1.6082,1127,183.48
1.1291,9.6325,1381,207.47
4.8928,12.19,1352,233.84
8.7476,13.061,1245,250.79
10.486,17.473,1166,220.69
11.205,21.177,1186,251.69
12.838,26.06,1153,222.2
16.363,28.499,1050,196.43
19.302,28.076,1030,216.02
21.365,28.169,1012,215.27
23.548,28.954,1088,222.78
26.053,26.314,1126,199.17
26.661,25.672,1108,196.87
25.571,26.244,1019,201.91
22.562,28.184,997,204.6
20.602,26.683,1096,188.1
19.452,25.722,1067,203.64
19.969,24.911,1071,199.82
21.627,23.877,1087,200.32
21.608,25.342,1082,183.91
20.45,25.599,1081,190.47
16.201,24.237,1015,175.91
13.373,24.349,1005,185.22
10.024,24.997,956,169.41
9.8508,24.811,942,166.14
9.3975,25.568,1023,178.41
10.46,25.883,1009,167.77
9.539,25.67,989,213.29
8.4043,24.953,944,152.5
8.9676,23.165,933,172.17
10.74,23.893,994,198.06
11.377,24.788,1027,196.66
10.962,27.981,1057,213.03
11.865,31.461,1083,220.48
12.731,34.923,1081,194.13
15.196,39.03,1111,201.66
17.345,39.574,1103,189.85
17.988,38.091,1123,210.31
17.108,35.72,1115,208.22
13.989,33.525,1052,232.37
11.316,32.113,965,195.99
9.375,30.476,993,178.09
8.9188,28.044,1050,216.34
7.2587,24.579,1117,252.75
5.0051,23.306,1086,244.37
2.535,22.13,1037,205.82
2.0305,22.811,1035,241.65
1.5646,21.657,1056,188.28
2.91,21.714,1102,187.63
4.1685,20,1147,181.89
6.1183,19.829,1209,191.86
6.3429,19.9,1301,194
6.0447,19.694,1305,179.02
4.8408,21.335,1258,167.68
4.3135,23.507,1188,184.93
3.9365,22.926,1132,187.82
4.5503,24.355,1090,189.88
7.0526,25.663,1112,192.39
9.1121,26.278,1136,217.77
10.277,26.676,1111,229.05
11.4,25.771,1095,203.77
12.212,25.242,1031,209.87
11.761,23.719,970,175.3
10.129,24.792,939,181.34
9.0748,25.643,929,167.21
10.376,28.468,936,163.47
11.059,30.445,997,200.9
10.813,34.302,1054,173.4
10.382,35.35,1130,198.92
10.47,36.018,1181,197.72
11.934,34.032,1162,202.58
12.981,32.445,1145,190.63
14.886,32.967,1148,172.91
16.114,34.512,1093,176.11
17.481,36.941,1132,157.16
18.194,36.191,1175,225.12
18.97,35.736,1193,225.86
20.651,34.156,1215,233.2
22.713,33.557,1207,239.9
22.708,32.85,1199,247.82
20.726,31.049,1127,176.84
18.567,29.772,1093,178.31
15.929,28.64,1155,217.19
13.73,27.502,1133,206.71
11.583,25.825,1128,193.35
9.8551,24.361,1118,203.54
7.9813,23.333,1150,201.16
6.4631,21.614,1155,198.85
6.0536,22.863,1198,205.1
4.6363,21.793,1153,183.99
4.7,20.768,1093,168.62
6.4496,21.418,1119,192.14
6.9308,23.155,1102,180.3
7.0585,23.922,1138,176.29
7.1706,26.142,1195,175.87
6.7962,27.565,1197,183.23
6.4161,26.241,1256,184.38
8.0323,26.525,1278,192.76
9.4913,27.125,1361,215.27
8.8936,28.246,1347,191.88
8.9029,29.29,1373,207.71
8.989,27.844,1411,201.41
9.1816,28.612,1481,200.89
9.1859,29.012,1523,215.4
9.2206,27.976,1566,206.98
9.541,28.675,1614,217.7
9.8142,28.968,1652,222.71
10.096,27.923,1696,251.94
10.127,28.095,1725,234.36
10.514,28.511,1759,246.54
10.752,28.996,1771,239.08
11.021,29.162,1784,260.42
11.189,29.139,1797,249.02
11.338,29.327,1797,262.05
11.715,30.283,1806,249.28
12.234,30.666,1798,275.07
12.135,29.083,1801,277.67
12.792,29.247,1808,250.36
13.376,30.145,1821,243.49
13.516,30.541,1810,236.67
13.746,30.674,1810,225.69
13.9,29.813,1813,230.56
14.12,30.346,1830,252.57
13.84,29.539,1809,222.83
13.525,29.855,1814,225.11
12.985,30.819,1779,227.63
12.253,29.98,1772,238.22
11.717,29.462,1755,213.04
11.439,30.491,1742,220.49
11.308,31.142,1710,201.98
10.953,31.381,1688,210.27
10.901,31.24,1656,218.83
10.444,30.403,1611,202.07
10.312,29.318,1597,222.06
10.723,28.204,1543,195.51
11.476,27.603,1487,206.42
11.878,25.811,1433,207.24
12.022,25.18,1331,162.06
13.008,24.389,1314,189.72
13.091,24.427,1238,194.86
12.826,25.157,1146,198.3
11.76,23.845,1087,194.42
11.601,25.604,1132,202.98
10.412,24.975,1074,180.42
10.745,25.602,1123,176.14
11.873,23.698,1080,183.34
13.906,24.23,1053,177.98
15.513,24.254,1052,184
17.413,25.544,1021,168.53
16.608,26.8,1006,151.68
14.784,27.059,1018,172.78
12.163,27.793,1045,183.59
10.382,28.554,1058,165.8
9.6886,26.621,1030,157.47
10.878,27.052,1059,198.73
13.047,26.938,999,168.18
14.422,27.492,1056,181.47
14.393,27.299,1139,186.49
14.054,28.228,1115,191.05
12.595,28.605,1148,178.89
12.251,29.265,1186,175.83
11.913,30.415,1202,181.19
12.284,30.555,1241,180.37
11.913,31.349,1199,181.72
11.207,30.551,1145,174.97
9.9201,30.001,1154,177.35
9.4292,30.218,1181,186.32
8.0392,31.155,1141,157.56
8.7297,31.466,1103,167.66
9.8896,30.451,1121,184.18
10.178,28.751,1079,167.9
9.4576,26.636,1119,193.15
9.2568,27.344,1112,194.03
7.8968,25.656,1094,181.99
7.5935,25.03,1084,169.3
9.9025,28.121,1078,164.06
11.955,27.938,1078,196.15
13.469,26.544,1116,198.15
13.198,25.515,1121,177.34
12.353,25.993,1116,182.81
9.5329,27.659,1147,214.35
9.2491,29.778,1179,212.12
10.323,30.27,1192,194.73
12.537,30.675,1136,177.18
13.922,30.083,1091,162.82
13.452,29.804,1061,162.66
11.141,27.392,1096,187.1
8.9413,26.021,1091,184.42
7.943,26.349,1157,183.37
7.2162,26.115,1192,179.76
7.8537,25.839,1187,188.05
8.3643,25.224,1176,184.12
8.2488,23.402,1175,200.81
7.995,22.81,1172,194.77
7.9264,20.47,1176,203.52
8.4136,20.703,1194,201.12
7.6648,21.797,1172,188.57
8.6612,24.307,1104,195.53
8.8697,25.919,1100,202.12
9.4462,25.591,1151,234.03
9.5742,26.649,1114,193.19
9.2892,24.59,1140,205.93
9.3359,21.556,1174,204.02
7.8104,20.53,1212,226.37
7.5127,20.741,1207,195.81
7.3132,20.767,1181,191.59
7.5022,21.319,1185,211.16
7.6233,24.801,1175,211.94
8.0888,27.329,1180,187.18
7.6641,28.996,1182,191.05
8.2759,30.619,1196,195.35
9.036,32.58,1174,193.3
9.9749,33.093,1196,184.22
11.405,34.76,1237,185.58
12.582,35.686,1259,189.76
13.65,36.062,1212,213.88
15.544,36.393,1219,233.01
17.081,35.289,1179,209.32
18.837,35.302,1169,191.22
20.691,34.026,1214,191.64
23.358,34.106,1254,220.56
24.577,34.398,1281,223.53
24.639,34.075,1254,259.07
23.835,35.012,1250,251.28
22.121,35.359,1273,266.54
21.113,33.42,1238,234.92
22.219,33.602,1214,252.1
23.138,32.092,1213,275.19
24.273,30.154,1196,223.2
22.816,28.234,1125,169.03
19.706,26.227,1042,201.28
17.763,26.563,994,179.77
14.887,24.521,973,181.83
11.455,24.582,956,194.4
9.4359,24.561,950,165.82
9.4628,26.505,876,147.35
8.5331,28.473,879,158.2
9.4073,31.737,899,153.91
11.081,30.723,956,153.43
9.7814,27.736,1032,191.43
9.4649,28.057,1049,212.59
10.329,29.304,1043,188.76
10.727,29.402,1027,185.78
9.7384,29.71,1022,148.78
9.2527,30.827,1047,163.97
8.7946,32.881,1123,169.82
8.3286,35.119,1176,181.24
6.6741,36.786,1219,180.73
5.7555,36.68,1260,178.28
5.1231,37.181,1299,185.44
6.2207,39.387,1245,181.24
8.0881,38.846,1163,195
10.517,36.636,1041,159.9
13.611,34.146,984,142.01
16.946,30.972,1012,164.15
18.513,26.648,990,144.23
17.911,25.518,952,154.86
16.323,24.463,927,159.05
15.962,23.863,981,161.26
16.253,24.488,1010,172.47
15.755,23.559,1052,183.22
14.117,23.847,1001,161.07
13.624,25.616,1075,216.6
13.222,26.314,1154,188.95
12.248,27.826,1169,189.4
11.108,30.389,1157,192.83
11.316,31.359,1194,198.38
10.545,33.098,1200,193.24
11.039,35.981,1278,171.45
11.932,37.29,1303,204.49
12.129,37.422,1361,202.17
11.71,35.241,1467,240.66
12.114,33.208,1574,297.24
11.872,28.434,1497,284.55
12.458,26.935,1489,283.07
11.576,27.243,1467,255.37
8.1573,27.807,1456,242.63
4.705,29.518,1433,208.6
2.905,32.175,1332,187.13
2.3472,33.638,1258,187.11
3.5572,35.706,1291,209.92
6.7543,36.011,1274,224.39
9.7981,36.595,1205,233.06
12.029,39.616,1265,245.16
14.14,40.132,1290,259.45
15.533,36.105,1298,251.41
16.594,31.961,1229,209.62
18.358,26.894,1182,205.8
19.558,24.622,1171,193.56
17.684,23.675,1158,175.63
15.648,23.988,1140,195.38
14.827,24.099,1184,204.1
12.452,26.374,1135,175.98
10.056,27.999,1167,226.3
8.9085,26.444,1152,202.93
8.7433,28.779,1142,198.25
8.616,28.555,1113,172.4
7.2377,28.344,1151,215.01
5.3007,27.434,1211,188.01
4.3602,26.632,1299,196.53
4.9459,25.327,1275,190.41
5.5996,25.326,1259,223.52
5.926,25.386,1226,199.28
5.4852,27.65,1210,204.95
3.4862,32.144,1097,209.41
3.2761,34.45,1185,193.42
2.8081,37.867,1168,208.93
3.1827,39.211,1182,213.68
4.8677,39.581,1209,250.36
6.249,42.083,1174,249.92
7.0252,41.773,1218,214.8
7.8756,43.32,1212,216.84
10.054,43.093,1192,203.58
11.589,41.955,1188,212.11
13.009,42.576,1237,207.09
15.016,41.431,1280,208.1
16.67,40.013,1355,237.26
19.799,39.492,1467,249.31
23.564,40.33,1534,264.56
26.434,41.007,1544,249.05
27.949,42.806,1490,241.62
30.115,44.121,1458,246.13
30.821,45.771,1471,238.63
31.547,45.428,1418,256.3
31.399,44.757,1393,218.79
31.258,44.318,1334,220.5
28.611,41.459,1265,204.6
25.53,37.062,1192,194.39
20.141,31.045,1236,191.78
15.972,28.186,1282,210.68
12.432,27.651,1211,171.81
10.508,27.931,1083,209.45
9.8234,29.933,923,148.95
7.5923,29.669,813,140.5
6.0877,29.985,833,156.3
5.7829,28.968,864,145.03
3.8761,26.983,941,197.53
1.5207,24.395,996,208.19
-2.3011,21.72,1037,160.13
-4.157,19.815,1261,201.32
-4.9557,18.249,1381,216.39
-6.8904,16.109,1439,246.11
-7.9217,12.273,1490,283.93
-6.5807,7.8076,1440,255.05
-6.1474,4.8006,1440,289.09
-7.6573,-0.12019,1494,300.32
-9.8072,-6.165,1545,317.29
-16.156,-18.131,1348,254.12
-15.008,-23.55,1351,265.59
-14.819,-27.141,1334,255.92
-17.373,-29.123,1367,321.53
-20.777,-31.508,1321,269.3
-20.333,-34.395,1226,247.99
-20.296,-33.997,1286,255.68
-22.283,-35.48,1300,288.18
-26.783,-35.934,1311,275.47
-31.997,-35.159,1282,214.27
-35.221,-35.528,1328,196.23
-37.611,-33.06,1304,218.14
-36.627,-35.628,1265,259.17
-33.302,-33.411,1175,223.85
-33.109,-30.334,1193,230.15
-33.145,-25.479,1134,210.67
-32.121,-21.491,1142,218.35
-30.643,-17.813,1133,220.15
-26.623,-15.351,1098,195.05
-22.743,-12.993,1114,200.65
-17.709,-16.181,1136,173.77
-10.226,-15.861,1134,177.65
-2.6126,-16.111,1179,212.61
3.4974,-15.141,1163,212.77
10.362,-13.731,1286,249.58
16.104,-8.6503,1279,266.86
22.803,-3.2729,1241,239.11
24.493,7.4825,1499,265.15
29.997,11.289,1402,263.4
35.919,17.02,1361,259.65
40.411,20.065,1377,266.9
43.669,23.676,1431,317.07
49.288,28.477,1166,242.8
47.446,31.981,1152,229.86
47.9,34.147,1122,233.62
51.327,37.911,1118,227.59
55.851,40.567,1167,262.28
56.037,46.343,1095,202.17
55.596,50.748,995,189.16
53.175,55.71,981,181.46
51.775,51.167,952,201.93
50.37,46.107,945,196.21
48.552,44.507,876,142.56
46.152,44.011,892,148.89
47.331,46.39,875,138.34
48.052,49.722,1021,187.57
48.694,55.291,1035,204.4
47.571,56.579,1044,199.11
46.868,53.078,1005,203.28
45.992,48.738,991,179.03
40.176,45.049,1057,197.23
30.002,39.59,1370,285.7
25.574,38.392,1349,260.7
22.482,34.465,1224,227.22
20.917,36.72,1120,246.41
21.022,35.178,1016,194.81
23.581,33.043,1016,223.74
21.948,26.562,971,172.48
21.345,20.591,977,167.84
23.307,16.74,1047,208.16
25.909,12.774,1117,213.94
29.067,9.8751,1218,210.8
31.689,6.7529,1355,247.15
33.856,3.1191,1388,289.47
39.531,-5.5035,1098,220.66
39.528,-11.834,1110,250.64
40.233,-16.211,1114,240.59
40.852,-22.202,1154,256.44
43.758,-28.267,1161,250.01
46.927,-32.29,1166,255.99
50.942,-34.686,1103,219.84
53.667,-33.4,1143,200.87
55.924,-30.761,1077,210.42
56.79,-27.259,1059,199.63
59.237,-29.617,987,195.72
60.696,-29.581,1008,215.93
60.332,-32.723,1020,211.19
59.204,-38.11,1075,224.48
58.017,-43.888,1086,279.19
58.855,-50.544,1074,240.61
60.211,-53.532,1061,204.62
62.266,-58.377,1108,258.23
65.347,-62.353,1088,261.97
68.22,-66.768,1126,265.28
68.973,-73.072,1085,210.27
71.591,-74.141,980,196.27
69.912,-75.167,997,191.56
67.793,-72.169,994,168.01
65.292,-70.374,1010,192.43
61.411,-67.039,1007,210.67
57.853,-61.22,1027,192.38
49.952,-59.907,1021,209.9
42.579,-59.673,1061,191.54
33.675,-59.417,1080,192.49
25.405,-58.415,1116,211
17.35,-54.704,1084,186.89
10.22,-50.47,1034,183.35
4.441,-44.193,1096,215.12
0.67583,-36.835,1102,214.88
-7.5569,-34.62,1087,196.15
-16.06,-30.96,1081,182.34
-23.836,-29.945,1090,196.19
-31.623,-31.715,1080,189.49
-38.87,-35.276,1122,209.79
-46.675,-39.426,1040,202.5
-52.23,-41.753,1005,180.89
-54.999,-40.005,1069,185.74
-52.127,-39.718,1072,199.85
-46.406,-41.141,974,200.1
-42.849,-41.303,916,186
-41.228,-38.327,893,171.83
-38.005,-35.984,933,154.09
-35.815,-31.753,907,141.33
-35.8,-32.363,931,155.42
-40.724,-33.821,964,177.34
-41.243,-36.067,874,147.32
-36.028,-36.028,860,139.95
-35.012,-37.92,786,129.31
-34.414,-40.214,892,160.23
-33.123,-46.284,902,145.48
-30.102,-53.328,985,207.46
-27.904,-55.974,1015,217.01
-22.879,-56.976,1022,172.36
-15.523,-59.756,999,154.36
-7.9569,-59.298,977,164.97
-5.4176,-54.402,997,167.11
-1.7099,-49.606,999,175.81
1.9623,-46.228,942,164.8
9.5483,-42.521,961,187.18
15.871,-37.564,1008,197.95
21.282,-31.702,1002,238.31
24.299,-26.919,986,237.74
24.731,-18.628,1000,225.5
20.99,-16.689,1086,235.36
13.589,-15.29,1059,262.04
8.7485,-11.889,1020,231.91
6.5445,-8.6622,1033,219.94
7.0873,-5.3652,1062,214.53
7.9794,4.1316,1354,280.34
5.6458,7.6468,1322,271.89
4.0083,12.14,1268,264
3.4144,17.511,1274,248.55
4.6505,24.127,1360,262.64
4.8289,30.137,1387,260.54
1.8622,36.274,1090,194.59
