0,-0,232,102.96
1.178,-4.1664,177,125.75
2.5214,-0.75559,108,58.016
1.5753,-3.0305,184,132.88
8.5747,-15.335,2440,290.65
9.0601,-16.565,2452,285.03
8.2899,-17.671,2460,311.08
7.2999,-17.951,2480,292
8.7586,-18.903,2460,262.15
9.371,-20.414,2500,282.87
9.7395,-21.105,2507,277.27
9.8409,-22.381,2532,266.95
10.423,-23.337,2509,268.49
11.154,-23.645,2486,256.86
11.695,-24.389,2427,251.8
11.67,-24.236,2416,261.07
10.946,-25.795,2401,276.98
10.418,-25.215,2362,255.24
10.443,-25.801,2325,242.2
10.122,-26.979,2252,248.82
10.386,-26.414,2200,242.12
10.66,-27.853,2117,245.82
10.026,-27.24,2126,241.01
9.6005,-27.196,2134,251.08
9.0713,-26.067,2167,231.09
8.2964,-26.063,2185,232.96
7.7508,-24.853,2166,231.83
7.0932,-23.672,2140,242.2
5.9526,-25.16,2109,226.49
5.2418,-23.481,2055,220.88
4.6027,-22.135,2034,229.33
3.7977,-22.894,2037,218.24
3.4685,-20.774,2064,221.2
2.9575,-19.601,2070,225.64
2.0769,-17.646,2009,195.82
2.0563,-17.314,1990,210.86
2.2863,-15.623,1983,225.07
1.8533,-13.485,1988,231.43
1.5508,-11.455,1990,246.39
1.6697,-9.4751,1943,231.3
1.5143,-8.5674,1915,220.53
1.2471,-7.8138,1863,210.27
0.82928,-6.1299,1805,214.19
0.38401,-5.3391,1799,226.7
0.38194,-3.6174,1771,195.55
-0.0196,-3.1518,1765,210.8
-0.049954,-2.1416,1792,223.08
0.23565,0.11489,1790,226.4
0.048581,1.3315,1794,198.38
-0.17886,3.1324,1792,223.29
-0.42214,4.7866,1858,211.62
-0.26498,6.6731,1848,205.45
-0.43035,6.8047,1842,236.93
0.32465,8.067,1817,202.91
0.29931,7.7486,1816,217.6
0.83038,8.4931,1803,210.59
1.1646,9.465,1806,214.58
1.6334,9.8379,1847,219.49
1.668,8.8577,1905,225.54
1.678,9.4388,1893,212.79
2.3074,10.007,1946,240.18
2.6963,9.4177,1977,244.33
2.7132,8.9988,1976,230.08
3.1695,8.1997,2010,238.6
3.7114,7.8466,2015,233.2
4.2248,7.4139,2001,254.44
4.9526,6.2711,1963,213.2
5.7143,5.5839,1944,220.28
6.2988,5.6858,1977,266.06
6.276,4.2218,1992,239.22
6.1267,3.5875,1938,254.41
5.8888,3.2911,1884,247.19
5.1512,1.8001,1854,209.74
5.1255,0.89276,1837,219.65
5.1079,-0.62074,1831,233.66
4.9285,-0.4952,1815,226.25
4.8035,-1.0387,1817,213.96
4.5216,-2.3461,1834,214.95
4.5903,-2.1761,1877,196.48
4.8961,-1.932,1929,206.97
4.7055,-0.35031,2009,229.69
4.5193,1.2719,2015,216.18
4.1251,0.37317,2032,220.7
4.2762,0.43602,2051,227.29
4.8302,0.50895,2008,219.4
5.2768,1.7983,1952,196.67
5.5005,3.0679,1887,191.12
5.6259,3.3591,1850,191.51
5.7274,3.8994,1843,212.28
5.5553,3.537,1835,185.35
5.0079,4.2775,1852,194.01
3.8571,4.819,1910,237.42
3.0192,6.4077,1893,206.14
2.2151,7.5376,1915,237.77
0.69049,8.823,1973,231.95
0.26496,9.7777,1993,229.85
-0.33283,10.339,1967,221.84
-0.98897,9.7273,1962,223.73
-0.80315,12.415,1959,217.61
-0.9985,11.488,1948,228.89
-0.53808,13.043,1917,223.14
-0.35288,13.572,1888,229.71
0.19921,14.431,1876,204.57
0.52622,14.937,1842,205.63
1.54,14.873,1889,228.61
2.4492,13.483,1911,215.63
3.2355,14.2,1867,203.55
3.0819,14.046,1868,222.3
3.6899,14.693,1815,191.12
4.0969,13.309,1805,190.03
4.6729,14.062,1791,189.45
5.1582,14.182,1803,207.05
5.2637,13.871,1778,204.65
5.2644,13.16,1783,214.15
5.382,13.062,1789,200.18
5.5861,13.102,1777,203.11
5.1324,14.904,1747,187.73
4.7326,14.252,1776,206.91
4.3556,15.899,1754,212.57
4.1242,14.931,1759,210.3
3.7482,15.748,1762,216.99
3.2159,15.427,1796,212.51
3.0012,15.388,1806,202.29
3.0538,15.279,1813,222.19
3.6731,14.487,1849,207.01
4.3622,14.16,1845,222.5
4.5504,14.292,1835,210.2
4.6375,13.402,1849,226.77
5.2883,12.62,1816,201.95
5.9038,11.688,1820,206.12
6.0014,11.222,1846,209.07
6.1523,9.8627,1914,209.68
6.1222,9.0796,1958,241.48
6.2148,9.7873,1928,229.33
6.1749,8.7855,1946,228.24
5.6077,7.267,1978,220.3
5.2843,7.403,1985,207.33
4.4108,8.3681,2025,219.39
3.7396,8.7214,2070,225.27
3.1759,9.3562,2133,209.77
3.06,10.241,2147,221.12
2.5894,11.071,2212,253.1
1.708,12.308,2238,225.47
0.37484,13.036,2278,239.23
-1.0091,13.603,2346,229.05
-2.2166,13.377,2328,229.58
-2.6255,14.175,2301,220.83
-2.2067,14.218,2275,222.78
-1.3519,14.259,2196,212.81
-0.47751,14.937,2158,221.15
-0.05414,13.817,2134,231.13
0.43368,14.238,2134,222.27
0.72815,14.294,2110,207.51
1.4187,15.738,2097,227.63
2.2978,15.804,2109,216.5
3.0606,15.449,2152,237.77
4.5013,16.557,2114,202.78
4.5854,16.83,2183,244.64
4.4769,18.068,2232,253.7
4.0352,17.891,2299,235.57
3.7239,18.371,2368,260.79
3.0874,21.045,2432,257.24
2.2108,21.534,2496,269.88
1.0227,24.095,2475,257.72
0.57795,24.667,2453,258.54
-0.65683,25.727,2443,242.52
-1.3266,27.505,2420,270.07
-1.9908,28.069,2431,298.44
-2.6233,29.989,2443,251.19
-3.5451,30.676,2418,246.27
-3.9666,32.871,2391,265.04
-5.0607,33.015,2371,252.84
-5.1287,34.491,2381,273.25
-5.09,34.725,2379,263.68
-5.2237,35.278,2422,260.8
-5.1617,35.578,2434,280.58
-5.0329,36.386,2463,272.11
-4.7648,37.356,2494,290.95
-5.5791,38.512,2503,282.97
-5.9722,40.684,2461,281.77
-6.5498,40.819,2473,278.52
-7.1581,40.723,2468,256.41
-7.2204,41.439,2427,285.08
-7.6965,42.32,2382,254.62
-8.4076,41.898,2350,243.14
-8.1675,41.804,2301,246.21
-8.2088,39.957,2246,228.82
-8.1363,39.833,2218,220.89
-8.144,39.623,2218,219.88
-7.8214,38.374,2182,226.17
-7.8121,39.516,2137,218.78
-7.3497,38.071,2101,214.74
-6.9516,38.624,2067,208.87
-7.0909,39.045,2093,222.59
-7.1567,38.602,2114,217.65
-7.6778,39.616,2147,211.66
-7.8249,40.076,2204,223.02
-8.2092,38.991,2193,210.36
-7.927,39.865,2162,204.04
-7.6312,39.161,2149,208.17
-7.9124,37.209,2184,211.22
-7.8934,37.147,2156,222.22
-7.3864,35.901,2145,204.32
-6.7938,35.841,2130,226.58
-6.107,33.706,2150,211.37
-5.1198,34.337,2112,201.85
-4.1595,34.073,2108,207.79
-3.3297,32.997,2143,222.18
-2.0918,33.349,2173,232.42
-1.1122,31.025,2163,212.48
-0.93379,30.701,2200,229.44
-0.95374,29.985,2259,239.02
-1.1167,30.156,2303,237.69
-0.7851,29.223,2333,239.8
-0.24279,28.643,2342,233.06
-0.086062,29.738,2380,239.37
0.16147,30.001,2438,249.91
0.87891,29.507,2482,257.62
1.4146,29.702,2448,239.07
2.1024,29.813,2464,232.23
2.4022,28.805,2453,234.86
3.4054,27.047,2400,232.8
3.6013,27.225,2403,238.65
3.5961,26.602,2386,235.33
4.2253,26.542,2362,234.11
4.8029,26.467,2385,251.63
5.2604,27.024,2414,255.54
5.5073,26.881,2356,232.56
5.8521,26.973,2326,244.91
6.7699,25.625,2324,239.44
6.8529,25.42,2330,265.62
7.4978,24.523,2240,231.73
7.8228,23.853,2232,227.31
8.2089,23.228,2199,216.17
8.2183,23.527,2231,220.76
8.3268,24.213,2235,212.81
8.2467,22.694,2269,210.6
8.1838,23.714,2263,213.32
8.588,24.907,2276,213.8
9.2329,25.52,2304,213.43
9.7086,24.829,2339,229.58
10.339,25.752,2366,230.26
10.522,25.128,2394,233.95
10.648,25.624,2385,235.68
10.747,25.071,2387,232.87
10.615,23.745,2454,245.75
11.019,24.678,2431,242.56
10.728,24.074,2430,236.63
10.103,25.395,2502,246.3
9.9923,26.576,2556,257.72
9.7242,27.287,2554,261.04
9.3754,26.93,2552,255.62
8.7748,28.191,2556,258.53
8.477,28.919,2585,267.14
8.4385,28.058,2600,275.89
8.1902,29.215,2630,267.16
7.9045,29.529,2590,269.85
7.2728,31.395,2554,263.7
6.7392,31.397,2509,231.8
5.9166,31.597,2476,224.3
4.8684,31.338,2503,232.5
4.7899,32.164,2583,234.04
4.6288,31.884,2659,236.64
4.3908,31.885,2730,237.18
4.7537,30.687,2824,262.01
5.6728,31.463,2837,266.33
5.5492,32.764,2779,287.04
5.8096,34.585,2761,255.06
6.6784,36.476,2718,251.32
6.7045,36.527,2748,270.2
6.9245,39.331,2745,263.69
7.7383,39.788,2753,259.87
8.5351,42.513,2771,287.64
9.6206,43.628,2778,285.82
10.487,44.157,2773,291.63
11.1,45.872,2781,268.49
11.379,47.242,2824,285.25
11.62,47.011,2928,303.06
11.238,47.432,2937,313.54
10.883,49.148,2932,301.8
10.202,49.622,2928,285.09
10.158,50.877,2918,269.29
9.5267,51.568,2951,288.35
9.7456,52.557,2926,283.8
9.7957,53.127,2940,287.52
10.084,54.743,2914,284
10.696,55.255,2914,267.2
11.225,55.615,2904,277.9
11.595,56.054,2947,296.6
11.634,57.423,2992,303.63
11.785,58.57,3019,310.27
11.841,58.849,3097,328.13
12.259,58.902,3102,312.21
11.755,59.295,3120,301.53
10.972,58.845,3103,293
10.314,58.701,3112,288.81
8.8663,57.649,3088,289.04
8.4406,56.952,3093,299.27
7.3925,56.089,3108,309.19
7.0475,55.997,3097,284.53
6.8479,55.112,3123,282.2
6.1601,54.478,3140,296.67
5.5314,53.914,3146,322.94
4.7822,53.025,3157,300.61
3.768,51.833,3115,315.34
3.2933,52.228,3079,262.23
2.9284,50.411,3092,276.98
2.9353,49.781,3033,274.43
2.5364,49.46,2982,264.51
1.998,48.687,2898,288.3
0.97881,46.86,2840,273.26
0.16232,46.191,2818,261.89
0.75495,44.883,2775,250.53
1.0991,44.64,2809,272.47
1.5533,43.994,2814,293.97
1.674,43.996,2818,303.22
1.6336,44.898,2761,312.04
1.3336,42.784,2669,294.67
1.3893,42.33,2711,281.49
1.1988,42.352,2766,317.16
0.77854,41.905,2679,308.62
-0.0011285,41.179,2582,280.29
-0.29756,40.752,2523,261.7
-0.74412,40.1,2465,256.69
-1.3908,39.608,2469,267.52
-1.7128,38.394,2451,267.95
-1.6238,38.532,2475,281.06
-1.351,38.516,2481,270.16
-0.65566,39.479,2459,274.77
0.34925,39.277,2454,281.7
1.413,38.987,2395,246.25
1.9832,38.937,2368,252.03
2.6103,38.878,2379,243.26
2.83,38.682,2408,248.91
3.701,40.69,2459,247.5
4.1186,41.918,2403,230.96
4.075,42.841,2481,235.84
4.1396,44.26,2538,263.75
3.9819,46.344,2628,252.66
3.6414,46.085,2720,271.82
4.1082,45.78,2719,273.14
3.8932,44.801,2765,276.26
3.6427,43.931,2747,282.8
3.5978,43.53,2760,301.25
3.6615,42.804,2776,294.52
3.2195,42.874,2801,285.98
2.3901,41.3,2785,276.94
2.4113,39.775,2718,268.03
2.5599,38.092,2700,256.55
3.6191,38.881,2641,269.34
4.6315,37.568,2601,248.61
5.5147,35.125,2583,284.45
6.1417,34.908,2519,259.02
7.2451,35.646,2449,265.14
8.0436,35.087,2396,255.77
8.2505,35.93,2346,252.59
8.8588,34.699,2390,234.16
9.4832,35.172,2408,237.39
9.3703,35.305,2525,278.59
8.9628,35.75,2606,270.59
8.33,36.119,2725,295.29
7.3063,37.965,2777,279.33
6.2408,38.937,2820,309.67
5.3574,41.099,2825,272.93
4.6044,41.559,2796,273.98
4.3221,42.277,2761,269.86
4.8362,43.001,2722,250.3
4.3945,43.771,2659,239.65
3.7277,42.964,2636,246.66
3.3807,42.465,2582,226.79
2.677,41.807,2579,217.49
2.1778,42.113,2544,231.01
1.2616,41.305,2505,223.94
0.76296,40.699,2512,226.91
0.48897,40.232,2553,236.7
0.85349,40.237,2604,247.21
1.4941,40.106,2622,252.18
1.7399,39.183,2601,227.28
2.0031,38.62,2579,229.7
1.9385,37.814,2585,231.47
2.3253,36.944,2574,222.46
2.3419,37.286,2620,240.56
2.2811,35.955,2650,236.7
2.225,36.823,2733,246.54
2.2999,36.434,2807,236.48
2.7603,36.831,2893,257.27
2.7356,36.396,2927,249.26
2.1288,36.501,2926,253.05
1.8864,35.696,2926,260.31
1.8529,35.52,2942,265.8
1.7121,34.985,2950,264.84
1.6859,34.05,2928,263.4
1.6305,33.647,2929,256.71
1.3639,33.98,2884,250.42
0.99373,33.829,2917,258.59
0.21925,32.366,2907,256.76
-0.82525,34.382,2911,262.05
-1.6249,33.037,2879,257.48
-2.5163,33.575,2848,244.97
-3.1243,34.478,2838,247.34
-3.5355,36.261,2861,246.56
-3.8306,35.717,2841,266.06
-3.4551,35.829,2774,239.42
-3.7785,35.436,2780,244.32
-3.8137,36.264,2741,244.81
-3.9381,36.466,2734,235.41
-3.591,35.502,2691,244.45
-3.8534,36.301,2685,272.85
-3.9695,37.27,2610,242.53
-4.602,37.365,2623,250.82
-4.8501,38.943,2592,248.37
-4.8918,39.054,2588,250.97
-5.0845,40.099,2541,259.39
-5.5949,40.624,2554,279.19
-6.4101,40.995,2535,254.71
-7.1646,40.05,2540,262.79
-7.3949,40.791,2551,253
-7.6324,41.384,2547,249.66
-7.6404,42.068,2570,254.31
-6.9917,41.373,2574,255.63
-5.5189,41.381,2595,235.21
-4.6756,41.032,2619,227.83
-4.2239,41.053,2635,232.41
-3.9545,39.593,2638,242.9
-3.3351,39.472,2653,229.37
-3.1044,40.678,2692,226.65
-2.5923,40.891,2726,228.66
-2.962,39.772,2817,236.5
-2.5331,40.103,2838,230.64
-2.0622,40.34,2879,232.26
-1.9357,39.208,2942,243.93
-1.8719,39.645,2931,252.57
-1.8625,38.96,2964,275.58
-1.8681,38.545,2991,278.71
-1.2713,39.408,3022,264.56
-1.75,39.304,3029,286.95
-1.407,39.879,3065,318.31
-1.6326,38.625,3112,281.65
-1.3014,39.787,3096,286.09
-1.6872,39.161,3122,286.07
-1.3464,39.017,3138,286.51
-1.6047,38.874,3132,285.87
-1.6834,39.15,3170,298.8
-1.5082,40.451,3195,302.53
-1.4597,39.017,3238,291.94
-1.5586,38.99,3270,341.08
-1.5989,39.015,3299,315.95
-1.8211,39.383,3293,337.36
-1.7135,40.179,3359,307.74
-2.0015,40.244,3346,326.57
-2.809,40.842,3381,327.07
-2.9863,40.67,3389,337.3
-2.9106,41.082,3359,369.18
-3.3751,41.608,3336,347.14
-3.6107,42.057,3299,308.18
-2.8002,42.097,3313,325.42
-2.485,40.395,3210,282.82
-2.5393,40.813,3100,278.79
-2.5306,38.299,3048,265.25
-2.0691,38.052,2995,262.41
-1.969,37.632,2955,241.96
-1.5144,36.863,2898,250.53
-0.96541,34.872,2901,256.06
-0.37382,35.302,2883,237.78
0.45653,33.859,2859,230.15
1.3169,35.138,2842,240.48
2.186,32.36,2843,239.81
2.3809,33.016,2840,248.74
2.2869,33.301,2901,240.6
1.876,33.333,2931,258.1
1.4198,34.233,2894,256.18
0.81298,34.077,2863,245.95
0.9102,34.525,2784,237.5
1.4174,34.702,2759,243.35
1.4863,34.851,2785,224.71
1.0897,34.833,2742,227.94
0.24181,35.81,2765,226.55
-0.38113,35.297,2809,230.33
-1.9462,35.786,2889,239.29
-2.436,35.658,2941,250.81
-3.5582,35.775,3030,257.06
-4.227,36.553,3059,260.45
-4.308,37.773,3047,265.6
-4.4908,37.392,3018,249.81
-4.3131,39.278,3028,242.22
-4.4854,38.637,3043,240.41
-3.6478,37.957,2993,231.84
-2.9995,39.207,2967,239.46
-2.9848,37.468,2975,255.65
-2.6999,37.844,2995,255
-1.9232,38.603,2968,255.95
-1.3022,38.888,2912,258.07
-1.2307,38.759,2921,273.24
-1.7033,38.826,2908,261.07
-1.1926,38.814,2859,249.95
-0.81986,37.883,2800,251.18
-0.25794,38.214,2804,230.45
-0.1819,38.455,2789,233.8
-0.46842,38.75,2769,238.23
-0.67345,36.461,2691,235.69
-0.33884,37.098,2705,237.81
0.094537,37.59,2731,228.31
0.6632,37.048,2734,226.31
0.7214,38.117,2809,262.76
0.93704,38.209,2866,247.6
0.71264,39.059,2869,239.37
0.33722,39.321,2958,271.58
-0.27613,40.591,2951,259.32
-1.2834,39.609,2952,254.04
-2.3972,39.372,3016,278.2
-3.728,40.219,3020,273.42
-4.8702,39.438,3052,288.62
-5.6272,38.063,3085,272.55
-6.3807,38.017,3087,284.02
-7.4007,38.322,3044,265.65
-8.589,36.583,3061,258.29
-9.0007,36.096,3054,273.55
-9.9066,36.798,3027,295.18
-10.106,36.515,3021,284.17
-10.491,36.95,2958,272.36
-11.025,36.417,2921,263.76
-11.304,36.795,2872,268.24
-10.679,36.307,2785,264.78
-10.422,36.327,2721,248.57
-9.6228,36.138,2657,241.28
-8.4491,36.295,2618,239.59
-7.914,36.721,2590,262.54
-7.5891,36.211,2557,240.52
-7.002,37.038,2552,249.45
-6.2508,37.643,2528,250.6
-5.7732,36.93,2467,234.94
-5.0808,37.088,2487,252.53
-3.8533,38.52,2464,244.19
-2.562,38.148,2446,232.78
-1.5837,37.92,2422,228.65
-0.46677,37.215,2416,232.55
1.1843,35.924,2409,270.02
2.1785,38.262,2372,248.05
2.4737,36.497,2422,255.53
2.8678,37.07,2372,239.04
3.2266,37.442,2373,238.12
3.2187,38.552,2392,227.66
3.2821,40.591,2440,246.68
3.0989,40.51,2444,225.22
2.4821,42.925,2482,246.01
1.6569,44.637,2535,245.68
0.3239,44.708,2601,247.16
-1.0759,45.331,2611,221.72
-2.4161,46.151,2624,225.58
-3.5753,45.357,2644,213.43
-4.1542,46.02,2702,232.85
-4.6882,46.733,2748,244.34
-5.3558,47.146,2802,248.5
-5.7764,47.371,2876,256
-6.1681,48.655,2883,269.82
-6.6422,48.414,2964,272.79
-7.4989,49.983,3074,304.4
-8.1001,51.086,3076,274.99
-9.0336,51.184,3118,287.49
-9.5074,52.953,3075,285.66
-10.01,53.454,3083,292.1
-10.586,53.844,3081,297.53
-11.146,53.927,3093,306.19
-10.828,54.5,3039,288.73
-10.563,55.579,3000,300.68
-10.971,55.7,3025,309.17
-11.376,57.042,3044,317.22
-11.736,58.696,3040,328.95
-11.786,60.115,3114,328.63
-11.886,61.44,3151,334.15
-12.143,62.653,3150,354.19
-11.975,65.17,3158,330.25
-11.601,66.045,3191,350.01
-10.99,66.506,3206,361.46
-10.723,68.898,3203,362.05
-10.457,70.272,3242,363.14
-9.8135,72.333,3239,341
-9.483,73.901,3219,333.7
-9.6376,74.826,3249,327.34
-10.167,77.772,3307,340.93
-10.418,79.752,3376,355.12
-10.507,81.488,3434,335.81
-10.374,83.349,3383,331.55
-10.362,85.765,3401,339.39
-10.578,88.056,3381,328.4
-11.334,90.22,3315,326.08
-12.243,91.466,3268,312.66
-13.04,92.23,3303,302.11
-13.35,93.583,3318,353.67
-13.957,94.642,3306,355.43
-14.67,96.916,3266,366.1
-15.484,97.944,3282,360.78
-16.442,99.18,3230,346.17
-17.094,98.631,3233,344.84
-17.863,100.42,3277,355.26
-18.813,99.26,3248,341.13
-18.834,99.566,3223,312.76
-19.081,99.204,3273,328.63
-19.052,98.334,3260,316.72
-18.031,95.968,3251,295.54
-18.154,95.974,3246,300.71
-17.391,96.174,3297,290.39
-16.808,95.785,3329,302.68
-16.67,95.267,3465,346.56
-16.641,95.173,3451,345.84
-16.101,94.573,3474,319.68
-15.026,92.077,3450,308.04
-13.355,90.63,3374,343.32
-11.678,89.348,3337,308.35
-9.9111,88.026,3356,306.81
-7.9977,86.358,3381,340.97
-6.4314,84.558,3305,317.92
-5.0356,83.334,3222,310.37
-3.344,81.083,3199,311.31
-1.788,79.491,3171,311.84
-0.046548,78.018,3143,294.14
1.0601,74.709,3165,293.82
2.6916,73.198,3154,297.37
3.4805,71.433,3147,290.57
3.6251,69.107,3115,283.52
3.6927,67.274,2976,265.68
3.7257,64.877,2937,278.11
3.3549,63.12,2839,249.61
3.4886,61.572,2795,239.36
2.2746,59.782,2760,239.22
1.84,59.197,2735,250.66
2.1747,58.393,2725,244.12
2.2707,57.526,2746,244.59
1.8985,57.002,2744,250.73
1.7997,55.868,2738,250.8
1.4106,56.159,2769,261.19
1.4443,55.478,2812,261.2
1.4782,55.563,2832,271.96
1.2839,55.436,2869,264.31
1.5313,55.658,2881,277.61
1.5917,55.84,2888,267.81
1.3858,55.365,2941,281.49
1.671,54.897,2981,293.09
1.6467,55.354,2982,289.49
1.6204,55.373,3037,287.11
1.7826,54.929,3089,321.75
1.6517,54.217,3144,293.83
1.927,54.624,3123,299.23
2.078,54.233,3184,319.61
2.2807,54.484,3226,306.78
2.7476,53.066,3233,311.66
2.8687,52.814,3288,296.48
3.3533,52.158,3279,329.96
3.6206,52.327,3270,361.82
3.5382,51.452,3302,326.8
3.8449,51.537,3348,353.17
4.4139,51.895,3410,337.77
4.9403,51.814,3453,328.58
5.0918,52.122,3445,329.63
4.7357,52.594,3472,319.3
4.6091,52.524,3423,307.43
4.1976,51.988,3384,310.69
4.4774,51.618,3266,291.25
5.1438,52.239,3149,265.2
6.0276,50.357,3036,258.94
6.4051,49.456,3003,273.22
6.9524,48.283,2994,263.51
7.5021,47.304,2972,264.41
7.1687,45.067,2895,252.49
6.741,44.724,2878,248.42
6.3414,44.333,2877,248.32
5.6707,42.777,2906,255.65
5.5358,42.651,2916,255.78
4.9557,41.37,2951,245.07
3.973,40.428,2905,248.45
3.2271,41.14,2869,251.33
2.6453,39.63,2873,262.41
1.9571,39.417,2904,266.12
0.80225,39.726,2886,268.9
0.058014,40.533,2811,239.54
-1.0449,40.667,2755,227.61
-1.8776,40.604,2755,233.77
-2.3516,39.595,2723,225.37
-2.5682,39.33,2677,221.86
-2.3006,39.33,2654,219.45
-2.1494,41.139,2683,223.98
-2.3867,41.011,2671,241.61
-2.3667,41.202,2703,234.07
-2.5926,41.167,2783,248.41
-2.3358,42.842,2805,244.03
-1.7376,42.262,2831,246.57
-1.9508,42.461,2881,254.62
-2.161,42.594,2876,221.75
-2.4063,43.172,2835,232.57
-2.2435,43.798,2855,232.63
-2.2581,45.345,2862,247.92
-2.0355,46.299,2860,233.71
-1.7302,45.507,2863,237.55
-0.87293,45.227,2845,224.51
-0.76242,47.904,2839,247.37
-0.20454,47.934,2822,231.47
0.32284,47.765,2769,227.41
0.4047,47.612,2745,221.86
0.73023,47.141,2779,230.93
0.49005,47.261,2795,242.28
0.066004,48.262,2809,233.18
-1.0282,48.543,2868,230.16
-0.59377,49.656,2842,248.79
-0.49986,50.594,2861,234.16
-0.55422,50.679,2820,238.66
-0.51647,50.438,2844,241.48
-0.69253,50.058,2923,251.26
-0.74244,51.263,2937,272.66
-0.71011,51.901,2958,250.88
-1.402,51.772,2998,270.61
-1.958,53.263,2967,261.17
-1.9955,54.27,2933,271.66
-2.2783,54.644,2918,271.5
-3.0237,54.751,2920,263.01
-3.6617,54.939,2930,277.82
-4.179,54.569,2964,265.74
-4.5732,54.745,2981,274.22
-4.6361,55.842,2966,268.1
-5.1182,56.875,3019,254.81
-5.275,58.303,3012,264.36
-5.0271,60.614,2978,267.36
-4.1477,61.713,2924,259.02
-3.5972,62.93,2943,282.75
-3.0404,65.968,3011,293.64
-3.7655,67.218,3147,312.47
-3.5722,69.367,3211,324.26
-3.1958,71.277,3331,314.14
-3.3019,72.323,3446,325.43
-3.8377,74.641,3490,333.83
-4.197,76.413,3507,328.52
-3.747,77.393,3462,354.01
-3.264,77.524,3429,323.45
-3.0452,77.808,3335,306.88
-2.1627,77.63,3293,316.51
-1.3774,76.65,3251,339.01
-1.0306,75.099,3206,335.6
-0.4585,77.14,3210,340.3
-0.1465,76.693,3209,346.83
-0.68742,77.487,3217,325.54
-0.41599,79.238,3184,321.5
0.73789,79.35,3082,306.35
1.6657,80.434,3062,292.36
2.0891,79.908,3027,271.77
2.4498,79.083,3010,254.86
3.2033,80.05,3017,256.1
3.944,79.866,2970,249.12
4.4325,80.708,3044,293.28
5.3053,80.67,3039,304.44
6.4682,79.736,3022,296.83
7.8778,78.735,2971,268.21
8.6933,79.187,2963,273.94
9.7188,78.768,3014,275.3
10.252,78.994,3113,272.38
10.182,79.804,3155,283.19
10.365,80.089,3190,273.59
10.723,79.455,3236,270.39
11.244,78.731,3223,266.09
11.674,77.173,3212,259.63
11.012,77.679,3165,266.25
10.243,75.314,3197,280.06
10.28,75.725,3178,243.45
10.816,74.48,3191,267.19
11.188,73.29,3223,297.52
11.816,70.808,3122,269.01
12.303,69.718,3096,260.54
12.556,68.36,3044,262.65
13.048,67.794,2954,236.62
13.341,66.123,2950,251.34
13.972,65.208,2879,239.15
14.298,63.719,2868,250.4
15.405,63.339,2854,256.1
16.523,62.182,2810,247.08
16.836,61.063,2802,247.15
17.541,58.835,2755,248.14
18.025,57.637,2789,248.82
19.511,56.609,2764,246.2
20.828,54.527,2766,278.15
20.906,53.808,2708,266.37
20.194,52.174,2626,267.14
19.522,50.279,2634,280.85
18.368,50.16,2581,274.25
17.423,49.5,2470,232.88
16.607,48.359,2443,239.08
15.817,45.888,2395,240.16
14.806,44.168,2319,218.02
14.759,42.9,2345,231.34
14.264,39.648,2299,223.05
14.007,39.983,2327,204.03
13.226,38.934,2291,221.01
13.108,38.063,2186,214.06
12.165,36.907,2210,209.57
11.833,35.585,2160,211.66
11.777,33.943,2105,201.15
12.163,33.451,2114,200.51
11.832,32.904,2087,206.16
11.498,31.651,2126,231.82
11.518,32.941,2143,216.44
11.558,32.304,2175,222.97
11.353,31.771,2205,212.74
11.441,31.17,2216,220.24
11.175,30.953,2274,252.41
11.197,31.813,2300,263.56
11.391,31.927,2304,241.46
11.252,31.691,2335,255.88
11.156,30.298,2347,265.43
11.195,31.169,2360,264.71
11.231,31.402,2376,267.22
11.083,31.539,2392,286.4
11.147,30.32,2358,254.86
11.122,30.682,2439,293.49
10.947,31.633,2416,272.51
10.883,31.31,2410,250.43
11.059,30.747,2438,272.94
11.155,30.341,2477,292.62
10.934,30.955,2449,244.91
10.997,30.568,2459,257.3
10.576,30.419,2459,275.38
10.144,30.022,2420,285.24
10.084,30.376,2415,293.88
9.7916,28.947,2400,285.41
9.5447,30.322,2365,254
9.3511,29.731,2357,290.67
9.6194,29.759,2327,285.32
9.376,29.729,2365,292.54
9.0575,30.44,2339,263.06
9.3366,29.846,2368,270.19
8.8744,28.514,2354,265.99
8.6058,28.723,2359,285.7
8.5573,29.232,2357,249.47
8.5469,29.348,2383,244.44
8.3413,28.306,2371,273.12
8.5239,28.552,2317,267.57
8.4181,28.93,2272,239.69
8.5144,26.402,2239,248.81
8.4432,25.793,2215,272.99
8.3161,25.165,2187,242.01
8.1976,24.282,2179,257.1
8.4535,24.272,2149,237.98
8.9119,23.974,2107,253.32
8.7408,22.995,2113,231.78
8.7604,21.95,2131,262.52
9.1264,21.463,2064,234.82
9.2345,20.025,2015,228.87
9.5147,20.533,2017,229.95
10.099,21.016,1989,241.27
10.966,21.018,1955,225
11.921,20.753,1931,226.78
13.413,20.252,1907,226.98
14.145,19.777,1873,230.31
14.581,18.7,1840,220.55
14.447,16.116,1812,243.7
14.682,15.963,1785,230.32
14.485,14.969,1759,240.33
14.536,14.602,1718,228.09
14.406,15.797,1694,251.33
13.938,15.614,1636,214.89
13.259,15.681,1629,222.94
12.813,16.281,1614,197.07
12.675,16.547,1619,217.39
12.289,18.915,1635,226.62
12.042,19.507,1592,175.8
12.581,18.725,1616,201.54
12.702,21.02,1636,187.65
12.693,21.438,1680,186.19
12.574,23.598,1732,226.26
12.066,23.835,1781,193.59
11.696,24.019,1834,222.92
11.164,26.146,1863,209.09
11.048,27.551,1886,222.03
11.084,29.241,1918,205.72
11.47,30.702,1967,221.64
11.429,30.969,1984,210.3
11.103,32.753,1930,207.03
10.161,31.651,1914,229.73
9.9659,32.763,1920,231.76
8.8592,33.319,1893,206.86
8.234,33.684,1977,211.07
8.0346,33.727,2009,225.37
8.3613,32.771,2031,233.34
8.0823,35.489,2044,217.82
7.5397,35.501,2103,204.59
7.4897,36.559,2131,208.18
7.6749,35.989,2158,204.15
7.9761,36.454,2263,210.08
8.8874,37.365,2355,236.61
9.3375,37.992,2408,241.85
9.9391,39.038,2420,251.08
10.048,38.438,2497,239.09
10.478,39.297,2545,241.2
10.642,39.96,2558,244.99
10.767,40.904,2593,243.58
10.848,40.874,2622,237.87
11.129,41.005,2625,243.17
10.97,40.91,2607,230.25
11.046,40.724,2659,235.69
11.234,41.388,2668,219.73
11.662,41.892,2692,241.32
11.808,42.837,2750,239.58
11.777,42.45,2810,249.53
12.205,40.868,2879,255.11
13.236,41.22,2942,268.35
14.25,39.965,3025,275.14
14.835,38.905,3072,271.59
14.8,38.315,3185,287.2
14.388,36.21,3316,330.42
13.648,35.716,3433,306.32
13.319,34.248,3443,306.45
13.778,34.516,3495,316.17
13.904,33.21,3506,296.93
13.953,31.642,3462,298.74
14.152,32.338,3524,318.26
14.026,31.161,3628,304
14.078,31.255,3637,318.35
13.835,31.384,3675,306.83
13.361,30.388,3713,357.54
13.339,30.996,3758,355.55
12.938,30.985,3824,363.61
12.898,30.589,3806,366.82
12.787,29.862,3811,360.32
12.396,29.19,3859,390.82
12.383,29.116,3881,441.76
12.166,30.261,3878,404.08
12.156,29.872,3875,404.91
11.687,28.702,3890,438.22
12.156,29.736,3868,419.7
11.794,28.819,3914,489.13
11.911,29.792,3923,485.92
11.403,28.509,3844,470.19
11.278,29.108,3904,453.64
11.451,28.013,3877,439.99
11.117,28.765,3907,438.1
11.346,27.497,3933,442.38
11.162,29.547,3982,417.29
11.127,28.716,4055,403.86
11.029,28.736,4046,411.29
11.157,29.274,4064,465.37
11.049,29.502,4020,447.14
10.201,28.618,3987,417.06
9.8746,28.99,3960,418.63
8.8089,28.313,3952,393.75
7.5982,28.53,3870,380.06
7.0712,27.568,3861,351.76
6.2746,28.501,3798,344.16
5.4888,27.671,3670,339.77
4.9124,28.478,3565,324.92
3.8905,28.666,3484,305.54
2.9795,27.871,3420,278.22
2.1109,28.297,3294,277.57
1.4155,29.617,3154,275.97
0.56867,28.48,3093,281.19
-0.029388,29.556,3017,287.13
-0.54035,30.607,2973,260.56
-0.73157,30.502,2951,284.36
-0.58032,30.027,2995,258.54
0.28947,31.341,3038,273.22
1.6082,32.028,3092,273.3
2.3063,33.97,3113,277.66
2.8694,34.157,3147,268.54
3.7515,35.797,3212,257.6
4.5323,36.483,3259,250.44
4.7118,38.573,3381,264.56
5.3531,39.322,3436,263.38
5.9109,40.793,3489,280.73
6.9032,41.585,3561,294.4
7.2991,42.192,3588,280.55
7.4179,43.194,3647,299.66
7.168,43.668,3734,293.39
6.9879,45.217,3712,290.29
6.3476,45.243,3786,318.14
5.3514,46.816,3896,324.7
4.5647,49.434,3829,306.95
3.7491,50.281,3802,314.88
3.1508,50.986,3738,326.04
3.4913,52.596,3657,317.72
3.2536,54.127,3572,287.57
2.8377,54.023,3436,275.34
2.7415,55.871,3390,279.48
1.8983,56.524,3405,288.91
1.402,57.931,3345,294.09
1.3786,61.435,3326,290.52
1.0909,62.625,3412,304.15
0.68062,62.867,3461,310.55
0.85491,63.786,3341,291.47
1.2503,64.592,3283,298.85
2.0404,65.146,3235,283.76
2.9067,64.41,3255,293.51
3.4221,64.795,3285,300.88
4.4289,63.98,3343,298.49
5.5579,63.142,3442,304.51
6.9689,63.721,3512,298.04
8.0527,62.016,3577,309.98
9.2029,64.371,3690,294.28
9.022,62.329,3708,301.09
9.5018,62.839,3574,286.29
9.5536,61.893,3408,288.51
9.6742,60.178,3379,269.3
10.721,60.676,3322,270.6
11.825,60.241,3338,284.43
13.304,60.204,3347,287.37
15.157,60.063,3348,270.39
15.741,60.703,3360,267.22
15.149,61.228,3344,255.82
15.27,61.232,3223,278.52
16.044,61.371,3162,287.52
16.734,61.963,3145,272.74
16.87,60.985,3065,266.68
17.319,60.65,3082,268.81
17.465,59.675,3077,248.81
18.207,57.754,3032,263.5
18.771,56.561,2983,258.13
19.597,55.269,2974,246.41
20.157,55.855,2862,281.27
20.79,54.908,2862,262.06
22.596,54.244,2837,256.24
24.287,53.531,2808,255.39
26.498,52.22,2780,252.21
28.222,52.425,2766,253.67
29.646,51.209,2839,243.86
30.546,50.605,2890,239.46
31.123,51.722,2952,249.75
31.613,51.908,3041,257.56
30.517,53.856,3057,279.12
30.23,53.853,3027,263.38
29.536,54.364,2946,265.49
28.354,54.555,2965,274.9
26.787,53.362,2969,263.41
25.041,53.189,2956,262.76
24.582,52.918,3005,267.71
23.647,51.772,3070,269.83
23.183,52.085,3128,289.6
22.354,52.227,3094,275.64
21.308,52.069,3160,281.06
19.39,52.01,3299,302.66
18.416,51.607,3364,297.12
17.607,51.296,3423,290.33
16.434,50.879,3493,305.43
15.289,50.236,3447,312.19
14.856,50.763,3453,313.09
14.154,48.866,3406,291.7
14.35,49.287,3481,298.99
13.342,49.493,3505,296.23
12.496,50.996,3564,292.63
11.811,51.839,3480,274.48
11.494,53.556,3420,268.34
10.54,55.916,3374,247.78
10.17,57.114,3305,246.54
9.2241,57.515,3255,257.7
8.6878,58.275,3268,272.19
8.1393,59.429,3214,280.84
7.6871,60.96,3300,301.58
7.2618,61.659,3331,297.53
7.1162,62.798,3368,280.04
7.2137,61.757,3470,281.18
7.7124,61.283,3405,273.12
8.1388,62.75,3368,263.07
8.5717,62.852,3359,259.39
9.2383,62.834,3453,277.03
9.7825,63.953,3540,296.69
10.103,64.353,3674,302.04
11.264,64.232,3668,287.85
13.136,63.242,3658,276.66
14.968,64.432,3685,276.52
16.793,64.168,3670,301.24
17.974,63.476,3691,285.01
18.408,62.763,3596,290.69
18.5,63.042,3498,291.92
18.405,63.206,3477,307.21
18.643,62.952,3436,303.91
18.712,64.11,3491,310.97
19.225,66.456,3483,301.41
19.565,65.755,3464,307.45
20.87,66.407,3343,290.81
22.087,66.833,3270,289.98
22.871,67.662,3208,291.07
23.939,67.631,3131,280.75
23.971,67.385,3094,285.89
24.555,68.22,3101,282.58
24.431,67.756,3055,273.37
24.408,67.273,3058,289.31
25.221,66.268,3029,302.78
25.926,65.599,3011,272.55
27.063,64.781,2961,261.6
28.469,62.784,2960,253.36
29.917,61.36,2999,283.43
31.477,59.507,2967,255.62
32.55,59.734,2889,244.38
33.219,58.935,2873,251.7
33.597,58.321,2786,252.03
33.343,57.658,2683,242.69
33.791,58.391,2693,234.11
33.006,58.956,2735,242.34
31.79,57.278,2732,259.31
29.752,57.059,2781,257.66
28.168,57.92,2774,245.05
26.565,59.219,2837,233.17
24.119,58.897,2886,239.75
22.425,59.217,3021,246.38
20.917,58.915,3062,269.39
20.551,58.512,3065,286.44
21.038,58.085,3068,290.22
21.029,57.595,2960,272.46
21.567,56.788,2984,266.96
21.935,57.518,2987,290.79
22.041,57.991,2965,278.41
22.259,59.769,3012,289.22
21.877,60.083,2987,264.93
21.459,60.796,3096,282.62
21.409,60.569,3219,304.57
20.773,61.728,3297,292
19.929,62.108,3380,303.96
19.093,62.178,3315,281.97
18.623,63.112,3268,279.42
18.77,65.4,3201,274.07
18.697,66.483,3081,264.34
18.322,68.705,3049,252.57
17.359,67.944,3043,253.22
17.395,69.577,2935,231.2
16.581,69.364,2888,247.88
16.56,69.621,2852,228.31
16.694,69.403,2945,240.55
18.307,69.095,3003,233.79
19.653,69.587,2973,243.51
19.239,69.975,2971,238.24
19.493,71.911,3001,245.86
19.26,70.986,3015,246.06
18.763,70.793,3022,246.51
19.272,70.54,2979,247.34
20.366,70.982,2876,241.24
20.969,72.362,2771,229.09
21.095,73.964,2648,229.23
21.102,74.488,2631,240.89
20.611,74.124,2631,250.57
21.28,75.021,2624,255.29
22.069,73.689,2654,276.32
23.008,74.509,2754,279.82
23.722,75.31,2815,284.97
23.525,73.895,2875,260.55
23.221,73.788,2935,261.28
23.575,71.443,2901,266.91
24.292,71.211,2829,267.47
24.728,71.21,2811,263.53
24.039,72.683,2866,271.92
24.288,73.526,2802,279.54
24.776,73.217,2912,259.35
25.438,72.512,2955,266.72
26.059,73.453,2876,243.22
25.768,73.967,2922,246.78
26.285,74.209,2921,260.37
26.521,75.542,2924,243.68
26.38,73.098,3060,270.28
26.227,72.955,3089,263.87
26.256,74.964,3128,259.11
26.312,73.637,3165,280
26.26,73.634,3178,274.89
26.452,74.363,3221,280.21
26.399,73.848,3279,299.46
26.321,73.995,3314,295.49
26.215,74.305,3351,292.95
26.439,74.497,3405,306.64
26.385,73.696,3476,298.71
26.47,73.96,3504,301.64
26.37,73.751,3548,311.8
26.383,73.561,3593,311.6
26.296,73.611,3616,326.61
26.034,73.279,3638,356.82
25.851,73.376,3612,348.78
25.603,73.404,3603,331.96
25.472,73.949,3614,333.51
25.408,73.355,3582,375.29
25.5,74.116,3518,344.39
25.798,73.351,3483,379.92
26.021,71.395,3427,318.7
26.9,70.312,3329,321.17
27.851,69.466,3235,269.27
28.756,67.997,3224,283.26
29.877,69.473,3220,282.89
29.855,68.572,3167,268.16
29.189,70.64,3005,258.92
28.686,71.525,2867,265.38
28.098,72.191,2762,233.98
27.471,72.793,2745,262.6
27.036,73.946,2741,254.34
26.383,73.381,2742,265.52
25.311,73.642,2708,265
24.082,72.598,2686,266.04
22.938,72.065,2674,244.35
21.433,70.992,2707,245.57
20.021,71.85,2696,239.78
18.409,71.504,2723,240.58
16.716,71.014,2721,228.56
15.602,70.621,2719,232.48
14.996,70.914,2735,240.58
13.849,69.922,2715,239.75
14.086,69.172,2787,271.18
14.162,67.449,2738,241.52
13.746,67.871,2730,248.12
13.147,67.711,2654,229.44
12.259,67.074,2573,243.73
11.826,66.318,2528,243.31
12.337,66.114,2613,247.04
12.284,65.551,2616,272.53
12.155,65.361,2611,251.56
12.204,65.914,2656,256.41
12.07,66.224,2679,250.93
11.192,64.461,2778,278
10.812,65.296,2818,267.94
9.6319,64.593,2868,263.92
9.1988,67.143,2890,252.7
8.8801,66.164,2940,253.98
9.418,67.048,2921,251.29
10.182,67.321,3023,289.71
10.025,67.861,2968,280.12
9.12,69.661,2965,249.24
9.6239,69.845,2951,267.89
9.6691,68.172,3094,281.34
10.504,69.47,3134,312.06
11.091,68.607,3162,312.82
11.404,68.702,3157,305.32
10.286,68.617,3158,328.87
9.2886,68.756,3172,308.35
7.7866,65.975,3202,310.64
6.8255,66.389,3256,285.3
6.5596,65.884,3219,296.72
5.8577,65.734,3204,319.83
4.8604,64.816,3180,275.72
4.171,64.441,3233,281.48
3.2201,63.526,3256,308.96
1.8819,62.93,3231,283.29
1.4407,62.648,3235,298.22
1.0869,64.048,3177,296.59
1.2228,65.588,3156,284.74
1.4179,66.789,3196,307.73
2.3139,67.58,3181,304.97
3.3347,67.589,3291,342.29
4.7631,67.601,3359,370.47
6.2926,66.803,3417,344.8
8.3691,68.019,3499,340.68
10.59,68.406,3504,308.19
12.648,69.689,3614,310.51
14.659,70.786,3612,304.72
16.769,72.201,3643,287.21
19.231,73.089,3639,281.62
21.784,74.839,3648,318.17
23.764,77.022,3623,334.32
24.894,78.826,3581,339.04
25.894,79.345,3574,317.16
26.177,79.681,3555,323.6
26.255,78.754,3549,314.3
26.049,79.859,3429,314.49
25.888,80.474,3381,317.79
25.304,79.542,3320,357.41
24.689,79.417,3264,311.12
24.867,79.381,3198,296.47
24.172,80.524,3218,317.91
24.119,78.803,3269,299.27
24.951,79.389,3244,291.05
25.737,80.127,3200,276.72
26.007,80.825,3194,284.74
26.115,81.391,3172,268.72
26.045,80.413,3142,241.77
25.967,78.894,3147,252.26
25.895,77.412,3146,260.5
26.185,75.953,3077,259.51
26.574,74.824,3128,274.32
25.967,73.077,3184,281.13
25.421,73.323,3126,262.66
24.469,72.238,3112,265.32
24.491,72.989,3225,287.68
24.034,71.552,3259,292.9
24.049,70.818,3175,283.97
24.458,69.722,3158,286.27
24.54,69.748,3163,270.06
24.757,70.551,3223,281.84
24.492,69.828,3213,288.9
23.922,67.124,3199,264.35
24.531,66.416,3247,265.42
25.313,64.634,3274,285.21
25.272,64.049,3325,282.89
24.173,64.374,3337,281.45
22.633,61.829,3311,274.32
22.739,60.774,3347,294.83
23.467,60.612,3363,286.79
23.738,60.76,3366,290.33
24.311,60.537,3429,300.74
24.776,60.431,3446,318.28
24.516,60.558,3451,319.64
22.731,60.373,3448,310.28
21.661,61.359,3421,316.51
20.591,62.261,3433,332.21
18.993,63.169,3519,312.18
18.054,62.848,3599,313.76
17.409,65.88,3614,311.75
16.63,68.132,3650,318.08
15.572,69.541,3622,315.61
15.056,72.118,3710,324.9
14.226,75.433,3719,329.95
13.623,77.091,3738,345.87
12.673,80.212,3774,319.32
12.405,81.866,3697,319.13
13.027,85.919,3630,297.69
13.785,87.372,3542,284.12
13.925,88.546,3434,283.57
13.937,88.359,3463,298.17
14.46,89.373,3385,265.5
13.833,88.257,3424,274.74
12.828,86.74,3506,304.89
11.079,85.53,3485,313.79
9.339,84.84,3581,338.66
8.1242,84.985,3594,324.27
6.4645,84.944,3616,356.81
5.5278,86.527,3638,337.08
3.3721,85.875,3730,335.15
1.3176,86.383,3763,363.65
-0.051733,87.259,3748,350.33
-1.2677,86.302,3646,324.5
-2.6476,87.286,3648,340.21
-3.963,87.242,3793,362.02
-3.3216,85.638,3919,350.47
-3.7633,86.065,3868,328.11
-4.6054,86.349,3800,342.29
-6.1684,86.571,3781,356.66
-7.8715,86.827,3770,355.91
-8.8869,86.73,3810,388.04
-10.502,85.345,3870,383
-11.776,82.169,3856,403.61
-11.714,80.54,3903,397.2
-10.724,77.134,3862,416.52
-9.306,75.109,3818,400.44
-8.4037,72.39,3876,392.26
-6.5842,70.61,3769,369.16
-4.9443,68.051,3675,364.44
-3.5611,68.939,3536,309.42
-2.8313,69.089,3569,300.06
-1.8377,67.528,3629,289.18
0.15381,66.787,3591,290.59
1.8993,64.31,3550,299.21
2.9878,63.899,3671,298.18
4.8176,62.666,3731,298.9
6.691,62.654,3720,265.91
8.7561,61.704,3644,248.69
9.8059,61.914,3634,268.47
11.847,61.13,3622,272.89
14.703,61.916,3559,247.55
16.307,63.29,3492,255.71
17.666,63.988,3425,260.71
19.225,64.339,3370,245.73
20.203,64.874,3353,243.81
21.785,66.74,3270,245.68
22.777,68.853,3187,243.73
24.096,69.17,3160,247.2
24.845,69.846,3204,265.24
24.954,70.308,3238,280.52
25.056,71.331,3262,254.09
25.977,72.414,3325,254.57
26.959,73.233,3381,287.54
27.48,75.397,3500,285.87
28.685,77.359,3507,320.9
29.368,78.235,3585,342.49
28.881,78.166,3582,339.6
27.732,78.696,3526,324
26.076,78.443,3458,325.66
25.315,79.107,3418,314.65
24.059,78.699,3400,323.56
22.943,77.966,3554,318.05
21.87,75.616,3602,332.32
19.862,73.117,3654,304.03
18.144,71.765,3726,332.63
17.048,71.804,3728,311.42
15.427,71.693,3805,334.7
14.501,74.723,3785,343.87
14.194,76.501,3756,337.1
13.903,76.812,3723,309.63
14.058,77.869,3698,306.42
13.886,78.682,3646,290.81
13.122,77.806,3614,293.68
11.632,78.013,3482,322.41
10.279,77.085,3459,318.06
8.8729,76.507,3475,298.46
7.8821,76.394,3479,321.55
7.6392,77.296,3598,329.63
8.4861,78.784,3509,317.73
9.2892,80.413,3405,307.24
9.3209,82.186,3327,294.42
9.5945,83.136,3291,302.16
11.246,84.404,3164,306.39
13.313,83.517,2974,284.98
14.854,82.684,2929,280.48
15.706,82.411,2927,291.14
17.032,82.942,2916,270.04
17.551,82.35,2860,277.45
18.089,82.029,2800,243.86
18.875,82.519,2822,243.18
19.902,82.551,2779,250.43
20.821,82.754,2741,236.79
21.523,81.649,2694,254.63
22.212,81.974,2681,258.26
22.741,80.427,2786,288.21
23.166,79.68,2851,278.33
24.047,78.864,2971,293.62
25.639,79.889,3185,294.07
27.69,80.496,3236,320.88
28.784,82.096,3261,312.52
30.584,83.346,3284,314.47
32.057,83.369,3290,314.26
32.044,84.274,3340,290.49
31.191,83.765,3359,314.74
30.586,82.415,3358,308.08
30.869,82.577,3272,288.63
30.716,81.095,3223,291.15
30.712,80.658,3211,285.79
30.793,79.304,3191,275
31.071,79.712,3210,280.5
31.77,82.114,3172,283.24
32.151,81.434,3070,283.3
33.622,83.2,3136,289.38
35.872,84.698,3243,311.35
37.249,84.794,3285,295.07
37.95,86.141,3330,311.48
37.447,86.25,3438,323.49
37.041,87.101,3477,324.51
35.885,86.635,3404,300.22
35.261,85.668,3381,292.36
35.214,84.788,3391,322.3
35.583,87.579,3412,311.17
36.597,86.94,3383,286.5
36.076,88.406,3341,290.52
35.438,88.076,3422,292.62
35.513,88.345,3482,321.55
35.804,90.449,3466,340.99
35.452,91.637,3439,308.14
34.91,91.604,3317,284.9
33.988,90.487,3252,294.48
33.684,89.917,3219,305.39
32.877,90.204,3177,284.45
32.739,90.944,3189,284.34
31.84,90.418,3256,273.21
30.509,89.983,3317,347.98
28.396,88.269,3403,320.07
27.543,87.847,3352,310.01
26.642,87.882,3359,311.46
25.151,90.237,3320,314.96
24.4,91.287,3256,313.53
23.671,92.665,3261,306.25
22.202,93.394,3182,299.52
21.889,91.878,3163,293.67
21.364,89.877,3183,300.33
20.65,89.783,3189,274.94
19.547,88.365,3276,261.6
18.699,87.796,3306,281.52
17.687,87.573,3359,288.73
16.535,86.508,3421,280.03
15.882,86.012,3439,276.03
16.046,85.849,3433,312.52
15.96,86.079,3474,303.05
14.755,86.328,3473,274.63
14.76,85.413,3624,292.63
16.018,86.567,3837,314.64
17.304,85.239,3939,349.64
17.642,83.489,3985,368.36
18.107,81.345,3931,380.88
17.003,80.24,3917,359.16
18.237,78.043,3939,398.39
19.248,75.83,3953,373.14
19.922,74.012,3974,398.43
20.306,73.236,4034,364.82
21.773,72.397,4010,357.09
23.357,71.319,3976,378.63
24.569,70.863,4079,373.28
24.749,72.707,4130,373.38
25.185,71.262,4170,361.41
24.169,71.385,4119,381.36
22.854,71.515,4131,364.83
21.307,72.465,4093,330.74
18.595,72.023,4099,396.4
15.645,71.484,4068,423.44
13.008,69.701,3955,365.13
10.395,70.482,3893,396.59
8.1419,68.239,3974,390.98
6.6072,68.817,3992,380.83
5.2219,67.514,3876,365.18
3.3034,66.443,3899,375.93
0.66869,64.365,3922,352.5
-0.83584,64.249,3871,356.21
-2.289,65.338,3842,347.3
-4.976,65.438,3754,356.52
-6.6823,65.833,3723,333.33
-7.4808,66.184,3655,345.76
-7.6528,67.116,3549,331.98
-8.25,67.671,3550,343.01
-8.5125,68.407,3489,331.29
-8.9589,68.31,3439,360.38
-9.2521,68.684,3481,357.26
-10.167,67.329,3504,343.88
-9.2055,66.731,3480,303.67
-7.7132,66.336,3458,319.73
-6.3044,66.392,3367,301.59
-5.3979,67.006,3313,284.78
-4.1866,67.452,3307,268.24
-4.0881,67.114,3318,307.57
-4.3895,65.167,3332,289.85
-4.2181,64.935,3325,284.91
-3.6563,65.184,3358,265.33
-2.7632,65.382,3291,266.16
-2.4187,65.157,3301,259.63
-2.1467,65.896,3313,258.31
-1.5559,66.26,3328,274.36
-1.3559,67.121,3381,274.02
-0.23631,67.426,3420,269.72
0.50889,67.556,3434,269.4
0.98176,67.299,3473,289.71
1.9275,67.456,3602,341.35
1.6245,68.771,3642,335.53
0.14923,68.433,3685,322.38
-1.6931,68.34,3790,338.97
-3.3643,67.952,3806,323.4
-4.2099,68.938,3886,335.79
-4.9456,66.568,3928,359.76
-5.1838,65.491,3896,361.51
-4.9355,64.69,3912,356.36
-4.1166,63.856,3874,344.82
-2.0741,62.993,3897,347.9
-0.63032,63.14,3824,337.33
-0.42831,64.338,3754,318.21
0.33407,65.399,3742,315.87
1.5766,66.406,3739,292.1
2.8759,66.214,3745,310.73
2.9625,65.645,3813,326.5
3.2566,64.746,3795,292.24
3.7597,65.629,3811,310.51
4.5069,64.572,3807,313.53
5.4016,63.758,3806,319.93
6.0357,63.141,3840,324.7
6.7588,63.125,3919,317.77
7.8278,60.793,3973,339.88
9.4085,62.516,3997,328.2
11.196,62.085,3957,335.78
12.1,61.889,3929,334
13.147,63.051,3957,336.07
12.886,63.313,3884,351.6
14.106,63.567,3822,359.56
14.92,63.176,3765,347.73
14.103,63.929,3753,312.01
13.706,64.819,3712,298.02
12.792,65.348,3759,315.92
11.893,65.655,3715,300.37
10.571,65.181,3734,301.33
10.699,66.72,3773,330.37
10.726,68.779,3765,296.17
10.133,70.348,3925,298.99
10.016,72.639,3862,310.12
9.0225,72.741,3733,327.43
8.8038,72.082,3749,310.72
7.6894,74.89,3760,315.66
7.6132,73.282,3664,295.21
7.4172,73.163,3617,292.12
8.5396,72.742,3613,279.34
9.0485,73.613,3719,285.27
9.5147,72.923,3715,306.22
9.9166,72.289,3792,325.23
9.6372,70.986,3778,341.64
10.343,70.511,3869,356.06
11.554,70.512,3900,368.6
12.805,69.133,3951,378.42
12.127,68.924,4050,335.85
10.363,67.609,4110,355.83
9.2381,67.582,4014,347.07
8.895,68.259,3996,347.99
8.9451,69.502,3953,366.2
8.8949,67.802,3988,356.63
8.3164,68.314,3944,323.56
7.23,67.346,3870,309.23
6.0731,65.349,3899,330.31
3.86,62.607,3845,305.37
3.2113,62.138,3810,287.7
3.8759,61.106,3882,313.76
4.6791,60.609,3739,299.61
6.4765,58.958,3607,276.44
6.9979,58.967,3639,313.59
7.4484,58.05,3681,314.84
8.2658,58.983,3652,304.57
8.4699,58.237,3636,309.89
9.1552,58.931,3696,320.31
9.2151,60.195,3600,296.33
9.0054,59.334,3522,263.64
9.8554,60.39,3523,280.16
10.17,60.214,3471,277.68
10.51,61.076,3504,273.8
11.337,61.401,3493,304.31
12.127,62.283,3512,280.31
12.351,62.509,3541,284.94
13.917,63.566,3591,287.42
14.212,63.949,3466,289.21
15.835,64.587,3421,305.68
17.098,65.764,3358,317.3
17.377,68.641,3314,308.37
17.181,70.572,3335,287.09
16.827,70.844,3396,293.53
15.575,72.949,3359,303.86
14.772,76.021,3429,311.47
14.304,75.782,3598,317.92
13.321,75.668,3720,336.18
12.43,76.011,3945,380.19
11.398,75.238,3988,397.29
10.631,75.787,4032,339.6
8.3741,78.061,3988,325.53
5.2087,77.319,4014,328.84
2.8076,79.716,3988,306.98
1.1557,80.606,4060,336.07
-0.80554,80.656,3979,319.19
-2.9649,80.372,3942,290.32
-4.383,81.157,3860,312.16
-5.7792,80.83,3839,330.39
-6.9482,78.94,3752,333.99
-7.3432,78.074,3643,303.47
-7.3459,78.018,3542,277.37
-8.2704,77.82,3472,277.73
-9.7249,78.779,3502,304.01
-10.371,78.206,3436,290.32
-10.758,79.405,3466,289.37
-10.946,80.43,3452,324.15
-11.631,80.4,3412,301.72
-12.065,80.31,3353,307.08
-11.742,80.095,3297,287.27
-11.62,78.547,3242,253.8
-10.988,78.548,3183,271.04
-10.37,78.011,3259,259.86
-10.276,76.299,3256,269.87
-10.621,76.36,3379,294.33
-10.26,75.75,3353,344.01
-9.1666,74.948,3355,309.2
-9.2732,74.139,3413,308.36
-8.2391,72.052,3497,285.85
-6.9714,71.405,3531,345.26
-6.0658,71.275,3577,373.9
-5.0587,70.895,3629,333.18
-4.6753,69.865,3653,366.21
-3.3352,68.396,3725,361.24
-1.5364,69.391,3767,333.26
0.73364,68.119,3817,324.37
2.0602,68.855,3768,328.29
1.7935,67.346,3809,358.54
2.302,66.397,3737,383.18
3.5455,65.137,3755,359.75
4.3593,63.956,3814,361.73
4.3926,62.339,3974,426.73
4.1875,60.6,4101,440.56
4.6258,58.973,4103,421.65
4.9133,54.908,4046,435.25
5.0325,53.451,3965,409.62
5.098,51.969,3912,404.71
4.8953,50.798,3928,416.95
5.4693,50.005,3944,419.16
6.9094,48.599,3939,413.83
7.8332,45.978,4034,450.79
9.2393,46.803,4074,431.07
10.161,45.219,4142,412.81
11.504,48.03,4169,406.11
12.897,48.25,4144,441.56
14.77,49.745,4077,410.51
15.822,50.95,4055,411.32
16.243,53.036,4051,377.26
17.06,52.942,3996,394.8
18.304,55.153,3982,393.56
18.293,56.175,4020,380.34
18.752,57.223,3936,367.91
18.974,60.156,3809,349.98
19.422,60.354,3816,355.07
20.053,63.632,3757,311.84
20.408,64.502,3720,285.83
20.273,63.609,3777,299.47
20.541,65.36,3796,297.59
20.228,65.878,3803,303.11
19.573,66.498,3859,359.44
19.736,67.506,3889,346.1
19.951,65.244,4008,353.87
20.406,66.754,4034,351.3
20.369,65.599,4107,362.19
20.241,65.377,4129,386.18
20.066,66.625,4148,398.29
19.769,65.736,4243,398.92
19.624,66.033,4288,438.93
19.376,66.075,4395,462.05
19.756,66.342,4396,401.03
19.757,65.334,4423,426.46
19.575,65.309,4535,470.64
19.119,64.917,4572,466.23
19.204,65.641,4581,477.29
19.002,66.287,4586,495.74
18.987,65.988,4636,456.26
18.753,65.513,4665,459.99
18.557,65.857,4691,507.54
18.047,65.987,4804,480.34
18.396,65.582,4776,485.79
17.898,65.418,4829,486.49
17.6,65.655,4773,521.98
16.846,65.652,4840,467.95
16.339,64.244,4759,471.19
16.09,62.459,4726,464.86
15.31,62.309,4702,440.83
14.887,62.746,4626,449.95
14.539,61.31,4482,420.32
13.607,60.808,4443,431.94
13.015,60.819,4456,421.52
12.738,59.985,4386,390.86
12.022,59.135,4331,394.69
10.924,58.848,4193,411.21
9.8249,57.622,4129,400.26
9.2232,57.421,4017,386.34
8.1316,55.905,3895,390.1
7.5327,56.962,3833,369.89
6.776,56.751,3731,352.58
6.7171,56.093,3628,310.07
6.3575,55.997,3574,292.46
5.9825,56.012,3509,307.69
5.3307,55.594,3458,318.22
5.1661,54.859,3440,284.57
4.9937,54.295,3454,287.58
5.2627,55.18,3442,302.53
5.5141,54.976,3452,271.27
6.2281,54.358,3507,294.9
5.8022,55.316,3541,292.99
5.7515,55.979,3578,315.7
5.9684,56.466,3703,288.66
5.7254,56.524,3700,299.06
5.587,57.508,3664,282.44
4.5432,56.954,3658,301.98
4.22,56.535,3624,314.72
3.6746,55.79,3588,294.31
3.1454,55.008,3532,302.38
2.9164,53.991,3587,303.66
3.7144,52.692,3527,290.33
4.5125,52.485,3573,315.23
4.7281,50.977,3611,314.74
5.1588,51.771,3563,304.63
5.3644,49.587,3511,301.05
6.1288,50.014,3529,312.12
6.819,48.041,3515,301.62
7.6272,47.425,3605,307.6
9.038,47.767,3598,312.86
9.3183,45.798,3734,317.38
10.558,46.072,3881,337.28
11.849,46.183,3922,323.07
12.694,45.621,3928,317.12
13.912,45.473,3989,324.2
14.921,46.294,4101,343.84
16.385,47.931,4116,343.06
18.011,48.016,4225,352.2
19.378,48.524,4275,354.81
20.984,49.048,4339,359.16
21.571,51.068,4350,345.66
22.282,52.749,4404,355.83
22.956,52.518,4431,368.9
23.782,53.605,4554,406.56
23.97,55.637,4537,446.22
24.795,56.144,4525,441.22
24.031,56.214,4355,406.58
23.835,57.045,4315,395.88
24.408,57.592,4266,392.54
24.798,59.059,4259,385.95
24.729,58.772,4172,357.31
24.238,60.362,4199,342.47
23.227,62.102,4255,370.96
20.762,63.223,4428,411.11
18.221,64.459,4467,399.28
15.67,63.491,4395,356.08
13.282,64.72,4319,380.63
10.612,63.943,4361,364.55
8.6815,63.514,4298,350.15
7.5708,62.471,4280,321.42
6.7456,61.438,4258,317.03
6.303,59.334,4100,301.28
5.3272,57.568,4088,307.78
5.2358,56.564,4013,318.49
4.8542,55.276,3921,300.3
4.8578,53.811,3840,283.11
5.2515,52.727,3768,310.19
6.5036,52.529,3800,313.55
8.3548,50.811,3870,309.64
9.679,51.412,4145,369.46
11.179,51.226,4308,369.49
12.922,51.026,4321,392.7
13.995,51.152,4268,408.87
14.81,51.943,4214,377.35
14.34,52.521,4205,369.03
13.287,53.941,4287,378.84
11.459,53.81,4305,421.65
10.424,56.103,4376,401.84
7.167,55.432,4367,419.24
4.7784,55.965,4326,394.86
2.8897,56.265,4231,387.47
1.2096,56.669,4187,383.09
1.771,55.777,4131,347.26
2.7779,56.512,4023,340.68
2.9414,57.6,4073,348.84
3.4834,59.429,3953,325.72
4.354,62.088,3823,307.14
5.0549,63.589,3882,298.07
5.9705,64.894,3798,294.11
5.8849,65.886,3813,287.5
5.933,66.979,3837,272.19
5.7139,68.784,3900,317.51
4.9577,69.321,3923,317.88
5.331,70.136,3872,289.99
6.7821,70.848,3730,290.93
8.4135,71.27,3740,302.95
10.352,72.174,3768,297.83
12.006,70.401,3782,308.67
13.825,68.954,3821,321.38
15.092,69.734,3837,297.98
16.454,71.6,3754,291.95
17.314,71.251,3827,294.98
17.698,71.366,3867,309.48
17.299,72.802,3787,292.22
16.119,74.561,3810,326.33
15.427,76.209,3913,342.96
14.925,76.001,4084,360.58
16.687,77.418,4179,368.63
17.794,78.964,4174,402.67
18.947,81.755,4136,396.26
18.439,82.669,4286,434.89
17.66,83.053,4308,419.95
16.963,82.757,4376,355.75
15.599,84.763,4336,332.75
13.938,86.752,4291,350.11
13.405,87.8,4361,343.51
12.863,88.464,4406,357.3
11.155,89.5,4419,379.83
9.9859,89.908,4407,449.57
7.9668,89.262,4326,445.36
5.2928,87.663,4264,410.11
2.369,85.543,4145,365.66
-0.36054,85.397,4155,362.15
-2.6354,84.984,4185,337.76
-3.9693,83.046,4233,337.58
-5.8968,81.361,4223,335.37
-7.4376,79.445,4196,322.09
-8.579,78.37,4165,325.81
-10.427,78.558,4065,332.4
-12.061,75.848,4062,312.09
-12.415,74.829,4043,341.42
-12.866,72.969,4111,383.13
-14.256,72.503,4031,397.92
-14.573,69.493,3970,393.09
-15.194,66.956,3943,410.37
-15.787,63.469,3918,404.47
-15.164,61.254,3944,412.35
-14.038,58.66,3941,401
-13.015,57.113,3933,384.01
-11.975,54.707,3963,372.71
-10.599,53.915,3961,379.06
-9.3852,51.671,3834,337.2
-7.751,49.597,3797,350.35
-4.6884,47.444,3859,375.38
-1.9512,44.875,3960,385.77
0.53143,42.615,4062,443.15
2.7685,39.187,4185,425.31
5.1542,36.938,4301,451.95
6.8331,35.056,4313,437.45
8.8373,31.797,4426,446.16
10.816,28.796,4397,430.22
11.441,27.509,4285,416.88
10.78,26.724,4113,395.04
10.619,26.437,3990,315.98
11.298,24.483,3904,334.8
11.537,25.672,3903,349.44
11.383,24.651,3914,355.96
10.712,21.679,3973,387.97
9.569,19.877,4016,425.7
8.3692,20.267,4089,426.9
7.5964,19.598,4247,533.16
8.1512,23.206,4324,551.54
7.4992,24.48,4222,500.06
6.1575,26.009,4247,491.91
4.6388,26.691,4296,449.19
2.8058,26.816,4204,352.58
0.57012,27.363,4164,336.4
-1.4201,31.028,4226,359.61
-3.6369,32.032,4196,353.44
-6.8233,33.563,4189,343.49
-10.201,33.182,4226,361.04
-13.713,33.755,4214,356.05
-17.22,33.158,4175,335.6
-19.657,31.275,4141,384.33
-21.248,31.001,4011,332.23
-23.621,29.202,3891,326.97
-24.987,28.754,3746,318.13
-25.335,27.874,3594,321.55
-23.712,29.09,3485,313.65
-23.507,30.952,3409,299.87
-23.612,31.599,3298,287.9
-24.343,34.552,3288,321.25
-24.219,36.216,3323,323.55
-23.585,38.222,3409,340.74
-23.954,38.613,3424,335.47
-24.349,38.775,3467,329
-24.309,37.888,3519,335.21
-24.389,38.819,3653,349.91
-24.201,39.289,3679,352.83
-24.286,40.879,3633,375.5
-24.211,41.636,3687,368.28
-23.516,45.206,3631,374.21
-23.183,45.835,3655,344.22
-22.356,46.207,3432,357.13
-21.841,46.534,3405,355.04
-21.101,49.297,3249,311.53
-21.111,48.402,3091,304.47
-19.768,49.207,3054,295.61
-19.211,50.384,3025,310.75
-17.787,50.581,3018,320.45
-17.404,51.661,3038,308.8
-16.24,52.981,3143,323.86
-15.354,54.225,3214,354.68
-14.228,56.781,3267,381.04
-13.731,58.68,3357,406.97
-13.833,61.359,3509,413.85
-14.393,64.461,3677,423.59
-14.203,67.568,3744,393.08
-13.869,69.056,3822,317
-13.876,69.306,3824,337.02
-12.926,68.908,3870,331.88
-12.845,69.164,3906,368.83
-12.95,68.385,3957,382.21
-13.569,68.406,3929,431.71
-14.802,69.328,3986,441.92
-15.725,68.982,4077,465.47
-15.582,70.265,3956,424.44
-15.93,71.07,3799,396.3
-16.383,71.585,3674,380.59
-15.736,71.182,3675,405.08
-15.122,71.901,3606,332.25
-13.027,71.904,3608,340.97
-10.636,71.562,3564,312.46
-8.4267,72.658,3467,298.19
-6.9244,75.928,3339,285.69
-6.272,77.637,3259,260.7
-5.0668,82.712,3273,259.3
-4.8993,84.886,3321,272.22
-5.5955,86.336,3295,286.42
-5.8737,87.729,3168,292.89
-6.8385,87.894,3256,292.59
-7.0049,88.989,3149,294.12
-6.8101,88.765,3172,314.81
-5.8557,87.772,3230,370.97
-5.2016,89.212,3345,344.07
-4.2733,89.4,3457,355.45
-3.7928,90.02,3558,431.11
-1.0916,90.862,3628,392.73
1.4511,91.874,3613,392.94
3.151,93.353,3564,397.85
4.2521,94.193,3614,369.8
1.5222,94.621,3704,364.9
-1.7374,95.777,3829,381.22
-3.6019,95.483,3924,397.65
-5.2534,95.13,3845,377.93
-7.0638,96.574,3767,371.75
-7.7653,95.228,3706,384.1
-9.3422,92.981,3732,404.53
-9.959,89.308,3814,440.17
-9.5675,85.72,3833,426.54
-9.1788,82.918,3895,422
-9.8966,79.3,3875,348.33
-11.71,73.56,3869,333.27
-13.966,67.828,3862,350.16
-15.062,64.229,3966,378.35
-16.451,61,4003,377.44
-17.423,56.779,4001,419.09
-18.814,53.493,3854,403.16
-19.867,50.885,3837,372.51
-22.33,51.512,3822,395.55
-25.668,48.644,3790,409.12
-28.024,46.39,3708,376.81
-29.072,46.808,3622,377.47
-30.035,48.082,3498,371.66
-30.389,47.101,3439,347.62
-29.308,47.84,3316,329.69
-29.491,48.317,3180,282.88
-31.189,47.403,3205,343.17
-34.215,47.023,3252,322.84
-35.148,45.636,3285,330.08
-36.083,43.19,3337,346.71
-37.553,42.896,3445,373.03
-38.392,43.878,3489,379
-38.488,45.079,3497,363
-37.3,45.838,3449,364.29
-35.327,48.666,3467,356.46
-33.739,48.237,3659,369.12
-31.668,48.984,3704,361.72
-30.123,50.451,3682,346.33
-30.519,52.41,3753,336.02
-30.869,54.909,3802,362.59
-29.308,56.746,3770,351.5
-26.981,60.405,3663,314.47
-24.239,63.439,3558,307.23
-22.554,66.108,3576,314.54
-23.347,69.931,3670,343.04
-24.045,74.403,3694,326.07
-23.171,77.215,3722,329.2
-21.892,78.193,3793,355.96
-20.541,79.478,3671,363.31
-20.574,81.506,3695,342.38
-19.554,83.885,3570,313.54
-19.494,85.675,3428,299.77
-18.361,87.581,3363,297.51
-17.044,90.318,3163,260.46
-14.983,91.76,3102,271.83
-15.136,92.596,3274,283.75
-12.97,95.214,3308,303.81
-10.541,98.478,3287,340.72
-9.9536,98.825,3309,302.6
-9.0685,98.146,3380,319.46
-8.6417,98.402,3355,319.04
-8.2479,98.869,3342,341.17
-8.9708,99.118,3397,349.03
-8.0977,97.714,3482,393.24
-8.2727,97.434,3541,375.08
-9.3282,97.131,3418,312.25
-9.7619,97.136,3362,307.04
-8.7553,95.817,3452,350.52
-5.6475,93.575,3437,348.57
-3.0358,92.62,3339,323.13
-0.28227,90.35,3410,375.29
1.8881,89.932,3352,375.9
4.3843,88.138,3412,361.28
6.5741,85.645,3611,388.23
8.0068,83.976,3713,429.1
9.8247,82.114,3816,423.69
10.326,81.621,3912,401.92
12.064,77.933,4056,454.33
13.327,77.193,4102,451.97
15.026,76.097,4073,432.39
15.953,74.356,4042,419.98
18.916,74.733,3965,416.55
19.459,75.363,4004,448.31
18.141,75.044,4040,480.72
16.094,76.499,4008,441.1
14.496,79.263,3948,468.56
11.905,82.612,3973,439.85
10.498,86.294,3989,392.4
10.538,90.7,4063,434.96
9.687,95.334,4219,443.42
9.6716,99.514,4159,457.95
9.9679,103.1,4067,426.34
10.275,107.24,4095,439.37
9.3116,110.33,4057,423.07
10.07,112.84,4083,410.44
9.3233,115,3939,462.25
9.3523,116.99,3987,438.28
9.0319,117.15,3812,416.32
9.7259,116.98,3901,417.85
9.7739,117.01,3882,456.98
9.6786,117.77,3955,436.3
9.8295,117.53,3959,429.92
12.025,119.26,4083,440.54
14.713,118.98,4094,421.45
18.607,120.44,3921,413.1
22.407,121.73,3900,449.98
24.806,121.66,3824,426.48
26.631,122.88,3760,449.26
29.143,123.48,3663,393.24
32.75,123.49,3685,369.76
35.705,122.82,3664,400.84
38.051,123.96,3629,388.37
40.576,122.23,3617,386.81
43.131,121.12,3627,363.25
44.926,120.23,3608,349.22
46.558,118.34,3526,296.97
48.149,116.76,3554,303.56
50.612,115.56,3463,299.98
52.882,112.53,3416,294.04
54.664,110.66,3373,292.35
55.834,106.97,3351,289.04
55.93,104.38,3325,285.66
56.825,102.34,3234,289.97
59.407,102.19,3090,362.85
61.89,101.93,3034,371.05
63.585,102.3,2913,386.07
63.889,101.47,2869,370.42
64.171,100.03,2756,371.13
61.646,98.695,2711,378.54
59.676,94.306,2668,382.66
57.541,93.999,2615,376.53
55.912,90.675,2524,373.61
53.235,89.477,2448,391.77
50.173,88.027,2337,351.87
48.22,89.008,2374,355.44
47.609,89.554,2442,336.84
46.414,88.87,2412,329.06
46.052,87.761,2453,332.82
45.522,88.168,2494,355.99
45.44,86.898,2561,296.68
45.239,87.627,2616,327.61
44.908,87.436,2720,363.45
44.818,86.139,2754,382.83
44.899,86.624,2847,348.91
44.918,86.233,2886,349.46
44.561,86.833,3011,332.18
44.668,87.349,3056,342.58
45.436,86.756,3156,359.78
45.605,88.289,3170,355.88
45.749,89.099,3200,325.16
46.561,88.943,3293,312.44
46.66,88.032,3342,326.95
46.261,87.304,3366,349.23
46.401,88.59,3362,325.91
46.205,87.575,3390,343.86
46.345,89.007,3493,342.29
46.129,87.857,3533,357.99
45.641,87.84,3603,338.23
45.617,87.93,3578,341.75
45.653,86.794,3707,380.06
45.447,86.311,3794,384.12
45.264,86.318,3768,362.15
45.197,86.342,3748,338.7
44.85,85.345,3834,329.18
44.983,84.919,3807,339.76
44.654,85.149,3813,372.14
43.889,83.601,3853,363.98
43.792,83.541,3819,328.01
43.499,83.639,3737,312.82
42.868,82.912,3626,315.62
43.353,83.051,3600,313.28
43.862,82.288,3469,296.47
44.122,81.982,3288,332.28
44.132,80.675,3149,317.51
44.368,79.966,3027,276.66
44.695,79.723,2881,277.12
45.022,80.212,2759,253.08
44.593,79.602,2605,251.53
44.091,77.7,2578,243.61
42.914,75.429,2644,281.13
42.986,73.592,2673,279.19
43.103,70.623,2699,241.63
44.014,68.812,2692,220.36
43.988,66.764,2722,289.9
42.016,65.662,2704,277.5
39.565,63.547,2790,303.08
38.304,63.416,2797,287.8
37.401,63.375,2810,301.78
35.741,61.614,2875,298.19
34.034,61.455,2932,304.81
32.632,59.629,3014,302.96
30.997,59.758,3028,312.39
28.931,57.743,3141,299.32
26.937,57.624,3196,310.5
25.556,55.197,3197,279.04
23.496,55.831,3189,283.78
22.52,55.665,3089,260.68
21.746,54.842,3098,265.71
21.033,55.555,3145,266.85
20.164,56.394,3195,262.72
20.593,57.954,3164,265.56
20.219,57.496,3179,263.35
19.814,58.446,3197,272.37
19.221,56.709,3219,258.44
19.472,57.872,3277,263.03
19.032,56.304,3324,270.29
17.98,56.343,3432,265.48
17.661,56.956,3405,299.91
17.984,57.244,3466,284.21
17.863,58.088,3420,320.34
16.16,58.616,3488,308.41
15.956,59.233,3605,327.29
16.929,58.41,3584,331.72
17.63,59.129,3617,376.47
18.931,60.237,3635,285.75
19.515,59.947,3693,315.92
21.48,61.121,3745,325.55
23.287,61.944,3806,298.32
24.663,63.382,3757,301.87
25.868,62.708,3848,309.75
29.031,64.052,3814,328.29
33.023,62.495,3779,313.93
37.604,62.476,3683,320.55
41.633,62.284,3597,334.66
45.544,60.277,3589,321.42
49.377,59.043,3536,310.98
51.541,56.938,3489,293.44
52.039,54.739,3433,296.66
52.06,54.603,3387,321.32
52.262,50.804,3470,317.51
53.013,49.989,3525,301.81
53.672,48.123,3521,287.3
54.604,46.405,3656,306.14
54.663,44.244,3576,288.91
55.382,39.876,3617,288.37
54.985,38.043,3729,285.92
53.428,35.717,3881,341.1
53.734,32.802,3901,305.84
52.698,27.997,3884,323
50.985,25.327,3938,336.78
50.548,20.961,4031,351.96
49.087,16.796,3993,363.95
48.249,12.586,3965,351.5
47.43,9.7843,3876,346.63
46.752,5.8223,3838,378.31
47.454,0.59618,3841,382.32
49.019,-2.7542,3726,389.38
50.132,-6.4919,3606,381.51
50.199,-9.7997,3607,417.65
49.81,-11.049,3641,424.59
48.72,-10.821,3715,473.02
47.699,-14.239,3691,445.59
46.514,-16.002,3694,422.6
43.902,-18.801,3805,439.29
42.333,-22.094,3721,394.8
39.99,-23.159,3750,412.02
37.372,-23.035,3859,386.66
35.274,-23.477,3703,368.09
36.355,-24.852,3579,369.58
37.117,-23.112,3478,372.93
36.996,-19.577,3346,329.21
37.287,-18.633,3283,290.44
37.54,-14.607,3192,299.14
35.879,-13.367,3030,306.71
34.501,-13.901,3095,347.67
32.974,-15.405,3246,363.19
31.035,-14.455,3226,361.76
30.17,-12.925,3077,339.84
29.006,-12.365,2916,354.18
28.256,-13.354,2687,275.66
27.592,-13.581,2498,291.81
26.25,-12.357,2457,252.33
27.541,-12.829,2471,249.76
28.175,-8.8057,2491,271.8
29.575,-6.6876,2387,229.09
32.007,-5.1733,2361,238.09
33.105,-5.3047,2401,253.39
33.209,-1.7308,2402,252.14
33.117,-0.17792,2536,278.11
32.756,-5.0513,2533,284.68
30.681,-8.5276,2526,265.19
28.018,-14.15,2653,290.25
25.741,-19.207,2760,331.5
23.626,-23.373,2904,352.67
22.015,-27.289,2946,339.06
21.579,-31.726,2948,295.9
21.863,-32.946,2971,269.48
22.778,-31.221,3017,305.28
22.826,-31.236,3129,342.18
22.76,-31.301,3068,348.62
22.737,-31.034,3021,310.91
20.271,-28.429,2952,290.5
20.02,-28.243,3004,328.25
22.196,-26.1,3058,319.56
24.514,-23.697,3019,353.72
26.02,-21.956,3076,360.97
27.901,-22.908,3205,349.73
32.038,-21.787,3365,372.68
34.947,-19.251,3519,389.6
36.068,-19.773,3581,382.18
37.895,-19.377,3578,336.31
40.473,-18.351,3645,312.79
42.835,-15.491,3663,314.95
45.51,-15.432,3613,353.33
46.561,-15.46,3707,405.21
47.956,-15.446,3730,436.75
50.17,-14.271,3592,419.53
53.569,-11.296,3606,470.3
57.543,-11.351,3529,335.56
61.838,-10.754,3440,321.32
65.369,-12.997,3521,328.69
67.896,-13.745,3667,365.42
71.166,-15.628,3822,353.88
75.433,-18.359,3783,362.33
79.318,-21.856,3796,420.94
83.144,-25.143,3864,372.78
85.546,-25.565,3883,388.42
87.378,-27.849,3882,355.26
88.858,-25.806,3749,391.67
89.119,-23.608,3792,428.13
90.537,-20.368,3713,395.66
92.712,-17.563,3648,352.73
96.028,-15.457,3640,390.38
99.729,-11.48,3678,394.19
102.43,-8.1111,3735,394.23
103.61,-4.1656,3792,387.87
104.49,0.91666,3763,373.03
106.33,6.4865,3646,341.44
109.32,10.636,3545,369.56
110.21,14.551,3511,364.54
110.99,16.907,3480,357.34
109.9,17.282,3537,352.64
111.4,18.674,3497,372.01
113.32,20.854,3564,381.82
114.64,17.812,3475,361.23
118.18,17.514,3223,362.85
119.35,17.104,3017,333.12
117.96,15.564,3170,360.69
118.49,14.305,3134,356.35
118.35,11.46,3104,359.18
118.56,8.2241,3217,383.74
121.34,7.1661,3243,354.16
125.43,8.4876,3192,344.24
127.49,5.8236,3121,333.48
131.02,5.0343,3201,357.85
134.47,6.4902,3194,374.14
136.92,5.6751,3178,346.37
139.3,4.0395,3276,364.13
142.36,4.4475,3322,353.9
145.56,4.5218,3345,353.37
149.63,2.5486,3339,363.83
153.86,3.765,3394,365.26
155.19,6.6577,3638,407.95
156.95,6.8616,3767,461.48
160.39,7.5098,3795,469.78
165.22,9.0187,3840,462.44
170.71,11.862,3862,478.93
175.27,14.548,3759,463.79
178.43,17.279,3784,489.09
180.14,19.684,3745,451.8
179.83,19.444,3933,532.26
180.89,20.359,3862,459.06
182.13,18.799,3769,432.6
181.98,17.639,3785,432.8
180.75,13.405,3664,413.69
180.04,7.2725,3553,387.92
179.7,2.0173,3501,345.46
179.45,-3.7877,3497,358.06
178.75,-9.4269,3492,367.6
179.38,-13.191,3460,372.59
179.4,-18.464,3474,378.63
178.21,-21.668,3508,391.62
175.96,-26.777,3512,408.63
173.22,-31.248,3463,388.71
171.2,-37.534,3512,382.14
169.62,-42.282,3326,337.93
167.2,-46.419,3361,342.39
165.77,-50.718,3267,339.1
162.83,-52.514,3143,331.43
162.05,-51.118,3053,306.48
160.47,-50.996,3153,316.79
159.42,-53.52,3292,345.81
160.48,-52.1,3315,342.75
161.14,-54.091,3327,389.09
162.82,-56.994,3424,399.83
166.38,-57.568,3351,367.22
170.84,-57.714,3174,371.23
176.33,-58.656,3095,363.23
180.33,-58.898,3172,378.68
184.81,-60.285,3214,400.94
184.55,-59.615,3178,396
180.99,-57.469,3047,364.5
177.27,-57.326,2963,349.42
173.35,-56.672,2875,310.21
168.91,-57.01,2714,266.58
167.08,-56.132,2484,270.63
162.61,-55.376,2443,252.96
157.13,-57.49,2437,269.98
151.91,-59.061,2458,281.82
146.63,-60.489,2654,341.36
142.6,-60.259,2690,294.67
139.04,-60.918,2680,305.5
132.64,-62.807,2625,290.34
127.08,-62.358,2675,289.55
123.72,-61.597,2851,313.9
121.7,-63.935,2977,313.26
118.99,-64.354,3145,329.09
113.95,-68.08,3177,347.36
109.66,-71.452,3155,343.55
107.16,-73.461,3100,365.12
104.27,-76.569,3054,352.11
100.86,-78.866,3034,348.86
98.033,-81.662,3121,372.41
97.516,-82.917,3189,407.93
97.904,-86.444,3293,406.04
96.658,-91.01,3384,383.88
95.32,-93.803,3404,423.83
93.567,-97.021,3331,395.26
95.208,-98.568,3246,344.17
98.796,-100.46,3166,336.84
101.57,-101,3183,330.76
105.22,-97.828,3361,415.69
107.27,-95.329,3584,472.05
110.73,-95.178,3556,430.75
115.74,-94.015,3542,408.43
118.9,-91.305,3676,469.7
123.67,-90.823,3596,382.55
126.51,-91.369,3326,373.64
128.9,-89.193,3241,346.23
130.02,-87.496,3311,373.18
130.48,-86.507,3500,388.22
129.76,-83.978,3595,449.26
128.31,-83.534,3633,413.54
125.36,-84.682,3517,373.34
119.65,-85.718,3508,345.15
115.45,-87.874,3401,332.38
111.35,-89.271,3348,326
108.3,-89,3456,370.06
102.76,-91.19,3424,338.84
98.853,-91.823,3387,320.56
93.751,-91.353,3392,316.62
88.2,-93.809,3468,378.61
84.575,-95.111,3574,409.94
79.55,-93.029,3608,356.2
74.98,-93.352,3726,433.72
70.993,-93.882,3753,449.65
69.434,-92.951,3857,473.43
64.461,-92.25,4000,490.53
59.049,-91.158,3933,504.09
53.664,-91.367,4040,563.89
49.16,-91.753,4053,596.37
47.09,-97.387,4023,560.13
42.212,-97.781,3989,599.47
37.872,-100.31,4059,601.15
32.563,-102.8,3989,525.47
29.307,-106.61,4029,580.99
26.885,-108.61,4125,559.65
23.657,-112.87,3957,560.74
21.285,-118.09,3919,540.96
19.138,-120.85,3902,515.8
19.093,-123.01,3939,531.71
19.135,-124.03,3818,483.54
16.569,-123.67,3764,518.58
15.509,-126.04,3778,493.49
14.254,-128.71,3725,500.67
12.621,-129.8,3703,517.9
10.862,-134.31,3565,478.62
11.489,-138.44,3562,459.01
10.878,-141.34,3499,468.18
10.797,-143.25,3533,422.12
11.275,-145.43,3410,388.83
10.053,-148.21,3452,370.05
6.4827,-150.35,3298,329.91
3.9335,-150.05,3171,342.11
-0.3582,-149.36,2968,285.95
-3.4955,-146.94,3019,275.73
-5.1305,-146.55,3111,290.86
-7.0691,-143.76,2946,301.39
-10.145,-143.32,2914,278.74
-15.304,-141.76,2783,268.71
-18.988,-139.87,2711,237.68
-21.596,-137.91,2642,297.73
-26.035,-135.02,2679,307.74
-29.642,-133.67,2584,273.07
-29.649,-128.21,2597,275.65
-31.203,-124.26,2608,270.89
-34.214,-119.98,2721,273.79
-37.117,-118.56,2729,287.75
-39.789,-118.23,2783,292.35
-43.159,-117.43,2951,318
-46.721,-116.22,3031,386.64
-50.309,-113.09,3108,380.84
-52.309,-113.88,3146,391.77
-54.483,-113.85,3167,353.8
-58.474,-111.91,3189,413.49
-62.578,-113.18,3135,384.65
-65.872,-111.58,3090,317.55
-66.897,-111.19,3273,349.73
-66.504,-108.66,3374,376.88
-69.727,-107.1,3639,440.19
-72.251,-108.52,3598,443.87
-74.013,-110.1,3502,408.09
-76.617,-108.73,3455,387.92
-81.423,-108.66,3410,372.17
-80.716,-112.72,3449,356.73
-80.992,-114.3,3465,350.3
-77.823,-116.45,3620,392.94
-76.746,-121.21,3557,379.96
-76.086,-127.93,3555,341.71
-74.978,-131.69,3505,338.14
-75.169,-136.74,3500,368.17
-77.457,-140.42,3459,392.98
-79.35,-143.25,3601,398.3
-79.783,-148.14,3622,399.89
-81.345,-152.2,3607,425.18
-84.969,-157.85,3446,356.7
-87.653,-161.64,3512,381.53
-90.238,-167.02,3443,360.38
-93.501,-169.4,3178,335.32
-96.247,-168,3134,323.97
-100.13,-167.53,2900,304.41
-103.69,-165.86,2845,278.24
-105.58,-164.7,2889,274.31
-107.04,-164.89,2926,286.22
-106.97,-166.59,3084,311.98
-108.04,-164.4,3177,325.04
-110.97,-159.56,3270,335.08
-115.59,-157.24,3191,318.2
-119.42,-151.45,3174,272.08
-122.98,-146.86,3240,278.46
-126.13,-143.24,3349,296.4
-127.18,-140.24,3482,326.58
-129.67,-137.17,3457,352.67
-132.72,-131.9,3379,323.79
-136.13,-129,3286,345.65
-140.04,-125.84,3270,319.58
-142.73,-124.43,3274,338.96
-144.76,-124.04,3296,325.72
-146.43,-124.11,3377,353.48
-148.34,-128.28,3450,382.28
-150.87,-131.42,3515,390.73
-153.7,-136.4,3581,396.93
-154.38,-139.37,3572,415.78
-155.04,-139.24,3631,364.82
-157.86,-138.48,3474,371.56
-161.84,-136.31,3313,371.8
-166.56,-136.98,3311,367.72
-171.68,-136.65,3379,386.67
-174.67,-135.15,3478,399.92
-177.32,-132.24,3526,352.95
-179.31,-128.16,3390,318.93
-181.33,-122.62,3314,318.67
-183.4,-118.39,3271,347.32
-184.38,-114.73,3138,340.81
-185.79,-111.72,3174,313.66
-185.05,-106.02,3119,286.54
-183.85,-102.93,3073,276.81
-182.36,-99.453,3042,268.81
-181.3,-94.359,3252,329.55
-180.15,-95.497,3306,363.67
-178.06,-94.78,3354,369.41
-175.67,-94.041,3375,381.32
-174.2,-89.593,3342,342.28
-172.47,-85.583,3249,325.65
-170.15,-83.398,3005,256.64
-167.42,-83.159,2784,254.78
-165.55,-83.718,2684,229.54
-164.45,-81.476,2698,300.3
-162.12,-82.226,2612,295.36
-159.76,-82.18,2598,256.06
-156.83,-81.92,2623,279.27
-154.42,-81.469,2696,295.78
-152.6,-81.734,2698,252.19
-151.13,-83.229,2629,252.99
-149.22,-86.185,2623,257.67
-148.32,-88.264,2653,268.42
-145.94,-89.412,2639,253.92
-144.94,-93.009,2751,268.04
-140.51,-95.974,2922,305.81
-136.9,-97.125,2908,292.98
-133.92,-98.804,2854,304.04
-132.89,-101.1,2732,275.28
-130.89,-104.72,2588,274.23
-132.94,-105.42,2678,287.93
-132.17,-108.54,2700,262.89
-134.3,-110.92,2843,307.52
-134.44,-115.27,2944,292.05
-136.34,-118.19,3025,303.37
-137.66,-124.92,2992,312.75
-141.49,-129.23,3034,300.94
-146.84,-133.01,3119,347.25
-150.93,-136.34,3138,380.75
-155.04,-137.61,3201,367.79
-160.39,-138.48,3182,332.84
-166.15,-137.42,3138,268.98
-170.87,-138.44,3136,275.89
-172.72,-138.2,3031,285.69
-176.72,-139.16,3107,277.74
-178.04,-142.2,3057,302.04
-181.23,-144.26,2939,300.9
-185.05,-146.46,2990,322.98
-186.22,-147.02,3100,318.38
-188.35,-144.98,3041,290.43
-191.26,-143.06,3041,273.98
-194.08,-141.45,2970,287.08
-197.55,-140.99,2941,257.82
-198.1,-140.01,2974,268.87
-196.98,-138.48,2956,266.89
-196.28,-134.9,2937,283.85
-195.9,-132.36,2982,304.29
-195.12,-134.14,3047,307.64
-194.52,-136.82,3016,305.82
-194.46,-137.81,2959,318.68
-196.46,-137.39,3142,350.49
-196.7,-139.39,3025,317.3
-194.92,-137.71,3018,289.88
-194.44,-136.29,2948,255.83
-192.63,-135.41,2917,281.82
-189.83,-135.91,2980,287.32
-187.41,-135.16,3149,331.59
-182.09,-134,3309,328.99
-176.54,-130.89,3425,363.62
-171.08,-130.35,3584,371.41
-167.77,-127.21,3625,381.55
-165.05,-124.69,3611,378.61
-164.06,-124.02,3447,333.37
-165.33,-125.72,3428,320.67
-165.77,-131.49,3465,352.4
-165.52,-138.17,3405,319.07
-166.69,-139.67,3394,343.4
-169.5,-140.59,3327,328.01
-173.18,-140.52,3172,292.33
-175.48,-139.39,3214,345.95
-175.52,-140.38,3240,342.03
-176.3,-144.36,3166,355.44
-180.22,-145.07,3088,326.65
-183.27,-143.63,2928,271.5
-184.11,-143.7,2763,256.79
-186.7,-141.64,2748,269.85
-191.53,-141.1,2809,261.31
-194.39,-139.81,2844,250.92
-197.25,-141.09,2733,261.19
-200,-142.58,2633,263.88
-199.54,-144.98,2610,295.87
-199.87,-148.4,2585,290.2
-202.62,-150.7,2597,282.19
-203.4,-155.77,2530,249.17
-203.5,-157.12,2476,254.06
-206.04,-158.36,2535,286.66
-206.02,-161.76,2578,275.35
-205.91,-165.21,2523,261.35
-205.29,-167.24,2519,290.2
-206.54,-172.28,2439,274.75
-206.35,-176.39,2470,274.24
-205.99,-179.55,2557,283.66
-204.51,-181.99,2575,302.33
-205.38,-184.74,2605,284.77
-207.66,-188.14,2561,246.78
-208.08,-189.58,2537,270.73
-206.98,-192.1,2555,245.16
-206.94,-193.46,2713,326.87
-211.27,-194.53,2808,317.26
-213.39,-197.93,2990,361.25
-214.69,-202.05,3158,356.12
-216.9,-204.1,3142,337.33
-219.27,-204.75,3161,350.49
-219.81,-207.53,3121,316.43
-220.23,-211.97,3106,291.44
-219.76,-215.1,3155,311.41
-219.73,-216.18,3201,311.52
-219.83,-222.79,3161,318.45
-220.33,-226.78,3163,304.53
-220.5,-229.97,3168,319.56
-219.51,-234.29,3221,340.99
-219.42,-236.29,3239,349.62
-218.92,-236.41,3309,362.65
-218.96,-239.06,3207,354.65
-219.06,-241.28,3138,317
-218.52,-244.51,3204,304.25
-216.64,-248.01,3226,317.51
-214.56,-251.83,3283,342.92
-212.29,-253.63,3323,326.24
-212.06,-254.22,3390,395.32
-212.61,-255.61,3346,389.87
-212.16,-255.03,3308,390.41
-212.97,-255.12,3339,406.33
-214.45,-257.01,3369,411.72
-213.97,-259.08,3482,428.98
-213.02,-260.41,3575,481.24
-211.12,-263.91,3542,436.57
-210.01,-265.96,3539,461.18
-208.87,-271.54,3453,443.44
-206.48,-275.24,3356,416.17
-205.11,-277.68,3284,398.25
-205.05,-279.29,3221,370.02
-205.28,-281.87,3150,343.37
-203.54,-281.7,3081,337.71
-204.31,-277.92,3225,347.13
-205.59,-274.42,3245,360.1
-207.59,-270.92,3312,351.09
-210.39,-266.56,3401,356.75
-211.34,-261.02,3551,370.04
-211.98,-253.21,3561,400.39
-212.4,-245.93,3636,436.62
-213.86,-239.75,3689,428.08
-217.01,-234.86,3638,403.9
-220.48,-231.48,3620,395.03
-222.76,-230.45,3620,441.17
-224.66,-229.23,3615,391.57
-229,-226.81,3546,400.58
-233.89,-225.46,3338,332.82
-236.22,-225.34,3432,325.14
-238.17,-223.79,3279,313.55
-240.4,-220.48,3251,325.56
-242.83,-221.68,3166,299.47
-241.18,-223.04,3313,320.69
-240.74,-225.09,3312,321.31
-244.42,-228.47,3220,322.06
-245.06,-229.76,3219,306.26
-245.55,-233.43,3128,324.39
-248.49,-236.3,3017,308.77
-250.85,-237.98,2929,283.79
-254.53,-238.36,3006,285.39
-255.49,-240.92,2963,288.57
-257.8,-240.59,2963,270.68
-259.18,-241.9,2934,284.88
-259.63,-241.67,2892,296.77
-263.02,-241.93,2727,265.86
-265.76,-240.02,2674,270.08
-269.17,-239.81,2652,256.33
-270.08,-239.84,2693,264.65
-269.77,-236.33,2845,276.42
-267.98,-232.01,2997,321.82
-265.92,-230.07,3164,328.28
-263.53,-225.1,3259,334.45
-264.64,-224.5,3222,345.02
-264.58,-222.58,3243,352.06
-265.04,-220.78,3218,320.56
-264.83,-215.77,3226,343.75
-266.08,-214.99,3296,341.27
-265,-212.75,3173,340.76
-263.56,-208.94,3277,336.39
-261.75,-205.96,3368,346.5
-261.19,-206.5,3173,342.36
-262.45,-202.07,3012,284.79
-261.94,-201.03,2930,283.57
-259.73,-198.86,2780,331.12
-259.38,-197.89,2541,313.13
-258.67,-196.56,2146,291.96
-259.06,-195.58,2037,271.4
-261.11,-194.08,1925,246.82
-260.7,-194.51,1976,249.8
-261.6,-194.35,1932,232.68
-261.97,-195.33,1913,224.57
-261.78,-195.21,1989,237.6
-262.12,-194.48,2017,223.35
-261.66,-194.83,2099,253.38
-261.66,-194.88,2166,231.19
-261.73,-194.57,2208,222.43
-261.7,-194.94,2277,231.52
-261.42,-194.52,2345,230.24
-261.55,-194.39,2424,235.55
-261.87,-195.79,2519,235.76
-261.54,-196.16,2637,235.14
-261.76,-197.44,2779,240.11
-261.29,-195.85,2894,256.92
-261.52,-197.24,3036,264.47
-261.24,-198.52,3106,260.64
-261.49,-197.9,3206,262.79
-261.58,-197.94,3261,269.5
-262.23,-198.53,3273,280.01
-262.21,-198.55,3369,283.75
-261.79,-199.69,3411,276.42
-261.94,-199.04,3477,277.91
-262.34,-199.58,3543,293.75
-262.91,-200.19,3531,282.78
-263.53,-200.31,3558,295.5
-263.99,-201.01,3609,302.15
-264.4,-201.14,3646,301.1
-264.64,-203.27,3627,309.03
-265.19,-203.66,3586,294.86
-265.58,-203.25,3573,317.82
-266.46,-205.61,3586,313.59
-266.91,-207.35,3565,311.41
-266.86,-207.75,3493,316.35
-266.88,-207.78,3497,306.69
-266.1,-208.26,3400,296.08
-265.53,-207.92,3331,289.81
-265.47,-207.41,3236,279.52
-265.18,-207.89,3137,287.82
-264.99,-208.65,2957,265.59
-264.99,-206.67,2894,267.9
-265.22,-206.22,2870,260.6
-266.09,-204.71,2845,259.19
-266.48,-205.11,2834,269.69
-266.32,-205.62,2879,297.45
-267.58,-206.81,2869,275.59
-269.26,-209.58,2884,299.04
-270.83,-211.87,2873,343.99
-272.44,-214.19,2830,309.02
-273.73,-215.32,2798,293.59
-274.19,-217.28,2730,289.15
-273.25,-219.14,2713,279.28
-272.59,-218.25,2681,310.88
-271.97,-216.61,2748,286.71
-272.54,-214.5,2730,281.27
-272.79,-214.16,2605,250.02
-274.03,-214.06,2474,253.25
-275.4,-212.22,2438,249.55
-278.27,-214.31,2469,266.1
-280.42,-216.46,2357,252.75
-282.48,-218.21,2342,225.54
-284.11,-216.88,2145,200.49
-286.84,-215.13,2020,201.01
-287.39,-216.72,2004,201.83
-287.91,-217.03,1989,214.32
-289.61,-218.2,2028,225.44
-289.95,-219.04,2002,209.24
-291.81,-216.84,1993,203.12
-294.32,-212.93,1938,198.95
-296.58,-211.45,1820,192.68
-298.44,-211.35,1753,208.85
-300.51,-209.26,1759,194.72
-303.88,-211.27,1674,193.06
-304.6,-211.68,1700,204.25
-306.15,-211.65,1653,195.55
-306.89,-208.38,1590,194.19
-308.13,-206.86,1535,182.37
-309.62,-206.13,1433,168.32
-310.29,-204.24,1417,189.1
-310.68,-203.08,1516,205.66
-311.7,-204.13,1525,206.22
-314.12,-203.63,1574,202.31
-314.6,-205.17,1579,202.67
-311.63,-207.45,1655,205.87
-312.05,-208.39,1702,206.33
-312.05,-208.7,1770,213.94
-315.17,-208.57,1743,210.85
-315.56,-207.02,1810,216.1
-314.46,-206.42,1850,224.31
-315.65,-203.82,1920,225.16
-315.06,-207.39,1984,221.91
-313.55,-206.52,2022,232.5
-312.3,-207.1,2164,237.03
-311.47,-207.65,2313,256.92
-310.96,-208.16,2471,256.69
-309.73,-206.34,2525,265.53
-309.81,-205.7,2589,271.25
-308.25,-205.37,2662,264.63
-307.25,-205,2781,277.08
-305.13,-204.5,2791,290.05
-304.9,-206.67,2736,266.15
-303.57,-207.39,2695,274.01
-302.72,-208.36,2530,265.29
-300.84,-206.19,2486,268.19
-300.78,-204.93,2413,270.87
-296.97,-203.14,2311,249.78
-293.63,-204.91,2349,280.06
-293.12,-207.44,2346,261.64
-293.98,-210.24,2245,236.64
-294.14,-210.85,2128,217.38
-294.81,-210.24,2139,253.67
-297.84,-210.45,2174,233.41
-300.77,-210.63,2154,248.04
-302.7,-211.04,2262,253.65
-305.72,-209.71,2274,240.15
-307.65,-208.99,2194,277.43
-312.01,-210.3,2054,243.1
-316.67,-211.38,2037,236.16
-318.79,-210.09,2080,241.9
-321.45,-210.17,2122,256.89
-324.14,-208.89,2208,252.27
-327.09,-207.3,2213,274.72
-329.4,-205.21,2236,284.44
-330.01,-205.39,2358,309.45
-329.97,-204.52,2504,329.46
-330.52,-203.74,2629,349.67
-333.02,-202.68,2831,368.55
-334.78,-199.29,2928,382.52
-336.66,-198.35,3006,393.33
-340.02,-198.3,3148,437.18
-344.07,-198.22,3049,412.4
-348.74,-199.48,3083,408.77
-347.71,-197.72,3138,416.69
-349.42,-196.58,3238,408.73
-352.29,-194.56,3239,412.34
-353.36,-196.16,3181,408.01
-355.07,-196.28,3129,391.84
-354.41,-196.64,3037,356.54
-356.3,-195.66,2815,335.56
-357.94,-197.62,2698,317.39
-359.03,-198.01,2640,345.47
-360.39,-200.09,2602,320.48
-360.04,-200.89,2644,284.61
-359.25,-202.73,2568,237.64
-358.95,-202.87,2717,255.08
-360.05,-204.27,2670,262.56
-360.5,-205.55,2720,257.77
-360.5,-209.75,2610,243.49
-360.05,-211.76,2430,221.27
-360.53,-214.94,2377,207.3
-361.55,-217.04,2413,214.36
-361.1,-218.63,2460,222.61
-360.07,-220.35,2336,198.73
-357.62,-222.21,2305,201.34
-356.53,-223.96,2313,205.86
-355.91,-225.38,2349,235.12
-357.38,-227.69,2222,283.15
-359.49,-227.49,2262,247.64
-359.83,-229.31,2193,211.5
-359.04,-225.86,2068,237.83
-360.6,-224.96,2156,236.37
-360.95,-221.65,2181,230
-362.07,-221.3,2033,208.62
-362.91,-218.7,1863,210.04
-362.12,-214.67,1796,211.35
-360.02,-211.7,1633,182.7
-359.1,-209.94,1599,177.64
-359.72,-207.25,1704,194.61
-360.86,-206.81,1721,202.55
-364.82,-205.58,1663,188.08
-368.87,-202.4,1789,228.47
-374.17,-200.32,1848,237.09
-378.94,-197.84,1893,234.04
-381.27,-199.31,1751,254.61
-383.28,-196.72,1790,249.95
-385.92,-197.18,1770,256.39
-385.33,-196.34,1790,263.54
-383.62,-196.82,1752,255.1
-381.45,-200.55,1889,265.35
-379.42,-205.12,1806,241.45
-379.08,-206.27,1709,279.18
-379.69,-204.71,1628,258.21
-381.92,-200.98,1651,252.24
-380.42,-199.02,1758,241.38
-379.79,-199.71,1783,252.85
-379.4,-197.02,1916,289.62
-378.18,-194.74,2055,306.87
-378.3,-192.03,2249,320.05
-379.55,-187.15,2376,286.37
-379.86,-183.38,2457,294.38
-380.12,-179.92,2605,304.97
-380.24,-176.21,2688,295.53
-381.61,-173.49,2656,282.57
-381.05,-171.96,2684,287.45
-382.12,-171.2,2928,336.55
-383.97,-169.59,3050,345.91
-387.22,-169.87,3180,426.91
-389.1,-169.65,3391,380.96
-388.86,-173.21,3479,407.99
-387.99,-170.56,3498,458.13
-388.23,-164.97,3376,391.64
-389.89,-159.85,3336,372.44
-392.16,-155.49,3285,354.08
-394.78,-152.34,3369,368.05
-396.6,-152.61,3423,376.47
-397.78,-153.46,3419,357.94
-398.42,-152.77,3430,347.23
-403.24,-153.08,3265,311.13
-408.18,-152.1,3123,310.21
-411.41,-149.76,2924,302.46
-414.2,-146.3,2794,275.62
-418.43,-144.97,2548,253.36
-422.23,-144.47,2407,264.15
-424.16,-146.04,2444,311.47
-426.66,-144.96,2370,323.93
-429.85,-141.15,2215,288.39
-431.98,-138.83,2027,285.97
-433.52,-132.36,1932,275.32
-434.01,-127.9,1904,272.41
-433.07,-123.33,1973,311.51
-431.98,-120.67,1940,277.85
-432.34,-122.62,1976,246.16
-432.91,-125.8,1817,240.94
-432.82,-129.79,1731,231.42
-433.09,-134.67,1667,228.63
-433.83,-138.91,1433,210.71
-432.06,-140.69,1360,201.43
-429.68,-142.34,1264,188.63
-426.44,-141.03,1255,191.62
-424.54,-139.4,1365,189.03
-424.81,-136.12,1464,190.89
-426,-131.44,1450,187.11
-428.43,-131.8,1509,207.96
-430.57,-128,1364,199.74
-432.89,-123.11,1327,207.55
-434.26,-115.78,1289,233.24
-435.79,-111.55,1184,256.36
-434.3,-105.95,1219,262.65
-433.89,-93.134,937,193.14
-432.06,-84.978,847,156.61
-430.77,-82.556,907,148.99
-430.92,-82.082,963,160.35
-433.61,-84.067,860,173.53
-436.18,-88.972,753,176.72
-437.47,-89.451,573,155.74
-443.41,-88.11,3206,359.54
-448.05,-82.965,3071,312.96
-452.42,-78.733,3055,291.52
-456.21,-76.999,3030,285.76
-459.82,-75.032,3077,304.95
-460.92,-73.591,3125,357.37
-464.13,-71.598,3276,396.9
-467.74,-71.74,3219,380.47
-471.93,-69.871,3125,388.57
-476.45,-67.402,3126,376.23
-479.31,-68.111,3066,350.47
-477.41,-69.218,3085,335.84
-475.02,-69.918,3212,357.65
-474.31,-70.889,3263,352.75
-472.48,-71.542,3245,355.39
-467.29,-72.125,3293,420.23
-463.05,-71.723,3270,419.57
-459.15,-71.96,3172,391.36
-456.43,-71.637,3274,433.2
-452.32,-73.153,3245,388.24
-447.21,-73.341,3203,371.24
-440.74,-74.682,3170,364.09
-434.65,-76.339,3198,357.96
-429.45,-78.503,3196,396.04
-427.98,-80.629,3222,391.87
-427.41,-83.923,3322,376.92
-422.63,-83.787,3299,400.15
-416.33,-81.152,3338,379.12
-410.84,-77.92,3263,391.97
-405.15,-77.781,3246,416.59
-401.8,-74.909,3254,405.74
-397.22,-73.252,3305,410.74
-391.77,-70.856,3275,383.34
-386.57,-68.189,3116,347.69
-385.65,-69.337,2957,339.32
-387.3,-72.801,2998,337.13
-387.26,-80.492,3019,317.81
-387.04,-86.316,3082,318.45
-385.35,-92.32,2988,326.63
-381.49,-95.567,3061,343.19
-375.82,-98.74,2997,345.02
-372.33,-101.49,2931,329.07
-368.46,-104.57,2882,320.45
-365.86,-108.3,2914,341.32
-363.63,-112.74,2844,345.73
-361.44,-115.84,2772,282.76
-361.3,-120.11,2788,279.68
-362.78,-127.18,2749,341.93
-363.84,-130.16,2702,335.43
-365.47,-132.3,2738,294.72
-367.41,-135.58,2767,313.68
-368.57,-136.97,2778,318.5
-372.42,-137.04,2899,342.65
-375.98,-141.44,2853,326.52
-376.04,-143.47,2636,283.98
-376.77,-142.99,2532,287.72
-376.82,-139.5,2428,292.26
-379.2,-137.22,2495,285.03
-384.09,-134.61,2534,295.74
-387.87,-131.23,2706,330.3
-390.61,-131.13,2645,321.68
-392.86,-133.23,2702,295.5
-394.39,-134.19,2649,292.44
-396.59,-133.61,2686,287.73
-400.89,-130.92,2690,275.87
-402.93,-130.58,2655,276.33
-398.99,-127.43,2615,251.51
-398.3,-120.97,2521,251.73
-403.7,-120.23,2616,261.4
-403.78,-121.07,2583,261.03
-406.75,-114.94,2628,284.49
-410.72,-116.26,2525,255.73
-409.43,-117.68,2469,253.06
-408.76,-121.63,2370,246.32
-410.56,-123.64,2370,260.31
-407.07,-124.93,2398,240.42
-406.64,-126.96,2325,214.26
-404.16,-126.57,2436,230.32
-406.35,-125.47,2420,227.06
-406.5,-129.34,2521,259.67
-405.9,-126.31,2502,260.69
-409.42,-128.55,2641,294.14
-406.21,-133.94,2866,321.31
-404.63,-131.22,2837,343.31
-406.67,-131.26,2763,272.95
-406.78,-129.78,2776,266.98
-407.79,-128.72,2764,253.51
-405.63,-131.11,2796,279.11
-408.8,-129.79,2798,267.96
-412.06,-131.78,2857,291.54
-416.64,-136.11,2803,255.45
-415,-138.64,2673,258.92
-417.45,-138.35,2640,257.06
-420.56,-141.38,2482,249.1
-421.16,-142.22,2456,246.54
-418.55,-143.48,2423,234.37
-417.26,-141,2443,230.64
-415.03,-142.92,2330,225.27
-410.17,-141.61,2438,245.46
-411.2,-139.5,2498,257.72
-414.1,-139.46,2641,286.35
-420.57,-135.6,2769,321.25
-425.14,-132.77,2750,328.4
-428.56,-128.28,2658,308.18
-432.56,-120.66,2680,314.64
-435.17,-115.37,2720,307.66
-437.7,-110.77,2811,314.44
-439.53,-103.16,2835,303.83
-442.77,-94.86,2937,314.72
-446.59,-87.802,2984,336.88
-449.97,-82.39,3042,317.85
-454.52,-78.763,3230,418.13
-457.61,-77.689,3276,439
-464.79,-75.099,3185,392.37
-471.16,-80.07,3219,397.85
-477.67,-80.351,3148,368.65
-484.33,-82.544,3056,354.11
-490.19,-81.79,3014,351.34
-495.42,-82.3,3018,311.27
-497.82,-80.926,2997,348.12
-502.66,-77.02,2901,335.82
-506.63,-75.145,2793,287.45
-506.48,-70.948,2751,274.95
-511.28,-69.707,2795,285.31
-511.44,-66.237,2856,296.7
-513.49,-61.018,2879,343.51
-518.17,-58.975,2857,303.45
-519.93,-55.881,2834,296.92
-522.3,-51.329,2952,362.43
-525.51,-47.362,2914,330.59
-525.65,-43.878,2923,318.26
-527.97,-39.649,2911,321.48
-531.08,-36.085,2978,332.72
-534.21,-34.79,2891,293.61
-535.65,-32.813,2926,330.62
-538.67,-31.206,2987,328.8
-541.88,-31.606,3007,344.67
-543.74,-31.44,2919,376.61
-544.79,-30.265,2948,370.61
-546.41,-30.026,2895,381.53
-547.85,-31.936,2909,386.17
-549.87,-35.034,2832,311.22
-552.62,-35.315,2838,332.65
-554.15,-38.407,2900,337.9
-554.59,-40.059,2881,327.68
-558.24,-41.687,2953,336.9
-562.56,-41.244,2920,315.54
-565.96,-39.951,2729,294.58
-570.6,-40.811,2726,302.39
-573.66,-41.486,2671,286.06
-577.11,-39.842,2538,276.35
-579.63,-42.72,2561,281.83
-579.31,-43.718,2740,306.82
-583.06,-41.156,2670,292.79
-588.73,-39.642,2528,281.87
-594.47,-36.054,2412,276.99
-599.94,-33.828,2298,276.44
-604.78,-30.068,2327,269.7
-609.67,-27.175,2333,270.47
-614.75,-24.966,2328,265.66
-618.31,-23.138,2449,298.45
-622.74,-19.184,2442,271.76
-626.3,-15.713,2443,281.57
-628.27,-12.729,2538,291.14
-632.63,-15.511,2581,305.15
-633.62,-15.88,2620,315.02
-638.39,-14.744,2615,305.94
-642.8,-17.324,2640,321.42
-644.37,-21.791,2574,311.52
-648.1,-23.199,2529,321.94
-653.22,-22.027,2553,338.27
-656.09,-19.565,2652,351.48
-655.93,-17.988,2695,360.76
-657.43,-18.905,2633,347.79
-659.04,-21.408,2685,341.51
-661.93,-22.545,2646,356.07
-661.52,-24.977,2604,385.44
-660.49,-27.105,2656,456.7
-655.74,-29.724,2653,372.06
-649.12,-27.828,2639,410.34
-642.22,-29.039,2695,389.46
-638.27,-27.355,2865,405.18
-635.42,-31.571,2907,347.6
-629.88,-33.714,2941,386.44
-625.91,-34.661,3109,383.77
-621.43,-36.303,3025,422.32
-621.04,-38.49,3092,407.22
-621.48,-39.022,3025,399.72
-622.66,-43.951,3049,388.72
-621.58,-47.662,2926,398.15
-619.97,-50.39,2921,418.43
-622.02,-51.067,2895,426.79
-624.89,-52.937,2810,432.78
-627.41,-55.59,2836,363.32
-630.38,-55.874,2836,350.82
-633.32,-55.557,2806,322.01
-636.48,-53.954,2917,334.72
-641.26,-48.806,2874,352.91
-646.06,-42.666,2868,378.65
-649.42,-35.958,2889,335.75
-652.14,-28.654,2894,343.83
-654.42,-24.713,2909,353.88
-655.19,-18.639,2932,354.55
-654.24,-13.029,2902,365.4
-655.08,-6.4881,2888,376
-656.24,-2.7575,2948,403.6
-653.98,0.74517,2984,440.27
-656.12,4.2702,2981,447.95
-655.15,4.0576,3051,427.69
-652.37,6.1618,3105,419.7
-651.07,12.86,2980,378.6
-649.2,20.07,2865,369.42
-647.43,23.683,2751,374.38
-644.06,29.346,2768,355.97
-641.7,33.874,2773,337.78
-638.26,38.119,2761,351.17
-634.3,41.373,2779,360.84
-633.99,45.678,2924,402.05
-633.68,48.499,2975,398.6
-632.27,54.436,2960,410.02
-632.6,57.858,2928,386.53
-632.12,63.44,2899,374.37
-631.56,67.935,2829,362.1
-629.68,70.363,2768,353.47
-625.91,68.769,2849,354.16
-623.21,71.347,2820,353.2
-623.53,75.184,2854,351.76
-620.7,79.135,2735,328.15
-620.35,81.695,2780,315.03
-617.95,83.14,2708,282.05
-613.65,86.67,2647,301.78
-610.39,90.576,2595,266.01
-608.67,96.989,2459,263.4
-607.29,101.94,2542,284.93
-607.56,105.62,2633,300.05
-610.59,104.9,2687,390.3
-613.69,102.63,2784,408.36
-616.44,96.821,2796,383.04
-618.11,91.189,2712,367.63
-622.12,87.698,2697,379.45
-627.13,85.338,2670,378.12
-626.96,83.532,2707,341.54
-629.06,85.523,2769,433.92
-629.83,84.734,2920,444.86
-628.1,88.004,2974,472.33
-626.04,86.36,3013,471.71
-623.13,86.068,2972,413.2
-624.44,89.093,3013,399.42
-627.47,89.281,2997,466.9
-627.09,91.269,3043,415.83
-626.88,95.912,3005,401.31
-628.33,100.24,2936,372.43
-631.46,105.17,2887,377.05
-635.06,107.47,2763,386.71
-637.4,112.34,2725,377.41
-638.24,118.66,2719,356.15
-640.62,123.88,2711,377.49
-640.85,129.29,2661,401.5
-638.22,134.3,2650,406.03
-637.87,140,2615,411.87
-634.7,144.26,2614,410.56
-633.02,146.32,2679,351.37
-631.92,149.93,2643,344.6
-630.77,154.49,2577,306.45
-628.04,156.62,2611,297.59
-625,159.64,2535,281.36
-620.67,163.36,2483,270.08
-618.66,165.96,2469,278.46
-615.94,165.78,2569,369.03
-612.21,168.39,2580,328.22
-609.8,171.63,2574,343.73
-607.77,173.73,2554,363
-604.52,175.8,2412,332.96
-602.23,177.8,2364,313.13
-599.22,178.34,2333,271.5
-596.73,181.27,2298,301.29
-594.7,181.68,2229,284.45
-595.69,179.16,2134,301.33
-599.46,176.19,2096,282.46
-603.8,174.31,2036,267.42
-606.31,177.5,1956,260.26
-604.5,181.07,1914,306.16
-604.76,183.85,1831,292.1
-607.88,184.23,1661,269.81
-610.72,186.38,1570,307.5
-614.32,187.32,1550,285.41
-615.79,186.79,1647,272.46
-613.79,185.51,1582,284.11
-612.76,189.82,1288,248.69
-617.76,192.41,1087,251.5
-622.14,190.89,975,218.26
-627.88,188.04,885,213.15
-631.88,190.08,794,195.81
-628.85,193.84,617,155.65
-630.46,197.69,2127,364.75
-631.09,199.27,2095,356.29
-634.93,202.41,2157,369.47
-638.18,202.28,2061,300.49
-638.51,203.32,2002,306.29
-640.43,209.24,1948,270.53
-642.48,208.11,1926,329.55
-641.41,208.27,1913,276.87
-640.68,209.03,1857,290.95
-642.46,207.48,1901,267.89
-645.52,203.08,1875,286.07
-647.88,202.17,1809,301.19
-650.4,203.92,1783,275.3
-650.74,207.74,1681,268.06
-651.88,212.61,1597,234.79
-651.29,214.13,1594,212.85
-649.71,219.72,1566,214.25
-651.38,222.32,1534,199.25
-647.86,223.36,1459,192.73
-648.71,228.11,1360,174.63
-651.73,228.75,1308,185.77
-653.32,230.45,1358,177.72
-656.91,231.42,1381,199.25
-657.66,229.04,1475,213.95
-660.58,230.91,1502,239.98
-661.91,230.55,1515,205.07
-657.45,229.99,1565,226.67
-655.79,230.39,1592,231.18
-658.64,228.28,1581,222.64
-662.23,227.99,1554,207.49
-665.02,227.83,1556,200.84
-665.63,228.69,1552,220.2
-668.79,228.79,1488,263.7
-670.42,227.95,1393,290.97
-670.84,223.79,1107,220.34
-670.53,223.13,845,231.12
-671.55,224.37,715,254.58
-671.15,224.42,576,190.8
-694.23,233.99,1999,269.6
-695.83,231.91,1926,309.43
-696.71,233.38,1846,333.56
-701.26,235.76,1847,282.27
-705.83,236.1,1845,294.76
-706.18,236.34,1824,313.61
-707.77,236.93,1813,322.76
-709.65,236.89,1779,314.53
-711.54,237.08,1765,317.05
-711.35,236.55,1782,342.48
-714.47,236.37,1683,399.14
-715.94,234.75,1628,436.42
-717.19,230.91,1576,452.19
-710.96,232.75,1512,344.32
-714.54,232.8,1535,408.67
-717.62,232.11,1395,390.86
-716.18,230.3,1294,274.32
-718.13,231.51,1387,339.17
-721.45,229.67,1154,440.84
-724.27,231.01,1189,370.63
-728.44,225.96,1094,474.04
-728.84,225.59,906,424.37
-736.29,216.98,817,469.49
-739.74,213.34,2547,301.47
-742.93,212.64,2549,300.81
-748.1,209.01,2531,288.58
-753.09,205.95,2449,291.77
-755.47,203.31,2521,300.74
-758.37,201.71,2436,296.27
-763.67,199.54,2336,268.64
-768.29,197.78,2310,261.42
-771.62,196.39,2371,273.03
-774.68,194.85,2274,295.56
-776.96,194.87,2176,313.11
-780.78,192.21,2110,297.03
-780.23,189.07,2096,321.87
-782.88,189.41,2105,334
-784.22,186.2,2116,340.88
-782.69,186.17,2158,339.99
-782.53,188.35,2110,344.41
-785.03,188.98,2140,325.59
-784.09,187.85,2042,294.06
-782.44,191.45,2021,284.41
-782.87,192.86,1994,271.84
-783.94,195.45,1938,257.09
-784.42,195.02,2003,264.85
-782.61,198.87,1982,241.72
-782,201.02,1960,228.23
-782.87,202.86,1846,224.78
-786.34,203.62,1763,210.51
-788.77,205.39,1689,226.76
-788.01,207.65,1682,226.02
-787.53,208.82,1774,268.55
-785.47,209.28,1860,275.81
-782.88,210.23,1934,300.35
-783.81,208.81,1983,314.25
-783.3,206.44,2058,300.44
-783.97,208.31,2052,294.69
-785.16,208.95,2042,311.25
-785.14,210.86,1908,344.08
-788.7,211.27,2024,346.42
-788.48,216.03,2044,324.39
-787.08,218.73,1972,319.61
-784.9,221.87,1993,315.26
-783.53,224.27,2066,373.08
-780.55,227.73,2058,355.17
-781.14,230.38,1967,313.43
-782.52,233.26,1804,308.42
-782.56,235.23,1869,269.95
-782.86,234.59,1978,308.6
-782.05,238.25,2022,346.27
-782.68,242.15,1930,363.38
-785.84,242.12,1963,356.13
-785.89,247.17,1908,333.68
-785.81,252.73,1836,291.25
-785.99,257.13,1740,315.85
-787.11,261.13,1636,320.47
-786.53,262.02,1716,341.02
-786.85,262.29,1710,352.24
-788.28,265.91,1567,406.85
-788.63,267.59,1393,396.61
-790.03,261.23,978,302.09
-792.33,264.04,914,267.85
-792.54,276.23,1060,413.96
-794.46,277.26,880,364.86
-794.46,277.26,880,364.86
