0,-0,161,65.311
0.76654,-0.97635,104,65.327
1.079,1.4796,309,67.006
1.4854,2.097,315,65.401
2.0137,3.2511,328,70.355
2.4622,3.6496,337,72.15
1.6911,3.5896,345,68.006
2.7877,3.7819,314,62.655
3.2899,4.8143,347,74.184
3.7354,5.3121,376,72.621
4.6542,5.7939,384,79.444
5.1958,6.1641,402,84.605
5.9047,6.3954,402,83.488
6.1908,6.5323,402,76.268
7.0802,6.4222,411,79.816
7.8834,6.7046,414,80.941
8.0352,6.6223,432,81.048
8.4665,6.3646,443,88.558
9.3879,6.3761,449,91.842
9.7018,6.466,458,91.692
10.309,6.4642,470,98.168
10.603,6.3343,463,96.77
11.261,5.9227,452,86.713
12.43,5.8621,460,90.626
13.093,5.5095,456,84.233
13.637,5.2977,450,87.772
14.335,5.7044,478,88.45
14.821,5.6108,472,93.123
15.143,6.0518,485,96.787
15.253,5.3807,496,100.23
15.917,4.5744,490,100.07
16.182,4.3583,493,102.19
16.78,3.5938,489,124.78
17.558,3.8313,494,107.59
18.127,3.5107,486,112.89
17.966,3.4856,503,117.84
18.094,4.08,502,128.08
17.686,3.4775,508,122.99
17.086,3.4061,500,129.46
16.783,2.8451,507,124.04
16.299,2.1099,502,120.4
16.287,2.2854,506,129.3
15.665,1.1473,505,122.91
14.876,0.91611,500,110.8
14.39,0.37526,479,108.95
14.049,-0.62754,464,109.13
13.854,-1.5864,478,109.73
13.946,-2.0509,469,105.5
13.451,-2.9689,452,96.952
13.219,-3.6906,461,98.772
12.98,-4.4465,464,95.993
14.013,-4.8775,464,96.257
14.758,-5.1822,483,99.912
15.33,-5.3247,517,117.41
15.436,-5.4851,508,131
16.196,-6.741,508,109.16
16.412,-7.4292,517,112.87
16.488,-8.3387,489,106.97
16.45,-9.1025,486,105.76
16.556,-9.4883,496,113.19
16.284,-9.9842,497,120.26
15.506,-10.387,476,113.43
15.197,-11.567,491,112.28
14.75,-12.323,494,113.98
14.487,-12.622,504,124.81
14.57,-13.058,500,117.64
14.814,-13.56,492,112
14.77,-13.866,490,118.56
14.717,-14.162,481,112.01
14.544,-13.689,471,114.81
14.672,-13.863,478,121.7
14.849,-13.484,467,139.9
15.575,-13.238,467,111.08
15.801,-12.561,488,111.09
16.053,-11.518,505,109.6
15.675,-11.245,495,109.82
15.598,-10.286,489,114.13
15.561,-9.3,486,105.25
15.783,-8.5481,472,107.55
15.69,-8.4454,463,101.43
15.671,-7.9469,446,97.043
15.489,-7.5736,442,89.442
15.269,-6.9401,458,100.67
15.325,-6.2217,444,90.319
15.019,-5.649,450,96.505
14.918,-5.1535,473,110.72
14.889,-4.5325,481,107.48
14.903,-4.011,479,101.38
14.965,-3.0538,483,101
15.283,-2.3279,482,105.3
14.779,-1.7995,477,104.91
14.337,-1.5584,469,101.36
13.957,-2.0093,448,89.542
14.172,-2.001,444,84.414
13.975,-1.7934,450,85.812
13.791,-1.9006,429,88.095
13.741,-2.1525,438,85.647
13.791,-2.0827,435,82.471
14.224,-2.0781,428,82.843
13.929,-2.0092,435,83.091
14.052,-2.0342,436,80.387
13.981,-1.7885,415,86.639
14.018,-1.3259,433,100.05
13.953,-1.5352,452,101.24
13.895,-1.7493,472,105.85
13.222,-1.5902,486,109.89
13.048,-2.4964,496,108.92
12.412,-3.2355,494,109.14
12.385,-4.1351,502,104.3
12.622,-5.3682,495,104.84
12.639,-5.9134,491,110.56
12.834,-6.6997,487,107.46
13.029,-6.7847,483,103.06
13.084,-7.3039,500,109.6
13.459,-6.9002,504,113.45
14.177,-8.2876,509,120.82
14.329,-8.9319,499,124.2
14.143,-9.5068,515,133.22
14.294,-10.346,514,138.55
14.047,-11.388,520,127.33
13.846,-13.256,503,128.39
14.053,-13.949,518,127.72
14.502,-15.069,489,129.36
14.48,-14.714,519,128.66
14.356,-15.892,504,111.61
14.715,-16.309,479,108.22
15.22,-16.118,478,104.84
15.07,-15.959,471,108.36
14.951,-15.604,482,101.5
14.563,-14.657,474,103.92
14.461,-13.539,471,103.68
14.097,-13.302,464,99.292
14.404,-12.042,488,97.109
14.645,-11.582,478,96.836
14.847,-10.475,482,103.29
14.858,-9.6922,464,101.53
15.075,-8.769,450,100.79
14.672,-7.9883,476,101.55
14.41,-7.2394,461,103.73
14.301,-7.0771,474,98.358
14.656,-6.512,472,99.764
15.227,-5.8657,471,97.324
15.213,-4.4552,491,100.91
15.249,-3.972,498,98.614
15.534,-3.5741,503,108.9
15.745,-3.0665,521,107.07
16.794,-2.7073,529,114.24
16.932,-2.0053,534,115.77
16.638,-0.88704,531,109.13
16.085,0.13962,529,106.3
15.561,0.88769,516,107.33
15.532,1.1912,519,116.25
15.875,1.9117,512,119.94
15.842,2.0833,519,119.44
16.169,2.7009,526,122.25
16.291,2.1989,519,115.84
16.629,2.1491,506,116.25
16.555,1.4178,492,115.68
16.482,-0.029725,490,112.18
16.472,-0.54809,490,100.82
16.189,-1.5,491,95.662
15.817,-2.4215,488,97.978
15.614,-3.4409,497,101.73
15.596,-4.2343,506,100.73
15.338,-4.874,501,107.83
14.586,-4.9873,486,101.72
13.788,-5.34,485,112.38
13.275,-5.5654,502,110.18
13.094,-6.4485,472,103.99
13.101,-7.367,487,101.9
13.483,-7.5454,507,116.66
13.529,-8.1879,512,113.53
13.729,-9.5151,518,114.18
13.445,-10.665,524,126.36
13.453,-11.699,519,131.23
13.239,-12.785,537,129.45
13.228,-14.16,514,127.2
13.403,-15.489,521,135.06
13.117,-15.829,523,129.84
12.613,-15.996,518,118.22
12.756,-16.267,495,109.5
12.506,-15.679,476,110.51
12.711,-15.218,479,106.31
13.295,-14.243,475,105.69
13.42,-13.604,464,101.82
13.902,-12.958,493,110.65
13.729,-12.479,475,107.55
13.725,-12.279,469,109.75
12.942,-12.204,492,117.45
13.061,-12.15,499,124.36
13.166,-12.732,491,121.81
13.451,-12.801,513,117.07
13.661,-12.784,493,118.17
14.31,-12.408,504,110.17
14.782,-11.948,484,108.87
14.599,-11.808,476,105.56
14.957,-11.52,455,98.316
14.952,-10.915,472,105.73
15.155,-9.7619,466,107.12
15.149,-9.5787,451,91.278
15.101,-9.131,435,93.288
14.963,-8.3882,433,93.239
14.634,-7.5985,442,88.136
14.957,-7.5138,448,91.039
14.779,-7.5146,456,93.421
15.068,-6.6917,463,90.402
15.329,-5.9337,475,96.332
15.087,-5.7014,461,94.636
15.183,-5.4336,464,92.85
15.119,-4.7362,471,90.269
14.968,-4.5741,481,95.083
14.624,-4.6744,501,97.688
14.024,-4.7278,495,106.5
14.287,-5.3006,499,112.71
14.333,-5.7925,502,114.68
14.546,-6.5548,496,119.25
14.965,-7.299,504,110.67
15.655,-7.4618,523,114.53
15.784,-7.249,524,121.96
15.707,-7.6481,497,117.62
15.495,-7.2366,539,121.46
15.073,-7.5003,521,124.86
14.882,-7.6379,520,124.81
14.527,-7.4467,509,131.12
14.022,-7.3522,502,130.72
14.057,-7.6831,518,130.97
14.488,-8.1345,524,127.22
14.794,-8.7582,523,127.02
15.424,-9.4765,518,125.96
15.7,-10.195,536,123.55
15.803,-10.798,502,113.14
15.935,-10.86,501,113.21
15.622,-11.832,474,106.39
15.646,-12.639,465,104.96
15.631,-13.447,483,111.5
15.804,-14.633,496,110.23
16.47,-16.239,482,107.88
17.217,-17.116,499,109.55
17.81,-17.75,496,113.14
18.16,-18.33,503,107.8
17.844,-19.244,481,105.13
17.519,-19.913,477,106.5
17.611,-20.6,473,110.61
18.211,-21.437,493,102.37
18.946,-21.75,489,104.27
19.052,-21.875,511,109.89
19.207,-22.685,518,97.861
19.06,-23.718,500,97.506
19.381,-24.5,512,96.348
19.92,-25.012,512,95.364
19.968,-25.242,507,91.808
19.757,-24.907,484,88.806
19.814,-25.125,482,92.999
20.251,-25.288,463,97.565
20.122,-25.517,470,87.962
20.427,-25.827,496,96.183
20.206,-26.861,458,90.683
19.932,-27.623,451,91.072
19.694,-28.183,436,91.229
18.885,-28.694,419,86.093
18.4,-28.033,408,83.339
18.67,-27.382,417,92.379
18.671,-25.719,434,92.362
18.518,-24.323,439,92.371
18.445,-23.459,453,103.74
18.205,-23.494,444,101.55
18.52,-23.784,455,101.14
18.635,-24.968,468,110.76
18.782,-25.663,470,110.89
18.668,-26.732,486,113.17
19.008,-28.479,490,110.8
19.021,-29.273,496,115.88
18.828,-30.035,483,108.91
19.051,-30.815,495,102.93
18.923,-31.234,483,102.1
19.119,-31.479,488,107.45
18.687,-31.595,514,112.4
18.155,-31.776,487,113.67
18.158,-31.034,498,116.16
17.851,-29.74,495,118.7
17.908,-29.521,506,115.78
18.494,-29.903,490,116.3
18.516,-30.7,516,112.87
18.445,-31.963,482,105.44
18.347,-33.273,495,105.66
18.638,-34.832,481,112.53
18.696,-36.076,500,109.87
18.448,-36.442,502,112.94
18.144,-37.734,496,107.64
18.279,-38.407,505,112.57
19.251,-40.088,487,116.07
19.644,-40.908,495,112.06
19.508,-41.283,487,116.49
19.663,-40.95,495,113.54
19.507,-41.013,493,123.28
19.266,-40.852,501,117.04
18.649,-39.491,490,113.01
18.107,-37.792,495,111.07
18.614,-36.077,497,107.88
19.372,-35.283,495,111.41
19.562,-34.267,496,96.728
20.096,-33.767,492,97.903
20.294,-34.7,500,107.33
20.582,-35.476,507,121.22
21.178,-36.61,515,111.55
21.13,-38.097,516,111.94
20.74,-39.451,520,115.47
20.451,-40.623,512,110.07
20.623,-41.701,507,113
21.024,-42.296,514,110.45
20.553,-41.869,519,108.94
20.618,-41.975,491,104.89
20.189,-41.488,496,107.79
19.178,-40.865,495,108.02
18.464,-40.994,502,102.9
17.902,-41.002,497,111.57
17.799,-42.097,502,110.39
18.362,-42.642,500,116.82
18.365,-43.08,494,115.14
18.396,-43.34,475,106.3
18.193,-44.238,483,96.637
18.333,-45.855,470,100.33
18.602,-46.422,490,101.14
19.36,-47.797,474,103.31
19.776,-48.971,457,101.62
19.521,-49.681,447,103.58
18.785,-48.9,448,100.37
18.068,-47.99,459,100.57
17.739,-47.205,446,101.34
17.279,-46.274,446,101.1
17.143,-45.599,458,99.409
17.32,-45.276,459,92.974
17.875,-45.297,460,91.601
18.402,-45.225,457,94.323
19.051,-46.304,456,86.506
19.138,-47.622,446,87.681
19.642,-48.717,461,85.432
20.661,-49.81,469,89.095
21.06,-51.127,481,92.924
21.272,-51.667,465,95.108
21.785,-51.857,458,90.7
22.559,-52.242,447,94.066
22.94,-52.676,446,81.023
23.517,-53.109,451,83.389
24.081,-53.343,449,87.855
24.28,-53.22,458,90.7
24.247,-53.402,448,84.514
24.745,-53.497,458,86.3
24.844,-54.134,469,92.123
24.602,-55.173,433,78.038
24.382,-55.335,456,87.822
23.954,-54.66,446,81.23
24.122,-54.016,446,82.545
24.166,-53.313,424,84.729
23.535,-53.167,427,82.33
22.321,-52.545,433,84.878
21.176,-52.412,441,88.971
21.669,-52.323,436,88.045
21.814,-50.881,422,91.006
21.681,-50.212,441,89.352
21.562,-49.668,460,95.1
21.453,-49.87,488,100.14
22.003,-51.082,487,103.87
22.866,-52.326,482,104.57
23.51,-53.611,487,98.747
24.167,-54.546,475,94.446
25.098,-55.554,482,95.447
25.84,-56.49,484,98.11
26.628,-58.175,480,96.497
27.021,-59.341,499,98.077
27.9,-60.095,516,102.31
27.769,-61.133,486,102.83
27.924,-62.715,508,99.904
28.887,-63.936,479,95.918
29.736,-64.769,481,84.687
30.197,-65.198,481,87.226
30.476,-65.834,492,93.793
31.122,-66.491,472,93.85
31.841,-67.921,474,93.056
32.521,-68.869,490,92.081
33.895,-69.729,488,94.876
35.25,-70.434,464,85.316
35.843,-71.63,471,85.795
36.274,-72.699,468,82.297
36.648,-73.24,483,90.278
36.73,-74.202,499,95.447
36.289,-76.068,492,99.954
36.39,-77.7,501,100.07
36.303,-78.782,467,89.948
36.921,-79.831,486,87.772
37.222,-81.936,483,88.144
37.78,-83.579,490,90.667
37.951,-84.496,487,88.789
37.684,-85.714,470,94.852
38.124,-87.586,463,91.584
38.907,-89.039,474,85.613
39.14,-90.829,469,95.273
40.046,-92.766,478,92.618
41.196,-94.132,475,93.214
42.136,-95.948,494,94.777
42.701,-97.37,502,94.793
43.618,-99.302,494,93.313
44.634,-101.64,498,99.392
45.908,-103.44,485,94.876
47.064,-105.53,494,93.603
48.014,-107.69,484,95.844
48.257,-108.8,493,100.62
49.071,-110.27,501,108.48
49.987,-112.34,491,101.38
51.131,-114.51,504,101.57
51.562,-116.62,509,98.432
50.731,-118.37,495,101.07
50.256,-120.12,510,99.491
51.199,-121.03,509,98.392
52.104,-122.01,496,99.707
52.592,-124.24,487,91.584
52.602,-126.19,487,95.406
53.153,-128.13,506,97.531
53.259,-129.66,487,95.083
54.381,-131.18,473,94.992
54.485,-132.64,495,94.512
54.498,-133.69,502,107.75
54.514,-135.04,490,105.38
55.202,-135.52,487,98.779
56.42,-136.47,487,104.47
56.901,-138.75,483,108.41
57.798,-140.42,490,111.18
59.045,-142.69,497,106.21
59.012,-144.67,498,104.06
58.596,-146.81,507,108.27
57.857,-148.7,498,99.383
57.314,-150.68,507,101.36
56.596,-152.43,508,101.48
55.936,-153.62,494,87.83
55.834,-155.25,464,86.92
56.506,-156.26,460,82.628
56.799,-156.85,447,84.207
56.341,-157.57,453,91.362
56.764,-158.01,439,84.687
56.459,-157.44,447,81.288
56.715,-157.43,433,82.314
57.434,-156.54,440,90.195
57.757,-155.28,440,86.895
58.419,-154.32,432,94.521
58.648,-154.29,435,85.977
58.407,-154.15,458,90.402
58.529,-153.52,456,95.579
58.059,-151.98,450,94.529
57.336,-150.96,444,89.922
56.659,-151.16,450,93.007
55.853,-153.27,464,109.25
55.412,-155.26,482,108.78
54.489,-157.4,476,108.21
53.659,-158.61,479,105.02
53.715,-160.11,474,101.92
53.729,-161.97,448,94.066
53.212,-163.75,462,98.631
53.254,-164.36,473,92.569
51.479,-163.98,477,94.934
50.256,-163.41,470,100.34
50.275,-163.63,463,104.76
51.381,-164.91,482,108.58
51.494,-166.64,490,102.74
52.094,-168.66,486,100.74
52.782,-170.15,474,99.128
52.894,-171.82,477,101.02
52.391,-172.3,477,99.929
51.381,-172.17,484,103.34
50.818,-172.48,492,108.5
50.222,-172.62,500,119.54
49.648,-173.44,499,114.95
50.11,-175.33,509,118.74
50.999,-176.54,511,116.89
51.623,-177.74,514,121.98
51.17,-178.95,534,123.73
51.95,-180.72,519,118.73
53.009,-183.11,520,115.52
53.679,-184.8,505,106.67
53.522,-187.15,518,103.5
53.548,-188.71,536,113.34
53.761,-190.25,536,112.85
53.838,-191.84,536,116.64
54.109,-193.6,526,109.15
55.517,-194.69,541,107.81
55.989,-195.48,545,118.77
55.717,-198.04,527,109.64
55.501,-200.6,530,111.06
56.377,-203.03,536,115.68
57.232,-204.52,534,112.5
57.183,-206.02,536,109.31
56.53,-207.86,519,102.88
56.033,-209.52,530,100.49
56.089,-210.46,548,105.09
55.771,-209.5,551,117.06
55.513,-209.7,568,124.3
55.551,-211.57,547,119.28
55.951,-213.94,542,108.84
56.123,-216.19,534,107.79
56.373,-217.83,517,106.66
56.524,-219.42,504,102.86
56.061,-219.48,509,97.952
55.611,-218.37,513,104.82
55.273,-217.77,524,103.41
55.29,-217.79,535,106.12
55.49,-218.12,524,111.63
55.761,-218.05,508,105.4
55.429,-217.31,505,107.55
55.357,-215.84,507,108.19
55.081,-213.52,503,107.9
54.868,-211.51,489,104.23
55.176,-210.15,471,101.92
54.912,-209.02,457,94.603
54.235,-209.41,441,90.286
53.572,-210.38,439,87.971
52.569,-211.25,414,80.949
52.475,-212.05,405,82.455
52.951,-212.05,414,86.556
50.974,-211.84,459,94.57
49.379,-211.18,468,103.68
49.562,-211.39,456,104.36
50.652,-210.17,442,104.55
51.632,-207.69,434,96.381
52.276,-205.9,439,94.479
52.189,-204.38,428,88.963
52.596,-203.02,401,82.007
52.688,-201.71,384,85.713
52.072,-200.41,375,81.139
51.527,-199.05,353,77.476
51.711,-197.49,339,71.909
52.03,-196.47,327,68.577
53.18,-196.31,295,62.283
53.182,-197.53,316,71.099
52.758,-198.82,321,69.412
51.66,-200.09,342,71.744
50.366,-201.99,353,76.822
51.014,-203.63,365,76.053
51.606,-204.92,365,76.186
51.914,-205.91,397,85.225
51.722,-207.38,427,87.127
51.53,-208.69,460,93.776
51.483,-210.24,497,97.043
50.979,-210.13,506,106.7
50.147,-209.99,526,117.54
49.392,-209.85,559,132.3
49.307,-210.16,570,133.44
49.972,-212.11,557,120.53
50.675,-214.83,546,120.55
50.84,-216.99,546,115.1
50.659,-218.85,545,110.76
49.692,-219.62,546,120.18
50.238,-220.43,581,121.86
49.954,-219.84,556,115.68
50.718,-219.51,559,118.1
50.444,-220.61,564,128.69
49.802,-222.93,554,119.66
50.474,-224.55,548,116.77
50.586,-225.97,548,108.02
51.016,-226.72,546,115.1
52.061,-226.01,536,106.1
53.752,-225.7,553,112.34
54.576,-225.38,541,106.6
54.821,-225.36,536,100.98
54.382,-226.24,525,98.366
53.004,-225.33,536,103.63
52.524,-223.66,533,97.539
51.897,-222.33,524,98.664
52.555,-221.16,522,100.62
53.471,-219.93,525,100.97
53.53,-218.95,519,110.29
54.361,-219.33,520,110.53
54.275,-218.16,525,101.71
52.894,-217.76,519,99.127
51.758,-217.09,504,98.184
52.348,-216.32,480,99.987
53.143,-215.96,472,98.978
53.143,-216.22,483,99.474
53.274,-217.19,494,95.091
53.612,-218.74,492,95.464
53.033,-220.64,474,91.783
52.467,-221.07,487,96.985
52.263,-223.07,483,89.781
52.011,-224.88,475,89.608
51.703,-226.62,477,91.237
51.319,-227.15,480,97.134
50.881,-229.05,482,100.08
50.88,-230.48,449,87.325
50.293,-232.07,447,88.616
48.914,-233.45,451,82.429
48.092,-234.48,464,93.206
48.623,-235.05,458,95.224
48.676,-234.33,456,92.404
48.599,-233.56,460,89.922
49.048,-233.06,472,88.053
49.64,-233.83,478,89.046
50.256,-235.07,476,86.11
51.286,-236.35,490,87.979
52.487,-236.81,498,86.763
52.472,-237.83,481,87.011
51.594,-238.93,489,89.666
51.014,-240.07,483,82.364
49.636,-240.75,477,85.448
48.887,-240.73,489,97.043
49.407,-239.92,491,96.307
49.271,-238.83,483,95.439
49.938,-238.54,505,87.267
50.218,-239.11,511,93.007
50.138,-239.53,540,93.387
50.135,-240.15,526,100.32
49.484,-240.93,562,111.86
48.457,-243.15,560,111.6
48.799,-244.56,552,98.647
49.243,-244.65,540,98.482
48.954,-243.92,538,102.45
48.9,-242.93,557,110.72
49.091,-242.16,566,105.75
48.353,-242.94,558,127.45
48.76,-243.78,556,105.6
49.246,-244.86,544,101.76
49.071,-244.68,552,104.02
47.953,-244.03,580,106.52
47.456,-244.8,570,108.76
47.111,-245.79,579,114
47.855,-246.17,580,116.64
47.916,-246.06,554,100.97
47.456,-246.1,557,101.43
47.766,-246.59,555,105.77
48.999,-246.85,569,112.8
49.354,-246.96,558,100.26
49.259,-247.82,566,99.491
49.673,-247.91,569,97.051
49.533,-247.16,566,96.389
50.199,-246.98,566,106.41
50.464,-247.6,582,109.68
50.552,-249.05,559,112.05
51.419,-249.57,577,115.99
51.836,-248.8,559,108.37
51.568,-248.45,559,114.3
52.525,-248.39,559,104.06
54.126,-248.08,546,101.46
54.448,-247.81,537,94.975
55.11,-247.45,544,109.13
55.861,-247.14,549,103.87
56.332,-246.66,543,103.59
56.862,-246.74,543,93.66
57.942,-247.4,525,95.91
58.521,-248.8,543,100.71
59.134,-249.77,527,98.755
59.588,-250.81,542,103.44
59.312,-251.65,551,107.54
60.245,-253.28,560,101.09
60.836,-254.84,535,97.134
61.821,-255.16,522,93.776
62.066,-256.33,527,96.679
62.664,-257.1,496,99.931
63.045,-257.85,501,90.013
63.815,-258.71,511,99.557
64.268,-259.22,535,108.79
64.808,-259.72,527,113.26
65.321,-259.86,522,106.02
65.665,-260.37,505,96.836
67.218,-261.36,508,105.31
67.9,-261.78,509,97.506
69.059,-262.87,514,108.11
69.384,-263.1,520,105.59
69.282,-263.29,534,104.91
69.39,-263.86,511,91.932
69.852,-264.14,492,91.138
71.49,-264.49,482,87.929
72.72,-265.6,463,89.848
73.09,-266.34,472,92.089
74.076,-267.68,469,96.117
74.885,-268.89,468,101.49
75.28,-270.2,467,103.32
75.853,-270.78,453,94.247
76.188,-271.58,457,104.26
77.508,-272.5,460,90.981
78.878,-273.52,455,96.249
80.555,-274.46,488,95.099
81.551,-275.66,457,105.49
81.685,-276.46,427,117.02
81.461,-278.06,392,108.11
80.993,-278.96,391,96.978
82.123,-279.63,375,87.508
83.497,-280.07,347,79.204
83.205,-281.26,309,82.256
82.345,-282.4,293,86.292
81.928,-283.16,244,71.108
82.852,-283.71,235,69.114
83.52,-283.1,236,77.136
84.05,-284.27,236,81.371
82.627,-285.75,185,69.47
83.099,-286.86,132,54.484
83.875,-286.8,110,49.522
84.495,-289.62,360,102.34
84.298,-291.61,362,96.522
83.841,-293.42,334,103.44
83.549,-294.98,301,136.07
83.828,-296.08,276,120.22
83.772,-299.19,311,131.58
84.059,-302.24,324,161.82
84.668,-304.17,298,158.53
85.729,-306.42,283,171.02
85.531,-308.61,387,108.51
85.693,-311.28,411,115.35
85.326,-313.24,415,108.58
84.717,-315.33,433,114.37
84.837,-316.64,424,106.89
84.957,-317.48,463,100.93
85.317,-319.17,461,92.652
85.207,-320.45,445,102.37
84.201,-321.4,463,107.24
83.584,-321.82,476,99.838
84.092,-322.84,472,117.9
83.531,-323.81,503,111.48
83.485,-325.73,505,98.772
82.975,-327.44,494,98.35
82.731,-328.78,511,96.216
82.455,-330.26,512,100.91
83.27,-330.8,507,97.341
83.67,-331.18,500,94.959
83.889,-332.33,485,92.958
83.713,-333.64,487,88.914
83.158,-334.72,495,89.798
82.736,-335.66,503,87.358
81.891,-337.27,501,87.59
81.745,-338.62,493,87.698
81.889,-339.81,501,86.92
81.356,-341.23,502,85.622
81.227,-342.85,490,81.305
80.84,-343.87,483,81.527
80.75,-344.46,489,86.018
81.57,-343.76,517,94.802
81.948,-342.85,529,90.707
82.611,-341.88,511,94.223
82.82,-342.1,517,87.821
82.992,-343.22,510,87.979
83.482,-345.07,500,85.986
83.462,-346.21,499,87.383
83.698,-347.15,530,96.985
83.521,-347.11,520,98.118
83.792,-347.56,527,93.445
83.911,-347.95,537,97.605
84.303,-348.55,538,97.63
83.757,-348.57,513,92.246
83.775,-349.28,504,88.855
83.305,-350.32,491,87.201
83.38,-351.69,506,88.128
83.597,-351.35,521,94.479
83.497,-350.38,535,99.912
83.043,-349.78,550,102.67
83.16,-350.26,549,98.796
83.679,-350.07,533,104.64
83.39,-350.9,536,98.846
83.39,-352.61,539,96.506
84.152,-354.65,517,94.827
84.915,-356.61,496,87.59
84.622,-357.89,501,90.468
84.202,-359.2,500,91.908
84.553,-360.34,475,82.793
84.543,-361.04,467,83.19
85.132,-361.2,464,90.443
85.288,-362.13,476,94.297
86.101,-364.26,469,93.123
86.616,-366.46,439,89.724
86.546,-367.71,445,89.5
86.701,-368.23,457,91.775
86.818,-369.07,459,92.527
87.261,-370.48,423,85.903
87.885,-372.53,407,86.035
88.981,-373.79,414,90.476
89.391,-375.07,396,86.085
89.717,-376.81,387,90.948
89.925,-378.55,371,87.772
90.141,-379.98,363,96.307
90.925,-381.78,347,98.119
91.198,-383.21,324,101.56
90.689,-384.86,307,107.83
90.646,-385.61,296,106.56
89.897,-385.41,245,74.201
89.859,-389.16,252,103.61
90.519,-391.42,271,87.284
