0,-0,385,89.352
-0.41981,0.23222,352,94.066
0.018787,0.61771,416,98.275
0.049351,0.44248,357,97.407
0.17229,0.51279,373,100.06
0.16687,0.64673,389,101.29
0.5131,0.79993,398,99.061
0.067343,1.1026,397,106.55
0.44859,0.68416,375,110.42
0.359,0.98199,370,102.87
0.73165,1.4228,402,106.45
1.3075,1.2707,399,96.903
1.0559,1.437,391,103.27
1.1982,1.7391,379,105.06
1.5872,1.9628,430,91.155
1.4852,2.248,414,96.34
1.9298,2.1538,416,102.81
2.0289,2.4477,392,95.671
2.2208,2.4909,385,93.512
2.2272,2.5336,371,87.788
2.6695,2.98,402,95.108
2.842,3.3929,390,100.48
2.9027,3.6943,419,96.448
2.8485,3.4335,394,101.4
3.2671,4.2961,408,98.871
3.3825,4.5773,419,87.408
3.4539,4.6753,417,91.634
3.7229,4.6592,400,89.021
3.6116,4.7367,389,99.781
3.7686,5.6046,430,93.611
3.9,5.6226,417,97.465
3.9591,5.8413,426,91.453
3.8774,5.8426,378,90.154
4.1853,6.2523,393,95.141
4.196,6.5368,447,110.12
4.2089,6.4233,394,96.497
4.2356,6.8431,392,100.55
4.5901,7.1692,419,94.835
4.4661,7.5522,424,95.472
4.5991,8.3377,421,103.96
4.6856,8.2002,419,93.123
4.7443,8.2471,413,92.941
4.8435,8.9323,413,95.472
4.796,9.1384,437,101.47
4.5803,9.1644,371,107.2
4.9779,9.7145,412,100.16
5.0928,10.275,444,99.218
5.0092,9.9905,384,99.896
5.102,10.788,423,100.38
5.2341,10.746,402,105.11
5.5552,11.309,427,94.074
5.5686,11.674,408,91.842
5.6144,11.748,425,96.696
5.5079,11.909,400,91.825
5.9779,12.348,402,103.8
5.9134,12.352,411,104.11
6.1556,12.824,394,100.86
6.1408,13.087,436,111.78
6.007,13.384,412,102.11
6.8434,13.881,405,96.986
6.6023,13.757,418,108.03
6.7208,14.011,387,100.04
6.8526,14.145,411,101.59
7.5218,14.649,410,109.16
7.3597,14.729,423,97.986
7.6076,15.026,401,92.197
7.6942,14.873,393,98.863
7.8707,15.153,415,98.292
8.0675,15.552,424,95.754
8.2955,15.779,422,98.995
8.2966,15.599,397,102.03
8.8448,16.047,417,99.963
8.7529,15.757,400,104.01
8.899,15.874,418,105.89
9.0082,16.078,413,105
9.2351,15.942,383,98.102
9.7779,16.249,430,98.87
10.021,16.182,407,99.028
10.073,16.155,378,96.969
10.243,16.064,417,102.13
10.5,16.054,444,105.96
10.447,16.071,426,97.44
10.836,15.976,425,98.755
11.132,15.901,436,101.92
11.488,15.974,415,105.97
11.251,15.878,415,97.903
11.426,15.787,427,113.48
11.552,15.652,403,98.143
11.978,15.637,400,97.44
11.885,15.697,437,99.045
11.932,15.475,425,95.207
11.919,15.078,392,94.62
12.345,15.146,428,94.711
12.303,14.858,412,94
12.596,14.936,425,108.76
12.534,14.724,427,90.592
12.6,14.722,409,90.476
12.887,14.49,442,100.26
13.095,14.401,436,98.747
13.263,14.357,428,92.933
13.33,14.144,440,97.994
13.307,13.844,426,91.552
13.367,13.904,443,93.967
13.44,13.782,444,94.711
13.549,13.469,434,92.172
13.883,13.345,434,102.97
13.959,13.084,416,88.351
14.391,13.216,427,95.943
13.907,12.947,426,89.583
13.951,12.921,440,91.535
14.154,12.476,392,85.721
14.263,12.718,433,99.037
14.008,12.369,421,91.105
14.379,12.246,414,88.434
14.576,12.208,397,98.838
14.393,12.099,424,95.869
14.369,12.015,423,89.956
14.52,11.344,400,90.303
14.399,11.755,432,87.731
14.542,11.488,422,90.204
14.466,11.294,417,94.356
15.065,11.208,426,93.049
15.055,11.164,400,88.07
14.793,10.871,419,92.652
14.908,11.072,435,94.43
14.821,10.661,414,86.986
14.791,10.421,412,94.157
14.684,10.307,398,88.55
14.911,9.963,436,95.315
15.346,10.163,418,88.351
15.133,9.888,406,98.127
15.181,9.5681,421,95.423
15.274,9.6025,408,101.48
15.264,9.3625,426,94.082
15.131,9.2265,407,91.924
15.203,8.9658,426,108.62
14.974,8.5559,419,93.049
15.36,8.3826,390,97.639
15.518,8.3341,429,91.842
15.711,8.059,446,96.068
15.723,8.1613,437,93.694
15.753,7.6821,422,96.175
16.156,7.6394,425,104.78
16.222,6.9021,407,95.373
16.488,7.0505,411,95.414
16.343,6.7588,445,88.657
16.615,6.7665,417,95.083
16.632,6.3876,421,96.497
16.64,6.1836,406,102.26
16.836,5.9086,397,93.975
17.243,5.5939,438,105.51
17.049,5.7727,420,101.31
17.337,5.4071,426,97.514
17.901,5.055,404,101.95
17.611,4.9851,437,92.089
17.809,4.9211,408,88.467
17.936,4.6252,421,97.92
18.404,4.5442,420,89.311
18.248,4.2327,418,94.074
18.688,4.1811,419,89.865
18.853,3.801,408,91.188
19.253,3.8121,405,89.914
19.111,3.7734,387,91.163
19.236,3.4494,421,91.61
19.553,3.5294,427,89.178
19.852,3.6564,409,85.605
20.193,3.4691,417,95.985
20.291,3.0494,385,84.746
20.351,3.4601,402,85.763
20.468,3.3432,412,83.96
20.815,2.9404,368,82.529
20.964,2.8807,372,83.852
20.909,3.4563,394,81.04
20.717,3.3167,397,88.252
20.664,3.0043,386,81.718
20.548,3.0901,370,81.801
20.451,3.0821,411,84.704
20.321,2.8512,396,88.277
20.331,2.3038,382,90.055
20.18,2.2309,363,81.545
20.148,1.8206,391,85.258
20.288,2.0136,406,85.829
20.205,1.0185,366,85.829
19.986,1.2346,376,82.678
20.227,0.7951,371,83.116
20.046,0.64147,373,86.772
20.217,0.6016,376,82.934
20.323,0.2447,368,84.721
20.483,0.079052,384,83.844
20.295,-0.60911,383,80.759
20.144,-0.59083,383,85.391
20.606,-0.89862,374,77.649
20.457,-1.1975,379,84.96
20.623,-1.4002,406,85.06
20.641,-1.5525,356,87.516
20.857,-1.8545,369,83.232
20.672,-1.8738,361,82.388
20.926,-2.2444,377,80.089
21.175,-2.4716,380,83.786
21.317,-3.0564,374,83.19
21.229,-2.95,377,82.925
21.397,-3.0774,395,83.968
21.753,-3.5864,386,89.865
21.67,-3.7784,381,83.405
21.536,-3.8672,397,82.537
22.028,-4.0085,380,86.837
22,-4.1158,400,92.868
21.723,-4.3822,380,84.886
22.315,-4.6183,381,82.975
22.199,-4.5728,401,88.732
22.308,-4.8483,400,86.499
22.403,-5.0414,388,85.258
22.337,-5.1914,383,89.294
22.593,-5.5151,383,85.44
22.481,-5.8092,386,93.231
22.636,-5.6058,412,95.728
22.675,-6.1822,380,102.88
22.924,-6.1997,397,101.5
22.734,-6.3208,399,96.588
22.91,-6.4283,414,96.804
22.966,-7.1692,375,103.19
22.94,-7.501,372,95.373
22.691,-7.3716,380,93.958
23.024,-7.3115,383,100.54
22.851,-7.7627,381,98.962
22.961,-8.1622,377,90.973
23.061,-8.0322,377,98.111
22.97,-8.0143,366,94.975
22.789,-8.4134,382,94.521
22.959,-8.7553,378,87.905
22.933,-8.7521,376,100.62
22.961,-9.1702,377,89.584
22.844,-9.3279,393,91.345
22.556,-9.3845,384,86.416
22.208,-9.3962,396,81.139
22.524,-9.6091,387,81.818
22.665,-9.5485,379,86.681
22.255,-9.9182,377,87.979
22.348,-9.8998,353,84.067
21.964,-9.7669,399,88.723
21.775,-10.258,380,93.677
21.562,-10.623,370,91.734
21.478,-10.545,386,87.061
21.688,-11.327,381,86.747
21.265,-11.398,381,88.69
21.577,-11.477,363,97.556
21.338,-11.57,379,93.305
21.319,-11.822,384,93.049
21.154,-11.924,361,107.44
21.467,-12.111,376,99.161
21.158,-12.283,369,102.9
21.473,-12.465,376,101.45
21.154,-12.575,370,111.39
21.185,-12.836,379,103.53
21.189,-12.89,384,115.21
21.284,-13.128,408,101.2
21.307,-13.379,381,99.698
21.37,-13.936,362,109.94
20.987,-14.092,375,112.27
21.078,-14.089,363,107.53
21.364,-14.979,377,91.237
21.423,-15.262,363,88.723
21.524,-15.975,391,86.862
21.473,-15.916,377,96.911
21.429,-15.718,370,90.526
21.927,-16.343,396,93.14
21.748,-16.283,382,95.142
22.121,-16.888,353,96.969
22.423,-17.187,380,95.034
22.3,-17.3,360,90.708
23.085,-17.694,387,92.867
23.102,-17.858,386,89.294
23.275,-18.169,380,95.315
23.82,-18.625,368,89.476
23.863,-18.643,390,88.07
24.234,-18.736,381,81.594
24.138,-18.794,383,89.393
24.465,-19.205,392,86.25
24.895,-19.236,391,87.88
25.058,-19.392,386,86.366
24.965,-19.384,396,91.535
25.653,-19.914,389,89.956
25.626,-19.922,385,87.698
25.491,-20.401,378,88.93
25.809,-20.346,390,98.698
25.995,-20.651,383,89.641
25.963,-20.87,377,91.478
26.319,-21.223,384,91.841
26.3,-21.641,382,86.763
26.37,-22.009,369,88.07
26.378,-22.119,392,89.211
26.501,-22.71,387,88.07
26.619,-22.834,389,90.055
26.435,-23.138,376,86.631
26.942,-23.413,386,89.451
27.055,-24.062,378,81.917
26.889,-24.445,348,85.622
26.998,-24.517,396,82.446
27.106,-24.607,382,82.736
27.36,-25.048,380,87.326
27.587,-25.518,377,80.461
27.679,-25.602,382,88.55
27.684,-25.821,374,80.966
27.79,-26.193,368,88.178
27.753,-26.37,360,81.702
27.962,-26.478,378,83.025
27.717,-26.715,376,84.977
27.937,-26.72,379,85.539
27.755,-27.151,375,83.786
28.277,-27.449,354,81.586
28.326,-27.556,355,89.857
28.185,-27.525,355,83.066
28.425,-27.456,359,91.188
28.532,-27.78,349,88.467
28.683,-27.934,351,88.161
28.649,-28.27,362,88.169
28.834,-28.593,359,94.165
29.093,-28.693,338,85.092
29.244,-29.016,338,88.169
29.328,-29.057,381,94.422
29.113,-29.102,343,92.875
29.31,-29.463,363,93.776
29.438,-29.387,349,90.567
29.327,-29.729,338,90.311
29.238,-29.828,358,96.307
29.57,-30.038,359,92.495
29.582,-30.304,364,93.594
29.753,-30.676,353,94.463
29.728,-30.295,364,93.33
29.613,-30.401,332,88.525
30.183,-31.045,360,89.806
30.253,-31.016,365,93.165
30.091,-31.175,364,90.601
30.058,-31.517,360,90.518
30.049,-31.65,350,98.979
30.253,-32.075,360,91.336
30.285,-32.416,363,98.127
30.213,-32.754,362,88.947
30.208,-33.184,367,86.97
30.488,-33.366,386,95.34
30.809,-33.895,375,97.846
30.588,-34.059,364,91.254
30.945,-34.411,379,91.353
31.207,-34.678,354,93.909
31.121,-35.083,378,94.554
31.583,-35.411,379,93.686
31.73,-36.109,353,90.584
31.882,-36.004,381,95.844
31.865,-36.549,377,97.06
31.859,-36.7,375,92.387
32.238,-37.023,388,94.835
31.89,-37.022,371,95.77
32.384,-37.533,384,91.734
32.417,-37.656,393,98.185
32.524,-38.084,371,98.573
32.642,-38.35,359,90.609
32.54,-38.53,373,90.501
32.327,-38.607,378,94.753
32.668,-38.935,368,85.125
32.317,-39.171,367,86.746
33.169,-39.864,376,86.275
33.083,-40.024,365,94.711
33.346,-40.731,371,95.951
33.321,-40.887,356,88.971
33.516,-41.018,367,96.15
33.703,-41.488,378,98.003
33.998,-41.995,377,92.56
33.914,-42.119,376,96.051
33.764,-42.405,384,87.846
34.012,-43.097,371,96.58
33.881,-43.468,365,92.379
33.727,-43.463,365,89.922
34.396,-44.107,365,90.658
34.293,-44.2,379,95.72
34.494,-44.326,369,92.842
34.581,-44.548,369,93.214
34.718,-44.665,375,92.734
34.663,-45.098,368,88.922
34.906,-45.378,357,94.396
35.363,-45.91,357,87.838
35.138,-45.872,368,90.079
35.356,-46.074,376,96.903
34.869,-46.226,361,87.235
34.981,-46.464,380,91.808
35.064,-46.404,355,86.556
35.09,-46.673,353,91.097
34.897,-46.9,353,82.28
34.352,-46.538,356,83.356
34.11,-46.331,364,77.095
33.968,-46.309,363,78.368
33.938,-46.35,359,77.657
33.704,-46.447,362,79.237
32.964,-46.082,354,79.146
32.926,-45.944,357,75.854
32.855,-45.761,363,85.068
32.601,-45.739,350,82.446
32.308,-45.523,354,81.305
32.018,-45.539,339,81.156
31.857,-45.44,343,71.827
31.557,-45.234,352,76.07
31.328,-44.89,354,73.638
31.165,-45.105,339,71.744
31.144,-45.575,329,73.068
30.791,-45.25,348,76.74
30.167,-45.156,351,72.678
29.75,-44.917,335,76.987
29.706,-44.963,346,77.757
29.661,-44.853,344,79.353
29.339,-44.486,353,80.114
29.07,-44.902,326,69.445
28.697,-44.578,347,78.138
28.323,-44.563,343,70.487
28.32,-44.666,348,76.459
27.781,-44.524,356,77.095
27.539,-44.762,342,70.859
27.629,-44.779,338,73.911
27.762,-44.907,352,77.269
27.498,-45.085,354,82.909
27.702,-45.073,361,79.518
27.404,-45.07,350,79.675
27.286,-45.367,354,85.721
27.258,-45.596,350,79.891
27.35,-45.238,374,79.709
27.013,-45.745,344,75.243
26.865,-46.281,346,73.448
26.918,-46.182,350,75.681
27.03,-46.509,353,78.336
26.842,-46.654,349,78.436
26.736,-46.998,349,75.317
27.005,-47.295,345,76.26
26.746,-48.001,355,76.384
27.201,-47.838,357,81.222
27.469,-48.37,344,76.194
27.407,-48.612,351,77.484
27.651,-48.825,369,78.319
27.866,-49.118,358,81.909
27.994,-49.747,343,76.996
28.263,-49.582,367,82.628
28.416,-49.797,358,82.14
28.752,-50.322,357,75.499
29.087,-50.35,366,89.427
29.242,-50.765,381,80.594
29.549,-51.195,380,81.801
29.494,-51.775,370,80.304
30.105,-52.274,367,84.795
30.126,-52.681,372,79.13
30.006,-53.216,379,77.095
30.206,-53.694,361,84.952
30.613,-53.814,369,79.163
30.69,-54.633,354,84.423
30.744,-54.72,379,89.195
30.897,-55.351,375,79.188
31.023,-55.846,367,89.856
31.031,-56.086,378,79.552
31.296,-56.659,373,78.782
31.381,-56.956,380,77.74
31.816,-57.431,373,83.687
31.72,-57.99,372,81.503
32.073,-58.135,390,84.82
32.09,-58.941,345,86.317
32.166,-59.012,366,80.321
32.098,-59.493,371,80.486
31.787,-59.864,362,76.492
31.505,-60.551,364,82.338
32.116,-61.056,367,77.575
31.872,-61.396,350,81.52
31.662,-61.494,369,76.856
31.777,-62.181,361,78.228
31.751,-62.572,351,79.924
31.95,-62.889,375,78.137
32.121,-63.235,373,76.938
32.555,-63.542,376,81.628
32.633,-63.852,361,71.769
32.557,-63.964,365,79.444
32.971,-64.122,351,75.706
32.907,-64.074,380,75.532
32.72,-64.091,363,74.879
32.862,-64.445,370,75.334
32.394,-64.786,346,76.632
32.308,-65.12,360,74.002
32.617,-65.399,367,73.266
32.114,-66.109,352,70.09
32.206,-66.437,357,75.433
32.567,-66.465,394,76.012
32.163,-67.005,365,74.076
32.498,-67.697,352,73.266
32.309,-68.281,362,75.615
32.766,-68.477,371,80.693
32.748,-69.041,352,75.069
32.836,-68.987,363,70.355
33.456,-69.326,365,73.002
33.666,-69.596,362,73.936
33.517,-69.54,358,78.626
33.572,-69.597,352,69.701
33.644,-69.91,350,74.556
33.696,-70.011,357,77.186
33.58,-70.387,353,75.036
33.568,-70.945,365,79.833
33.594,-71.009,369,84.92
33.682,-71.843,363,76.458
33.889,-72.238,365,78.12
33.734,-72.369,367,75.681
33.808,-72.794,361,77.062
34.41,-73.313,351,75.118
34.417,-73.295,364,72.588
34.82,-73.673,363,78.617
34.986,-73.629,362,72.315
35.244,-73.879,346,73.738
35.546,-74.383,337,70.272
35.545,-74.859,360,70.628
36.209,-74.914,346,76.913
36.235,-75.176,350,71.364
36.429,-75.388,346,74.515
36.594,-75.62,337,72.406
36.779,-75.701,365,77.129
36.905,-76.248,342,73.448
36.906,-76.359,348,75.45
36.923,-76.723,346,71.993
37.208,-76.831,337,74.019
37.215,-76.873,358,75.351
37.735,-77.18,346,73.729
37.893,-77.499,349,71.959
38.41,-77.889,351,77.426
38.687,-77.898,354,71.232
39.212,-78.187,350,74.135
39.658,-78.394,345,76.757
39.605,-78.063,369,81.62
40.133,-78.193,362,78.609
40.253,-78.578,356,74.044
40.68,-78.678,357,79.287
40.951,-78.278,374,81.412
41.445,-78.602,370,75.607
41.448,-78.64,363,78.518
41.81,-78.591,361,76.475
41.673,-78.732,348,75.896
41.952,-78.7,354,73.663
42.136,-79.079,357,71.678
42.058,-79.544,357,69.602
42.151,-79.835,361,75.251
42.38,-80.203,366,74.655
42.426,-80.673,344,75.491
42.718,-80.792,358,77.459
42.91,-81.508,354,74.854
43.11,-81.719,361,70.148
43.629,-82.029,364,77.269
43.843,-82.33,353,70.528
44.196,-82.74,362,73.167
44.693,-82.897,377,78.617
44.964,-82.988,364,81.156
45.418,-83.304,365,74.209
45.632,-83.426,358,82.512
46.03,-83.516,375,79.072
46.1,-83.715,365,82.62
46.143,-83.914,364,75.888
46.417,-84.028,375,75.788
46.584,-84.704,359,77.575
46.719,-84.764,365,76.541
46.613,-85.118,362,76.723
46.887,-85.545,359,77.385
46.899,-86.025,378,76.847
47.14,-86.432,367,79.154
47.28,-87.271,354,73.258
47.214,-87.428,375,79.262
47.372,-87.953,360,74.647
47.769,-88.44,357,73.911
47.752,-88.624,365,72.869
48.088,-88.848,374,78.063
48.333,-89.38,366,77.881
48.648,-89.559,364,77.683
48.819,-90.003,366,77.641
48.777,-90.609,364,78.708
49.022,-90.877,351,80.577
49.272,-91.42,374,79.262
49.456,-91.846,371,85.903
49.832,-92.439,362,78.411
49.794,-92.843,376,79.734
49.821,-93.039,379,77.294
49.826,-93.396,373,80.023
50.321,-94.107,358,80.205
50.502,-94.225,374,80.701
50.555,-94.679,375,80.296
50.989,-95.219,372,74.763
51.19,-95.668,378,81.33
51.279,-95.942,382,79.924
51.585,-96.461,382,89.327
51.933,-96.935,378,80.759
51.821,-97.345,376,77.31
52.056,-97.723,370,75.714
52.332,-98.361,362,79.171
52.677,-98.809,382,79.237
52.903,-99.224,379,82.446
53.502,-99.681,375,81.313
53.468,-100.27,388,83.869
53.687,-100.8,387,76.731
53.835,-101.17,378,83.67
54.164,-101.68,373,79.998
54.55,-102.11,386,83.034
54.57,-102.56,371,85.168
55.086,-103.18,380,81.239
55.25,-103.53,373,80.958
55.348,-104.07,377,78.89
55.761,-104.48,389,85.539
55.768,-105.05,365,80.676
56.218,-105.18,377,79.651
56.428,-105.74,381,77.095
56.544,-106.19,376,76.26
56.864,-106.81,370,82.645
56.87,-107.21,375,77.169
57.004,-107.62,369,79.568
57.127,-108.11,379,77.294
57.301,-108.42,379,83.125
57.888,-109.05,351,80.511
57.777,-109.16,364,74.788
57.967,-109.61,376,76.45
58.319,-109.97,366,80.222
58.71,-110.68,362,76.913
58.461,-111.22,354,78.824
58.593,-111.62,347,79.436
58.673,-112.08,334,73.746
58.678,-111.67,364,76.186
59.408,-112.52,357,74.391
59.046,-113.01,345,72.34
58.925,-112.99,349,79.006
58.869,-113.13,353,70.148
59.04,-113.53,345,71.653
58.994,-113.65,362,72.877
58.576,-113.57,348,70.446
58.54,-113.77,354,75.144
58.438,-113.83,352,69.71
58.037,-114.01,354,71.455
57.726,-113.62,346,73.275
57.456,-113.75,361,75.086
57.302,-113.88,359,72.53
57.182,-113.74,355,75.697
56.949,-113.61,346,74.581
56.427,-113.75,351,71.38
57.218,-113.65,315,73.556
56.017,-113.23,371,79.535
55.867,-112.94,370,84.389
55.659,-113.34,347,83.116
55.389,-113.3,358,78.625
55.173,-113.2,344,75.234
55.441,-113.68,351,80.486
55.171,-113.45,381,92.495
55.388,-113.74,377,78.319
55.277,-113.91,383,85.266
54.88,-114.22,388,81.561
55.183,-114.87,366,93.875
55.351,-115.17,377,86.838
55.981,-116.29,372,83.008
56.187,-116.31,361,81.892
56.637,-116.55,370,94.256
57.153,-116.61,394,89.277
57.342,-116.8,361,85.167
57.631,-117,373,83.116
57.936,-117.2,389,83.339
58.269,-117.73,379,90.237
58.307,-117.78,381,86.457
58.538,-117.88,383,88.516
58.346,-118.73,371,82.917
58.329,-118.66,383,78.31
58.267,-119.03,384,84.605
58.302,-119.4,375,81.313
58.593,-119.57,375,76.822
58.773,-119.86,376,84.051
59.087,-120.22,381,80.66
59.66,-120.67,374,79.899
60.082,-121.1,376,93.04
60.095,-121.78,381,89.575
59.994,-122.51,376,96.176
60.493,-122.94,388,87.408
60.368,-123.01,372,82.537
60.589,-123.33,370,82.744
60.897,-123.79,377,79.816
61.015,-124.06,374,81.288
61.244,-124.54,384,84.778
61.554,-125.06,369,81.751
61.588,-125.29,383,83.406
61.537,-125.78,389,77.93
61.78,-126.48,374,83.306
62.108,-126.88,368,88.715
62.169,-127.18,372,87.722
62.435,-127.69,377,83.207
62.467,-128.36,374,79.171
62.796,-128.61,374,82.455
62.824,-129.42,367,82.653
63.333,-129.99,365,84.431
63.329,-130.56,375,77.823
63.663,-131.07,383,78.972
63.908,-131.05,360,87.954
63.971,-131.96,353,75.78
63.901,-132.46,362,88.839
63.858,-132.58,363,88.136
64.111,-132.96,360,80.734
64.189,-133.66,370,84.034
64.449,-134,376,81.512
65.117,-134.62,380,78.964
65.207,-134.57,362,78.774
65.243,-135.26,362,81.446
65.618,-135.66,372,83.273
65.906,-135.6,378,94.744
66.081,-136.72,393,91.237
66.112,-137.24,391,89.873
66.611,-137.66,384,84.952
66.69,-137.96,373,83.472
66.991,-138.61,378,76.996
67.239,-139.03,394,81.677
67.319,-139.27,391,82.529
67.549,-140.16,368,79.816
67.698,-140.5,382,78.658
68.035,-140.96,388,81.14
68.255,-141.47,381,82.918
68.777,-141.85,381,76.144
68.777,-142.28,385,79.734
68.799,-142.97,371,78.063
69.223,-143.1,373,81.33
69.197,-143.8,384,81.33
69.416,-144.02,371,75.408
69.438,-144.21,374,74.945
69.85,-144.78,371,76.186
70.094,-144.92,375,80.106
70.301,-145.27,374,78.072
70.819,-145.85,384,80.486
70.892,-145.99,379,77.592
71.6,-146.46,369,81.371
71.829,-146.29,390,79.858
72.131,-146.66,389,79.469
72.133,-146.58,383,81.355
72.32,-146.74,373,81.313
72.528,-146.62,382,79.816
72.559,-146.65,381,82.835
72.878,-146.79,380,83.968
73.196,-146.94,386,84.729
73.591,-147.12,389,86.019
73.796,-147.67,383,80.974
74.327,-147.79,378,74.325
74.579,-147.97,376,76.93
75.179,-148.32,382,78.344
75.178,-148.58,373,77.219
75.59,-148.96,374,86.681
75.8,-149.17,388,74.126
76.198,-149.44,382,77.492
76.459,-149.61,379,76.814
76.967,-149.78,374,76.657
77.438,-149.94,376,74.598
77.403,-150.03,374,77.385
77.7,-150.09,364,78.725
78.111,-150.54,382,77.484
78.32,-150.6,386,79.924
78.694,-150.52,388,79.478
79.119,-150.41,396,87.251
79.607,-150.65,372,86.218
80.153,-150.57,388,80.279
80.426,-150.55,387,86.118
80.663,-150.45,373,81.983
81.414,-150.39,393,83.48
82.019,-150.6,397,88.07
82.521,-150.54,396,85.25
83.08,-150.81,382,82.943
83.633,-151,393,88.748
84.344,-151.17,396,77.649
84.662,-151.1,401,79.725
85.083,-151.23,400,82.711
86.072,-151.28,387,85.804
86.123,-151.71,392,82.529
86.725,-151.58,397,78.89
87.2,-151.63,381,84.233
87.719,-151.7,394,79.063
88.177,-151.72,395,80.279
88.527,-151.85,391,77.294
89.078,-152.05,385,78.956
89.591,-151.71,390,85.548
90.296,-152.14,385,82.446
90.656,-152.16,388,77.402
91.198,-152.37,396,79.659
91.687,-152.37,393,78.534
92.074,-152.4,384,79.949
92.72,-152.45,392,82.653
93.179,-152.42,391,74.655
94,-152.39,387,80.23
94.473,-152.5,384,83.29
95.118,-152.58,381,80.949
95.62,-152.51,381,78.088
95.902,-152.58,382,80.205
96.441,-152.53,375,79.643
96.77,-152.81,390,78.708
97.41,-152.71,381,78.163
97.834,-153.06,376,80.114
98.29,-152.82,377,79.163
98.736,-152.98,387,77.666
99.615,-152.74,379,78.501
99.751,-152.65,377,79.245
100.41,-152.49,379,76.061
100.69,-152.3,378,79.725
100.95,-152.07,370,74.78
101.12,-152.2,384,75.995
101.55,-152.03,369,74.573
101.54,-152.1,374,75.342
101.88,-151.86,377,79.444
102.14,-152.27,365,77.112
102.19,-151.99,361,73.224
102.65,-151.75,379,77.666
103.24,-151.75,376,80.949
103.54,-151.49,379,83.017
103.99,-151.74,372,77.45
104.51,-151.68,367,81.248
104.95,-151.72,378,78.319
105.41,-151.96,381,85.068
106.15,-152.02,370,82.247
106.4,-151.6,379,75.697
106.8,-151.35,381,86.011
107.08,-151.22,383,82.182
107.35,-151.01,365,79.957
107.39,-150.61,374,79.543
107.09,-150.43,360,74.754
107.45,-150.45,364,80.412
107.46,-150.33,370,81.156
107.58,-150.41,381,77.666
107.84,-150.16,369,87.987
108.15,-149.9,368,83.844
108.51,-149.83,366,80.841
109.3,-149.71,370,89.005
109.53,-149.44,380,83.108
109.77,-149.23,375,83.662
110.38,-148.83,370,81.338
110.71,-148.96,369,86.11
110.98,-148.28,372,81.991
111.26,-148.18,368,83.133
111.44,-147.95,359,81.909
111.6,-147.87,378,83.695
111.7,-147.71,357,76.07
111.5,-147.47,370,83.944
111.4,-147,359,81.611
111.37,-146.93,353,82.818
111.07,-146.61,368,74.953
110.79,-146.31,374,80.875
110.46,-146.27,373,82.537
110.23,-146,373,88.26
110.34,-145.8,370,80.321
110.16,-145.6,382,87.723
110.25,-145.3,372,82.281
110.33,-144.74,379,78.046
110.49,-144.5,370,83.116
110.64,-144.15,368,84.108
110.43,-143.6,369,84.514
110.52,-142.93,358,83.613
110.49,-143.09,360,84.497
110.38,-142.79,363,83.108
110.29,-142.66,371,82.272
110.09,-142.4,378,92.023
109.85,-142.08,372,89.675
109.73,-142.07,361,92.594
109.85,-142.27,362,91.634
110,-142.09,370,89.03
109.93,-141.85,379,79.833
110.25,-141.71,376,89.873
110.31,-141.46,368,83.968
110.46,-140.95,372,90.063
110.51,-140.74,364,88.194
110.37,-140.07,366,92.685
110.25,-139.71,358,91.717
110.03,-139.39,376,90.113
109.83,-139.35,366,92.875
109.37,-138.83,355,85.258
109.1,-138.73,368,86.854
108.65,-138.82,368,93.785
108.39,-138.45,376,88.004
108.01,-137.79,375,92.486
108.09,-137.6,373,93.983
108.02,-137.02,353,92.859
108.19,-136.5,369,93.305
107.77,-135.76,368,96.142
107.66,-135.4,355,89.194
107.65,-135.19,363,90.89
107.21,-135.1,367,89.848
106.69,-134.78,366,86.846
106.44,-134.55,356,82.363
106.27,-134.83,377,90.7
105.76,-134.73,371,91.717
105.65,-135.03,381,86.209
105.31,-135.07,380,87.053
104.89,-135.16,370,89.749
104.74,-134.72,359,91.105
104.48,-134.67,370,94.893
104,-134.24,373,103.98
103.85,-134.23,359,95.753
103.16,-133.93,357,95.017
102.61,-133.7,368,85.44
102.19,-133.85,366,91.138
101.63,-134.14,360,92.28
101.07,-133.88,367,90.411
100.76,-133.85,379,87.21
100.07,-134.15,358,91.089
99.475,-133.6,365,90.03
98.897,-133.44,360,87.466
98.45,-133.33,362,90.013
98.189,-133.37,367,85.142
97.583,-133.25,360,93.313
97.212,-133.12,380,89.666
96.492,-132.91,362,88.26
95.998,-132.72,367,94.554
95.523,-132.42,376,92.635
94.817,-132.01,378,91.552
94.75,-131.95,357,88.822
94.029,-132.09,385,93.818
93.34,-131.42,378,96.316
92.822,-131.12,372,103.84
92.422,-131.03,376,93.47
92.021,-130.92,370,93.231
91.556,-130.79,372,92.916
90.781,-130.66,386,96.952
90.367,-130.4,377,100.98
89.889,-130.01,367,94.901
89.406,-129.78,376,98.383
88.948,-129.52,383,94.273
88.378,-129.43,362,97.821
87.807,-129.19,352,96.315
87.459,-129.4,363,92.85
87.009,-129.37,365,89.476
86.866,-129.43,361,93.933
86.299,-129.39,369,95.819
86.104,-129.58,366,86.383
85.878,-129.81,365,96.911
85.546,-129.81,365,89.269
85.064,-129.76,355,89.294
84.798,-130.07,366,86.358
84.189,-130.18,356,86.275
84.133,-130.15,368,83.628
84.019,-130.75,355,88.442
83.798,-130.88,353,84.977
83.763,-130.87,361,87.028
83.662,-131.21,359,85.812
83.39,-131.34,343,79.171
83.672,-131.75,325,75.524
83.797,-131.51,338,82.273
83.431,-131.5,342,80.114
83.43,-131.73,333,79.841
82.929,-131.91,328,79.841
82.926,-132.25,326,74.391
82.562,-132.56,323,75.706
82.1,-132.58,323,74.573
81.626,-132.87,317,74.953
81.414,-132.83,315,72.894
81.167,-133.16,318,78.228
80.934,-133.44,316,73.894
80.839,-133.96,305,73.854
80.422,-134.21,302,76.367
80.58,-134.92,294,74.664
80.186,-135.07,308,78.584
80.181,-135.54,306,74.664
80.247,-135.68,299,71.546
80.543,-136.14,294,69.048
80.94,-136.27,305,71.571
81.053,-136.31,318,72.943
81.139,-136.05,298,74.184
80.976,-135.87,291,71.207
80.645,-135.54,306,77.865
80.254,-135.24,308,74.433
79.688,-135.58,300,65.467
79.441,-135.77,297,66.344
78.966,-136.08,289,63.97
78.966,-136.52,295,66.228
78.906,-136.96,287,73.994
78.707,-137.4,301,66.997
78.894,-137.97,298,70.653
79.331,-138.56,293,65.955
79.303,-138.91,292,70.744
79.648,-139.33,294,64.376
79.899,-139.66,285,68.784
80.279,-139.93,291,63.234
80.722,-140.43,283,66.509
81.008,-140.8,287,65.972
81.412,-141.09,287,65.169
81.848,-141.51,284,63.805
82.082,-141.79,283,61.084
82.415,-142.21,284,63.896
82.864,-142.52,280,61.845
83.072,-143.15,281,67.154
83.359,-143.56,278,61.729
83.439,-144.06,282,61.034
83.756,-144.97,281,61.423
84.069,-145.38,276,63.706
84.164,-145.91,280,63.805
84.648,-146.29,283,64.359
85.028,-146.91,282,61.994
85.563,-147.49,281,63.3
85.981,-147.43,286,70.182
86.136,-148.17,284,67.171
86.827,-148.32,284,67.923
87.212,-149.12,278,69.412
87.557,-149.27,279,70.702
87.416,-150.26,276,69.015
87.787,-150.64,278,73.622
87.928,-151.33,278,67.328
88.043,-151.78,276,69.768
88.087,-152.37,271,71.091
88.013,-153.05,288,71.025
87.901,-153.77,281,72.158
87.953,-154.19,286,66.112
87.952,-154.63,285,67.353
87.906,-155.28,285,72.398
87.891,-155.87,293,69.875
87.85,-156.32,293,71.091
87.779,-156.82,286,67.088
87.8,-157.21,301,69.222
88.233,-157.61,302,69.23
88.309,-158.26,296,68.949
88.262,-158.37,292,68.37
88.049,-158.47,301,67.452
87.938,-158.8,298,71.761
87.525,-158.88,297,69.247
87.143,-159.32,305,66.501
87.182,-159.56,301,69.677
87.219,-160.03,305,66.575
87.545,-160.29,313,71.264
87.87,-160.52,309,67.444
88.338,-160.78,308,65.748
88.503,-160.78,320,70.355
88.6,-160.93,312,66.617
89.026,-160.38,314,69.321
88.867,-160.28,319,71.943
89.021,-159.89,322,75.615
89.149,-159.13,325,73.084
88.584,-159.22,330,73.059
88.46,-159.02,339,79.99
88.145,-158.99,321,76.615
88.202,-158.9,326,77.972
87.87,-158.99,334,79.552
88.17,-159.06,328,76.442
87.97,-159.34,327,74.73
88.322,-159.2,328,72.059
88.444,-159.13,327,72.704
88.547,-158.67,335,76.649
88.699,-158.65,326,77.856
88.598,-158.08,326,77.649
88.433,-157.82,333,78.981
88.032,-157.7,334,75.143
87.906,-157.57,325,73.241
87.153,-157.75,329,73.522
87.208,-157.38,330,75.069
86.726,-157.13,326,78.047
86.577,-156.63,333,82.165
86.42,-156.45,330,81.611
86.655,-156.12,322,77.36
86.593,-155.63,314,76.277
86.908,-155.31,323,74.457
87.444,-154.82,321,71.471
87.792,-154.24,315,72.704
88.232,-154.03,317,69.594
88.263,-153.86,316,68.974
88.704,-153.65,310,68.858
89.316,-153.2,303,68.594
89.534,-153.1,304,66.989
89.975,-152.78,308,69.048
90.705,-152.62,299,68.023
90.921,-152.6,309,66.997
91.622,-152.52,298,65.583
91.857,-152.62,298,65.31
92.6,-152.44,295,67.824
93,-152.41,301,63.722
93.331,-152.58,300,64.549
93.865,-152.41,300,64.946
94.249,-152.21,288,66.617
94.672,-151.98,289,66.543
94.725,-151.86,299,65.029
94.809,-151.62,293,65.393
94.951,-151.96,294,68.122
95.411,-151.99,299,65.194
95.759,-151.84,295,66.145
95.844,-151.77,276,64.103
96.656,-151.37,292,64.946
96.993,-151.36,289,64.45
97.037,-151.17,281,61.82
97.91,-151.17,287,62.407
98.041,-150.92,279,64.367
98.262,-150.86,282,61.638
98.899,-151.1,290,61.936
99.461,-151.09,287,63.722
100.11,-151.05,291,62.49
100.12,-151.17,293,66.063
100.62,-151.19,305,63.524
101.28,-151.24,315,66.6
101.34,-151.35,308,67.841
101.58,-151.3,306,70.835
102.18,-151.12,315,65.856
102.39,-151.14,317,70.471
102.88,-151.04,316,73.936
103.19,-150.97,325,70.57
103.65,-150.71,345,68.262
103.68,-150.78,337,74.275
103.8,-150.75,353,72.389
104.37,-150.78,351,76.541
104.7,-151.06,342,84.696
104.78,-151.4,351,76.55
105.33,-151.34,351,76.442
105.77,-151.61,364,80.214
106.21,-152.04,344,74.581
106.9,-152.07,357,79.742
107.43,-152.07,363,77.501
107.97,-152.2,343,73.465
108.5,-152.14,351,79.08
109.22,-152.14,355,72.704
109.54,-152.32,350,74.407
109.94,-152.4,351,74.416
110.66,-152.25,353,77.493
111.03,-152.42,344,69.106
111.59,-152.35,349,75.863
112,-152.79,349,75.772
112.28,-152.5,349,74.664
112.74,-152.63,353,75.615
113.08,-152.37,343,79.006
113.37,-152.6,348,74.093
113.13,-152.83,344,77.484
113.64,-152.76,353,75.805
113.64,-152.6,338,80.412
114.15,-152.6,359,77.666
114.52,-152.43,347,75.143
114.36,-152.34,348,81.9
115,-152.19,359,75.797
115.46,-152.04,354,82.529
115.74,-152.14,345,84.406
115.71,-151.96,354,83.736
115.59,-152.21,344,87.789
115.59,-151.88,359,86.292
115.52,-152.14,370,84.903
115.2,-151.92,371,88.343
115.2,-151.93,355,88.178
115.05,-152.4,363,91.354
115.04,-153.02,369,88.178
115.25,-153.3,374,88.996
115.27,-153.85,361,81.404
115.69,-154.29,357,86.35
116.29,-154.48,364,81.015
116.3,-154.85,367,85.977
116.41,-155.21,340,94.702
116.44,-155.52,370,94.273
116.44,-156.07,363,90.163
116.56,-156.86,364,88.732
116.48,-157.35,372,92.768
116.82,-157.67,381,90.89
116.77,-158.11,381,87.772
116.76,-158.7,375,92.28
116.77,-159.42,384,88.087
116.67,-159.73,379,89.567
116.75,-160.37,376,88.02
116.58,-160.95,375,91.99
116.31,-161.59,370,89.749
116.42,-161.87,359,88.996
116.44,-162.41,372,86.813
116.38,-163.34,367,93.768
116.28,-164.15,366,84.29
116.39,-164.4,369,85.316
116.27,-164.86,358,85.961
116.11,-165.38,356,90.601
116.05,-165.97,379,83.248
115.93,-166.41,372,87.855
116.12,-167.22,374,84.1
116.24,-167.69,383,83.322
116.4,-168.2,387,88.409
116.2,-168.71,377,91.916
116.42,-169.29,384,85.134
116.26,-169.82,388,85.134
116.24,-170.55,382,87.797
116.16,-171.03,383,89.641
116.33,-171.43,387,86.895
116.66,-172.05,383,85.994
116.52,-172.76,373,89.468
116.46,-173.3,390,89.013
116.29,-173.89,383,86.813
116.19,-174.89,380,89.675
116.3,-175.37,375,87.764
116.2,-175.66,381,80.626
116.35,-176.55,384,84.762
115.99,-177.03,388,80.163
116.06,-177.45,391,81.552
116.05,-177.8,383,82.446
115.82,-178.58,393,86.201
115.75,-179.3,373,84.108
115.68,-179.78,371,89.484
115.53,-180.27,377,82.057
115.45,-180.63,378,82.529
115.55,-181.26,369,87.69
115.89,-181.39,371,81.305
116.08,-181.55,370,79.072
116.29,-182.07,376,78.385
116.22,-181.85,365,77.55
116.06,-181.7,361,78.592
115.86,-181.81,368,83.008
115.44,-181.94,372,80.362
115.21,-182.21,376,81.685
115.03,-182.8,385,83.173
114.85,-183.3,375,91.618
114.95,-183.87,366,84.208
115.13,-184.43,366,81.793
115.17,-185.02,362,78.493
115.15,-185.73,358,83.521
114.98,-186.2,363,81.594
114.94,-186.84,358,81.785
114.57,-187.42,363,77.567
114.56,-187.91,365,81.379
114.46,-188.67,363,83.654
114.39,-189.03,360,78.518
114.6,-189.34,365,81.794
114.76,-189.87,369,81.106
115.02,-189.9,370,84.994
115.3,-189.81,374,77.442
115.22,-189.85,378,84.307
115.01,-189.97,380,83.736
114.89,-190.1,382,82.992
114.58,-190.46,380,86.912
114.62,-191.04,375,86.656
114.41,-191.58,378,82.934
114.92,-192.05,388,93.024
114.73,-192.78,394,81.958
115.04,-193.31,383,88.161
115.2,-193.57,396,85.713
115.35,-194.24,393,84.381
115.7,-194.87,387,89.468
115.98,-195.18,390,89.005
116.53,-195.56,395,85.796
117.04,-195.76,395,88.996
117.17,-195.75,401,89.732
117.56,-195.44,396,90.41
117.59,-195.24,405,86.838
117.21,-195.21,398,89.823
117.02,-195.53,390,92.776
116.55,-195.57,406,86.937
116.7,-196.13,407,86.201
116.56,-196.65,399,83.537
116.61,-197.07,398,87.69
116.79,-197.8,403,84.406
116.53,-198.55,395,85.266
116.5,-199.02,392,86.358
116.34,-199.72,393,80.916
116.21,-200.14,392,86.499
116.27,-200.81,402,82.801
116.39,-201.3,400,89.311
116.69,-201.41,397,83.711
117.16,-201.59,404,85.861
117.39,-201.59,404,92.751
117.52,-201.87,403,91.808
117.72,-201.71,395,87.408
117.41,-201.92,403,83.827
117.42,-202.25,394,89.749
117.06,-202.61,397,87.516
116.73,-203.13,396,83.034
116.91,-203.52,400,86.755
116.69,-204.11,389,86.201
116.47,-204.59,392,82.736
116.25,-205.26,380,83.736
116.38,-205.5,378,82.438
116.35,-206.07,389,81.95
116.02,-206.47,384,88.161
116.37,-207.07,385,84.489
116.59,-207.42,382,80.113
116.85,-207.61,380,83.48
117.19,-207.79,393,81.66
117.3,-208.26,377,81.561
117.61,-208.04,380,83.174
117.55,-208.55,374,80.618
117.91,-208.73,374,84.117
117.67,-208.95,381,78.666
117.94,-209.29,379,80.742
118.04,-209.79,374,83.182
118.07,-210.27,361,78.997
118.1,-210.79,374,82.248
118.24,-211.25,377,83.29
118.48,-211.52,375,82.165
118.87,-211.99,382,81.057
118.9,-212.37,370,83.943
119.3,-212.64,383,82.438
119.37,-213.25,385,88.905
119.63,-213.92,379,82.901
119.46,-214.39,390,79.675
119.6,-214.85,380,79.998
119.74,-215.56,384,88.235
119.69,-216.11,381,79.188
119.71,-216.37,378,81.197
119.79,-217.09,391,83
120.68,-217.58,383,76.715
119.66,-218.07,395,79.171
119.47,-218.52,382,77.277
119.64,-219.35,390,77.749
119.48,-219.77,387,79.924
119.4,-220.19,391,79.262
119.3,-220.42,392,83.174
119.26,-221.1,395,86.093
118.94,-221.72,384,78.658
118.74,-222.17,384,79.634
118.59,-222.87,392,82.281
118.32,-223.31,388,83.207
118.01,-223.94,401,82.19
117.8,-224.27,398,85.076
117.95,-224.81,388,82.835
117.7,-225.29,394,83.596
117.55,-225.94,399,87.797
117.44,-226.32,401,86.184
117.53,-226.68,399,80.685
117.51,-227.1,397,84.133
117.68,-227.05,401,81.975
117.63,-227.13,391,86.036
117.84,-226.64,402,83.397
117.69,-226.5,400,85.556
117.9,-226.27,398,86.698
117.62,-226.31,393,82.802
117.73,-226.4,392,82
117.66,-226.21,398,85.241
117.38,-226.29,402,82.619
117.28,-226.51,396,82.752
117.24,-226.43,394,79.245
117.27,-226.52,389,86.077
117.47,-226.57,402,87.193
117.68,-226.86,390,81.693
118.12,-226.66,395,92.123
118.11,-226.46,395,89.732
118.36,-226.47,394,83.918
118.29,-226.2,388,88.326
118.31,-225.65,389,89.806
118.44,-225.21,388,96.092
118.11,-225.54,393,89.385
118.19,-224.92,395,88.335
118.22,-224.63,400,94.041
118.42,-224.55,393,87.681
118.77,-224.29,386,85.076
118.72,-224.08,392,89.988
118.92,-223.72,384,89.542
118.99,-223.46,385,84.885
119.15,-223.06,390,84.77
119.34,-222.75,382,85.168
119.33,-222.61,402,79.336
119.36,-222.28,396,83.513
119.01,-222.19,400,80.188
118.91,-221.85,382,87.442
118.77,-221.93,395,77.376
119.03,-221.86,405,85.821
119,-221.66,395,85.175
118.99,-221.53,395,84.497
119.44,-221.75,399,84.803
119.29,-221.82,389,87.152
120.06,-221.79,394,86.846
120.34,-221.94,385,89.435
120.88,-222.26,390,81.321
121.41,-222.56,387,85.275
121.96,-222.65,391,84.993
122.53,-223,387,82.347
122.77,-223.46,390,82.653
123.24,-223.49,389,86.457
123.65,-224.15,388,81.387
124.33,-224.33,397,82.818
124.6,-224.65,404,85.548
124.89,-225.01,397,85.969
125.51,-225.49,390,84.671
125.62,-225.96,387,88.169
126.34,-226.39,402,86.78
126.62,-227.13,410,85.622
127.11,-227.38,408,90.609
127.83,-227.97,397,81.239
128.03,-228.27,399,83.165
128.37,-229.24,405,84.216
129.05,-229.47,409,83.968
129.51,-230.04,402,85.366
129.83,-230.41,398,85.051
130.31,-231.05,402,83.414
130.76,-231.48,407,89.104
131.19,-232.03,414,85.854
131.64,-232.8,406,85.73
131.86,-233.25,409,78.493
132.54,-233.66,407,87.433
132.81,-234.23,409,87.416
133.16,-234.95,408,84.894
133.77,-235.24,413,90.22
134.06,-235.67,403,84.042
134.55,-236.38,408,86.391
134.98,-236.8,406,82.777
135.55,-237.38,417,85.92
136,-238.23,407,83.976
136.27,-238.52,410,86.292
136.57,-239.13,403,89.518
136.91,-239.61,415,91.106
137.41,-240.28,401,88.641
137.87,-240.8,406,87.251
138.06,-241.38,411,88.467
138.82,-241.91,404,97.242
139.06,-242.52,402,95.133
139.51,-243.01,413,86.78
139.75,-243.77,417,88.723
140.33,-244.19,411,81.04
140.78,-244.7,415,87.516
141.45,-245.21,405,87.541
141.71,-245.72,409,85.448
141.88,-246.23,406,87.318
142.21,-246.94,399,81.751
142.5,-247.79,394,78.675
142.66,-248.23,399,84.588
142.87,-248.64,383,84.456
143.18,-249.13,379,90.063
143.92,-249.46,384,81.495
144.12,-249.52,361,91.279
144.45,-250.17,363,85.928
144.57,-250.18,342,102.4
145.32,-250.26,339,87.343
145.1,-250.69,350,94.041
145.25,-250.56,324,98.59
145.38,-250.46,297,103.34
145,-250.11,251,107.32
144.72,-250.08,214,106.34
145.31,-249.99,211,77.865
145.44,-249.59,188,85.573
145.63,-250.34,175,85.763
146.42,-250.95,185,98.383
146.47,-251.14,165,73.407
146.19,-251.79,144,76.459
147.25,-252.86,148,83.207
147.2,-253,150,90.601
146.75,-252.85,131,77.757
147.03,-253.39,124,63.243
146.91,-254.76,133,78.526
146.86,-255.12,134,76.285
147.54,-255.45,134,75.988
146.82,-255.98,115,67.659
147.57,-256.65,120,74.979
147.75,-257.58,123,94.546
147.77,-258.01,502,94.819
147.84,-258.57,503,92.668
147.95,-259.17,513,92.395
147.53,-259.68,505,90.203
147.4,-260.27,509,95.372
147.3,-260.7,518,95.356
147.27,-261.31,511,96.869
147.48,-261.96,512,93.47
147.46,-262.38,512,96.588
147.8,-262.88,499,96.762
147.62,-263.2,501,93.189
147.81,-263.39,505,94.273
148.16,-263.36,504,93.603
148.66,-263.75,511,90.17
149.1,-263.97,513,91.072
149.34,-264.4,498,86.647
149.49,-264.66,493,88.012
150.19,-265.37,487,81.85
150.31,-265.99,494,87.962
150.41,-266.23,491,88.988
150.92,-266.92,483,89.087
151.04,-267.42,491,86.565
151.35,-267.95,479,81.569
151.56,-268.42,485,86.804
151.69,-268.98,484,86.193
151.57,-269.54,470,81.313
151.46,-270.17,469,82.438
151.5,-270.62,472,85.961
151.38,-271.28,473,85.44
151.67,-271.97,479,86.457
151.34,-272.4,471,86.54
151.26,-272.98,476,85.233
151.6,-273.85,474,83.364
151.7,-274.18,478,86.986
151.78,-274.64,481,83.918
151.85,-274.94,482,86.151
151.91,-275.65,479,88.922
151.89,-276.05,485,89.559
151.88,-276.84,476,88.525
151.89,-277.27,475,89.153
151.57,-277.64,474,88.806
151.29,-277.97,452,85.076
151.17,-278.59,466,87.565
150.72,-279.19,469,92.081
150.51,-279.41,478,90.03
150.21,-279.96,470,86.622
149.48,-280.49,464,86.457
149.93,-280.97,465,88.475
149.57,-281.5,459,88.988
149.6,-282.28,462,90.956
149.49,-282.54,466,85.365
149.33,-283.27,466,88.045
149.36,-283.73,475,87.466
149.24,-284.27,465,83.537
149.13,-284.86,470,87.557
149.43,-284.98,468,86.159
149.31,-285.53,462,86.656
149.52,-285.73,459,84.596
149.75,-285.34,470,85.431
149.94,-285.12,470,88.178
150.32,-284.97,462,85.357
150.3,-284.5,457,86.556
150.17,-284.24,454,83.099
150.01,-284.11,467,87.417
149.92,-283.95,479,92.413
149.61,-283.97,467,94.041
149.51,-283.85,473,89.757
149.55,-283.82,453,83.563
149.43,-284.05,456,85.44
149.62,-284.36,464,87.061
149.82,-284.65,456,86.036
150.13,-285.25,457,83.852
150.71,-285.74,456,84.877
151.2,-286.09,451,83.091
151.38,-286.61,462,84.323
151.53,-287.26,460,83.943
151.73,-287.85,466,87.987
151.7,-288.69,468,86.135
151.83,-289.02,467,80.659
151.77,-289.69,469,86.416
151.91,-290.22,470,84.076
152,-290.65,468,82.644
152.23,-291.46,463,86.334
152.24,-291.8,471,88.26
152.32,-292.12,463,89.964
152.6,-292.47,469,87.797
152.9,-292.9,473,86.937
152.9,-293.29,465,89.575
152.77,-293.94,469,91.006
152.76,-294.67,465,92.04
152.81,-295.33,469,87.028
152.65,-295.91,464,86.01
152.9,-296.62,459,85.63
152.53,-297.38,455,87.698
152.81,-297.73,458,84.506
152.81,-298.48,457,86.3
152.93,-298.94,455,84.15
152.9,-299.48,457,92.024
153.19,-299.5,454,83.645
153.22,-299.92,459,88.079
153.13,-300.08,456,89.212
152.96,-300.26,466,91.527
153.32,-300.6,457,90.543
153.44,-301.08,455,91.684
153.75,-301.21,452,86.118
153.87,-301.79,452,97.491
154.06,-302.18,459,88.533
154.14,-302.74,446,87.813
154.09,-303.2,456,86.176
154.45,-303.53,451,85.679
154.68,-303.64,456,87.226
155.12,-304.21,460,85.622
155.33,-304.24,449,85.621
155.68,-304.63,451,83.968
156.38,-305.08,456,84.307
156.83,-305.07,450,83.256
157.58,-305.73,452,81.511
157.82,-306.08,451,86.474
158.11,-306.49,431,83.455
158.37,-306.78,450,83.562
158.96,-307.36,451,83.662
159.53,-307.74,451,85.25
159.87,-307.91,443,87.219
160.06,-307.8,435,84.389
160.55,-307.64,427,83.174
160.97,-307.42,427,83.174
161.18,-307.35,432,82.975
161.57,-307.65,441,84.687
161.67,-307.68,433,80.866
161.76,-307.75,427,80.742
162.28,-308.33,422,85.233
162.46,-308.7,431,78.104
162.39,-309.46,426,85.258
162.48,-309.9,428,88.889
162.81,-310.46,433,86.176
162.71,-310.92,444,83.488
162.99,-311.77,434,84.886
162.82,-312.28,438,84.861
162.96,-312.88,452,85.25
163.38,-312.96,451,87.962
163.55,-313.63,443,91.453
163.7,-313.88,449,87.929
163.69,-314.22,451,85.316
163.48,-314.51,465,89.244
163.54,-315.18,454,90.311
163.28,-315.42,462,91.345
163.14,-316.05,453,91.345
162.93,-316.72,469,88.235
162.64,-317.67,471,90.89
162.62,-318.31,466,92.685
162.52,-319.04,463,87.317
162.1,-319.72,454,87.127
162.37,-320.4,461,87.433
162.45,-320.93,461,83.372
162.42,-321.68,473,84.985
162.39,-322.08,470,85.159
162.54,-322.97,457,87.036
162.52,-323.56,453,86.474
162.26,-324.03,473,85.432
162.52,-324.49,470,90.89
162.66,-324.92,450,88.723
162.64,-325.3,463,90.791
162.7,-325.86,448,92.751
162.8,-325.83,472,91.229
162.88,-326.66,475,92.883
162.73,-327.4,479,90.278
162.75,-327.87,486,92.072
163.2,-328.56,481,91.973
163.62,-328.88,483,92.354
163.79,-329.62,472,90.261
164.11,-330.02,483,93.917
164.21,-330.46,482,89.525
164.22,-330.87,486,93.42
164.42,-331.41,483,93.553
164.42,-332.17,486,89.02
164.6,-333.05,479,91.212
164.78,-333.59,482,89.98
164.85,-333.98,485,89.525
165.3,-334.44,488,89.55
165.48,-335.08,476,89.732
165.82,-335.46,488,91.237
166.05,-335.76,472,84.364
166.23,-335.91,470,83.992
166.33,-336.15,485,83.909
166.56,-336.72,475,85.721
166.65,-337.18,486,87.565
166.97,-337.73,491,89.385
166.9,-338.29,494,86.928
167.08,-338.7,494,92.296
166.86,-338.67,490,89.203
166.92,-339.01,485,86.167
166.63,-339.39,495,86.664
166.24,-339.96,493,88.334
166.16,-340.21,495,85.423
166.17,-340.88,497,88.144
166.13,-341.55,488,86.746
166.08,-341.75,481,84.108
166,-342.32,481,84.869
166.26,-342.86,482,87.375
166.66,-343.2,488,86.432
166.7,-343.52,492,87.292
166.87,-343.61,498,91.452
166.84,-343.69,499,91.808
166.49,-344.46,495,93.685
166.52,-344.57,503,92.949
166.35,-345.26,506,90.096
166.26,-345.67,498,92.552
166.56,-346.2,497,90.956
166.77,-346.92,501,89.641
166.79,-347.9,496,89.103
166.92,-348.4,500,93.975
167.02,-348.71,498,89.707
167.22,-349.29,494,91.295
167.47,-349.65,490,86.92
167.76,-349.98,488,84.298
167.89,-350.14,490,87.309
167.97,-350.07,485,85.903
167.91,-350.11,486,87.499
168.12,-350.13,479,84.522
167.99,-350.17,488,84.216
167.41,-349.85,485,84.505
167.03,-349.39,495,88.616
166.51,-349.31,508,86.738
166.28,-349.28,502,89.418
166.18,-349.82,504,84.968
166.2,-350.19,497,85.605
166.51,-350.3,495,83.488
166.98,-350.43,496,82.537
167.45,-350.53,498,83.463
167.76,-350.65,499,87.317
167.92,-350.68,489,88.053
168.01,-350.68,494,91.436
167.87,-350.88,483,86.945
167.65,-350.92,481,86.043
167.46,-351.39,474,85.225
167.54,-351.68,477,83.927
167.5,-351.76,460,80.246
167.45,-351.91,454,81.958
167.64,-352.5,460,80.941
167.88,-353.26,467,81.313
167.73,-353.73,468,81.875
167.93,-353.93,466,89.195
167.82,-354.14,473,84.596
167.94,-354.81,478,88.806
167.79,-355.33,465,84.695
167.94,-355.84,459,83.571
168.04,-356.07,457,87.855
168.26,-356.75,462,85.812
168.34,-357.03,468,85.531
168.76,-357.23,474,85.233
168.75,-357.39,469,88.128
168.44,-357.68,472,83.984
168.7,-357.55,459,83.728
168.49,-357.85,461,82.785
168.27,-358.19,455,85.233
168.34,-358.42,455,81.635
168.44,-358.73,463,83.802
167.96,-359.13,472,85.489
168.14,-359.7,468,87.813
168.17,-359.65,465,88.301
168.19,-360.08,465,90.104
168.62,-359.97,468,89.822
168.71,-360.17,473,88.036
169.17,-360.05,476,93.884
169.51,-359.85,484,95.1
169.74,-359.56,488,93.586
169.94,-358.87,492,95.248
170.12,-358.6,484,93.967
170.26,-358.24,506,94.694
170.42,-357.34,510,100.17
170.6,-356.64,498,94.041
170.42,-356.15,502,96.216
170.3,-355.73,497,94.512
169.87,-355.43,501,94.132
169.64,-355.21,501,90.286
169.56,-355.12,499,85.986
169.35,-355.29,500,88.467
169.07,-355.03,483,85.647
168.54,-355.25,480,83.653
168.54,-355.27,478,86.664
168.59,-355.11,480,85.365
168.13,-355,476,89.683
168.04,-354.78,495,90.518
167.73,-354.59,487,91.13
167.42,-354.29,482,87.871
167.23,-354.73,478,90.956
167.4,-354.64,480,85.96
167.29,-355.03,467,87.491
167.25,-355.43,466,88.889
167.48,-355.74,470,85.241
168,-356.06,478,87.028
168.17,-356.06,474,87.656
168.13,-355.84,472,86.366
167.78,-355.79,475,84.472
167.96,-355.79,476,86.01
168.1,-355.95,472,87.598
168.2,-356.01,473,88.805
168.19,-356.24,470,83.736
167.88,-356.47,467,87.698
167.47,-356.88,469,84.29
167.33,-357.3,469,85.886
167.49,-357.85,471,85.225
167.51,-358.14,475,84.671
167.83,-358.4,465,91.337
168.04,-358.53,461,85.208
168.12,-358.7,460,85.696
168.41,-358.98,457,85.431
168.46,-359.17,466,87.044
168.71,-359.36,470,87.962
168.76,-359.41,472,88.789
168.68,-359.51,471,86.159
168.51,-359.86,472,89.277
168.59,-360.09,457,88.252
168.8,-360.63,453,82.487
169.03,-360.92,453,81.015
169.16,-361.22,454,81.015
169.24,-361.75,455,81.933
169.44,-362.07,466,84.67
169.46,-362.47,463,82.313
169.93,-362.86,450,83.711
169.99,-363.22,449,81.726
170.48,-363.7,444,85.324
170.39,-364.29,457,82.975
170.53,-364.96,460,82.297
170.2,-365.55,461,89.17
170.15,-366.05,461,88.227
169.97,-366.49,460,84.654
169.93,-367.26,457,83.612
169.69,-367.92,450,81.701
169.95,-368.43,436,83.091
169.84,-368.76,439,82.595
169.91,-369.22,438,83.372
169.91,-369.89,440,80.37
169.95,-370.45,427,80.436
169.97,-370.96,419,79.527
170.12,-371.36,423,77.161
170.19,-371.7,420,75.962
170.47,-371.72,422,74.804
170.83,-371.55,426,77.906
170.98,-371.58,422,73.795
171.14,-371.32,407,73.886
170.81,-371.26,403,74.647
170.5,-371.42,399,73.241
170,-371.88,393,74.076
169.69,-372.26,389,73.911
169.57,-372.6,397,73.125
169.46,-373.24,388,75.325
169.62,-373.77,391,76.235
169.73,-374.45,393,79.419
169.92,-374.8,386,75.127
170.06,-375.32,391,77.385
170.18,-375.64,394,78.228
170.58,-376.08,396,79.924
170.71,-376.65,389,83
171.08,-377.11,392,83.753
171.08,-377.42,391,78.956
171.45,-377.9,392,79.725
171.21,-378.28,398,80.188
171.14,-378.83,384,75.573
170.91,-378.83,386,76.144
170.68,-379.19,376,76.897
170.34,-379.18,378,73.886
170.09,-379.52,371,71.107
170.02,-380,363,73.465
169.86,-380.36,364,69.544
170.12,-380.74,360,68.833
170.01,-381.04,361,72.464
170.18,-381.12,364,71.992
169.89,-381.43,357,69.726
169.63,-381.55,350,72
169.42,-381.64,345,71.852
169.27,-381.75,345,68.99
169.1,-382.19,339,68.022
168.72,-382.41,343,68.899
168.25,-382.72,331,69.941
168.08,-382.95,330,68.378
167.91,-382.98,325,66.791
167.68,-383.21,323,66.154
167.24,-383.37,324,63.78
167.38,-383.67,318,67.518
166.91,-383.95,314,63.499
166.43,-383.87,313,63.714
166.27,-384.33,309,63.507
166.32,-384.43,314,62.018
166.26,-384.65,310,64.433
165.99,-384.86,309,63.987
165.82,-385.31,308,63.78
165.94,-385.38,309,65.699
166.08,-385.64,310,63.796
166.22,-385.82,313,66.171
166.35,-386.14,308,62.2
166.8,-386.05,303,65.228
166.94,-386.22,307,63.623
167.14,-386.3,299,61.059
167.52,-386.37,307,61.911
167.6,-386.58,311,64.615
167.8,-386.4,324,67.353
168.41,-386.29,322,66.567
168.55,-385.89,330,67.419
168.55,-385.67,326,66.584
168.66,-385.34,329,66.509
168.68,-385.31,323,69.71
168.77,-385.25,327,66.467
168.87,-384.93,323,64.888
169.02,-384.89,323,68.552
169.25,-384.68,334,67.245
169.48,-384.81,341,70.239
169.69,-385.05,333,72.315
169.51,-385.22,328,64.309
169.55,-385.53,334,65.856
169.69,-385.84,335,66.328
169.5,-386.47,333,66.501
169.33,-386.52,330,64.905
169.36,-386.87,330,66.989
168.84,-387.13,333,64.748
168.86,-387.45,334,67.932
168.43,-387.71,339,65.492
168.11,-388,341,66.071
167.86,-388.49,333,66.063
167.86,-388.85,336,68.949
167.96,-388.98,337,67.808
168.09,-389.23,331,67.626
167.94,-389.27,337,68.767
167.72,-389.18,339,65.922
167.5,-389.26,342,70.537
167.37,-389.36,352,68.924
167.05,-389.71,357,70.81
166.53,-389.67,355,66.914
166.4,-389.98,348,68.742
166.29,-390.06,342,68.651
166.16,-390.1,334,66.666
165.88,-390.47,338,66.12
165.75,-390.59,338,67.774
165.65,-390.66,339,66.021
165.26,-390.62,338,66.41
165.52,-390.89,337,69.801
165.21,-390.66,338,69.892
165.16,-390.78,337,68.378
164.99,-390.68,340,70.074
164.87,-390.48,339,69.205
164.59,-390.16,345,68.37
164.55,-389.95,342,70.727
164.55,-389.53,341,69.503
164.75,-389.09,344,72.199
164.79,-388.51,347,72.15
164.94,-387.95,345,71.207
165.18,-387.58,343,69.114
165.38,-387.02,338,69.594
165.23,-386.74,335,71.298
165.82,-386.35,333,72.241
165.96,-385.96,335,71.099
166.22,-385.42,333,69.693
166.51,-385.09,329,70.04
167.09,-384.73,326,71
167.37,-384.61,325,70.644
167.65,-384.17,318,69.023
167.64,-383.96,329,69.966
167.96,-383.52,325,71.289
168.59,-383.1,327,68.932
169.11,-382.9,334,74.581
169.9,-382.28,337,73.721
170.58,-382.01,343,72.497
170.95,-381.83,335,69.85
171.54,-381.73,335,73.721
171.99,-381.46,329,72.406
172.72,-381.17,327,69.007
173.19,-380.91,328,64.913
173.63,-380.76,332,66.501
174.18,-380.21,330,65.541
174.5,-379.69,328,66.997
174.51,-379.21,332,69.992
174.77,-378.76,328,66.699
174.68,-378.95,326,67.824
175.04,-379.01,322,66.509
175.36,-379.16,320,64.797
175.63,-379.34,316,64.251
176.35,-379.49,320,64.524
176.85,-379.28,322,65.285
176.94,-379.28,309,61.927
177.12,-378.99,315,66.534
177.19,-378.8,326,68.395
177.21,-378.54,323,66.691
177.2,-378.55,319,65.848
177.27,-378.75,322,66.294
177.78,-379.09,322,66.724
178.09,-379.27,320,66.65
178.68,-379.51,312,63.516
179.13,-379.83,306,64.839
179.57,-380.04,309,66.427
179.98,-380.31,302,66.319
180.46,-380.46,305,66.237
180.72,-380.82,303,64.07
181.16,-380.84,301,64.078
181.42,-381.02,299,65.178
181.54,-381.16,299,63.97
181.79,-381.35,303,64.119
181.79,-381.47,306,65.649
182.13,-381.55,310,62.465
182.22,-381.89,310,64.698
182.49,-382.2,314,64.59
183,-382.4,316,65.955
183.18,-382.32,312,66.617
183.64,-382.28,310,68.221
183.78,-382.1,319,71.463
183.88,-382.15,324,71.463
184.18,-382.02,328,72.977
184.15,-381.98,325,75.805
184.28,-381.97,337,76.442
184.24,-382.08,343,73.431
184.63,-382.36,340,75.97
184.85,-382.55,330,77.302
184.96,-382.46,337,74.746
185.24,-382.21,331,76.26
185.21,-381.75,342,78.195
185.05,-381.42,346,79.882
184.99,-381.45,351,81.379
184.8,-381.31,358,85.978
184.54,-381.37,351,78.848
184.16,-381.34,347,79.535
184.06,-381.53,342,74.945
183.85,-381.7,345,74.556
184.11,-381.69,349,75.11
184.16,-381.87,347,72.389
184.13,-382.05,345,77.112
184.04,-382.05,342,74.655
184.25,-382.39,340,73.067
184.1,-382.53,348,75.416
184.15,-382.74,345,73.795
183.98,-382.81,342,73.241
183.89,-382.94,334,71.909
183.47,-383,338,73.349
183.27,-382.93,345,71.347
182.69,-383.07,337,75.789
182.51,-383.45,343,71.463
182.53,-383.82,350,75.979
182.93,-384.09,348,73.754
182.96,-384.47,354,72.05
183.25,-384.73,350,73.663
183.39,-384.95,353,78.245
183.63,-384.86,350,72.497
183.6,-385.09,357,74.837
183.8,-385.39,357,70.545
183.74,-385.88,363,71.273
183.66,-386.25,357,72.786
184.12,-386.76,351,71.736
184.43,-387.3,351,72.869
184.82,-387.55,352,72.224
185.92,-387.78,350,72.894
186.08,-387.91,351,74.705
186.78,-388.23,349,70.355
186.98,-388.24,355,72.34
187.47,-388.46,357,73.795
187.49,-388.47,358,74.383
187.74,-388.54,360,73.63
188.03,-388.95,361,71.951
188.7,-389.3,359,71.124
188.77,-389.49,351,69.114
189,-390.24,352,73.473
189.19,-390.77,355,68.18
188.82,-391.11,349,67.89
188.45,-391.44,353,74.837
188.22,-392.04,354,72.29
188.02,-392.65,351,70.81
188.02,-393.38,340,77.078
188.23,-393.82,353,73.084
187.88,-394.3,354,75.979
188.06,-394.77,353,70.983
188.53,-394.93,350,76.897
188.78,-395.23,353,75.234
189.17,-395.02,346,73.266
189.48,-394.84,340,78.998
189.56,-394.92,343,74.788
189.44,-394.66,346,71.67
189.11,-395.06,336,74.564
188.87,-395.42,341,72.82
188.35,-396,339,74.482
188.21,-396.59,335,74.3
188.16,-397.21,338,72.985
187.74,-397.96,334,70.479
187.94,-398.24,321,71.943
187.49,-398.85,330,74.292
187.57,-399.44,317,65.442
187.33,-399.76,323,68.262
187.55,-400.2,325,68.676
187.32,-400.41,321,75.706
186.95,-401.04,327,73.82
186.76,-401.23,318,78.592
186.58,-401.96,313,75.433
186.18,-402.77,318,72.613
185.92,-403.17,308,87.102
185.64,-403.65,306,72.696
185.37,-404.07,314,74.681
184.75,-404.45,310,73.192
184.36,-404.69,309,74.292
184.18,-404.92,310,83.397
183.97,-405.43,315,73.018
183.18,-405.55,291,93.14
182.7,-405.8,309,72.795
182.11,-406.19,304,83.141
181.86,-406.43,301,75.888
182.05,-406.96,313,71.397
182.23,-407.13,307,78.427
182.17,-407.14,293,71.562
182.68,-407.09,301,84.117
182.49,-406.97,300,80.66
182.31,-406.8,296,73.803
182,-406.65,298,74.275
181.71,-406.6,308,81.702
180.93,-406.53,305,74.465
180.32,-406.76,307,79.543
179.7,-406.65,301,76.715
178.92,-406.43,313,79.32
178.37,-406.22,320,78.228
177.85,-405.53,311,85.341
177.04,-405.12,311,78.973
176.47,-404.48,318,87.971
175.9,-404.29,320,83.099
175.21,-403.72,307,91.626
174.74,-403.46,316,80.486
174.42,-403.28,320,88.078
174.24,-403.23,339,85.448
174.13,-402.91,352,88.715
173.62,-402.37,350,82.355
172.9,-401.91,348,84.894
172.81,-401.45,349,84.224
172.5,-400.8,352,89.269
172.23,-400.11,346,85.25
171.93,-399.59,344,81.23
171.36,-399,339,83.77
170.99,-398.74,341,77.873
170.57,-398.23,342,79.816
170.36,-398.39,351,79.799
169.99,-397.73,353,78.22
169.95,-397.28,360,78.584
169.73,-396.73,349,80.833
169.48,-396.02,355,75.59
169.44,-395.55,356,78.038
169.38,-395.33,361,73.332
169.23,-394.88,351,69.61
169.3,-394.8,340,72.133
169.26,-394.77,341,70.545
169.06,-394.81,340,70.09
168.85,-394.88,345,69.809
168.27,-394.85,339,67.742
168.12,-395.1,328,68.105
167.65,-395.36,328,67.634
167.2,-395.54,325,67.642
166.9,-395.96,317,64.342
167.01,-395.97,315,67.626
166.74,-396.04,319,66.236
166.69,-396.05,331,66.583
166.56,-395.82,322,68.949
166.6,-395.8,321,68.006
166.63,-395.3,323,67.915
167,-395.44,326,71.298
167,-395.14,333,69.437
167.05,-394.9,330,67.146
167.1,-394.56,328,66.484
167.53,-394.19,325,64.888
168.09,-393.89,323,65.467
168.21,-393.49,321,64.45
168.33,-393.24,325,67.196
168.56,-393.22,320,68.858
168.84,-393.14,315,69.9
169.04,-393.15,320,71.877
169.29,-393.25,324,70.471
169.62,-393.32,324,69.23
170.31,-392.96,329,71.471
170.36,-392.75,333,72.662
171.01,-392.55,328,71.14
171.23,-392.55,335,75.25
171.9,-392.56,349,77.442
172.51,-392.66,355,77.624
173.42,-392.87,353,79.303
174.07,-392.81,360,80.254
175.26,-393.13,358,79.303
175.79,-393.23,361,79.882
176.78,-393.5,360,81.677
177.35,-393.67,366,82.711
178.11,-393.96,358,82.702
179.07,-394.52,358,79.601
179.81,-395.15,362,80.411
180.33,-395.56,359,82.884
180.87,-396.23,361,80.155
181.48,-396.81,359,81.404
181.77,-397.32,357,84.332
182.3,-398.07,362,82.372
182.84,-398.39,338,85.275
183.03,-398.88,339,88.417
183.4,-399.51,323,90.874
183.47,-399.96,311,94.165
183.22,-400.72,308,92.495
183.63,-401.66,293,89.294
183.91,-402.46,301,100.43
183.57,-402.94,275,92.387
183.26,-403.62,261,110.1
183.7,-404.42,256,87.218
183.53,-405.05,251,77.153
183.63,-405.93,246,95.48
183.57,-406.47,242,82.479
184.01,-406.98,224,86.854
184.61,-407.43,218,77.666
184.61,-408.24,214,99.897
185.17,-408.79,237,91.188
185.38,-408.83,215,88.649
185.27,-409.4,215,81.727
185.69,-409.73,213,95.108
185.55,-410.37,215,88.996
186.09,-410.89,213,100.52
185.88,-411.28,205,74.416
185.52,-411.99,201,74.357
185.48,-412.98,220,92.776
185.45,-413.35,214,84.059
185.14,-413.95,225,71.273
185.32,-413.74,221,79.361
184.78,-414.01,238,79.643
184.6,-414.3,227,76.93
184.13,-414.13,243,74.987
183.97,-414.02,242,76.558
183.57,-414.06,240,66.898
182.81,-414.12,248,73.82
182.68,-414.18,239,76.748
182.51,-414.16,235,82.785
182.57,-414.14,247,69.974
182.81,-413.45,239,71.372
183.29,-413.31,243,79.072
183.57,-412.58,232,77.459
183.89,-412.3,233,68.858
184.37,-412.13,234,65.955
184.97,-411.93,237,68.651
185.69,-411.95,231,73.076
186.59,-411.66,211,63.069
187.26,-411.44,215,66.319
187.56,-411.21,213,73.837
188.15,-411.37,205,67.262
188.86,-411,207,71.116
189.42,-410.91,208,79.452
189.73,-410.54,203,71.091
190.2,-410.24,200,74.482
190.53,-410.81,209,81.239
190.31,-410.33,205,65.095
190.26,-409.99,188,79.304
190.26,-410.79,173,79.833
190.45,-411.92,189,99.491
189.97,-412.66,171,80.949
189.89,-412.62,163,67.816
191.08,-413.2,165,86.681
191.03,-412.68,144,59.686
191.2,-414.19,156,92.933
190.65,-414.29,144,95.381
190.96,-414.85,146,89.832
190.36,-415.02,122,73.019
189.97,-419.15,352,75.59
189.14,-419.61,351,77.484
188.74,-420.15,352,74.755
188.42,-420.84,348,75.135
188.45,-421.31,350,77.559
188.43,-421.7,353,75.036
188.75,-421.72,354,72.579
189.05,-421.94,361,73.994
189.04,-422.02,360,77.939
188.95,-422.17,364,77.087
189.24,-422.26,359,71.463
189.3,-422.27,352,71.182
189.6,-423.05,354,77.964
190.21,-423.43,348,79.609
190.38,-424.07,342,75.945
190.87,-424.26,336,69.702
191.3,-424.64,330,68.808
191.3,-425.17,335,74.59
191.83,-425.33,338,76.376
191.81,-425.32,335,69.784
192.15,-425.29,342,73.837
192.49,-424.76,336,73.266
192.68,-424.39,330,71.579
192.31,-424.49,325,67.824
191.59,-424.48,328,75.342
191.38,-424.41,325,72.993
190.96,-424.72,322,72.406
190.58,-425.05,318,74.019
190.11,-425.47,320,75.888
190.08,-425.56,326,69.875
189.32,-425.87,330,68.089
188.99,-425.78,325,68.469
188.65,-425.75,318,70.429
187.95,-425.6,332,73.249
187.5,-425.51,337,78.072
186.73,-425.34,344,77.567
186.56,-425.22,351,77.757
185.96,-425.54,352,78.228
185.45,-425.41,353,85.051
185.17,-425.59,355,81.412
184.5,-425.44,359,82.545
184.22,-425.62,354,92.205
184.15,-425.63,361,86.548
183.92,-425.44,340,83.348
183.78,-425.33,336,89.939
183.47,-425.12,331,84.299
183.3,-424.8,324,88.218
182.89,-424.43,320,90.84
182.78,-424.33,309,84.208
182.48,-424.09,311,89.36
182.35,-424.06,316,96.315
182.48,-423.81,315,86.904
182.57,-424,318,80.552
182.73,-423.76,310,94.637
182.69,-424.08,327,96.349
182.7,-424.21,341,94.686
182.65,-424.28,340,81.313
182.31,-424.52,353,87.127
182.25,-424.71,357,86.25
182.28,-424.65,351,83.761
182.14,-424.86,351,86.689
182.05,-425.02,349,85.448
182.17,-425.28,337,76.797
182.21,-425.63,330,80.006
182.44,-425.7,335,87.152
182.79,-425.87,338,82.338
183.21,-426.35,330,89.592
183.22,-426.3,327,79.998
183.51,-426.41,321,77.203
183.8,-426.35,302,82.157
184.22,-426.14,267,95.654
184.34,-426.44,262,90.948
184.66,-426.38,257,85.06
185.05,-426.36,247,85.787
185.66,-426.68,246,92.66
186.12,-426.55,232,84.043
186.24,-426.19,221,74.11
186.72,-425.57,194,67.634
185.95,-426.5,201,91.643
185.38,-427.04,202,87.466
185.3,-427.35,190,69.429
185.28,-428.16,196,87.326
185.02,-428.81,186,91.899
185.24,-429.29,185,71.488
185.87,-430.08,191,73.076
186.45,-430.11,183,86.284
186.06,-430.45,182,95.563
186.23,-430.6,180,81.049
186.41,-430.85,173,73.184
187.2,-430.99,176,70.256
187.98,-430.66,160,69.941
188.46,-430.37,164,67.932
187.9,-430.2,160,64.541
187.62,-430.28,185,85.457
187.46,-429.34,157,63.019
187.2,-429.42,157,95.861
186.34,-429.32,153,90.61
185.96,-428.6,141,80.321
185.33,-429.27,159,82.165
184.16,-428.45,136,69.991
184.6,-428.31,141,90.518
183.91,-428.41,142,84.977
183.7,-428.71,144,83.952
183.53,-428.91,149,72.059
183.31,-428.87,160,64.773
183.33,-429.13,166,87.789
183.66,-429.03,166,73.829
183.5,-428.85,176,63.433
183.56,-429.21,178,74.829
183.03,-429.14,178,73.383
182.92,-429.34,169,75.673
182.72,-429.29,179,67.94
182.79,-430.08,171,86.689
183.24,-430.18,174,73.704
183.36,-430.29,171,70.562
183.48,-430.95,169,98.285
183.59,-431.22,158,88.533
184.33,-431.54,151,88.541
185.01,-431.12,146,88.434
184.53,-431.52,155,74.862
183.83,-431.59,153,74.788
183.18,-431.57,150,79.825
182.59,-431.54,155,68.693
181.5,-431.2,152,59.116
181.71,-431.12,153,62.143
182.3,-431.6,163,65.963
182.73,-431.66,155,73.357
183.12,-432.06,143,68.56
182.81,-431.94,137,62.945
183.06,-432.08,121,67.444
183.23,-431.9,127,54.997
183.07,-431.93,115,58.661
182.51,-432.5,124,74.945
182.69,-432.92,121,65.418
181.49,-433.13,121,55.154
180.6,-434.17,111,64.748
180.58,-434.43,397,74.581
180.06,-434.52,393,75.3
180.06,-435,389,77.575
180.07,-435.21,392,79.18
180.07,-435.14,388,77.947
180.01,-434.98,384,78.807
179.77,-434.69,400,73.911
179.72,-434.49,387,78.418
179.2,-434.31,388,79.08
178.91,-434.37,387,76.251
178.74,-434.39,391,77.666
178.12,-434.56,394,80.097
177.91,-434.19,399,84.886
177.88,-434.17,405,80.254
177.89,-434.39,415,85.233
177.94,-434.08,414,87.425
178.19,-433.74,420,86.109
178.07,-433.33,420,91.775
178.44,-433.11,421,93.106
178.26,-432.44,413,90.699
178.33,-431.65,422,88.094
178.15,-431.12,425,93.917
177.8,-431.14,431,93.04
177.59,-430.63,434,89.798
177.39,-430.19,428,90.956
177.16,-429.78,427,88.045
176.95,-429.65,423,84.977
176.89,-429.73,421,83.372
177.06,-429.78,423,80.8
177.23,-429.83,413,83.745
177.49,-430.16,410,83.438
177.93,-430.05,409,81.362
178.36,-430.2,407,81.296
178.81,-430.47,399,83.753
179.19,-430.65,396,80.461
180.01,-430.8,392,79.46
180.75,-430.72,385,78.013
181.04,-430.8,390,78.021
181.52,-430.56,392,79.262
181.71,-430.55,392,84.224
181.84,-430.48,387,76.996
181.7,-430.53,400,81.09
181.57,-430.58,388,78.319
181.68,-430.65,392,76.277
181.68,-430.75,391,74.432
181.79,-431.07,383,77.856
181.79,-430.85,386,77.757
181.78,-430.99,384,75.218
181.56,-431.2,389,74.763
181.47,-431.36,386,75.292
181.3,-431.47,391,77.004
180.99,-431.73,393,75.11
181.14,-431.86,392,74.928
180.85,-431.99,384,75.16
180.82,-432.15,388,73.737
180.53,-432.38,382,73.704
180.74,-432.74,389,78.476
180.55,-432.79,379,75.573
180.48,-433.21,372,71.943
180.81,-433.42,378,72.116
180.81,-433.66,371,74.937
180.98,-433.89,375,72.249
181.19,-433.99,373,74.118
181.24,-434.23,372,72.886
181.23,-434.11,368,74.11
181.31,-434.21,375,75.243
181.33,-434.05,377,74.366
181.7,-434.11,381,77.393
181.71,-434.01,380,77.674
181.67,-434.2,375,73.82
181.91,-434.24,377,76.731
181.82,-434.49,378,76.615
181.77,-434.7,376,75.218
181.97,-435.19,375,74.068
182.23,-435.61,378,72.803
182.62,-435.87,373,71.306
182.71,-436.02,371,71.653
183.3,-436.15,376,72.158
183.58,-436.06,371,72.332
183.88,-436.07,369,72.116
184.15,-436,371,74.482
183.96,-435.43,370,80.18
183.94,-435.14,368,72.133
183.6,-435.35,368,72.993
183.6,-435.49,370,70.851
183.56,-435.85,372,76.484
183.3,-435.99,361,76.475
183.04,-436.58,364,71.579
182.96,-436.85,367,74.507
183.71,-437.09,359,71.496
183.78,-437.04,350,76.177
184.61,-436.97,360,69.685
184.62,-436.5,361,73.812
184.31,-436.4,364,72.406
184.5,-435.9,358,69.503
184.21,-435.95,361,69.66
183.81,-435.74,355,68.858
183.52,-435.58,359,71.198
183.24,-435.67,352,68.287
182.76,-435.85,355,73.018
182.95,-436.1,351,67.89
182.96,-436.21,358,71.033
182.92,-436.27,359,73.357
183.05,-436.43,363,70.33
183.23,-436.22,362,76.004
183.2,-436.03,359,72.53
183.2,-436.03,363,71.463
182.98,-435.75,357,71.769
183.09,-435.79,357,71.835
182.62,-435.67,364,72.712
182.44,-435.75,362,70.412
182.21,-435.55,367,70.801
181.8,-435.4,374,75.664
181.1,-435.26,371,71.355
180.38,-435.65,379,75.499
180.14,-436.08,366,82.736
180.48,-436.31,366,74.416
180.71,-436.2,360,72.869
181.44,-435.65,363,73.06
181.7,-435.37,365,77.112
181.78,-434.77,367,71.389
181.6,-434.41,369,73.911
181.07,-434.15,376,74.399
181.03,-433.96,372,73.803
181.05,-434.02,367,72.455
180.69,-434.09,369,76.575
180.48,-433.98,371,74.499
180.6,-433.95,372,71.281
180.45,-434.17,376,70.545
180.62,-434.03,370,75.408
180.6,-434.28,378,75.888
180.91,-434.3,364,84.63
181.23,-434.23,360,73.332
181.57,-434.44,364,72.571
182.04,-434.57,366,72.637
182.49,-434.48,360,69.321
182.98,-434.13,366,76.905
182.97,-433.76,362,74.308
183.08,-433.57,365,73.018
182.46,-433.59,371,75.573
182.6,-434.05,368,75.508
182.59,-434.05,368,74.846
182.96,-434.4,365,74.515
182.92,-434.7,363,71.306
182.72,-435.02,361,70.454
182.83,-435.39,358,79.18
183.05,-435.45,358,70.463
183.34,-435.64,363,70.735
183.87,-435.85,361,71.579
184.08,-435.77,358,75.061
184.35,-435.56,359,71.256
184.52,-435.55,360,70.272
184.43,-435.59,361,71.926
184.95,-435.7,370,70.958
184.96,-435.79,374,70.611
185.29,-435.93,360,70.793
185.49,-436.11,359,76.922
185.95,-436.25,364,71.86
186.28,-436.12,352,71.852
186.46,-436.59,362,73.713
186.7,-436.22,365,80.122
187.1,-436.11,365,71.571
186.71,-436.02,366,72.48
186.64,-436.17,363,78.518
186.77,-436.79,380,77.302
186.55,-437.14,372,73.928
186.88,-437.48,367,79.841
186.84,-437.96,364,73.977
187.11,-438.57,370,78.674
187.57,-439.02,358,77.484
187.72,-439.16,357,79.725
187.95,-439.61,348,75.408
188.4,-439.66,340,78.311
188.78,-439.8,339,73.812
189.19,-440.22,341,76.541
189.61,-440.96,339,74.3
189.63,-440.93,329,78.228
189.97,-441.35,338,72.712
190.19,-441.43,330,77.683
190.51,-441.76,324,68.668
190.69,-441.95,324,71.207
191.1,-442.53,325,68.974
190.93,-442.94,316,69.892
190.95,-443.36,320,72.894
190.62,-443.92,322,69.611
190.71,-444.61,326,72.761
190.89,-445.29,322,70.983
191.06,-445.47,310,71.67
191.28,-445.56,305,80.387
191.26,-445.86,308,81.106
191.45,-446.24,299,86.275
191.48,-446.51,297,73.051
191.73,-446.95,290,78.526
191.68,-447.23,280,72.588
192,-447.61,283,76.07
192.18,-447.89,285,78.427
192.28,-448.05,292,73.349
192.52,-448.21,280,78.89
192.54,-448.54,279,69.909
192.7,-448.56,286,69.139
192.52,-448.85,285,82.48
192.54,-449.41,289,72.82
192.29,-449.57,286,68.585
192.24,-449.76,272,78.228
192.65,-450.32,274,70.554
192.75,-450.97,280,72.539
193.13,-451.52,276,73.374
193.17,-451.66,260,82.306
193.44,-452.03,260,81.264
193.98,-452.58,262,75.061
194.24,-452.92,264,71.207
194.85,-453.19,256,75.317
195.06,-453.18,241,69.346
195.43,-453.66,243,72.704
195.26,-453.76,241,83.455
195.36,-453.8,239,70.355
195.86,-454.24,232,78.444
195.35,-454.5,231,71.653
195.68,-455.05,229,73.357
195.56,-455.09,224,66.237
195.26,-455.77,225,73.175
195.04,-456.11,213,85.341
195.23,-456.54,212,68.486
195.41,-456.67,191,70.719
196.03,-456.93,200,73.167
195.91,-456.55,195,77.211
196.01,-456.22,193,67.461
195.96,-456.7,182,74.201
196.44,-456.74,181,75.624
196.21,-456.62,165,72.679
197.07,-457.33,169,66.799
197.85,-457.39,168,68.123
198.27,-458.08,160,70.207
198.03,-458.29,161,64.376
198.73,-458.54,150,55.957
198.9,-458.61,132,64.93
198.91,-459.61,135,59.323
198.99,-459.95,122,62.317
198.4,-460.68,130,71.414
199.37,-460.66,110,62.515
198.24,-462.34,106,71.042
198.24,-462.34,106,71.042
