0,-0,129,49.464
5.8528,6.0486,256,102.87
5.5641,5.9319,235,73.737
8.8227,9.9885,360,105.97
10.64,10.176,351,100.6
9.959,9.2422,307,122.35
15.102,-3.9184,144,58.09
12.054,4.087,1184,198.02
10.87,-2.1229,1232,177.78
8.0615,-6.5791,1196,179.7
4.1307,-10.93,1204,198.39
1.0033,-16.809,1206,191.13
-2.4441,-21.163,1138,174.58
-7.8202,-23.032,1132,163.68
-10.71,-24.032,1192,187.96
-7.7669,-24.62,1260,187.99
-6.4702,-23.613,1282,172.05
-2.4561,-22.355,1272,185.29
1.4237,-20.019,1296,175.07
0.92266,-21.251,1287,170.09
0.78623,-23.463,1260,196.5
0.62292,-21.395,1234,204.75
0.50723,-22.59,1214,175.92
1.5067,-20.558,1280,188.05
0.87449,-20.438,1287,179.09
-1.8519,-25.117,1214,178.78
-2.5614,-24.582,1265,181.75
-0.20832,-23.943,1370,193.91
0.69758,-25.766,1357,183.13
1.1183,-24.842,1288,159.73
3.0146,-24.146,1250,169.01
6.6343,-22.75,1272,188.25
7.8158,-20.988,1338,181.54
10.229,-22.895,1439,188.97
13.093,-25.622,1295,179.67
18.248,-23.656,1284,166.5
19.776,-21.371,1352,202.38
17.534,-23.989,1349,200.78
17.268,-28.748,1361,196.8
14.31,-30.255,1326,191.96
10.229,-33.009,1233,190.31
8.1059,-36.857,1211,220.27
8.5881,-39.163,1230,215.86
11.233,-40.341,1185,201.6
9.865,-45.657,1250,234.25
11.879,-47.658,1190,192.56
8.2543,-52.459,1312,179.1
9.9919,-55.077,1293,176.58
10.888,-58.599,1309,195.17
6.4349,-59.686,1251,202.92
6.0458,-60.909,1185,172.3
9.5108,-59.247,1194,169.83
14.496,-54.118,1413,225.26
20.512,-51.072,1377,201.53
21.125,-50.134,1339,171.34
23.976,-52.062,1345,202.81
27.282,-48.145,1395,213.52
32.245,-45.014,1278,189.36
30.135,-48.164,1308,216.61
27.375,-54.399,1400,193.25
22.186,-55.965,1314,194.53
18.571,-57.395,1429,201.96
17.653,-52.626,1268,175.34
13.666,-51.747,1369,173.86
17.841,-49.03,1275,207.53
26.274,-46.517,1262,192.44
31.165,-42.99,1370,177.89
31.004,-44.348,1240,170.83
30.545,-47.683,1253,170.51
26.295,-42.895,1365,188.09
25.521,-39.413,1505,182.67
21.604,-38.723,1504,181.73
20.528,-37.005,1535,180.78
19.275,-35.05,1499,186.05
18.846,-32.959,1474,181.86
21.576,-34.097,1489,174.08
24.869,-33.76,1419,176.12
25.945,-33.151,1218,185.68
26.754,-32.829,1043,154.05
26.176,-33.871,859,136.41
25.189,-34.773,756,119.33
24.597,-35.13,620,115.09
23.876,-35.393,511,97.614
23.637,-34.819,442,92.8
23.484,-36.094,413,93.842
23.265,-35.913,395,95.298
23.019,-34.747,402,101.07
24.049,-35.515,436,107.36
24.751,-35.02,492,118.34
27.31,-32.634,542,124.59
31.587,-30.899,582,148.61
32.295,-30.963,586,143.3
31.097,-31.646,602,152.01
30.316,-31.263,603,127.7
26.951,-32.248,611,121.52
24.79,-32.854,614,122.94
23.038,-33.843,658,149.97
22.506,-35.153,685,130.3
24.372,-34.79,709,133.84
22.824,-37.095,706,126.37
24.691,-38.565,747,131.36
23.045,-39.386,729,132.37
27.038,-41.501,742,130.64
28.726,-42.68,724,139.93
28.002,-45.364,713,134.36
29.84,-46.05,753,163.12
29.3,-44.938,734,134.5
29.626,-46.132,762,149.57
30.418,-45.706,736,134.26
29.426,-44.316,805,165.45
25.962,-44.359,832,159.53
23.14,-43.174,787,133.29
22.858,-39.731,790,147.19
26.566,-37.363,796,152.69
29.436,-40.667,773,135.11
29.513,-43.971,728,122.43
30.211,-44.943,689,127.77
34.664,-43.19,739,151.38
38.896,-43.527,725,139.85
38.989,-44.275,748,150.1
37.968,-48.015,741,139.42
37.197,-49.085,676,122.53
38.516,-44.982,709,136.03
37.958,-40.451,726,132.89
39.246,-38.559,719,113.35
39.686,-40.287,731,139.02
40.061,-38.723,705,129.15
37.535,-39.057,699,134.99
36.213,-42.917,674,134.75
38.924,-42.045,708,124.12
36.533,-37.927,706,116.37
35.793,-36.889,688,122.61
39.022,-39.308,679,117.28
42.327,-38.991,711,122.33
42.119,-38.203,690,116.25
41.365,-39.704,694,124.61
42.839,-41.775,721,141.97
43.47,-44.917,704,135.19
40.807,-46.372,638,153.17
39.319,-44.183,644,140.1
36.812,-48.185,660,138.23
36.694,-52.367,649,113.5
36.441,-54.038,680,121.6
33.556,-54.61,727,142.17
30.37,-56.331,739,138.01
30.37,-58.857,695,130.38
29.966,-59.564,701,141.82
29.229,-62.344,718,148.92
26.231,-60.114,796,151.48
24.041,-57.92,780,168.62
24.402,-55.012,790,152.59
26.403,-51.362,829,141.29
25.142,-48.854,824,132.92
25.274,-45.571,813,135.76
24.271,-49.254,810,139.67
25.825,-53.31,837,154.66
27.607,-56.079,841,163.21
28.23,-52.66,856,166.03
28.535,-48.445,843,180.38
27.759,-45.025,822,170.78
26.794,-44.995,780,169.72
27.846,-44.2,742,148.01
28.28,-42.836,738,142.23
29.853,-40.377,724,176.34
34.183,-39.187,731,155.98
35.83,-33.82,736,132.2
36.402,-31.978,711,128.48
36.013,-30.693,710,115.64
35.323,-33.512,774,163.34
38.861,-35.036,756,137.45
38.954,-32.78,714,116.06
36.425,-29.084,715,113.63
32.616,-25.864,728,133.16
29.612,-20.703,726,117.65
28.736,-16.942,764,132.37
29.892,-12.746,738,128.44
30.746,-12.917,707,121.58
31.794,-15.222,663,143.41
34.66,-15.926,615,113.3
35.881,-15.642,589,114.66
34.146,-13.513,632,137.05
34.989,-15.069,533,90.683
36.554,-17.085,574,121.14
36.563,-16.629,524,98.093
33.701,-16.681,506,116.74
29.485,-19.369,533,111.18
27.597,-20.929,549,105.77
27.628,-23.182,577,112.16
28.272,-28.429,599,106.15
32.698,-30.51,641,132.78
36.954,-31.45,630,106.19
36.164,-31.591,684,122.05
37.863,-30.864,781,150.73
35.31,-28.074,791,138.81
31.729,-24.483,790,164.37
29.813,-26.767,751,132.47
31.156,-28.368,689,138.83
33.264,-27.717,688,134.49
35.38,-28.266,692,144.91
37.28,-27.278,627,117.44
38.243,-29.452,600,108.53
36.429,-33.254,683,133.4
33.583,-37.052,703,140.36
28.013,-41.914,713,140.02
27.678,-44.76,705,143.15
27.186,-39.672,695,110.55
23.877,-38.9,657,126.54
19.904,-40.287,659,127.96
13.869,-40.666,702,136.77
12.507,-42.32,730,139.97
9.5512,-45.793,783,154.9
8.0255,-44.851,759,131.6
11.239,-41.563,780,158.66
14.224,-36.949,784,160.16
16.854,-31.977,755,143.65
19.8,-30.822,739,138.84
24.047,-31.618,734,141.35
28.238,-35.516,792,172.29
32.878,-39.257,799,142.12
38.162,-40.938,804,154.38
38.812,-43.424,818,145.91
35.214,-44.694,840,178.07
36.138,-48.317,813,151.76
38.356,-48.932,786,147.47
36.996,-48.873,767,143.7
37.963,-52.267,680,136.69
39.208,-56.342,663,138.06
38.63,-61.555,628,143.41
40.931,-60.988,602,143.81
40.915,-56.744,641,125.06
39.418,-51.602,723,162.67
36.53,-48.128,752,150.87
36.947,-50.698,747,156.26
38.605,-53.96,712,145.42
41.128,-56.109,685,149.74
39.605,-58.301,714,145.98
37.016,-57.177,766,167.22
35.699,-50.513,753,150.63
31.959,-49.247,745,136
30.202,-48.969,739,139.01
28.216,-52.402,763,174.65
24.897,-55.254,787,184.12
26.731,-59.452,757,156.55
29.617,-58.839,731,138.92
29.593,-57.132,749,166.47
28.9,-58.079,760,185.6
32.582,-57.168,768,162.01
30.687,-57.544,692,139.15
26.448,-58.211,695,147.22
22.52,-55.932,676,143.52
18.956,-57.345,649,151.92
15.215,-60.408,719,155.98
9.8073,-60.19,691,140.3
8.1028,-59.163,698,139.95
4.6354,-57.583,711,158.72
1.2105,-58.874,703,147.55
-0.80985,-58.613,675,131.8
0.91973,-57.42,642,110.45
0.25581,-52.563,645,128.49
-1.4263,-52.01,634,125.18
0.46521,-49.486,711,134.57
-1.2172,-49.56,692,125.76
0.92713,-46.248,718,170.88
0.92435,-45.753,655,149.71
5.745,-46.343,610,133.45
5.4615,-46.955,592,140.71
2.3387,-49.048,634,157.39
3.8149,-47.486,633,155.31
2.785,-42.942,701,149.25
2.0559,-40.072,716,167.45
4.3413,-36.547,689,123.35
7.0494,-37.182,768,161.5
7.2274,-40.271,795,177.84
7.4371,-40.553,809,130.49
6.512,-37.529,856,162.93
7.1775,-36.932,851,156.01
11.652,-32.607,825,166.09
12.753,-28.427,728,146.3
13.269,-31.346,728,157.99
14.888,-33.996,719,141.64
15.615,-37.487,777,141.8
11.798,-41.978,827,187.73
7.1144,-45.954,850,199.15
3.1983,-48.144,832,162.17
0.92541,-50.823,808,167.67
4.2945,-54.714,763,148.17
2.7788,-60.296,771,171.33
0.80566,-65.764,687,113.9
-1.4675,-65.88,733,152.07
-5.0816,-65.354,735,144.25
-7.8419,-65.221,709,152.11
-9.1756,-60.351,729,155.04
-10.783,-57.441,697,155.14
-9.508,-58.637,646,138.18
-7.2631,-59.208,648,139.28
-5.8915,-58.113,683,144.89
-3.7682,-53.221,760,170.13
-3.2695,-48.214,769,191.99
-5.6226,-45.218,725,142.59
-9.3035,-47.095,687,138.85
-11.726,-48.297,701,143.62
-11.104,-53.607,710,151.14
-6.977,-53.703,702,188.66
-0.0027694,-54.396,683,141.05
6.8212,-54.346,714,140.18
10.433,-54.402,702,132.65
13.797,-60.311,672,121.58
11.297,-61.501,637,132.42
10.002,-64.642,626,124.41
7.5215,-67.64,674,159.37
6.0075,-69.568,689,144.64
3.1234,-66.25,704,147.09
3.8103,-63.019,693,148.92
5.8585,-61.343,665,158.52
4.2202,-59.863,605,127.48
5.7519,-57.24,602,129.76
2.9215,-56.879,562,126.78
3.2343,-57.821,601,121.85
7.0127,-55.351,626,141.83
12.258,-53.263,625,153.18
16.098,-53.586,639,167.8
14.205,-54.743,608,138.18
8.7945,-55.766,614,118.68
5.2788,-59.106,620,142.87
6.1885,-61.516,655,107.33
10.976,-64.156,685,133.51
16.082,-67.848,682,171.62
20.628,-64.676,686,177.34
22.648,-59.496,655,127.42
23.872,-53.671,691,159.91
29.074,-53.655,681,129.44
30.133,-57.048,687,133.77
27.96,-61.971,733,166.12
24.279,-63.462,754,192.54
18.402,-64.977,778,190.41
17.063,-66.906,720,187.43
19.989,-64.693,674,159.86
20.285,-62.659,670,162.46
20.405,-66.403,687,161.63
25.592,-65.718,679,155.16
27.341,-61.617,692,139.21
31.795,-64.385,662,140.96
32.362,-65.522,665,136.19
26.918,-68.419,708,189.63
21.866,-71.422,703,190.69
19.947,-72.688,644,173.39
17.092,-72.646,716,176.81
15.809,-68.443,700,173.24
13.489,-65.726,688,141.74
13.774,-69.443,691,196.13
19.464,-67.386,669,181.3
20.648,-65.69,613,143.62
20.889,-61.901,617,145.65
25.096,-63.562,629,164.2
28.737,-57.632,641,149.58
27.403,-55.669,722,146.05
29.842,-52.897,700,156.27
34.946,-51.827,662,132.78
36.769,-52.752,751,158.61
37.93,-55.586,757,159.75
40.705,-54.838,715,157.81
41.881,-53.971,645,146.19
39.733,-56.795,645,138.92
38.506,-60.06,667,134.19
36.862,-63.813,717,145.98
33.92,-68.31,666,162.36
31.211,-67.973,661,167.6
32.545,-70.126,617,153.85
34.171,-68.461,585,131.52
31.954,-63.184,626,136.26
32.846,-60.802,670,146.79
33.009,-61.877,727,191.18
37.125,-61.461,685,155.93
38.985,-60.499,659,146.42
38.885,-56.879,703,178.03
42.499,-54.245,639,138.26
43.641,-57.254,618,138.51
42.298,-60.367,633,149.44
43.523,-62.023,625,142.02
42.754,-61.306,604,136.88
42.76,-65.028,624,144.68
43.481,-67.871,615,125.45
43.311,-64.585,609,127.16
42.845,-60.285,647,144.75
43.679,-53.14,663,149.18
46.949,-48.997,627,145.37
48.742,-46.417,641,129.16
48,-46.914,659,147.05
48.017,-52.648,650,156.37
48.059,-58.419,668,188.06
47.427,-62.279,658,163.56
44.11,-65.479,644,134.35
43.294,-65.304,635,137.88
41.634,-62.798,630,129.25
43.924,-62.47,645,134.25
45.718,-59.349,638,146.46
44.25,-58.33,649,141.33
43.326,-62.563,638,142.99
42.625,-66.904,664,151.02
41.659,-69.931,647,138.94
41.001,-70.992,658,141.98
39.626,-67.755,675,144.32
40.312,-70.896,675,143.8
40.489,-74.043,651,130.69
40.862,-75.05,592,119.27
40.015,-73.073,577,124.52
39.759,-67.627,590,121.02
39.51,-62.674,624,131.32
43.772,-63.045,593,123.76
46.887,-64.044,600,113.34
44.85,-61.683,624,139.68
42.06,-60.838,633,134.11
43.081,-58.89,648,134.02
44.562,-52.836,679,157.61
43.168,-48.002,656,150.64
43.189,-46.855,657,149.97
47.025,-48.545,632,134.82
48.512,-50.78,640,149.97
45.589,-54.149,621,127.35
42.015,-56.979,663,162.5
38.908,-58.767,653,151.19
38.773,-56.066,721,162.15
40.316,-51.383,700,174.09
41.866,-52.586,672,179.51
43.031,-57.385,692,147.96
46.038,-61.105,658,149.1
44.921,-60.822,668,160.24
42.476,-57.32,691,189.11
44.625,-54.271,708,167.87
49.183,-53.339,681,162.44
51.018,-50.521,678,182.03
51.772,-50.636,628,130.95
55.129,-52.769,616,133.66
54.627,-55.552,641,164.21
53.384,-59.311,662,155.52
53.275,-63.421,672,163.59
53.073,-65.033,659,146.87
52.701,-66.146,647,143.39
48.825,-67.946,649,144.94
45.368,-70.168,631,141.52
44.155,-72.438,633,129.1
43.314,-71.447,601,132.8
40.14,-68.639,607,121.38
39.997,-70.591,613,121.59
38.791,-67.974,612,145.42
34.591,-65.639,647,162.01
31.697,-59.727,681,168.36
33.761,-58.984,700,187.71
35.721,-60.517,656,174.53
39.355,-60.471,621,136.58
40.122,-58.791,660,168.57
40.495,-57.533,618,132.57
39.298,-55.459,666,152.07
40.176,-57.866,676,156.65
44.353,-59.815,677,191.48
44.718,-64.031,655,157.98
41.605,-66.431,649,144.47
36.182,-64.778,638,141.09
33.643,-65.072,643,158.16
38.047,-65.369,630,127.29
38.998,-63.566,639,125.44
34.372,-62.684,649,158.34
33.015,-64.747,664,158.98
37.498,-62.925,658,164.33
36.711,-58.859,651,123.78
36.044,-57.983,624,129.37
33.615,-57.44,614,121.58
31.568,-57.009,629,133.37
32.684,-55.167,663,142.62
35.457,-49.643,672,159.81
34.445,-48.266,632,120.66
34.598,-48.062,627,124.28
30.8,-46.373,662,138.34
33.523,-47.392,675,141.59
37.816,-47.625,660,141.67
36.543,-47.34,586,109.79
31.793,-50.268,594,107.93
28.025,-49.708,595,120.84
31.65,-49.624,594,140.05
34.218,-52.022,544,96.323
33.206,-53.466,606,123.8
29.191,-56.214,642,125.33
27.341,-60.845,631,134.91
27.04,-61.832,585,115.76
25.795,-63.952,582,149.81
28.198,-66.587,594,179.06
29.368,-68.772,503,99.359
23.273,-70.234,598,183.59
19.977,-66.527,645,160.59
23.043,-64.55,627,131.44
25.998,-65.264,619,142.23
21.765,-65.442,610,143.5
17.56,-69.554,636,162.54
17.434,-71.409,608,167.06
19.899,-68.116,593,154.87
20.436,-65.929,619,162.38
17.473,-64.708,591,142.52
19.619,-69.298,614,161.13
23.488,-69.628,591,146.61
22.233,-69.12,588,154.42
19.1,-71.724,541,115.24
17.06,-73.071,508,129.51
16.168,-72.979,529,136.47
17.686,-69.967,571,169.52
23.109,-71.342,606,149.84
25.524,-71.581,605,162.68
24.408,-72.346,581,157.16
25.139,-73.624,521,142.94
28.893,-73.393,567,121.32
32,-69.558,554,103.85
28.518,-69.784,584,111.31
26.559,-70.554,611,145.56
24.775,-70.537,641,151.76
28.024,-67.119,654,173.35
33.43,-64.737,627,144.76
34.63,-64.873,596,118.79
31.31,-68.209,600,129.56
29.972,-72.884,640,136.81
27.108,-75.876,624,115.06
23.333,-73.435,637,151.18
23.857,-65.542,643,153.02
24.96,-64.323,653,184.67
25.479,-67.926,615,153.23
22.206,-71.378,623,175.16
24.369,-74.938,592,139.86
28.389,-74.865,548,124.29
27.449,-69.362,573,133.61
25.75,-70.038,588,148.68
28.013,-67.25,636,169.91
33.478,-68.053,610,115.11
30.915,-69.053,598,150.16
26.847,-71.214,597,127.49
25.286,-74.947,623,141.64
24.161,-72.293,629,143.6
23.158,-68.447,627,160.43
22.407,-67.373,656,203.57
24.634,-66.937,683,189.92
28.399,-67.762,684,155.02
24.442,-68.584,720,163.31
21.872,-66.839,715,158.56
23.273,-66.535,696,170.1
26.11,-67.861,657,148.5
28.501,-69.005,666,143.5
31.16,-65.745,701,145.96
28.277,-66.341,727,171.9
31.956,-65.079,754,166
34.005,-61.749,748,167.12
32.344,-65.305,743,164.94
30.005,-66.941,807,186.74
29.913,-64.425,789,182.32
31.586,-58.102,738,148.6
29.413,-56.774,741,151.3
30.77,-61.272,770,177.08
31.889,-58.331,753,156.36
27.996,-58.192,729,153.56
28.575,-59.88,747,156.73
32.772,-60.02,731,153.45
35.345,-60.944,736,133.51
38.531,-61.091,713,143.37
37.149,-59.203,728,161.14
37.131,-63.252,720,138.87
34.756,-66.824,731,151.03
30.772,-65.372,757,153.39
30.541,-65.68,743,161.04
34.404,-65.653,743,173.18
34.461,-63.1,745,168.29
34.009,-63.579,757,156.75
36.348,-67.051,739,159.62
39.374,-71.217,731,137.64
37.327,-71.824,735,150.39
35.263,-76.388,715,161.15
34.319,-75.738,726,144.27
31.136,-73.386,732,168.9
28.012,-69.185,724,163.02
26.408,-70.846,739,157.84
31.32,-70.841,728,173.37
34.056,-71.214,725,150.54
33.157,-71.961,733,160.14
29.513,-72.15,704,155.87
29.651,-76.258,701,129.86
32.572,-70.557,741,161.37
36.086,-66.284,737,154.53
40.758,-66.204,756,159.09
41.74,-64.327,736,159.07
39.841,-68.244,750,156.24
44.434,-68.718,725,134.96
44.754,-67.639,737,153.83
42.125,-68.569,769,176.21
39.954,-71.429,723,135.36
41.756,-71.275,723,157.47
39.311,-68.879,746,153.21
34.13,-69.443,771,192.99
29.124,-66.13,749,170.88
28.002,-64.392,733,199.56
30.604,-63.699,689,145.51
33.723,-63.994,707,167.93
32.951,-62.369,699,142.26
32.676,-65.578,732,162.39
32.703,-62.605,720,169.69
27.686,-61.367,722,182.9
23.845,-62.558,739,179.7
25.614,-62.145,753,200.3
32.382,-61.491,713,145.05
32.941,-60.799,728,177.28
30.662,-64.235,745,180.72
26.954,-67.496,736,180.18
23.846,-69.657,741,189
24.712,-63.485,708,150.79
25.955,-58.405,720,178.4
29.068,-61.031,709,174.44
30.005,-60.875,695,169.41
26.525,-62.601,721,187.86
26.814,-65.821,748,222.92
27.829,-61.987,707,170.1
29.105,-59.675,716,148.62
31.381,-58.654,694,141.59
30.505,-60.941,703,159.66
28.257,-63.761,724,198.37
30.34,-63.907,742,199.77
32.043,-60.3,708,155.5
33.553,-62.085,760,200.96
35.205,-59.522,722,169.1
33.246,-58.199,683,131.34
31.465,-55.661,673,137.79
34.691,-56.488,701,140.27
38.921,-54.418,672,124.15
40.521,-52.762,663,126.2
41.324,-55.919,702,162.44
40.046,-56.856,671,151.24
35.738,-56.587,655,116.44
31.935,-58.597,692,126.74
34.264,-58.043,714,162.31
38.859,-54.779,691,137.84
40.787,-54.704,694,159.12
37.177,-58.074,698,150.76
36.083,-59.836,701,170.7
37.492,-56.123,672,132.66
36.816,-53.302,684,164.35
39.502,-52.294,686,138.34
41.717,-51.794,686,144.19
42.157,-55.304,715,174.23
45.012,-53.824,689,160.99
41.148,-54.138,684,150.58
39.453,-58.362,732,183.75
38.322,-57.278,694,157.42
40.844,-53.362,685,155.23
38.684,-54.857,664,130.19
37.9,-57.425,708,175.4
39.98,-53.834,713,166.24
39.379,-52.118,659,119.26
38.153,-54.616,705,164.93
39.159,-57.702,691,160.17
41.663,-53.527,709,161.62
44.254,-49.949,701,172.49
48.334,-50.063,689,167.75
44.776,-51.962,706,154.37
40.542,-56.204,740,206.81
37.188,-56.772,715,160.25
42.078,-52.612,686,144.01
44.83,-54.507,684,158.64
41.791,-58.775,721,170.43
41.501,-55.464,677,146.9
41.753,-51.233,703,145.03
45.091,-51.099,667,142.58
44.916,-49.121,674,162.78
43.521,-53.167,654,142.61
42.202,-58.579,655,144.28
44.449,-61.129,682,158.69
42.94,-56.577,644,140.56
38.495,-56.448,662,146.82
36.863,-60.197,661,146.25
35.927,-59.043,659,142.06
38.929,-58.056,658,170.19
40.488,-56.854,680,168.76
36.085,-57.207,688,145.42
37.972,-57.793,694,144.56
41.939,-54.674,683,159.33
43.848,-56.24,700,166.19
39.635,-60.148,706,147.24
36.804,-57.133,690,152.73
39.408,-53.564,686,146.44
40.959,-50.066,690,160.05
39.048,-54.74,664,143.89
41.817,-59.421,675,160.39
44.483,-56.627,646,140.32
40.496,-56.814,700,179.54
39.389,-60.69,693,179.88
44.349,-59.606,691,172.16
45.06,-56.544,657,143.98
43.184,-60.095,658,147.21
43.72,-64.402,686,151.76
42.939,-62.179,684,162.48
37.92,-61.684,691,167.61
40.355,-60.924,702,173.12
45.581,-59.664,675,145.65
45.417,-62.383,691,151
40.958,-63.988,680,152.21
40.964,-62.042,680,157.17
45.47,-59.687,677,155.5
47.41,-59.479,683,168.53
48.06,-62.492,661,137.29
48.602,-65.286,654,147.92
43.798,-64.343,682,147.09
42.691,-59.018,710,167.8
46.31,-60.453,665,149.97
46.181,-64.906,655,139.29
47.629,-66.269,649,141.38
43.578,-64.949,668,147.1
45.542,-62.944,664,133.76
47.313,-63.209,641,123.95
45.36,-68.041,643,129.12
42.537,-72.248,679,170.89
44.923,-72.251,613,129.29
43.406,-67.958,610,119.12
41.262,-68.437,654,135.41
45.096,-67.947,629,125.63
42.465,-67.355,631,124.19
44.138,-69.133,607,112.98
45.892,-66.73,612,112.66
43.807,-68.969,638,118.39
40.594,-73.282,630,127.15
38.124,-71.1,641,139.93
39.081,-65.791,639,133.56
42.636,-64.181,642,142.29
41.226,-69.195,643,141.31
42.363,-74.492,666,152.49
40.353,-76.943,646,147.49
35.581,-77.612,649,156.47
36.712,-72.727,630,139.3
39.226,-71.022,651,133.73
39.025,-73.77,660,144.41
42.039,-79.552,656,154.4
43.893,-78,626,129.26
43.375,-84.196,628,125.33
47.82,-84.58,637,144.25
40.554,-82.323,632,127.1
35.614,-79.127,636,137.44
40.028,-81.555,645,145.27
45.809,-82.596,617,137.53
41.131,-79.021,664,176.07
38.55,-82.355,654,171.86
45.608,-84.082,651,136.84
42.068,-81.483,650,145.27
41.571,-84.961,605,126.82
41.782,-80.586,601,125.33
39.796,-74.882,618,134.61
41.901,-74.627,627,160.19
48.815,-78.003,636,160.17
55.279,-77.472,597,127.73
51.717,-78.65,623,156.63
54.277,-87.035,652,201.68
48.657,-85.386,611,146.4
46.558,-84.966,578,134.2
47.485,-80.859,561,149.6
48.747,-76.926,540,132.82
53.188,-80.342,575,137.53
49.538,-79.807,566,148.28
47.795,-79.732,536,138.91
48.244,-73.816,534,149.83
48.547,-74.465,544,119.71
50.737,-71.131,510,130.4
50.248,-72.775,514,117.64
50.915,-69.115,501,135.39
47.951,-71.215,536,154.12
49.148,-69.244,528,129.11
47.813,-70.539,563,144.25
45.928,-69.914,564,128.5
44.315,-71.315,583,152.81
49.869,-69.146,581,128.83
49.052,-71.533,588,159.71
43.283,-70.133,573,127.69
41.401,-68.185,585,160.11
46.782,-69.286,607,143.8
47.177,-68.251,626,170.3
49.32,-70.756,627,144.11
47.108,-71.3,617,138.66
46.315,-69.013,628,163.77
50.083,-68.56,609,140.36
49.692,-72.192,636,141.35
50.121,-70.03,631,153.25
46.176,-71.872,641,170.79
40.522,-69.361,645,167.24
39.106,-69.311,593,124.22
44.389,-70.352,631,144.88
49.47,-72.589,619,136.76
46.531,-74.293,609,143.67
44.603,-73.502,632,172.2
44.297,-70.716,613,186.64
48.892,-71.697,577,114.72
48.635,-72.508,615,156.67
48.862,-75.733,599,155.51
51.743,-78.089,531,129.38
55.431,-79.063,526,162.83
51.446,-78.439,519,121.49
53.53,-77.898,521,134.23
50.341,-76.907,510,125.37
46.791,-73.748,535,156.45
48.909,-74.611,498,125.69
56.169,-74.925,497,122.65
60.589,-76.742,484,109.7
58.362,-79.305,501,132
52.968,-75.517,546,130.6
48.11,-73.89,559,147.91
53.367,-73.771,556,128.16
55.981,-77.316,564,143.99
55.311,-78.009,554,128.63
47.503,-76.749,530,118.96
50.395,-73.11,605,165.75
48.626,-72.585,593,143.48
57.012,-72.605,533,117.18
61.474,-70.458,536,151.9
56.683,-74.412,548,129.8
49.515,-75.711,549,135.64
50.177,-70.879,530,155.89
46.921,-68.883,503,117.92
51.876,-70.011,552,143.33
50.316,-66.827,526,131.88
48.557,-70.116,566,134.09
50.708,-66.269,561,131.33
46.174,-65.742,556,112.28
44.033,-68.597,581,135.76
40.008,-63.871,583,157.03
41.07,-56.032,590,160.64
49.046,-56.665,623,170.48
47.59,-58.823,609,144.33
45.763,-64.143,611,145.3
43.074,-66.268,624,131.25
45.278,-61.8,619,161.29
42.663,-59.69,588,125.6
45.78,-63.732,620,134.91
43.203,-58.434,614,137.78
38.352,-56.548,641,156.45
43.181,-54.746,622,159.67
44.799,-49.778,606,138.81
42.798,-52.581,641,161.91
44.239,-57.992,640,151.98
44.865,-60.603,609,130.89
41.028,-60.657,612,142.01
40.694,-57.995,621,164.21
38.9,-50.285,617,177.44
41.337,-42.35,638,167.63
38.903,-38.875,634,149.05
42.481,-43.078,634,152.51
44.134,-48.705,619,147.86
42.089,-45.137,602,120.74
38.744,-42.547,634,139.97
40.227,-46.253,639,147.36
43.167,-43.808,640,155.79
40.353,-39.88,653,151.23
40.342,-43.916,644,140.89
43.707,-47.632,632,151.67
44.011,-47.619,620,145.13
41.347,-50.935,616,134.53
40.504,-56.084,640,159.01
39.372,-51.591,607,129.54
38.115,-48.002,601,126.19
41.211,-51.161,604,128.93
44.089,-56.857,630,147.72
42.942,-62.017,596,130.04
42.041,-59.505,598,142.98
44.924,-53.341,597,153.67
44.61,-54.771,588,126.49
49.342,-57.376,586,119.53
45.628,-56.719,582,123.94
45.281,-59.343,605,137.83
47.86,-53.509,592,151.81
49.428,-50.405,602,125.21
50.545,-53.084,593,133.06
49.417,-56.701,605,154.76
49.157,-57.486,621,150.68
45.071,-54.894,607,126.75
40.947,-55.487,629,151.78
42.948,-57.392,663,186.92
43.064,-59.182,649,196.93
45.311,-58.767,626,161.99
48.715,-56.126,606,169.6
47.76,-52.325,603,128.88
46.54,-54.6,596,117.44
50.073,-55.921,605,147.65
49.931,-54.413,617,146.31
51.648,-58.027,605,140.25
49.748,-60.719,608,149.4
48.762,-54.156,625,148.22
47.386,-49.479,608,138.64
47.806,-53.356,596,133.7
49.5,-51.98,615,132.39
47.402,-53.327,617,148.13
43.813,-54.273,594,121.82
43.604,-55.018,597,161.82
44.927,-52.478,587,122.48
45.166,-47.463,607,132.69
44.947,-42.245,616,153.2
44.997,-44.542,591,130.9
49.925,-49.095,584,134.23
50.467,-53.912,603,146.71
47.933,-50.863,602,156.08
46.629,-44.534,584,134.54
44.982,-38.803,589,145.34
48.277,-35.863,585,125.71
49.317,-41.689,583,133.93
48.091,-43.245,582,123.06
44.053,-44.649,572,143.07
38.827,-44.999,554,130.31
37.285,-39.076,573,133.75
44.032,-38.517,571,129.3
47.777,-43.805,560,121.88
48.578,-43.291,584,133.43
45.679,-49.837,566,135.19
41.122,-48.416,609,145.62
42.617,-41.283,579,131.65
47.534,-43.904,594,156.74
49.672,-40.39,591,156.14
45.895,-41.146,580,149.69
49.73,-42.973,582,146.11
53.626,-44.485,589,121.6
56.965,-44.936,566,145.02
51.754,-43.457,595,150.09
47.623,-42.111,605,173.52
47.611,-41.854,628,190.48
52.642,-43.3,612,148.95
53.618,-46.821,591,144.02
50.456,-45.185,592,135.38
45.332,-41.495,593,130.9
41.217,-42.838,567,114.24
45.913,-40.932,606,161.79
49.874,-37.215,587,146.84
52.692,-40.009,543,112.89
49.065,-43.38,577,127.67
44.596,-41.508,567,123.99
40.929,-37.555,571,141.64
42.79,-38.395,567,121.89
48.596,-41.343,570,127.89
50.129,-42.674,580,133.84
47.569,-46.654,583,133.23
46.263,-52.897,557,137.78
47.739,-47.484,574,136.38
45.24,-40.928,602,153.54
45.335,-45.246,582,125.7
39.883,-44.474,610,158.19
34.343,-45.167,624,183.15
36.101,-41.485,598,152.16
41.5,-41.524,577,139.44
42.604,-47.752,580,128.9
48.553,-48.712,590,137.16
45.155,-46.242,567,118.93
39.57,-49.315,570,119.84
42.035,-45.948,547,106.58
41.875,-38.193,591,138.81
37.012,-34.029,591,168.35
36.773,-32.234,581,118.21
39.038,-36.103,596,149.07
33.117,-39.515,570,137.83
36.509,-43.051,583,132.56
32.213,-40.126,573,131.81
30.826,-41.656,594,135.94
35.136,-38.27,591,135.1
33.469,-34.046,572,137.06
34.942,-37.021,576,134.63
39.791,-40.986,572,113.52
43.314,-44.734,586,143.07
41.421,-42.48,559,120.84
33.707,-43.06,567,137.52
26.094,-39.473,550,155.83
29.223,-27.469,519,125.56
28.311,-27.267,524,118.66
34.456,-36.165,520,120.68
36.838,-31.853,552,125.34
30.395,-32.313,551,150.75
34.572,-27.627,561,137.97
32.696,-21.536,558,152.11
32.69,-24.055,568,150.61
36.221,-29.419,574,142.98
35.259,-29.647,579,136.01
33.263,-23.932,557,141.59
32.446,-22.258,589,146.02
38.227,-24.996,570,140.19
44.196,-28.833,550,124.24
47.628,-30.578,535,109.99
48.259,-30.533,529,109.98
44.597,-32.033,560,136.8
46.972,-31.694,526,106.06
44.722,-29.307,545,140.68
43.138,-32.318,567,125.37
46.327,-35.031,554,133.15
45.329,-33.887,539,137.13
40.366,-33.875,555,130.24
36.757,-33.513,568,132.78
42.028,-30.111,556,129.17
43.692,-26.795,524,119.12
47.111,-23.348,527,129.66
53.705,-23.749,543,144.2
49.798,-32.3,508,124.77
49.112,-31.998,525,138.87
42.215,-33.415,541,122.73
43.092,-31.188,522,118.34
48.66,-27.834,504,122.4
53.778,-28.423,525,129.28
51.102,-28.241,540,146.11
55.9,-31.309,524,137.6
59.467,-29.945,511,112.9
61.872,-33.073,512,111.48
59.428,-37.315,509,125.25
57.196,-42.079,522,122.08
55.688,-38.187,528,142.88
54.203,-31.183,522,132.33
51.772,-33.871,549,142.21
56.915,-35.972,542,144.32
56.633,-35.313,519,115.85
57.998,-37.633,517,124.12
55.196,-36.159,513,119.41
53.008,-35.526,540,136.28
51.568,-32.742,524,116.26
53.496,-35.844,533,132.74
55.956,-40.927,531,131.81
55.227,-38.094,502,103.23
50.255,-35.45,536,129.3
50.979,-34.347,524,125.54
55.473,-39.092,527,139.06
56.364,-39.109,507,116.35
50.561,-36.867,511,109.87
48.961,-37.101,524,125.77
49.572,-31.298,506,116.15
52.966,-31.864,496,104.96
50.297,-36.697,535,136.22
49.715,-39.404,561,154.42
44.332,-36.894,548,128.58
40.843,-36.381,500,130.16
46.759,-33.894,514,136
51.811,-35.499,532,139.59
50.933,-37.181,522,152.78
51.002,-41.591,522,145.41
47.941,-40.052,509,130
41.826,-40.245,469,115.51
42.737,-40.096,472,102.28
47.447,-38.2,515,133.51
50.834,-40.828,537,146.23
47.804,-40.644,490,136.48
43.106,-36.482,517,139.23
43.175,-38.356,497,109.03
47.03,-36.496,524,137
46.681,-37.718,525,123.86
50.858,-40.176,541,138.87
45.774,-36.908,550,142.54
45.547,-33.227,514,132.66
51.622,-38.483,512,135.07
57.311,-43.601,511,132.67
57.663,-49.185,468,104.72
54.273,-45.903,477,124.87
48.876,-47.972,485,130.54
48.192,-42.094,536,142
51.395,-41.964,545,143.78
51.058,-45.158,507,133.54
50.129,-42.352,550,148.72
55.034,-45.921,523,155.74
52.986,-47.246,517,134.39
53.989,-50.43,508,132.46
50.352,-44.077,523,128.1
48.697,-42.489,548,154.51
49.646,-39.594,544,139.92
51.335,-43.421,535,145.24
56.041,-44.537,506,115.9
53.401,-48.374,516,139.59
48.77,-47.072,505,123.21
48.794,-45.092,526,148.88
48.747,-38.998,520,110.33
52.548,-38.839,553,171.17
57.246,-39.219,521,144.11
54.388,-40.607,495,116.87
50.284,-42.637,538,145.27
52.454,-42.17,557,145.46
49.77,-41.958,549,151.34
53.452,-43.995,563,126.24
55.124,-42.253,523,121.43
53.331,-43.695,529,118.69
52.79,-45.786,531,129.59
49.746,-42.368,564,187.94
46.443,-40.607,557,169.52
42.488,-37.442,543,135.29
44.611,-34.371,564,133.84
46.538,-33.479,561,149.95
43.26,-34.386,533,128.53
44.383,-35.283,546,124.95
45.678,-34.139,526,114.05
49.767,-36.052,540,128.71
50.543,-38.596,544,152.2
44.902,-38.001,528,137.26
39.7,-34.313,532,128.43
40.92,-34.392,561,127.83
44.172,-30.636,554,136.09
45.776,-31.246,549,147.15
42.527,-35.82,556,120.55
42.429,-38.349,560,128.09
38.828,-35.529,573,140.2
35.196,-33.343,547,136.88
39.19,-34.977,513,126.01
48.858,-35.013,535,134.47
59.537,-31.996,543,149.14
70.277,-42.274,511,115.72
76.94,-51.693,527,181.65
67.762,-46.669,509,143.32
67.502,-46.886,510,125.45
63.438,-38.921,521,133.33
55.545,-38.126,527,128.27
58.926,-38.246,521,148.98
66.57,-39.86,524,123.91
67.76,-40.152,520,125.51
73.235,-39.131,520,124.12
70.036,-47.644,513,154.31
65.523,-48.949,488,135.87
62.765,-43.107,528,139.97
65.119,-39.014,543,151.66
71.382,-36.965,508,128.82
78.651,-42.88,537,151.33
70.646,-41.201,507,112.66
71.27,-40.25,543,138.06
65.714,-37.456,528,136.09
59.118,-32.297,524,133.87
60.173,-31.903,522,112.76
68.096,-31.623,513,118.88
63.316,-33.192,527,123.65
57.28,-34.127,508,110.44
59.01,-36.847,484,119.15
50.224,-32.568,525,127.81
47.636,-23.989,465,115.05
53.05,-24.209,523,133.93
50.499,-27.234,517,156.95
48.86,-29.612,517,144.84
54.709,-28.779,530,134.63
51.56,-30.417,541,159.13
50.847,-26.736,518,159.79
46.068,-27.489,530,132.95
41.06,-23.993,522,139.97
33.374,-25.139,497,113.63
29.199,-25.768,526,145.38
30.961,-23.12,517,125.81
33.038,-20.449,513,136.12
30.517,-25.899,525,132.17
32.889,-25.597,521,126.5
29.818,-28.417,526,126.09
28.398,-25.905,506,116.69
31.204,-23.258,513,124.01
36.72,-21.588,488,107.56
39.793,-17.094,462,94.446
44.901,-19.372,484,117.5
47.289,-21.663,471,97.101
38.8,-24.481,516,144.94
36.352,-25.44,481,114.5
30.308,-22.906,486,119.12
24.107,-26.173,504,119.47
26.701,-23.457,500,116.92
31.514,-20.886,505,119.26
37.179,-23.342,497,118.03
37.167,-23.717,500,137.39
31.14,-30.109,508,121.67
33.587,-32.963,477,114.08
30.029,-28.938,506,127.65
29.283,-26.182,489,103.11
29.669,-28.773,511,110.8
31.406,-24.604,504,117.11
28.49,-29.735,510,129.65
23.393,-35.364,511,135.24
18.215,-40.872,551,172.58
23.404,-36.391,522,131.21
24.837,-34.276,506,120.75
23.38,-38.773,536,150
24.726,-33.759,504,129.67
26.831,-35.497,511,143.37
30.309,-34.353,506,125.96
26.494,-38.632,542,162.77
19.834,-42.303,547,164.6
24.385,-38.066,528,149.03
23.623,-36.209,517,142.88
27.607,-31.18,492,115.71
29.169,-30.204,525,132.39
31.935,-35.206,534,170.44
36.675,-31.973,499,120.85
39.978,-32.715,482,129.08
32.338,-33.775,513,127.14
25.851,-32.18,506,118.59
24.385,-32.219,504,116.79
28.993,-27.49,499,122.71
30.408,-27.645,488,115.41
24.263,-31.124,495,104.11
25.436,-33.25,511,136.87
24.566,-26.318,495,111.47
29.174,-26.116,496,125.15
32.881,-25.119,477,106.31
27.388,-30.515,503,115.15
17.792,-30.956,472,106.67
15.851,-25.931,496,126.37
22.479,-23.936,487,127.14
24.547,-21.296,504,116.92
26.249,-27.002,493,128.54
31.258,-29.172,508,136.62
24.383,-27.188,487,122.64
17.861,-25.601,490,118.96
21.684,-23.526,479,107.27
25.194,-28.377,464,118.59
22.112,-27.461,450,110.13
17.776,-27.299,452,121.51
15.95,-25.85,468,116.27
9.3408,-25.118,476,119.03
8.4745,-22.588,467,106.84
8.1689,-22.409,463,111.93
11.435,-23.388,439,105.67
7.0955,-22.865,471,126.98
8.9184,-23.664,436,85.092
5.2095,-26.584,480,140.25
5.6338,-26.728,483,154.66
3.3512,-22.417,484,140.06
2.0553,-22.561,485,128.99
7.0501,-22.357,463,124.34
10.2,-21.329,454,109.6
14.996,-21.936,430,109.96
20.552,-22.319,441,138.65
22.088,-24.506,432,113.09
15.708,-20.031,430,107.27
12.04,-19.107,436,114.75
15.036,-16.999,444,104.7
14.169,-18.959,438,103.39
10.24,-16.82,466,108.59
9.434,-10.734,511,169.87
12.56,-14.699,477,142.61
10.693,-16.105,455,120.57
10.808,-13.678,482,146.69
15.953,-11.277,481,138.57
14.036,-12.499,472,110
12.972,-10.13,457,110.28
17.035,-11.486,453,101.82
17.271,-12.727,467,114.76
11.966,-10.225,488,148.34
13.977,-9.273,483,135.34
15.486,-12.138,471,109.42
21.042,-17.187,471,133.5
19.154,-15.609,434,92.089
15.824,-18.383,435,124.65
13.805,-15.675,448,103.11
14.768,-15.282,478,123.97
16.13,-14.123,480,110.82
17.297,-15.734,447,102.29
16.182,-12.154,492,145.66
17.78,-14.897,459,108.92
14.728,-11.043,472,108.75
15.839,-11.765,478,106.76
13.67,-11.289,474,126.14
13.485,-10.876,481,141.66
10.573,-8.639,474,104.1
13.984,-9.5255,483,114.1
16.679,-10.835,489,117.11
12.034,-9.152,523,168.56
12.494,-9.1812,502,135.92
9.9499,-9.0777,524,141.69
13.91,-8.2075,526,136.86
15.323,-10.158,487,112.26
20.213,-10.851,500,138.08
19.339,-11.696,468,118.77
15.428,-10.229,485,114.79
13.397,-8.3055,520,147
18.029,-8.5472,515,135.43
16.97,-7.6151,505,129.48
16.11,-8.7037,524,141.58
12.556,-7.4414,526,156.82
10.741,-5.911,549,165.52
9.0431,-5.4152,530,154.37
11.728,-4.8932,528,165.71
10.072,-4.6871,534,177.28
5.578,-5.0795,487,114.65
4.0385,-5.0033,496,153.15
6.6307,-3.8252,490,120.53
6.859,-6.8556,498,132.46
9.4609,-4.6342,513,133.07
13.072,-5.6518,506,134.15
16.046,-9.2648,482,129.39
16.631,-8.8037,496,140.92
13.989,-6.642,513,130.13
13.713,-5.5262,537,154.26
15.375,-3.259,524,148.48
10.87,-0.78111,523,117
7.458,-1.0272,553,139.95
6.449,-1.2465,543,150.08
9.2336,-1.685,530,122.88
12.412,-1.6559,515,133.3
13.593,-2.9872,509,125.31
11.347,-1.2321,530,127.32
10.443,-1.1627,515,130.85
12.116,-1.766,521,124.68
12.638,-1.0484,516,128.06
9.4927,-0.55418,528,146.39
8.3647,-1.2321,531,133.38
8.8926,0.96549,504,123.95
11.34,0.65915,517,130.12
9.9132,1.2976,513,135.01
6.7214,-0.70956,534,131.61
8.2751,1.4608,537,147.27
8.6916,0.31304,515,130.69
8.5935,1.4654,529,136.75
5.3737,-1.0715,522,123.76
1.1548,-1.7087,539,154.19
-0.91232,-2.4811,515,128.88
-0.02688,0.3732,554,161.08
1.5057,1.1692,510,164.68
-0.98648,-1.2114,528,133.06
0.28856,1.5975,523,159.92
3.7764,3.6378,496,134.42
1.9745,2.0058,525,163.95
-0.43676,-1.3775,536,148.55
-0.91582,-2.2563,510,132
0.83927,2.7507,527,181.93
1.7374,3.1535,502,124.33
-1.1218,1.7164,541,156.5
-0.73545,1.672,541,142.01
1.8489,3.3063,514,143.33
2.0531,1.067,514,128.76
-1.263,-0.8288,528,141.12
-4.0592,-2.484,532,154.61
-7.2985,-5.3186,502,124.5
-4.6589,-1.5128,514,147.06
-2.7125,1.4101,531,145.7
-3.188,1.1199,546,145.01
-5.3596,-2.2758,528,143.93
-5.3167,-5.2603,532,151.52
-4.3639,-1.8714,541,155.51
-5.0524,1.3609,526,149.9
-2.4137,1.4683,518,131.3
-5.7293,0.9392,512,140.79
-6.0795,2.5841,503,139.35
-4.1926,6.0221,506,162.86
-1.5888,7.0954,528,166.59
-3.7709,3.7999,531,145
-7.2128,1.3885,502,135.3
-9.6072,0.92959,491,121.31
-10.403,3.0056,476,118.88
-7.4299,4.5208,473,113.1
-6.0502,4.91,496,113.11
-9.4612,2.6957,516,146.89
-11.63,3.4443,499,129.08
-11.6,6.9461,521,134.19
-11.741,6.5669,500,127.1
-10.572,9.9529,506,128.54
-6.5529,12.283,460,125.54
-12.932,8.36,480,123.94
-13.259,5.3744,443,98.358
-20.371,5.8901,476,119.75
-22.822,3.6685,498,167.18
-20.631,10.935,466,123.95
-23.266,11.197,485,130.55
-17.317,13.865,463,124.61
-13.306,16.529,449,98.656
-14.975,14.174,488,141.56
-13.153,11.365,459,120.22
-16.517,12.179,472,115.91
-15.598,14.272,481,120.51
-15.679,14.666,477,111.49
-19.43,11.319,502,131.54
-18.785,12.295,473,108.49
-21.44,13.072,488,135.89
-18.276,15.486,479,130.59
-13.924,19.326,468,125.91
-12.956,21.401,458,127.77
-10.409,19.182,449,107.43
-10.062,19.962,452,131.07
-6.9114,19.478,472,147.37
-3.8776,18.781,483,134.94
-8.6392,18.198,475,113.06
-11.962,16.656,481,130.67
-8.1099,18.385,465,107.56
-3.5756,18.3,466,108.03
-0.44105,18.121,479,121.89
-3.0889,17.269,469,112.99
-7.2811,15.293,492,139.88
-4.8978,14.883,482,126.1
-3.0698,16.134,493,122.56
0.53727,14.637,494,134.14
3.0236,12.737,459,107.44
0.85299,15.293,498,160.39
1.0825,17.436,501,142.31
3.0596,16.476,466,116.24
0.86679,17.071,504,139.88
1.125,17.552,507,153.17
-0.5773,17.011,521,146.91
-2.1734,17.062,491,138.07
2.5732,17.391,482,133.75
6.7885,16.382,496,148.4
6.1446,15.553,504,141.61
1.6408,15.674,485,133.57
-3.3493,13.531,484,125.55
-0.57036,16.079,496,164.34
4.802,20.713,489,159.48
4.6916,15.185,450,131.98
8.3961,10.896,450,112.22
0.88038,13.689,480,143.94
-4.7691,11.597,469,143.19
-4.4794,14.407,484,153.18
2.6501,18.562,467,141.91
6.2768,13.735,484,138.15
-0.76773,13.621,457,110.54
-9.1728,14.878,451,112.19
-10.79,16.322,436,119.14
-7.5331,21.946,447,123.64
-2.8424,18.884,435,104.54
-1.3845,15.755,462,130.77
-11.214,16.089,441,116.64
-9.3414,19.149,424,100.96
-10.006,23.005,437,122.09
-0.79098,20.292,434,100.15
-4.1236,17.599,446,118.66
-4.3708,16.612,445,108.74
-10.2,14.615,441,106.22
-11.492,14.272,448,115.36
-17.297,13.92,466,110
-12.912,15.617,423,106.81
-11.902,16.249,438,111.58
-9.0135,21.203,438,106.63
-4.9181,19.103,460,126.74
-11.102,16.478,456,127.34
-12.829,17.998,433,111.94
-6.394,20.024,431,102.12
-5.5119,19.837,440,120.66
-4.6717,20.716,449,129.38
-6.2651,18.138,436,93.354
-0.80102,21.413,435,116.58
5.2741,20.035,473,135.83
10.92,17.324,464,146.99
7.5702,17.312,484,173.72
0.68557,20.637,458,119.28
-0.6989,20.066,456,124.04
6.1229,24.53,439,127.56
10.1,24.975,432,100.15
7.8615,20.851,483,147.25
3.8819,23.492,460,140.22
1.9266,23.368,453,150.35
4.3045,26.099,433,96.174
4.5101,27.448,439,114.11
6.0544,22.839,444,108.56
0.53424,22.008,457,141.38
1.9441,22.787,454,137.89
3.7301,26.955,418,110.45
0.27673,22.904,447,139.77
0.21851,26.024,431,116.78
4.417,23.701,451,131.4
1.356,23.294,454,140.37
-1.2934,21.953,448,114
-0.85907,23.444,446,126.18
0.94129,21.886,436,111.22
-3.8744,21.678,449,124.62
0.17154,21.745,444,128.74
-0.97343,20.999,435,117.17
-1.3008,20.581,446,133.71
-5.864,18.75,457,129.11
-5.6968,21.887,443,117.49
-1.4211,25.709,421,92.147
1.1092,29.608,405,106.13
-0.10539,22.946,423,128.96
0.12223,20.506,440,112.8
-2.915,24.757,425,102.8
-5.5476,22.697,433,115.8
-7.2602,28.369,428,120.12
-4.3804,25.724,426,107.17
1.94,26.405,421,132.76
-2.1705,20.827,454,137.94
-3.9704,23.321,444,126.3
-1.7961,26.485,429,113.55
-1.2939,21.681,432,113.1
-3.0948,20.118,448,120.2
-1.5219,24.58,428,123.91
5.4749,25.155,427,109.02
5.6253,23.517,428,107.07
0.53916,21.495,448,123.29
-2.1273,23.351,433,116.89
-3.8037,20.925,464,147.02
-4.2146,24.857,420,104.33
-4.1127,24.47,425,102.58
-1.2157,24.319,412,109.89
-3.8634,20.147,456,133.06
-5.5881,18.809,418,99.814
-4.7281,23.543,438,113.72
-1.5799,23.86,426,109.6
2.7616,23.621,432,139.54
1.3339,21.215,454,151.26
-1.0971,23.723,414,99.02
-4.0721,23.887,434,105.46
-1.3157,23.764,417,109.59
0.79734,22.581,441,128.85
1.2545,23.109,442,133.4
4.9107,22.45,441,125.35
1.7371,22.021,445,140.16
-1.6241,19.889,452,124.15
-5.9414,19.37,426,101.2
-10.465,16.567,439,105.6
-7.1951,18.146,424,104.37
-4.716,22.394,435,132.79
-1.205,22.278,440,122.86
-4.5568,20.562,453,138.76
-8.9364,17.236,439,128.9
-8.5214,21.355,404,92.503
-9.1061,21.49,409,100.14
-5.394,24.609,431,125.91
-5.8306,20.939,450,145.79
-8.8187,18.117,437,131.17
-11.359,18.082,421,116.9
-11.879,21.228,409,109.25
-7.8599,22.805,410,96.737
-7.2627,21.001,418,107.48
-10.576,17.749,444,121.15
-7.6341,20.495,430,122.03
-5.7998,22.459,442,128.58
-7.6754,19.351,442,131.78
-8.7972,18.942,422,113
-10.167,21.482,406,93.288
-5.8785,22.637,405,99.772
-7.1805,18.973,432,128.56
-9.1741,19.371,420,106.14
-12.292,19.04,424,104.63
-7.607,19.738,427,116.29
-5.9948,21.747,412,105.96
-9.3959,18.556,436,134.89
-11.562,18.899,430,115.59
-7.8169,19.578,420,116.4
-6.3747,18.243,428,119.94
-12.223,18.522,429,103.94
-9.8434,21.541,414,96.29
-9.3303,18.671,428,113.08
-10.702,17.172,406,105.09
-14.603,19.113,400,96.522
-9.8104,18.179,412,106.82
-10.123,15.685,437,119.2
-12.065,16.167,453,144.61
-16.85,14.797,426,112.11
-14.153,16.154,437,116.74
-10.075,18.797,424,124.21
-8.1888,19.272,415,123.37
-10.207,15.989,442,125.54
-14.63,13.724,442,131.15
-15.049,15.229,442,119.71
-19.63,15.134,413,108.76
-15.794,13.83,429,133.51
-11.862,16.87,403,106.51
-13.12,13.906,424,128.44
-11.921,17.369,406,97.721
-14.981,15.935,408,133.37
-13.767,18.296,394,105.3
-10.346,16.959,409,123.39
-12.128,14.313,436,131.8
-18.113,16.786,384,108.38
-13.031,19.371,371,94.984
-12.691,16.664,377,89.087
-15.841,15.551,388,108.23
-17.484,15.143,389,107.78
-18.735,20.791,376,111.04
-14.033,15.999,385,110.72
-18.534,15.844,425,128.45
-13.42,17.279,377,85.267
-15.367,14.451,410,147.18
-15.722,16.286,390,102.42
-12.568,16.139,404,119.21
-14.421,15.072,429,133.26
-14.26,13.326,411,126.48
-17.05,12.468,419,108.16
-17.314,11.763,408,113.08
-15.981,10.325,413,114.12
-17.95,11.75,419,118.9
-18.021,10.058,440,140.19
-23.02,8.7779,393,89.343
-19.987,8.3138,422,127.54
-17.157,5.946,417,117.87
-20.038,6.0622,444,131.75
-21.734,5.2949,420,123.81
-23.505,5.6454,429,140.14
-23.432,9.5861,386,91.444
-23.255,6.7418,389,115.7
-24.281,4.4324,388,112.52
-25.914,6.0744,398,117.89
-22.412,5.842,440,161.79
-25.28,5.9659,399,108.17
-23.687,7.4222,402,113.48
-20.736,7.3374,413,114.2
-22.075,6.151,451,169.11
-21.444,8.875,402,122.99
-20.349,9.3112,407,107.85
-19.045,10.166,426,113.27
-21.12,8.9021,403,126.78
-21.33,7.9887,418,123
-22.929,5.0815,402,117.4
-23.448,6.8575,416,116.25
-22.809,5.9746,407,114.51
-23.583,4.956,416,129.66
-22.215,5.0201,447,155.26
-22.452,4.4657,435,130.18
-19.227,4.8203,428,137
-24.017,4.1264,428,130.97
-25.817,6.1065,408,116.34
-25.578,5.7208,402,116.26
-25.857,4.2494,403,100.25
-26.189,3.5883,411,129.58
-24.707,2.3434,455,159.97
-26.925,-0.20988,418,140.35
-25.162,0.75832,406,105.93
-26.854,-0.099829,418,141.14
-25.786,0.62334,401,113.91
-24.992,-0.14496,430,131.26
-27.11,1.1765,404,108.19
-24.847,3.3396,406,114.31
-28.196,-0.28987,412,125.04
-27.075,0.67073,401,116.14
-24.961,1.0312,439,164.13
-27.767,1.991,423,146.81
-24.578,1.0312,435,149.28
-26.396,-0.45835,431,154.48
-24.452,1.6217,428,127.34
-26.732,0.52747,411,129.64
-24.892,0.37884,438,148.31
-27.101,-0.73127,387,124.06
-27.576,-2.2653,394,105.95
-29.671,-1.585,405,116.28
-27.34,1.026,432,181.63
-26.419,0.67067,383,95.893
-27.531,-1.065,388,96.307
-25.358,2.1767,414,128.71
-26.465,-0.31871,423,152.07
-29.654,-1.6637,403,108.94
-27.821,-0.96195,392,107.99
-28.702,-4.471,441,138.58
-28.605,-0.81603,389,105.5
-27.613,-1.3655,384,93.396
-28.615,-2.6846,400,114.56
-30.376,-3.8147,420,117.28
-29.749,-3.9118,416,124.3
-29.544,-3.3845,406,136.19
-29.583,-5.1229,425,122.19
-29.534,-2.4423,404,125.43
-30.297,-1.5603,402,117.76
-28.501,-1.8912,399,127.66
-30.196,-1.6408,413,117.39
-28.838,-2.3268,401,114.36
-30.692,-3.0412,415,114.84
-33.332,-5.3821,412,128.71
-37.12,-4.6081,404,117.75
-33.961,-4.1533,392,111.47
-33.017,-5.5262,414,141.15
-33.16,-2.7486,412,145.57
-32.641,0.52122,405,124.77
-31.514,-0.2093,387,106.88
-31.032,-1.289,389,111.27
-31.7,-2.1454,391,110.32
-31.57,-1.1165,388,104.43
-32.697,-3.8937,402,128.25
-33.075,-4.1395,387,105.94
-33.097,-3.4544,396,118.22
-31.813,-1.4116,406,142.36
-34.066,-5.0447,383,97.407
-36.356,-2.5215,404,120.41
-35.382,-1.4565,401,120.1
-34.901,-4.7975,398,116.63
-36.415,-4.9064,412,119.17
-36.085,-5.326,413,116.84
-39.681,-10.169,418,117.41
-39.881,-10.605,423,130.93
-37.504,-7.6373,395,99.623
-38.523,-7.1,410,118.66
-37.477,-7.85,395,98.614
-37.4,-8.7197,384,94.851
-38.119,-8.5075,389,99.929
-39.134,-9.3024,422,121.23
-39.174,-9.6661,412,119.62
-39.119,-8.529,420,146.19
-36.204,-8.8656,387,101.82
-37.96,-7.2581,390,91.692
-38.444,-6.2069,394,124.3
-36.224,-5.4269,405,99.077
-34.482,-5.6638,385,92.825
-27.658,-4.0703,402,125.54
-27.704,-2.5188,401,129.65
-28.462,-3.7421,440,148.62
-31.388,-5.2394,403,106.41
-31.477,-2.1016,407,112.8
-33.832,-1.1761,415,124.68
-30.911,-2.883,479,177.03
-30.849,-2.1055,484,166.92
-30.559,-5.3405,478,177.81
-30.83,-7.2619,468,147.46
-29.503,-6.7385,512,209.03
-30.338,-4.2475,526,204.79
-30.012,-4.6752,526,194.9
-30.805,-4.4034,526,194.14
-32.559,-1.8492,473,140.91
-32.181,-2.8128,569,211.54
-30.408,-2.0888,530,168.71
-28.705,-0.81027,531,175.57
-32.451,-0.76231,453,141.91
-28.545,0.54886,487,141.34
-28.475,-2.487,515,167.09
-28.164,-4.746,535,179.27
-30.576,-3.0389,466,152.79
-30.119,-3.5085,501,184.11
-28.321,-6.2544,536,195.72
-28.611,-6.9203,529,216.99
-26.709,-5.3605,495,166.93
-25.898,-5.6923,505,180.75
-26.1,-7.2232,488,146.35
-27.113,-5.0651,500,197.97
-28.552,-4.7709,511,217.44
-26.833,-4.5289,513,174.61
-25.396,-4.9382,502,170.24
-25.481,-7.2528,475,155.19
-26.882,-6.5168,487,158.96
-27.055,-4.8047,468,146.35
-25.196,-6.0356,507,190.45
-25.016,-4.8388,460,156.32
-24.312,-5.604,491,173.34
-26.109,-2.5715,474,147.38
-25.204,-3.8778,448,132.53
-26.4,-6.9863,416,132.97
-26.196,-7.1634,466,181.94
-28.21,-10.62,457,195.88
-30.267,-15.508,392,111.11
