0,-0,140,48.902
0.44023,0.65695,152,58.082
1.7905,0.5119,168,55.088
4.0301,0.84317,161,53.847
6.0972,-0.24912,163,63.698
7.2628,-2.335,163,56.287
8.0361,-3.5798,162,52.078
6.987,-4.508,170,51.416
5.2122,-7.2012,155,52.441
5.438,-9.7456,164,52.549
4.8295,-11.947,153,51.416
5.3194,-14.114,147,58.38
6.4023,-15.466,127,47.612
7.2717,-18.044,104,45.164
4.6179,-19.544,104,37.009
3.2077,-20.629,121,40.648
2.6259,-20.743,109,53.021
1.7875,-19.366,112,50.209
1.0283,-19.012,141,49.646
2.4192,-19.469,129,44.593
2.5146,-18.644,115,41.128
1.3838,-18.453,133,41.574
-0.045022,-17.739,132,53.236
-1.5494,-17.432,142,49.638
0.11407,-19.701,132,47.959
2.3313,-20.779,130,49.919
2.6889,-23.751,125,48.976
2.8743,-25.471,135,50.953
3.5544,-24.817,130,52.359
5.2055,-21.994,127,51.507
6.1814,-22.211,122,46.917
7.7543,-20.339,109,45.238
9.5791,-17.73,116,41.219
8.4561,-14.524,136,40.623
9.1272,-11.999,134,49.183
10.906,-10.889,138,50.035
11.434,-11.768,145,67.097
12.477,-14.391,153,53.748
11.768,-17.563,138,47.405
11.703,-22.091,131,49.067
11.854,-25.818,115,48.124
11.902,-30.997,132,52.367
11.815,-36.683,230,61.067
10.91,-37.826,279,69.321
11.123,-37.805,268,66.6
9.9607,-37.875,311,80.874
11.558,-41.129,324,83.595
12.023,-45.056,331,81.436
11.197,-49.249,319,74.506
11.926,-52.599,313,72.125
13.661,-55.452,313,72.795
14.431,-59.857,308,70.115
16.358,-64.434,307,70.222
17.952,-70.146,321,74.043
20.079,-74.246,324,70.801
22.05,-76.929,331,71.578
23.549,-76.621,313,65.839
26.634,-78.062,326,69.71
28.305,-79.505,346,73.704
32.275,-80.936,323,65.326
35.308,-79.234,355,75.383
38.568,-79.244,311,66.939
39.535,-80.395,321,64.88
40.626,-83.163,322,67.179
41.74,-86.845,324,68.56
42.7,-90.258,304,63.532
41.053,-91.092,266,59.942
38.082,-92.359,225,53.591
35.611,-94.106,199,52.657
33.28,-94.554,160,45.329
31.971,-93.899,136,39.399
31.438,-93.306,110,35.107
30.959,-92.184,89,33.056
30.868,-90.929,80,30.823
28.629,-90.088,88,32.394
27.039,-89.623,108,37.952
24.685,-89.55,117,42.029
23.45,-88.941,118,41.665
22.29,-88.491,128,44.659
21.093,-88.748,130,44.775
20.284,-87.868,127,43.005
20.542,-87.423,133,41.822
20.679,-86.814,140,43.162
20.529,-86.086,140,43.369
20.622,-86.791,151,47.223
22.347,-87.846,161,53.376
22.975,-89.971,171,50.936
21.035,-90.83,165,48.555
20.184,-91.327,162,48.53
20.092,-91.265,162,48.24
20.226,-91.825,150,47.149
19.859,-91.636,142,44.122
21.763,-92.014,152,46.371
23.9,-92.732,150,48.348
26.629,-93.964,154,47.496
26.63,-93.135,160,48.439
26.397,-94.573,161,46.454
27.6,-95.286,158,46.826
27.326,-96.364,162,48.397
26.103,-97.212,163,48.306
25.373,-96.944,158,48.033
24.701,-97.579,161,47.57
23.788,-96.666,156,49.712
23.213,-96.679,159,52.177
22.926,-96.599,164,51.027
22.777,-96.223,167,47.678
23.11,-95.93,171,48.629
23.982,-93.272,177,50.291
26.258,-91.636,166,50.68
27.406,-91.08,167,52.317
28.613,-91.016,166,52.243
30.186,-90.769,155,48.794
31.231,-93.195,151,48.331
32.125,-95.723,159,48.306
31.07,-97.582,156,48.149
30.258,-98.444,162,46.917
29.748,-98.471,159,45.792
30.339,-97.93,159,50.109
32.9,-97.925,162,49.803
36.082,-97.621,157,49.274
38.385,-95.01,148,47.57
41.609,-93.391,146,46.528
45.197,-91.998,147,48.331
47.444,-89.561,153,48.397
48.628,-86.892,159,47.545
49.403,-85.337,161,48.05
50.537,-86.299,158,51.896
50.69,-87.406,165,53.591
50.176,-87.3,169,47.579
50.448,-87.738,169,49.282
51.326,-86.792,159,46.735
50.763,-87.137,170,50.2
50.234,-87.506,174,50.68
50.47,-86.864,178,48.794
49.24,-87.537,198,51.515
48.807,-85.983,210,54.815
49.12,-85.523,212,56.287
49.41,-85.353,206,56.949
49.297,-85.075,217,55.559
48.921,-84.931,222,56.378
48.484,-85.665,220,55.071
48.036,-87.707,211,54.12
47.978,-88.171,203,54.691
49.581,-88.767,204,52.648
49.176,-88.799,208,53.756
48.864,-87.071,209,53.996
47.03,-83.857,213,55.518
45.151,-80.778,202,55.253
41.44,-77.379,210,57.726
38.397,-74.148,213,56.469
36.257,-71.15,212,58.892
35.08,-68.125,206,57.883
35.143,-66.785,206,52.805
36.914,-68.472,203,52.863
40.099,-70.505,208,54.625
42.825,-69.772,203,54.856
45.621,-68.737,207,55.617
45.452,-67.606,220,58.313
43.647,-65.51,220,59.198
42.68,-63.027,224,59.281
43.099,-60.154,227,58.851
44.799,-57.969,227,56.676
47.887,-56.529,227,58.181
51.556,-56.085,229,59.016
54.508,-56.814,229,57.205
56.138,-57.661,228,56.866
57.948,-58.923,225,56.593
60.145,-60.692,230,57.023
62.753,-63.364,229,56.841
64.454,-66.079,230,57.718
65.846,-69.094,231,57.205
67.398,-71.864,232,58.454
69.144,-74.756,231,58.545
70.269,-78.355,232,56.767
71.098,-81.548,229,56.179
72.218,-83.813,231,54.509
73.833,-86.462,231,56.957
74.41,-89.271,228,57.238
75.394,-92.73,232,56.634
75.211,-95.871,234,59.926
75.177,-99.048,233,56.171
75.27,-102.27,231,57.412
74.751,-105.2,227,56.279
73.439,-106.92,231,55.526
71.342,-108.67,235,56.378
68.458,-110.65,230,56.676
65.808,-112.03,233,55.245
62.072,-113.41,227,56.949
58.28,-113.7,230,54.989
55.365,-114.52,226,56.32
52.945,-114.85,228,55.923
50.548,-116.15,225,56.122
51.322,-118.73,228,54.352
52.549,-122.33,223,54.997
54.853,-125.57,228,55.551
57.646,-129.44,228,55.179
60.063,-133.33,229,54.418
62.988,-135.58,228,54.6
64.795,-138.42,227,54.898
66.614,-142.08,227,53.219
68.598,-146.22,223,54.798
71.15,-149.1,217,52.35
72.984,-152.11,220,53.649
75.599,-154.66,221,55.452
78.94,-157.27,225,54.873
81.383,-160.06,228,54.765
84.559,-163.47,226,55.807
86.763,-165.24,226,54.575
89.181,-166.99,229,57.23
91.323,-169.52,227,56.171
93.347,-173.04,223,54.368
95.235,-175.95,223,56.006
97.581,-178.13,216,52.59
99.701,-180.58,209,53.657
99.616,-183.19,215,54.302
99.059,-185.1,212,54.467
99.745,-186.7,222,57.784
100.2,-188.14,219,54.765
100.81,-189.29,224,54.277
102.54,-191.13,223,54.277
105.73,-193.09,221,53.078
109.15,-196.14,217,54.186
112.07,-198.76,221,54.848
113.8,-200.86,220,56.13
115.99,-202.71,220,54.947
117.32,-204.08,213,53.268
119.13,-206.64,218,54.368
120.69,-209.63,209,53.07
121.88,-212.53,205,51.482
122.69,-216.3,188,50.456
123.95,-220.08,175,48.579
125.74,-224.13,180,48.926
127.32,-227.64,177,50.357
129.16,-230.27,188,51.391
130.79,-233.2,189,51.283
132.02,-235.73,201,51.192
133.25,-239.17,198,50.754
134.82,-242.59,207,52.177
135.97,-246.01,209,52.069
137.95,-248.21,208,52.35
139.46,-251.12,195,48.769
141.86,-252.98,164,45.742
144.25,-254.41,118,40.598
145.86,-255.27,83,35.545
147.01,-255.28,82,36.67
148.13,-255.18,82,35.727
149.1,-255.04,88,36.968
149.52,-254.87,91,35.082
149.95,-254.78,98,36.852
149.29,-254.82,95,36.488
150.16,-254.68,99,36.678
151.01,-254.21,110,37.05
151.05,-254.15,110,36.587
151.59,-253.73,123,39.167
151.88,-253.54,128,41.334
152.16,-253.3,135,41.152
152.57,-253,142,42.252
151.14,-253.74,124,40.896
150.94,-254.11,111,37.232
152.4,-253.06,139,42.095
152.64,-252.68,152,44.245
152.82,-252.28,164,46.685
152.28,-252.98,144,41.888
150.61,-254.17,109,37.207
149.36,-254.87,91,35.934
146.71,-255.36,75,35.082
145.2,-255.4,73,33.494
146.08,-255.45,71,34.809
149.13,-255.07,87,36.116
150.54,-254.24,106,37.414
152.67,-253.01,144,42.806
153.79,-251.97,179,46.9
154.29,-250.86,209,51.995
154.13,-250.37,216,52.359
153.96,-249.2,216,52.64
153.63,-249.07,218,52.094
153.71,-249.14,216,52.367
153.18,-248.38,219,53.765
153.6,-249.51,216,52.086
153.84,-250.25,213,51.987
153.33,-248.34,219,53.029
153.02,-247.33,218,51.788
152.77,-247,219,54.137
153.19,-249.18,217,52.64
153.38,-250.98,202,50.473
152.93,-252.02,175,47.355
151.13,-253.79,119,38.274
148.43,-255.14,84,34.222
145.29,-255.42,74,33.403
145.02,-255.53,72,34.9
145.46,-255.54,70,33.213
145.03,-255.47,73,34.718
145.03,-255.47,73,34.718
144.56,-255.61,70,32.725
143.82,-255.56,74,35.363
143.58,-255.48,79,36.951
145.96,-255.52,71,34.627
147.81,-255.22,80,35.818
150.32,-254.6,96,34.321
148.85,-255.09,86,34.875
150.92,-254.45,103,36.215
152.62,-253,141,42.07
152.69,-252.42,157,44.055
150.65,-254.12,110,38.82
147.73,-255.39,72,33.403
144.61,-255.63,66,32.179
142.98,-255.94,61,33.122
143.45,-259.01,198,49.894
145.97,-262.74,202,49.712
148.1,-266.99,201,50.357
151.09,-270.36,195,49.505
153.04,-274.13,202,49.852
155.8,-276.76,198,50.39
158.2,-279.59,195,51.325
159.85,-282.25,195,49.712
161.82,-284.3,195,49.323
163.24,-287.01,195,48.951
164.99,-290.1,196,48.794
167.13,-292.86,190,50.572
169.06,-295.94,194,49.828
170.49,-297.96,190,47.686
172.35,-300.09,186,50.225
174.53,-302.57,180,48.422
176.4,-305.1,186,47.959
177.54,-307.55,183,50.407
179,-310.37,173,46.925
180.8,-313.52,169,48.414
182.03,-316.22,174,49.729
182.81,-318.09,158,46.255
184.22,-320.77,129,60.439
185.77,-323.33,125,60.224
187.52,-324.92,71,56.122
189.46,-326,53,43.278
191.11,-330.81,182,48.513
192.81,-332.27,172,47.934
194.19,-334.14,157,47.289
195.67,-336.35,134,50.746
197.06,-337.68,103,53.608
198.92,-340.63,154,54.633
200.22,-343.13,127,57.693
202.74,-345.58,188,48.885
204.57,-347.66,182,47.769
206,-349.85,159,48.976
207.33,-350.85,125,50.771
209.52,-353.46,158,48.232
210.06,-355.83,116,46.437
211.99,-358.15,156,58.065
212.93,-360.85,130,65.319
214.69,-364.57,156,56.279
215.47,-366.84,121,60.158
215.47,-366.84,121,60.158
