0,-0,112,39.515
1.8136,-0.72573,135,54.137
4.596,0.43252,165,73.539
4.9926,-0.32927,115,48.976
9.8202,-0.073004,408,98.821
12.621,3.3234,409,95.678
16.242,5.5389,437,110.08
19.169,6.3944,466,123.88
20.984,8.0172,473,115.22
23.45,9.5715,484,127.68
23.126,8.549,454,120.25
19.853,6.4634,437,112.05
18.774,5.6387,436,110.52
18.979,6.2958,450,127.3
17.497,5.7427,414,129.5
18.419,5.7911,422,152.24
17.759,5.1079,427,141.55
18.359,5.4944,438,144.98
18.714,5.8172,466,140.72
18.986,5.8551,480,143.84
18.433,5.5515,509,151.78
20.062,7.5028,609,123.28
15.014,4.6269,462,145.68
13.978,4.1455,466,119.44
13.382,5.5457,455,113.33
13.853,5.5577,458,106.63
15.556,4.098,487,109.41
18.532,3.4515,494,107.28
20.733,2.9774,535,113.92
21.416,2.9175,527,108.88
19.833,3.0543,519,105.78
19.384,4.1419,504,97.63
19.99,2.4266,521,104.54
21.301,1.5059,542,122.64
22.087,-0.028528,533,121.69
22.304,-2.4063,510,111.38
21.673,-1.8156,515,121.94
19.914,-2.2598,519,118.23
19.993,-4.1682,512,118.78
21.571,-4.5033,480,123.83
23.423,-4.4662,462,117.16
23.307,-2.7759,468,108.81
22.142,-0.77736,500,109.99
21.309,0.30347,510,101.06
22.353,2.2072,523,112.51
25.343,3.4241,585,112.65
27.8,6.6993,582,121.12
29.569,8.87,567,108.31
33.417,14.536,614,112.24
34.117,15.576,599,119.44
36.241,17.56,603,106.42
37.512,18.581,561,109.48
39.658,22.268,583,113
42.398,27.108,570,108.87
44.756,31.045,572,109.73
48.004,35.568,571,112.16
54.212,38.571,564,104.54
53.228,45.445,570,106.5
52.424,49.531,553,103.35
54.369,55.947,543,102.26
54.24,56.962,507,91.717
53.658,55.186,475,92.908
55.041,51.384,466,91.187
57.415,47.943,453,94.95
58.519,47.24,467,116.59
58.742,47.455,478,111.18
58.812,47.48,498,111.26
58.739,48.71,529,99.02
58.603,48.515,544,94.909
58.472,50.14,569,96.265
58.675,50.598,604,113.43
59.043,50.315,602,114.46
58.482,50.507,604,125.19
58.129,48.815,593,130.88
58.489,48.44,589,139
58.669,49.654,606,118.93
58.791,50.445,585,105.84
59.808,51.107,590,99.127
61.381,51.826,603,110.18
62.999,52.828,632,118.02
61.079,52.234,643,106.65
58.755,52.239,623,104.4
59.685,54.073,601,105.26
62.596,53.622,631,102.1
63.043,52.264,610,102.08
60.964,49.916,622,98.457
59.1,47.934,630,105.2
59.795,47.349,630,106.46
61.35,46.488,627,105.03
61.415,44.842,652,106.42
61.096,40.476,688,110.09
61.069,35.999,651,99.151
61.781,33.014,644,104.25
63.464,32.645,688,127.48
64.709,29.95,664,129.54
67.168,24.206,652,148.79
68.543,23.163,649,114
72.012,24.141,675,114.1
73.58,25.74,636,111.76
74.546,28.492,610,101.62
75.806,29.97,587,106.99
74.981,32.479,598,105.84
74.116,35.266,601,102.19
72.916,39.278,600,98.531
72.096,44.141,601,99.011
70.7,47.325,614,101.06
70.486,47.939,634,102.47
72.768,47.677,606,106.04
74.074,46.121,578,103.29
77.73,43.341,583,98.176
80.782,39.738,593,105.46
82.89,35.445,569,108.38
86.76,32.81,585,109.14
88.613,32.089,541,89.724
87.977,34.537,479,82.876
88.878,34.928,482,92.288
88.324,34.354,485,95
88.203,34.129,476,104.16
88.586,33.731,484,96.779
88.168,34.152,514,110.29
88.025,33.705,516,107.59
87.64,33.978,511,111.22
87.184,34.806,515,101.24
86.49,35.667,529,139.14
85.999,37.385,506,143.93
85.295,35.753,518,123.62
86.028,34.349,545,115.58
85.188,33.481,550,116.73
84.08,34.805,539,126.48
83.552,35.623,519,103.52
82.793,35.772,579,105.21
82.868,33.738,601,96.298
84.328,32.498,604,98.821
83.89,30.919,607,98.267
82.392,28.234,651,108.28
81.848,28.696,696,109.89
79.225,26.878,709,107.82
81.422,24.234,718,109.19
83.06,22.474,701,108.91
82.943,20.17,694,119.37
84.654,16.5,688,121.1
86.685,15.217,672,111.42
89.11,14.081,668,109.46
91.639,10.735,642,102.48
94.432,7.4794,628,104.84
97.616,4.6402,633,102.34
102.18,3.4403,647,105.63
104.11,2.3221,656,116.99
105.04,-0.43706,656,125.17
104.2,-5.3423,659,126.49
106.88,-8.9678,641,114.54
108.31,-5.6705,660,111.75
106.73,-5.8451,671,107.7
102.47,-4.9369,649,118.47
97.616,-0.60753,667,109.29
91.982,4.2888,680,122.35
87.673,8.6902,646,114.67
85.681,13.476,633,110.18
87.064,13.14,587,110.7
84.948,13.473,555,92.709
83.09,14.485,572,93.685
83.32,13.843,565,131.31
83.795,15.596,579,131.45
84.102,16.538,596,207.22
84.01,19.001,612,178.32
86.451,15.291,540,230.47
87.103,12.785,481,138.87
88.561,14.947,502,172.39
84.864,14.89,529,238.81
82.037,13.936,536,189.58
83.668,14.609,535,197.99
88.585,15.462,527,160.09
89.386,12.987,539,129.49
90.58,11.263,550,134.36
91.626,12.183,558,121.41
90.459,14.145,600,107.89
86.357,17.237,677,145.27
83.838,18.579,691,124.38
81.562,19.971,675,109.21
80.054,22.144,667,113.14
79.647,24.142,687,106.69
77.822,24.558,721,123.46
78.605,24.018,738,118.02
77.765,26.568,745,114.38
76.049,28.82,720,117.91
75.24,28.49,739,118.59
75.61,27.903,704,112.38
77.739,26.174,740,118.77
81.218,23.494,719,126.38
85.318,19.315,729,111.23
90.15,19.171,728,114.91
92.696,18.043,673,114.79
93.885,18.244,656,117.96
90.137,21.443,676,115.4
87.474,24.534,688,118.34
86.182,26.544,669,106.22
87.496,29.799,676,117.1
89.846,32.811,667,113.56
93.842,35.157,692,118.93
97.73,36.804,677,118.13
103.45,36.869,668,120.25
108.8,36.576,630,97.489
112.41,34.538,647,105.31
115.36,29.143,628,95.248
116.46,23.205,637,110.56
115.14,17.153,620,97.373
115.35,10.34,613,99.168
114.08,3.3836,593,95.736
109.82,-0.27072,612,101.5
106.85,-3.8653,622,107.43
104.08,-11.083,617,105.18
105.18,-14.674,672,115.96
102.93,-20.982,650,110.03
99.21,-25.682,648,119.24
98.309,-29.749,614,100.67
98.665,-32.532,602,103.76
99.766,-32.521,608,103.61
103.26,-28.162,606,98.482
106.69,-22.21,600,93.189
111.41,-19.444,577,94.305
115.63,-15.896,559,89.55
119.87,-13.648,588,101.81
126.73,-12.249,596,94.47
132.06,-13.469,590,99.698
138.8,-13.692,554,97.572
143.63,-18.448,579,101.73
150.97,-19.506,605,106.96
158.48,-18.514,644,113.4
164.16,-18.256,633,111.09
170.5,-19.142,617,103.68
172.12,-16.541,610,107.34
169.01,-11.83,612,102.49
171.48,-6.4884,636,112.11
174.01,-2.2214,624,109.22
168.77,-0.9502,582,98.945
166.03,-1.2881,538,90.939
165.89,-1.0005,487,80.742
165.49,-0.39457,510,89.905
166.53,-0.44086,552,91.567
166.85,-0.72026,604,107.35
167.15,-1.076,663,112.24
167.4,-1.4355,706,125.61
168.09,-0.76227,694,149.61
166.61,-2.6415,736,122.98
165.22,-3.8979,696,153.47
164.95,-3.7217,719,125.89
166.83,-2.3278,725,124.11
168.27,-1.9881,734,119.28
170.26,-2.3914,711,121.89
169.98,-4.497,709,122.42
168.65,-6.6599,687,165
169.54,-9.153,668,118.89
172.72,-9.8661,661,121.79
172.98,-8.2189,664,107.79
170.8,-5.3805,661,104.34
168.53,-3.7612,649,98.597
166.03,-3.6152,632,101.93
163.26,-2.3161,621,107.87
161.79,-3.2191,618,94.264
162.7,-0.34096,625,100.81
162.25,0.71649,643,102.59
161.98,-1.2998,630,103.06
163.03,-0.82349,637,95.984
164.07,-0.42954,639,104.45
165.09,1.3089,647,97.233
164.75,4.283,642,103.15
164.03,7.3313,628,95.38
162.33,9.0795,659,100.12
161.87,11.165,656,96.158
163.78,10.938,694,112.25
166.65,7.6536,711,111.28
166.58,6.4372,703,106.41
164.35,5.4642,696,101.84
161.03,4.5709,686,104.73
158.96,3.7782,683,105.87
163.95,4.5416,660,111.31
164.67,4.9847,617,95.959
164.9,4.2665,604,97.588
162.21,5.3997,614,96.762
160.89,10.633,610,97.713
159.89,14.368,603,95.165
159.86,16.895,629,97.241
158.69,19.212,641,103.78
158.05,18,649,98.805
158.52,17.799,632,98.093
161.26,15.453,647,108.12
162.26,11.159,654,106.3
162.3,9.8558,630,100.43
161.15,9.2418,629,103.69
159.65,12.109,638,113.1
157.23,14.892,650,105.37
154.38,16.882,627,96.406
152.72,20.225,614,99.466
151.99,21.295,610,112.78
151.6,21.821,612,106.6
151.39,18.576,613,99.044
153.38,14.535,610,104.35
153.32,9.2061,607,96.166
152.89,0.33885,639,106.22
148.64,-8.2737,644,108.77
149.81,-14.539,660,123.87
146.08,-20.004,600,102.19
141.96,-20.44,580,95.901
136.06,-21.933,588,100.04
132,-18.6,574,90.41
127.9,-14.863,641,105.62
125.04,-11.742,587,96.489
120.93,-5.6523,551,101.67
119.27,-0.17694,519,92.188
121.15,3.659,389,93.438
122.5,4.6623,204,63.822
122.17,4.1039,152,49.042
119.56,5.9373,149,46.784
119.1,8.051,157,48.926
120.14,10.078,179,58.255
120.18,9.9907,241,63.581
120.18,10.06,265,62.679
120.79,11.208,227,55.567
122.53,10.038,157,45.486
123.78,8.6926,125,43.386
122.85,6.9018,112,38.043
123.21,7.6653,116,36.562
122.39,6.9286,112,40.069
120.99,6.3604,114,39.631
119.66,6.2126,125,47.306
119.53,6.0446,125,41.293
119.24,5.9469,133,44.221
118.6,6.4418,141,47.686
118.82,6.4153,143,50.01
118.63,5.8419,148,51.978
118.84,5.9188,143,51.796
119.74,5.5518,140,54.327
119.92,6.1221,142,51.49
119.28,5.4742,149,51.606
119.58,6.1608,155,51.118
119.59,5.105,149,48.099
119.57,5.2337,164,49.712
119.59,5.9608,167,53.268
119.58,6.5049,176,51.606
119.73,6.0605,189,56.196
119.02,8.7946,196,54.467
118.46,9.8967,223,65.566
118.08,10.178,269,71.537
116.47,10.151,349,80.089
113.36,10.399,401,90.609
111.65,8.3609,449,93.586
114.05,6.4046,475,85.059
114.98,6.5266,500,93.966
109.4,7.7609,511,87.871
110.32,5.6331,503,87.06
115.71,8.5133,510,89.293
120.88,9.2172,539,94.313
124.16,5.7113,516,92.081
120.26,2.7927,516,97.944
114.56,5.9985,520,86.622
109.44,9.0163,529,95.191
104.16,13.653,546,96.886
99.344,14.399,551,101.17
105.22,14.528,561,101.06
110.41,15.761,542,95.248
105.08,15.499,557,102.66
97.779,15.444,569,101.28
91.361,14.543,576,102.7
89.869,13.999,553,91.882
96.822,15.133,546,88.715
103.55,16.37,541,89.641
105.56,19.845,587,111.12
105.35,25.121,580,96.588
112.26,27.625,593,100.01
116.8,31.812,572,101.66
120.25,29.574,576,97.605
123.4,28.64,574,104.31
125.5,34.44,562,98.648
127.45,37.938,553,92.403
128.01,40.683,544,91.791
120.67,38.87,543,91.403
114.59,38.463,552,97.481
106.39,39.171,586,100.98
102.94,37.753,597,111.66
109.89,34.463,610,101.29
113.7,31.224,601,101.37
111.51,33.345,609,101.63
104.66,36.842,597,100.77
105.73,34.029,580,102.96
112.71,31.461,571,92.883
114.09,26.997,572,97.506
118.51,29.065,576,95.041
123.84,29.597,538,93.686
129.45,31.005,561,96.381
135.85,32.714,578,101.71
143.31,28.263,590,104.07
148.01,27.796,631,112.37
148.73,25.78,611,92.37
146.95,19.478,596,92.495
150.82,18.265,573,94.702
149.13,25.484,553,92.197
145.61,29.108,599,91.783
139.58,36.014,615,99.292
133.7,41.293,616,92.419
134.47,46.319,591,92.519
133.39,50.683,614,96.017
134.18,55.2,579,92.47
136.17,49.776,524,84.67
133.74,48.963,526,89.856
135.02,48.928,558,89.939
135.33,48.671,610,99.466
135.21,47.436,685,114.09
135.4,46.677,694,136.24
135.12,45.214,683,187.28
134.12,46.388,694,166.65
135.45,45.302,675,177.98
134.99,45.618,644,217.37
133.19,45.266,697,153.86
135.69,45.357,662,166.26
134.75,44.527,645,159.28
132.54,44.553,678,210.99
131.81,43.232,717,171.18
131.05,44.252,763,169.78
131.41,46.452,759,164.72
130.78,46.013,751,154.69
129.55,44.61,738,155.03
127.7,40.279,597,172.36
129.95,43.788,709,171.96
128.74,46.082,692,206.68
125.14,44.987,575,169.66
123.83,44.818,561,125.43
127.9,48.566,691,135.1
126.19,48.683,688,195.33
122.66,47.652,616,114
126.06,46.542,675,124.49
129.04,47.375,675,117.54
130.54,46.069,656,114.86
132.26,46.292,643,111.56
132.7,48.215,611,99.375
132.93,48.075,623,106.91
134.4,46.502,603,109.73
135.15,45.955,636,104.64
134.05,45.918,625,105.02
130.53,46.359,661,117.7
129.12,45.394,684,130.35
132.22,44.686,670,110.29
133.81,48.596,693,109.67
135.32,51.581,680,104.71
136.11,53.435,666,107.96
135.9,56.114,668,106.45
134.43,58.018,672,108.17
135.13,60.052,665,118.02
134.53,61.772,646,123.42
137.51,61.857,644,117.16
134.95,61.979,594,100.94
133.28,61.174,610,108.44
132.93,60.079,603,97.704
133.08,58.759,582,96.084
132.31,59.396,604,102.62
132.14,60.128,646,102.67
132.17,57.069,651,110.61
135.01,55.828,656,100.64
137.63,53.826,662,100.11
139.31,51.046,663,112.72
138.88,50.51,662,101.98
138.23,53.678,666,99.483
138.29,58.949,672,115.23
140.47,58.232,629,102.29
142.85,53.212,603,91.758
139.74,53.803,624,97.836
133.7,57.195,620,99.549
132.45,64.725,616,102.72
136.83,63.688,572,95.62
139.38,61.878,601,101.51
140.79,58.459,633,99.326
140.09,57.129,626,95.438
143.1,60.074,606,101.46
147.31,60.773,611,94.197
145.61,55.607,596,96.629
143.19,52.526,629,103.79
137.84,53.569,648,99.672
137.8,51.626,642,112.35
136.4,48.741,658,102.69
137.34,47.323,665,110.15
136.06,46.781,657,99.681
136.93,48.815,650,104.62
141.45,53.654,665,97.812
142.11,55.233,644,108.76
142.44,54.754,651,102.91
138.62,58.157,642,112.63
134.61,66.046,628,97.663
134.05,66.831,626,109.3
137.41,63.327,642,115.49
137.26,55.718,624,98.581
136.26,50.474,599,95.868
133.25,51.13,621,99.193
131.31,54.48,611,95.165
132.42,60.291,642,98.415
132.6,65.763,670,102.67
134.53,65.944,683,107.5
139.59,64.91,675,102.19
141.96,63.839,677,103.53
143.89,59.73,665,103.04
143.55,60.456,691,105.73
143.73,58.664,664,96.844
145.99,59.568,674,107.05
144.79,60.836,687,112.84
149.06,62.259,668,104.08
142.29,63.001,645,101.53
141.76,59.922,626,107.93
147.27,61.388,594,96.365
147.2,61.867,592,101.38
145.12,54.993,595,92.188
147.28,56.212,603,96.563
141.16,49.141,611,95.711
142.6,46.779,633,102.96
137.93,42.29,645,102.67
137.9,32.688,620,104.44
133.64,28.257,632,102.82
124.48,26.648,633,104.32
118.01,23.174,604,98.151
115.28,24.39,588,94.876
115.43,30.652,631,99.68
117.84,34.32,668,101.35
121.03,31.621,663,98.73
124.26,32.357,669,102.33
123.22,28.23,674,103.11
124.2,30.765,672,98.432
120.71,35.772,670,105.73
119.76,39.129,676,105.04
124.48,40.166,652,105.59
131.52,43.467,660,96.398
139.34,48.375,644,94.743
144.28,46.28,633,98.597
149.07,48.75,617,100.72
142.47,53.529,595,92.734
143.31,52.493,598,96.935
145.64,46.825,629,99.474
146.55,38.224,623,93.412
146.42,27.657,621,100.41
144.34,19.292,614,95.951
143.34,14.321,590,93.47
139.16,14.8,608,101.59
134.55,18.558,598,97.506
127.22,20.831,604,101.43
118.56,25.384,604,100.93
109.97,31.369,607,97.961
103.35,38.199,636,104.64
101.52,40.923,619,97.903
99.818,42.192,603,97.812
101.8,45.196,582,95.645
105.68,46.273,574,91.502
108.21,49.323,601,96.77
113.56,53.862,587,100.19
119.16,55.572,556,95.43
125.1,56.926,571,97.158
134.58,52.358,606,98.011
137.99,45.672,607,91.948
140.88,36.701,626,99.954
140.43,30.127,610,102.87
142.51,24.54,583,95.232
140.63,16.085,598,102.84
134.62,11.382,613,100.22
125.26,7.3834,620,100.87
118.5,4.6886,632,103.42
112.97,0.14232,604,100.67
110.89,-5.7147,615,98.233
110.36,-14.491,635,112.57
112.62,-25.151,640,108.09
117.16,-32.732,635,109.44
118.93,-37.15,595,99.235
121.38,-44.072,593,98.87
124.81,-51.738,581,90.434
130.95,-57.397,525,85.523
131.07,-58.618,546,90.335
133.59,-53.717,562,94.049
138.59,-56.497,532,91.436
138.03,-61.381,432,75.449
135.34,-59.982,407,77.922
135.62,-60.107,443,80.709
135.39,-60.366,489,83.761
135.28,-60.975,567,90.724
134.42,-59.378,620,103.63
133.5,-58.854,634,130.71
134.88,-58.478,633,129.57
135.02,-58.239,642,107.55
136.43,-58.084,637,128.42
137.85,-57.272,644,123
137.27,-57.869,662,104.6
136.09,-58.627,648,100.28
133.48,-58.917,645,101.33
131.95,-57.281,657,101.45
133.96,-55.185,632,99.515
136.26,-57.135,590,97.374
138.45,-59.623,554,88.946
137,-62.517,545,88.723
131.09,-59.798,583,90.749
126.67,-54.935,603,93.354
130.37,-55.629,600,94.62
136.53,-58.604,587,97.117
134.03,-61.224,544,86.465
127.98,-58.955,618,92.411
131.35,-57.683,616,98.746
136.61,-61.572,585,91.775
132.92,-62.822,598,96.001
132.55,-60.084,589,93.412
137.49,-58.1,595,90.675
138.66,-64.901,557,89.385
135.67,-63.674,615,95.538
135.67,-59.396,615,94.214
141.64,-59.776,586,89.343
136.47,-65.45,603,91.899
127.16,-59.92,620,93.429
133.29,-53.133,602,93.098
140.92,-58.375,610,100.14
138.79,-61.733,593,99.053
138.5,-61.73,618,95.066
138.17,-62.766,608,90.278
138.15,-63.409,608,100.62
135.98,-60.415,613,96.96
141.28,-59.908,614,97.398
135.51,-63.089,584,104.38
127.22,-64.005,621,97.208
127.79,-58.779,639,107.96
139.52,-55.853,605,91.411
141.73,-63.111,564,89.277
133.98,-66.744,633,101.09
130.17,-63.706,617,101.19
137.76,-59.023,604,96.017
145.45,-62.86,566,89.856
140.72,-67.646,575,89.343
128.45,-66.637,603,91.882
127.17,-59.512,639,105.21
127.35,-56.172,641,101.43
128.64,-60.329,613,95.736
127.2,-56.968,630,94.115
125.92,-59.457,646,95.223
124.44,-60.843,615,91.303
128.59,-52.877,615,92.461
129.81,-49.18,637,102.65
129.78,-48.131,616,94.388
130.16,-53.768,626,101.62
127.44,-56.838,645,99.325
127.17,-59.654,631,98.829
128.75,-57.333,643,100.09
129.41,-61.696,629,99.143
131.17,-59.435,646,101.41
126.83,-62.678,631,104.27
121.26,-64.307,629,103.14
119.67,-59.581,604,100.42
130.82,-60.29,595,102.86
131.92,-63.349,589,97.829
125.77,-58.548,574,89.377
120.72,-58.023,594,97.052
119.17,-59.31,570,93.305
121.09,-58.501,607,94.711
119.38,-57.385,605,93.569
122.76,-58.838,620,94.057
120.89,-57.02,603,94.686
120.43,-54.188,611,93.461
118.29,-48.495,648,102.09
116.09,-43.839,645,102.37
109.62,-37.766,649,98.779
99.133,-33.045,625,97.87
94.105,-35.653,595,97.829
97.319,-28.069,599,99.441
92.782,-18.399,590,97.506
87.498,-9.0247,606,94.958
85.412,-6.7373,610,100.12
79.745,3.6134,582,103
72.251,7.4294,616,102
65.718,10.072,590,91.278
65.597,12.119,568,100.33
60.702,12.119,562,90.642
52.11,6.8797,576,98.614
48.444,6.1139,549,91.733
50.746,-3.0081,569,95.224
54.606,-9.5022,576,88.218
53.188,-13.011,499,81.643
61.487,-12.479,542,92.445
61.086,-13.77,557,89.823
47.996,-14.723,554,95.091
44.569,-20.817,593,105.48
46.693,-14.323,631,109.22
55.178,-5.1662,607,104.26
67.491,0.44432,623,99.201
69.241,8.5685,628,93.478
79.041,15.354,610,91.526
87.76,21.778,619,102.6
100.4,27.223,627,100.83
106.54,26.646,625,98.755
98.462,21.084,605,97.531
91.713,17.186,608,95.414
89.819,13.91,602,96.852
82.937,8.6682,595,101.54
79.389,6.0335,631,97.39
71.786,-0.40227,631,99.838
67.951,-2.2599,637,98.656
66.223,-3.5885,627,96.398
68.317,-2.6156,627,96.787
71.607,-10.23,615,97.084
80.288,-11.166,575,94.942
86.987,-7.6738,618,100.07
90.515,-4.4965,595,103.63
97.47,-4.4396,603,98.4
102.72,-1.6242,622,110.25
108.32,-1.2509,626,100.39
118.32,2.9344,635,95.471
123.96,11.127,643,104.83
120.7,16.271,648,103.59
115.09,19.85,654,109.89
117.77,15.394,619,92.659
120.61,5.9515,623,95.703
125.14,-6.0099,642,101.23
124.83,-20.626,686,111.53
119.85,-33.27,684,102.69
117.86,-42.862,675,108.7
119.97,-49.527,654,112.52
121.7,-58.578,660,108.4
126.26,-67.325,617,100.43
129.01,-65.883,664,108.1
128.88,-56.328,654,102.38
135.19,-56.792,606,96.356
143.91,-58.378,589,92.61
148.33,-63.845,580,89.591
146.26,-64.69,561,88.417
149.32,-60.926,554,89.153
149.04,-67.652,534,85.969
139.33,-59.083,570,105.5
142.02,-56.723,555,96.745
151.14,-65.163,545,92.37
145.24,-60.029,533,86.448
141.47,-62.21,598,92.924
139.59,-68.595,618,97.671
138.6,-69.739,592,91.675
139.9,-64.692,623,96.298
143.11,-66.018,624,95.446
149.23,-65.425,615,96.034
148.49,-67.495,600,95.893
151.3,-68.326,556,85.332
143.02,-71.719,570,87.565
142.76,-67.275,604,95.719
146.77,-65.376,587,95.819
151.91,-63.858,567,91.692
150.07,-67.624,568,98.383
147.75,-67.621,572,94.628
148.35,-63.566,576,91.866
150.91,-62.212,581,91.187
152.27,-63.675,557,88.252
150.64,-68.189,552,91.038
144.99,-68.299,600,92.717
150.85,-63.062,591,97.705
153.57,-62.063,555,89.823
154.85,-65.81,536,85.663
143.91,-73.922,547,94.33
136.11,-73.023,594,100.41
138.32,-71.32,592,94.189
146.23,-64.213,567,92.362
153.48,-61.124,550,89.84
149.51,-69.905,536,89.567
144.83,-73.657,520,86.713
150.81,-65.504,538,95.736
151.49,-67.613,520,83.33
138.65,-74.156,543,91.394
125.93,-73.48,530,86.159
121.49,-76.117,520,92.842
117.15,-75.013,542,94.222
121.47,-72.122,523,85.82
117.13,-72.107,541,89.484
122.64,-75.815,506,82.785
127.59,-76.774,523,91.675
120.24,-76.856,514,85.249
120.4,-79.616,489,86.565
115.81,-69.321,522,90.121
118.51,-52.781,567,93.578
122.98,-41.198,597,99.003
125.61,-37.481,586,103.68
128.3,-50.525,586,103.05
114.16,-54.508,595,97.87
106.14,-48.32,589,98.366
118.13,-53.877,564,90.03
124.53,-61.245,576,102.12
126.07,-74.959,572,89.277
120.41,-84.841,569,90.766
115.1,-82.778,540,89.004
117.31,-65.87,572,94.463
111.85,-49.182,577,94.934
102.07,-35.738,594,105.7
90.181,-23.802,585,98.573
76.3,-14.123,596,104.84
63.666,-6.4818,625,108.89
59.904,4.4318,625,128.35
61.271,15.35,618,121.8
59.325,28.924,606,108.92
68.097,29.57,583,98.457
71.595,42.052,650,120.03
82.313,43.29,590,102.35
93.498,39.186,624,99.829
104.13,44.166,669,121.78
118.72,43.909,610,96.91
132.69,44.783,649,102.24
136.95,51.231,602,101.76
143.6,54.835,645,110.07
145.4,67.086,656,105.84
136.34,67.645,643,94.032
129.4,70.816,600,94.521
135.4,73.952,553,89.641
138.36,70.586,573,90.931
142.7,69.442,617,99.607
142.57,73.982,593,95.273
131.02,74.253,567,87.449
128.42,68.992,586,106.83
133.65,65.203,548,90.186
141.21,63.109,560,88.541
151.96,61.457,555,89.335
156.47,51.673,522,83.099
157.33,39.286,576,98.25
161.84,23.099,570,95.132
157.07,5.4416,597,102.39
161.49,-3.1293,644,116.6
160.64,-2.7682,625,100.72
145.16,-5.4072,613,105.2
130.27,-9.3825,604,99.673
129.34,-15.15,615,97.597
135.87,-2.3776,611,97.233
139.51,3.2207,568,90.84
152.1,2.9143,583,96.696
160.95,-7.7315,603,96.307
158.41,-20.152,586,92.99
151.68,-21.701,522,89.749
157.96,-21.86,493,81.197
156.69,-19.36,551,88.408
156.07,-19.446,630,97.82
155.61,-18.068,704,112.2
156.83,-17.272,723,134.83
157.85,-17.642,711,137.62
159.86,-16.243,715,153.84
161.08,-17.923,686,147.27
161.31,-19.264,713,137.96
162.78,-18.727,722,115.52
163.7,-15.86,712,119.2
165.31,-13.706,697,113.37
163.68,-15.017,684,107.45
160.31,-15.321,635,100.7
155.76,-14.741,645,110.73
150.53,-17.14,661,103.67
147.29,-21.064,680,115.34
142.2,-21.575,692,124.23
140.53,-18.419,696,111.8
149.96,-15.225,687,114.59
158.11,-14.432,694,99.763
157.8,-14.065,659,110.55
158.45,-11.039,683,112.51
153.82,-10.243,685,110.36
158.15,-15.077,688,112.29
162.63,-8.497,637,99.275
163.2,-1.895,646,107.93
159.57,-3.0074,653,109.35
159.42,-10.34,627,105.5
160.2,-20.486,626,94.611
165.31,-18.251,618,94.802
170.26,-15.396,644,98.531
176.34,-20.147,596,93.908
169.26,-19.065,620,107.03
162.4,-18.774,627,95.62
159.58,-18.682,619,101.94
152.89,-14.389,622,103.2
147.33,-13.08,648,110.45
148.24,-11.974,636,96.406
145.11,-9.0046,650,99.962
142.02,-13.563,671,114
135.85,-11.381,625,100.06
131.03,-4.6747,627,101.43
126.75,8.2823,606,100.09
122.2,15.979,627,113.55
111.92,19.386,591,95.174
113.35,11.504,605,94.024
105.09,9.6983,641,108.84
90.044,5.7253,645,95.521
79.444,5.1018,612,96.472
80.723,4.641,607,94.098
79.576,2.4227,619,93.453
79.603,2.6776,613,93.181
80.49,8.6049,614,94.14
81.781,13.425,615,99.83
86.101,15.3,623,101.58
88.073,22.316,649,98.863
90.662,34.07,619,101.54
94.136,40.595,641,95.802
110.04,45.663,661,101.12
124.94,44.288,669,107.54
130.45,41.841,610,95.198
113.74,41.896,624,99.433
98.974,40.501,666,102.67
88.21,37.594,666,108.65
76.992,31.75,686,106.59
62.332,26.688,671,106.88
50.056,17.093,662,101.43
38.235,6.2639,666,114.14
25.462,-3.8595,657,104.17
14.027,-2.5509,628,109.34
2.7988,-4.08,634,117.29
0.67153,3.4479,605,106.63
6.4572,2.1163,614,108.1
8.1966,-1.8868,598,109.99
0.58295,0.39701,613,119.91
-1.9236,4.3186,595,118.81
-0.25127,9.5742,625,117.64
-0.47123,8.4607,649,127.87
-0.14111,8.6992,579,105.5
-4.4807,2.5789,554,102.09
-7.8391,5.4216,565,96.654
-9.4197,10.929,494,96.861
-10.526,6.2496,488,98.986
-7.5265,2.8756,491,92.138
-8.4065,7.2946,520,92.569
-11.654,9.1384,480,95.471
-10.771,1.5446,504,93.561
-7.3401,-1.2653,471,90.237
-15.885,6.0844,528,97.828
-18.74,12.141,508,94.975
-17.462,14.172,448,89.525
-14.529,17.57,381,87.127
-12.511,9.9373,382,92.478
-10.872,12.082,266,69.346
-11.265,15.395,174,65.31
-10.628,17.904,164,61.729
-11.836,20.715,182,58.429
-12.138,19.77,182,56.659
-13.342,21.024,190,59.744
-14.519,20.88,206,64.706
-13.267,20.454,269,74.755
-13.674,15.875,295,75.789
-16.517,11.991,334,81.421
-15.997,9.5609,370,90.047
-13.894,10.785,396,84.1
-10.461,13.132,387,76.516
-7.7792,14.569,429,82.503
-8.9875,16.578,420,80.759
-7.2954,16.688,449,85.82
-1.5244,19.546,469,92.32
0.40832,16.177,492,96.075
-2.0432,18.045,480,95.711
-2.704,14.174,432,80.709
-4.9041,13.701,434,87.565
-1.9439,13.161,421,79.998
-1.4015,13.587,522,95.827
-1.6233,13.85,554,89.294
-0.59755,12.689,594,107.48
-0.57141,12.845,627,129.57
0.12722,12.155,596,133.42
0.093194,12.525,626,132.88
-0.30695,12.382,647,150.45
-0.5076,11.718,673,150.49
-0.095771,12.541,665,151.91
-0.39616,12.244,673,172.16
-0.96333,12.079,694,163.99
-1.714,13.219,664,141.06
-1.7284,13.437,632,137.44
0.50121,14.463,648,182.98
0.79122,13.455,631,150.82
0.34018,12.031,640,127.79
1.428,11.034,680,133.04
0.76408,9.4385,655,146.44
0.28633,9.5852,666,108.99
-0.93154,9.0646,653,107.9
-1.6177,7.4893,623,106.82
-2.3771,7.1747,569,91.799
-3.014,10.52,578,102.77
-2.3993,10.471,655,110.86
-1.8553,10.013,602,127.39
-1.078,8.995,604,128.94
-1.3288,9.019,623,155.24
-1.3368,8.6064,623,157.05
-1.6425,9.2427,606,196.96
-1.9552,7.8759,628,212.21
-2.7439,7.4758,610,181.73
-2.7386,6.9531,612,172.38
-2.2631,8.4914,629,155.26
-1.8931,10.442,639,198.56
-2.2898,10.131,662,166.39
-2.6664,10.602,676,138.95
-3.461,9.5273,690,167.9
-4.8143,7.8494,666,146.84
-6.1984,8.162,656,151.34
-5.8669,8.9122,642,115.39
-5.2942,9.6988,668,114.87
-5.6114,11.292,643,118.15
-7.6247,10.694,581,104.94
-8.6614,10.074,551,96.787
-7.9224,9.2084,568,97.878
-6.6599,6.7201,570,98.639
-3.4568,5.2575,653,106.76
-2.5053,4.6488,677,111.47
-1.446,4.8289,635,115.32
-3.8326,4.7023,628,118.61
-4.4981,7.5179,636,116.54
-3.7644,7.8795,654,107.06
-4.1123,11.264,657,104.13
-7.5581,14.278,621,99.458
-8.1508,9.7474,619,112.34
-9.5608,11.062,579,99.954
-10.295,13.848,614,103.53
-11.193,15.928,572,99.879
-8.3175,14.035,499,85.324
-7.7411,13.687,472,89.459
-7.0021,13.748,601,101.36
-4.8963,10.642,603,103.32
-8.673,7.1669,597,96.952
-6.7898,7.892,570,95.488
-8.1054,8.3329,607,103.99
-7.1896,11.097,626,102.11
-2.2524,15.238,583,94.322
-1.9767,10.335,599,102.3
0.45103,11.102,611,106.83
-4.2706,13.567,634,97.671
-7.6366,13.263,585,97.622
-2.2619,17.856,545,107.06
2.4229,14.789,590,103.01
6.1212,11.698,609,117.83
11.466,6.8185,659,124.95
23.017,6.9306,684,140.13
33.773,11.315,699,132.51
34.419,20.045,633,113.34
33.638,16.853,595,108.88
29.592,16.605,609,110.75
37.271,20.493,586,107.9
39.328,18.339,605,95.562
41.592,28.066,571,100.7
40.191,20.73,638,101.22
34.308,23.379,661,103.32
22.797,23.511,647,104.45
14.432,18.653,664,119.69
1.931,13.791,669,109.6
-4.7747,8.6595,605,107.59
-6.3245,5.3209,590,134.67
-5.8657,2.2661,605,169.39
-4.0449,-0.14747,583,109.2
-1.9217,-2.1904,553,119.03
-3.5633,-2.4299,550,108.46
-5.6446,-2.2831,595,113.98
-0.18227,-3.8491,574,100.95
-1.6024,-0.78841,587,106.54
-8.8583,3.1047,516,92.353
-12.503,8.2693,503,94.273
-15.073,12.644,567,97.969
-12.546,15.251,614,113.07
-12.527,13.237,519,93.702
-11.711,12.534,413,81.057
-11.796,10.062,400,82.545
-11.133,8.4645,443,88.698
-10.201,8.6175,508,88.88
-10.322,9.1901,550,95.472
-10.176,8.4343,621,111.95
-9.7817,7.0993,622,123.29
-9.2607,6.4728,619,141.7
-8.9037,5.7881,612,126.39
-8.9337,4.8696,617,145.13
-8.2822,5.0712,602,144.64
-7.5136,5.0364,605,127.9
-7.4652,4.1276,603,119.35
-7.5623,3.3762,558,124.31
-9.0735,5.5368,575,126.85
-8.2384,4.0643,609,110.64
-8.589,1.9226,590,110.8
-7.4593,1.7486,625,104.01
-6.6114,2.9794,644,104.43
-9.1455,6.1394,612,99.21
-11.109,9.4329,613,96.29
-10.106,8.3285,606,109.32
-10.705,6.8051,526,107.2
-8.7484,4.1014,529,98.565
-6.6282,1.1887,576,107.28
-6.5527,5.348,600,98.73
-9.6144,6.5438,607,100.67
-6.2583,2.7518,601,101.73
-8.6823,3.942,604,108.65
-10.184,9.5336,634,108.18
-12.995,9.9131,593,97.059
-10.199,3.7825,595,99.276
-6.835,9.8481,580,101.84
-7.2618,12.606,542,99.284
-10.452,11.116,591,102.97
-11.577,7.7662,607,96.943
-9.4438,9.7303,563,109.92
-7.3444,14.316,541,101.92
-5.6976,17.248,540,110.95
-3.4724,11.38,522,89.641
-8.1497,6.6397,521,96.861
-7.2923,6.592,559,112.34
-7.5508,8.3464,643,120.11
-7.8557,5.974,580,103.13
-3.2624,5.0937,591,110.48
-3.2732,3.4582,665,120.89
-0.70149,3.2008,679,136.14
-2.1099,4.1934,652,123.64
-1.6114,3.2228,640,121.6
-3.9891,0.3205,638,112.21
-2.0712,1.0349,613,106.97
-4.7128,-1.0199,558,101.71
-3.2659,-3.1742,594,115.6
-3.6905,-2.156,578,103.06
-6.3115,-0.94437,637,124.84
-9.0528,3.048,593,112.85
-12.056,7.9448,661,119.93
-14.59,11.644,646,125.43
-13.325,13.418,573,112.11
-9.8973,14.275,512,92.668
-9.9214,10.225,465,86.681
-7.3121,10.657,500,93.222
-7.008,8.5156,569,105.96
-6.1347,7.2088,536,96.158
-6.6042,5.6047,591,95.041
-4.0734,2.5036,645,114.88
-0.39626,2.9035,737,122.37
2.1476,1.8057,749,118.34
1.4383,1.8381,736,134.55
0.31698,4.5635,717,127.39
-0.11979,7.1204,673,111.97
-4.7009,10.16,660,116.73
-4.9749,9.0431,641,117.55
-6.6211,12.108,602,106.16
-8.2917,7.5841,595,98.804
-10.833,7.9277,633,110.81
-17.398,10.898,641,114.86
-17.598,16.894,625,119.83
-13.902,17.238,591,103.07
-8.2172,17.233,514,90.476
-3.9306,18.246,442,90.874
-3.9338,16.676,469,94.115
-2.4647,17.137,489,98.597
-3.995,16.37,541,95.504
-5.2744,13.562,597,124.53
-9.6403,11.787,620,129.99
-15.245,12.629,604,103.72
-11.643,5.3518,547,108.28
-8.7912,7.68,554,99.59
-12.53,11.255,605,110.52
-9.5106,13.519,607,100.96
-9.1463,13.406,628,107.02
-7.0247,14.936,624,112.14
-11.274,15.594,622,101.71
-10.448,14.621,576,101.55
-13.037,9.2036,585,105.27
-5.2783,8.3807,601,102.53
-9.1825,6.5723,542,98.556
-6.1261,3.5664,598,111.02
-4.4494,-1.0154,600,110.54
-2.5773,-1.3485,697,117.11
-1.6114,-3.5308,643,139.89
-4.3511,0.78912,634,117.53
-5.9202,6.3774,628,121.61
-6.3752,11.682,631,118.14
-5.6695,16.061,562,111.31
-9.768,17.156,487,97.349
-13.426,19.622,483,95.711
-15.622,14.813,514,112.02
-14.973,11.21,532,95.984
-16.549,7.8889,520,96.307
-14.738,10.036,559,102.66
-12.548,8.0341,569,103.17
-12.744,4.9282,584,109.05
-10.664,8.9757,580,99.648
-7.1882,9.4708,589,104.87
-11.164,12.097,500,87.937
-8.9352,13.878,611,121.04
-7.8888,17.439,583,107.11
-8.7274,18.435,548,100.24
-9.4864,20.702,540,103.54
-13.019,20.475,539,104.2
-13.654,20.39,585,104.44
-8.7348,21.31,581,111.92
-6.9247,14.512,606,115.17
-9.2492,6.8453,597,106.64
-5.7767,0.56451,604,110.16
-1.0631,-0.039181,680,122.54
1.3535,5.2179,658,127.62
6.3432,1.0548,688,133.13
11.659,-4.3628,675,127.7
8.6897,-5.854,641,130.59
1.8674,-4.8052,666,134.33
-0.19269,-0.32345,633,114.33
-0.76309,3.6545,687,130.59
-1.8248,6.9789,685,148.96
-4.0666,10.197,697,145.26
-7.2847,12.646,667,145.17
-4.4379,8.7303,668,145.41
-4.7207,10.843,631,126
-5.2175,14.795,557,108.98
-9.1897,13.406,523,90.501
-12.885,11.746,580,104.96
-12.049,6.6228,640,127.28
-16.966,7.1219,608,109.86
-13.249,4.5052,545,102.86
-10.335,0.44128,416,85.77
-9.4745,-0.064406,431,85.894
-8.7678,-0.70049,514,99.102
-8.2323,-0.4977,555,93.429
-7.637,0.21077,620,112.85
-7.6827,-1.5839,630,117.16
-7.4672,-0.65755,638,117.28
-7.2806,-0.36481,635,125.96
-7.1912,-0.70498,659,138.11
-8.0586,0.74432,626,154.47
-9.5913,1.7488,605,150.88
-10.308,2.1313,623,133.24
-10.521,4.464,620,147.57
-10.621,4.8435,671,168.05
-10.738,6.0189,622,159.07
-10.443,7.2113,588,160.75
-10.31,8.3428,607,129.77
-9.9413,6.3973,655,118.88
-8.4589,3.6958,668,107.74
-9.3703,0.47586,647,107.82
-7.8493,0.30022,583,98.821
-7.2114,2.5703,603,113.58
-5.7349,3.3231,589,103.41
-6.4659,4.7974,546,96.836
-7.9208,6.3241,594,97.696
-4.8915,4.9009,668,112.85
-5.2686,0.088631,682,114.36
-4.2943,0.76364,637,103.68
-7.9971,1.4124,601,108.88
-8.3717,2.5836,577,121.33
-6.4763,5.1356,594,112.71
-6.1973,6.2796,566,104.94
-6.6323,10.867,494,85.878
-4.8483,13.271,491,87.705
-9.8039,17.064,527,90.567
-13.798,13.437,555,117.18
-13.569,12.667,490,92.378
-10.146,10.935,366,83.918
-9.2674,8.8254,479,86.854
-9.6403,3.1335,619,114.12
-7.1278,-3.3839,637,110.7
-3.1631,-2.7833,616,100.52
1.3374,-6.5166,645,125.91
6.2885,-8.2284,597,103.25
9.2436,-5.1683,634,105.02
10.102,-3.8216,568,96.265
6.172,-9.5729,604,103.68
-1.1108,-8.73,568,102.19
-5.6939,-6.7374,578,115.1
-8.5013,0.14567,584,123.66
-7.2093,-0.026405,563,104.71
-9.2019,7.245,524,95.744
-12.2,12.476,608,110.49
-13.42,20.249,680,144.46
-11.82,21.148,666,136.78
-16.258,18.035,620,117.94
-13.8,17.632,662,117.84
-12.72,20.789,614,111.96
-13.239,11.343,621,111.61
-11.943,5.126,602,115.85
-7.1143,6.2283,550,104.14
-3.9189,9.3414,492,101.48
-0.23546,8.8484,423,89.096
0.087428,2.6542,543,116.1
-3.5858,-1.8357,627,134.44
-7.7421,-4.3222,627,128.74
-10.339,-3.8652,643,126.73
-5.3929,-5.0975,605,109.44
-0.33059,-6.0521,620,105.09
-3.8174,-7.7771,606,106.08
-3.9096,-6.9349,637,105.73
-5.9576,-1.0993,653,103.87
-6.0677,2.3759,631,97.531
-5.3405,5.3809,675,112.95
-7.3952,6.3366,661,115.62
-10.065,9.76,664,131.14
-10.13,11.87,670,124.69
-6.0856,3.3395,624,109.47
-5.5836,-2.6957,647,111.09
-4.5444,-5.7858,684,136.33
-9.8815,-8.8642,614,117.74
-9.6895,-1.0217,558,102.63
-10.551,6.0717,629,115.81
-6.9099,3.2951,599,108.6
-1.8521,-0.043076,627,109.13
1.3914,4.4202,671,122.71
3.7672,9.0342,668,110.24
5.5815,13.349,663,126.39
3.6477,15.563,637,125.78
4.7371,16.595,671,156.79
8.6023,18.459,632,159.69
16.056,20.857,601,136.06
21.987,21.062,590,149.62
22.732,16.823,624,143.81
23.287,10.743,657,138.45
25.418,6.6787,623,110.28
22.121,6.4291,619,113.89
22.36,2.3472,638,104.45
22.079,-6.2022,636,109.52
13.745,-5.3351,582,102.02
5.3789,-7.2427,602,108.9
-1.4641,-4.546,579,111.34
-7.8161,-5.593,585,100.42
-10.695,2.2225,534,94.28
-11.557,2.5151,576,110.42
-6.6161,2.3267,514,106.34
-0.46116,2.9311,652,113.2
4.8228,5.1653,638,119.83
7.8603,7.9076,613,122.04
3.8847,12.643,659,115.52
11.812,11.011,663,123.86
20.211,8.8924,683,114.67
25.687,3.7199,702,131.07
27.283,1.3639,686,129.03
31.09,0.067474,657,115.7
21.854,-2.4094,674,110.85
18.611,-8.5757,719,137.63
11.05,-14.131,685,119.6
8.8481,-7.8057,655,108.6
1.5981,-12.516,635,106.8
7.6504,-17.209,623,109.74
13.636,-10.967,612,105.94
22.823,-6.705,647,117.76
35.94,-6.652,646,122.8
45.501,-16.234,657,123.49
43.602,-28.96,643,103.31
42.529,-37.689,608,108.45
39.466,-33.775,539,99.533
41.033,-25.436,601,104.83
41.939,-25.143,625,115.32
40.492,-39.005,563,96.108
39.178,-45.02,558,99.466
31.166,-40.082,578,105.66
19.265,-42.097,598,101.64
4.8209,-38.33,547,101.72
15.172,-44.109,585,104.34
13.82,-50.784,585,102.93
12.275,-58.196,595,104.79
3.3242,-69.414,586,102.75
11.069,-68.599,533,90.757
4.7499,-68.856,552,92.643
-1.3737,-74.137,557,97.381
-2.3947,-79.12,533,88.326
-8.6407,-78.599,527,92.685
-10.228,-90.581,516,95.14
-4.3417,-96.371,565,99.789
-11.208,-107.93,552,94.645
-18.313,-120.29,532,88.698
-24.198,-119.79,548,96.646
-30.249,-118.39,548,92.09
-37.303,-115.17,505,86.937
-40.382,-122.19,529,88.442
-38.951,-119.18,540,91.808
-48.047,-119.64,510,85.787
-40.565,-117.52,552,91.485
-29.196,-109.98,540,94.14
-29.369,-103.87,489,89.476
-26.318,-108.09,524,93.586
-32.503,-122.05,541,88.21
-45.282,-118.37,512,84.191
-38.337,-113.74,556,96.042
-38.004,-116.32,580,99.375
-48.215,-121.01,534,87.408
-52.283,-117.45,549,90.766
-55.255,-122.85,526,83.231
-59.354,-126.19,511,90.261
-66.947,-131.5,523,91.857
-69.995,-139.13,501,85.63
-76.518,-144.14,501,89.153
-87.114,-148.81,460,80.767
-93.078,-154.17,472,80.924
-79.658,-148.24,522,89.343
-80.847,-144.14,455,78.567
-81.734,-148.61,406,73.266
-81.401,-146.57,451,78.021
-81.181,-145.52,483,85.142
-81.599,-146.03,538,94.339
-81.047,-145.74,597,99.673
-80.804,-145.16,597,115.37
-81.36,-145.35,577,127.05
-81.589,-146.25,600,148.02
-81.275,-146.6,607,131.88
-81.847,-147.4,603,147.15
-83.469,-148.01,579,183.15
-85.325,-149.51,529,165.93
-86.118,-151.32,564,188.01
-85.691,-152.17,618,144.27
-83.603,-150.9,602,136.12
-81.395,-150.12,632,119.34
-80.498,-147.11,625,107.33
-77.271,-142.16,591,97.878
-72.998,-143.46,605,97.407
-78.112,-148.11,653,129.13
-83.141,-150.18,633,112.67
-83.295,-142.13,592,95.554
-74.495,-140.82,653,113.31
-70.147,-141.4,597,103.92
-83.495,-151.37,612,105.9
-90.549,-153.58,613,101.14
-84.885,-144.99,631,118.31
-73.813,-139.23,610,120.42
-67.561,-141.47,622,118.84
-81.804,-150.16,629,106.16
-87.823,-148.77,634,107.18
-75.664,-140.15,604,103.31
-66.577,-137.49,592,95.157
-70.464,-143.57,567,92.081
-86.477,-153.9,624,101.06
-85.818,-156.74,619,105.58
-73.191,-144.8,643,113.97
-70.968,-147.96,580,93.362
-84.552,-160.47,581,90.732
-88.621,-161.09,581,99.764
-81.225,-150.68,573,92.254
-67.613,-139.62,561,99.259
-67.981,-147.08,619,107.27
-71.403,-144.29,581,102.05
-66.646,-132.07,569,92.899
-51.199,-129.82,616,105.96
-34.269,-123.5,613,111.45
-20.493,-122.09,578,92.089
-20.746,-126.95,530,87.59
-32.77,-129.04,512,84.133
-32.845,-125.45,558,101.33
-35.517,-117.8,537,99.664
-51.67,-123.64,519,92.494
-63.088,-138.94,572,100.42
-70.621,-148.65,562,95.447
-82.157,-159.12,562,101.69
-85.659,-164.59,539,89.103
-84.309,-149.89,576,104.18
-79.215,-142.3,581,98.391
-69.294,-147.36,586,95.025
-72.472,-152.24,570,93.461
-80.984,-160.46,543,96.861
-87.211,-157.43,578,100.05
-87.244,-165.11,557,89.459
-82.332,-160.9,584,91.766
-84.081,-163.84,561,91.717
-85.625,-162.14,588,94.793
-85.948,-165.8,545,89.624
-88.564,-166.92,552,97.225
-91.767,-160.57,551,92.271
-95.855,-157.02,595,116.51
-90.698,-166.26,563,92.254
-96.457,-158.94,552,95.546
-91.152,-154.15,537,95.19
-89.773,-150.01,522,88.533
-83.337,-145.04,584,97.804
-76.376,-145.36,563,94.214
-69.509,-142.02,578,93.015
-65.063,-140.11,582,96.257
-61.463,-138.17,583,91.485
-47.724,-131.24,621,109.97
-34.134,-129.52,589,101.11
-23.611,-130.26,610,102.1
-17.166,-135.72,558,96.199
-12.966,-138.18,500,87.664
-23.494,-128.21,567,96.977
-38.429,-133.15,551,91.791
-55.795,-135.25,580,106.34
-73.026,-137.31,585,96.736
-58.415,-133.5,577,92.254
-69.127,-132.99,573,97.25
-66.456,-145.06,601,99.077
-78.974,-159.41,595,102.01
-89.535,-164.27,618,103.68
-101.16,-160.86,584,99.284
-91.679,-156.18,623,113.24
-91.292,-162.72,565,102.78
-95.217,-161.84,596,94.561
-90.109,-164.31,560,92.254
-86.419,-163.08,564,87.474
-87.081,-156.98,589,96.861
-83.579,-153.7,574,93.553
-80.132,-159.01,587,96.282
-83.339,-159.62,584,101.87
-79.729,-159.8,586,91.22
-82.854,-164.24,560,93.768
-92.023,-163.02,590,96.026
-89.965,-167.21,584,96.439
-95.122,-161.21,573,95.033
-96.15,-156.15,575,97.068
-87.918,-165.78,577,96.886
-94.928,-160.09,570,93.197
-82.024,-160.17,593,100.73
-83.535,-160.84,602,97.994
-85.191,-150.56,610,94.157
-86.936,-159.99,629,117.96
-91.041,-165.47,588,99.102
-91.591,-162.38,604,101.82
-83.809,-159.85,602,101.36
-74.231,-152.55,602,105.63
-78.389,-155.39,621,101.73
-70.75,-152.95,605,101.18
-78.553,-142.59,589,100.5
-70.244,-131.53,570,96.505
-60.273,-128.05,592,96.472
-60.496,-137.79,614,107.84
-61.197,-145.14,621,103.68
-52.688,-136.44,597,99.664
-57.145,-140.94,577,102.89
-64.563,-153.43,582,108.47
-71.81,-163.27,594,115.49
-84.786,-172.44,565,95.67
-79.714,-168.01,603,103.25
-86.68,-169.31,536,87.945
-90.297,-167.56,545,92.37
-91.231,-171.73,494,87.408
-83.211,-171.95,541,93.114
-89.536,-167.68,549,99.201
-90.724,-167.15,549,96.968
-84.501,-167.6,575,93.668
-89.333,-171.5,551,89.467
-83.572,-168.72,566,91.568
-86.429,-167.31,567,88.541
-83.927,-170.21,563,89.186
-81.222,-173.43,513,89.914
-85.41,-173.04,530,89.922
-90.556,-168.45,529,90.981
-93.233,-164.93,540,91.328
-96.558,-154.21,513,89.55
-95.697,-151.33,509,90.195
-95.298,-164.87,572,95.546
-82.707,-174.18,583,104.53
-77.532,-187.96,525,91.237
-80.589,-194.2,517,97.275
-84.821,-200.5,532,92.089
-88.975,-207.61,551,103.15
-88.295,-210.57,501,89.095
-96.685,-220.78,524,93.9
-94.587,-228.41,478,82.396
-88.729,-233.93,480,86.655
-90.774,-243.63,493,92.453
-88.486,-248.53,422,84.108
-91.968,-246.85,446,82.537
-96.176,-248.22,466,88.144
-96.784,-258.2,494,89.369
-99.285,-267.72,486,80.519
-101.9,-279.14,492,86.349
-99.36,-289.81,507,85.688
-98.084,-296.42,447,84.654
-102.72,-306.28,465,88.707
-100.18,-305.69,473,84.977
-96.71,-295.45,428,81.189
-93.141,-296.35,425,73.034
-97.677,-297.33,459,78.484
-95.037,-308.15,492,83.968
-99.485,-311.85,487,78.327
-93.838,-312.13,492,83.074
-94.501,-317.91,453,76.144
-97.873,-312.99,448,81.37
-99.89,-316.29,435,75.738
-98.646,-319.38,435,77.947
-94.624,-320.69,397,78.129
-88.944,-319.46,372,79.394
-88.386,-317.83,430,89.286
-83.034,-318.88,440,85.531
-72.797,-326.57,431,79.03
-71.957,-333.71,384,77.947
-74.168,-332.27,455,87.077
-75.589,-329.7,475,84.96
-76.423,-332.41,486,85.97
-87.935,-320.12,498,83.43
-93.487,-315.73,472,82.967
-93.159,-301.62,503,90.633
-93.117,-299.07,495,86.432
-93.459,-291.85,496,80.907
-95.321,-296.07,501,82.115
-100.01,-293.44,505,88.451
-96.33,-300.28,504,82.876
-99.09,-299.71,485,82.123
-98.998,-311.82,518,89.757
-100.38,-304.9,515,87.226
-97.596,-291.86,510,82.52
-101.12,-280.72,549,101.27
-98.483,-260.96,528,92.469
-97.951,-252.12,538,97.192
-99.035,-265.28,537,97.233
-102.62,-279.22,499,92.486
-103.94,-275.63,505,93.214
-107.98,-275.2,492,82.685
-104.98,-276.71,397,72.645
-105.89,-276.92,457,81.478
-108.99,-264.51,489,85.167
-101.54,-251.17,480,86.085
-89.99,-251,473,88.988
-88.816,-238.33,519,85.324
-90.35,-227.39,508,93.106
-90.753,-219.22,495,83.298
-89.895,-215.08,470,82.586
-90.082,-222.96,504,85.497
-87.745,-241.33,513,82.288
-89.377,-251.3,510,86.193
-91.726,-252.35,537,92.37
-94.097,-251.52,534,90.981
-97.313,-247,535,91.171
-101.9,-256.28,531,90.857
-109.62,-274.11,535,89.823
-114.63,-275.68,508,86.432
-122.52,-281.49,485,83.918
-128.73,-282.13,478,88.144
-117.23,-277.58,472,91.444
-101.69,-283.75,473,82.793
-98.577,-295.68,512,91.535
-96.104,-309.71,504,86.449
-95.076,-315.57,524,87.548
-86.121,-318.52,535,91.064
-75.38,-329.11,564,95.098
-70.916,-340.91,507,83.694
-73.453,-332.35,510,89.252
-78.272,-322.25,511,96.679
-71.562,-332.44,502,88.88
-73.235,-332.39,507,97.481
-83.977,-320.22,502,87.97
-94.591,-316.38,515,86.275
-101.51,-310.88,481,81.66
-96.056,-310.17,518,92.263
-96.481,-313.53,547,102.19
-102.68,-310.29,510,90.518
-100.49,-315.82,471,83.943
-105.69,-301.82,475,89.004
-104.42,-291.03,504,86.217
-96.43,-302.84,543,98.117
-91.422,-314.71,532,86.647
-81.668,-319.59,535,93.404
-70.359,-330.43,518,86.15
-67.766,-334.33,499,85.423
-69.759,-333.44,533,92.668
-75.967,-328.2,539,97.159
-93.905,-321.21,520,91.717
-98.933,-321.34,511,91.097
-99.604,-311.03,516,85.034
-95.06,-309.86,529,89.426
-90.641,-318.84,518,87.3
-72.576,-331.62,552,90.212
-68.475,-336.61,509,86.582
-64.82,-339.44,516,102.88
-67.638,-328.36,506,92.544
-68.387,-336.32,471,88.144
-65.881,-335.65,495,92.734
-67.444,-340.58,499,82.247
-71.354,-350.98,485,81.131
-74.097,-359.53,484,88.26
-80.159,-364.8,510,89.616
-82.035,-367.33,480,86.829
-86.196,-366.8,498,90.956
-86.073,-367.1,506,93.603
-81.493,-366.25,529,111.61
-84.35,-367.22,527,96.878
-88.517,-365.75,524,89.153
-86.045,-366.14,499,84.67
-86.812,-363.27,525,100.72
-97.614,-364.87,493,88.061
-86.054,-362.73,509,90.749
-89.863,-372.97,491,86.002
-85.221,-373.31,493,81.85
-80.898,-368.09,511,86.631
-85.144,-369.62,506,81.833
-83.973,-372.51,490,82.834
-77.815,-371.75,493,82.396
-72.39,-371.88,478,80.651
-72.489,-373.36,473,78.294
-79.285,-369.55,487,81.636
-69.863,-376.57,437,81.172
-69.922,-379.07,311,68.874
-71.784,-376.35,428,77.252
-71.015,-370.6,499,84.588
-69.536,-367.49,501,83.852
-65.66,-371.98,483,80.618
-65.324,-374.63,456,78.757
-74.275,-374.13,455,77.897
-75.15,-373.99,466,77.525
-86.297,-376.08,430,79.625
-89.687,-371.21,481,86.25
-91.54,-371.32,471,78.674
-92.206,-374.28,412,83.678
-87.467,-380.65,174,54.897
-88.561,-388.39,449,79.907
-94.895,-391.99,468,97.415
-99.259,-395.66,382,77.765
-95.234,-399.89,396,80.287
-102.11,-397.34,400,77.732
-102.44,-407.16,358,67.915
-111.78,-410.08,399,75.069
-119.84,-416.54,342,71
-116.97,-413.84,362,70.983
-115.47,-407.52,338,70.338
-114.96,-404.74,213,61.34
-114.45,-406.84,142,44.287
-113.55,-408.36,130,42.997
-109.94,-407.76,137,44.287
-110.01,-409.7,139,46.073
-112.63,-408.15,147,49.439
-111.6,-409.89,173,47.289
-111.59,-408.99,132,42.707
-113.99,-410.43,111,38.432
-113.56,-407.46,82,30.219
-114.02,-408.71,97,34.561
-112.98,-408.41,103,37.737
-112,-407.83,103,35.76
-111.59,-407.28,117,40.838
-112.23,-407.39,115,40.392
-113.22,-405.82,118,42.517
-113.69,-406.89,103,35.967
-112.97,-407.24,97,36.058
-112.71,-408.57,98,37.464
-112.74,-408.6,107,36.819
-112.78,-408.75,118,40.946
-112.51,-408.06,130,41.963
-113.29,-408.53,138,43.766
-113.32,-408.81,146,43.857
-113.01,-409.13,177,46.76
-113.09,-407.89,187,48.902
-111.45,-407.38,220,55.559
-110.37,-405.48,236,57.999
-110.38,-405.77,263,64.086
-113.9,-409.86,254,61.274
-117.3,-409.56,293,63.896
-116.42,-406.93,369,73.82
-108.79,-406.28,345,69.395
-108.04,-401.25,370,89.169
-102.58,-396.06,402,83.935
-93.463,-393.51,399,86.556
-85.94,-390.72,391,77.368
-91.865,-383.91,431,88.823
-93.426,-374.31,460,92.064
-91.936,-360.34,436,81.776
-82.278,-361.26,459,91.337
-71.496,-362.48,454,88.037
-78.793,-352.61,461,81.643
-70.974,-361.38,440,89.07
-69.62,-358.18,471,89.393
-76.722,-347.37,450,84.77
-75.216,-331.68,453,86.341
-78.074,-324.21,469,81.776
-71.677,-340.38,456,81.867
-73.013,-349.5,455,91.543
-73.573,-333.78,450,92.254
-72.841,-326.23,452,94.694
-84.207,-315.61,451,79.295
-72.359,-315.85,446,83.066
-68.635,-327.85,443,80.966
-75.837,-317.29,436,82.537
-89.869,-309.33,436,75.201
-89.624,-301.94,450,80.353
-76.029,-312.62,462,86.573
-72.899,-317.66,455,78.385
-85.774,-311.08,459,81.032
-94.576,-294.89,479,83.322
-96.575,-285.26,469,86.688
-104.71,-276.27,487,86.92
-95.051,-285.64,473,85.051
-95.647,-286.29,474,83.951
-101.59,-285.75,470,84.133
-88.643,-290.83,464,87.507
-98.111,-288.66,472,86.399
-107.26,-294.78,475,91.121
-98.389,-307.4,472,86.159
-108.2,-312.28,455,80.18
-112.07,-314.06,443,79.783
-118.99,-316.7,432,80.502
-117.25,-311.12,449,81.429
-111.85,-319.39,433,80.651
-117.61,-317.5,449,84.034
-120.12,-312.75,472,81.015
-113.59,-323.37,471,80.941
-126.28,-321.66,462,82.702
-113.45,-315.63,462,78.567
-112.88,-330.15,461,81.677
-120.46,-320.92,489,88.252
-110.75,-328.5,468,92.271
-118.64,-324.47,470,90.335
-113.81,-316.77,475,94.074
-112.82,-333.76,453,80.271
-122.95,-329.1,447,84.108
-126.83,-329.19,472,86.531
-120.1,-333.39,462,91.99
-130.57,-342.54,453,85.142
-133.68,-340.3,447,78.493
-137.32,-333.51,423,79.675
-136.95,-347.97,443,77.55
-143.54,-351.55,433,82.636
-131.75,-341.9,459,84.224
-129.53,-332.38,511,107.73
-123.11,-324.42,498,100.82
-130.75,-318.88,491,91.171
-136.93,-331.93,486,91.799
-138.34,-334.18,483,92.246
-141.01,-331.08,479,86.54
-131.41,-325.23,467,81.263
-130.58,-345.11,457,78.939
-135.67,-352.85,479,83.165
-145.56,-355.76,476,89.277
-145.97,-363.98,459,82.818
-142.72,-349.38,472,87.011
-136.13,-344.72,482,85.216
-137.74,-358.52,486,89.55
-142.17,-348.65,480,98.293
-127.06,-341.74,490,96.878
-136.48,-339.21,498,90.402
-128.07,-347.72,497,93.313
-130.43,-332.62,499,92.652
-115.56,-324.87,518,109.22
-110.06,-334.79,499,103.35
-109.08,-328.29,505,93.288
-99.256,-326.92,516,95.521
-91.538,-321.05,528,99.822
-93.129,-316.48,469,90.013
-98.563,-330.92,504,98.011
-118.41,-341.89,506,97.44
-134.72,-351.34,481,91.461
-146.08,-360,464,103.53
-147.84,-361.73,487,91.37
-152.21,-370.19,485,95.761
-159.18,-367.9,466,101.67
-154.55,-368.66,489,101.13
-157.86,-373.91,468,84.687
-152.88,-374.54,484,89.385
-156.65,-382.28,434,76.061
-156.78,-378.53,405,73.82
-155.05,-375.43,428,81.768
-155.12,-375.54,439,98.375
-155.03,-375.5,462,100.23
-156.01,-375.71,415,131.01
-157.08,-377.5,363,138.77
-157.81,-376.63,374,123.57
-159.11,-377,354,142.12
-157.83,-377.03,398,170.64
-158.9,-377.31,403,153.39
-159.96,-377.09,391,164.49
-161.25,-378.81,377,184.18
-163.48,-380.17,334,155.26
-164.91,-381.64,260,153.79
-164.78,-384.12,260,148.44
-163.88,-384.77,327,109.5
-163.71,-380.56,374,125.9
-163,-379.55,387,122.1
-164.61,-378.3,404,122.58
-168.24,-377.64,415,99.607
-163.07,-378.83,433,125.2
-157.94,-379.12,467,91.973
-155.34,-374.7,487,107.2
-157.89,-366.43,486,106.72
-162.96,-370.81,465,108.51
-165.75,-381.37,459,120.55
-161.81,-371.19,452,134.44
-153.9,-366.38,482,104.75
-152.87,-379.06,485,93.884
-162.55,-386.93,474,89.112
-172.87,-381.09,464,110.96
-162.98,-371.4,461,110.3
-155.04,-378.58,481,94.736
-164.54,-388.2,462,90.195
-171.08,-385.37,445,91.055
-168.75,-380.26,410,94.637
-153.65,-369.34,499,115.34
-151.81,-380.69,480,101.45
-165.73,-376.93,462,110.19
-150.94,-373.22,501,107.51
-151.9,-381.02,446,91.824
-166.95,-380.09,441,102.25
-175.28,-381.48,494,118.42
-157.94,-373.7,501,107.09
-148.77,-376.5,468,90.228
-160.03,-388.54,464,96.597
-173.64,-384.36,461,87.888
-173.8,-371.84,472,88.45
-157.42,-372.16,472,82.024
-148.58,-381.09,473,86.027
-158.99,-389.94,436,83.364
-172.47,-390.39,458,84.894
-182.5,-390.04,458,85.846
-188.07,-381.33,455,83.091
-185.11,-373.01,461,96.308
-185.42,-378.44,457,77.947
-191.06,-389.22,444,85.506
-198.39,-379.93,445,83.397
-195.38,-374.24,453,84.273
-192.32,-385.68,444,78.212
-201.07,-386.94,453,83.025
-202.7,-385.39,460,89.641
-208.81,-397.37,445,82.628
-207.78,-408.86,429,83.29
-206.6,-405.09,437,85.051
-200.74,-397.33,439,81.809
-207.77,-413.43,436,80.089
-211.71,-410.25,431,90.394
-206.66,-394.39,449,88.996
-197.09,-384.83,424,98.482
-185.35,-390.04,459,90.832
-178.97,-384.79,460,90.146
-173.83,-371.41,477,84.298
-179.53,-372.26,469,91.171
-176.84,-367.42,468,81.379
-183.24,-374.82,488,89.823
-190.72,-371.59,457,106.26
-191.54,-368.41,473,88.161
-179.97,-368.06,462,86.002
-189.01,-369.81,450,85.465
-189.53,-378.47,468,85.721
-197.53,-372.54,443,97.92
-192.89,-374.18,466,89.153
-197.47,-379.79,481,93.885
-197.99,-373.65,453,88.078
-195.69,-377.86,474,96.662
-198.35,-374.08,463,85.465
-199.44,-375.79,473,84.844
-200.33,-377.29,458,86.25
-197.63,-374.5,460,90.203
-189.52,-377.06,458,96.622
-194.89,-371.46,442,82.446
-189.37,-370.4,468,110.71
-176.23,-360.21,483,91.51
-169.48,-366.1,501,91.899
-151.73,-362.7,493,123.38
-137.91,-357.09,509,124.42
-143.91,-358.72,509,121.49
-145.53,-356.4,466,154.67
-144.52,-356.01,498,110.73
-160.19,-359.6,503,99.176
-159.72,-354.44,513,97.969
-167.95,-348.36,487,95.504
-175.19,-339.27,460,93.95
-168.73,-346.6,471,105.1
-156,-349.61,483,108.31
-151.46,-337.45,490,96.886
-143.42,-327.44,489,88.748
-131.52,-330.66,511,109.43
-115.9,-329.88,527,91.99
-106.84,-334.88,537,102.88
-101.76,-329.4,528,108.79
-93.402,-328.46,530,93.288
-73.654,-328.37,543,110.85
-76.886,-342.83,505,111.21
-87.278,-353.91,510,98.573
-90.711,-344.24,520,107.25
-105.72,-345.28,503,117.51
-121.36,-351.11,512,91.154
-129.62,-346.57,508,104.88
-119.73,-345.14,488,91.535
-111.09,-352.74,466,87.127
-116.18,-359.51,489,84.133
-124.68,-359.68,472,86.11
-114.42,-351.78,505,91.7
-116.46,-360.65,481,83.918
-121.04,-358.12,484,88.193
-115.25,-361.6,480,81.569
-112.6,-359.99,477,79.725
-110.15,-355.05,485,79.121
-102.26,-354.5,488,85.795
-90.477,-365.96,483,89.964
-91,-387,479,89.129
-107.87,-401.93,487,88.913
-115.99,-408.43,451,83.364
-113.5,-403.25,470,91.933
-106.6,-392.45,476,88.334
-102.67,-385.84,496,93.172
-105.24,-373.86,488,95.935
-111.52,-377.81,500,101.59
-128.37,-370.38,472,95.802
-134.97,-367.51,488,101.85
-156.17,-367.4,490,107.64
-161.44,-373.1,452,126.95
-161.41,-359.78,486,107.79
-175.45,-355.59,465,120.28
-175.39,-344.14,512,95.662
-169.84,-345.7,523,95.645
-160.99,-349.47,489,97.614
-164.95,-349.24,484,98.283
-175.97,-365.63,488,93.032
-180.94,-380.55,465,132.6
-173.29,-396.64,461,107.46
-188.28,-390.29,478,101.15
-189,-382.22,428,117.5
-184.44,-384.73,459,94.728
-186.99,-390.11,467,97.928
-186.24,-390.38,475,85.655
-196.94,-395.39,458,96.398
-203.99,-402.06,421,130.74
-202.2,-389.55,469,107.19
-212.13,-405.96,417,131.51
-212.63,-414.14,433,92.163
-216.28,-410.35,435,107.48
-215.16,-402.61,465,94.512
-212.82,-409.59,394,95.86
-215.17,-413.47,437,88.268
-216.81,-413.19,435,98.068
-214.71,-415.69,432,86.738
-215.28,-415.38,445,87.979
-216.53,-417.01,448,88.814
-221.08,-417.03,433,84.588
-222.61,-414.34,415,86.655
-217.45,-407.17,440,82.338
-219.22,-409.33,444,83.744
-223.37,-413.91,449,99.053
-220.93,-411.53,444,91.552
-220.77,-410.25,446,94.256
-223.87,-420.88,442,83.248
-225.43,-414.66,445,85.258
-222.28,-418.02,427,91.254
-227.24,-426.04,443,86.763
-226.69,-433.09,429,85.721
-230.64,-431.06,436,85.191
-235.01,-448.22,412,84.985
-234.97,-459.79,418,82.992
-236.13,-462.33,416,94.554
-240,-476.84,416,81.04
-240.55,-469.8,411,77.558
-237.69,-450.43,404,83.554
-228.59,-460.21,406,85.101
-235.36,-471.96,399,86.78
-247,-461.95,397,81.876
-245.65,-451.9,401,83.554
-249.92,-461.26,406,96.208
-258.34,-453.82,415,77.368
-261.51,-446.78,399,95.389
-271.7,-443.01,399,101.26
-285.66,-433.23,407,74.184
-288.49,-434.33,395,78.856
-295.24,-432.74,376,87.499
-306.5,-440.73,378,100.42
-315.38,-444.84,240,95.406
-315.3,-451.23,211,91.982
-320.88,-450.16,119,65.029
-328.18,-454.03,394,85.622
-313.3,-453.6,421,98.102
-307.65,-452.12,434,86.49
-325.59,-460.25,430,80.949
-332.23,-457.81,395,90.311
-316.23,-460.08,447,101.96
-328.9,-467.7,444,90.005
-322.61,-466.41,408,98.176
-332.25,-472.57,462,90.029
-338.13,-479.89,451,86.019
-342.75,-465.24,454,99.21
-342.5,-468.05,466,94.264
-352.72,-473.92,468,84.464
-361.07,-465.28,460,81.569
-352.93,-463.53,443,82.793
-339.97,-460.44,460,87.871
-337.63,-475.86,459,98.267
-334.43,-486.55,468,86.713
-339.26,-472.25,423,91.113
-336.41,-473.94,405,76.781
-333.92,-473.25,421,83.116
-334.78,-472.78,437,84.497
-335.35,-473.1,461,88.491
-336.35,-472.68,480,102.52
-337.42,-473.66,447,117.66
-338.52,-472.52,456,135.32
-339.52,-472.31,441,111.05
-340.94,-471.9,428,122.39
-340.96,-471.22,480,109.82
-342.71,-469.87,449,102.94
-344.6,-467.68,406,131.08
-345.47,-465.66,448,104.01
-346.99,-467.7,406,115.73
-346.22,-470.47,463,101.13
-342.14,-474.1,505,93.131
-339.49,-476.26,480,112.25
-344.41,-478.92,490,103.7
-335.58,-474.99,494,92.47
-337.22,-483.28,494,103.81
-343.57,-483.92,495,96.042
-341.41,-470.11,500,94.744
-340.97,-478.52,512,99.152
-341.38,-488.4,471,87.623
-338.4,-483.06,510,100.6
-344.8,-471.97,489,91.312
-350.53,-481.79,488,89.459
-342.13,-490.2,506,97.763
-350.43,-488.68,501,90.683
-352.31,-481.48,523,110.94
-361.25,-476.86,489,95.074
-370.6,-470.48,472,97.514
-364.84,-480.05,464,94.356
-368.79,-474.56,471,93.95
-377.38,-468.77,461,83.753
-372.43,-474.02,477,85.82
-373.29,-465.91,462,82.793
-381.96,-469.96,465,84.423
-367.31,-467.5,468,100.42
