0,-0,508,81.139
-0.78725,-1.433,490,82.024
-0.30537,-3.7538,535,87.648
-0.3079,-1.6024,544,85.299
-3.8116,-0.032317,559,90.17
-6.4492,0.44068,565,88.45
-7.1571,-0.98024,579,90.518
-8.5064,2.57,613,100.94
-9.1718,7.6962,620,109.4
-8.8463,9.6728,615,98.424
-7.257,12.583,625,105.25
-7.4235,16.336,620,107.28
-5.8323,13.136,617,104.89
-7,7.6355,580,96.745
-7.1452,3.0219,548,88.293
-5.3993,0.55688,524,84.282
-4.1493,-1.0882,524,82.578
-2.2482,-1.0613,499,82.189
0.22935,-0.64298,473,79.981
0.95196,-3.2466,467,82.181
0.28387,-3.0968,467,82.123
-0.49765,0.61606,465,78.195
0.0025138,2.6314,491,81.106
-3.1225,2.6594,506,82.603
-6.0529,1.678,537,89.93
-3.7476,-2.3932,526,82.694
-2.8709,-5.2223,483,81.296
-2.2157,-5.1601,510,80.618
-2.962,-2.4552,560,84.745
-5.4161,1.3074,522,81.941
-7.7647,3.3413,566,95.711
-9.9861,7.1133,614,102.61
-9.5463,8.2603,599,96.034
-5.7232,5.8982,592,95.438
-9.5121,6.8563,602,101.03
-8.5889,3.5813,586,93.933
-6.7476,0.909,571,89.153
-4.7694,-0.55413,532,84.24
-2.6885,-1.8858,541,87.284
-0.69434,-3.1423,504,81.726
1.443,-4.2131,497,85.952
0.76313,-1.6409,511,84.753
-1.3471,0.23206,510,84.588
-5.5569,-1.4578,534,84.298
-5.5147,-0.4018,539,83.066
-5.5803,-0.75923,549,85.96
-5.5735,-0.86917,586,89.442
-5.4029,-0.53088,609,91.626
-5.8281,-0.55996,657,93.842
-5.7236,-0.065875,672,95.719
-6.2829,-0.25569,680,97.001
-6.1087,1.5125,664,94.487
-5.4971,2.9994,660,97.415
-4.4002,-0.89736,634,90.286
-7.0089,-2.6737,609,91.948
-6.591,1.1416,596,88.045
-5.3798,4.5903,571,87.896
-5.5788,8.0781,515,85.969
-7.593,4.3045,549,90.468
-6.5279,-0.40855,603,89.012
-4.5206,-4.232,663,95.256
-3.4867,-1.8933,628,90.972
-6.0415,3.1475,578,90.063
-8.7349,3.5085,624,96.075
-12.767,1.5049,649,97.018
-11.589,1.0353,636,91.096
-6.5803,4.236,609,91.03
-5.0307,6.0485,592,95.868
-10.367,2.6275,639,96.067
-10.379,-1.5187,611,91.245
-8.7372,-1.6458,676,98.688
-7.091,0.58381,673,100.57
-7.2217,0.07807,731,99.738
-7.6064,0.12951,788,105.61
-7.2858,-0.16233,794,107.28
-7.5169,0.18883,807,110.59
-7.5993,-0.1716,842,113.3
-7.5953,-0.14846,896,114.6
-7.1309,0.41993,854,111.71
-6.0533,0.82615,785,105.32
-4.9964,-2.6045,749,104.49
-3.8405,-2.1852,727,96.381
-5.0775,-2.937,722,97.018
-5,-1.8152,726,99.408
-3.1921,3.4803,757,107.23
0.57165,2.5337,714,97.415
0.57388,-2.5597,713,96.637
-3.7165,-4.3675,656,93.007
-6.4819,0.72186,675,96.86
-5.2947,5,662,99.929
-5.0808,3.6945,701,99.193
-5.2452,0.72105,687,98.779
-5.3597,-3.0419,691,96.356
-3.5479,-3.9569,674,95.844
-1.7865,-3.5687,660,96.274
-1.834,-1.8958,634,91.03
-0.16339,-0.91929,635,91.477
0.57981,-1.2177,593,87.267
-1.6311,-3.0847,554,86.705
-1.2245,-5.1927,579,89.062
-3.8727,-1.9891,645,92.924
-2.0464,-1.65,675,91.882
-3.3324,-4.2622,791,100.75
-3.0173,-4.1394,852,106.6
-3.5696,-4.0718,923,109.08
-3.3236,-4.0792,920,111.71
-3.569,-3.9255,924,111.9
-3.631,-2.9184,930,111.13
-3.2591,-2.7267,856,106.92
-1.2337,-4.3366,764,100.64
-5.0071,-5.2825,745,102.07
-6.5426,-0.28861,677,96.141
-4.5041,-0.97043,618,88.764
-1.1577,-0.42935,660,97.018
1.1365,-0.47676,612,91.675
0.40747,0.090948,546,85.605
-0.39156,1.3772,495,82.652
-1.9286,0.12652,493,79.212
-7.4543,-1.4599,622,89.781
-6.5698,-2.486,732,98.936
-6.3524,-3.3835,818,102.41
-5.2694,-5.3268,755,100.05
-5.8677,-4.1699,849,103.8
-5.642,-4.6366,866,104.87
-4.8995,-6.1268,831,103.81
-5.2435,-6.2942,801,102.98
-5.8261,-4.3327,634,91.94
-4.4369,-4.8438,579,87.863
-0.5731,-5.6026,531,83.182
-6.2824,-5.3076,551,85.175
-10.343,-4.0076,465,77.351
-14.189,-2.5535,457,77.136
-8.5501,-3.5773,509,84.472
-2.9294,-3.9771,545,86.713
-0.58572,-5.2493,556,84.728
1.0924,-8.6047,518,84.265
-1.8468,-5.5478,527,81.594
-9.2772,-7.3534,577,89.756
-7.8354,-9.1708,656,99.582
-4.4227,-5.58,719,99.308
-11.398,-1.7445,685,93.867
-13.529,-3.1241,705,100.18
-12.074,-3.982,668,102.77
-10.33,-0.14433,676,95.016
-7.9991,-1.8524,544,84.637
-9.222,-2.0757,586,88.607
-11.384,-5.3292,684,91.741
-4.9713,-7.9831,777,104.74
-8.5145,-0.85034,705,95.174
-10.331,0.76486,658,89.98
-8.6633,-2.4294,779,104.4
-4.838,-0.50426,808,107.27
-6.4853,0.12306,844,107.8
-11.695,-4.4844,805,102.78
-3.7709,-6.5745,803,103.91
-3.4197,-3.7885,771,103.49
-8.9969,-2.674,769,101.78
-11.629,-3.2975,787,102.34
-5.1646,-1.0605,789,101.82
-9.531,0.65927,785,107.96
-12.539,-4.7685,693,99.722
-8.348,5.5575,748,104.43
-8.3467,8.3958,775,103.19
-7.1568,6.1688,783,103.83
-12.615,-2.3665,792,103.21
-10.697,-8.1417,729,100.57
-6.3004,-8.1102,827,108.23
-16.45,-7.0391,770,104.96
-16.015,-7.8734,617,102.82
-9.8946,-5.153,713,104.23
-0.22895,-0.73239,725,99.21
-1.144,-6.881,676,96.075
-6.6199,-12.441,787,106.39
-10.82,-13.745,703,102.58
-9.1852,-5.004,770,108.58
-5.2659,3.8604,718,104.04
-6.388,0.021005,668,98.87
-3.7399,-6.7153,712,97.721
-4.3398,-11.839,770,105.29
-7.811,-18.388,794,114.34
-5.1324,-19.585,759,108.22
-2.1078,-20.063,734,108.81
-0.010838,-17.479,680,101.72
-1.9822,-15.453,570,85.762
-5.6362,-11.889,641,96.737
-4.3314,-10.663,784,100.95
-4.899,-11.999,922,110.48
-5.9483,-12.366,1037,115.82
-6.6638,-12.561,1108,124.62
-7.2179,-12.284,1167,135.61
-8.0362,-11.297,1167,141.98
-7.1874,-10.162,999,128.46
-4.3371,-10.708,883,112.48
-3.0982,-10.242,736,99.391
-3.232,-9.6476,699,95.099
-8.6201,-16.069,812,107.54
-13.752,-9.6781,787,107.6
-8.9449,-3.9903,762,99.83
-6.6323,-8.7443,892,109.34
-7.8718,-9.2372,1029,115.86
-7.5173,-9.7829,1125,124.61
-7.4043,-9.794,1155,128.77
-6.7681,-10.049,1198,131.03
-5.8951,-11.071,1191,136.05
-5.5413,-10.807,1082,130.39
-7.1142,-9.7234,989,122.82
-7.253,-6.4373,880,116.6
-5.9189,-4.6599,835,105.14
-10.201,-12.335,897,109.83
-7.2872,-15.979,860,116.97
-5.1379,-15.395,836,121.03
-5.2288,-15.267,816,114.6
-5.1074,-19.625,829,118.12
-8.3009,-24.237,861,117.73
-8.2025,-22.871,836,108.84
-3.9723,-21.026,794,112.02
-3.114,-21.296,776,106.4
-1.5302,-20.067,742,106.61
-1.1013,-19.459,647,93.999
-2.904,-23.532,697,113.61
-3.7515,-27.487,696,103.72
-2.6736,-27.172,701,107.67
-2.1717,-22.04,622,101.61
-2.5729,-16.112,586,94.041
-5.0625,-18.966,527,82.702
-8.8971,-24.036,706,108.63
-6.9425,-23.565,741,119.19
-5.8631,-14.829,670,101.77
-9.1501,-16.32,726,115.14
-9.2272,-16.326,665,94.041
-10.36,-16.813,718,102.08
-10.5,-18.361,724,106.75
-12.349,-15.162,722,101.91
-11.881,-13.123,698,99.838
-7.0262,-15.528,741,125.86
-5.2769,-10.699,665,98.523
-9.2806,-10.135,723,100.78
-10.523,-12.428,698,94.661
-8.5483,-15.158,747,106.45
-9.2525,-14.16,792,109.47
-10.979,-14.441,815,116.48
-5.7688,-18.831,849,127.88
-6.9568,-16.1,803,123.24
-18.271,-18.117,847,118.46
-19.997,-13.353,754,121.76
-12.35,-7.7911,766,109.6
-3.7042,-10.308,730,105.06
-4.3236,-15.727,808,121.86
-10.68,-28.629,842,124.02
-10.508,-30.216,781,109.94
-6.2036,-27.319,721,94.735
-1.5613,-24.169,725,103.92
-2.8874,-26.398,707,109.65
-6.9042,-24.841,849,116.06
-7.4349,-23.221,902,116.22
-7.1483,-22.297,1067,129.53
-7.3479,-22.176,1212,139.35
-7.0399,-20.924,1246,146.27
-7.5895,-19.78,1291,145.66
-7.1512,-19.462,1298,146.4
-5.2683,-21.162,1067,134.17
-4.3646,-24.094,963,136.64
-12.17,-25.211,882,128.09
-7.2472,-19.537,862,123.94
-1.1487,-19.669,827,113.49
-1.1367,-29.441,761,103.61
-4.1925,-33.923,604,98.308
-6.6028,-34.994,489,94.925
-7.4676,-27.28,679,102.51
-5.878,-20.585,808,127.35
-2.5538,-20.144,722,105.28
-1.9642,-18.116,787,124.1
4.7555,-23.81,686,96.397
4.3881,-31.284,600,102.33
-3.1421,-39.176,617,116.35
-8.0302,-37.279,575,101.99
2.8699,-29.897,601,102.67
-1.8284,-31.994,659,96.703
-3.5997,-28.353,864,109.55
-2.4175,-26.311,1002,119.9
-3.2273,-25.3,1152,131.04
-4.2282,-23.939,1182,136.68
-5.0966,-23.277,1235,139.21
-5.2884,-20.953,1189,139.45
-6.0186,-19.871,1199,146.26
-8.3425,-21.825,1092,149.47
-6.3836,-22.701,948,127.79
-3.5399,-27.891,936,121.28
-4.716,-30.436,872,111.06
-8.0595,-33.469,922,120.97
-0.34439,-34.967,834,113.75
-2.2596,-39.43,798,109.59
-2.6178,-38.001,851,122.14
0.59872,-35.376,822,108.56
0.76615,-35.971,776,101.31
-3.7711,-37.332,764,102.14
-7.5384,-39.779,860,110.22
-8.3116,-30.444,814,109.43
4.0488,-29.263,772,102.84
10.857,-37.39,721,96.629
3.1475,-45.947,737,106
-9.1587,-46.706,755,107.15
-13.607,-34.208,725,100.02
-2.2535,-27.938,757,107.75
6.414,-31.344,628,90.385
2.6323,-35.645,486,78.021
3.6677,-42.591,533,82.305
5.3836,-44.498,534,82.809
-4.2856,-41.062,744,107.98
-13.623,-35.411,786,115.52
0.055288,-36.845,760,103.33
4.2624,-45.794,721,97.729
-11.431,-37.661,739,99.234
-15.717,-31.591,785,113.6
-3.2515,-34.28,836,118.49
5.0608,-48.187,857,110.88
-6.8679,-54.308,776,104.55
-18.451,-49.139,772,105.78
-15.845,-35.663,827,106.45
0.64242,-32.264,834,115.12
12.13,-40.276,786,101.15
9.1972,-50.523,765,107.34
-4.4116,-54.392,784,109.5
-13.113,-44.911,763,107.53
-19.257,-30.234,784,106.8
-6.0365,-28.965,798,103.76
8.7175,-36.829,781,113.9
8.2467,-46.471,668,94.81
1.3019,-59.236,810,114.72
-13.312,-64.251,692,101.43
-16.665,-51.918,781,132.92
-2.235,-35.71,806,112.03
10.586,-38.276,774,101.67
0.45278,-54.172,795,103.67
-13.328,-53.618,830,115.82
-14.532,-35.576,805,112.9
1.2068,-35.37,810,105.26
11.778,-45.782,735,97.308
-0.066274,-55.587,777,108.44
-14.098,-57.905,681,94.95
-19.029,-47.954,589,89.897
-2.0883,-38.304,826,115.07
9.2453,-36.017,744,103.68
-6.8377,-50.96,779,105.12
-16.095,-49.987,737,106.67
-12.831,-30.052,773,101.47
-0.78153,-26.959,776,107.28
3.5023,-46.497,800,103.9
2.8988,-54.722,606,88.045
-4.5255,-54.433,638,91.551
-7.1573,-45.416,795,108.98
-1.5315,-37.512,790,108.17
5.2796,-40.032,723,98.432
4.7528,-55.636,756,101.94
-8.0898,-59.697,789,115.33
-21.432,-55.079,563,83.157
-18.837,-52.838,702,102.63
-12.742,-53.779,844,128.33
-10.429,-53.241,877,131.22
0.64905,-38.735,845,127.74
11.206,-35.015,808,108.94
-5.6873,-43.371,799,102.55
-21.622,-51.098,662,92.37
-19.412,-54.044,566,86.159
-8.3687,-64.434,774,112.67
-13.995,-82.74,761,111.99
-21.549,-98.771,771,109.63
-31.314,-110.35,769,119.59
-25.332,-118.35,815,144.08
-24.822,-138.01,835,152.43
-26.182,-157.3,775,135.11
-27.711,-159.55,773,139.19
-23.753,-145.64,779,126.06
-24.328,-143.71,649,92.701
-31.786,-151.82,756,117.09
-36.39,-142.04,694,110.17
-34.21,-130.77,561,83.628
-28.366,-142.65,599,86.184
-18.931,-152.85,402,71.074
-22.11,-160.16,351,72.786
-20.78,-156.38,476,85.299
-14.372,-157.52,653,95.248
-10.725,-156.29,661,96.778
-15.969,-167.22,705,117.73
-34.912,-159.78,754,119.7
-47.159,-153.71,675,111.49
-44.766,-156.59,511,86.813
-35.122,-163.89,370,75.218
-23.189,-167.04,252,63.846
-17.68,-170.2,194,49.15
-15.48,-172.01,178,46.346
-13.101,-171.84,185,48.422
-10.93,-173.56,200,56.568
-17.709,-175.73,293,65.186
-25.481,-169.96,304,69.527
-40.067,-167.89,300,70.032
-32.046,-158.63,324,75.854
-19.725,-161.87,318,74.11
-9.436,-159.48,345,78.186
-6.0769,-172.58,343,78.873
-9.8319,-179.37,353,81.867
-11.471,-182.33,340,85.597
-12.174,-181.68,335,84.497
-10.313,-182.27,379,77.914
-6.9258,-180.03,364,81.321
-7.9594,-180.12,367,82.512
-12.142,-178.18,403,86.291
-10.197,-167.13,461,92.155
-15.648,-159.18,481,94.553
-17.925,-150.18,531,92.18
-11.645,-154.39,467,87.598
-3.7423,-154.43,441,85.299
-2.5833,-155.38,452,96.927
-4.8023,-160.53,487,90.104
-8.4787,-163.66,524,93.967
-6.2847,-162.01,507,103.06
-6.2168,-162.13,520,95.338
-4.2528,-159.22,593,105.63
-5.9022,-167.06,609,97.605
-3.8622,-169.78,589,91.618
-7.015,-169.64,590,99.557
-7.8966,-174.33,576,94.057
-3.5851,-178.7,602,95.422
-3.7535,-182.24,589,93.172
-2.8097,-187.11,585,89.831
-0.8066,-190.7,550,86.713
-1.8115,-195.89,480,80.064
-1.3927,-199.01,527,82.975
-3.5408,-204.52,474,84.687
-3.3598,-206.78,525,85.58
-6.4104,-209.13,534,85.597
-8.2073,-210.45,531,90.22
-7.4785,-212.73,560,92.08
-6.5015,-215.33,556,88.69
-5.9139,-219.12,550,88.698
-5.274,-221.91,517,87.747
-6.4808,-223.23,546,88.698
-7.3463,-224.33,579,92.527
-6.6169,-227.14,600,93.007
-8.3333,-227.03,627,90.98
-8.4054,-229.64,605,91.485
-11.538,-231.17,640,93.073
-12.722,-229.64,664,106.61
-12.188,-231.61,665,95.736
-12.748,-228.62,670,101.15
-10.368,-229.87,616,94.495
-9.2502,-230.78,600,93.478
-9.9981,-228.39,591,90.939
-7.0189,-233.25,530,82.52
-5.8003,-240.61,574,86.349
-3.3164,-245.23,601,90.203
-2.9244,-248.21,614,93.933
-2.1015,-251.73,603,95.198
-1.6201,-254.12,612,95.868
-2.3218,-258.46,590,93.238
-4.0505,-261.87,445,78.277
-3.2673,-264.24,464,80.345
-4.2006,-271.8,364,70.007
-2.8986,-274.01,319,67.931
-3.3811,-271.17,285,62.903
-1.3085,-271.88,248,56.651
0.34802,-273.1,230,54.36
1.3379,-273.35,220,54.393
1.6999,-272.81,226,58.603
2.8484,-275.06,239,60.48
0.88703,-275.3,278,66.393
0.59663,-273.58,268,61.563
-0.88063,-272.92,254,62.084
0.17678,-273.29,285,61.704
3.2399,-274.92,311,64.962
2.148,-277.17,331,70.751
2.111,-277.35,354,69.263
5.1208,-277.07,351,68.262
7.9632,-278.74,306,62.101
9.6927,-279.28,314,64.243
9.7526,-279.77,350,71.281
8.3639,-275.18,406,73.034
11.575,-273.67,522,84.563
12.441,-273.51,530,85.208
7.0641,-279.22,551,85.902
1.0664,-281.9,569,94.107
-2.1134,-282.07,565,94.396
-0.69395,-279.94,565,84.546
1.1033,-280.93,599,87.06
5.2967,-278.02,575,87.11
5.0116,-283.38,526,86.821
7.6068,-284.75,540,92.866
3.2773,-286.04,543,86.895
3.4834,-285.36,549,88.292
5.4267,-292.3,499,82.04
3.7273,-294.64,598,88.011
1.418,-298.69,551,86.167
0.063201,-300.49,503,81.106
-4.6073,-303.67,532,89.624
-5.6081,-301.35,578,89.095
-2.1668,-300.16,608,90.244
-1.5045,-300.53,603,95.422
-0.78787,-300.54,590,99.351
3.5691,-301.21,574,92.403
4.5758,-300.46,528,85.299
7.1862,-303.38,522,86.986
1.6214,-307.57,534,97.092
-1.5462,-310.13,533,91.212
0.34295,-312.54,552,87.077
-2.4995,-314.26,520,87.474
-0.084151,-313.53,575,96.745
-0.89679,-313.13,592,101.45
-0.17237,-313.83,591,100.21
3.072,-311.25,587,98.564
5.688,-314.05,575,102.34
4.6714,-315.26,543,96.91
0.95918,-313.14,567,95.984
1.1001,-311.12,560,92.51
8.7724,-307.72,598,88.979
9.9487,-309.21,570,90.592
7.8091,-311.43,554,86.597
1.7347,-311.49,587,100.2
-5.9028,-315.31,573,92.072
-7.1093,-313.83,569,91.419
-4.35,-312.39,616,103.09
-0.43618,-312.23,606,107.34
-3.2186,-309.36,584,105.51
2.4654,-310.36,569,94.098
9.2672,-307.18,548,91.138
11.945,-306.81,525,84.753
13.403,-302.43,512,83.802
16.338,-305.18,486,86.531
15.323,-304.88,495,93.751
12.706,-301.89,520,93.627
15.577,-300.77,496,86.349
12.57,-305.05,468,81.512
13.711,-304.77,441,76.334
18.684,-307.28,420,75.11
16.869,-310.45,386,70.958
17.133,-307.41,447,77.02
18.844,-311.04,436,74.564
14.578,-306.68,401,74.366
17.292,-307.58,503,88.102
16.763,-309.01,508,89.558
17.524,-306.84,521,88.764
19.73,-310.5,505,88.384
16.128,-306.39,589,92.701
10.892,-302.51,644,114.65
6.3448,-302.2,576,92.098
9.0317,-307.76,614,109.79
13.331,-308.76,632,107.26
19.237,-308.21,573,96.662
16.722,-311.46,577,97.878
19.206,-312.31,563,98.25
16.097,-317.67,573,104.46
9.1993,-320.06,562,109.51
12.348,-316.39,602,107.51
20.454,-310.19,585,97.341
25.484,-318.04,527,88.153
27.649,-320.71,499,89.161
22.081,-320.56,522,94.661
20.321,-313.36,527,96.886
30.429,-309.45,499,86.382
34.036,-312.1,452,81.387
35.042,-311.06,427,78.575
37.737,-313.55,386,72.389
42.534,-313.39,294,59.926
42.949,-312.25,285,60.116
39.03,-316.67,333,69.933
41.693,-314.4,361,68.816
43.573,-314.41,320,65.566
43.465,-314.73,327,64.499
42.026,-314.74,301,65.235
43.46,-315.67,320,68.419
42.96,-317.52,311,64.524
42.131,-316.93,316,63.805
43.632,-318.06,326,66.211
42.32,-317.82,345,66.087
39.542,-315.04,372,73.299
35.426,-311.45,427,80.163
30.62,-313.47,452,88.144
28.161,-309.1,456,80.808
33.431,-307.16,462,81.106
39.039,-310.35,479,81.916
38.956,-313.14,506,89.368
36.004,-315.02,558,98.713
31.903,-308.56,587,104.2
35.082,-309.28,533,92.593
33.125,-313.16,547,95.347
37.899,-314.62,608,105.72
35.318,-312.73,594,104.34
35.075,-313.8,596,108.33
28.902,-314.5,594,108.35
24.856,-313.52,617,105.65
18.007,-316.82,644,112.6
17.244,-316.8,641,126
12.558,-316.75,603,104.34
11.583,-311.15,625,100.55
10.356,-311.44,600,100.97
8.3069,-314,614,95.199
4.9829,-316.37,611,98.514
2.334,-321.28,615,96.24
2.184,-324.88,588,94.826
-2.5911,-323.44,583,101.12
-2.5854,-323.89,580,112.58
-2.1224,-323.36,564,101.58
-1.5684,-318.81,602,104.88
6.6271,-319.24,607,107.81
10.358,-322.82,605,108.81
22.553,-319.96,626,103.44
27.37,-322.53,579,92.709
27.819,-319.76,578,99.383
25.251,-314.64,616,96.24
29.62,-315.11,609,91.096
28.026,-316.15,625,106.32
28.991,-318.5,625,104.17
34.01,-320.71,598,106.16
29.76,-322.35,582,109.47
25.33,-316.4,608,105.67
28.086,-315.24,628,109.38
20.188,-317.93,618,103.85
18.35,-322.51,555,88.309
14.419,-325.26,572,88.491
14.566,-328.82,572,94.405
19.245,-331.31,575,97.018
21.468,-333.37,530,87.474
23.721,-335.34,530,93.379
23.62,-335.28,463,89.939
21.908,-338.8,405,74.076
22.339,-342.45,347,67.038
19.68,-346,280,60.695
19.302,-350.39,304,63.573
19.136,-353.16,270,61.96
17.78,-351.99,301,66.211
17.478,-351.35,364,74.101
17.579,-352.34,358,67.154
17.977,-349.67,397,81.428
20.2,-347.83,500,91.253
20.544,-347.32,533,101.9
20.235,-346.24,547,92.163
17.897,-345.99,547,95.43
16.797,-346,538,86.109
15.006,-343.28,523,84.464
20.277,-345.24,559,90.84
22.76,-350.16,538,92.792
24.466,-354.83,510,93.47
22.335,-355.71,479,92.734
21.851,-358.44,411,84.472
21.955,-359.2,459,95.504
15.632,-353.29,497,107.6
16.227,-348.89,521,100.55
10.456,-348.42,535,100.11
12.97,-348.15,541,102.32
12.073,-352.23,455,87.73
6.3072,-353.49,486,94.868
9.6799,-355.28,483,95.563
11.364,-355.25,449,86.804
6.3256,-355.53,475,95.033
3.6533,-357.86,493,94.752
1.723,-362.62,458,83.959
1.4512,-368.29,511,84.728
4.2902,-365.86,493,80.436
9.4229,-365.34,534,93.122
17.598,-366.05,562,105.98
13.786,-369.62,507,100.51
11.085,-367.8,479,85.068
17.195,-366.04,547,91.576
16.265,-365.47,552,104.34
19.332,-367.34,547,97.018
23.561,-367.59,568,107.31
25.213,-372.23,556,101.57
23.913,-372.67,532,98.143
26.147,-370.94,564,93.453
26.26,-371.33,558,104.06
29.192,-370.07,548,93.354
32.77,-373.32,511,95.43
28.697,-377.58,535,97.232
31.001,-371.16,585,94.793
34.875,-373.85,579,90.335
34.94,-380.98,539,92.8
31.732,-376.95,563,88.822
33.23,-376.39,568,91.427
25.4,-381.51,535,108.46
26.293,-382.75,548,116.97
32.649,-381.95,536,103.98
33.028,-389.54,533,101.62
29.715,-392.89,518,93.859
28.478,-396.87,510,91.576
28.777,-396.06,483,86.142
28.645,-389.57,514,94.405
33.12,-387.29,538,94.859
35.066,-386.13,548,100.58
32.11,-384.4,570,88.822
34.127,-391.33,542,108.99
33.962,-393.91,534,104.45
33.611,-389.52,563,100.57
36.986,-381.12,543,99.375
41.046,-383.18,528,90.212
37.017,-391.34,532,101.41
34.75,-396.82,536,90.054
32.505,-397.83,549,103.2
32.019,-401.03,503,99.871
32.73,-402.23,488,82.793
31.19,-398.09,517,87.722
32.809,-396.8,561,92.85
25.641,-392.68,556,102.35
28.994,-400.11,540,100.1
27.515,-402.74,519,97.688
28.486,-399.25,533,96.405
31.835,-400.48,548,95.753
25.809,-404.23,530,93.809
26.264,-407.63,507,86.358
22.111,-407.32,489,87.483
24.101,-402.82,526,95.455
23.919,-407.2,474,80.411
30.838,-405.25,525,88.59
35.328,-404.74,531,89.012
37.616,-398.99,500,87.871
38.532,-405.67,439,74.3
38.28,-401.18,458,81.288
42.754,-395.81,441,74.746
39.353,-397.91,428,78.476
40.378,-398.34,509,86.515
41.6,-389.82,536,88.21
43.561,-397.16,509,84.133
37.063,-404.44,525,81.635
42.924,-401.35,529,87.987
45.237,-399.41,536,92.18
46.747,-393.45,526,84.083
44.823,-400.05,538,91.436
39.059,-403.58,558,93.958
42.66,-395.95,548,89.988
50.122,-395.59,513,83.314
42.253,-395.6,551,93.28
41.411,-398.41,585,100.03
42.947,-400.76,578,89.17
35.982,-400.77,573,89.798
40.314,-404.13,557,91.493
35.572,-403.56,575,101.96
31.403,-412.09,549,96.158
32.122,-410.87,544,88.698
37.896,-406.3,541,100.42
43.451,-408.09,549,105.25
46.762,-405.61,521,98.382
49.842,-403.69,562,102.98
42.43,-408.2,532,103.78
44.04,-403.71,530,88.574
47.451,-404.51,501,84.77
51.322,-401.91,523,99.466
57.108,-399.48,476,85.398
50.156,-402.17,494,95.058
44.618,-409.59,529,97.307
45.877,-408.09,516,93.453
41.903,-412.07,527,106.11
38.584,-416.68,443,87.309
41.098,-415.8,459,83.157
41.923,-414.51,513,86.729
42.319,-410.45,549,91.774
43.844,-416.85,534,93.66
42.84,-412.67,554,95.108
39.074,-413.04,554,100.3
29.439,-414.72,520,93.693
32.687,-416.42,502,84.943
38.936,-413.13,534,88.392
43.545,-420.41,461,78.087
47.876,-420,450,81.205
52.488,-414.66,457,81.246
56.241,-412.43,443,76.458
55.523,-419.18,450,83.827
49.671,-414.75,508,88.599
49.618,-409.15,577,105.79
47.447,-409.45,553,93.479
42.157,-418.3,549,94.942
33.154,-420.53,504,90.989
35.509,-416.49,367,107.93
31.079,-413.3,292,93.694
36.928,-417.43,456,93.512
41.42,-415.98,431,99.582
44.03,-413.62,562,97.944
46.27,-411.6,607,110.42
44.737,-412.15,575,107.31
51.411,-417.97,583,108.01
47.695,-419.36,568,110.08
47.077,-418.32,531,99.805
51.106,-418.37,571,111.55
53.206,-417.94,541,90.633
45.936,-417.5,497,85.77
47.794,-416.76,557,93.751
54.743,-415.91,559,93.188
59.55,-418.71,469,81.337
49.267,-419.22,457,78.517
44.401,-417.96,410,76.946
43.495,-421.75,242,60.348
36.955,-423.59,520,81.693
32.993,-421.13,511,84.323
28.641,-419.32,509,83.182
36.085,-426.44,452,76.483
34.299,-423.01,484,93.214
39.593,-427.83,421,79.436
39.494,-429.56,437,78.319
47.631,-423.52,326,99.781
44.453,-431.29,296,86.821
40.838,-438.3,393,74.854
42.098,-437.05,429,78.493
42.368,-436.96,395,75.061
50.475,-429.5,465,83.066
50.542,-427.44,438,86.151
47.827,-435.74,450,80.461
44.888,-442.63,410,78.856
41.65,-446.04,406,83.827
42.985,-448.64,438,84.29
45.581,-447.34,381,94.62
48.003,-451.91,438,83.487
50.868,-447.79,449,98.068
48.892,-453.59,412,80.328
53.004,-454.55,390,81.503
53.67,-462.8,338,76.459
50.222,-463.38,404,74.763
53.136,-464.13,398,72.728
54.404,-470.75,338,64.036
53.539,-470.53,308,65.649
50.148,-471.86,300,71.281
52.616,-471.26,344,72.968
47.197,-468.63,393,84.174
52.095,-462,236,96.994
52.872,-470.73,402,81.751
50.633,-475.17,421,82.115
44.81,-473.8,375,77.74
48.765,-481,402,87.747
44.693,-481.47,323,74.854
48.956,-482.62,339,86.011
49.427,-483.95,349,76.161
52.208,-482.32,354,69.627
55.026,-474.98,326,75.226
58.446,-476.98,371,74.184
57.809,-479.11,420,87.978
61.549,-478.78,339,74.986
53.78,-476.41,263,81.594
52.01,-486.99,447,84.736
58.5,-484.71,458,85.456
61.415,-482.21,466,85.647
63.397,-482.14,468,89.111
58.516,-488.46,462,88.929
56.455,-487.74,471,85.191
49.766,-490.97,454,81.056
51.598,-489.15,469,86.068
48.895,-485.4,385,99.673
56.212,-478.1,470,97.762
62.739,-480.08,487,94.305
58.984,-488.71,478,91.402
60.872,-487.91,491,91.32
62.859,-488.55,478,83.529
60.184,-494.94,446,87.375
60.641,-493.01,477,87.209
58.202,-497.46,460,90.832
55.66,-504.03,418,85.928
57.001,-497.09,468,85.398
59.96,-501.26,459,88.169
60.994,-511.39,414,75.408
60.599,-508.1,433,80.717
63.57,-502.31,491,94.603
65.367,-508.77,478,87.937
64.203,-512.52,437,80.188
59.17,-509.12,436,83.256
64.834,-506.06,431,86.986
69.055,-511.88,447,80.535
61.524,-516.17,408,80.924
70.537,-512.7,430,79.7
66.679,-513.33,469,85.141
72.108,-515.57,419,75.06
67.851,-514.16,407,72.546
68.931,-510.46,442,79.642
62.347,-518.55,436,85.142
63.873,-518.16,441,84.455
67.81,-519.13,470,90.079
61.24,-518.87,435,82.305
62.2,-515.54,447,82.586
70.187,-522.28,424,76.02
64.571,-523.63,425,81.792
65.137,-528.3,412,86.39
67.738,-520.99,451,90.616
71.08,-525.99,451,81.867
70.108,-528.23,429,78.079
63.814,-532.82,411,78.311
72.364,-524.23,411,77.533
73.014,-529.09,409,76.822
73.086,-535.27,384,71.761
64.742,-527.04,441,86.953
71.792,-525.29,454,86.994
73.343,-535.02,400,72.679
67.83,-528.02,446,78.327
71.52,-526.81,446,88.136
74.425,-526.02,444,81.618
67.692,-521.09,317,75.532
65.984,-525.77,466,88.905
71.812,-520.79,487,89.69
79.035,-527.54,456,87.557
76.777,-530.53,448,87.995
70.009,-527.78,446,85.745
73.425,-523.19,438,95.001
75.679,-528.94,475,95.24
74.68,-525.13,480,85.026
67.116,-530.2,441,85.928
63.732,-530.57,403,83.447
62.926,-530.75,458,81.007
69.003,-536.02,410,73.696
78.561,-538.28,394,71.438
74.659,-542.63,348,69.114
75.811,-542.34,365,74.729
75.324,-543.84,369,73.977
79.38,-540.96,454,88.069
81.862,-541.87,426,80.949
83.551,-543.54,396,82.652
78.9,-546.21,417,86.051
82.689,-538.77,398,83.43
84.336,-536.34,434,95.496
80.911,-544.45,367,95.149
79.87,-538.4,404,117.11
85.656,-540.19,412,95.43
85.339,-547.07,406,88.756
77.404,-546.21,412,82.785
70.955,-540.2,372,88.996
71.683,-548.38,381,81.131
76.554,-549.34,367,79.932
76.363,-542.76,325,97.721
75.554,-548.69,375,89.005
77.387,-554.95,350,70.901
78.631,-554.03,326,68.155
79.788,-553.38,368,85.861
82.063,-558.15,382,80.609
79.543,-559.23,367,78.583
78.544,-560.85,380,81.544
76.122,-547.86,346,78.427
80.935,-549.88,398,92.246
79.083,-557.08,349,89.087
80.759,-559.74,371,69.759
82.412,-563.59,378,73.373
82.891,-565.7,269,82.992
76.081,-567.82,501,90.129
82.703,-571,515,90.112
86.56,-565.36,491,87.639
79.814,-566.08,514,90.096
81.33,-559.52,484,96.464
82.641,-556.27,514,93.859
82.847,-561.76,532,95.959
85.155,-572.38,480,82.057
80.087,-572.58,472,82.148
76.496,-566.87,488,92.196
88.23,-567.41,516,83.992
88.095,-574.99,494,84.472
79.973,-578.35,454,76.243
76.596,-569.95,465,81.759
83.057,-571.97,497,86.903
89.95,-569.35,511,90.203
85.057,-579.85,514,92.891
81.868,-584.05,490,88.756
85.922,-574.35,515,88.4
86.38,-581.95,524,92.982
80.668,-582.05,478,84.48
84.244,-574.11,499,90.013
85.201,-579.54,512,96.456
87.067,-587.38,473,85.44
83.033,-592.42,455,92.709
83.578,-586.37,494,86.895
79.278,-594.77,462,91.899
84.563,-595.91,442,85.092
81.636,-589.05,501,90.567
82.679,-591.01,508,99.325
76.561,-593.29,450,80.519
81.929,-594.07,465,80.452
78.68,-592.98,480,85.159
82.156,-596.02,464,80.825
77.344,-595.33,465,82.512
73.98,-599.35,431,81.528
77.19,-600.37,461,86.043
79.581,-607.59,422,88.301
75.868,-607.79,469,103.23
77.678,-600.55,480,95.959
78.728,-597.25,467,94.033
79.628,-606.76,440,91.22
78.202,-607.71,409,85.977
80.077,-616.06,377,77.542
74.726,-613.43,373,75.292
82.474,-608.7,413,72.571
76.723,-609.54,402,82.702
79.57,-620.01,374,85.705
78.238,-617.54,352,77.533
79.283,-624.38,349,70.247
80.052,-624.39,285,75.201
82.114,-632.54,282,75.524
81.851,-630.91,294,76.028
79.085,-632.47,312,70.239
79.227,-628.08,225,57.511
84.158,-633.5,240,78.782
83.055,-638.22,336,69.387
79.177,-640.67,376,77.922
73.57,-639.42,365,71.769
80.355,-637.26,452,82.586
78.968,-639.16,353,74.539
78.201,-640.93,343,70.818
79.449,-641.62,386,76.037
83.714,-644,384,71.372
81.079,-645.04,385,73.547
78.322,-643.2,323,85.233
79.605,-642.24,390,77.806
78.705,-645.34,385,76.144
80.637,-644.2,341,68.254
77.631,-645.49,393,75.78
80.125,-642.84,428,92.453
77.24,-645.5,371,91.651
74.593,-643.28,407,81.759
82.159,-646.12,380,80.254
84.145,-642.96,425,82.007
80.266,-640.26,397,78.658
81.488,-647.15,363,77.104
85.959,-643.24,413,80.089
82.435,-644.28,368,86.151
89.367,-645.62,378,77.054
88.688,-646.76,376,73.349
89.689,-644.21,333,71.943
92.119,-646.94,419,80.899
92.913,-648.88,343,82.694
83.591,-645.87,361,77.004
91.776,-647.15,361,79.882
91.675,-647.4,384,92.229
97.839,-646.79,383,78.294
92.801,-651.76,354,95.455
95.831,-644.06,407,79.096
94.913,-652.21,472,102.47
92.278,-654.25,393,112.67
95.252,-651.33,413,85.563
93.951,-655.42,402,123.95
90.735,-655.36,387,111.5
89.016,-653.55,403,86.01
86.344,-659.11,394,94.934
79.197,-651.36,406,82.14
88.981,-655.07,331,97.68
87.315,-654.64,317,96.77
74.525,-659.2,136,51.879
88.64,-660.67,103,40.739
90.231,-655.91,583,103.48
99.047,-655.48,550,95.248
95.477,-664.32,479,76.855
88.942,-657.59,492,82.719
88.951,-656.62,514,85.489
99.303,-661.43,557,94.371
99.98,-667.59,497,81.279
97.407,-671.46,486,83.62
97.246,-678.47,451,78.501
95.953,-678.16,419,79.816
99.957,-674.71,489,82.388
100.2,-677.58,448,79.808
100.53,-680.33,463,85.563
102.15,-685.05,430,72.687
101.65,-686.62,441,79.064
100.8,-687.92,479,85.233
102.22,-687.2,473,89.715
99.901,-684.24,499,86.994
102.31,-684.73,477,84.389
103.26,-687.44,487,87.739
107.33,-690.92,483,84.241
99.991,-696.87,437,80.064
105.88,-698.39,466,78.542
104.11,-701.04,427,75.201
96.435,-700.84,407,74.11
102.01,-704.89,380,74.482
96.614,-707.61,339,70.082
93.705,-708.14,320,70.288
95.054,-710.34,339,73.241
98.82,-707.21,382,93.793
100.86,-712.66,280,76.119
100.44,-716.52,241,69.296
88.996,-713.56,160,48.629
98.544,-715.25,168,55.617
93.64,-729.07,360,94.396
90.338,-724.1,455,92.064
100.13,-729.92,404,95.165
102.35,-735.43,310,79.51
97.817,-735.86,251,64.524
102.33,-730.46,364,102.86
90.861,-727.38,374,83.761
98.525,-728.89,401,82.173
100.16,-722.8,489,98.242
99.583,-732.88,325,99.168
92.659,-734.31,227,66.418
91.136,-731.19,267,72.125
99.412,-726.28,445,93.206
104.29,-728.53,407,97.25
103.09,-737.83,247,70.537
102.15,-729.96,309,78.22
93.984,-728.7,397,99.88
104.7,-730,351,87.011
102.94,-725.77,453,103.03
104.07,-729.18,431,96.795
97.991,-736.65,252,89.493
99.472,-739.01,171,78.038
106.06,-739.22,169,68.833
95.637,-737.13,196,85.151
104.3,-734.89,179,64.268
104.3,-734.89,179,64.268
