0,-0,188,83.761
-0.67908,0.42376,564,98.151
0.8376,0.27348,550,92.171
1.4405,-1.7427,519,82.966
2.5011,-3.4028,527,81.081
1.9895,-5.2801,525,84.307
1.4936,-5.6163,524,85.737
1.8543,-5.9389,524,91.129
2.4614,-6.1997,507,81.834
3.5156,-5.1962,536,88.392
4.2179,-4.6355,552,88.806
4.7023,-5.4381,546,91.237
4.9121,-5.1064,560,91.146
5.1307,-5.7752,537,85.009
4.8761,-7.0451,518,83.256
3.4857,-7.3231,536,87.962
2.353,-7.2844,551,91.121
1.8751,-6.297,541,86.068
1.6283,-6.5623,555,91.171
2.2521,-6.5411,550,89.161
2.669,-6.5304,559,95.935
4.5997,-7.5169,570,91.899
5.0171,-9.2724,537,88.235
5.0227,-10.432,523,83.868
5.2803,-10.558,532,85.117
5.3693,-10.9,551,93.702
5.7346,-12.048,568,93.76
5.8321,-11.688,552,89.012
6.2687,-11.336,528,81.825
7.9996,-12.208,560,89.988
7.4377,-13.758,542,89.574
6.3497,-14.373,534,87.085
5.6191,-13.411,549,88.542
5.6489,-12.609,545,87.681
5.9572,-12.494,565,91.171
6.4769,-12.72,570,92.899
7.3103,-14.264,546,86.895
7.5983,-15.781,547,85.241
7.859,-17.497,555,90.369
6.8326,-17.679,540,84.687
6.1963,-18.253,539,84.679
5.647,-16.978,551,89.774
6.9335,-15.876,552,92.593
9.2757,-14.856,563,87.234
11.321,-15.995,556,90.848
13.117,-18.831,544,87.085
13.75,-20.787,544,85.754
14.196,-23.443,544,89.343
13.977,-25.371,545,88.715
14.49,-25.87,558,90.096
14.938,-26.418,564,86.25
14.584,-26.816,579,88.309
14.377,-27.226,593,87.019
14.452,-26.958,609,90.377
13.874,-27.187,592,86.316
14.319,-27.4,599,87.772
13.945,-27.511,610,87.904
14.176,-28.154,601,86.647
14.991,-28.448,609,88.036
14.564,-28.679,594,87.565
14.577,-29.009,597,85.506
14.534,-29.392,616,88.698
14.949,-29.841,599,85.861
14.516,-29.866,618,88.499
14.228,-30.701,612,90.32
14.374,-30.827,612,88.623
14.344,-30.297,611,86.647
14.421,-30.252,611,89.971
14.753,-31.039,611,89.732
14.925,-30.918,594,85.803
14.383,-31.558,613,91.51
14.805,-32.576,602,87.582
15.814,-32.526,595,87.358
14.682,-32.835,594,88.152
14.162,-33.531,609,90.187
14.278,-34.028,605,88.094
14.549,-33.396,613,88.392
13.673,-33.249,621,90.749
14.016,-34.375,621,90.088
14.782,-34.094,602,89.906
14.409,-33.036,626,94.09
14.968,-34.294,622,91.237
15.388,-33.902,637,92.667
15.283,-34.485,617,93.834
15.282,-34.558,617,90.385
15.358,-36.386,604,88.806
16.718,-36.064,622,90.468
15.78,-35.981,625,93.354
15.478,-36.297,642,97.225
15.184,-37.119,626,91.319
14.623,-37.319,630,91.51
14.856,-38.007,628,91.187
15.215,-37.546,620,90.955
14.27,-36.486,650,97.175
13.998,-37.603,640,94.189
13.863,-38.173,624,91.923
14.714,-39.669,615,89.872
15.986,-38.788,627,91.948
15.223,-38.329,627,96.439
14.728,-40.449,612,91.65
14.851,-41.997,613,91.311
14.929,-42.39,616,89.5
14.606,-42.878,633,91.766
13.832,-42.193,639,97.754
14.218,-43.913,633,94.322
13.471,-42.939,640,96.819
13.214,-43.492,637,92.336
15.06,-43.998,632,89.632
15.015,-42.243,634,96.91
13.895,-42.398,639,94.404
13.94,-45.338,616,93.081
14.715,-44.785,611,91.857
15.001,-45.01,640,95.289
14.979,-46.057,634,91.989
15.151,-46.521,640,96.703
14.088,-48.259,626,93.056
14.231,-49.092,654,99.027
14.009,-48.908,642,95.562
13.628,-49.407,654,94.413
13.024,-50.236,658,99.143
13.335,-49.951,667,98.324
13.469,-51.106,665,97.969
13.959,-50.244,650,95.777
14.624,-50.072,677,100.95
15.097,-50.095,481,97.25
14.837,-49.047,387,92.138
14.062,-49.645,399,78.84
13.253,-50.777,324,66.972
12.581,-51.38,233,55.733
12.23,-51.566,185,46.752
11.901,-51.832,141,40.458
12.57,-51.538,126,36.976
13.7,-48.859,120,37.075
14.722,-44.991,127,40.466
15.534,-40.383,135,45.42
17.255,-35.725,141,49.439
16.42,-32.108,144,51.035
16.431,-28.649,135,47.033
14.482,-25,138,50.688
12.648,-21.612,137,46.735
11.246,-19.036,153,50.01
9.7908,-19.071,169,53.169
9.4501,-17.569,173,51.416
8.0658,-16.481,171,50.961
6.7918,-15.224,179,52.921
5.6816,-14.578,197,60.505
6.3835,-14.256,200,60.72
6.6085,-15.175,215,59.562
6.5777,-16.541,234,64.962
7.0925,-15.439,243,64.061
6.8949,-14.69,243,64.706
6.1619,-13.302,249,59.918
4.9151,-12.495,244,56.725
4.1559,-12.336,213,56.593
2.5235,-12.42,207,59.19
1.6571,-12.055,218,66.352
2.0183,-11.811,224,61.042
2.6041,-11.412,225,59.289
2.5777,-9.3532,234,58.222
1.9587,-10.818,233,58.247
1.4292,-10.847,232,60.811
1.9061,-11.288,246,59.934
0.71273,-13.216,261,59.611
-0.05415,-13.809,233,60.232
-0.71507,-11.61,212,58.52
-0.11591,-8.4383,172,49.828
-2.9315,-8.7477,150,47.024
-10.913,-8.6099,169,48.885
-12.521,-8.997,173,53.781
-15.445,-6.4428,158,52.921
-16.326,-9.6399,193,62.928
-15.244,-12.934,192,59.687
-15.471,-12.188,172,58.471
-14.388,-12.328,163,49.985
-13.733,-13.528,157,48.811
-14.947,-12.965,147,50.357
-17.469,-11.077,126,50.018
-20.588,-11.982,126,50.407
-21.366,-11.945,160,50.283
-24.711,-13.183,183,47.777
-21.873,-14.414,179,47.851
-18.996,-14.953,169,50.705
-16.173,-15.715,163,53.773
-17.061,-14.993,176,49.414
-18.481,-13.013,159,47.595
-15.722,-14.74,166,50.936
-14.853,-12.314,136,45.304
-13.622,-11.81,158,50.059
-14.096,-11.227,167,50.291
-14.286,-9.84,180,52.276
-14.418,-8.0888,163,50.688
-9.9593,-7.5892,168,55.617
-8.4341,-5.0419,169,54.509
-4.9231,-5.0116,190,61.34
-2.2582,-3.7374,165,51.317
-0.68181,-4.9656,155,52.648
1.5407,-6.357,168,52.946
-0.22799,-5.5828,137,44.411
-1.6132,-5.7758,166,45.42
-0.69149,-5.7532,138,47.206
-0.59863,-4.4653,140,41.268
-1.5706,-5.0618,153,47.223
2.4279,-5.3914,155,54.79
3.4063,-5.1569,179,53.012
4.4941,-3.8609,229,66.947
1.9969,-2.1011,223,56.477
3.5465,-0.43261,187,52.342
5.643,-1.1802,139,44.196
2.8224,-1.7122,144,47.082
-0.5639,-4.6183,145,43.369
0.23862,-6.2516,186,56.949
0.83362,-5.6408,239,62.721
1.8858,-7.9175,207,53.45
3.8894,-11.101,235,60.67
5.2314,-12.421,253,67.973
7.655,-14.861,267,68.089
6.1418,-17.093,240,69.163
7.5783,-19.133,278,86.266
7.3927,-22.726,291,83.281
6.5932,-25.897,274,82.892
7.11,-28.704,272,84.778
7.1674,-30.787,287,87.788
7.7179,-34.518,276,87.151
8.6451,-37.984,257,83.322
11.212,-39.559,275,87.954
8.7577,-41.082,256,79.154
8.9593,-46.482,252,79.072
9.6819,-49.329,237,72.513
7.5274,-51.576,217,70.404
4.6508,-51.118,241,74.82
2.9113,-50.176,214,61.547
4.3363,-50.057,180,51.242
8.0585,-49.856,192,55.435
8.976,-53.122,191,54.443
6.1535,-53.107,171,56.949
3.0519,-49.41,152,50.564
2.3383,-47.929,151,51.655
3.4923,-49.725,117,44.221
7.8994,-49.217,121,46.561
7.5942,-47.593,126,43.485
10.918,-51.53,119,45.908
14.548,-56.573,161,50.101
14.684,-57.976,152,49.96
13.36,-59.976,136,49.919
14.077,-57.891,138,43.733
15.931,-57.252,139,42.517
13.085,-56.476,192,54.724
13.227,-55.106,196,50.448
15.276,-54.025,171,61.431
15.846,-51.774,214,58.082
16.523,-55.414,224,57.048
14.767,-58.554,192,54.41
15.472,-60.052,122,43.344
14.428,-61.506,121,47.115
14.177,-62.177,144,50.936
14.815,-60.913,165,55.038
15.506,-60.806,129,46.644
12.753,-59.416,162,51.722
13.216,-59.812,152,52.549
11.094,-58.188,161,52.83
11.21,-59.228,142,49.166
12.985,-59.563,130,39.771
14.664,-58.556,145,44.088
15.178,-59.177,157,49.456
13.207,-59.872,153,43.526
13.179,-60.73,151,45.279
15.447,-60.088,152,48.149
17.093,-56.87,169,49.894
15.297,-58.584,178,47.942
14.854,-61.101,174,47.818
13.334,-57.241,200,52.78
12.632,-58.097,226,63.589
13.08,-56.437,217,65.078
11.168,-55.225,217,67.733
9.8358,-58.642,220,60.893
12.429,-57.989,224,67.154
10.915,-59.089,244,64.499
8.5994,-61.147,220,57.801
7.0292,-61.265,213,64.574
3.5909,-62.054,170,50.399
1.0256,-63.456,152,47.016
-0.80877,-64.194,162,50.2
-0.56729,-64.184,157,50.291
-0.34339,-63.88,158,46.834
-0.0063042,-63.62,162,47.967
-0.17363,-63.256,168,47.479
0.59622,-62.459,179,48.877
0.96236,-61.665,195,50.498
2.1532,-61.048,206,53.864
1.9196,-60.359,225,54.344
0.73907,-60.647,216,52.549
-0.1364,-59.965,236,55.642
0.75656,-58.889,231,59.562
1.9811,-56.433,226,56.841
2.9891,-54.136,227,55.361
1.9299,-56.261,206,52.549
2.2778,-58.928,179,48.033
3.0743,-60.664,158,45.048
2.9092,-61.13,139,42.997
2.4097,-60.387,168,45.693
1.8465,-60.455,158,44.932
1.4953,-60.848,166,48.124
2.7097,-61.148,172,52.251
3.3599,-60.723,185,57.188
4.4497,-62.249,209,58.164
3.9053,-64.193,217,63.788
3.6821,-65.222,182,56.386
5.1702,-65.085,188,54.997
4.1098,-65.133,156,46.966
4.9237,-64.84,165,53.955
4.5766,-63.405,138,44.13
5.8329,-61.955,123,43.832
7.4997,-59.094,136,46.255
7.3588,-57.154,189,54.799
10.715,-58.438,214,55.551
8.5915,-61.667,235,64.226
8.7515,-65.215,193,57.023
9.6206,-64.459,165,50.101
7.9312,-65.095,163,47.223
7.4345,-66.06,123,42.906
7.0889,-68.232,107,37.257
8.0044,-67.864,97,37.183
7.6267,-67.937,110,40.648
7.3763,-69.05,118,42.236
4.6835,-67.594,136,45.61
6.7276,-68.564,136,52.35
7.0969,-70.371,163,53.856
4.1026,-65.925,136,42.128
2.6451,-67.879,153,52.342
3.8085,-68.755,159,48.24
5.3187,-66.625,147,51.209
6.927,-68.494,135,46.71
8.3854,-65.24,130,41.194
7.7395,-63.618,145,45.974
6.0882,-64.681,143,45.585
4.8009,-64.368,131,46.553
4.2874,-61.756,142,47.38
3.9654,-59.395,153,53.302
3.7693,-60.48,153,43.849
2.4731,-61.557,158,50.845
3.9864,-60.027,163,54.558
1.8012,-60.948,137,46.156
1.7342,-61.932,148,52.342
2.4146,-61.622,165,52.549
0.63757,-61.853,117,41.103
-1.3155,-62.762,121,44.957
-0.73943,-64.108,146,45.147
-2.3535,-66.108,142,42.401
-2.8244,-64.899,158,45.61
-3.4272,-64.887,140,43.253
-4.93,-65.163,130,40.574
-4.2462,-66.726,128,43.369
-5.0115,-66.448,150,46.834
-4.3823,-65.963,152,48.323
-3.9518,-65.964,146,51.259
-4.0193,-64.346,151,50.109
-4.9661,-61.988,142,49.249
-5.2384,-61.734,128,46.445
-5.0486,-62.172,140,46.826
-4.2369,-62.518,132,45.255
-3.2947,-62.069,126,43.369
-4.001,-61.014,126,46.462
-4.1677,-60.736,126,42.517
-4.4315,-62.645,125,42.815
-4.931,-64.698,119,40.904
-4.1995,-64.613,125,42.517
-3.7405,-64.376,102,36.91
-4.8002,-64.64,115,43.65
-7.4693,-65.085,126,45.974
-8.578,-65.53,119,43.923
-7.0646,-66.482,134,42.699
-6.4364,-67.764,98,36.678
-8.802,-66.806,95,35.959
-6.1626,-66.505,104,36.331
-7.2832,-65.734,120,39.126
-7.5478,-64.354,87,33.61
-7.1107,-61.838,99,33.957
-4.9915,-61.539,105,36.521
-5.2871,-61.171,115,37.092
-4.1423,-60.675,122,37.927
-3.7335,-62.368,131,43.361
-2.4213,-63.418,161,48.621
-1.8666,-63.12,157,50.407
-0.46822,-61.56,159,47.008
0.81518,-61.821,150,45.428
2.1342,-61.907,175,54.319
3.8932,-63.546,189,48.786
4.4023,-63.044,192,52.094
4.1842,-61.257,173,52.069
4.2969,-58.787,172,47.711
5.1536,-55.643,142,42.724
7.2477,-56.561,148,45.792
9.0028,-58.684,175,49.431
7.8619,-60.872,131,42.261
7.3215,-58.549,154,51.978
8.0247,-55.385,148,47.198
7.1835,-51.939,136,40.524
7.1369,-49.295,134,45.511
6.9786,-49.911,147,54.765
7.8293,-49.794,192,56.262
7.3062,-51.322,213,56.27
5.4908,-53.216,192,49.042
4.2435,-55.807,177,50.754
4.4906,-58.573,195,51.209
4.6525,-58.266,218,54.501
6.4651,-55.788,198,55.534
7.4228,-54.701,210,59.463
7.5951,-56.578,239,62.316
9.6009,-58.474,236,57.329
12.978,-58.652,218,56.841
15.27,-58.363,206,56.469
15.054,-55.96,220,58.495
12.219,-56.649,217,55.27
11.742,-58.101,239,59.19
11.764,-59.476,224,61.406
11.619,-59.155,243,64.152
11.271,-57.446,229,62.564
11.091,-57.119,223,70.015
11.55,-58.773,201,65.277
13.548,-60.846,184,57.966
15.814,-63.012,168,51.135
15.414,-63.95,152,48.439
14.731,-65.14,154,47.314
15.338,-64.589,168,44.684
16.398,-64.393,185,52.847
15.567,-63.562,141,47.016
14.23,-63.894,121,44.642
13.442,-64.818,120,41.872
14.515,-66.584,116,39.217
15.22,-66.294,119,44.295
16.156,-66.269,95,38.969
17.241,-65.024,104,35.735
16.944,-66.74,133,42.062
16.893,-67.347,118,45.511
16.817,-67.588,113,43.452
16.86,-67.323,117,41.64
16.236,-68.305,103,35.487
16.685,-67.615,105,36.099
17.175,-68.061,101,35.322
18.093,-68.266,109,38.688
18.817,-67.003,122,41.549
19.341,-67.496,124,41.293
18.991,-66.149,126,39.515
18.992,-67.792,136,39.887
18.417,-68.57,143,45.792
20.125,-66.204,136,44.378
19.725,-65.905,143,42.054
20.555,-66.793,130,42.261
22.042,-66.069,124,39.027
22.286,-67.028,109,40.756
22.375,-65.009,120,40.193
21.758,-64.029,139,44.701
23.252,-65.399,151,50.225
24.69,-64.391,152,45.602
24.415,-63.841,150,47.967
22.121,-62.682,160,51.192
21.382,-65.054,171,52.64
22.569,-66.388,167,54.219
22.359,-66.734,158,54.219
21.839,-66.424,130,45.883
21.438,-66.259,127,42.194
21.787,-66.663,137,47.38
20.709,-65.408,140,46.834
21.099,-65.789,141,48.025
21.185,-64.094,146,50.473
21.622,-62.848,150,48.05
22.489,-62.337,144,47.107
23.473,-62.551,149,46.801
24.527,-62.014,149,44.94
24.288,-63.864,173,46.809
22.698,-64.639,145,46.727
21.574,-63.64,141,47.967
22.131,-65.108,149,49.249
22.248,-64.709,148,48.042
21.993,-64.673,152,45.949
23.065,-64.45,152,46.28
25.011,-65.709,143,41.781
26.536,-65.888,136,44.585
27.391,-66.298,127,49.473
27.266,-66.126,118,45.238
28.658,-66.061,126,42.236
29.139,-68.424,124,46.851
28.791,-69.137,112,42.079
28.735,-68.675,122,43.625
27.473,-68.005,146,46.503
27.522,-67.262,143,43.344
29.508,-67.768,123,42.145
30.019,-68.177,119,45.974
29.031,-67.141,126,42.236
30.57,-68.27,130,45.031
30.639,-68.626,118,40.069
29.879,-67.222,99,34.371
28.95,-65.79,106,39.325
28.827,-65.312,109,37.53
30.152,-65.452,134,44.469
29.635,-65.377,127,45.627
27.929,-64.722,124,44.022
26.511,-65.406,141,45.139
26.002,-64.214,160,44.295
26.488,-64.024,156,46.644
28.595,-65.867,145,43.741
27.743,-66.703,138,44.08
27.359,-65.651,140,50.407
26.389,-64.269,131,43.65
28.214,-63.811,138,46.834
28.754,-64.966,148,46.181
27.885,-65.178,156,48.902
28.207,-64.113,163,49.183
29.299,-65.12,161,46.007
29.867,-65.532,153,44.965
29.836,-65.795,147,45.337
29.16,-64.639,145,44.659
28.009,-64.808,150,43.989
26.724,-65.744,154,45.23
26.269,-65.059,165,49.836
27.158,-65.246,166,47.934
28.59,-65.799,169,48.786
28.75,-66.173,153,47.57
27.984,-67.243,148,46.991
28.438,-67.249,162,45.792
27.571,-67.044,139,41.847
27.705,-65.516,135,44.477
26.18,-64.677,132,45.312
26.073,-64.807,136,47.545
27.939,-65.623,138,45.122
28.913,-66.744,143,45.238
28.631,-66.2,141,45.312
26.809,-64.579,138,46.462
26.398,-63.512,134,45.122
27.485,-63.241,136,44.295
26.654,-64.974,142,46.809
26.995,-66.334,150,46.313
26.997,-67.469,117,42.906
27.38,-66.782,119,40.069
26.043,-67.108,149,48.976
26.595,-67.97,145,43.733
27.291,-68.209,139,41.177
28.39,-68.403,129,43.832
28.152,-68.534,157,46.065
26.926,-68.942,170,48.422
27.189,-68.514,150,48.025
26.939,-68.674,138,44.287
26.515,-70.388,143,44.055
28.676,-70.867,128,43.344
30.173,-70.847,118,39.052
29.541,-72.075,116,39.424
29.849,-72.158,122,40.375
30.221,-70.926,114,38.432
29.075,-68.376,120,40.367
29.433,-67.03,141,45.676
29.721,-63.365,148,47.173
28.509,-61.386,130,42.236
26.553,-59.736,145,48.811
26.927,-60.182,160,48.422
28.156,-62.556,167,51.093
27.783,-63.25,154,48.116
26.111,-62.564,149,43.65
25.825,-62.416,124,40.557
25.622,-61.337,123,42.12
25.57,-61.234,151,48.488
25.006,-62.388,167,50.638
25.057,-64.282,177,52.251
24.354,-64.607,174,56.031
23.68,-65.446,171,54.484
23.246,-65.58,169,57.255
22.927,-65.573,161,50.217
23.483,-65.438,166,55.898
23.903,-65.126,159,54.12
24.471,-65.532,151,45.949
24.51,-65.847,134,42.17
23.055,-66.51,142,46.462
24.095,-66.349,129,42.029
22.569,-66.453,125,42.434
22.129,-68.984,128,41.682
23.896,-69.792,126,41.02
25.286,-69.086,136,43.245
25.663,-67.61,110,37.53
25.469,-67.469,106,37.026
27.952,-68.207,132,42.881
28.979,-69.59,141,43.964
29.627,-71.108,138,43.435
29.175,-71.453,142,42.517
28.207,-71.954,143,41.69
28.47,-72.331,139,42.616
28.976,-71.185,143,47.033
29.927,-70.615,144,51.424
29.462,-70.827,153,52.069
30.373,-71.686,147,50.481
29.888,-71.439,151,49.042
29.771,-71.728,161,49.704
30.085,-72.725,141,49.902
30.593,-72.576,139,46.462
31.104,-72.828,132,43.253
31.385,-72.116,137,44.295
30.009,-72.381,150,42.964
28.649,-72.664,144,46.189
27.73,-73.501,115,38.225
27.67,-73.231,123,40.177
27.117,-72.395,136,41.847
27.109,-71.872,140,45.949
28.144,-71.906,149,51.308
28.334,-71.806,139,41.847
28.87,-71.354,146,44.171
28.856,-71.802,147,42.864
29.557,-73.32,151,43.336
29.083,-73.163,113,38.986
27.941,-72.738,113,41.045
28.586,-71.441,153,49.555
29.214,-70.044,175,53.773
28.738,-70.817,169,52.921
29.844,-71.971,169,49.845
29.734,-72.672,161,48.397
29.101,-73.062,154,47.314
28.583,-74.559,155,48.19
29.023,-74.419,126,42.716
29.913,-73.541,125,40.987
31.3,-74.959,120,41.111
30.671,-75.993,102,37.191
28.49,-76.101,91,36.24
28.191,-75.934,102,40.466
28.824,-75.609,128,42.327
29.541,-74.59,131,41.657
28.983,-74.839,126,46.917
28.518,-74.101,124,41.359
30.075,-73.509,120,43.021
29.642,-73.676,120,42.492
29.249,-74.376,109,36.703
28.592,-75.139,106,39.515
27.661,-73.978,122,41.268
27.059,-73.094,148,42.699
26.312,-72.66,127,40.549
26.389,-72.211,155,48.356
26.361,-69.907,170,50.589
26.546,-68.71,156,47.479
26.217,-71,159,46.197
26.487,-71.422,196,51.945
25.122,-70.374,220,58.917
26.157,-71.007,224,58.685
27.218,-71.117,193,52.367
25.968,-71.244,182,54.063
24.37,-71.994,178,53.219
24.627,-71.609,187,55.841
24.477,-70.667,175,48.712
26.101,-70.843,178,50.746
27.073,-72.415,185,53.98
26.603,-72.907,175,55.005
25.508,-73.748,153,47.653
24.072,-73.726,144,45.974
21.599,-72.519,153,44.593
23.379,-72.994,149,46.826
24.829,-73.615,144,44.378
23.935,-74.126,158,45.602
23.659,-73.176,147,44.378
24.426,-72.875,128,40.987
25.068,-74.116,131,41.773
25.809,-75.518,127,41.227
27.086,-75.975,119,39.077
27.165,-75.527,115,35.479
26.617,-75.781,125,41.5
26.863,-75.416,146,45.238
26.876,-74.034,149,46.073
27.457,-73.979,131,43.369
26.639,-73.624,153,45.329
26.941,-73.711,159,49.712
26.598,-74.013,147,44.568
26.945,-74.901,125,41.467
27.393,-75.932,118,39.606
27.145,-76.024,104,36.166
28.031,-75.323,117,38.754
28.083,-75.951,113,38.291
27.773,-76.931,112,40.185
27.748,-76.616,132,40.16
27.405,-76.039,129,39.143
27.494,-75.539,121,39.697
27.017,-75.134,120,41.591
26.374,-74.991,145,45.031
26.749,-74.758,134,41.872
27.816,-73.987,132,43.071
27.195,-72.389,132,44.494
26.126,-72.4,164,49.158
25.406,-72.839,149,45.701
25.062,-73.77,142,44.295
25.477,-75.047,148,44.08
24.831,-74.969,174,49.439
23.627,-74.595,160,46.255
22.333,-73.178,143,43.278
22.199,-72.699,169,48.877
21.532,-71.174,206,53.194
22.302,-69.946,225,58.032
23.621,-68.144,208,58.528
22.069,-67.955,192,56.676
21.218,-67.217,198,54.145
21.874,-67.684,199,49.34
23.822,-67.32,219,54.922
24.441,-67.124,215,57.693
22.876,-68.072,208,60.488
23.517,-70.237,206,60.497
23.834,-69.649,199,55.65
23.03,-68.155,185,48.72
21.359,-66.994,178,51.416
21.539,-65.711,182,51.234
22.545,-63.81,182,50.564
23.839,-63.089,164,46.669
23.903,-64.179,179,48.794
24.719,-64.421,178,48.331
26.484,-63.744,179,50.49
26.146,-63.281,172,53.029
24.725,-63.918,180,52.061
23.471,-63.227,175,49.58
23.459,-62.296,169,47.661
24.715,-61.719,204,54.145
25.587,-61.013,226,54.443
24.638,-59.752,229,61.423
23.363,-59.822,222,62.771
22.701,-59.376,233,63.581
21.977,-59.141,226,66.137
22.577,-60.551,220,61.514
23.323,-61.61,214,59.471
22.764,-61.022,202,61.34
22.501,-60.586,169,54.302
20.95,-60.101,191,55.799
21.542,-59.34,218,59.579
20.113,-58.723,217,58.653
19.374,-59.76,205,61.456
19.651,-60.441,203,55.137
20.478,-59.32,224,61.82
19.702,-60.157,234,60.298
18.706,-61.088,224,56.535
17.94,-61.656,220,59.951
18.505,-62.699,224,63.399
19.522,-63.318,230,60.067
20.703,-61.556,246,61.266
22.688,-60.856,241,54.972
23.02,-61.638,246,58.776
22.074,-63.006,241,62.051
23,-63.321,246,61.034
23.868,-62.783,217,54.699
24.448,-63.727,211,55.758
25.982,-63.749,230,55.526
26.013,-63.794,225,53.384
23.856,-64.618,230,59.488
23.196,-65.376,222,64.135
24.618,-64.049,210,58.76
25.856,-63.162,212,56.651
25.833,-62.121,205,54.947
24.8,-62.946,238,65.583
23.271,-63.594,225,66.236
23.331,-63.207,218,54.89
24.817,-64.804,229,56.932
27.487,-65.305,230,58.71
28.904,-64.356,220,58.875
30.659,-64.824,220,62.39
30.675,-64.941,225,62.903
31.593,-65.919,209,59.843
31.508,-65.884,203,62.068
30.46,-64.743,218,53.922
31.674,-63.536,193,51.441
30.974,-64.314,211,56.634
30.282,-65.705,230,63.623
30.903,-65.314,211,55.137
31.288,-63.538,215,52.458
30.717,-63.142,218,57.701
29.944,-64.325,214,58.14
28.526,-64.008,205,52.847
28.538,-63.426,203,52.532
29.335,-62.838,228,59.959
29.501,-63.231,231,62.945
30.293,-64.336,221,63.425
30.874,-64.397,230,60.72
30.701,-64.621,250,62.076
30.192,-65.662,253,61.621
30.816,-65.538,254,66.815
30.894,-66.146,247,61.894
30.462,-67.674,260,59.405
29.354,-67.457,264,65.748
29.562,-67.039,272,70.727
30.716,-65.722,269,71.488
30.713,-65.081,252,62.101
28.877,-64.622,263,63.027
28.309,-63.427,288,71.934
29.154,-64,266,75.019
29.317,-65.221,291,76.516
28.466,-66.094,286,67.344
28.009,-64.966,274,74.746
28.222,-63.787,261,71.281
29.032,-64.506,259,70.148
28.805,-66.75,268,71.198
28.733,-68.934,252,72.869
27.242,-69.233,265,69.602
27.043,-68.335,256,66.467
27.672,-67.234,271,69.188
28.839,-66.486,265,67.163
29.339,-67.377,243,63.416
28.216,-68.084,238,66.459
27.649,-68.794,244,74.432
28.131,-69.95,251,79.262
27.912,-71.657,252,73.903
26.719,-72.82,235,71.347
25.73,-71.312,228,66.873
26.254,-70.165,202,55.245
26.407,-71.119,219,59.38
25.377,-72.358,218,62.879
24.695,-71.594,211,57.23
24.895,-69.715,220,55.725
26.386,-69.142,194,53.822
27.078,-70.583,197,54.203
26.13,-71.378,224,60.877
24.951,-71.317,204,59.124
24.24,-70.243,183,50.936
24.117,-69.064,162,45.693
23.085,-68.463,163,51.606
22.79,-69.378,166,53.012
23.1,-69.41,175,52.532
23.429,-69.453,179,52.367
22.732,-69.634,195,56.205
21.331,-69.535,226,64.524
22.262,-68.26,214,60.513
22.301,-67.279,197,58.462
20.768,-66.882,196,54.327
20.528,-66.826,196,59.281
19.576,-68.153,232,65.45
18.297,-68.594,221,61.067
18.504,-68.58,194,62.291
19.041,-68.514,189,58.644
18.666,-68.357,168,55.824
17.873,-68.142,170,53.682
18.135,-68.106,184,59.107
19.248,-69.128,189,56.833
18.464,-68.984,180,52.086
16.66,-67.089,168,46.189
16.519,-67.17,159,52.334
17.38,-66.722,161,48.488
16.751,-67.714,173,50.382
17.07,-69.442,176,47.868
18.755,-70.994,206,52.748
19.355,-70.589,203,54.046
18.897,-70.107,180,54.327
18.403,-71.281,195,54.898
20.089,-71.54,164,51.887
20.9,-72.847,197,54.509
20.43,-72.826,193,58.057
19.365,-72.397,176,55.659
18.431,-71.868,159,51.135
18.205,-72.812,159,47.008
18.211,-71.17,174,54.137
18.354,-71.085,187,56.883
20.028,-71.936,182,54.765
20.479,-73.281,200,58.462
19.333,-72.188,206,57.023
19.722,-71.165,173,53.516
19.947,-70.547,202,57.155
18.764,-68.852,201,58.9
18.705,-68.751,203,56.577
19.26,-69.845,215,54.947
18.804,-70.307,209,54.873
19.277,-71.343,190,53.31
19.231,-71.477,194,50.357
18.978,-72.236,207,60.116
18.804,-72.059,214,58.23
19.002,-72.172,212,55.46
17.93,-72.833,198,56.469
17.177,-73.638,201,52.681
19.018,-73.399,215,57.627
20.522,-73.979,213,60.579
20.147,-74.738,204,54.327
18.869,-75.533,199,52.16
18.444,-75.184,192,53.103
18.502,-75.694,199,55.568
17.51,-75.798,208,56.444
16.471,-75.854,178,50.87
16.37,-75.431,194,53.186
15.685,-74.497,202,54.335
14.269,-74.891,200,51.796
14.911,-75.424,186,51.672
14.504,-75.216,200,53.376
13.167,-74.091,198,53.541
14.898,-74.02,223,55.245
15.781,-72.707,221,55.923
15.46,-73.427,258,64.433
16.183,-74.057,270,67.907
15.935,-74.666,260,61.53
15.462,-74.596,271,66.782
15.23,-73.92,282,72.439
15.871,-73.497,288,73.05
17.126,-72.867,290,79.419
18.331,-73.452,291,76.078
19.419,-74.148,275,71.281
19.533,-74.18,254,68.444
18.139,-74.4,254,70.776
16.428,-73.829,268,70.131
16.258,-74.244,258,70.131
17.324,-74.957,264,64.458
17.447,-75.29,307,70.04
16.859,-75.665,298,71.744
17.339,-74.591,294,74.837
17.932,-74.598,308,77.674
20.063,-74.486,291,68.75
21.372,-74.599,305,72.034
21.321,-74.284,285,73.687
20.169,-73.561,300,77.806
19.502,-72.258,281,71.843
20.403,-72.732,271,63.532
20.925,-73.588,300,65.393
19.713,-74.674,293,75.945
18.953,-74.568,291,79.303
19.326,-74.528,286,73.82
21.023,-74.879,270,66.203
21.835,-75.987,263,64.623
21.68,-76.289,272,69.966
22.048,-76.584,271,70.38
21.885,-76.918,273,68.105
20.708,-78.607,269,71.876
20.305,-79.934,264,64.26
20.237,-79.607,257,62.812
20.066,-79.101,284,76.706
20.62,-78.906,287,76.673
20.685,-79.558,276,67.08
20.448,-80.466,266,67.543
20.469,-80.594,268,66.302
20.798,-80.279,275,67.617
21.054,-78.692,281,72.546
21.748,-76.799,265,72.025
21.757,-77.815,273,73.894
21.085,-79.303,282,73.199
20.524,-79.422,271,71.091
20.721,-78.01,274,64.979
20.465,-78.252,285,71.091
20.42,-79.248,319,81.04
20.019,-80.088,304,76.16
19.332,-79.738,292,69.875
20.632,-78.918,301,76.425
22.128,-79.147,282,70.074
22.262,-80.541,302,73.349
22.651,-80.462,305,74.465
22.064,-79.839,301,73.605
22.375,-79.541,284,67.22
21.939,-78.173,307,74.101
22.767,-76.677,311,76.235
22.978,-76.775,325,76.127
23.066,-77.058,299,77.715
23.43,-76.765,312,81.015
23.261,-76.866,327,89.161
24.057,-77.484,326,88.996
24.559,-78.406,328,83.778
23.07,-79.076,325,84.34
21.567,-78.628,311,78.964
22.292,-78.401,327,85.44
22.426,-77.962,337,79.998
23.019,-78.311,333,83.537
23.56,-78.216,314,86.374
23.205,-78.218,308,76.317
23.463,-76.812,339,79.683
24.201,-74.934,336,81.321
24.09,-75.895,330,88.806
23.514,-77.266,339,92.147
22.307,-77.519,323,83.802
22.17,-78.165,315,82.842
23.368,-78.67,334,82.148
24.213,-78.021,324,85.084
24.301,-77.621,323,78.228
25.11,-77.519,318,73.679
25.3,-76.937,293,71.951
26.034,-78.281,328,78.939
25.921,-79.232,312,78.385
26.222,-79.531,300,75.218
26.403,-78.907,340,83.926
25.693,-77.914,337,83.827
24.892,-78.2,335,84.422
24.128,-77.211,354,95.529
24.432,-76.535,348,96.001
23.136,-75.969,372,104.55
21.971,-75.135,356,107.93
22.126,-74.543,369,100.07
22.009,-75.45,364,93.817
22.412,-77.168,356,89.757
21.838,-77.667,343,87.465
21.772,-77.033,355,93.652
23.266,-76.845,343,86.903
23.491,-78.006,337,90.096
22.743,-78.49,350,88.715
21.062,-78.792,343,85.44
20.111,-77.757,340,83.413
20.12,-77.006,356,87.284
20.522,-79.095,349,84.009
20.939,-80.293,329,74.854
21.096,-80.201,330,76.45
20.981,-79.707,365,96.662
20.918,-78.519,366,89.616
19.576,-76.468,357,86.465
17.786,-75.463,354,83.711
17.589,-75.633,342,78.319
18.953,-77.228,332,84.472
20.644,-79.522,335,91.138
21.101,-80.388,321,76.491
20.143,-80.63,314,75.755
19.322,-80.027,323,73.133
20.946,-79.937,341,81.296
22.293,-80.006,326,84.869
21.046,-80.735,320,85.952
20.898,-81.618,346,83.223
20.973,-80.826,323,77.269
20.629,-82.347,350,76.723
20.165,-83.258,300,70.123
20.484,-83.214,302,67.03
21.173,-81.745,329,74.068
20.947,-79.706,296,68.494
20.809,-80.353,317,73.903
20.626,-82.666,324,77.252
21.046,-82.387,311,75.556
20.231,-82.083,327,82.504
20.222,-81.359,329,81.453
20.708,-82.44,339,80.047
20.756,-83.092,326,72.108
20.516,-83.908,321,70.512
20.092,-84.581,321,74.283
21.539,-84.606,315,80.469
22.388,-85.035,333,75.176
21.989,-85.053,333,71.81
22.345,-85.254,326,76.177
22.264,-86.449,336,84.108
21.357,-87.729,317,74.738
21.201,-87.223,329,71.504
22.54,-84.847,335,73.96
23.104,-84.286,352,89.178
21.707,-85.017,346,89.707
21.474,-86.035,320,87.648
21.757,-86.958,328,77.161
23.456,-86.743,318,68.535
24.331,-87.049,308,69.329
22.821,-88.182,309,73.613
21.799,-88.461,303,65.715
23.138,-87.898,340,74.233
23.9,-86.635,337,81.726
24.942,-85.649,321,72.315
25.793,-87.625,328,72.844
25.236,-89.011,311,71.083
25.19,-88.353,317,70.545
25.984,-87.101,308,71
25.902,-86.812,322,81.512
23.902,-86.328,343,89.848
23.538,-87.563,355,87.383
23.73,-86.225,330,79.046
24.953,-86.266,339,87.127
25.936,-86.821,336,85.034
25.264,-86.107,345,87.358
23.905,-83.137,363,88.161
24.558,-81.449,351,88.88
25,-82.535,355,93.685
24.852,-84.893,342,89.806
24.028,-85.811,341,87.599
23.395,-86.509,341,83.562
24.669,-87.504,323,79.932
25.367,-88.044,331,75.937
26.159,-87.82,331,76.433
25.732,-86.647,339,78.757
24.237,-85.014,334,78.757
23.295,-83.034,358,85.125
22.756,-82.431,343,82.941
22.393,-81.966,332,77.93
22.719,-83.541,325,74.374
23.408,-85.455,322,78.013
22.79,-84.98,331,79.262
22.124,-83.034,326,86.366
20.776,-81.818,343,93.214
19.931,-81.831,344,85.514
20.097,-82.017,333,87.284
21.029,-82.506,331,92.155
22.612,-82.726,331,79.998
23.164,-83.063,338,77.277
22.217,-83.519,335,86.482
20.359,-82.195,329,82.992
20.257,-79.939,339,71.951
21.238,-80.899,347,74.788
21.274,-83.259,348,80.419
21.61,-84.603,327,86.804
21.656,-84.663,354,83.935
21.811,-84.036,340,77.558
21.783,-82.78,358,82.305
22.227,-81.697,351,89.161
21.692,-80.025,343,88.557
20.889,-77.731,324,84.009
20.351,-76.973,352,80.742
20.874,-76.97,336,72.182
21.199,-79.59,346,81.205
20.887,-81.987,342,89.351
21.812,-83.083,328,80.237
20.746,-81.944,338,88.144
20.256,-81.034,360,101.53
21.394,-82.132,350,92.022
21.916,-84.694,344,82.396
21.67,-85.815,325,79.634
21.538,-84.693,355,84.869
20.918,-82.101,338,82.421
20.544,-80.309,336,86.523
19.054,-81.877,362,78.98
19.081,-84.184,338,74.614
19.495,-84.889,325,69.511
20.896,-85.593,364,81.982
21.136,-85.882,342,80.907
21.26,-86.179,319,75.391
21.293,-85.819,355,82.512
20.941,-85.457,346,89.806
21.304,-84.605,341,89.533
22.622,-85.227,333,77.731
22.665,-87.34,314,73.861
21.031,-86.965,346,75.3
20.408,-84.195,342,78.732
22.316,-83.062,333,73.861
24.041,-84.99,323,79.791
23.227,-86.742,306,77.326
21.916,-85.007,308,73.679
22.404,-82.603,277,80.296
22.431,-83.311,262,93.164
23.004,-84.537,296,91.37
23.038,-85.113,323,81.66
25.699,-83.774,266,77.004
25.227,-83.949,296,80.643
24.774,-84.919,258,86.829
24.25,-85.604,292,74.209
24.749,-86.497,321,74.721
25.442,-86.015,327,80.932
24.02,-85.249,331,77.591
23.973,-84.484,316,72.505
25.565,-85.351,332,74.093
25.815,-87.469,318,73.365
24.427,-88.666,299,67.642
24.244,-87.127,303,63.97
24.336,-85.361,288,64.524
24.263,-86.505,317,73.886
25.675,-89.453,321,71.81
25.831,-90.453,318,72.852
26.924,-88.679,313,71.074
28.327,-87.077,291,64.408
27.761,-87.094,276,76.987
27.426,-88.625,256,84.307
24.73,-90.546,256,78.41
24.16,-91.073,324,79.84
25.077,-90.306,332,77.12
25.891,-89.009,316,76.707
26.882,-88.43,328,74.126
28.651,-87.729,317,70.603
28.251,-88.661,350,74.539
27.937,-90.023,319,72.224
27.882,-91.653,328,73.92
27.723,-89.747,316,76.698
28.719,-88.601,346,76.458
28.025,-89.183,305,77.053
27.839,-87.101,262,87.011
25.059,-86.893,259,78.981
24.135,-87.349,303,84.191
27.502,-87.85,303,86.656
28.274,-88.993,316,79.013
26.93,-89.155,353,78.848
26.256,-88.837,349,78.559
25.894,-88.523,351,83.901
27.836,-88.206,361,84.952
29.19,-88.754,343,81.677
30.66,-89.508,324,76.673
30.044,-91.027,336,77.417
28.175,-92.055,327,71.281
27.692,-91.549,368,73.869
28.521,-92.331,344,74.622
28.457,-92.647,324,74.928
27.511,-92.225,346,74.597
26.538,-91.727,337,77.607
27.271,-92.546,357,82.214
29.673,-92.443,348,79.303
30.064,-92.699,336,76.292
29.764,-91.625,334,76.475
29.01,-90.705,333,79.973
28.161,-90.385,321,75.209
29.787,-90.316,325,79.195
31.647,-89.222,315,81.263
30.929,-89.833,324,82.901
30.938,-92.292,294,74.051
31.234,-91.81,289,69.329
31.46,-88.856,298,70.148
31.059,-88.252,284,70.272
31.075,-90.566,297,72.116
30.516,-92.242,284,66.476
29.829,-92.293,287,69.205
29.828,-90.766,304,68.651
30.055,-89.962,317,68.262
29.805,-91.284,284,78.211
28.889,-93.191,310,78.658
30.194,-92.464,314,74.482
32.044,-92.359,314,73.373
30.833,-93.597,331,71.173
30.242,-95.237,316,73.208
30.32,-94.667,311,73.423
30.9,-93.956,337,75.474
30.764,-95.445,358,81.652
31.513,-95.933,322,81.18
32.313,-95.801,313,72.256
31.203,-95.252,337,74.266
31.876,-92.479,339,71.339
32.61,-91.158,318,69.668
31.509,-93.952,321,73.051
31.526,-96.325,312,75.466
31.831,-97.44,316,68.469
32.961,-97.906,308,76.152
33.729,-98.718,303,66.302
32.996,-99.295,304,67.129
32.442,-99.516,325,73.059
33.856,-98.126,319,69.296
34.986,-96.243,332,74.804
35.167,-97.627,329,73.869
33.536,-99.072,341,72.141
34.356,-100.03,318,74.068
34.497,-100.66,308,70.818
35.849,-98.702,318,72.654
35.853,-98.095,315,78.774
34.475,-99.548,309,71.438
34.361,-100.63,324,76.334
34.992,-100.85,316,73.439
36.346,-100.54,307,72.935
36.489,-100.67,313,69.296
35.38,-102.78,308,66.881
36.204,-102.52,316,66.732
36.973,-100.68,322,77.979
36.448,-99.226,336,73.1
36.735,-97.468,327,76.028
35.993,-99.44,325,84.364
35.748,-100.77,299,71.909
35.5,-100.79,305,82.081
35.136,-99.28,308,67.245
36.875,-97.98,314,70.793
37.326,-98.944,292,68.932
36.144,-100.14,277,68.808
34.94,-98.827,281,66.41
36.835,-98.273,268,62.961
36.568,-101,283,65.657
35.553,-103.4,278,61.746
35.389,-102.34,305,63.383
35.496,-100.9,275,63.821
35.572,-101.93,279,62.142
35.833,-105.04,285,63.433
35.544,-105.43,280,63.672
34.573,-103.15,301,72.066
32.609,-103.83,295,65.103
33.606,-105.93,286,62.581
34.651,-103.48,312,65.194
35.189,-102.73,300,71.413
35.31,-104.61,301,61.861
34.669,-104.72,302,69.486
35.618,-104.33,294,70.702
35.245,-103.66,282,61.919
33.921,-103.44,275,63.251
34.454,-103.21,305,70.627
36.178,-101.35,298,64.483
35.49,-99.916,292,66.782
34.974,-100.37,309,73.125
36.317,-101.61,301,72.48
36.611,-103.56,314,73.15
34.343,-104.85,320,75.482
33.983,-106.77,293,66.393
36.478,-106.6,306,67.535
38.419,-105.1,285,61.613
38.368,-105.62,293,71.298
37.102,-106.27,313,69.04
37.564,-105.5,295,69.23
39.342,-105.37,313,76.036
37.324,-104.66,314,77.194
35.818,-102.98,304,75.201
37.096,-101.08,334,79.725
37.073,-101.6,318,79.444
35.705,-101.64,319,72.761
37.46,-101.8,310,77.103
38.27,-103.86,314,68.279
38.577,-105.09,319,76.408
40.796,-104.49,319,76.152
42.487,-104.13,311,74.258
40.16,-105.51,336,77.856
37.08,-106.35,309,68.651
38.958,-104.57,342,82.131
41.221,-104.13,344,84.654
41.846,-105.97,318,76.797
40.793,-106.15,326,77.723
41.79,-104.72,325,76.888
40.882,-105.43,327,76.417
39.395,-105.85,322,69.974
41.304,-105.4,307,69.329
44.766,-105.85,307,68.94
43.74,-107.6,308,64.466
42.847,-106.69,337,74.093
44.75,-104.89,326,66.302
45.587,-106.07,298,66.526
45.089,-108.11,303,65.558
43.221,-107.82,296,69.089
42.134,-107.77,286,72.265
42.915,-107.25,283,67.749
46.243,-106.4,313,71.347
48.819,-106.47,295,74.184
48.504,-108.9,299,72.05
47.436,-110.61,293,69.18
48.39,-110.7,306,73.82
50.576,-110.26,292,69.784
50.464,-111.82,316,78.385
50.363,-112.17,332,83.934
51.36,-111.06,330,80.899
52.011,-110.75,336,81.197
53.291,-111.89,323,77.021
55.695,-114.69,326,78.956
57.359,-115.78,307,69.908
56.184,-115.83,330,74.92
55.061,-116.91,325,75.061
54.137,-116.04,317,77.624
55.03,-112.94,330,80.379
56.715,-114,330,78.808
55.714,-117.12,318,76.169
55.381,-117.16,325,79.461
53.824,-116.95,329,85.125
55.04,-117.71,345,86.539
55.361,-120.4,297,73.059
54.251,-119.05,294,70.611
51.771,-118.34,320,78.203
50.998,-115.72,317,79.171
51.337,-114.62,280,72.199
53.657,-112.92,323,70.379
53.281,-113.78,322,73.729
52.028,-115.41,315,76.152
49.706,-117.03,323,79.469
49.925,-116.46,317,80.353
49.637,-115.46,327,73.423
51.667,-116.01,339,91.229
52.077,-116,332,79.328
50.485,-115.13,309,74.721
49.633,-115.54,336,85.605
50.603,-114.2,306,78.294
53.186,-115.46,318,74.961
54.227,-117.04,306,76.045
51.906,-117.52,317,75.664
53.441,-114.42,346,76.706
55.44,-115.45,334,75.499
53.751,-118.44,329,78.178
50.852,-120.65,344,79.998
50.9,-122.68,328,83.165
50.155,-120.04,341,88.193
52.509,-116.7,341,84.629
51.755,-115.1,339,75.962
50.417,-117.58,327,80.229
50.223,-120.94,333,82.446
49.292,-124.53,325,83.537
49.516,-126.65,318,72.141
49.661,-123.17,339,73.82
51.971,-119.32,326,75.391
52.628,-120.58,344,79.353
51.158,-122.86,329,77.575
49.748,-124.72,328,73.886
50.179,-125.43,359,92.047
50.375,-124.15,346,90.278
51.012,-121.19,334,75.73
51.406,-119.94,343,77.169
50.441,-119.04,313,71.074
52.554,-123.25,357,83.595
54.538,-127.36,348,79.956
52.138,-130.2,325,80.188
51.695,-131.83,318,72.786
53.212,-127.64,325,72.852
55.665,-127.18,342,73.762
55.061,-131.14,349,85.159
54.022,-131.19,338,76.59
54.565,-129.59,325,76.351
52.018,-126.06,334,70.148
54.224,-124.94,325,75.383
56.757,-126.57,310,69.214
54.616,-131.18,328,72.728
54.891,-135.42,304,68.651
56.115,-135.76,303,67.163
55.594,-134.37,363,79.551
57.479,-135.35,334,78.087
57.23,-138.02,330,75.184
57.659,-141.19,295,73.613
57.871,-141.82,334,78.6
56.71,-138.56,366,92.089
56.979,-135.68,310,82.148
56.542,-138.79,315,74.076
59.051,-143.73,309,71.049
60.74,-148.03,278,71.471
61.019,-150.08,290,65.351
64.011,-149.2,292,72.017
63.01,-150.39,273,71.529
60.394,-151.45,280,77.632
59.555,-147.39,272,70.032
58.258,-146.64,278,70.892
62.926,-149.21,263,71.215
64.101,-151.75,287,77.07
63.637,-154.9,297,74.787
64.795,-157.43,304,71.074
63.799,-156.05,310,72.348
64.031,-159.31,319,78.269
66.734,-160.07,296,74.482
65.067,-158.75,321,75.391
61.404,-154.98,319,72.695
59.264,-155.42,349,85.514
61.478,-156.11,345,94.297
63.852,-159.79,345,90.501
63.969,-162,312,77.186
62.734,-160.23,351,103.39
60.491,-156.89,346,93.445
62.036,-157.16,329,76.516
65.814,-159.23,337,84.662
65.646,-162.36,345,86.854
61.776,-161.44,312,85.184
62.79,-158.36,329,82.727
66.376,-154.98,326,78.112
64.257,-152.98,308,70.016
64.619,-153.04,306,67.708
68.564,-153.17,266,64.458
70.893,-154.24,259,62.027
69.484,-156.26,268,63.217
68.345,-157.08,257,60.422
71.374,-156.43,244,62.655
73.042,-153.59,236,58.247
73.913,-153.84,268,65.674
73.155,-155.82,283,70.404
74.876,-156.27,268,67.336
74.202,-153.78,254,59.777
73.402,-155.36,317,71.529
70.497,-158.86,318,76.797
66.792,-160.92,309,73.224
67.417,-158.56,309,75.308
69.614,-158.35,324,79.882
70.778,-157.95,299,68.998
68.605,-159.25,300,70.611
67.407,-156.12,299,65.235
69.903,-158.56,297,68.461
70.729,-161.48,302,70.702
72.953,-161.06,283,71.372
72.422,-160.91,323,80.047
69.391,-159.04,311,75.647
70.363,-158.08,328,73.084
71.636,-159.37,353,85.423
73.048,-163.05,355,87.135
74.33,-164.77,330,87.143
72.359,-165.96,345,89.657
70.255,-165.48,329,77.533
70.215,-167.31,342,80.899
72.357,-166.92,337,86.564
72.82,-168.37,334,87.193
71.897,-168.8,315,78.476
73.621,-167.8,320,78.419
75.262,-166.24,342,86.167
77.19,-162.46,322,76.152
75.009,-164.35,345,88.607
72.092,-166.9,346,96.381
71.353,-167.61,345,89.483
70.792,-169.03,308,77.79
71.536,-167.7,312,72.968
71.111,-162.73,317,73.398
71.259,-160.8,313,72.34
71.79,-162.74,331,79.526
72.131,-164.71,338,78.129
71.23,-163.96,318,82.049
70.237,-163.11,287,66.873
68.65,-160.02,278,67.088
67.49,-158.35,295,66.112
66.132,-162.13,334,75.383
63.996,-164.04,309,74.482
65.128,-160.31,332,73.357
66.868,-155.64,321,69.313
65.983,-155.57,332,75.606
63.545,-158.97,338,79.121
63.313,-160.94,319,72.298
62.494,-158.44,324,71.546
63.894,-154.53,329,71.463
66.057,-153.55,362,81.288
65.348,-155.75,345,87.094
64.93,-158.56,320,72.869
65.459,-157.1,335,78.981
66.9,-156.06,351,84.489
64.069,-155.33,353,78.609
62.434,-153.09,363,86.366
59.906,-150.68,350,88.127
61.139,-150.65,339,81.321
62.886,-152.54,347,77.128
63.336,-155.66,341,77.492
65.224,-156.83,308,65.302
64.881,-154.24,316,65.021
63.901,-151.5,303,67.345
61.547,-152.24,302,66.211
60.949,-155.76,305,77.591
62.234,-156.71,317,75.317
62.658,-154.51,306,75.863
61.258,-151.3,325,71.471
58.419,-151.79,331,75.408
55.737,-150.64,321,70.429
57.41,-147.95,341,76.905
61.451,-148.69,336,73.977
62.428,-150.75,321,68.37
59.74,-150.56,308,69.875
57.052,-148.32,328,76.838
55.764,-144.81,336,81.801
52.093,-144.76,313,75.143
49.302,-146.04,302,65.558
51.793,-145.05,325,75.639
55.361,-147.33,326,71
53.458,-150.03,308,74.366
50.691,-148.49,307,70.446
50.236,-145.66,323,74.192
51.453,-144.12,312,70.421
54.768,-145.63,293,69.478
54.514,-145.91,309,75.672
53.229,-145.75,316,80.461
52.893,-144.63,343,78.41
50.814,-146.75,344,85.117
52.902,-145.27,330,82.148
55.323,-146.38,342,78.294
54.552,-149.56,343,83.298
56.17,-150.88,335,71.636
59.395,-152.99,317,72.017
63.246,-153.16,318,72.397
69.015,-153.38,315,68.146
73.441,-154.68,310,66.137
70.08,-155.63,335,73.671
69.582,-156.83,345,76.913
72.679,-159.6,331,76.119
75.545,-159.45,304,68.262
74.184,-158.08,312,72.15
72.985,-156.86,328,80.254
75.516,-157.02,318,76.252
76.654,-158.96,318,71.81
72.893,-159.76,330,77.533
71.719,-158.4,337,79.162
74.162,-162.22,348,79.22
71.815,-163.93,310,72.48
70.986,-160.91,304,65.219
73.679,-157.58,308,69.37
76.927,-159.47,330,71.702
75.835,-164.14,339,75.11
72.82,-167.31,337,81.503
71.724,-167.68,355,83.802
73.594,-169.73,345,77.393
73.763,-172.27,327,77.508
75.154,-170.27,333,83.182
77.266,-167.78,321,80.089
78.711,-166.14,319,69.536
76.618,-166.57,321,67.816
75.122,-166.2,306,66.004
75.815,-163.1,327,68.105
75.989,-161.8,316,71.926
75.435,-163.03,332,75.044
72.901,-164.38,334,76.309
70.761,-164.08,318,78.526
72.528,-164.69,321,70.892
74.644,-166.47,316,70.239
78.763,-168.1,305,70.454
77.952,-168.23,313,67.336
76.199,-167.41,330,77.905
77.883,-165.49,324,85.216
77.114,-167.08,324,81.238
76.397,-168.96,311,79.237
75.941,-170.28,294,72.778
76.754,-168.82,310,69.089
78.623,-165.51,296,66.757
80.558,-162.87,271,67.278
81.991,-162.19,307,73.34
82.988,-163.5,306,77.384
82.855,-164.27,298,68.924
82.183,-164.48,318,72.042
78.897,-165.52,328,79.534
77.958,-162.99,314,75.077
81.571,-161.85,320,71.901
82.97,-160.43,310,73.059
81.672,-158.33,316,81.321
81.31,-158.41,315,69.759
79.137,-160.83,320,72.315
77.597,-160.19,312,68.601
80.228,-158.69,305,69.594
83.462,-162.01,306,67.799
80.523,-164.13,319,70.057
78.581,-162.72,343,76.144
75.931,-160.73,334,76.161
73.164,-161.65,315,75.532
74.049,-162.14,353,86.2
77.182,-163.01,335,85.944
80.745,-165.76,316,73.514
79.777,-167.98,316,67.245
75.102,-167.57,317,68.535
74.818,-165.38,326,72.306
79.28,-166.54,314,70.065
78.286,-169.11,331,70.702
74.773,-172.57,335,73.539
74.159,-170.17,328,69.486
77.171,-168.57,337,74.01
77.313,-172.59,317,69.048
73.574,-171.46,332,72.778
70.918,-167.67,329,72.687
71.413,-168.74,341,86.167
70.716,-171.23,336,86.63
69.6,-171.57,317,79.601
71.374,-169.91,338,84.066
74.877,-170.51,335,91.17
74.009,-173.04,325,88.5
74.737,-175.53,321,80.155
77.702,-173.23,311,67.708
80.831,-170.82,305,74.085
81.404,-171.12,321,70.23
79.866,-170.54,332,74.639
77.299,-171.44,332,71.496
77.045,-173.41,325,73.315
79.338,-176.6,325,73.687
81.844,-177.3,310,71.554
82.15,-176.84,299,71.025
81.049,-176.37,332,76.863
80.674,-174.21,319,70.991
80.586,-173.9,323,72.017
82.051,-176.61,326,77.93
83.201,-179.47,313,76.714
85.43,-178.34,283,63.879
86.519,-174.36,300,66.856
88.31,-173.61,325,75.565
86.712,-176.39,351,88.466
85.548,-178.76,338,87.755
83.02,-178.32,302,73.506
85.665,-177.64,306,68.023
89.08,-176.73,295,65.632
89.612,-174.28,280,64.615
86.843,-177.44,319,68.378
83.825,-175.65,301,68.759
86.522,-173.34,318,73.704
89.01,-170.68,303,69.106
87.384,-169.78,332,72.026
87.41,-173.49,369,82.52
89.413,-172.22,324,71.653
90.362,-175.42,334,83.62
89.639,-179.81,330,84.935
88.504,-180.45,325,76.4
86.904,-178.07,315,69.941
84.091,-177.94,329,74.184
82.607,-180.07,307,75.59
84.938,-181.8,294,65.748
87.01,-183.41,312,75.218
87.918,-185.43,301,70.71
90.374,-184.97,304,74.845
93.075,-186.54,312,82.653
94.437,-188.22,318,83.901
92.448,-187.67,341,85.159
90.441,-186.93,313,71.901
86.88,-184.75,322,73.125
88.73,-179.68,333,77.442
88.792,-179.3,312,69.304
87.787,-182.57,330,74.002
84.168,-183.89,298,67.89
82.621,-182.16,314,70.801
85.79,-181.2,323,74.68
88.853,-183.69,335,85.671
87.277,-185.66,331,85.671
86.201,-186.61,306,81.627
86.081,-185.12,297,72.042
87.682,-182.16,284,71.19
88.088,-180.19,261,65.112
87.852,-177.61,273,63.606
88.284,-177.94,280,63.623
89.498,-180.33,293,66.782
88.333,-181.28,322,76.053
87.624,-177.15,326,71.744
89.744,-175.04,281,67.038
86.955,-179.09,334,76.152
84.646,-182.73,314,76.607
84.086,-179.46,324,68.717
83.532,-179.51,315,73.415
83.742,-183.24,316,67.435
82.301,-185.37,327,76.987
83.612,-186.42,311,67.319
83.331,-188.11,314,74.275
85.994,-192.21,302,73.596
87.889,-192.39,299,74.292
85.692,-189.04,327,69.313
85.279,-188.95,308,73.704
89.287,-191.35,305,68.378
92.56,-192.86,290,70.875
91.988,-191.74,323,77.186
92.793,-189.18,324,73.431
93.722,-187.72,300,66.021
92.792,-191.8,296,71.049
92.655,-195.87,287,78.112
92.967,-195.02,291,77.823
90.698,-191.92,299,75.474
88.142,-192.59,294,72.199
91.198,-193.56,321,74.258
94.127,-189.35,323,71.835
95.663,-187.85,296,65.004
92.456,-192.28,335,72.753
88.551,-192.93,318,74.771
89.901,-192.24,313,72.29
94.457,-191.14,319,68.403
96.702,-189.59,292,70.702
94.24,-191.56,308,73.985
91.09,-191.64,313,77.74
90.39,-191.19,320,72.852
89.874,-193.16,307,72.381
85.831,-192.71,305,80.197
86.828,-192.18,313,77.856
90.127,-189.27,333,72.273
87.982,-186.06,328,75.474
84.6,-186.03,312,75.4
86.599,-189.19,315,78.385
88.361,-193.07,313,78.038
90.53,-192.8,320,74.994
92.964,-191.97,321,76.566
95.077,-191.34,309,73.241
93.522,-193.72,307,77.707
92.357,-196,270,67.915
91.227,-198.32,282,64.78
90.413,-197.71,298,69.412
89.959,-196.51,279,62.953
90.757,-196.09,313,72.034
94.126,-195.88,315,76.425
95.089,-194.88,303,67.336
92.989,-198.79,321,73.158
94.09,-200.02,302,74.167
92.367,-202.05,297,68.196
93.939,-202.2,260,61.795
94.874,-197.94,273,62.928
94.781,-199.51,251,63.879
94.833,-203.03,248,56.907
98.188,-201.86,229,57.304
95.865,-201.6,285,62.101
94.379,-204.46,307,65.541
95.327,-201.85,293,71.091
95.321,-200.15,291,70.123
94.827,-201.1,320,70.826
94.451,-201.46,330,70.338
94.218,-200.85,337,77.492
94.758,-198.85,317,87.706
93.758,-198.48,334,82.793
92.957,-198.09,323,101.65
93.842,-196.78,324,89.269
95.759,-195.97,345,82.074
96.902,-194.09,341,73.307
97.5,-192.38,347,71.769
97.19,-193.25,341,70.421
95.171,-195.33,345,69.776
94.539,-197.7,330,67.402
96.142,-199.86,327,72.182
96.709,-200.14,341,80.634
96.096,-199.29,341,81.362
94.668,-197.85,335,79.692
94.787,-194.56,329,77.029
95.935,-196.69,349,81.089
95.764,-200.02,334,77.434
96.099,-202.57,334,74.787
96.471,-204.5,320,69.023
93.345,-203.1,332,80.246
92.323,-200.59,315,76.996
94.948,-198.42,345,82.884
95.712,-201.83,332,93.098
94.075,-203.07,323,81.205
93.379,-200.04,326,75.97
94.007,-197.03,338,85.795
