0,-0,113,43.27
-0.71427,-0.92627,139,45.627
-0.62293,-0.65602,138,44.031
-0.10666,0.3483,151,48.149
0.17484,1.8511,152,47.223
0.37654,3.3397,164,50.498
0.40052,3.7507,178,49.564
1.4712,3.0762,195,52.003
2.2014,3.3565,225,56.883
1.4742,3.5756,251,68.676
0.23927,4.7705,242,60.323
-0.50424,6.1965,237,60.389
-0.045176,6.3855,267,65.674
0.77665,5.6631,294,81.842
2.0435,6.0201,290,72.133
0.5164,5.8712,303,74.275
0.66475,4.5588,300,74.689
2.6483,4.1728,302,75.805
3.5084,3.3635,289,75.11
4.6672,0.30545,281,72.232
4.1518,-2.0286,270,67.634
2.7904,-4.1799,266,62.076
1.8364,-6.5349,271,63.788
1.1409,-7.5378,259,69.222
1.8373,-7.8638,263,61.845
0.63916,-8.267,284,64.491
1.8537,-7.5658,296,73.531
2.6166,-8.3578,293,67.038
1.0642,-10.98,290,70.306
-0.21385,-14.076,296,71.017
-1.3221,-17.179,287,62.887
-1.9927,-20.173,270,62.969
-4.7259,-22.814,275,64.268
-6.0041,-23.546,283,75.309
-5.8665,-26.886,292,72.563
-5.9504,-30.853,277,71.406
-6.4835,-34.386,279,69.867
-6.3888,-37.716,285,73.837
-5.8387,-42.06,273,67.154
-6.419,-45.351,269,68.387
-7.7609,-48.375,260,64.45
-10.156,-49.738,271,63.044
-10.092,-51.324,282,64.839
-9.396,-54.58,284,61.845
-10.592,-57.725,260,58.371
-9.945,-59.486,257,62.2
-10.241,-59.687,245,57.974
-9.8548,-59.868,235,53.665
-10.22,-59.533,234,58.793
-10.137,-59.626,237,57.999
-10.118,-59.811,244,55.344
-10.109,-59.717,248,62.482
-10.275,-59.391,254,60.803
-10.68,-59.491,274,66.824
-11.266,-59.08,305,65.095
-10.602,-58.243,317,76.169
-9.4698,-59.067,324,83.596
-8.097,-60.643,325,82.049
-8.9995,-61.586,351,95.77
-12.147,-62.723,343,91.916
-14.306,-63.398,311,76.045
-15.302,-64.068,300,79.146
-15.196,-64.901,344,92.593
-16.258,-68.521,344,98.102
-17.735,-73.499,324,76.317
-18.637,-78.54,333,78.419
-17.608,-82.319,318,78.336
-18.011,-85.301,312,78.311
-18.203,-89.696,320,78.385
-17.491,-93.303,319,80.626
-17.696,-94.956,350,97.233
-20.524,-99.115,331,84.472
-23.123,-102.36,317,81.288
-22.089,-103.37,296,77.575
-23.138,-104.72,310,77.087
-23.003,-108.85,311,72.778
-22.449,-111.03,298,68.998
-22.267,-114.17,291,75.607
-24.699,-116.44,300,63.879
-27.087,-118.23,298,68.188
-24.846,-121.57,290,75.326
-21.715,-125.49,290,71
-21.611,-128.03,291,70.14
-21.68,-132.99,299,71.397
-22.243,-137.26,290,65.583
-24.178,-140.85,277,60.968
-25.627,-141.95,295,69.073
-26.053,-144.95,279,64.855
-24.204,-148.24,236,63.97
-24.925,-150.3,198,53.649
-25.274,-149.62,203,51.391
-24.959,-150.49,181,48.852
-25.035,-150.33,180,48.033
-25.172,-150.36,184,50.473
-24.987,-150.18,193,53.558
-24.659,-150.43,191,53.558
-24.462,-150.63,195,55.617
-24.086,-151.29,189,55.038
-23.969,-152.31,163,50.746
-25.102,-153.39,129,50.167
-26.227,-153.15,153,49.696
-25.451,-152.27,189,53.078
-25.223,-150.08,219,59
-27.208,-149.69,226,57.37
-27.126,-152.03,182,52.317
-26.426,-153.59,140,48
-26.221,-154.92,103,45.833
-27.786,-155.65,233,57.917
-28.248,-157.34,237,63.996
-28.422,-156.36,234,68.197
-29.191,-152.72,234,71.207
-28.253,-148.23,262,75.805
-26.495,-143.7,259,80.751
-26.224,-140.58,250,83.687
-24.575,-136.63,257,82.554
-22.828,-132.54,279,80.213
-23.4,-129.62,277,74.101
-21.503,-126.87,270,77.922
-19.875,-123.41,267,70.843
-20.147,-121.39,255,71.968
-21.823,-120.12,268,73.101
-23.377,-116.83,267,70.752
-25.206,-114.48,245,63.416
-27.522,-112.76,231,67.742
-28.741,-112.03,219,59.579
-29.259,-108.79,206,54.352
-29.391,-107.01,197,57.355
-30.481,-106.31,210,56.577
-29.885,-104.04,217,64.202
-26.173,-101.73,222,71.298
-24.882,-100.2,231,71.687
-22.077,-99.482,231,71.67
-21.096,-99.087,230,69.602
-19.666,-100.8,234,66.178
-20.043,-102.15,253,70.917
-18.622,-105.5,245,73.936
-18.954,-109.18,240,72.721
-19.345,-113.77,251,71.314
-19.357,-117.4,239,72.348
-19.974,-119.06,241,64.731
-19.941,-121.31,228,68.023
-19.746,-123.03,217,63.234
-20.025,-121.39,182,54.881
-22.158,-119.4,175,51.532
-22.898,-119.42,158,46.851
-20.199,-120.21,153,49.2
-17.874,-120.95,140,40.251
-16.181,-122,140,47.124
-19.189,-122.04,158,48.786
-21.362,-123.95,192,56.411
-24.838,-126.21,204,53.839
-27.539,-129.44,204,56.8
-29.49,-131.88,199,52.367
-32.21,-133.61,204,57.437
-32.321,-135.8,179,57.238
-31.121,-135.51,188,63.069
-32.302,-132.65,211,59.951
-33.611,-133.21,212,59.008
-32.191,-134.11,232,68.891
-32.751,-136.24,236,60.249
-32.502,-139.63,217,56.039
-31.582,-139.91,212,57.23
-30.156,-139.99,204,59.281
-26.599,-137.58,186,60.795
-24.72,-134.95,167,49.075
-24.304,-132.24,161,47.198
-24.024,-128.43,140,44.295
-24.328,-125.51,125,45.693
-23.673,-123.38,131,46.156
-23.986,-122.46,148,46.016
-24.908,-123.97,179,51.217
-26.239,-122.66,197,58.487
-26.818,-121.46,229,66.526
-25.002,-121.93,225,61.539
-25.323,-121.59,228,64.086
-26.088,-122.17,232,63.739
-25.384,-124.1,231,58.868
-26.445,-125.36,227,64.268
-26.652,-127.3,229,67.179
-25.7,-131.28,236,68.924
-25.44,-136.02,235,65.558
-25.281,-140.53,234,65.302
-25.513,-144.59,235,64.847
-26.147,-148.18,237,65.492
-27.636,-150.59,236,70.463
-28.725,-154.28,240,62.201
-27.491,-154.18,234,57.991
-29.065,-155.59,238,67.907
-30.21,-158.13,237,57.147
-30.213,-159.63,226,58.752
-31.144,-158.65,232,61.448
-31.344,-155.36,233,68.949
-32.16,-155.52,239,69.023
-33.064,-156.85,231,61.985
-30.634,-157.12,228,66.46
-28.882,-159.97,231,57.801
-28.395,-162.81,233,58.33
-28.61,-165.6,210,57.213
-27.633,-166.3,207,55.518
-29.01,-167.19,207,56.651
-27.302,-167.77,188,48.976
-29.06,-166.96,192,52.069
-27.985,-168.93,190,49.621
-28.319,-170.31,194,53.128
-27.84,-173.13,166,46.925
-27.083,-173.66,155,46.661
-27.029,-176.35,150,44.32
-27.043,-178.18,141,44.891
-27.442,-179.47,130,40.375
-28.661,-178.32,116,36.984
-30.082,-177,106,35.504
-31.965,-174.1,119,41.98
-33.144,-170.14,136,44.742
-32.298,-166.61,151,48.075
-29.381,-163.24,159,52.433
-27.134,-160.92,169,49.845
-25.701,-157.34,180,55.08
-22.065,-156.89,176,49.373
-19.672,-157.04,167,47.132
-19.313,-155.1,175,49.282
-19.629,-155.4,181,52.665
-21.004,-156.72,198,54.236
-21.326,-157.65,211,61.266
-23.854,-157.39,215,61.712
-26.669,-157.72,222,58.421
-29.96,-158.7,216,59.902
-30.979,-159.86,229,56.643
-32.427,-163.5,212,57.693
-33.61,-166.13,199,54.807
-34.874,-168.18,168,51.697
-37.312,-170.02,151,51.458
-37.625,-170.4,142,50.126
-41.207,-168.47,137,48.141
-43.418,-166.78,144,43.551
-42.809,-165.28,124,41.401
-43.037,-162.98,132,40.946
-40.036,-162.69,135,43.915
-34.355,-164.28,144,46.826
-29.498,-167.84,147,48.365
-26.949,-172.07,138,43.948
-23.967,-176.19,166,51.788
-22.872,-181.04,164,48.141
-22.023,-182.9,168,49.067
-21.899,-184.52,167,49.828
-22.841,-186.4,172,45.792
-23.484,-187.68,184,52.268
-24.225,-189.21,189,56.403
-23.211,-189.43,190,54.79
-23.493,-188.51,202,60.05
-25.201,-188.36,200,58.851
-24.147,-191.03,186,51.019
-23.719,-193.19,174,51.234
-21.312,-194.24,172,48.331
-20.268,-193.1,187,55.452
-18.762,-193.78,181,50.076
-16.388,-194.65,169,49.001
-14.689,-196.14,147,47.306
-12.674,-195.97,136,44.039
-11.871,-195.32,137,46.925
-12.688,-195.17,134,46.644
-10.254,-196.06,136,42.724
-8.7993,-195.98,135,43.369
-7.8013,-196.45,123,40.375
-6.7516,-198.7,125,40.921
-4.5153,-200.06,122,41.591
-2.77,-201.89,121,40.904
-1.2001,-202.53,113,39.54
-1.6116,-204.12,119,42.534
-2.2722,-205.38,111,37.927
-1.9659,-206.35,111,44.056
-1.2783,-207.05,127,42.071
-1.8876,-206.67,99,35.388
-0.70713,-206.01,87,36.91
-2.3147,-208.13,105,37.464
-0.64409,-207.43,97,38.225
0.21795,-207.52,81,35.612
-1.998,-206.95,86,34.578
-1.7373,-205.1,96,33.445
-1.289,-203.5,91,33.999
-1.5756,-202.8,100,35.876
-1.4807,-203.47,107,39.333
-1.255,-202.81,118,46.462
-0.96631,-202.97,133,44.312
0.038631,-202.91,143,45.437
0.66007,-204.16,149,48.257
2.356,-204.67,155,49.58
2.971,-206.7,141,44.874
3.4928,-207.49,138,45.519
3.532,-207.63,145,49.919
3.0949,-208.34,148,44.99
2.0292,-207.47,149,45.031
1.499,-207.67,149,44.295
1.1596,-206.85,152,44.13
2.8908,-207.7,133,41.02
3.0495,-208.24,153,45.974
2.1367,-207,167,51.631
1.3985,-207.67,170,48.149
0.48414,-207.33,178,46.073
0.58344,-207.03,172,45.991
2.2113,-206.95,172,49.547
2.9446,-206.05,189,55.08
5.3444,-207.78,175,53.6
8.798,-208.12,158,45.031
9.5593,-208.71,153,45.304
11.899,-209.27,153,43.46
12.298,-209.36,155,49.853
11.417,-208.66,151,49.853
11.672,-210.2,136,45.999
13.426,-210.71,132,43.468
14.804,-211.56,130,39.705
16.83,-212.45,116,39.449
19.515,-212.99,109,37.001
21.793,-211.59,88,34.578
22.16,-212.31,118,42.699
21.77,-212.28,101,37.555
19.655,-211.81,94,37.183
21.401,-211.43,114,37.183
18.471,-214.2,114,39.714
19.117,-212.85,112,39.904
19.867,-213.11,128,42.997
18.607,-213.09,142,48.877
17.19,-213.82,114,40.954
16.631,-214.87,141,43.741
16.256,-215.93,145,42.815
17.839,-219.25,146,46.934
18.284,-221.45,144,46.942
18.405,-222.18,129,46.388
20.598,-221.28,143,42.608
21.836,-219.65,158,47.951
21.652,-220.79,158,50.018
23.457,-222.28,157,46.553
23.776,-221.48,161,51.623
25.232,-222.01,166,47.479
24.844,-221.17,150,44.576
25.216,-220,124,44.403
23.243,-218.42,130,43.187
26.036,-218.26,123,40.011
26.89,-217.55,111,37.092
28.751,-215.63,121,39.333
28.371,-214.61,120,41.707
28.415,-214.74,145,41.384
29.398,-217.4,139,44.775
30.607,-219.91,142,42.426
31.41,-221.65,133,41.5
32.737,-223.4,134,45.991
32.819,-225.17,138,42.236
31.402,-225.81,143,40.987
31.416,-227.66,152,47.132
32.145,-228.81,157,50.424
32.801,-229.36,151,50.052
31.983,-228.82,137,43.733
31.791,-228.39,115,37.836
33.567,-225.85,137,42.997
31.402,-224.61,113,41.409
33.795,-226.19,112,39.606
34.281,-224.62,173,49.183
34.75,-225.9,166,54.352
36.549,-227.61,176,54.203
39.572,-229.82,168,49.712
42.121,-232.04,142,45.238
41.551,-233.83,138,48.025
41.994,-234.58,148,49.001
44.344,-235.3,151,48.538
44.788,-235.54,153,46.371
46.235,-236.8,158,48.86
45.068,-236.43,169,55.568
45.619,-237.56,178,58.099
45.472,-238.85,143,50.936
47.384,-240.04,139,46.735
48.679,-239.12,144,44.775
49.523,-238.89,151,50.126
48.991,-241.06,153,47.008
48.464,-243.51,150,48.439
48.559,-243.66,173,55.849
50.035,-243.42,189,58.115
49.417,-247.2,196,68.114
50.834,-248.73,217,68.685
51.141,-248.81,196,60.232
49.825,-249.16,167,48.993
49.596,-247.04,161,54.302
51.182,-249.43,155,51.507
53.692,-247.85,160,52.276
52.064,-248.08,183,56.213
54.562,-247.73,206,57.917
55.675,-248.36,213,58.752
58.205,-251.39,201,53.723
57.991,-251.77,201,56.006
60.41,-255.08,189,53.021
62.632,-255.25,177,53.492
65.397,-254.96,184,52.268
66.541,-257.18,173,52.342
69.088,-260.14,185,57.784
69.136,-260.27,202,66.501
68.722,-260.82,225,62.763
70.153,-264.93,211,59.289
71.742,-268.19,215,64.086
72.542,-271.35,210,60.249
72.299,-273.76,193,55.46
72.564,-275.65,181,53.409
73.91,-275.92,175,51.234
74.146,-276.46,190,54.154
74.606,-278.98,176,53.79
74.559,-281.06,161,51.044
74.262,-282.67,165,51.557
75.732,-284.03,145,46.272
75.053,-284.73,139,40.185
74.968,-286.4,128,42.881
76.375,-287.39,128,41.318
76.237,-289.82,134,44.593
75.131,-291.44,121,39.54
74.899,-292.41,121,41.591
75.092,-293.13,127,42.054
75.058,-293.08,122,41.889
74.743,-294,130,44.477
75.129,-294.97,131,41.781
74.925,-294.19,137,51.342
74.264,-293.2,147,45.395
74.364,-291.46,152,47.86
73.012,-288.84,178,54.972
74.013,-289.33,223,66.253
73.962,-287.57,231,73.729
76.253,-288.33,233,62.49
77.351,-286.85,238,66.989
77.561,-287.67,218,66.873
78.955,-289.96,212,66.7
79.551,-293.74,207,63.218
79.701,-296.89,189,54.881
79.686,-299.69,165,51.325
79.159,-298.34,179,59.886
79.079,-295.95,222,58.851
78.238,-294.51,225,67.949
75.968,-296.91,232,62.945
78.014,-299.26,227,70.943
75.988,-297.17,231,75.019
72.55,-295.78,248,81.503
72.907,-297.09,229,67.932
73.473,-296.69,220,61.911
73.652,-293.69,213,57.9
73.909,-292.6,210,55.543
75.571,-292.49,206,56.196
75.65,-290.95,217,58.355
79.383,-292.55,216,59.67
79.106,-293.87,192,62.101
81.006,-297.73,188,51.515
83.145,-300.11,169,52.847
83.355,-299.05,179,54.526
83.544,-297.62,209,63.987
82.755,-300.14,213,62.763
80.235,-304.17,216,64.061
80.117,-306.76,224,64.367
76.532,-306.19,228,60.993
73.346,-307.42,218,67.568
74.677,-309.69,223,60.993
73.843,-311.38,234,71.025
72.54,-313.24,216,64.575
71.41,-314.1,217,67.659
72.107,-316.46,223,58.553
72.985,-317.35,216,67.361
73.099,-320,205,60.786
72.438,-319.56,194,57.238
69.882,-319.99,187,54.228
67.414,-321.53,182,56.122
68.369,-321.24,202,59.314
67.252,-319.08,212,65.012
66.89,-319.22,210,57.536
68.935,-317.12,203,67.435
68.814,-318.27,208,73.712
71.147,-320.85,203,72.315
72.202,-322.4,176,76.186
69.713,-324.94,203,75.888
67.734,-325.95,191,66.072
69.126,-328.04,191,66.137
68.18,-326.21,185,59.562
67.326,-329.35,181,62.407
69.158,-330.85,178,71.133
67.618,-330.84,182,64.086
64.756,-327.02,175,78.08
63.66,-323.98,183,67.733
63.978,-318.56,193,70.256
63.27,-315.8,206,70.926
67.27,-317.17,206,57.238
71.835,-316.96,211,57.511
72.542,-317.62,206,65.418
74.976,-319.77,207,64.095
74.868,-319.99,195,58.826
75.054,-321.66,180,63.433
76.075,-324.53,183,58.405
76.926,-328.5,172,57.727
77.051,-332.34,166,55.667
78.005,-335.79,147,51.813
78.725,-337.38,133,49.092
78.324,-336.36,151,63.433
79.349,-339.13,156,66.154
81.033,-342.69,155,76.914
82.2,-345.75,134,56.014
83.943,-347.94,133,67.833
84.649,-348.51,119,66.89
87.042,-349.81,122,55.858
87.917,-349.77,124,49.953
89.889,-349.23,94,39.449
91.117,-349.3,96,36.91
92.494,-351.96,79,33.61
92.852,-353.03,73,28.557
92.212,-355.03,65,33.453
93.318,-354.23,72,32.692
93.787,-356.11,85,37.654
94.649,-359.5,87,38.498
93.361,-360.3,106,44.122
91.621,-361.36,101,50.399
91.135,-360.76,118,59.215
93.819,-360.44,138,58.744
93.465,-358.92,118,58.388
97.04,-360.38,106,57.445
98.752,-360.51,114,56.329
99.052,-359.75,99,61.15
101.01,-363.33,98,50.407
99.864,-364.86,93,58.851
98.356,-365.23,77,60.82
100.82,-361.97,78,56.42
102.59,-360.77,103,97.011
102.16,-362.84,80,97.83
103.53,-359.33,52,61.448
100.62,-364.22,215,70.818
101.11,-363.6,234,75.325
100.49,-362.15,226,63.987
99.286,-359.78,209,58.165
100.94,-360.96,214,64.731
105.78,-360.73,234,66.154
109.67,-359.72,219,58.545
110.22,-360.26,206,60.613
110.42,-358.55,206,54.625
110.5,-360.81,221,67.361
111,-361.9,244,74.573
108.05,-364,241,80.412
104.05,-365.47,248,75.027
101.96,-368.48,240,76.624
100.66,-367.27,232,66.782
101.31,-364.95,216,63.623
100.16,-365.1,231,73.713
97.653,-368.67,229,79.006
95.688,-369.94,220,63.697
94.762,-370.98,207,62.291
96.405,-369.5,224,60.042
93.929,-368.48,214,71.042
91.347,-369.37,224,71.613
89.794,-371.34,213,63.342
87.406,-372.65,215,55.824
86.042,-373.2,205,52.334
84.748,-373.54,218,60.803
85.534,-371.95,225,62.465
88.912,-371.56,228,68.04
91.3,-371.73,212,60.249
92.214,-368.87,217,57.511
93.22,-369.79,215,60.24
95.859,-371.39,214,63.714
95.232,-369.85,225,74.763
97.979,-366.51,230,76.93
100.5,-363.95,225,68.85
102.81,-364.91,219,72.803
103.21,-364.78,231,68.478
102.56,-367.78,220,59.025
104.18,-369.63,225,63.78
105.5,-369.71,209,61.663
105.71,-370.05,220,66.294
105.86,-371.66,231,63.772
106.66,-372.68,230,61.936
107.94,-374.77,224,63.714
109.51,-376.64,213,61.175
107.4,-378.4,214,57.586
106.63,-379.58,217,62.49
107.53,-381.25,220,56.875
104.98,-382.29,219,56.444
103.43,-383.67,207,57.139
103.44,-383.18,193,59.885
103.97,-383.41,195,58.264
103.84,-381.91,213,54.881
103.94,-380.17,208,60.34
100.81,-379.09,211,59.777
97.631,-380.11,228,62.316
96.804,-380.9,217,63.813
96.123,-379.96,213,62.945
97.777,-378.2,217,57.809
98.189,-377.26,221,60.348
98.083,-378.53,220,60.67
99.938,-378.02,228,62.556
102.79,-379.56,224,66.724
104.32,-382.48,226,61.365
104.37,-385.32,206,58.247
104.55,-387.31,204,55.642
104.99,-388.36,187,56.312
104.83,-388.34,173,48.141
102.96,-386.64,196,56.866
100.79,-385.75,217,63.325
100.19,-383.58,224,68.783
99.429,-381.69,234,60.505
99.751,-381.97,239,66.211
99.622,-382.21,230,70.909
100.65,-383.79,235,64.243
103.6,-385.03,226,55.617
105.48,-387.24,233,69.827
107.26,-390,220,57.346
107.79,-391.92,219,65.674
106.8,-394.19,217,56.295
107.46,-395.37,209,55.684
106.16,-398.2,209,61.059
105.89,-401.12,182,49.183
106.41,-403.02,171,47.959
102.78,-400.92,174,50.01
100.78,-402.63,172,48.447
99.374,-404.08,153,46.181
98.786,-403.25,163,51.714
97.219,-402.57,162,51.97
98.238,-402.5,165,49.729
98.744,-403.42,174,50.614
98.892,-404.5,194,53.864
101.05,-402.14,192,53.691
98.603,-403.77,197,53.773
99.942,-406.84,195,57.23
101.49,-408.78,189,53.194
101.71,-408.29,196,58.545
98.239,-409.75,192,55.27
98.561,-412.05,177,60.82
97.794,-411.48,185,53.566
96.005,-410.43,180,61.101
96.387,-410.29,178,54.79
100.73,-409.62,183,52.946
101.24,-408.67,192,55.617
100.9,-411.23,178,56.453
102.34,-411.44,197,59.86
104.52,-409.95,184,53.74
105.26,-411.79,181,49.505
106.54,-414.25,174,54.517
107.64,-418.19,154,57.528
108.01,-421.31,142,46.578
108.67,-422.79,137,42.79
105.61,-424.17,133,44.874
106.22,-426.46,131,46.991
107.87,-429.22,127,56.122
104.67,-431.28,143,57.156
104.75,-431.05,138,48.075
106.86,-430.54,138,46.479
108.2,-430.5,123,49.092
104.12,-431.83,133,50.291
104.52,-433.46,137,45.056
104.11,-431.17,134,46.57
102.47,-429.47,132,50.266
103.33,-427,128,42.401
105.04,-428.15,116,43.625
106.85,-429.89,126,47.959
107.69,-427.77,135,49.538
105.73,-428.49,140,53.335
106.13,-430.54,149,56.196
106.13,-429.68,142,55.915
104.2,-429.5,132,69.205
104.49,-429.49,130,58.553
105.55,-428.54,135,64.839
106.23,-429.98,143,57.536
108.2,-431.31,134,56.585
109.29,-433.46,135,54.046
109.81,-433.61,123,74.581
110.12,-433.94,146,56.469
112.55,-434.33,131,48.447
115.18,-434.16,118,38.787
115.65,-434.44,117,39.449
116.42,-437.06,103,36.075
118.53,-437.15,103,35.984
116.88,-435.51,108,38.547
116.65,-434.42,106,41.111
116.8,-433.88,116,41.5
118.35,-433.58,111,39.813
120.34,-436.58,111,40.557
118.42,-436.75,150,47.744
119.36,-438.09,157,46.826
121.34,-435.52,154,45.883
123.14,-435.25,144,46.57
121.85,-437.31,137,40.185
122.1,-438.25,144,42.583
122.2,-436.75,144,42.128
121.89,-433.67,158,48.993
120.13,-435.6,178,47.388
119.31,-439.1,181,48.86
118.07,-437.13,207,59.347
120.29,-434.46,209,53.839
121.96,-435.46,209,54.344
121.42,-437.97,209,60.116
122.01,-440.08,192,53.26
123.62,-441.35,184,51.631
123.59,-443.2,196,55.617
126.03,-443.92,189,52.549
124.96,-443.9,196,54.443
123.92,-447.55,188,62.366
124.62,-449.26,179,56.279
124.05,-450.05,193,59.769
124.73,-452.47,179,56.171
123.2,-452.59,173,56.602
121.33,-453.93,164,50.126
120.71,-456.29,161,48.621
122.97,-458.76,166,50.101
123.41,-459.91,161,54.972
122.9,-461.46,171,64.533
122.79,-464.97,151,47.016
121.08,-467.3,149,51.143
120.01,-470.04,133,51.143
120.58,-471.88,131,50.217
118.48,-473.89,130,49.373
118.95,-472.46,117,52.02
119.6,-472.36,117,66.832
120.26,-469.44,139,66.03
120.75,-469.34,148,50.763
123.29,-468.89,138,52.111
122.17,-467.3,127,51.135
119.56,-466.94,142,49.39
121.69,-471.43,127,49.39
121.56,-476.2,117,46.942
121.5,-478.7,101,46.38
121.5,-478.7,101,46.38
