0,-0,100,42.65
-1.0278,-0.024118,102,62.192
-0.60966,-0.84207,116,59.571
-2.6568,-1.6247,114,51.433
-4.0065,-1.6398,133,44.204
-5.1063,-1.6025,102,51.904
-6.1154,-0.17371,151,45.147
-5.8685,-0.33294,136,44.585
-5.1029,-1.2828,123,49.572
-4.3115,-1.606,129,46.181
-4.7128,-1.8897,263,60.695
-3.7571,-2.8058,264,58.702
-3.5475,-2.8774,251,57.122
-3.8941,-4.0226,270,60.389
-3.4273,-3.1952,273,62.564
-3.6332,-3.9044,258,64.268
-3.0805,-3.5787,271,64.086
-3.9025,-2.2825,257,63.027
-3.9219,-2.4443,259,64.16
-3.7934,-3.1408,241,57.602
-5.0529,-4.9377,207,51.763
-5.7924,-6.1688,196,49.555
-6.4791,-6.687,186,46.338
-6.48,-6.925,200,48.331
-7.1242,-8.1056,213,52.268
-7.3402,-8.9485,238,55.162
-7.6853,-10.208,245,57.61
-7.2561,-11.246,244,57.412
-7.2325,-12.105,224,55.551
-8.5965,-11.789,238,53.864
-7.0923,-10.015,235,53.864
-5.7035,-9.753,261,61.737
-4.3038,-8.7507,241,56.568
-3.1337,-7.9261,255,65.996
-4.2271,-6.7024,254,61.596
-5.033,-7.7262,261,60.207
-4.0542,-7.3526,257,61.613
-3.9459,-6.2041,251,61.042
-2.7608,-4.4528,267,62.192
-2.1763,-6.4359,238,55.088
-2.3239,-9.1186,229,56.56
-2.7873,-11.077,245,57.552
-3.4875,-11.861,252,60.596
-3.9914,-9.4562,252,57.983
-4.9339,-8.0089,251,59.827
-4.87,-5.88,260,58.801
-2.7057,-4.6644,259,58.338
-1.5526,-2.4146,279,62.936
-2.1315,-2.907,305,70.611
-1.5767,-4.9167,300,75.515
-2.5999,-6.1904,278,74.58
-3.2521,-5.9819,262,57.668
-3.5894,-5.4397,248,57.726
-4.4646,-6.1987,224,52.805
-2.2286,-7.7156,209,51.027
-2.2864,-9.753,217,53.359
-2.2896,-13.331,253,59.264
-2.7505,-13.697,239,58.198
-3.807,-11.837,261,57.478
-2.3501,-12.482,286,64.152
-1.1709,-9.6934,273,60.72
0.84644,-8.1833,289,68.08
0.12082,-9.2368,294,74.572
-0.94703,-11.629,296,69.577
-1.485,-11.29,277,61.704
-2.4102,-8.7006,306,83.571
-2.2563,-7.5058,281,64.847
-1.4958,-5.9538,277,62.374
-0.52811,-7.2604,296,62.192
0.5732,-6.7266,294,69.726
-0.47705,-9.1327,298,65.12
-1.4523,-11.185,310,74.994
-0.87638,-13.562,298,62.763
-2.1428,-14.875,303,66.327
-2.1822,-15.837,307,65.285
-4.6757,-15.604,309,71.81
-4.1662,-17.033,264,57.23
-1.6835,-15.336,277,60.786
0.1478,-13.963,236,55.526
0.73859,-15.245,227,53.756
0.46382,-16.182,241,53.285
0.644,-15.626,250,54.972
0.65884,-13.975,241,53.26
-1.2066,-13.554,239,55.038
-0.99269,-12.915,227,55.328
-1.0946,-12.658,209,51.788
-2.104,-12.853,212,51.325
-2.2879,-11.787,280,62.084
0.16276,-13.709,290,62.374
0.92496,-16.982,258,58.338
-0.80996,-18.522,259,59.744
-1.271,-16.839,302,66.947
1.8184,-14.641,281,62.771
2.289,-14.723,268,58.321
-0.81768,-13.514,259,58.983
-3.7031,-13.873,272,59.868
-5.4312,-15.67,268,59.438
-7.8063,-15.149,277,66.666
-7.251,-13.068,290,66.178
-4.7017,-14.872,323,77.947
-1.1815,-15.987,327,83.918
0.93517,-14.261,290,68.444
3.115,-15.72,286,65.351
5.7154,-16.446,229,56.494
6.6569,-18.807,221,54.046
4.534,-17.805,239,55.94
3.6239,-16.734,228,54.203
1.0943,-14.249,210,51.763
1.2453,-11.977,239,58.685
1.0426,-11.87,214,52.441
2.6781,-11.764,265,60.389
0.87066,-14.945,289,61.778
0.45291,-18.998,299,62.829
-0.16839,-20.259,310,64.913
-1.0193,-21.075,307,65.285
-2.8759,-20.505,329,69.941
-1.4263,-20.452,316,66.161
-1.6846,-19.115,291,64.987
-1.1137,-21.005,320,66.393
0.65071,-22.387,297,63.664
-0.44676,-18.991,299,67.444
-2.0236,-21.795,275,60.108
0.52056,-22.982,286,61.142
0.13472,-21.405,265,57.387
-0.94727,-20.486,275,58.818
-1.4277,-21.037,261,56.634
-0.42,-21.617,240,53.169
0.71866,-22.142,238,54.211
2.944,-21.709,239,55.063
2.8438,-21.435,254,57.668
-0.22,-19.391,295,64.714
-0.73098,-18.428,328,76.144
-0.43342,-19.462,298,65.467
1.6058,-21.498,271,57.321
2.9061,-22.98,276,61.936
3.7358,-22.831,276,57.883
3.6225,-22.047,259,58.528
3.4823,-20.854,266,57.991
1.4913,-20.429,282,58.346
0.80137,-21.806,262,57.048
0.45209,-22.707,258,56.932
0.52702,-20.021,302,64.069
6.2775,-19.862,281,61.315
5.5638,-23.814,309,64.086
1.7074,-24.338,314,67.27
-1.6789,-22.801,309,69.023
-1.2889,-21.712,328,72.199
-0.18615,-23.459,325,66.501
0.0040506,-23.945,316,69.618
-0.21739,-25.433,306,63.97
-0.30673,-25.487,309,65.012
-1.121,-25.169,301,61.15
-1.5384,-24.539,304,64.805
-0.59705,-24.058,305,64.036
0.14066,-24.72,305,63.118
-0.18768,-23.814,297,63.002
-0.79874,-25.019,301,63.383
-1.6927,-26.562,286,61.82
-1.5376,-26.585,289,59.19
-2.1142,-24.919,291,63.325
0.41117,-24.347,308,63.325
0.18667,-24.06,300,63.118
1.3961,-25.504,310,64.93
-0.31968,-25.319,309,66.319
-2.2409,-27.473,296,60.877
0.099737,-24.279,304,62.539
-1.3933,-22.227,300,64.458
-2.0541,-25.343,287,60.877
0.81105,-24.073,277,57.983
1.7551,-21.504,257,60.786
-0.59182,-23.142,291,63.226
-0.73769,-28.304,277,58.338
1.233,-26.271,268,57.966
1.8092,-23.862,288,59.86
1.3852,-21.595,267,56.543
0.63058,-21.928,257,55.964
-0.063939,-22.525,264,59.678
0.69552,-24.705,277,59.099
1.1601,-27.21,281,60.852
1.6903,-25.929,281,58.437
3.5833,-24.677,303,65.947
1.8283,-23.513,290,59.372
0.28934,-24.332,289,60.306
-0.11103,-25.896,301,61.704
0.80667,-25.8,300,60.596
1.2528,-26.796,272,57.676
2.0491,-26.046,275,58.123
3.4976,-24.956,279,58.404
1.8688,-25.336,277,59.951
-0.10056,-25.407,288,60.761
-2.2849,-24.473,296,64.127
-0.1436,-21.805,322,66.683
4.515,-22.802,277,60.704
4.9451,-26.151,304,65.558
3.5925,-26.57,319,67.708
0.75891,-26.046,313,63.763
0.17365,-24.933,315,65.996
1.341,-25.145,318,63.234
2.3578,-25.864,306,62.101
1.6678,-27.144,319,65.012
0.43489,-27.184,317,62.961
1.7708,-27.312,304,62.556
0.36738,-25.69,301,60.596
-0.66405,-25.483,336,68.56
-0.23346,-27.953,327,63.226
1.8049,-25.169,289,60.232
0.79333,-25.113,300,63.209
1.0322,-26.087,314,68.237
0.40295,-27.655,305,62.49
0.47776,-27.599,313,66.484
2.4008,-27.277,307,63.689
2.0836,-24.898,280,62.837
2.7344,-25.068,272,57.304
2.1058,-24.874,291,61.158
1.769,-24.881,291,60.579
0.18811,-25.487,296,63.325
0.45291,-26.442,299,61.133
0.75586,-28.682,290,62.415
0.60048,-26.184,293,60.488
1.9177,-24.7,305,64.64
2.6603,-25.63,299,63.234
0.48391,-26.566,281,59.909
0.39387,-25.85,274,58.702
0.087092,-25.67,282,60.281
2.5933,-26.42,300,60.968
5.9207,-27.265,273,61.15
1.7185,-28.629,296,62.374
2.7631,-29.696,295,64.086
3.7467,-26.65,276,61.423
3.0781,-25.27,263,58.148
1.9623,-28.273,293,62.68
0.51836,-28.792,292,61.919
-2.5052,-29.276,317,67.915
-0.36915,-29.483,295,60.786
-0.10038,-27.075,316,63.937
0.67337,-26.227,332,70.495
1.1252,-26.757,332,69.205
1.1217,-28.045,336,66.36
1.08,-28.507,318,65.26
-0.043529,-27.727,340,71.463
-0.63212,-29.778,330,69.346
0.63502,-27.675,309,61.985
-0.12447,-25.764,291,60.108
-0.95916,-28.176,332,67.419
-0.31687,-30.686,320,70.057
3.1619,-29.891,299,60.67
0.89683,-27.301,303,63.474
-1.0585,-27.575,296,65.814
-1.6422,-28.997,315,69.95
-2.4865,-26.572,316,67.328
-2.6154,-25.227,302,63.772
-0.77315,-26.471,286,61.754
-1.7334,-28.769,284,59.107
-0.88786,-28.923,280,60.364
1.0977,-29.907,282,60.488
2.7023,-29.68,278,60.224
1.2331,-27.206,294,65.541
1.619,-27.272,308,64.731
2.054,-27.055,308,68.138
0.33714,-29.623,280,58.503
-2.1932,-28.998,269,57.023
-1.3938,-27.224,267,59.074
0.44275,-30.565,255,55.344
1.4115,-30.621,267,57.412
0.65092,-29.109,282,61.34
2.1528,-25.167,323,68.163
3.2578,-22.341,329,75.97
5.1636,-23.471,317,70.512
4.8213,-26.936,286,60.579
3.4727,-30.709,289,61.167
0.93662,-32.307,272,60.116
1.5942,-28.138,282,59.653
1.8675,-23.852,327,75.664
1.3184,-24.57,344,72.108
1.3772,-27.026,355,75.053
-0.50211,-30.211,341,69.66
-1.245,-31.671,320,68.875
-0.02,-30.5,300,61.332
-0.37137,-29.043,329,66.567
0.42548,-28.261,343,67.816
1.1646,-28.539,325,66.484
1.5529,-29.715,332,65.26
1.6498,-29.413,344,67.89
0.1636,-30.629,317,64.706
0.26278,-29.975,331,69.114
-0.75125,-29.358,320,65.26
0.55892,-30.579,332,64.913
1.1379,-29.347,337,71.554
1.5185,-28.398,325,65.376
2.421,-28.473,346,72.133
1.7835,-30.038,344,73.009
1.8066,-32.639,331,72.869
1.2262,-31.148,325,64.127
-0.77514,-29.194,321,63.515
-1.9446,-31.518,345,73.076
0.086369,-28.857,314,67.427
-0.20348,-27.146,351,72.48
0.18497,-28.567,362,77.318
0.66235,-31.133,340,68.784
2.0622,-29.798,338,67.311
-0.35269,-31.64,312,66.592
0.76323,-33.146,322,66.327
1.8002,-31.718,327,67.824
2.0056,-27.913,289,60.869
3.3162,-26.498,254,57.321
2.604,-29.638,292,63.209
1.7511,-31.013,339,79.336
0.98673,-28.268,327,72.298
3.0816,-28.627,321,65.425
1.4546,-29.925,287,63.383
0.65616,-29.598,302,64.615
0.6706,-31.029,298,63.325
1.409,-30.82,310,66.195
2.5901,-33.983,297,64.351
1.9362,-35.504,292,62.721
1.6101,-32.944,299,68.345
1.3963,-31.046,294,61.679
1.3088,-31.478,306,66.873
0.036376,-31.176,298,64.607
1.4519,-28.068,281,65.26
1.4958,-29.993,297,68.122
1.1195,-32.768,291,64.706
0.65744,-30.952,297,66.046
2.33,-30.507,296,61.059
1.9322,-29.846,318,72.497
1.5833,-30.063,300,67.402
1.7386,-29.702,290,63.556
1.6562,-30.594,302,67.683
0.92219,-32.866,301,68.122
-0.33554,-31.47,296,64.4
2.4013,-30.232,291,60.025
6.172,-31.636,299,62.002
7.4064,-33.567,288,63.002
8.2261,-36.372,243,55.501
5.3358,-38.191,217,51.532
1.0244,-39.206,189,47.744
-2.2048,-38.907,158,46.743
1.0226,-38.927,183,47.363
1.8877,-39.945,195,48.786
1.9941,-40.058,198,49.141
0.44325,-39.615,234,56.676
1.287,-38.417,256,60.72
-2.1357,-38.673,299,66.666
-1.2497,-38.093,317,67.89
0.4666,-38.953,291,63.201
3.2787,-38.288,312,68.188
3.4877,-38.944,336,75.945
2.8226,-37.745,338,74.399
0.42195,-37.812,329,67.402
0.45963,-39.07,324,67.195
-1.2838,-36.991,345,71.91
0.88564,-36.869,337,70.305
4.3624,-36.233,340,68.75
2.7387,-37.122,334,69.081
1.7556,-39.305,353,71.926
1.5297,-41.91,338,72.894
2.3997,-41.074,294,68.56
0.85969,-44.799,261,63.127
-0.0062069,-46.519,232,57.329
-0.19885,-44.845,208,51.97
-0.8406,-43.301,233,57.602
-0.30768,-41.168,276,62.101
-2.6444,-40.958,312,66.336
0.63763,-40.266,295,62.324
3.0887,-41.45,289,61.894
2.4091,-42.334,275,62.837
3.123,-39.551,302,66.617
1.6626,-35.258,339,74.639
-1.9186,-32.941,351,81.677
0.11925,-32.484,293,64.706
4.1409,-33.127,312,68.882
1.5277,-28.684,325,73.075
-2.324,-22.688,354,79.146
-6.1135,-21.319,336,68.957
-5.1571,-20.824,350,79.766
-1.9742,-22.414,332,69.677
-0.0089571,-22.607,326,69.04
-0.28337,-21.672,344,69.098
-0.61648,-22.261,341,70.975
-0.34879,-23.427,323,67.981
2.5308,-25.207,325,63.945
5.3211,-26.54,336,72.778
6.4842,-28.747,355,76.781
5.4904,-31.536,346,77.765
4.0829,-34.668,340,76.913
1.1969,-38.305,308,72.505
0.67825,-40.018,285,59.19
2.8546,-41.61,284,62.374
4.3394,-41.271,320,68.511
4.689,-36.157,321,69.511
8.3999,-30.659,311,65.169
6.4321,-26.564,338,78.087
4.9781,-21.931,309,65.971
4.8758,-19.826,311,71.653
6.9026,-21.749,310,69.106
5.5359,-21.422,295,62.928
3.6221,-20.274,309,70.396
2.7477,-20.556,334,72.596
1.5707,-19.89,324,69.478
0.49077,-19.416,325,68.089
0.66946,-19.912,313,67.187
0.019628,-23.027,323,74.051
-1.4593,-25.434,331,76.4
-1.3715,-28.312,330,74.448
-1.2027,-32.372,313,68.212
-0.31935,-35.064,308,68.7
1.1807,-36.428,298,69.379
1.2919,-38.035,302,67.973
1.8442,-35.516,299,66.583
2.0444,-33.676,295,63.672
0.61754,-30.921,293,67.733
1.0848,-26.81,311,71.761
-1.9041,-25.392,314,67.361
-5.3134,-23.83,319,72.96
-8.1692,-21.106,311,73.117
-9.0228,-19.606,282,65.922
-8.5841,-19.23,256,64.615
-9.3967,-17.66,257,65.078
-8.5428,-17.007,285,72.281
-7.9924,-16.378,304,76.193
-6.1805,-16.885,309,76.772
-4.9652,-16.224,310,68.626
-5.027,-16.561,313,69.759
-4.278,-15.184,324,70.33
-4.3018,-13.648,330,64.698
-5.2266,-15.038,331,71.438
-5.8296,-17.45,332,76.996
-5.3823,-17.834,318,68.659
-3.2544,-18.258,326,71.19
-1.5887,-20.474,320,69.569
-0.43266,-21.67,316,68.759
2.2231,-23.646,297,63.374
3.0397,-26.062,298,68.072
3.8041,-26.242,299,64.268
4.3979,-28.084,302,65.186
3.0626,-29.907,317,76.516
3.1454,-32.093,306,79.344
2.8735,-34.701,310,84.927
1.6608,-37.289,297,74.3
1.621,-38.484,293,64.367
0.28438,-40.08,274,59.074
-0.3603,-40.267,268,62.448
1.2354,-39.625,296,67.03
2.147,-40.235,291,70.189
2.6229,-39.23,280,62.076
3.7594,-39.875,262,61.067
2.6238,-41.226,274,60.116
1.3968,-43.398,262,59.082
0.95037,-43.634,270,65.649
0.792,-44.91,250,58.404
-1.1709,-42.972,265,59.488
-0.35023,-43.761,258,61.158
0.97442,-42.71,251,56.849
2.5379,-38.109,261,61.365
2.3059,-32.852,270,61.886
-1.3719,-27.228,291,68.675
-4.3653,-22.717,311,70.355
-4.7725,-19.496,261,59.338
-5.1282,-20.944,257,60.662
-3.2427,-21.624,282,66.534
-0.47145,-22.646,311,67.237
1.2498,-23.651,315,74.316
2.3174,-23.515,297,62.233
2.38,-26.447,290,71.099
1.941,-27.705,277,65.657
0.79269,-27.611,268,61.456
2.7154,-29.935,288,62.167
3.8422,-33.108,286,61.82
7.1672,-34.384,298,64.706
7.4807,-35.134,302,73.564
7.6757,-35.218,303,65.376
7.3923,-37.873,293,68.816
5.626,-40.956,261,58.926
3.2145,-42.742,249,63.184
0.67058,-38.081,276,69.842
3.8663,-36.228,255,56.171
4.384,-38.006,250,59.471
4.6838,-41.336,289,72.869
3.9545,-41.955,267,66.41
4.1497,-44.949,251,64.061
1.8005,-45.388,263,69.751
3.1848,-45.19,248,61.241
2.236,-46.214,250,64.036
3.7182,-44.294,275,62.366
4.317,-41.693,270,60.513
5.1165,-37.863,315,79.874
5.1582,-41.965,294,67.51
3.2008,-47.6,269,59.752
1.9467,-47.259,240,62.076
6.9957,-43.091,255,59.099
4.9267,-45.475,274,60.985
1.6319,-44.798,308,74.44
-1.5573,-42.55,306,78.021
-1.8456,-44.945,289,66.319
-0.34123,-45.076,292,69.875
1.736,-43.283,282,60.298
3.8311,-42.373,235,53.839
4.5995,-43.148,256,60.761
4.7245,-44.214,256,64.698
3.3823,-45.137,263,64.706
3.835,-45.559,251,61.431
4.5522,-46.587,252,57.536
2.0342,-46.109,240,60.108
1.0841,-45.64,244,58.892
0.864,-45.026,250,58.429
0.86629,-42.811,248,64.491
4.2304,-41.17,266,71.611
5.58,-32.595,282,85.58
4.1766,-26.023,290,84.199
6.4497,-21.178,261,56.94
7.9923,-16.521,211,51.796
3.4673,-17.808,204,50.498
-1.1384,-24.813,277,72.323
-3.243,-26.232,305,80.899
-5.8273,-33.137,302,72.133
-7.3742,-35.89,306,73.258
-5.0902,-36.741,285,67.733
-5.0207,-37.772,283,64.78
-4.5543,-41.416,283,63.97
-5.2018,-43.683,275,60.34
-4.8296,-44.461,271,64.26
-4.9235,-45.033,284,64.086
-4.9505,-44.379,279,60.67
-2.5969,-44.975,277,63.11
-3.3762,-46.781,274,60.298
-1.0725,-47.904,282,61.704
-0.0013149,-50.699,289,60.505
-0.74246,-51.426,276,68.651
-2.304,-51.74,293,63.416
-1.7245,-50.598,266,60.877
-1.7147,-50.011,285,61.613
0.49111,-50.756,270,57.734
-0.30364,-51.65,275,60.017
-0.60794,-51.826,282,74.167
-0.21359,-55.132,281,63.49
-0.085428,-53.336,269,59.124
0.88034,-48.938,293,68.717
0.91119,-46.412,311,74.448
-0.18727,-52.959,275,59.81
-2.3852,-58.695,230,53.731
-1.4243,-62.015,235,60.182
0.65083,-62.367,240,67.915
1.1192,-61.292,217,61.29
0.82242,-61.033,198,51.978
0.31585,-60.971,212,53.872
1.5354,-61.815,224,62.382
1.3902,-64.188,216,51.788
1.8942,-65.965,226,54.129
2.201,-65.817,219,55.063
1.2175,-65.843,240,58.727
0.20037,-65.485,216,50.448
0.36061,-65.409,196,50.448
3.1006,-63.946,194,51.581
5.5611,-65.966,212,52.557
5.9574,-68.362,212,55.063
4.37,-71.27,200,51.143
1.6068,-72.011,224,54.873
-0.3113,-70.387,230,54.492
-0.75043,-69.526,230,58.644
1.5669,-69.656,229,53.756
1.9571,-72.777,236,61.059
0.5602,-73.928,202,50.969
1.7018,-73.857,197,51.788
3.8988,-72.846,207,50.01
4.4177,-73.332,191,48.993
3.0941,-72.939,177,45.701
2.8491,-74.12,223,54.393
1.5219,-74.917,241,62.655
1.6251,-75.177,244,60.058
-0.80767,-74.884,227,58.239
0.21485,-74.892,241,60.232
1.8535,-74.73,223,53.376
3.3818,-71.633,217,53.401
7.4703,-72.46,237,54.608
6.4173,-71.702,252,59.008
7.9177,-74.362,228,56.949
4.631,-75.847,196,58.198
7.015,-79.199,177,47.314
8.5439,-77.869,166,44.775
6.1026,-76.805,199,55.551
2.8775,-78.193,242,68.833
2.3435,-78.967,241,59.636
2.7402,-79.152,256,58.801
1.8831,-78.384,254,56.461
1.8709,-79.141,275,62.068
2.0663,-79.31,255,55.617
-0.24692,-80.857,260,60.422
-1.2592,-81.557,255,59.397
0.087752,-80.238,258,62.647
0.79888,-80.189,233,54.898
-0.30189,-80.561,254,57.974
-2.6178,-83.506,268,61.547
-3.4011,-83.553,265,71.389
-4.7251,-83.612,272,65.492
-3.1817,-83.56,277,63.515
-7.1123,-87.734,273,72.505
-7.0867,-89.19,252,66.344
-8.4802,-88.749,266,69.032
-10.169,-95.475,247,66.989
-11.613,-99.545,254,67.577
-13.689,-102.26,245,59.066
-14.71,-97.829,252,67.262
-14.627,-98.576,241,57.255
-14.111,-103.56,246,63.962
-15.684,-106.4,246,65.376
-15.375,-106.69,246,62.763
-17.886,-104.1,251,64.714
-17.482,-109.87,257,61.034
-17.879,-109.53,246,57.048
-17.705,-106,249,65.608
-18.849,-110.93,240,58.189
-15.153,-112.62,258,69.858
-18.007,-115.36,247,58.478
-19.155,-109.45,230,72.505
-20.02,-115.39,230,59.835
-18.373,-117.48,232,63.978
-15.939,-119.24,243,60.447
-18.883,-126.01,231,85.928
-19.264,-133.57,231,81.677
-17.911,-138.86,230,61.249
-17.303,-143.05,230,64.26
-15.587,-145.96,233,69.619
-13.439,-147.68,209,55.179
-16.25,-152.88,224,65.757
-16.456,-157.9,223,63.317
-15.123,-162.79,209,64.549
-14.18,-165.44,192,51.433
-11.427,-166.34,145,42.79
-10.838,-164.44,170,48.629
-11.836,-164.69,190,54.112
-10.944,-168.68,227,59.289
-9.1545,-171.6,226,62.283
-9.7667,-171.56,225,63.283
-10.201,-177.28,192,51.457
-11.997,-179.5,142,40.532
-11.217,-181.06,118,42.608
-11.002,-180.83,91,37.166
-11.137,-177.61,99,44.014
-11.339,-178.27,111,44.568
-11.478,-177.77,121,40.367
-12.939,-177,129,52.549
-12.299,-178.82,132,43.369
-12.941,-178.13,121,46.073
-13.341,-177.77,114,46.669
-15.955,-178.06,114,47.38
-16.103,-174.32,123,48.447
-11.184,-175.78,110,41.02
-12.474,-179.51,130,49.456
-14.873,-182.12,137,49.53
-14.332,-182.61,147,61.249
-15.383,-180.37,162,69.71
-16.906,-178.64,148,45.908
-18.61,-176.17,126,49.431
-18.701,-175.33,114,42.699
-18.387,-177.68,92,34.487
-17.408,-176.37,86,33.428
-19.055,-175.84,104,38.481
-19.266,-173.21,130,62.812
-15.497,-176.05,142,50.101
-12.7,-177.06,150,71.397
-12.153,-178.68,146,70.14
-11.539,-177.07,176,70.619
-13.42,-177.39,135,52.913
-15.3,-172.75,133,49.439
-14.585,-169.9,127,51.788
-11.479,-174.95,136,45.511
-11.023,-175.21,116,39.333
-10.87,-174.56,140,58.818
-10.019,-175.75,192,56.114
-11.363,-176.84,158,80.626
-10.84,-181.05,188,75.656
-11.348,-187.01,152,85.407
-14.067,-182.79,167,59.653
-16.106,-179.48,169,61.481
-15.314,-181.34,161,92.825
-11.66,-188.33,150,85.465
-11.688,-195.82,168,69.693
-12.249,-202.2,158,87.516
-11.947,-207.13,182,57.974
-12.896,-209.75,170,53.682
-14.568,-214.99,155,43.65
-12.482,-214.15,130,40.35
-13.142,-217.07,158,51.118
-15.027,-219.34,173,60.207
-16.888,-218.19,158,63.598
-14.378,-219.65,166,60.158
-15.782,-216.21,160,58.454
-8.7816,-215.04,177,55.535
-9.5155,-217.98,157,76.913
-11.087,-224.04,153,54.625
-13.176,-230.71,160,52.847
-13.363,-236.05,157,51.515
-11.757,-238.7,172,53.02
-9.2941,-242.11,135,59.885
-9.0146,-246.51,148,46.851
-6.7993,-247.19,145,55.94
-3.8332,-249.99,121,42.443
-1.672,-250.48,127,45.908
-1.842,-248.46,109,39.168
-4.8424,-248.45,116,40.929
-3.268,-249.75,125,42.906
-0.18259,-250.7,139,46.016
0.52074,-253.86,135,51.416
-1.7306,-252.79,161,55.196
-0.46819,-252.36,166,57.329
-0.18821,-250.1,151,78.824
1.1128,-251.6,122,44.312
1.5867,-252.24,150,61.928
5.5203,-255.24,134,45.511
7.684,-257.19,125,41.426
11.097,-261.64,116,37.919
13.227,-261.77,133,45.238
15.414,-264.52,145,47.107
16.266,-263.61,153,48.05
15.69,-268.58,145,44.312
15.999,-269.29,124,37.282
13.046,-271.58,133,42.608
15.189,-271.1,115,43.758
14.778,-271.72,101,35.686
14.798,-270.4,110,43.857
15.709,-270.74,70,50.68
17.695,-270.63,61,39.424
18.011,-269.99,266,62.581
18.132,-269.43,286,62.473
17.963,-268.99,299,69.37
18.311,-268.47,313,71.81
18.012,-267.79,319,71.074
18.047,-267.44,320,67.989
18.863,-267.34,294,78.013
19.514,-266.05,281,64.772
19.14,-264.9,217,52.342
18.075,-266.03,207,54.691
19.122,-265.41,211,55.162
18.753,-266.97,229,60.488
19.286,-267.72,219,61.183
19.17,-266.56,210,59.926
18.8,-268.07,201,57.668
18.187,-267.55,237,79.419
16.051,-266.42,254,86.242
11.573,-264.21,265,84.563
8.9053,-261.62,281,90.584
5.387,-256.75,290,113.27
0.96462,-255.83,263,113.14
-3.2149,-253.93,285,132.27
-9.2111,-250.68,318,137.03
-14.093,-251.74,321,101.38
-16.781,-253.7,296,84.058
-19.712,-254.67,268,75.201
-23.809,-256.71,268,73.274
-30.242,-259.12,295,77.459
-36.561,-257.49,327,97.208
-42.912,-256.21,329,94.603
-50.19,-255.93,320,90.915
-57.389,-252.85,329,93.694
-65.807,-250.51,323,87.466
-73.372,-250.59,309,83.339
-79.981,-254.05,309,78.658
-83.801,-259.97,313,89.078
-87.887,-266.26,322,89.674
-92.318,-273.47,306,84.514
-94.773,-280.55,309,84.307
-94.738,-288.06,298,77.641
-91.256,-293.8,294,78.484
-85.872,-299.31,290,75.697
-80.016,-302.9,282,74.647
-73.892,-303.05,281,72.273
-73.156,-299.35,304,90.84
-69.186,-296.29,314,89.318
-66.697,-288.42,316,89.095
-64.684,-280.65,306,84.364
-67.406,-272.7,324,87.482
-73.925,-270.71,312,74.903
-78.97,-270.55,328,100.22
-85.628,-273.58,298,97.837
-87.848,-277.43,310,92.601
-87.769,-276.38,306,98.424
-92.461,-267.83,290,71.628
-89.526,-258.72,318,84.77
-89.528,-253.54,325,87.408
-91.551,-252.3,327,102.92
-93.8,-250.19,312,93.8
-90.416,-252.08,310,96.546
-84.903,-250.02,287,101.33
-86.475,-245.88,281,96.298
-87.622,-246.13,239,68.767
-85.074,-245.9,238,77.715
-78.76,-244.29,273,96.141
-65.205,-244.83,184,60.48
-64.466,-242.68,150,69.527
-63.309,-234.03,328,92.047
-63.292,-225.58,344,92.585
-64.175,-214.74,335,84.033
-68.299,-205.54,331,86.92
-74.521,-198.3,358,91.121
-82.927,-196.88,359,97.299
-89.214,-199.47,341,78.112
-90.72,-204.57,324,75.325
-86.497,-207.34,298,73.398
-87.73,-211.74,318,84.108
-82.732,-216.77,328,72.662
-79.92,-220.09,236,57.23
-79.105,-224.7,300,81.9
-76.189,-233.29,309,85.704
-77.608,-242.49,340,84.654
-76.625,-248.13,343,82.049
-80.817,-246.5,340,83.041
-80.353,-257.34,331,89.442
-76.253,-268,333,82.214
-70.075,-276.65,316,76.144
-67.455,-286.66,316,78.468
-67.671,-297.31,350,91.427
-70.262,-308.29,317,79.543
-68.151,-309.74,335,85.043
-65.505,-317.11,296,72.273
-60.741,-320.96,302,80.841
-58.759,-327.09,305,77.856
-61.781,-334.43,274,71.049
-60.732,-343.04,288,72.736
-61.156,-351.2,290,71.744
-59.716,-358.69,305,75.366
-58.75,-368.22,310,73.613
-58.019,-376.88,302,70.33
-56.375,-382.91,293,68.973
-54.876,-386.1,268,72.025
-56.877,-390.24,245,62.3
-56.151,-396.25,245,59.19
-54.097,-400.06,243,65.881
-50.105,-404.41,213,58.412
-44.813,-408.3,177,54.592
-44.478,-406.65,189,53.864
-45.013,-403.94,226,66.046
-42.303,-402.68,252,72.968
-39.758,-407.06,200,56.179
-38.475,-411.15,105,50.936
-38.475,-411.15,105,50.936
