0,-0,403,114.59
1.7581,-1.5019,411,92.594
3.3199,-3.7685,387,80.18
3.6466,-6.0423,395,83
2.9197,-9.2738,391,84.315
2.2269,-12.123,368,102.24
0.44001,-13.818,385,95.497
-1.0502,-13.166,412,91.08
-2.5288,-14.611,385,131.08
-1.4801,-14.534,378,117.05
0.042684,-14.473,382,112.15
0.95047,-14.112,347,119.3
1.8358,-13.788,397,116.44
1.4398,-15.618,350,103.49
1.8946,-16.208,385,89.178
1.9468,-16.468,336,74.945
2.3205,-16.414,356,82.273
2.7939,-16.37,393,82.934
2.6717,-17.21,392,90.692
2.7337,-17.885,383,108.96
2.5126,-18.932,406,109.33
2.9205,-18.335,385,100.13
4.6754,-18.511,369,85.183
4.7294,-18.846,371,91.924
4.4613,-19.354,369,85.068
4.1254,-18.548,390,87.417
3.8884,-17.482,387,88.426
3.8137,-17.745,351,84.886
3.2624,-19.133,391,83.323
3.3911,-19.758,392,89.584
3.4114,-19.094,430,96.208
3.4036,-19.512,368,87.218
3.2943,-19.156,370,93.645
3.2576,-19.08,380,88.649
3.046,-19.222,361,93.777
2.6688,-18.62,388,90.791
2.5748,-18.171,400,98.565
3.3007,-18.363,401,97.068
3.8481,-19.752,391,93.702
3.1834,-21.103,428,93.95
1.9257,-21.911,416,90.874
1.1137,-20.131,401,112.04
1.5881,-17.815,430,98.474
2.3256,-17.96,433,96.546
3.7749,-19.715,426,94.471
3.9498,-22.028,412,106.06
4.2953,-23.7,403,123.42
3.7022,-23.485,401,104.17
4.8238,-23.935,411,108.88
5.5719,-25.903,391,98.482
5.7822,-27.44,388,94.603
5.368,-26.353,413,90.13
3.1722,-25.521,417,96.242
2.5884,-26.446,422,87.334
1.9485,-27.398,406,89.815
1.4775,-25.279,432,121.87
0.51793,-24.182,429,128.25
-0.85657,-21.77,435,134.61
-1.4916,-21.334,439,127.58
-0.073518,-22.717,419,114.04
-0.0097719,-22.868,420,105.51
0.97985,-22.466,407,114.2
0.92068,-23.626,430,108.43
2.375,-24.78,428,100.91
3.2583,-27.447,410,97.176
1.7871,-28.258,435,98.185
0.92039,-29.104,281,123.89
2.2726,-26.814,412,102.79
4.0111,-28.452,379,97.878
4.4312,-30.857,417,96.613
3.3664,-32.372,423,99.119
2.0562,-31.562,404,100.92
1.6187,-29.549,395,98.317
1.8692,-30.515,419,105.54
2.9032,-33.037,403,108.21
1.1293,-32.767,426,105.5
0.15339,-33.046,399,92.569
0.53996,-30.213,388,98.937
1.8958,-29.884,408,84.588
3.8484,-30.064,370,85.531
3.055,-27.665,411,100.41
5.2559,-29.121,401,135.21
7.2413,-31.81,421,112.55
6.582,-32.923,382,112.53
4.851,-36.383,410,113.75
4.5162,-39.925,414,86.697
2.1657,-42.396,397,88.285
0.97767,-39.998,385,88.624
0.48837,-38.075,369,87.201
2.6009,-34.746,364,93.413
3.5702,-35.913,355,83.529
3.9322,-37.158,357,80.18
2.3645,-38.405,349,90.155
3.4336,-38.068,417,94.413
4.0795,-37.649,424,116.07
2.2437,-38.359,410,106.36
1.9611,-39.552,417,96.216
1.3361,-39.913,407,97.763
2.1097,-39.793,383,87.144
1.786,-41.341,429,96.042
0.094671,-39.903,433,101.93
0.32225,-42.651,400,119.27
1.5518,-40.986,446,108.24
-1.1771,-42.805,398,92.445
-0.39663,-48.065,332,96.944
1.2684,-42.47,415,106.52
3.0247,-40.592,397,86.846
3.0482,-39.229,353,102.86
1.1293,-41.293,419,102.21
2.3698,-44.428,394,118.65
0.72337,-44.618,381,102.3
0.7865,-46.877,415,92.941
1.2036,-46.611,391,94.81
1.9079,-46.205,370,91.825
2.3689,-44.945,411,95.918
2.5773,-42.424,392,134.94
2.2168,-48.97,439,115.82
3.8484,-51.173,417,133.41
4.509,-53.687,409,138.22
5.2531,-54.911,403,103.35
5.214,-56.097,387,89.294
5.067,-57.801,403,102.77
4.3227,-56.303,374,96.051
4.3071,-55.69,382,95.248
3.7021,-55.994,425,91.535
3.2725,-55.953,433,101.85
3.7841,-55.693,427,118.7
2.9905,-56.838,399,98.491
3.4732,-58.099,384,106.45
5.2565,-58.607,388,102.34
5.3768,-60.442,353,129.41
5.1998,-61.508,424,127.53
3.2177,-61.73,417,102.45
4.3317,-60.737,394,120.58
5.3339,-62.884,328,117.31
5.5036,-65.33,367,101.02
4.8097,-66.459,373,108.32
5.3909,-67.106,382,117.21
2.9182,-65.61,412,129.42
3.0395,-63.209,418,117.22
6.6765,-63.223,387,128.28
9.1946,-67.939,392,103.22
7.775,-70.136,319,87.516
7.0748,-69.185,344,95.869
8.2429,-66.745,348,83.869
7.7778,-66.502,346,78.418
6.7225,-66.989,395,103.92
8.5779,-67.873,361,110.85
11.175,-73.399,379,121.66
10.529,-75.059,363,82.909
8.6833,-74.657,365,79.634
10.525,-74.43,372,131.36
13.745,-76.39,482,128.94
13.958,-80.498,472,99.499
12.262,-81.895,436,97.076
10.781,-82.55,419,91.303
12.747,-84.944,419,89.484
15.235,-87.231,471,100.65
16.713,-91.449,455,101.48
15.558,-93.237,423,97.787
13.356,-92.407,439,107.54
14.938,-91.825,416,95.373
13.735,-92.894,397,78.567
12.658,-93.055,453,98.168
13.15,-91.182,484,105.35
14.336,-91.523,503,109.89
14.425,-91.758,488,111.42
15.336,-92.86,514,105.75
14.904,-93.979,489,95.654
14.998,-96.589,496,104.07
15.376,-98.276,507,99.011
15.041,-100.32,487,93.098
13.321,-102.29,486,99.409
15.105,-105.86,499,94.76
14.113,-106.13,465,96.944
13.258,-105.53,471,94.396
14.35,-105.37,512,109.14
14.395,-106.51,518,101.29
14.326,-107.85,508,98.441
14.418,-108.36,504,101.68
14.212,-109.34,494,97.523
13.738,-109.38,495,87.193
14.202,-110.04,512,99.408
13.659,-112.59,496,91.485
15.572,-115.4,508,99.028
16.067,-114.06,496,90.047
15.023,-115.34,492,95.191
17.921,-118.1,493,100.67
17.232,-117.12,487,97.664
16.485,-118.07,489,91.246
15.821,-121.73,504,95.166
16.237,-119.62,538,99.4
15.792,-121.32,518,94.049
16.168,-122.91,515,90.997
16.143,-122.72,510,91.055
17.085,-123.49,512,88.483
16.656,-125.35,500,91.742
15.623,-127.21,510,91.932
17.377,-130.12,520,91.899
17.441,-129.91,487,107.81
19.122,-130.57,433,85.167
18.818,-131.04,346,71.488
19.565,-131.36,297,64.152
21.554,-130.51,275,60.513
21.284,-130.65,248,58.735
20.757,-129.88,226,55.46
20.014,-130.4,194,49.737
18.885,-130.97,151,42.153
18.228,-131.56,123,38.506
18.022,-132.17,121,40.375
18.387,-132.68,128,41.012
19.65,-132.9,140,44.295
20.693,-130.37,152,48.24
18.584,-127.23,182,53.103
15.569,-124.91,183,57.139
12.802,-124.6,195,55.551
8.9215,-124.11,221,55.617
4.7197,-124.22,251,61.547
0.43529,-123.57,242,60.513
-1.8723,-122.59,243,56.295
-2.9385,-122.3,246,59.116
-2.8513,-122.43,245,56.452
-1.9936,-120.71,225,55.187
-2.1478,-119.19,223,54.906
-3.2544,-118.42,218,55.063
-4.4168,-118.37,223,57.685
-4.4086,-118.29,203,53.492
-5.4835,-117.75,191,54.162
-6.9227,-117.28,196,51.871
-8.5751,-118.38,211,57.602
-8.9012,-119.82,208,54.319
-9.1079,-121.82,208,55.617
-7.9717,-123.41,210,62.135
-6.1407,-124.85,188,52.938
-4.9099,-125.43,187,54.071
-3.0138,-124.92,185,52.714
-3.0609,-124.33,188,54.021
-3.262,-122.81,183,50.291
-3.5474,-121.78,174,48.794
-3.438,-120.23,167,50.035
-3.7973,-118.95,169,51.929
-5.176,-118.1,177,51.515
-5.8792,-119.33,190,54.137
-6.3812,-119.64,158,48.811
-6.4071,-118.63,159,55.469
-6.095,-118.48,172,53.955
-5.8614,-118.15,164,52.293
-5.918,-117.62,156,55.179
-6.4891,-117.95,161,49.282
-7.4755,-118.07,155,50.961
-7.6262,-116.98,152,43.741
-7.6673,-115.54,163,49.274
-7.9646,-114.95,162,51.507
-8.6755,-114.71,161,48.604
-8.2103,-114.1,158,51.714
-8.0485,-112.68,172,54.807
-7.985,-111.75,176,52.64
-8.4735,-111.5,175,53.219
-8.9199,-110.61,182,55.08
-8.5867,-110.36,190,56.097
-8.5648,-110.17,193,53.649
-8.8267,-110.17,185,55.708
-8.8765,-110.02,179,54.435
-8.721,-110.27,197,56.602
-8.6468,-110.09,187,53.211
-8.8377,-110.56,194,55.088
-8.3067,-110.91,189,53.078
-8.1469,-110.58,194,60.596
-8.0228,-110.38,200,54.509
-7.8203,-109.65,192,57.048
-7.6348,-108.61,181,52.086
-7.1031,-108.23,173,54.327
-7.2372,-107.18,170,49.522
-7.2265,-107.22,160,47.752
-7.6,-106.96,141,42.815
-7.1858,-107.19,146,46.735
-6.8198,-108.44,141,41.318
-5.7817,-107.75,146,44.494
-5.5875,-106.92,138,47.513
-4.9965,-106.02,133,48.141
-3.9394,-104.88,139,46.925
-3.5432,-103.71,141,44.8
-3.094,-103.06,145,44.957
-3.0736,-102.71,152,47.116
-2.5969,-102.47,157,45.329
-2.3231,-101.24,157,48.348
-2.6506,-100.53,147,47.661
-2.284,-99.042,143,44.014
-1.157,-97.854,134,47.885
0.95191,-96.247,124,49.911
3.8047,-96.74,128,52.938
4.5361,-95.094,114,50.498
2.7594,-95.226,131,48.24
5.3768,-95.998,104,52.359
7.3875,-92.823,178,62.978
6.1112,-93.231,171,54.435
8.5278,-94.113,197,62.234
8.0562,-91.465,200,59.496
7.0329,-91.793,170,55.378
7.7131,-93.483,185,56.593
9.9212,-91.436,202,67.94
12.024,-91.24,209,71.678
14.723,-93.309,242,80.188
14.854,-95.378,224,96.779
15.06,-96.166,238,83.562
16.654,-97.54,202,93.967
16.962,-97.92,220,95.125
15.521,-97.87,220,136.83
15.017,-95.663,215,106.81
15.875,-93.157,247,107.1
20.204,-91.357,235,112.53
19.462,-91.867,246,112.04
17.047,-94.932,254,100.33
15.91,-98.829,266,121.09
14.445,-102.21,291,99.996
15.08,-103.02,281,111.77
14.844,-100.51,258,122.17
15.765,-97.858,305,125.73
17.566,-97.67,249,123.22
17.234,-101.6,235,106
15.925,-105.04,286,100.83
13.827,-108.25,288,92.487
14.047,-110.22,318,127.15
13.909,-107.99,293,118.98
13.251,-104.02,282,110.76
11.877,-104.54,320,122.07
12.529,-108.36,361,116.56
12.936,-113.45,369,110.15
13.091,-115.28,321,109.18
11.728,-113.98,248,120.66
11.745,-112.42,324,109.26
11.85,-113.48,331,101.37
13.106,-116.31,355,110.56
13.839,-118.99,371,109.23
14.087,-122.43,368,111.56
13.974,-123.51,331,118.12
13.581,-124.75,313,101.85
13.996,-128.77,308,96.39
14.828,-131.03,312,89.84
14.852,-129,318,90.319
13.292,-127.53,279,104.69
13.565,-129.83,313,96.713
14.516,-133.02,305,91.791
15.218,-135.13,296,90.874
13.469,-132.96,292,90.419
12.992,-129.21,275,87.789
14.887,-127.93,264,80.569
17.9,-128.83,263,77.393
18.803,-127.66,262,70.38
17.361,-129.66,284,78.915
18.28,-132.32,277,90.203
20.526,-132.38,287,85.812
21.339,-130.55,280,83.645
18.609,-131.51,272,85.821
20.339,-133.5,268,79.899
20.775,-133.73,243,73.912
18.365,-134.27,214,68.106
16.887,-135.79,191,59.488
16.716,-136.81,197,63.904
17.906,-136.27,194,58.735
15.516,-134.48,180,58.28
13.019,-133.67,179,60.803
12.349,-134.11,167,59.38
14.975,-132.5,150,54.236
15.261,-130.33,156,53.26
13.033,-130.31,170,53.186
13.136,-129.93,165,51.606
11.668,-129.32,142,45.445
12.308,-129.68,141,51.143
12.757,-130.04,164,54.426
12.352,-130.62,158,56.535
12.15,-132.35,166,57.767
13.432,-133.68,177,63.052
15.618,-133.69,183,57.553
17.69,-131.63,160,52.938
16.487,-131.45,153,47.107
15.85,-132.39,168,51.78
16.854,-132.62,127,42.79
17.405,-131.03,121,43.576
16.188,-131.54,116,43.758
15.806,-133.52,122,45.346
17.861,-135.3,150,58.454
17.371,-137.83,158,59.479
17.967,-139.7,152,52.367
19.951,-141.07,153,50.771
20.827,-140.83,165,52.367
18.957,-141.09,166,51.532
18.602,-142.73,160,48.819
18.808,-141.75,168,49.109
16.744,-143.07,152,53.5
16.617,-144.23,153,51.441
16.321,-143.12,149,54.352
14.21,-143.36,142,50.655
13.19,-143.71,143,49.737
14.088,-145.43,123,42.716
14.617,-144.45,107,36.637
13.516,-143.11,116,40.028
12.66,-143.19,113,39.788
9.9479,-143.13,131,47.008
8.1141,-142.25,127,43.187
9.0021,-143.19,105,41.657
8.1319,-143.06,121,46.925
9.05,-142.33,132,50.887
6.599,-139.93,135,51.532
5.5954,-137.8,132,50.2
8.2935,-136.92,141,59.852
8.9345,-137.62,150,51.887
8.116,-136.68,154,50.134
7.3747,-135.7,172,50.961
7.2057,-134.79,181,53.583
7.7748,-133.38,181,54.418
10.508,-132.91,162,55.435
11.127,-132.19,170,57.693
9.6578,-131.94,131,47.149
10.492,-132.25,127,43.758
10.864,-132.75,122,43.766
10.844,-135.38,142,42.352
11.992,-135.69,149,50.978
14.128,-134.36,150,50.283
13.336,-131.64,152,45.255
13.436,-129.17,137,48.72
14.727,-127.75,144,48.521
16.151,-128.27,133,47.223
17.77,-128.49,152,56.122
18.088,-128.09,165,59.008
19.569,-130.34,189,57.792
20.007,-128.03,203,67.816
20.97,-128.52,173,57.809
22.764,-131.4,172,50.498
23.777,-134.18,160,48.695
26.924,-135.32,161,49.39
28.487,-133.64,152,53.384
27.787,-131.49,153,53.566
27.54,-130.73,151,51.904
27.233,-129.52,159,55.295
26.369,-129.33,152,61.109
26.144,-126.84,159,57.792
24.712,-125.66,141,55.667
24.359,-123.07,128,48.811
25.035,-124.08,140,48.629
26.91,-126.59,139,52.152
26.115,-126.84,124,44.874
23.597,-126.51,114,39.333
22.298,-127.12,130,42.98
23.428,-128.51,139,45.073
23.52,-130.41,141,44.312
22.813,-132.95,148,46.917
22.502,-133.53,161,52.408
25.628,-135.01,140,50.382
27.007,-135.39,145,51.027
26.524,-137.43,136,45.792
27.673,-138.99,123,40.904
27.445,-138.25,124,39.242
26.541,-137.68,125,40.747
27.03,-138.4,115,38.961
26.448,-139.48,113,39.209
25.215,-138.25,92,34.487
26.459,-138.48,106,36.703
25.627,-138.5,107,36.794
25.776,-137.85,127,44.477
28.129,-135.75,130,48.439
27.443,-134.15,137,51.805
28.352,-134.55,145,48.546
27.824,-134.23,164,51.879
27.169,-135.69,131,44.593
26.628,-136.4,126,43.071
27.003,-137.6,122,48.513
24.517,-139.74,136,47.959
25.399,-138.66,136,47.281
23.561,-137.64,164,52.185
20.56,-136.46,151,54.625
18.895,-135.86,152,53.566
17.357,-136.85,141,52.549
17.083,-137.59,148,50.547
16.321,-137.91,149,50.729
13.792,-138.58,159,55.75
15.073,-139.66,138,49.902
16.32,-138.71,148,46.942
15.301,-140.58,166,55.543
16.14,-140.91,146,63.788
15.055,-139.88,150,45.817
14.703,-141.04,124,44.204
13.941,-141.04,150,55.477
14.377,-139.7,159,60.91
14.782,-142.23,169,55.262
15.658,-144.73,165,51.507
15.846,-145.34,172,55.088
17.103,-144.75,154,58.446
15.266,-143.91,142,52.177
13.491,-144.9,144,54.642
13.249,-144.61,128,47.124
13.266,-144.93,129,47.297
13.52,-144.62,121,44.866
15.037,-144.5,138,49.299
16.707,-143.68,133,48.232
17.539,-143.15,127,46.636
15.799,-141.61,135,44.196
13.964,-142.14,129,43.915
15.445,-141.91,127,41.5
14.364,-140.72,140,46.454
15.305,-141.41,146,54.509
15.012,-141.15,137,47.769
15.376,-141.04,133,42.807
16.814,-139.33,135,41.69
15.333,-136.83,125,43.997
13.667,-134.97,126,48.538
13.358,-135.54,142,52.756
14.608,-134.36,166,57.23
14.991,-133.8,179,69.437
14.593,-132.45,163,56.676
13.583,-131.62,161,53.103
12.74,-132.45,166,56.577
13.088,-133.65,159,55.634
13.941,-134.39,152,54.691
12.938,-134.99,149,58.363
12.924,-135.09,151,55.361
12.966,-133.61,167,53.227
13.977,-132.54,180,59.38
15.889,-131.48,169,59.38
14.61,-132.75,180,62.118
15.602,-133.14,166,57.9
15.956,-132.99,159,57.056
16.954,-133.8,154,59.504
17.989,-132.58,162,61.704
16.268,-131.4,163,53.012
17.409,-131.78,166,56.602
17.72,-130.19,137,46.479
16.599,-130.45,135,45.321
17.65,-128.9,144,48.439
17.931,-128.56,153,53.012
18.302,-125.78,143,53.691
18.883,-125.22,130,49.944
21.123,-126.49,161,53.401
22.579,-126.08,133,50.134
22.25,-127.17,140,49.944
20.849,-128.1,173,59.579
19.25,-127.71,158,54.873
18.356,-129.91,154,53.773
19.941,-130.18,152,57.255
18.963,-128.85,144,60.687
17.327,-128.44,160,67.907
15.205,-130.04,171,70.859
14.915,-128.6,164,56.031
17.315,-129.07,151,56.585
18.008,-130.42,155,58.454
16.637,-130.99,176,63.433
16.108,-131.33,179,55.915
15.687,-131.05,188,59.314
16.899,-131.14,180,60.902
17.52,-131.19,182,56.403
16.38,-131.78,192,58.545
15.476,-131.39,183,59.752
15.237,-131.11,190,62.961
16.118,-131.33,168,60.687
16.162,-133.35,158,59.86
18.522,-134.89,158,58.429
18.17,-135.21,163,63.647
18.988,-135.83,173,66.708
21.781,-136.48,153,60.877
23.086,-137.42,161,65.004
21.27,-138.32,159,62.647
21.943,-139.99,159,57.122
24.169,-140.85,143,57.403
23.863,-141.65,147,54.608
23.197,-140.4,138,46.371
23.651,-140.13,139,44.386
22.701,-140.51,157,49.737
23.178,-138.74,156,48.579
21.574,-138.72,151,52.16
22.718,-140.34,155,53.401
23.833,-139.67,153,49.737
24.28,-136.26,163,51.317
25.042,-133.37,169,53.211
25.847,-135.44,169,58.611
24.249,-138.93,157,52.557
25.581,-140.2,150,51.871
24.067,-139.16,158,47.107
24.065,-140.89,149,49.133
24.626,-142.48,151,46.991
25.507,-141.8,164,49.249
26.638,-139.82,143,48.075
26.495,-139.99,135,42.906
26.587,-140.02,145,47.777
25.62,-142.06,146,54.22
27.624,-142.53,143,49.53
25.738,-142.95,142,48.331
24.597,-144.39,131,46.363
26.167,-145.05,126,45.792
24.815,-143.37,137,49.431
23.112,-143.14,155,50.308
23.462,-143.09,172,57.048
22.023,-141.69,196,59.86
23.183,-139.89,193,51.904
25.058,-138.91,157,49.257
25.167,-138.2,134,44.494
25.68,-139.63,139,46.016
26.514,-139.38,119,41.591
26.698,-139.74,123,44.105
27.056,-139.97,115,46.479
27.103,-138.91,113,40.094
26.766,-139.64,113,40.822
26.584,-139.15,129,41.938
25.801,-140.56,150,49.258
26.957,-140,127,41.963
28.323,-139.17,112,40.64
27.076,-139.51,116,43.551
27.81,-141.78,126,43.849
29.372,-142.29,123,43.667
27.111,-141.41,129,40.458
25.637,-141.56,139,45.089
25.287,-140.92,164,57.255
25.791,-140.58,173,49.464
26.162,-137.7,162,46.735
25.871,-136.12,178,55.46
26.566,-135.9,186,58.156
24.19,-136.05,177,56.353
24.776,-137.82,183,57.304
23.451,-135.9,170,54.699
20.716,-137.22,166,53.972
20.363,-136.77,156,47.868
19.042,-136.83,174,52.458
18.712,-140.2,155,48.356
19.981,-140.94,143,46.048
18.671,-143.15,144,49.274
20.625,-142.85,113,40.069
21.406,-140.88,131,43.857
19.371,-140.38,139,49.671
19.732,-141.01,148,47.967
19.557,-142.09,147,52.938
22.131,-141.03,148,46.396
19.652,-140.44,143,48.513
17.318,-141.34,145,49.01
18.006,-140.82,135,45.536
18.421,-138.25,118,40.648
20.909,-137.32,123,39.333
21.79,-137.39,114,38.936
22.48,-138.3,102,36.141
24.173,-137.15,117,38.597
25.404,-137.06,117,39.424
24.941,-139.18,127,45.735
26.413,-138.72,125,40.185
27.04,-137.6,131,42.79
25.236,-137.8,146,47.959
24.096,-139.47,129,40.764
23.051,-140.95,127,39.895
23.79,-140.79,130,42.244
21.382,-140.97,126,43.46
20.207,-143.22,112,40.193
21.681,-143.2,123,47.835
23.338,-142.52,120,42.608
21.683,-141.94,107,37.77
20.439,-141.6,111,38.2
19.853,-141.68,95,35.686
18.498,-142.18,130,44.403
17.834,-141.81,121,40.673
18.709,-139.42,108,37.952
17.907,-138.29,118,43.568
18.293,-137.86,129,44.213
18.649,-137.74,116,38.887
18.756,-139.33,132,44.576
16.77,-139.7,130,43.923
13.687,-138.65,141,46.131
14.406,-139.21,134,48.902
14.283,-138.08,125,45.726
15.174,-138.13,115,43.096
14.51,-140.33,117,41.012
14.099,-139.78,121,40.739
13.634,-138.25,122,39.821
13.059,-137.26,118,42.997
13.942,-136.22,121,51.904
14.582,-135.43,107,42.741
15.318,-137.21,97,35.752
16.128,-136.9,128,46.917
15.006,-138.01,120,46.834
17.104,-139.35,132,47.885
17.07,-138.3,141,58.38
17.912,-138.04,131,55.477
15.717,-136.53,135,43.187
14.831,-137.32,120,43.005
17.381,-139.22,120,43.295
19.047,-139.66,130,51.631
18.508,-140.87,124,48.116
17.275,-142.61,125,49.092
18.989,-143.8,117,52.83
18.065,-143.33,135,59.488
16.361,-143.8,137,58.181
15.468,-141.95,132,55.361
15.514,-142.35,137,57.875
15.92,-141.47,117,41.682
16.981,-141.02,123,40.648
15.483,-142.4,118,40.995
14.839,-142.48,126,44.312
13.694,-142.55,124,41.806
16.591,-141.15,139,45.164
15.757,-142.06,134,41.318
15.957,-143.25,123,39.242
15.082,-142.42,148,51.35
16.079,-143.89,150,51.036
16.792,-142.77,137,42.881
16.44,-141.94,159,57.991
17.303,-143.42,168,56.412
19.01,-144.05,161,52.706
19.609,-144.05,141,47.355
19.368,-144,137,43.849
19.462,-144.41,147,50.796
21.333,-143.71,153,52.657
21.244,-143.63,169,54.137
22.537,-144.93,167,59.678
23.684,-146.71,171,63.714
25.002,-146.88,175,64.12
23.532,-147.15,192,74.217
23.707,-148.67,182,74.424
23.097,-149.19,194,101.49
22.169,-151.59,200,75.127
22.727,-152.97,188,71.207
23.213,-153.05,191,73.332
21.603,-152.97,201,81.156
23.443,-154.43,193,72.985
24.752,-153.6,184,66.162
24.14,-153.04,201,71.877
25.036,-153.35,198,71.446
24.247,-153.09,196,69.875
24.906,-155.32,187,67.287
24.304,-155.87,199,74.78
25.761,-157.38,180,71.025
26.23,-159.15,193,83.182
27.075,-159.73,178,71.397
25.642,-160.13,165,60.158
25.621,-160.9,167,61.539
18.672,-166.73,162,61.357
17.521,-166.56,170,67.063
16.469,-167.87,192,73.365
14.097,-167.95,194,72.34
13.913,-167.04,148,52.995
13.126,-165.73,136,48.811
14.357,-165.49,111,40.83
14.369,-164.55,100,37.307
14.724,-164.78,109,40.83
16.048,-164.42,117,41.872
16.103,-164.29,127,53.219
16.284,-162.46,144,53.591
15.292,-160.23,148,53.98
14.492,-159.51,144,58.33
14.994,-158.75,142,56.676
17.152,-159.91,160,51.606
16.463,-159.2,170,57.222
17.176,-159.43,166,52.549
17.768,-158.22,154,53.401
18.499,-159.06,156,57.073
19.14,-161.44,156,56.75
19.419,-162.96,151,46.338
19.271,-165.11,132,44.684
18.398,-165.22,135,43.65
19.121,-164.36,156,48.257
17.833,-164.6,176,58.934
19.994,-164.59,168,54.228
19.585,-164.02,171,53.475
19.311,-163.97,175,67.452
20.089,-164.59,172,61.919
19.456,-164.35,188,64.575
18.884,-165.02,189,58.454
18.983,-166.26,194,65.922
20.127,-165.86,189,98.937
18.893,-166.53,184,90.808
20.491,-167.94,198,73.068
20.918,-167.09,171,71.215
21.073,-168.18,158,109.22
22.276,-168.46,159,88.558
22.693,-169.08,192,68.503
23.819,-169.5,200,79.37
24.324,-168.88,195,65.054
24.618,-169.35,183,62.589
25.607,-167.19,179,57.139
26.202,-164.71,153,48.53
26.339,-166.12,162,54.071
26.766,-165.79,164,51.631
26.816,-165.23,172,57.048
26.089,-165.78,168,56.031
26.274,-167.11,170,48.149
27.237,-166.81,177,52.061
28.129,-166.88,176,51.044
28.875,-168.13,155,50.035
27.967,-166.82,153,51.805
28.197,-167.05,169,57.9
26.774,-167.72,170,55.543
27.436,-165.6,155,56.395
27.281,-166.01,156,51.523
26.935,-168.26,156,51.598
27.45,-167.13,172,56.188
26.472,-168.5,158,52.913
28.389,-169.23,159,50.217
28.515,-167.44,165,55.063
26.897,-168.13,147,56.006
26.802,-168.37,149,48.736
27.068,-170.37,155,55.361
29.882,-171.8,162,53.665
30.398,-170.96,169,59.86
28.874,-172.68,185,72.985
29.868,-172.3,172,66.063
29.969,-170.13,181,67.27
29.473,-169.14,172,66.716
28.977,-166.34,163,63.044
29.107,-164.66,172,57.23
30.402,-165.22,176,62.482
32.23,-167.9,174,54.153
33.019,-170.46,156,56.403
31.261,-169.99,141,56.048
30.697,-168.59,134,49.936
30.721,-169.03,144,47.653
30.048,-170.08,127,48.422
31.452,-169.68,133,48.24
31.123,-170.48,148,45.056
32.061,-170.77,158,53.046
30.895,-169.08,142,44.775
29.353,-168.35,142,42.997
30.162,-167.38,147,46.289
31.082,-168.13,148,53.6
31.339,-166.9,139,47.405
31.978,-165.16,133,44.502
31.065,-166.03,124,40.483
31.963,-168.34,133,40.648
31.412,-167.85,124,38.779
30.087,-169.82,99,36.885
28.751,-169.35,102,36.885
28.802,-168.54,95,36.538
30.097,-167.81,120,45.329
29.685,-168.94,159,46.768
29.127,-168.87,165,52.111
28.118,-170.53,163,52.557
29.758,-171.76,155,50.118
32.539,-172.24,155,49.762
32.622,-171.53,159,59.505
30.387,-172.82,147,55.659
29.368,-172.25,139,49.001
29.012,-170.33,153,56.048
30.106,-169.78,176,61.547
30.678,-170.19,171,57.792
32.965,-171.5,171,58.165
32.124,-171.28,158,49.141
31.992,-170.81,150,54.137
33.923,-171.67,154,49.092
33.839,-172.4,156,51.532
32.177,-172.94,142,50.399
30.791,-171.38,155,55.46
30.882,-171.72,175,61.399
32.581,-170.98,182,72.621
37.591,-170.14,270,78.89
31.447,-172.15,195,78.89
29.299,-172.61,201,76.575
30.539,-171.67,185,69.461
32.525,-172.64,167,59.207
33.235,-174.45,163,58.769
33.028,-174.69,180,59.562
31.8,-172.96,165,54.046
30.551,-172.51,146,48.464
29.868,-175.17,153,54.633
32.155,-172.23,163,59.843
32.398,-172.48,171,69.205
33.508,-173.27,166,68.106
34.501,-172.8,191,61.473
33.828,-174.12,184,67.353
33.537,-174.97,177,57.577
33.961,-174.03,177,57.304
35.025,-173.17,175,61.34
35.873,-172,161,54.989
36.627,-171.99,170,58.602
37.279,-174.03,167,53.765
36.314,-175.54,162,55.386
35.893,-174.48,177,64.194
34.441,-173.25,177,78.427
33.91,-172.31,191,76.078
34.745,-170.71,180,64.285
36.465,-171.22,159,48.72
36.751,-173.14,153,51.929
35.751,-174.54,153,53.773
37.466,-174.42,166,60.902
37.146,-173.99,166,68.37
36.699,-175.42,178,66.071
37.369,-175.38,165,63.226
38.286,-175.47,171,65.492
37.176,-174.83,172,65.228
34.728,-172.9,167,63.896
34.688,-170.74,189,65.12
36.377,-168.33,160,55.518
36.917,-169.92,142,45.627
38.24,-170.05,171,52.086
37.948,-170.35,166,55.188
38.106,-171.63,176,59.86
37.805,-172.41,176,69.222
35.998,-174.52,179,58.28
37.158,-174.2,177,53.972
38.425,-173.19,175,60.902
38.111,-172.81,184,71.678
37.631,-174.05,171,65.583
36.898,-174.53,170,62.184
38.195,-171.97,173,56.792
39.642,-171.12,165,50.126
37.666,-170.31,168,56.477
36.86,-171.43,169,57.139
37.315,-172.74,166,55.783
36.805,-173.46,163,53.889
37.382,-172.68,165,56.684
39.423,-173.03,143,50.308
41.583,-173.05,131,44.204
41.604,-172.3,136,51.234
40.257,-170.75,146,55.849
38.606,-171.34,135,43.096
39.979,-171.11,150,43.576
39.636,-171.42,145,48.232
38.393,-172.83,131,45.172
37.517,-173.74,129,44.75
38.017,-173.66,149,49.555
36.229,-175.4,145,47.107
36.033,-177.2,134,46.677
37.089,-176.1,132,47.041
37.602,-175.2,133,46.826
37.945,-177.18,147,56.784
37.085,-177.16,134,44.75
38.041,-176.82,141,52.64
38.175,-175.27,165,68.296
37.591,-175.77,155,52.467
37.56,-176.57,163,54.137
38.913,-177.42,176,60.505
41.22,-177.44,176,60.298
39.999,-177.18,156,75.252
39.659,-179.65,169,59.264
40.887,-177.51,166,59.678
40.256,-175.32,156,57.892
39.612,-175.18,176,71.042
38.555,-177.47,167,93.313
39.239,-179.39,180,63.805
39.179,-181.51,169,55.344
38.209,-180.92,162,56.503
37.411,-180.28,153,48.538
37.339,-182.76,147,46.71
37.236,-184.4,126,48.24
37.295,-183.27,114,40.392
35.918,-184,126,46.826
37.28,-184.7,136,43.46
36.86,-183.68,142,45.528
37.565,-183.88,155,46.024
36.98,-186.46,156,54.534
34.605,-187.51,162,53.078
34.085,-188.48,130,42.98
36.522,-187.18,120,46.396
37.471,-184.71,136,43.948
37.928,-185.26,146,52.822
38.371,-185.52,157,49.944
38.321,-186.59,166,55.369
36.592,-185.83,166,51.722
36.663,-186.3,145,52.177
36.657,-184.04,132,45.031
37.148,-183.88,136,46.065
39.288,-184.98,138,46.396
39.701,-185.77,138,54.369
38.783,-185.45,142,58.809
37.803,-184.64,138,52.309
37.29,-185.47,123,44.32
37.593,-186.93,134,44.866
38.332,-187.42,135,47.868
38.787,-186.12,143,51.16
38.597,-187.07,155,58.355
39.538,-189.04,156,54.236
40.493,-188.91,143,49.638
39.359,-189.72,154,46.321
38.458,-188.46,135,45.354
39.041,-188.72,141,49.382
39.632,-187.56,140,48.058
39.626,-187.54,164,51.209
39.043,-188.44,186,65.401
39.58,-189.09,166,51.921
40.58,-189.09,158,59.207
40.245,-188.35,159,47.231
38.867,-186.93,163,50.209
37.71,-187.21,159,53.31
38.897,-187.6,163,57.793
39.933,-186.16,170,59.504
40.082,-184.94,183,54.509
40.605,-184.11,177,58.264
39.585,-185.03,171,60.729
39.964,-186.55,136,42.724
40.828,-186.33,131,40.094
41.01,-184.85,158,51.168
39.928,-185.78,146,50.771
39.532,-187.29,135,47.124
40.264,-187.5,147,49.2
41.279,-186.97,167,53.219
41.822,-188.52,147,50.027
41.715,-188.02,133,48.439
41.059,-188.65,150,46.272
40.273,-190.24,151,46.718
40.468,-188.51,147,48.72
39.802,-188.67,147,44.783
39.278,-189.15,163,50.87
38.796,-188.64,162,51.143
36.354,-187.78,136,45.304
35.75,-187.57,129,44.725
38.554,-187.28,130,43.923
39.691,-186.58,145,46.553
39.168,-185.82,170,51.052
37.098,-188.16,141,44.196
36.755,-189.89,125,48.232
37.67,-189.26,133,45.553
37.524,-190.93,146,47
37.583,-191.61,156,51.507
37.358,-191.73,157,57.801
37.636,-190.47,155,52.376
36.414,-189.25,146,48.331
37.354,-190.28,137,44.593
39.564,-190.81,147,53.864
41.575,-192.66,144,47.521
42.456,-193.17,145,45.908
42.818,-193.08,163,54.832
40.973,-193.55,164,51.424
41.889,-195.81,169,59.215
42.11,-197.88,166,64.012
42.102,-198.91,160,54.245
41.845,-198.95,158,53.467
40.08,-199.02,143,51.904
38.506,-199.79,168,58.917
39.02,-200.47,163,62.672
38.277,-200.37,146,56.767
36.938,-201.69,142,48.811
35.554,-201.99,135,51.904
37.043,-201.78,125,45.536
36.711,-201.09,145,50.217
36.326,-202.94,154,46.826
35.648,-205.97,152,54.542
36.387,-209.13,147,48.737
36.672,-208.57,153,49.175
36.672,-208.57,153,49.175
32.639,-211.31,180,73.159
33.596,-211.7,191,76.004
35.425,-212.08,198,66.898
35.757,-214.17,194,55.659
36.852,-213.46,187,51.35
34.409,-213.08,171,56.66
33.9,-214.59,171,51.234
35.055,-214.75,176,58.164
36.784,-214.64,171,55.386
38.827,-213.6,170,57.346
37.919,-213.04,169,61.936
37.943,-215.16,192,62.978
38.937,-213.9,174,61.275
38.692,-214.26,190,55.932
39.506,-214.54,180,61.754
41.6,-212.66,176,59.86
42.641,-212.95,192,70.272
44.672,-214.36,159,62.581
45.16,-214.48,151,50.589
46.756,-216.37,156,54.824
47.498,-216.33,157,48.811
46.94,-217.24,158,53.773
48.361,-217.09,137,47.38
49.751,-217.07,114,40.003
49.321,-216.36,111,43.485
48.716,-216.66,138,42.608
48.447,-216.52,148,46.181
49.339,-217.23,172,52.268
49.394,-217.86,181,56.932
48.696,-218.37,168,54.054
46.599,-217.92,181,57.139
46.95,-218,172,53.384
46.737,-217.75,186,63.598
46.809,-217.72,198,73.754
45.897,-218.24,190,65.674
44.46,-217.16,182,62.134
45.381,-219.08,189,66.427
47.261,-219.29,192,57.536
48.016,-217.21,195,68.685
46.773,-215.76,189,59.86
45.959,-218,200,66.046
47.836,-218.15,187,78.427
45.505,-218.48,163,133.42
45.849,-220.38,198,71.224
46.592,-219.76,206,74.01
47.363,-220.73,209,70.074
46.915,-219.58,203,68.957
46.886,-219.44,333,76.533
46.183,-219.52,352,76.119
45.776,-219.42,362,82.421
45.211,-218.9,375,83.753
44.413,-218.68,379,84.861
43.169,-218.9,399,105.53
42.124,-218.76,404,103.82
41.199,-218.07,415,115.59
40.305,-217.46,406,119.93
39.487,-216.79,398,134.17
39.128,-215.65,403,126.69
39.311,-214.38,387,128.35
40.387,-212.92,398,125.94
40.84,-211.38,375,118.33
41.18,-209.7,389,95.844
41.273,-207.53,364,96.87
40.982,-207.33,330,85.349
41.611,-208.81,298,75.011
41.783,-212.04,311,75.59
40.942,-214.46,282,71.017
39.707,-213.06,280,65.401
38.911,-211.87,278,72.877
39.375,-211.12,281,73.613
41.25,-210.4,269,71.827
42.802,-211.02,259,66.881
43.563,-210.67,254,65.12
43.876,-212.18,283,76.194
44.481,-212.5,303,78.294
45.303,-212.81,302,72.679
45.968,-214.49,275,68.229
46.317,-216.46,274,76.235
46.829,-217.65,296,76.194
47.377,-216.05,293,71.083
46.869,-215.63,283,71.091
45.259,-216.33,276,66.873
44.196,-216.77,280,73.696
44.784,-216.15,306,72.786
45.346,-213.66,302,78.807
43.212,-211.64,308,74.672
43.825,-212.59,321,89.277
45.169,-211.91,329,88.508
45.678,-211.44,295,81.793
46.057,-213.51,319,85.63
46.72,-215.76,312,80.378
47.054,-216.89,333,87.235
48.209,-216.9,316,76.772
48.011,-217.12,293,76.401
46.232,-217.02,309,78.609
45.367,-218.37,326,84.398
51.257,-218.11,330,87.888
49.037,-218.86,331,79.32
