0,-0,785,192.78
-0.27873,-0.87113,804,185.07
-2.1581,1.8672,614,146.66
-2.7393,3.1817,762,161.26
-2.3993,5.937,728,171.28
-0.34587,5.5799,773,229.26
0.86391,9.7574,585,156.89
-1.4855,7.4761,713,165.46
-1.9302,6.7666,399,182.41
4.4423,-4.8641,896,203.67
6.3244,-9.449,931,282.84
6.3982,-14.229,910,346.01
8.1908,-14.529,1701,192.79
7.6259,-18.605,1731,182.31
7.0942,-19.595,1741,176.17
4.4449,-19.967,1723,162.06
4.0694,-19.219,1754,182.24
3.8073,-18.89,1596,201.33
3.507,-19.818,1410,212.3
3.1906,-20.298,1345,219.49
2.923,-20.639,1277,267.19
2.0745,-22.192,1348,265.63
2.0994,-22.162,1225,316.54
-5.6402,-18.89,925,266.17
-7.1099,-19.919,1129,310.94
-7.3765,-17.055,937,272.21
-4.1397,-18.45,1291,319.57
0.78877,-18.06,1649,270.73
3.3527,-20.801,1939,199.37
4.1678,-22.637,1895,202.17
4.4128,-25.183,1888,194.9
2.504,-27.238,1894,192.19
4.4009,-27.921,1849,210.48
6.3021,-25.766,2034,221.17
5.1674,-22.494,1978,199.01
3.9096,-22.732,1932,192.65
5.2369,-21.327,1989,222.29
6.9456,-20.921,2048,226.27
8.6478,-22.666,2079,200.97
8.0571,-25.411,1961,186.68
8.2761,-25.303,1805,182.3
8.6928,-27.328,1832,202.6
9.0979,-26.04,1780,200.01
7.1289,-22.123,1888,197.92
4.7017,-21.28,1899,189.17
3.1761,-21.633,1974,214.81
2.0275,-21.084,1991,234.97
2.8678,-16.485,1591,237.1
3.5836,-11.791,1265,216.29
3.6701,-12.276,1231,214.07
3.8708,-10.309,1095,190.63
4.5525,-9.3016,1056,199.21
5.737,-9.3629,1083,220.09
6.7349,-21.492,1366,465.92
4.9059,-23.092,1424,447.35
6.3286,-20.139,1714,234.11
8.5636,-17.893,1910,278.34
8.9673,-16.816,2092,218.09
8.0449,-17.288,2106,230.28
6.4732,-19.944,2134,286.2
5.0922,-24.767,2023,283.71
5.1306,-31.546,2065,261.13
8.6146,-35.441,2000,246.23
7.5672,-33.014,1984,226.76
3.5279,-32.452,2062,259.55
2.0615,-30.488,1857,245.98
1.6632,-29.382,1819,240.92
1.2376,-28.928,1642,263.06
0.7064,-28.336,1465,287.72
0.02569,-26.623,1322,254.41
0.048111,-28.056,1124,380.24
-4.765,-40.88,656,254.15
-4.2731,-40.767,841,246.71
2.6175,-35.781,1356,323.27
6.7673,-33.122,1932,399.89
10.157,-35.875,2038,352.03
9.1752,-45.799,1533,291.39
8.8672,-37.908,2067,290.24
9.0642,-37.889,2781,273.53
9.48,-34.798,2643,240.29
4.3984,-35.818,2746,302.36
2.5783,-38.547,2806,250.75
3.3837,-41.679,2757,248.6
0.60898,-42.182,2700,230.97
3.9423,-42.989,2688,232.72
7.5639,-41.905,2713,240.18
10.877,-45.565,2805,255.9
13.184,-53.037,2787,242.87
14.954,-60.747,2834,266.25
14.096,-69.805,2933,283.06
15.215,-77.498,2970,289.05
16.531,-86.784,2820,257.66
15.387,-94.604,2831,277.63
14.543,-102.68,2825,285.16
14.656,-111.04,2926,313.76
21.332,-118.67,2905,322.13
29.46,-124.95,2941,305.41
33.748,-132.52,2895,309.64
37.159,-141.44,2897,292.8
39.091,-144.18,2796,284.22
42.444,-146.54,2764,274.34
45.763,-150.59,2828,288.23
51.215,-147.55,2830,296.83
50.99,-148.93,2886,312.01
58.074,-151.02,2696,278.18
54.285,-149.87,2586,272.19
45.912,-152.44,2484,266.33
44.32,-153.26,2578,267.45
44.81,-153.51,2676,260.92
43.983,-153.03,2822,274.76
43.568,-151.94,2917,300.94
42.706,-150.28,3030,299.61
40.595,-148.79,2925,288.89
34.877,-149.97,2933,244.85
36.313,-151.91,2563,283.15
38.652,-149.12,2924,266.24
45.596,-154.84,2919,273.85
49.739,-157.67,2943,269.64
49.019,-160.97,2872,238.76
40.633,-159.79,2776,230.35
34.984,-156.67,2801,248.67
34.271,-155.41,2847,285.53
33.167,-154.47,2738,346.44
31.943,-152.71,2614,406
28.355,-147.84,2351,381.95
26.557,-144.92,2181,507.05
31.268,-146.91,2590,488.87
31.56,-148.1,3044,276.87
36.128,-152.75,2984,279.09
38.865,-154.8,3228,282.73
39.801,-156.54,2297,269.28
36.459,-153.51,1922,237.43
32.646,-149.22,1980,226.45
26.299,-146.57,2038,217.32
19.789,-143.87,1950,206.86
15.86,-142.81,1827,193.71
10.882,-140.31,1776,173.34
7.484,-140.56,1745,172.04
7.5564,-135.42,1769,197.98
14.208,-132.27,1938,255.13
22.076,-132.53,2051,238.09
33.521,-136.38,2131,220.01
44.134,-141.85,2119,216.67
49.574,-145.36,2237,230.53
55.444,-149.47,2555,255.22
56.397,-151.8,2993,295.39
56.198,-158.42,3011,297.86
55.683,-162.13,2894,283.35
53.155,-169.87,2821,230.28
49.75,-170.3,2877,244.71
41.046,-169.73,2686,254.86
31.87,-167.57,2684,251.54
24.474,-170.04,2611,281.37
18.914,-172.06,2645,296.8
11.152,-168.98,2588,280.37
1.1735,-163.09,2385,248.88
-5.0179,-155.5,2247,238.89
-12.39,-153.26,2184,224.07
-14.765,-152.97,2307,255.12
-15.614,-147.82,2113,239.79
-20.126,-138.4,1952,224.15
-20.319,-127.81,2026,234.39
-21.467,-118.74,2000,229.93
-17.969,-113.18,2148,255.26
-15.046,-104.74,2437,297.79
-17.37,-95.906,2600,310.1
-24.294,-87.013,2672,340.02
-25.623,-80.412,2679,367.83
-22.12,-72.833,2460,327.11
-19.059,-65.083,2433,299.03
-14.259,-56.585,2411,255.67
-4.1834,-50.393,2368,248.21
-0.70739,-43.62,2399,248.63
-1.6882,-36.657,2538,246.45
-1.4557,-31.069,2638,271.39
-1.0987,-30.58,2590,265.14
-1.016,-28.977,2401,237.22
-0.092536,-23.448,2342,214.85
3.9801,-19.523,2436,218.56
6.8871,-19.157,2563,284.41
8.8782,-24.246,2574,235.74
10.874,-27.95,2480,241.28
8.8767,-28.202,2278,199.6
7.2906,-27.839,2262,189.56
7.8389,-34.275,2541,255.72
8.8198,-37.74,2671,238.44
6.8552,-36.757,2666,211.68
10.32,-37.672,2618,225.97
10.667,-41.293,2697,258.24
10.965,-50.934,2809,280.68
14.227,-61.263,2870,272.43
20.9,-69.371,2788,257.34
19.012,-74.352,2822,260.67
20.044,-81.884,2911,314.72
22.963,-93.431,3029,308.98
27.087,-105.64,3030,295.97
30.147,-115.81,3070,310.5
32.981,-122.42,2859,267.43
34.653,-128.04,2659,258.81
40.634,-133.76,2750,246.05
47.717,-143.55,2898,266.69
52.305,-151.55,2978,265.97
54.107,-156.71,3016,279.63
53.212,-161.48,2993,264.28
48.972,-165.86,2789,239.84
47.227,-167.92,2865,270.36
50.308,-167.31,3008,252.31
56.149,-166.94,2952,258.57
57.011,-172.46,2867,255.99
56.577,-174,2691,227.82
61.978,-174.63,2772,240.07
65.607,-175.67,2682,225.49
68.953,-179.17,2533,207.7
69.27,-178.79,2357,196.57
71.019,-180.13,2394,198.86
69.654,-181.8,2364,200.97
70.3,-184.56,2535,217.77
73.179,-186.8,2595,244.49
74.014,-191.88,2530,251.8
71.437,-191.91,2381,216.41
63.563,-185.87,2290,197.14
56.991,-180.35,2123,194.34
60.708,-178.42,1897,178.05
61.694,-177.56,2134,196.77
62.163,-177.94,2563,238.08
62.498,-174.78,2941,270.85
61.226,-171.6,3142,266.5
58.939,-171.13,3191,301.8
60.471,-171.1,3145,257.59
65.651,-173.67,3085,257.64
62.922,-178.96,2887,232.29
57.141,-176.41,2742,224.67
54.987,-170.04,2696,209.98
55.725,-167.68,3000,236.69
59.7,-170.58,2944,240.48
63.167,-175,3154,262.37
65.248,-175.76,2969,248.52
66.445,-182.39,2862,227.9
65.489,-182.67,2816,218.13
66.903,-185.11,2795,210.36
63.987,-186.94,2797,235.27
63.15,-185.13,2898,232.47
59.342,-185.57,3069,238.45
63.547,-183.87,2948,228.89
63.69,-186.27,2979,235.01
64.398,-186.03,2930,224.03
63.537,-183.55,2782,233.78
62.73,-183.02,2828,235.54
66.73,-182.66,2829,244.12
73.997,-183.93,2846,262.69
75.292,-187.07,2801,248.34
72.962,-188.17,2619,221.71
75.388,-189.88,2914,255.57
72.865,-188.92,2771,256.44
70.186,-192.07,2524,206.97
67.973,-192.43,2710,219.28
68.36,-193.61,2853,241.92
66.896,-187.36,2479,208.93
62.093,-186.1,2711,236.23
62.879,-186.37,2650,238.95
66.068,-186.43,2468,210.61
65.58,-187.89,2428,210.61
68.695,-188.79,2305,191.69
74.299,-187.43,2642,247.12
77.794,-191.07,2681,246.39
80.142,-195.97,2867,262.42
76.783,-197.69,2607,232.67
72.533,-198.37,2593,231.61
67.933,-200.65,2705,223.03
65.077,-197.67,2766,244.19
66.162,-195.66,2644,223.67
71.658,-191.44,2671,209.79
73.412,-196.29,2977,241.48
72.49,-195.69,2884,232.59
68,-200.11,3222,267
69.793,-202.47,2898,238.16
70.204,-204.08,2976,235.54
67.938,-206.59,2932,238.16
70.732,-205.4,2875,221.48
65.972,-204.99,3006,233.81
66.946,-202.64,3040,240.75
67.881,-203.58,2933,216.69
66.309,-201.73,2917,244.63
71.354,-200.24,2836,228.13
69.337,-200.84,2774,228.53
71.728,-195.54,2683,221.91
69.285,-196.9,2572,205.6
73.384,-198.5,2662,237.45
73.225,-202.82,2578,212.13
73.317,-205.26,2451,203.2
73.499,-206.05,2496,201.45
73.294,-204.64,2605,230.67
77.329,-201.94,2406,197.1
78.967,-208.19,2295,187.44
75.566,-207.77,2450,204.91
76.063,-207.23,2536,234.6
80.447,-207.85,2658,235.78
82.667,-209.64,2576,219.13
79.94,-208.74,2734,234.12
80.316,-208.18,2725,230.19
81.811,-210.07,2596,209.7
80.596,-211.91,2500,206.88
81.886,-214.7,2303,191.12
80.025,-219.08,2221,186.09
80.874,-215.5,2319,203.43
82.184,-219.3,2486,209.43
81.891,-221.93,2311,200.78
79.8,-220.33,2293,203.33
80.214,-219.49,2252,197.19
87.451,-218.13,2579,230.5
88.399,-222.12,2559,232.95
87.971,-225,2322,195.18
89.211,-231.38,2394,205.85
87.955,-239.8,2360,211.64
89.395,-244.41,2516,230.56
93.714,-249.64,2590,252.75
95.722,-258.27,2509,248.31
96.909,-267.81,2305,226.25
99.16,-273.11,2305,239.34
97.97,-284.09,2185,217.7
95.222,-289.87,2472,236.21
94.022,-289.92,2584,235.71
91.518,-290.1,2692,236.91
92.729,-293.99,2713,237.44
91.756,-293.82,2646,223.34
92.604,-296.42,2393,205.03
90.158,-298.6,2483,204.86
88.757,-297.2,2513,214.51
90.138,-296.62,2596,214.56
92.05,-295.26,2528,207.93
93.845,-297.96,2481,210.53
97.697,-301.63,2502,210.34
98.514,-304.83,2463,214.87
93.643,-308.63,2531,209.76
92.14,-313.31,2490,222.89
92.639,-320.46,2396,228.82
85.361,-319.29,2400,223.61
84.329,-320.34,2274,207.35
85.605,-318.17,2167,193.17
88.337,-308.51,2075,183.14
95.141,-309.01,2065,173.86
99.304,-306.5,2095,184.88
102.18,-311.1,1790,164.57
101.96,-314.6,1711,158.81
99.045,-316.16,1898,171.32
94.341,-316.88,1821,182.78
97.012,-316.33,1719,170.41
100.39,-313.45,1810,176.96
101.84,-322.64,1763,160.52
97.737,-329.45,1614,154.02
92.764,-332.92,1450,146
88.889,-333.15,1565,159.53
94.349,-327.69,1536,153.45
103.17,-321.18,1997,178.33
102.54,-327.75,2239,192.26
98.367,-335.13,2039,180.66
96.524,-335.22,1983,190.72
98.541,-333.11,1936,179.69
96.674,-332.33,1605,160.93
100.98,-329.71,1637,167.08
102.72,-336.65,1564,158.27
97.483,-339.22,1326,143.8
96.713,-340.97,1393,145.28
97.391,-336.47,1642,165.15
101.75,-332.33,1802,177.89
105.01,-326.91,1803,175.63
110.27,-337.11,1902,167.55
107.33,-340.83,1819,162.47
103.75,-336.65,1821,164.72
106.23,-335.67,1586,151.06
108.74,-344.81,1303,134.38
104.1,-347.55,1274,135.24
101.68,-337.78,1852,167.83
103.11,-339.2,1801,178.07
99.17,-341.34,1969,180.67
97.308,-340.23,2201,187.5
94.423,-345.69,2333,205.08
91.302,-341.09,2307,193.02
99.012,-340.52,2435,201.29
93.908,-348.61,2316,189.66
93.657,-347.59,2355,200.39
91.436,-346.27,2329,193.36
93.704,-347.39,2357,196.85
93.982,-346.69,2382,193.6
90.44,-350.77,2345,197.81
97.974,-346.27,2421,201.28
93.565,-351.43,2428,205.75
93.177,-349.09,2534,217.32
92.016,-355.48,2296,196.25
91.314,-351.88,2442,206.21
88.561,-355.09,2435,193.76
90.157,-349.79,2516,200.97
90.398,-352.51,2461,202.07
86.374,-355,2403,199.1
88.504,-352.8,2416,201.22
88.207,-354.94,2602,218.55
89.099,-353.32,2594,205.77
88.38,-355.48,2531,210.5
91.176,-356.95,2539,212.25
85.825,-359.86,2511,212.64
89.566,-354.36,2538,209.67
91.534,-357.79,2436,202.63
83.525,-358.35,2537,218.84
82.927,-362.58,2294,191.77
87.66,-361.6,2218,182.51
88.518,-362.44,2153,182.28
87.89,-362.41,2083,181.06
91.792,-360.57,2114,184.98
93.956,-365.08,2189,182.21
88.991,-361.54,2198,188.63
93.824,-362.44,2160,183.92
92.782,-367.98,2166,178.6
89.866,-366.04,2160,185.15
89.227,-364.51,2056,171.89
92.283,-366.65,2151,189.95
83.364,-368.33,1976,172.45
85.685,-365.1,2276,186.04
93.079,-369.04,2270,187.29
90.674,-372.79,2217,183.52
87.178,-371.58,2148,185.45
90.727,-369.66,2261,184.79
95.719,-372.35,2260,192.47
93.029,-374.3,2192,185.15
87.926,-372.62,2293,194.26
86.668,-370.3,2425,201.1
90.975,-372.95,2184,185.9
98.685,-374.41,2264,195.51
92.332,-377.71,2205,189.38
88.08,-374.46,2189,190.52
87.128,-370.35,2607,232.95
88.525,-366.05,2507,219.26
97.123,-369.31,2366,194.23
100.57,-376.26,2251,182.22
92.728,-374.19,2473,203.14
88.805,-373.87,2466,211.09
90.931,-377.44,2483,199.5
87.748,-377.29,2505,205.37
84.189,-375.01,2476,199.44
87.969,-376.13,2541,206.98
85.303,-375.93,2482,195.71
82.832,-378.13,2556,204.18
84.997,-377.9,2525,205.13
84.57,-377.49,2518,194.99
84.135,-377.02,2567,200.78
81.901,-377.91,2568,206.54
86.434,-378.82,2435,194.92
83.377,-377.03,2446,198.94
87.249,-382.45,2408,198.19
82.129,-376.4,2452,208.54
93.435,-375.39,2458,204.28
83.796,-380.02,2441,199.45
87.504,-368.72,2696,244.76
93.531,-377.7,2413,204.37
88.177,-368.45,2618,242.18
83.134,-364.29,2524,224.64
91.822,-364.03,2472,218.67
98.569,-365.49,2617,216.05
94.405,-376.63,2484,208.52
94.61,-380.3,2296,190.22
91.613,-385.3,2336,200.31
87.621,-379.74,2283,183.92
89.974,-374.18,2355,201.52
94.892,-384.45,2244,181.12
93.655,-387.28,2330,191.65
89.806,-386.97,2269,186.47
94.802,-381.25,2243,188.36
100.37,-387.02,2243,190.14
98.137,-392.72,2042,175.35
91.106,-387.51,1819,170.03
93.803,-386.1,1996,174.77
99.512,-390.22,2095,192.72
104.03,-391.87,1825,167.92
99.285,-398.8,1764,166.25
94.943,-393.07,2191,205.64
91.394,-385.86,2280,201.18
98.316,-381.2,2406,215.93
96.168,-390.21,2150,183.95
100.33,-389.04,2473,212.64
96.325,-388.56,2324,196.89
97.577,-392.38,2379,197.87
98.196,-390.99,2370,206.85
100.68,-393.7,2430,211.81
99.817,-391.9,2298,211.02
97.423,-392.17,2389,203.54
97.609,-390.78,2272,204.37
100.98,-394.11,2417,207.15
97.868,-397.28,2264,195.19
96.062,-395.8,2513,220.22
100.38,-391.5,2525,218.77
104.17,-396.16,2462,210.62
102.52,-396.19,2223,191.44
100.23,-398.09,2463,227.36
97.015,-393.36,2195,199.97
107.43,-394.71,2159,182.63
108.6,-403.36,2077,182.46
111.48,-406.26,1736,157.01
106.63,-404.75,1850,173
105.89,-406.01,1965,181.59
94.606,-405.03,2124,197.32
99.739,-397.73,2168,196.83
102.48,-396.14,2590,222.53
100.67,-402.39,2493,212.78
99.537,-403.34,2595,220.83
98.324,-398.59,2552,222.72
98.687,-400.19,2518,211.22
95.341,-403.07,2603,218.04
98.286,-402.18,2701,218.28
92.774,-401.89,2532,201.26
94.909,-403.12,2608,206.6
95.532,-400.72,2622,221.6
93.706,-402.48,2556,208.54
96.755,-402.62,2683,221.07
94.192,-400.69,2660,213.3
93.013,-401.4,2754,241.86
93.336,-406.21,2547,204.17
91.71,-403.17,2637,225.88
95.209,-405.46,2636,218.78
83.252,-399.58,2522,214.78
96,-398.27,2469,198.77
101.39,-407.81,2602,224.64
92.8,-409.25,2629,239.06
103.06,-408.15,2503,223.19
101.99,-411.74,2562,234.8
90.694,-410.71,2558,230.36
89.882,-406.34,2623,218.56
85.273,-414.46,2643,231.63
95.586,-413.18,2812,263.09
86.309,-420.51,2609,235.77
79.185,-424.85,2528,230.43
77.572,-436.41,2518,231.61
70.363,-451.42,2429,222.58
70.066,-456.89,2408,231.15
71.972,-450.16,2449,253.06
77.582,-448.19,2470,232.66
73.391,-458.2,2289,218.14
69.585,-460.64,2439,242.24
72.483,-454.87,2163,198.58
67.222,-447.55,2297,229.66
68.751,-442.81,2438,244.64
72.35,-450.51,2049,188.17
76.022,-459.98,2100,192.53
83.062,-477.06,2114,191.93
79.245,-488.4,2254,216.79
82.461,-492.03,2318,239.63
79.478,-504.03,1947,190.56
77.277,-510.25,1678,171.85
70.926,-510.19,1454,168.23
72.323,-510.91,1272,166.99
72.647,-518.18,901,128.39
76.743,-516.64,914,145.92
73.313,-520.71,745,133.18
69.824,-521.02,740,125.92
71.25,-519.87,770,135.56
66.792,-528.27,1543,160.46
69.664,-525.77,1535,169.57
71.246,-528.18,1483,160.97
64.579,-527.13,1463,163.28
66.878,-522.12,1706,172.53
72.142,-524.61,1634,160.78
71.208,-525.14,1806,172.13
71.023,-525,1763,177.74
68.028,-527.55,1742,176.98
64.605,-528.26,1912,180.77
72.299,-517.24,2042,194.48
79.405,-511.27,2059,201.41
84.666,-524.45,1938,177.5
81.378,-530.62,1777,181.26
82.334,-540.58,1702,169.13
73.724,-550.91,1735,167.91
65.331,-562.12,1933,185.26
60.807,-571.19,2304,244.05
62.313,-585.68,2234,246.38
62.636,-598.84,2263,244.1
61.372,-617.18,2170,232.58
58.438,-630.98,2219,247.93
52.608,-647.24,1950,233.08
48.314,-653.04,1738,205.75
47.794,-639.22,1867,234.74
54.871,-639.05,1795,222.53
53.778,-648.31,1641,178.46
48.406,-647.23,1804,203.54
46.097,-644.46,1726,197.57
48.025,-643.06,1683,173.57
51.038,-639.25,1667,171.72
49.581,-650.44,1689,190.47
51.964,-660.25,1646,176.86
48.67,-654.7,1926,194.9
45.698,-653.13,2015,209.38
43.823,-660.75,1741,176.22
41.463,-650.04,2045,225.26
47.947,-629.12,2131,239.64
51.738,-607.21,2258,263.13
49.494,-587.06,2114,247.35
53.348,-574.87,1931,200.44
55.466,-571.2,1853,188.68
55.424,-566.96,2211,260.11
53.278,-575.22,2385,287.85
56.328,-603.74,2326,294.36
54.009,-632.36,2245,284.23
48.285,-656.09,2113,242.9
47.04,-668.06,2082,249.13
49.987,-683.83,1940,224.41
49.384,-696.65,1650,222.88
42.896,-707.03,1393,191.27
42.598,-712.99,1285,163.28
38.614,-712.6,1257,201.74
40.56,-714.4,1112,181.45
36.903,-715.59,873,129.38
34.957,-717.78,802,122.82
37.677,-709.34,973,144.82
41.885,-705.12,1195,167.75
40.829,-707.65,1109,156.53
40.884,-713.34,899,154.32
40.948,-715.18,896,146.39
40.823,-708.32,1040,139.91
46.474,-705.29,1172,166.97
42.028,-712.22,973,127.09
35.382,-715.67,865,123.52
