0,-0,113,37.191
0.30487,0.29327,122,40.061
0.32214,1.1749,132,44.957
0.014099,1.2513,118,44.502
0.38471,1.2318,127,41.872
0.37045,1.1539,122,41.566
0.87655,0.89461,121,41.293
0.12468,1.4987,124,40.557
-0.3168,1.797,109,35.107
-1.0364,1.9501,136,39.904
-2.1313,1.819,125,38.506
-3.0581,2.9585,131,41.963
-1.8138,2.5157,131,40.441
-0.50597,1.5697,155,44.452
0.18152,0.48219,164,43.716
-0.030779,-1.1546,159,44.841
0.11422,-1.2283,162,45.883
-0.12813,-1.4442,161,45.767
0.09638,-1.0448,165,45.097
-0.36093,0.068948,158,47.198
-0.3843,-0.80425,176,50.729
0.25166,0.23368,185,48.951
-0.44851,0.56847,160,45.974
0.10417,-0.66903,175,48.232
0.63536,-0.79363,191,48.794
-1.1608,-1.4461,218,54.393
-1.6991,-1.2788,226,58.884
0.20806,-0.74099,239,61.249
0.81499,-0.14192,214,55.154
1.2866,-0.80749,195,51.325
-0.36513,-2.7499,235,59.322
-1.1688,-2.6179,262,62.581
-0.86726,-2.5596,298,68.552
-2.0345,-2.0989,281,62.44
-0.97348,-1.5753,273,58.9
1.1203,-1.6095,242,55.89
1.4249,-2.79,243,59.496
0.91177,-5.2218,267,62.184
1.0342,-7.0858,274,64.425
-0.71039,-7.8154,306,67.146
-1.2837,-8.3116,305,76.615
-1.6894,-9.0596,298,68.932
-1.9896,-9.2028,278,61.564
-2.8017,-10.459,290,68.022
-2.2983,-12.783,290,66.401
-2.983,-12.826,311,68.75
-3.9791,-15.035,295,68.833
-4.4027,-13.423,282,64.987
-3.6222,-12.3,302,66.848
-5.0553,-12.98,319,70.793
-5.9176,-14.686,318,63.408
-5.5091,-17.351,296,62.812
-6.1711,-18.317,283,60.894
-5.7618,-17.326,294,64.226
-5.4401,-16.784,302,66.269
-5.2444,-17.296,289,62.812
-6.2039,-17.766,303,68.229
-6.2218,-17.523,299,65.872
-6.4402,-17.959,288,60.488
-5.4367,-18.497,288,61.158
-5.5181,-18.31,295,64.45
-5.3406,-20.459,300,63.747
-6.6686,-21.317,302,66.087
-6.9862,-23.064,311,68.254
-7.9743,-23.305,299,66.848
-8.3293,-23.693,303,60.951
-9.5605,-22.932,313,64.59
-11.555,-21.952,317,66.79
-10.33,-22.999,283,64.317
-10.006,-23.217,302,67.096
-8.6281,-22.972,322,67.543
-7.4673,-26.38,315,64.706
-8.9932,-27.947,278,58.892
-10.382,-28.541,276,64.061
-10.695,-28.064,296,67.41
-11.676,-26.518,309,69.66
-9.8884,-26.303,331,66.013
-8.1606,-27.68,317,69.296
-7.6763,-26.501,309,69.329
-9.7173,-26.892,300,64.987
-9.4497,-27.848,285,63.325
-9.32,-28.594,296,66.302
-9.3186,-30.841,288,61.439
-9.0535,-32.266,306,64.458
-9.0096,-34.688,274,60.389
-10.311,-36.24,266,55.708
-8.4914,-34.875,298,67.146
-6.5731,-33.309,306,67.444
-8.0243,-35.716,312,63.829
-8.2511,-36.272,310,66.964
-7.6633,-35.222,304,67.89
-7.8258,-33.694,338,74.01
-7.5165,-36.014,325,71.421
-8.3795,-39.625,328,68.742
-7.6059,-40.782,329,70.33
-7.7881,-41.184,316,65.442
-8.7022,-44.182,303,67.179
-10.114,-42.846,316,66.922
-9.0922,-40.071,329,79.22
-9.1582,-42.124,330,73.878
-9.6834,-46.288,310,66.195
-11.468,-46.599,308,72.505
-11.881,-45.818,292,68.651
-11.698,-45.324,290,67.725
-12.521,-46.299,283,63.424
-12.964,-47.405,299,66.873
-13.288,-48.402,285,67.675
-13.21,-49.783,274,70.429
-13.566,-50.895,272,66.203
-13.406,-52.318,271,63.036
-13.641,-52.052,283,64.251
-14.462,-51.631,296,64.243
-14.355,-52.795,291,64.516
-13.426,-52.495,308,68.734
-14.913,-52.31,309,70.239
-13.902,-54.576,291,61.712
-14.431,-54.76,268,59.562
-15.125,-54.327,275,60.207
-15.601,-52.885,315,66.211
-14.831,-52.072,355,73.489
-12.182,-50.146,350,72.918
-10.797,-53.074,342,73.687
-13.338,-55.68,342,70.702
-13.384,-54.841,368,75.11
-13.808,-55.447,371,73.034
-15.352,-56.448,336,67.022
-16.058,-57.863,330,65.624
-15.421,-59.538,334,67.129
-9.1805,-58.798,565,93.47
-15.212,-62.08,252,68.816
-16.085,-59.642,271,63.689
-15.845,-55.609,315,67.617
-14.73,-52.78,328,71.951
-13.15,-51.001,333,68.998
-11.37,-50.083,332,69.296
-10.243,-48.26,306,63.019
-9.7544,-48.287,319,68.006
-9.7375,-51.653,316,75.325
-10.277,-54.076,356,78.294
-10.385,-55.494,367,84.844
-11.852,-55.217,333,72.224
-12.622,-52.831,326,70.834
-11.451,-49.75,327,74.92
-9.5319,-46.43,337,73.191
-8.8484,-45.604,318,66.154
-10.519,-47.498,347,77.508
-11.135,-49.823,381,89.5
-11.627,-51.299,383,86.804
-13.017,-55.514,374,85.125
-13.742,-59.222,352,81.222
-14.579,-56.925,340,71.645
-16.208,-54.546,352,69.527
-16.384,-50.664,348,71.876
-13.678,-50.72,307,72.381
-9.9424,-49.822,346,82.305
-7.9923,-47.355,376,90.831
-8.4332,-47.598,341,81.983
-9.1423,-47.42,309,69.156
-10.243,-47.472,319,70.454
-10.262,-49.416,355,85.63
-10.82,-55.085,362,83.049
-10.296,-60.677,371,79.973
-12.05,-64.121,356,75.548
-13.85,-62.13,345,79.079
-13.418,-60.26,316,72.951
-14.01,-64.091,315,65.029
-15.225,-65.931,305,65.649
-16.113,-66.43,309,69.263
-15.804,-68.1,301,63.763
-13.165,-69.097,296,60.596
-14.129,-69.435,264,61.299
-13.94,-70.933,248,56.171
-13.355,-72.684,279,61.175
-13.455,-72.706,291,64.061
-15.054,-71.023,278,68.006
-12.397,-69.532,287,63.457
-7.6153,-68.329,250,54.765
-6.4832,-69.899,263,61.092
-8.9934,-72.693,317,76.996
-11.172,-76.032,325,73.125
-14.976,-76.037,331,68.386
-15.544,-77.331,325,68.163
-17.214,-82.568,332,70.156
-18.52,-85.036,328,66.997
-19.84,-86.247,333,64.888
-19.264,-86.981,338,75.92
-19.567,-87.338,343,70.256
-20.486,-87.493,328,66.881
-20.484,-91.817,313,66.708
-20.549,-92.15,317,64.177
-23.294,-94.283,328,68.957
-24.838,-94.802,312,68.345
-25.791,-96.533,315,66.881
-25.32,-94.975,318,65.947
-23.991,-93.32,315,66.575
-25.284,-97.068,317,67.22
-24.991,-96.838,314,69.139
-25.59,-94.997,303,69.296
-24.86,-96.141,293,67.907
-24.103,-96.859,305,66.518
-24.36,-97.945,288,61.721
-24.239,-99.862,285,62.175
-22.923,-98.51,271,60.629
-21.964,-97.807,278,61.357
-23.145,-96.483,295,64.64
-20.74,-96.882,252,56.733
-20.724,-96.511,265,57.668
-21.417,-97.809,262,57.114
-23.545,-98.854,273,59.355
-23.08,-96.926,258,57.792
-23.234,-98.358,278,58.892
-24.41,-100,280,63.945
-25.264,-99.817,270,59.67
-24.18,-99.432,301,63.152
-23.067,-99.906,286,60.786
-21.612,-101.41,286,60.736
-21.661,-104.28,243,55.179
-23.923,-104.76,234,54.765
-27.03,-101.33,215,49.919
-27.046,-101.33,246,55.642
-25.329,-100.26,275,59.488
-24.508,-100.86,295,59.554
-24.416,-102.45,308,60.968
-24.771,-101.59,323,66.137
-24.953,-103.65,315,63.234
-24.978,-100.69,315,63.548
-25.894,-102.31,304,61.158
-25.889,-98.954,328,68.469
-24.75,-102.09,323,64.996
-23.522,-103.24,327,65.302
-25.596,-104.19,332,65.839
-27.431,-106.75,305,69.015
-27.848,-107.48,311,67.981
-29.982,-107.15,314,68.296
-28.993,-108.81,317,72.985
-28.79,-107.8,283,62.275
-26.895,-106.27,284,60.422
-25.335,-105.5,295,65.211
-25.307,-105.62,300,62.63
-25.141,-106.6,292,63.267
-26.254,-108.73,305,67.336
-25.884,-108.35,307,65.467
-24.483,-108.17,284,60.042
-24.155,-106.66,292,63.317
-24.083,-105.86,301,65.856
-23.43,-107.94,293,61.059
-25.741,-110.09,293,61.034
-28.597,-109.53,281,63.391
-26.106,-106.92,281,60.414
-20.307,-107.05,289,62.076
-19.545,-107.56,301,62.564
-23.535,-109.11,313,63.325
-26.004,-108.94,314,64.226
-27.014,-110.06,334,70.801
-24.975,-110.07,325,72.05
-26.154,-111.51,314,67.799
-28.593,-111.37,328,67.89
-30.465,-112.24,318,64.913
-31.052,-111.11,324,65.748
-29.058,-111.18,320,64.425
-29.345,-111.33,318,63.871
-30.066,-111.42,317,64.499
-28.377,-110.61,300,63.689
-28.031,-111.62,294,63.879
-26.714,-110.5,280,59.727
-29.584,-112.13,289,63.176
-27.804,-111.16,283,58.983
-28.007,-112.01,279,59.471
-27.682,-111.92,286,60.513
-27.103,-111.86,284,59.471
-25.701,-111.84,289,61.613
-27.277,-112.05,281,59.215
-28.622,-111.29,277,58.57
-25.541,-108.83,276,62.746
-22.197,-108.36,315,71.132
-24.87,-108.54,320,72.472
-24.564,-107.31,326,69.412
-22.591,-108.28,319,67.212
-24.407,-111.84,315,68.949
-24.857,-111.8,301,64.036
-24.964,-112.09,290,61.456
-25.758,-112.27,301,69.875
-27.012,-112.69,298,63.879
-27.587,-109.83,314,71
-25.871,-111.56,301,67.998
-28.597,-112.16,307,65.624
-25.113,-112.59,318,71.049
-25.701,-113.81,288,61.059
-26.267,-112.74,293,62.473
-26.004,-112.78,307,63.962
-26.09,-112.21,319,77.36
-24.458,-113.1,286,58.801
-26.519,-114.36,304,65.583
-28.42,-112.15,284,67.047
-25.959,-113.15,295,61.646
-23.451,-113.81,300,65.029
-25.559,-115.79,289,62.771
-26.78,-115.21,275,62.357
-26.656,-113.28,289,66.129
-25.547,-113.22,256,59.678
-23.637,-112.45,269,57.892
-21.497,-115.24,297,64.152
-27.571,-116.33,297,63.201
-27.198,-112.8,317,68.742
-27.034,-115.07,306,65.5
-26.797,-115.94,311,66.691
-28.596,-115.18,310,65.326
-30.352,-114.47,318,62.126
-28.985,-114.11,315,63.201
-27.491,-114.76,311,65.558
-27.404,-115.87,313,64.979
-29.559,-115.48,315,65.351
-28.819,-114.36,312,66.112
-30.268,-111.73,329,71.372
-28.356,-113.32,319,63.408
-28.938,-114.25,324,63.391
-28.358,-116.02,314,61.795
-28.926,-115.62,308,64.061
-31.319,-114.83,308,68.072
-30.531,-116.44,303,62.564
-28.565,-115.38,314,62.746
-27.998,-115.14,314,64.491
-28.483,-116.21,315,62.729
-29.28,-117.45,303,62.589
-28.313,-115.16,316,62.101
-30.344,-115.5,319,64.748
-30.774,-114.17,323,66.592
-29.858,-115.01,328,65.169
-27.151,-113.79,307,63.78
-31.307,-117.16,309,62.465
-28.896,-114.57,278,61.108
-28.691,-114.82,284,60.116
-28.036,-115.34,297,61.754
-28.232,-116.19,291,59.653
-28.263,-115.83,293,60.621
-27.143,-115.23,286,59.454
-28.688,-117.16,296,61.29
-28.298,-115.81,290,61.737
-26.314,-114.29,311,68.717
-26.612,-110.98,325,69.007
-26.742,-112.22,328,64.888
-24.71,-114.81,318,63.234
-26.386,-117.32,314,65.459
-26.814,-114.4,303,61.613
-25.243,-110.56,290,61.332
-26.238,-110.48,326,75.573
-26.901,-111.33,328,69.958
-24.456,-112.8,328,66.757
-23.18,-115.36,317,69.139
-28.009,-115.1,325,70.636
-25.998,-108.5,305,61.977
-20.848,-112.71,309,62.655
-23.001,-117.25,300,61.373
-24.631,-116.58,318,74.027
-24.293,-112.75,317,77.045
-26.561,-115.81,297,68.907
-27.304,-117.51,284,66.947
-27.678,-117.49,275,58.454
-26.773,-117.03,318,73.886
-31.193,-118.09,325,67.882
-33.438,-115.02,312,72.77
-32.336,-106.02,333,77.409
-28.416,-97.272,346,81.693
-21.145,-87.898,357,85.937
-12.945,-80.582,371,85.588
-7.5968,-75.196,366,80.486
-5.12,-69.192,368,76.946
-4.4149,-69.638,378,89.55
-4.0244,-69.338,350,73.332
-8.0696,-69.764,346,71.463
-2.5521,-67.105,349,72.48
-5.3504,-73.689,327,68.262
-5.4919,-77.171,325,71.736
-3.4361,-82.879,327,71.562
-5.2379,-87.364,286,63.308
-8.2508,-90.96,279,62.936
-10.281,-95.394,307,81.462
-12.36,-104.22,325,75.631
-10.81,-111.35,317,70.338
-10.87,-115.52,313,71.537
-11.885,-116.29,284,63.854
-13.341,-113.87,270,59.496
-14.272,-110.3,321,80.867
-18.175,-111.78,331,76.4
-15.973,-112.31,322,73.175
-12.096,-115.75,302,65.277
-14.547,-118.69,315,72.472
-22.284,-122.23,307,70.52
-26.837,-120.37,302,74.647
-28.401,-120.04,313,62.738
-29.071,-119.4,295,62.763
-31.768,-118.81,301,62.357
-31.515,-118.41,295,61.158
-29.608,-113.31,305,65.674
-23.131,-110.29,318,74.25
-24.705,-111.9,321,70.81
-24.417,-116.67,329,66.881
-18.272,-116.95,331,70.47
-15.453,-118.28,326,77.45
-14.404,-120.99,302,66.294
-21.469,-121.8,286,66.666
-20.468,-119.31,308,65.351
-22.579,-120.03,316,67.75
-24.276,-120.17,318,67.932
-24.683,-120.44,314,66.41
-25.143,-120.96,305,63.962
-27.762,-121.16,322,69.007
-27.184,-119.77,309,63.4
-28.22,-119.83,315,69.594
-28.383,-119.93,320,67.328
-28.063,-121,302,60.968
-27.491,-120.62,287,60.596
-29.023,-120.84,264,60.042
-27.163,-120.8,277,57.693
-27.26,-122.24,285,59.769
-26.408,-120.96,281,58.52
-24.236,-121.51,293,60.926
-26.494,-122.07,287,58.991
-28.419,-119.47,290,62.118
-24.943,-118.9,302,65.376
-25.494,-118.81,300,61.282
-27.033,-120.93,290,63.251
-26.531,-122.17,294,61.266
-26.391,-122.87,294,61.183
-26.647,-120.86,291,60.712
-24.877,-121.35,300,59.81
-20.503,-123.98,302,67.154
-23.874,-123.82,310,68.196
-26.362,-120.71,283,61.431
-27.351,-122.03,279,58.52
-29.756,-119.41,334,69.048
-28.629,-119.39,332,65.194
-28.848,-121.6,319,67.998
-28.824,-121.6,320,68.155
-30.339,-121.56,314,65.393
-30.422,-119.18,319,62.374
-30.896,-119.62,317,66.178
-27.864,-120.19,316,67.543
-29.739,-121.93,312,63.3
-29.125,-122.18,303,63.085
-31.524,-120.77,309,64.152
-28.899,-121.33,314,63.829
-30.761,-121.82,302,62.49
-26.382,-121.71,303,62.473
-28.262,-121.54,299,63.507
-28.731,-122.76,294,63.788
-29.966,-122.99,305,62.556
-29.925,-121.11,296,60.273
-27.585,-123.52,319,63.044
-28.854,-122.64,292,60.563
-29.114,-124.16,304,64.913
-28.933,-122.7,287,60.455
-31.34,-123.48,313,61.861
-27.528,-122.76,298,62.076
-25.071,-123.16,329,76.218
-16.105,-121.19,340,76.557
-9.5943,-117.28,348,71.761
-4.5544,-115.1,326,70.909
-5.4436,-116.8,321,66.616
-9.9246,-118.54,314,63.3
-9.216,-118.46,324,64.044
-6.7044,-117.19,307,63.11
-7.91,-118.9,304,62.746
-9.6198,-119.98,295,59.471
-6.4144,-117.72,276,58.826
-4.7166,-118.87,292,62.82
-8.6769,-121.72,289,62.68
-8.9707,-119.52,290,61.82
-7.268,-120.29,287,61.158
-6.4282,-119.75,287,61.547
-4.5464,-119.02,293,62.233
-5.45,-120.32,290,59.744
-10.888,-121.4,293,59.81
-8.6191,-120.19,278,57.602
-3.9807,-119.42,291,59.752
-2.2041,-120.86,288,62.746
-8.8779,-121.79,282,59.446
-5.3017,-115.12,290,61.828
-1.3762,-118.11,281,62.49
-10.69,-122.82,293,63.598
-15.243,-121.32,311,69.776
-20.332,-123.41,314,72.307
-20.987,-122.66,309,66.972
-26.014,-123.17,320,71.827
-27.648,-125.64,306,66.046
-26.98,-124.64,311,65.127
-32.861,-122.17,304,71.81
-32.756,-114.48,325,67.419
-28.485,-110.84,340,71.562
-24.675,-110.47,344,77.095
-27.299,-114.69,329,68.006
-31.282,-114.6,335,77.161
-33.746,-112.15,331,73.878
-28.441,-120.58,310,68.378
-30.715,-118.11,321,65.516
-31.327,-119.28,309,66.203
-29.912,-119.26,316,66.501
-30.331,-120.01,313,64.499
-30.324,-120.68,309,62.01
-29.505,-120.35,315,64.822
-31.462,-121.47,296,62.953
-28.905,-117.22,321,70.802
-24.981,-109.65,335,74.945
-23.35,-107.68,342,77.285
-27.153,-105.19,346,67.708
-25.767,-106.61,339,65.831
-23.154,-108.26,328,67.237
-22.75,-110.17,333,69.04
-19.719,-114.05,331,66.327
-17.59,-117.18,343,70.628
-13.649,-119.39,339,68.171
-13.915,-122.67,316,65.889
-16.669,-121.96,318,66.021
-15.43,-120.83,309,63.664
-10.736,-123.04,321,72.943
-13.434,-125.87,300,63.019
-13.475,-124.77,296,64.028
-10.785,-123.02,303,63.664
-10.751,-124.11,293,60.298
-12.652,-120.67,292,66.112
-3.0711,-119.74,309,70.14
-2.5405,-118.53,303,69.015
-6.7304,-124.12,285,64.731
-6.7864,-124.11,297,61.249
-4.4774,-124.75,277,66.104
-5.448,-115.75,291,67.816
-2.7134,-117.09,299,63.449
-3.6124,-123.75,306,67.543
-8.0899,-124.25,292,63.598
-7.0552,-122.74,298,64.359
-9.6591,-122.7,293,59.628
-3.3889,-120.67,301,64.632
-2.0383,-124.12,304,66.137
-9.0687,-125.9,273,58.338
-11.483,-128.49,221,54.699
-17.329,-128.14,184,49.456
-11.633,-126.38,196,52.268
-19.822,-127.83,286,63.201
-27.32,-126.23,307,67.129
-30.447,-121.33,276,60.43
-34.23,-115.91,309,64.805
-34.794,-105.21,328,69.412
-30.938,-100.55,323,65.351
-24.977,-98.653,327,67.104
-21.632,-101.91,345,79.799
-16.261,-110.04,328,72.232
-16.832,-113.18,342,72.389
-18.379,-118.57,332,71.281
-19.441,-125.08,333,68.213
-21.525,-127.44,310,63.672
-24.652,-128.16,298,64.276
-22.347,-123.51,317,67.94
-20.3,-127.51,312,69.321
-21.091,-125.89,317,65.169
-23.656,-125.35,308,65.004
-26.796,-125.05,307,64.64
-28.171,-125.38,303,63.714
-30.485,-122.54,309,66.12
-31.449,-124.36,301,60.389
-32.182,-122.02,305,63.78
-26.598,-126.12,290,59.446
-31.415,-123.46,296,64.822
-30.755,-123.15,304,66.468
-32.271,-122.18,307,64.086
-27.545,-123.42,313,64.499
-31.333,-123.75,307,63.896
-31.552,-123.78,301,61.059
-34.094,-122.8,295,61.63
-29.227,-124.87,292,62.382
-28.653,-122.48,303,61.588
-30.475,-123.81,303,60.786
-35.281,-122.89,295,61.241
-28.144,-126.27,293,62.854
-27.749,-128.17,279,61.059
-31.924,-126.91,264,57.569
-31.213,-118.74,304,68.742
-28.343,-118.3,305,70.619
-27.699,-115.57,332,73.034
-29.757,-115.65,318,67.626
-27.636,-118.31,303,65.467
-21.234,-123.96,327,71.678
-13.059,-126.44,323,71.347
-4.1543,-119.2,331,77.459
1.6577,-115.9,341,70.222
0.80759,-117.71,326,68.163
-4.0736,-119.48,315,66.228
-1.8018,-121.17,321,68.709
1.0519,-124.22,297,64.268
-3.5131,-126.78,288,61.82
-1.6779,-121.05,301,65.359
1.5494,-117.6,288,66.666
0.32024,-119.64,304,65.847
-0.22243,-123.28,290,64.45
-2.2432,-124.63,274,62.465
-2.1599,-123.48,287,63.499
-4.2915,-125.84,297,63.805
-2.4269,-121.33,302,67.617
-0.68831,-123.2,285,59.653
-0.090985,-126.22,295,60.48
-0.078935,-124.33,274,59.57
-1.6485,-121.28,288,63.391
1.6946,-115.03,283,59.678
0.72137,-120.66,299,65.756
-4.2738,-127.75,305,65.492
-8.7598,-129.35,307,63.3
-11.588,-127.37,304,69.04
-0.14202,-120.84,313,66.112
4.497,-123.22,291,63.036
4.1469,-121.95,283,59.124
-2.8098,-123.77,296,61.497
-5.4703,-123.16,325,67.427
-9.8768,-124.19,315,68.362
-11.493,-126.4,321,68.262
-22.562,-130.29,311,65.095
-23.917,-128.31,340,86.68
-25.279,-130.63,306,66.029
-29.616,-126.5,310,64.913
-31.369,-127.98,295,61.059
-32.261,-124.11,300,62.936
-33.474,-124.91,310,67.824
-33.737,-125.42,291,60.687
-35.907,-119.13,305,67.03
-32.264,-126.86,290,63.532
-32.416,-124.02,299,62.175
-35.345,-124.43,293,62.465
-36.262,-122.77,309,67.634
-33.281,-128.32,290,61.224
-35.031,-122.24,294,62.845
-34.039,-128.82,286,62.142
-38.493,-124.2,302,65.707
-36.792,-116.74,306,67.41
-33.779,-108.84,318,69.974
-34.056,-117.08,318,72.059
-30.55,-120.2,337,71.753
-31.358,-122.85,336,70.843
-30.205,-126.19,326,71.372
-31.457,-124.28,322,66.567
-34.88,-126.86,310,67.865
-27.354,-128.32,310,63.027
-25.897,-128.87,302,63.127
-32.193,-128.11,316,66.509
-26.657,-121.39,304,66.856
-30.79,-113.61,324,72.125
-32.69,-111.27,327,73.994
-24.723,-118.71,339,75.854
-15.387,-124.04,331,74.473
-7.0533,-125.87,301,66.501
-7.7018,-130.4,266,63.499
-9.6728,-129.74,288,67.89
-7.0921,-132.72,298,69.826
-7.9318,-128.96,279,65.963
-6.3758,-131.85,291,68.486
-5.0245,-130.98,318,71.463
-5.3425,-134.54,303,77.368
-6.613,-140,295,64.499
-7.6428,-137.84,254,67.055
-12.054,-138.26,193,50.961
-11.027,-141.49,181,49.332
-13.885,-141.81,173,48.397
-12.246,-138.89,190,52.268
-15.681,-137.82,129,41.583
-14.096,-136.88,140,43.65
-13.699,-136.64,143,45.693
-9.5128,-136.12,189,53.963
-12.922,-137.65,163,49.241
-15.306,-132.28,205,57.627
-14.097,-126.21,257,67.501
-12.177,-122.49,303,73.167
-10.775,-113.44,325,72.108
-10.526,-108.9,340,87.11
-10.065,-113.89,328,81.288
-3.4035,-120.87,317,69.412
2.7952,-123.23,317,72.414
-0.035541,-129.32,309,72.067
-5.4247,-134.5,287,71.761
-6.431,-131.35,298,70.363
2.4444,-124.48,308,68.287
1.1428,-124.02,298,65.649
4.1497,-123.85,295,63.3
-3.2922,-127.29,313,71.124
-9.7913,-133.98,329,74.713
-15.266,-136.11,316,66.989
-7.8407,-129.33,301,64.516
-8.4638,-138.02,290,60.786
-15.513,-142.6,296,67.799
-17.589,-148.35,270,63.226
-16.793,-151.69,297,71.992
-18.29,-156.71,251,63.615
-20.651,-155.68,213,61.547
-22.53,-156.2,172,52.268
-19.132,-155.06,215,50.936
-17.606,-158.92,199,51.135
-18.387,-161.46,225,53.492
-21.232,-162.15,203,51.672
-18.01,-156.01,259,62.002
-13.715,-155.07,275,65.029
-18.52,-158.99,279,63.085
-20.279,-156.4,282,61.621
-19.493,-158.18,283,64.028
-21.664,-160.69,276,63.226
-18.961,-157.47,278,65.574
-22.287,-159.3,288,61.042
-23.108,-163.05,270,58.892
-23.417,-158.47,262,60.348
-23.152,-160.11,256,61.746
-25.442,-160.58,266,60.662
-22.896,-157.16,275,61.249
-25.809,-163.12,258,58.561
-24.326,-158.03,240,55.716
-24.588,-160.49,236,52.623
-23.546,-158.76,240,55.253
-24.611,-161.05,269,60.894
-23.278,-161.03,275,68.461
-23.843,-161.2,252,59.389
-27.413,-160.28,271,63.235
-23.288,-159.96,266,61.266
-21.63,-162.53,253,56.742
-21.389,-163.77,255,55.708
-20.611,-162.55,261,55.708
-20.208,-163.68,258,57.602
-20.408,-162.73,257,58.545
-21.056,-162.45,259,56.94
-24.019,-163.08,251,55.129
-17.825,-160.82,260,59
-16.702,-160.02,267,61.845
-18.519,-164.91,247,55.154
-21.534,-165.58,261,57.875
-20.676,-163.51,246,55.609
-18.251,-162.5,263,58.925
-18.782,-164.04,247,54.021
-20.893,-167.4,237,57.61
-21.863,-167.43,246,58.198
-22.576,-164.17,261,57.767
-22.079,-164.18,250,56.378
-20.369,-165.68,231,52.913
-21.216,-164.7,232,54.319
-23.191,-162.83,253,54.898
-19.185,-163.15,255,56.262
-17.684,-162.01,268,59.471
-16.551,-158.46,285,61.613
-15.169,-158.18,275,57.602
-16.726,-160.51,277,61.431
-17.909,-157.5,285,62.283
-14.888,-157.58,291,64.607
-15.774,-158.6,279,63.598
-15.795,-155.39,276,62.234
-17.702,-151.96,290,69.321
-17.175,-153.55,292,64.731
-15.62,-153.84,283,63.325
-13.997,-158.34,263,59.678
-14.954,-162.72,242,55.154
-19.91,-166.46,255,57.858
-18.487,-164.27,263,58.52
-18.038,-163.14,275,66.856
-13.882,-161.59,275,63.689
-12.994,-161.89,277,61.249
-14.838,-164.1,274,59.289
-17.524,-159.34,262,58.636
-15.28,-159.08,276,62.407
-18.913,-167.13,265,59.868
-23.124,-172.27,245,55.369
-17.694,-165.5,266,63.044
-20.1,-166.92,284,64.243
-24.775,-170.82,271,70.867
-25.697,-179.66,259,65.475
-25.235,-187.71,223,67.725
-24.331,-193.57,192,54.145
-27.31,-191.88,269,65.575
-23.694,-195.85,237,56.659
-25.716,-194.81,257,59.082
-27.663,-195.98,260,58.917
-26.846,-195.56,240,61.175
-23.617,-194.82,252,61.721
-26.788,-195.8,253,60.067
-28.131,-196.7,254,57.718
-30.211,-194.59,253,64.26
-28.498,-190.03,249,59.752
-27.632,-198.25,264,65.294
-28.936,-195.52,248,59.818
-30.01,-198.36,231,57.139
-31.797,-200.7,243,62.093
-28.21,-195.35,260,62.027
-26.578,-196.72,256,60.695
-27.652,-198.37,260,62.3
-29.263,-201.43,250,64.93
-29.97,-194.89,252,64.847
-33.323,-193.57,259,75.301
-32.336,-182,256,75.723
-30.981,-182.56,255,67.088
-33.163,-171.94,274,66.137
-30.27,-166,283,68.585
-27.223,-159.06,309,72.852
-20.319,-155.5,312,69.776
-18.65,-154.94,309,76.252
-16.018,-161.82,279,64.45
-15.57,-153.59,303,74.482
-14.705,-146.06,308,79.89
-20.457,-132.8,327,71.008
-29.207,-129.94,336,76.169
-26.83,-131.08,320,76.499
-16.309,-137.74,328,68.271
-16.507,-149.31,314,74.333
-20.329,-158.83,314,73.125
-20.536,-160.53,311,77.442
-15.763,-169.09,287,70.057
-19.792,-175.82,240,62.266
-19.84,-183.17,221,63.027
-19.419,-190.65,230,69.66
-22.907,-198.67,226,77.401
-29.097,-197.72,252,64.326
-24.828,-192.88,258,66.12
-21.272,-201.04,257,61.845
-30.491,-199.52,255,68.891
-31.77,-195.06,246,64.194
-26.083,-195.78,227,69.04
-31.101,-194.18,252,64.169
-33.214,-195.32,248,59.653
-32.729,-199.6,253,60.985
-32.494,-197.35,236,55.228
-32.867,-199.18,251,68.222
-33.915,-197.37,251,61.266
-33.381,-196.27,255,60.579
-34.325,-195.28,258,60.422
-33.314,-198.51,246,67.353
-32.785,-196.87,255,57.222
-33.165,-196.04,252,59.562
-35.439,-199.81,252,58.462
-29.641,-199.17,243,69.702
-38.453,-197.55,234,62.564
-36.661,-196.81,223,58.917
-31.516,-198.18,236,60.53
-29.371,-199.96,242,56.56
-28.416,-200.18,246,57.511
-27.312,-198.08,245,65.137
-20.462,-201.34,249,62.746
-22.034,-204.93,240,64.26
-24.449,-206.14,244,64.152
-23.933,-205.82,242,63.226
-16.91,-204.28,257,63.945
-14.43,-205.57,256,61.01
-12.822,-207.74,243,62.002
-16.119,-208.22,242,66.807
-13.349,-209.66,241,62.283
-7.9844,-213.18,256,62.763
-7.9629,-214.04,251,62.027
-7.1518,-214.84,246,62.126
-9.3611,-218.89,245,65.376
-9.8548,-219.06,240,60.042
-9.1416,-225.54,226,63.731
-7.5355,-228.79,217,61.101
-8.6956,-223.14,233,58.462
-4.6381,-219.93,240,66.203
-5.3298,-230.2,227,61.084
-8.7091,-231.18,215,71.389
-6.593,-221.12,237,71.091
-7.2946,-217.73,241,64.309
-8.0065,-221.11,237,56.94
-1.2926,-230.8,221,63.632
-4.4736,-236.44,221,61.621
-5.3365,-232.46,179,84.861
-1.7738,-237.73,214,62.3
-2.7032,-241.24,195,65.575
-0.76982,-244.58,195,63.16
-1.3409,-245.24,190,59.116
-2.0593,-250.75,151,43.187
-1.9493,-251.63,134,46.346
-2.0154,-248.75,135,44.105
-0.74657,-244.46,174,55.204
1.0817,-248.17,196,74.201
-2.0815,-255,182,70.562
-0.92253,-246.57,199,70.38
-2.1515,-251.13,190,69.429
-2.8431,-245.05,207,58.645
-3.2195,-242.16,176,62.581
-1.5971,-238.79,211,63.433
-2.8175,-238.25,201,56.494
-1.1817,-241.62,194,53.657
2.1737,-249.22,171,53.798
2.5223,-252.45,172,46.536
2.5258,-250.98,173,49.084
-0.83217,-252.96,171,50.134
-3.685,-251.07,192,55.386
-1.6477,-246.24,205,54.435
-0.61597,-235.84,195,62.3
2.0358,-242.03,196,59.877
3.6602,-251.13,182,66.816
1.6464,-256.1,183,78.022
-2.89,-253.84,176,59.562
-2.8194,-257.42,167,77.459
-2.0837,-248.39,134,113.21
-6.6351,-256.38,168,58.272
-7.836,-253.5,160,62.581
-5.5967,-256.24,170,56.767
-3.3584,-259.38,169,66.609
0.3109,-256.32,174,85.647
-4.4923,-259.43,160,75.797
1.2748,-254.61,176,76.194
6.8255,-256.56,192,69.321
-2.8781,-261.4,185,66.683
-4.1406,-263.63,342,74.076
1.2576,-252.71,356,78.956
3.7863,-259.91,342,69.933
-2.4013,-262.54,341,72.604
5.6737,-258.55,347,72.753
1.0652,-264.49,334,72.389
-5.4002,-260.9,355,78.203
-1.7613,-262.19,366,73.332
-9.4023,-262.69,339,70.636
-1.0566,-261.28,338,68.518
-6.1561,-266.48,333,67.799
-9.6911,-265.15,287,65.938
-2.4952,-260.68,322,69.114
-12.025,-261.91,339,70.991
-7.8741,-258.95,350,72.786
-5.4763,-258.47,355,78.252
-12.678,-265.01,345,69.627
-10.709,-264.21,333,71.347
-2.1524,-265,330,72
-13.256,-267.01,324,66.112
-17.404,-268.11,313,69.255
-19.21,-265.11,338,81.47
-19.05,-262.69,276,66.459
-15.953,-267.62,248,57.883
-19.661,-265,207,51.697
-16.547,-266.24,206,54.509
-14.278,-259.18,258,61.911
-3.6973,-257.44,324,65.74
1.1855,-264.31,348,73.324
-3.664,-267.54,342,74.25
4.3593,-262.47,359,84.199
-0.98702,-269.59,344,78.129
-0.96093,-269.87,296,69.139
-0.19951,-270.23,284,66.12
-6.9359,-271,254,55.725
-6.6874,-265.29,274,60.687
2.4088,-261.82,325,67.03
0.90833,-256.94,301,63.482
6.3614,-258.72,297,64.201
5.0788,-263.1,300,63.548
7.9007,-267.26,235,55.733
5.0599,-260.3,316,68.196
-0.81286,-251.91,349,76.607
-2.484,-246.06,364,86.349
-10.185,-249.56,365,77.914
-14.978,-251.19,363,75.556
-14.084,-257.56,407,88.243
-18.569,-266.13,361,76.987
-22.922,-258.13,362,76.979
-24.467,-254.59,327,69.643
-20.075,-252.28,326,71.008
-22.713,-251.69,332,72.298
-19.68,-254.94,359,71.943
-24.078,-257.04,372,78.567
-22.572,-257,337,71.488
-20.186,-267.8,334,69.511
-25.656,-268.05,341,70.296
-23.679,-261.14,346,78.228
-23.092,-265.13,331,67.22
-22.052,-253.27,335,71.554
-13.67,-247.61,310,66.459
-12.333,-241.03,355,78.956
-9.8709,-234.61,358,78.203
-5.1296,-226.75,364,79.799
-4.1515,-224.75,364,86.986
-7.6274,-216.2,371,90.385
-18.558,-208.83,367,74.002
-30.817,-203.59,381,80.759
-35.647,-200.73,363,77.095
-36.682,-196.64,357,77.624
-32.642,-198.63,385,87.383
-42.387,-197.7,340,75.317
-35.466,-190.33,367,81.33
-37.188,-182.41,373,87.573
-34.786,-169.88,373,83.273
-33.015,-163.19,366,81.131
-32.155,-159,393,84.414
-22.234,-152.2,379,81.875
-16.953,-148.74,399,83.537
-9.3756,-156.93,381,78.12
-16.482,-167.22,383,76.723
-24.412,-177.03,392,85.605
-33.092,-185.89,373,78.873
-32.163,-190.23,379,86.349
-25.967,-192.13,397,99.301
-19.602,-205.31,367,86.192
-25.117,-210.15,350,75.201
-23.87,-211.91,357,79.005
-25.35,-219.64,344,75.772
-29.215,-222.56,310,67.849
-27.772,-224.36,231,59.595
-30.984,-221.33,182,55.642
-27.275,-217.01,251,70.272
-30.981,-221.59,200,53.442
-35.326,-223.26,159,44.014
-36.313,-224.52,147,43.923
-37.105,-223.47,151,45.908
-36.08,-224.26,172,50.887
-33.907,-226.22,179,46.619
-40.634,-228.03,159,46.553
-41.728,-225.72,141,48.19
-40.238,-224.86,147,49.663
-36.275,-222.45,274,65.955
-30.205,-217.14,310,69.933
-23.703,-208.77,360,79.171
-12.539,-203.56,370,80.436
-6.0697,-210.82,390,81.668
-6.451,-220.57,405,85.191
-7.635,-232.04,416,93.652
-11.127,-245.02,424,99.557
-6.0437,-245.83,400,95.885
4.3468,-251.04,372,83.868
4.2276,-259.88,388,83.909
3.5502,-266.48,366,80.461
0.13895,-267.12,335,72.985
3.4455,-257.11,331,70.082
5.2688,-254.96,358,78.501
-2.8318,-245.48,363,81.892
-10.751,-244.65,371,82.611
-4.3343,-242.46,388,87.102
-11.067,-238.34,383,87.491
-9.8045,-245.62,382,91.328
-9.3565,-252.18,383,90.749
-7.6286,-255.98,390,92.444
-4.4367,-267.32,365,78.244
-8.0486,-270.99,334,80.237
-18.619,-269.36,322,65.905
-14.544,-268.28,358,85.076
-15.164,-270.87,341,73.77
-9.9315,-266.69,337,74.539
0.91165,-264.65,350,75.846
-2.0936,-269.07,356,80.328
-5.8093,-269.51,365,78.782
-5.325,-269.34,341,72.315
-0.45655,-265.29,355,79.047
7.7461,-263.05,352,71.901
5.9245,-263.71,366,83.265
4.5925,-267.01,329,78.402
4.5088,-267.46,300,66.757
5.11,-265.26,296,62.126
8.5746,-264.41,309,62.829
6.9639,-263.13,287,58.826
7.6921,-261.86,300,62.233
6.9738,-261.32,361,68.13
7.3935,-260.68,405,76.764
7.5734,-260.2,394,77.823
7.0846,-260.84,399,72.786
6.3748,-261.73,401,79.766
5.5624,-262.99,407,80.916
4.9693,-264.73,384,83.017
4.6267,-266.32,380,75.292
3.4787,-268.31,362,75.664
2.7887,-269.1,352,73.514
2.2792,-268.06,384,78.311
2.2699,-266.74,437,79.89
1.8844,-266.72,450,85.026
2.0781,-266.72,430,81.941
2.2183,-266.96,416,86.622
2.4371,-266.87,416,82.909
2.3722,-267.24,416,84.621
2.8835,-267.74,436,86.482
4.999,-268.51,430,122.25
3.9563,-269.89,448,83.992
2.271,-269.17,460,99.508
1.1596,-267.37,499,91.907
0.91657,-267.63,494,102.88
1.043,-267.89,507,105.29
1.1617,-267.69,509,102.07
1.5554,-267.71,478,97.498
2.3389,-268.4,435,96.39
3.119,-268.17,414,89.028
2.502,-269.04,476,86.804
3.4732,-269.92,406,162.52
3.8991,-269.2,468,101.66
2.7118,-268.9,474,117.68
1.139,-267.43,470,140.44
1.0001,-266.73,454,142.77
0.57518,-266.89,470,111.59
0.036691,-267.45,489,107.25
-0.42898,-267.59,450,111.4
-0.89149,-266.89,418,103.76
-0.10028,-266.95,443,114.85
0.72794,-267.92,465,101.81
0.050121,-269.01,423,131.9
-0.6998,-269.74,414,159.79
-1.8265,-269.81,425,146.94
-2.9157,-268.01,393,159.89
-1.3124,-268.1,468,125.05
-1.1848,-267.8,496,124.14
-0.73836,-267.36,489,136.49
-0.86178,-267.13,471,124.19
-0.28395,-267.42,455,126.91
1.0787,-267.42,426,113.52
1.2272,-267.04,421,120.88
1.747,-267.14,413,109.49
1.2568,-268.61,416,159.17
2.015,-270.9,467,142.5
3.3324,-271.76,495,103.02
1.5524,-271.47,513,95.396
2.3108,-271.23,500,100.29
2.0514,-270.64,506,96.662
1.7146,-270.5,498,95.083
1.7063,-270.53,464,95.777
1.8471,-270.09,434,97.597
1.7733,-270.32,448,93.404
0.6766,-269.74,423,90.278
0.51327,-269.5,407,94.281
0.88178,-269.68,416,92.122
2.0489,-269.13,482,118.57
1.3971,-270.32,487,145.53
-1.1355,-273.5,491,93.172
-0.36164,-274.51,506,106.11
-1.7223,-274.17,505,106.11
-1.2918,-275.56,495,97.506
2.0664,-276.01,504,100.96
0.17404,-275.47,496,99.648
0.44327,-273.89,427,91.047
-0.16043,-274.89,438,85.208
0.040132,-274.39,457,87.102
0.54292,-273.92,456,86.837
0.8173,-274.11,433,82.446
1.4163,-273.97,400,80.163
2.2379,-274.45,388,81.04
2.9187,-275.01,367,89.385
2.2614,-276.16,406,86.118
0.53265,-278.3,415,88.781
0.44454,-280.88,404,85.977
0.98429,-280.87,413,88.723
0.61212,-280.2,434,87.896
0.65367,-280.49,443,81.958
0.60908,-279.89,432,82.81
0.75934,-279.97,423,82.041
1.1728,-280.36,396,82.115
1.5858,-280.76,377,79.328
2.3743,-280.66,365,79.146
3.0033,-280.1,371,83.463
4.1045,-279.27,429,91.055
3.7688,-279.66,445,89.922
2.6678,-282.41,406,78.286
1.5781,-282.45,430,85.159
0.73593,-280.42,426,83.339
1.6427,-281.53,444,82.975
1.9117,-281.49,455,83.81
2.0498,-280.76,452,89.724
2.2117,-280.59,438,89.277
2.6053,-280.25,422,83.719
2.996,-279.37,405,83.901
3.8197,-278.66,393,84.952
4.9393,-279.32,393,88.4
5.3932,-281.42,450,94.231
4.3117,-284.85,431,89.261
1.4899,-285.75,398,77.376
-0.32964,-283.99,447,82.115
-0.018185,-280.78,507,100.2
2.4988,-282.58,474,89.062
4.2579,-280.42,458,92.155
4.7339,-282.3,401,78.823
4.3115,-282.08,433,79.22
4.4435,-282.04,455,83.339
4.2152,-282.02,448,82.495
4.2138,-282.45,436,81.569
3.8781,-282.7,421,81.776
2.8621,-283.07,418,84.29
1.2451,-283.05,443,88.053
0.25963,-281.86,491,97.142
1.2383,-280.09,509,102.25
2.5723,-278.11,514,101.93
5.3713,-279.45,478,87.755
5.9893,-283.2,458,94.231
4.471,-286.5,450,91.749
2.167,-287.01,447,93.627
2.7434,-284.36,512,103.15
3.9125,-284.46,515,106.87
1.8916,-286.48,521,102.19
2.5535,-287.06,497,96.067
-0.89997,-289.65,477,87.408
-1.9108,-290.5,465,95.563
-1.7903,-289.31,474,97.456
-0.5414,-290.21,461,84.1
0.3139,-288.15,510,97.944
-2.0582,-284.68,503,113.97
-2.1032,-279.27,500,132.29
-0.99888,-279.25,495,101.24
-2.0669,-282.57,487,108.25
-4.7055,-285.79,487,101.29
-7.305,-283.71,461,104.44
1.5369,-281.94,427,95.157
7.3081,-280.06,432,95.819
1.5496,-286.85,470,106.94
-1.745,-294.13,434,88.301
-4.8913,-293.47,403,81.321
-3.4509,-285.69,446,102.38
-0.843,-279.6,407,79.791
-7.1938,-279.33,455,110.77
-7.9688,-281.18,442,109.03
-4.2171,-280.62,424,106.7
-3.9034,-285.03,421,99.648
-5.2362,-279.34,404,94.95
-6.2906,-281.51,438,106.7
-2.2629,-282.55,410,83.099
1.779,-275.78,392,84.364
1.4808,-259.86,434,98.06
-2.0939,-245.71,437,98.2
-6.3444,-236.2,433,103.73
-13.189,-231.03,423,102.83
-23.727,-234.6,484,125.63
-29.765,-232.58,489,137.7
-32.181,-220.96,457,127.78
-38.584,-209.26,439,128.21
-43.226,-200.79,396,105.65
-40.387,-202.55,412,109.98
-39.673,-206.31,435,128.84
-39.141,-209.16,419,125.01
-37.934,-215.96,421,107.61
-39.762,-225.03,341,75.97
-38.93,-217.81,358,79.998
-35.676,-217.73,371,93.42
-35.045,-216.48,323,86.895
-37.562,-222.07,269,78.104
-42.73,-223.19,333,71.256
-37.923,-224.66,318,73.861
-40.831,-230.43,285,64.615
-43.543,-231.35,231,54.302
-35.581,-226.9,283,64.748
-39.144,-232.51,333,79.328
-30.437,-235.68,306,68.105
-22.998,-241.2,339,78.319
-7.7378,-248.3,377,79.543
-4.6598,-261.88,427,99.582
-9.4689,-271.82,446,101.77
-2.8707,-281.44,405,81.313
1.28,-292.24,401,92.362
-0.6439,-290.35,378,76.747
3.6449,-287.93,355,75.664
9.3424,-281.47,333,71.554
3.0175,-289.41,374,75.846
1.5082,-297.76,353,73.795
-3.9455,-298.74,329,69.114
-0.29315,-299.9,339,77.74
-3.5187,-306.41,320,70.495
-5.7848,-308.01,345,78.774
-8.1511,-303.32,362,95.694
-6.4586,-307.08,321,86.084
-4.9707,-315.35,261,64.425
-6.5183,-318.95,202,58.256
-6.8139,-319.74,139,41.591
-5.5821,-319.44,228,55.162
-6.2312,-318.19,259,62.556
-6.7186,-315.82,277,72.282
-3.8624,-316.88,282,70.776
-3.4792,-317.65,246,61.82
-4.2312,-320.88,197,51.631
-3.8765,-323.87,203,54.55
-5.3455,-319.85,210,54.699
-5.7211,-315.25,298,68.833
-2.5907,-313.87,306,71.86
-3.8617,-320.28,295,66.327
-4.8713,-320.63,289,63.044
-3.3113,-320.21,287,64.615
-9.3505,-321.18,327,72.761
-10.58,-322.24,318,73.332
-12.584,-330.21,377,83.323
-14.176,-341.26,395,97.274
-17.237,-349.25,375,85.63
-22.642,-357.48,363,89.823
-25.165,-366.01,319,75.358
-24.709,-368.9,293,76.88
-25.778,-375.58,194,57.883
-25.149,-372.87,183,58.355
-26.471,-386.04,271,66.583
-29.325,-391.72,234,63.143
-29.325,-391.72,234,63.143
