0,-0,121,43.559
1.9461,0.36643,127,42.914
2.7966,0.452,143,45.792
4.9595,0.90953,150,48.811
6.7387,0.0011648,149,52.839
8.6736,0.65363,156,56.643
10.013,0.88342,169,67.816
10.989,1.0323,201,65.418
11.912,-0.50592,227,58.437
12.386,-0.1438,245,69.759
10.976,1.8271,275,72.695
10.214,3.8743,288,78.592
9.581,4.1824,298,80.974
8.2785,4.5097,284,77.584
6.8981,4.5006,311,75.508
4.1917,4.783,298,74.482
0.363,6.6898,286,66.302
-2.9028,6.0373,265,65.467
-4.3483,3.6797,255,71.769
-3.8595,0.56277,274,76.93
-2.6362,-2.7611,347,87.317
-1.871,-6.172,397,98.962
-1.1307,-10.293,508,95.76
-3.6415,-12.48,505,106.08
-6.8058,-15.74,478,91.089
-7.1809,-19.555,446,82.057
-5.5583,-21.799,438,83.628
-5.5904,-24.984,449,88.599
-5.6468,-28.156,476,84.348
-6.201,-29.389,496,97.762
-7.6477,-31.15,487,103.72
-6.7581,-35.848,510,108.23
-5.6328,-40.385,518,100.25
-4.8817,-45.32,510,98.349
-4.6696,-49.73,499,96.952
-4.9614,-53.671,469,89.533
-5.2252,-57.252,496,95.381
-4.1907,-61.265,478,94.305
-3.772,-65.2,502,98.457
-3.5374,-68.51,509,93.147
-3.1214,-72.478,523,102.7
-3.1328,-76.771,517,94.595
-3.8045,-79.957,506,96.365
-3.6494,-83.641,505,95.447
-3.1982,-86.361,520,98.895
-2.5135,-89.664,512,106.5
-2.5215,-93.841,517,106.5
-3.2928,-97.972,499,99.921
-3.4758,-101.67,501,99.64
-4.9238,-105.17,503,95.811
-4.2916,-109.29,483,93.47
-3.9649,-111.8,484,88.343
-4.3011,-115.84,467,84.125
-3.6886,-119.74,478,80.99
-4.309,-123.36,445,83.48
-4.4983,-125.73,422,77.268
-4.1405,-126.94,395,75.656
-3.5823,-127.65,378,73.44
-3.3319,-128.2,371,76.616
-2.8493,-128.11,388,76.078
-2.1405,-128.46,426,79.742
-1.895,-129.21,444,84.861
-2.3842,-129.98,435,82.33
-3.3451,-130.76,435,81.627
-4.456,-130.41,412,83.819
-3.5983,-130.78,415,80.974
-2.6677,-130.94,404,77.451
-1.3389,-132.54,388,74.366
-0.69369,-134.8,376,76.268
-0.97978,-137.39,392,72.042
-1.012,-140.45,389,73.101
-0.028608,-140.65,286,61.348
-0.31642,-140.18,216,53.674
-1.0267,-139.32,167,50.606
-1.909,-138.79,139,50.01
-1.0346,-137.34,129,54.733
0.57503,-136.25,119,40.921
-1.1664,-135.52,116,38.018
-3.0807,-136.07,123,40.35
-3.377,-134.54,118,39.953
-3.3939,-132.61,118,41.574
-3.2888,-133.06,125,42.484
-4.9987,-133.53,122,42.17
-2.8411,-132.78,109,35.669
-0.45324,-133.61,118,40.929
-1.0412,-134.38,147,48.331
-2.6348,-135.03,185,54.832
-3.4908,-134.63,199,69.495
-1.7017,-135.22,217,65.203
-2.2269,-133.74,210,62.738
-2.4579,-132.49,233,64.475
-2.1793,-131.22,221,61.845
-3.3034,-129.26,233,65.31
-2.5292,-128.53,243,77.575
-3.2165,-124.81,235,80.858
-4.1531,-124.45,218,72.687
-3.8781,-125.01,223,71.554
-4.6439,-125.32,227,74.879
-6.1952,-125.3,235,72.67
-8.7033,-125.61,262,68.196
-10.051,-127.13,288,73.167
-9.6109,-129.66,295,89.773
-6.3339,-132.35,306,114.13
-2.6497,-134.79,353,119.45
-0.65082,-137.98,363,107.58
1.4709,-140.04,368,89.807
3.3037,-140.81,321,75.425
4.4362,-143.34,339,78.609
6.6255,-144.84,350,74.283
10.245,-144.53,362,78.013
13.19,-144.45,395,91.915
16.569,-145.3,392,116.12
19.07,-145.68,410,125.67
21.229,-147.22,434,103.82
25.42,-146.02,413,107.71
29.122,-145.38,417,103.25
32.337,-145.71,413,106.7
34.768,-147.04,406,113.26
35.83,-147.97,418,127.26
39.378,-149.59,416,110.1
43.656,-148.82,416,116.59
45.436,-148.08,417,105.71
47.144,-147.93,434,133.03
48.341,-146.77,493,136.59
45.98,-146.12,552,145.09
42.499,-148.64,558,156.32
39.181,-152.53,538,146.51
35.265,-156.42,529,137.18
32.782,-159.7,496,127.37
30.654,-162.48,482,111.34
31.256,-165.31,496,120.46
35.77,-167.12,496,121.82
40.209,-165.11,544,136.16
43.861,-159.28,557,147.44
42.238,-152,541,158.12
37.37,-147.45,532,145.22
32.423,-143.01,527,108.9
31.333,-138.35,507,98.011
32.232,-137.06,468,109.68
35.647,-139.73,443,108.66
41.88,-142.29,444,102.35
48.691,-144.73,454,102.85
55.725,-147.29,477,112.41
61.627,-149.88,486,115.61
66.147,-152.21,479,95.918
68.447,-153.7,433,91.651
69.804,-153.53,437,101.18
68.372,-150.28,467,111.59
63.229,-149.72,478,109.82
58.043,-153.98,462,105.21
57.481,-157.13,507,131.92
61.472,-159.04,562,152.77
67.05,-157.09,583,151.2
70.826,-154.1,566,149.99
72.906,-151.63,548,130.1
74.388,-151,541,136.14
78.714,-151.29,508,123.42
83.476,-152.36,466,105.41
85.072,-153.7,441,85.068
85.537,-154.9,401,91.941
86.53,-155.57,409,84.679
89.187,-156.59,402,90.129
93.019,-157.06,398,99.408
94.833,-154.92,448,113.23
91.699,-153.81,500,127.51
86.195,-156.37,547,138.91
78.542,-160.9,544,140.2
71.793,-165.46,541,128.82
66.717,-169.26,550,135.14
61.176,-172.31,537,125.62
57.585,-174.83,558,120.55
54.431,-178.52,564,109.42
53.49,-182.71,541,108.36
54.828,-187.22,551,115.19
57.584,-192.17,528,108.88
60.574,-195.71,537,113.64
62.322,-195,570,134.71
63.66,-195.45,557,171.07
68.303,-195.35,543,177.08
71.36,-190.6,561,148.09
73.739,-183.6,545,147.29
77.537,-176.91,550,143.94
82.182,-170.77,550,140.98
86.64,-164.69,528,120.92
91.411,-158.97,514,142.79
90.677,-156.28,537,142.26
85.451,-157.39,584,177.16
79.045,-160.29,566,178.43
73.452,-161.55,534,168.75
65.739,-162.42,581,158.91
57.265,-163.41,548,158.34
50.359,-165.44,529,140.08
45.924,-168.7,533,112.37
43.632,-170.46,477,106.26
43.278,-173.32,507,116.48
43.542,-172.85,514,141.41
41.169,-171.52,544,145.11
39.159,-173.26,549,135.77
43.112,-177.51,568,161.78
48.317,-180.94,564,164.98
56.409,-181.11,585,144.87
63.84,-178.41,578,134.62
70.993,-174.26,587,141.91
77.915,-169.73,593,143.91
81.904,-163.59,583,146.75
82.774,-160.19,583,169.29
84.483,-162.63,558,130.4
85.381,-167.84,545,121.97
83.236,-174.72,524,132.69
80.786,-180.84,502,116.62
78.675,-186.03,496,109.79
74.767,-189.57,457,97.878
70.865,-194.59,473,98.093
69.54,-200.13,488,114.96
70.007,-202,488,116.36
68.909,-201.93,510,134.91
70.723,-196.41,557,155.98
65.842,-194.02,534,142.55
60.2,-192.67,505,124.4
54.808,-191.48,502,97.332
53.146,-191.05,506,112.44
49.075,-191.03,532,118.57
45.562,-188.51,519,150.55
43.591,-181.25,519,138.48
43.894,-174.03,530,133.87
42.841,-166.76,541,134.21
42.17,-158.68,544,129.62
41.072,-151.21,534,127.87
39.384,-145.12,543,118.29
37.883,-140.79,503,117.92
36.721,-141.59,526,121.62
34.511,-146.87,482,123.57
31.472,-153.8,496,120.28
31.142,-160.7,485,119.98
31.824,-163.05,484,111.05
34.865,-166.1,475,100.54
37.483,-168.3,476,114.55
42.979,-170.95,474,119.01
50.522,-173.08,460,112.93
56.798,-172.1,477,93.934
61.453,-168.5,471,83.455
63.969,-162.91,465,89.178
63.82,-158.13,513,103.92
62.668,-153.92,548,107.36
61.4,-151.14,546,100.14
59.015,-148.63,520,128.22
56.88,-147.28,517,102.58
55.631,-147.15,493,108.58
55.31,-148.8,511,122.8
55.854,-150.31,511,119.65
58.261,-150.52,531,133.44
58.992,-150.1,529,128.74
60.022,-148.18,479,120.16
61.41,-147.09,513,114.08
60.856,-145.34,508,117.41
59.112,-145.99,538,108.44
59.149,-146.94,535,125.44
60.682,-148.61,562,136.67
62.1,-146.37,540,127.12
62.375,-145.26,532,139.35
63.514,-143.79,552,144.47
64.501,-144.59,537,137.18
67.312,-145.48,539,117.95
69.86,-146.3,491,97.358
72.182,-144.34,495,98.226
75.409,-140.71,500,108.03
76.572,-138.41,516,112.07
78.343,-136.03,526,110.63
80.019,-135.5,502,105.56
82.209,-134.79,540,118.69
88.69,-137.31,548,113.95
94.931,-140.37,566,119.14
100.41,-143.02,545,112.23
104.16,-143.14,536,112.01
106.95,-144.8,480,104.16
108.85,-144.16,457,102.14
110.31,-141.01,436,93.553
111.39,-139.54,379,83.017
112.73,-140.63,430,94.802
113.88,-140.56,451,102.23
115.76,-143.6,483,100.69
119.42,-148.37,488,96.117
121.41,-152.99,482,99.715
123.39,-157.42,485,92.734
124.34,-161.87,496,92.014
124.93,-166.68,501,97.829
124.52,-170.59,494,97.73
127.1,-174.2,506,99.863
128.77,-179.13,514,100
130.95,-183.53,508,104.45
133.24,-187.08,505,98.358
134.48,-192.14,508,95.248
134.63,-196.72,510,92.37
134.01,-201.81,481,95.199
133.77,-204.68,508,97.605
132.98,-210.2,491,90.237
132.42,-213.6,502,88.161
132.75,-217.97,502,95.447
134.85,-220.66,522,105.86
134.65,-226.18,528,101.67
136.65,-229.53,519,94.637
138.22,-233.01,497,92.867
140.57,-235.26,511,101.5
141.03,-239.05,510,106.36
141.27,-243.31,469,104.29
139.96,-247.81,463,99.17
141.03,-251.45,471,101.29
141.12,-256.22,404,95.398
141.47,-259.62,393,109.91
140.45,-260.24,356,100.81
141.43,-260.77,368,102.53
141.12,-261.03,350,103.35
140.63,-261.33,336,103.83
140.81,-260.72,354,115.44
140.61,-259.92,391,117.03
140.92,-257.24,347,120.87
140.23,-255.72,366,144.47
140.77,-252.95,346,141.2
141.42,-252.08,331,96.448
143.06,-253.43,336,124.83
143.57,-258.18,363,143.11
143.59,-260.73,294,125.11
142.86,-263.13,276,116.5
140.89,-265.44,267,141.97
140.19,-270.63,502,126.04
140.95,-274.07,514,128.55
141.47,-277.47,511,127.26
142.45,-281.9,517,137.97
143.03,-285.93,510,145.35
143.91,-292.22,477,146.08
145.48,-298.71,460,142.15
147.16,-300.55,615,139.97
147.37,-313.24,518,146.17
147.73,-316.35,607,139.68
147.29,-320.54,620,142.41
146.95,-324.3,684,141.02
147,-328.41,649,149.33
147.34,-330.57,633,141.74
145.17,-339.86,341,119.48
145.72,-342.48,353,111.54
145.85,-345.34,276,84.249
145.78,-348.05,200,75.061
143.97,-357.47,331,112.36
144.3,-359.81,265,89.294
142.46,-363.57,205,76.45
138.21,-383.01,514,168.38
137.09,-387.86,451,151.63
135.4,-396.25,592,137.95
133.98,-401.44,581,149.14
132.67,-405.79,561,160.72
132.84,-411.72,542,166.57
132.02,-415.63,491,143.62
132.79,-417.37,425,134.52
132.67,-418.76,316,94.157
132.14,-421.1,255,75.243
125.94,-437.55,786,289.86
125.94,-437.55,786,289.86
