0,-0,201,50.953
0.06887,-1.773,229,57.511
0.75083,-1.1122,230,57.114
1.2104,-2.4527,231,59.289
1.5449,-1.8819,261,61.216
1.1265,-1.422,228,56.378
0.76121,-2.6963,245,57.503
1.0514,-2.4979,229,57.602
0.069047,-2.6554,222,56.18
0.14976,-1.8641,218,55.063
1.3458,-2.3168,228,58.024
1.5757,-3.5563,235,60.877
0.71538,-3.0622,239,55.816
0.41199,-2.2819,238,57.42
1.5843,-3.1467,244,55.452
1.3329,-3.6444,240,57.478
1.7115,-3.0572,225,59.471
2.2281,-0.87919,247,70.603
1.5653,-2.0433,276,69.436
0.02306,-3.0674,263,70.553
0.18869,-3.1031,246,68.535
-1.0719,-3.0884,258,70.14
-1.0027,-3.3091,260,69.486
-0.84431,-3.9233,255,69.205
-1.1324,-4.2842,265,70.892
-1.3664,-4.6238,265,69.825
-1.457,-4.4049,265,72.108
-1.7177,-3.9726,268,76.425
-1.4753,-3.4911,278,71.355
-0.90923,-2.6342,270,66.41
0.14972,-1.7748,266,64.235
0.67902,-0.61366,203,57.784
0.47252,-0.61619,259,61.729
-0.069602,-2.1561,300,65.533
-0.3714,-3.6402,329,69.213
-0.60056,-3.816,334,77.558
0.35159,-4.361,327,79.419
0.57524,-4.2764,310,73.588
0.36312,-4.0988,323,80.949
0.024692,-3.7309,326,77.153
0.69313,-3.4558,330,76.723
-2.1442,-4.6456,356,87.085
-1.843,-5.0764,279,68.072
0.25475,-5.5775,326,76.095
1.5732,-6.2277,360,76.673
1.6812,-6.2592,372,83.645
-2.031,-3.5095,329,70.71
0.18222,-0.74971,275,64.541
0.59759,0.11919,285,58.404
2.8632,-0.11267,297,67.163
0.44981,-3.1204,323,77.914
1.9092,-1.6883,358,80.916
0.66001,-4.8996,361,88.533
-0.19523,-2.0642,320,84.687
0.44701,-2.562,357,80.296
-0.97329,-1.992,301,74.763
-0.27008,-2.1765,315,77.485
0.53852,-3.5887,309,74.598
-1.4626,-4.1194,282,66.294
-1.8859,-3.022,284,69.338
0.43478,-4.588,313,69.412
-0.93081,-6.7411,289,67.444
-3.7038,-5.8532,298,61.936
-2.5727,-5.3309,290,65.294
-1.9973,-5.3304,316,69.693
2.8608,-5.1591,386,89.823
-0.98593,-9.1701,427,95.654
-3.6251,-5.8329,363,94.802
1.5243,-2.5248,356,95.679
1.1354,-8.4636,307,154.89
4.3787,-10.499,216,141.27
-6.0743,-5.2941,187,79.254
-8.3405,-7.755,161,74.598
-8.447,-5.8419,215,72.059
-5.6635,-0.28972,137,67.072
1.8821,-13.271,913,119.99
0.96827,-16.204,940,129.83
-0.33275,-13.19,873,117.92
-1.0728,-5.8076,883,137.45
1.3131,-7.9902,965,149.14
7.1704,-14.954,1000,130.45
3.9493,-22.137,935,126.23
2.3483,-24.164,881,130.94
2.5794,-26.219,824,126.16
3.3793,-27.505,754,116.63
6.5197,-22.917,826,116.36
8.734,-19.46,896,130.84
10.141,-19.624,981,139.4
8.5515,-23.855,984,148.04
3.777,-29.045,1053,137.36
0.64821,-23.036,1003,162.27
10.646,-23.326,1059,142.68
9.1601,-33.711,972,121.86
2.3177,-36.39,974,141.41
1.4779,-38.064,965,148.67
2.0451,-39.75,994,154.19
-0.38744,-32.365,1059,164.32
4.1258,-28.939,1076,151.21
7.2602,-36.318,1024,142.39
4.9834,-47.081,1143,144.64
7.5833,-52.706,973,136.39
7.9103,-56.347,988,136.19
6.3978,-55.35,1062,140.97
2.4582,-46.716,1071,149.76
7.1481,-42.697,1054,179.35
10.878,-54.31,1045,137.02
11.105,-63.673,1028,134.82
9.9119,-72.259,939,125.03
12.151,-78.665,860,116.78
13.419,-83.326,708,103.33
11.528,-86.756,695,103.71
13.944,-78.818,472,84.116
12.456,-71.156,484,85.861
11.679,-79.766,443,77.732
13.158,-82.387,353,65.773
12.745,-78.801,336,68.279
12.211,-82.871,354,70.636
16.434,-81.585,358,68.353
14.873,-78.798,405,73.15
16.076,-81.981,540,93.52
13.237,-83.239,631,99.358
13.463,-87.777,779,102.88
12.739,-87.314,790,105.5
10.703,-82.805,754,107.88
11.78,-81.516,779,117.89
11.762,-85.589,782,105.65
11.936,-88.593,836,120.47
10.345,-84.708,867,118.44
10.006,-84.44,989,143.94
10.817,-86.062,935,158.49
10.152,-89.92,782,139.83
11.364,-90.663,626,137.28
11.683,-90.181,539,133.23
15.823,-97.598,165,88.905
9.2752,-75.231,823,231.12
15.738,-80.848,1091,191.68
13.014,-90.484,1367,197.6
16.731,-91.57,1245,163.36
10.102,-87.6,1304,167.6
11.306,-83.679,1526,199.39
12.211,-85.494,1450,154.79
10.675,-91.284,1343,173.48
14.234,-91.869,1523,173.77
15.391,-95.381,1365,154.93
16.043,-98.146,1183,158.51
15.629,-94.894,1348,174.32
15.967,-86.583,1464,170.32
13.732,-82.155,1535,191.41
13.845,-79.719,1480,175.63
21.18,-84.967,1390,149.7
21.998,-96.289,1328,156.62
16.499,-104.42,1505,182.58
14.492,-107.85,1600,186.87
14.275,-114.11,1485,176.35
13.696,-113.88,1560,184.87
12.025,-114.11,1641,211.16
10.87,-114.03,1604,210.28
12.083,-114.44,1579,219.47
10.125,-113.24,1621,197.26
13.289,-115.53,1548,210.13
13.335,-117,1622,191.56
14.289,-116.1,1577,214.82
9.2433,-122.2,1564,210.34
8.9156,-133.19,1458,187.9
7.0987,-130.53,1520,218.17
12.914,-133.01,1599,227.04
12.032,-134.31,1549,221.85
10.966,-134.76,1504,202.88
5.3753,-147.99,1396,190.38
2.6154,-157.68,1308,167.29
4.1934,-159.99,1029,148.88
0.62544,-157.35,730,121.27
-0.86182,-161.09,542,98.134
2.9337,-172.36,433,89.732
-1.4214,-176.35,332,95.058
-6.7304,-172.16,376,82.512
-8.4708,-169.64,314,84.323
-7.0684,-164.02,317,71.554
-1.9559,-156.28,405,92.138
-1.7634,-152.64,443,90.286
-1.8473,-151.26,563,98.556
-6.6892,-147.05,509,89.616
-8.7731,-138.47,667,110.03
-6.966,-131.18,975,135.04
-6.2216,-115.26,1095,140.83
-7.4627,-105.61,1130,141.91
-7.8053,-90.593,1061,148.47
-6.0713,-77.469,1140,147.53
-9.1406,-66.287,1156,165.46
-11.219,-61.14,1170,187.35
-13.681,-47.791,1121,171.07
-13.674,-31.457,1159,182.86
-12.097,-18.645,1118,163.68
-13.65,-6.9849,1080,155.72
-9.199,-2.0614,1022,149.05
-3.4554,-1.7227,1020,127.4
1.1311,-2.6967,1067,153.08
7.5145,-6.5661,1136,169.7
16.568,-12.336,1100,159.29
13.019,-21.082,993,150.15
8.4842,-33.139,1040,154
7.4911,-46.864,1076,143.67
7.2758,-57.771,1092,202.19
10.929,-67.284,1146,224.61
5.6273,-67.464,1207,236.59
-1.8185,-52.673,1223,220.08
1.4782,-35.708,1221,217.31
4.0283,-17.089,1164,202.59
0.39348,-5.4,1114,168.78
-5.3778,-2.5629,1081,143.84
-7.1707,-6.8127,1130,139.72
-4.3179,-12.406,1056,164.4
3.013,-15.512,1143,192.83
7.3278,-6.686,1100,175.98
7.071,-1.3549,1022,150.06
4.225,-2.7862,1135,169.82
-6.5872,-0.73028,1096,157.69
-13.071,0.22818,1073,158.21
-15.449,-2.5208,1116,183.14
-10.621,-5.9581,1146,207.13
-8.7706,-14.975,1040,173.91
-9.2222,-20.681,961,136.62
-4.4896,-27.707,961,144.54
1.5376,-38.014,1078,139.53
9.1856,-47.169,1111,197.05
13.692,-58.824,1084,211.39
20.886,-72.104,1163,186.55
26.888,-87.003,1175,194.52
25.592,-104.3,1198,176.24
17.14,-117.74,1192,164.97
8.8056,-123.24,1147,160.86
5.7234,-116.97,1082,163.7
3.5805,-105.38,1170,189.67
0.62624,-92.11,1110,149.39
2.6204,-80.375,1074,138.43
5.8681,-70.45,1080,145.63
5.8055,-67.123,1171,184.45
-0.32857,-63.329,1142,188.64
-4.9628,-64.119,1194,175.54
-1.9159,-68.481,1286,197.39
-1.1591,-86.884,1235,190.46
7.1114,-100.63,1235,192.13
14.517,-115.04,1241,177
15.4,-114.27,1250,178.37
15.551,-116.14,1262,179.27
17.089,-125.15,1178,170.17
17.159,-123.95,1066,156.09
12.143,-117.32,1049,127.73
8.5194,-111.62,1218,175.44
10.023,-103.71,1185,173.07
9.0118,-96.821,1184,164.66
14.767,-91.986,1183,132.87
24.532,-93.581,1181,167.53
24.833,-99.489,1304,166.85
19.831,-114.85,1229,153.46
22.181,-121.53,1268,184.13
18.502,-126.16,1223,160.63
18.493,-134.55,1199,208.05
18.568,-145.78,1178,179.71
15.586,-147.17,1122,185.37
14.528,-135.72,997,162.75
12.697,-128.16,957,140.07
4.0805,-130.87,1035,172.33
4.2495,-138.92,1121,184.66
1.3388,-152.11,1072,152.94
3.1947,-166.52,1152,182.67
7.0991,-180.6,1092,175.99
8.1062,-192.6,1078,163.63
10.302,-200.01,1064,153.89
9.5455,-201.85,925,133.59
14.183,-205.79,838,112.21
15.793,-210.21,676,103.27
14.788,-214.24,597,90.401
11.886,-217.72,507,81.494
7.2864,-209.73,796,116.2
12.91,-210.58,993,133.63
3.6535,-211.92,970,138.29
6.332,-207.44,1073,147.93
10.119,-208.02,1098,152.65
4.2985,-204.19,1170,163.37
0.25687,-199.06,1037,161.01
-0.082845,-200.31,953,140.28
4.7162,-208.51,1014,149.68
6.4992,-215.54,775,128.27
4.5671,-206.8,737,122.13
11.422,-213.87,674,107.42
8.9549,-221.12,352,72.289
2.5321,-211.9,516,96.058
6.2795,-214.53,500,92.717
13.126,-221.08,484,97.679
7.5441,-221.46,272,64.855
5.9142,-221.54,255,65.301
6.8889,-217.44,535,91.435
16.548,-216.54,961,149.04
21.91,-216.93,665,110.27
22.632,-220.87,353,74.762
16.146,-226.75,1007,131.51
12.375,-219.9,1080,139
10.891,-217.59,1248,146.49
7.0105,-220.23,1243,155.2
-1.8401,-209.16,1149,138
1.1679,-204.71,1186,172
6.9799,-206.38,1333,185.25
12.289,-206.31,1292,166.27
19.812,-216.06,1326,172
14.062,-214.86,1169,151.18
12.423,-223.05,1137,148.22
9.5224,-223.93,1242,151.55
-1.0764,-219.15,1271,169.49
-12.023,-208.24,1210,160.24
-21.103,-205.84,1282,189.3
-22.96,-208.85,1393,192.27
-24.971,-213.94,1421,205.63
-25.384,-218.59,1366,190.44
-20.787,-223.61,1319,188.4
-26.148,-223.67,1237,172.95
-33.487,-217.82,1189,152.13
-33.669,-211.93,1089,143.41
-15.846,-212.23,1306,178.43
-4.2894,-222.73,1319,157.46
-2.3592,-221.36,1214,150.82
-2.8275,-229.06,1181,133.28
0.9817,-233.74,1133,129.71
-4.0483,-233.29,1054,127.87
-7.4955,-232.66,1069,128.1
-8.29,-227.71,1156,140.99
-1.4615,-226.78,1265,155.9
-0.91011,-236.42,1236,148.55
5.9962,-233.88,1064,127.79
1.1079,-239.37,1040,134.8
4.9589,-244.69,1233,148.81
6.4403,-256.68,1248,154.53
6.2582,-270.76,1284,162.78
6.3072,-288.78,1286,159.33
7.3703,-306.34,1251,155.18
8.8612,-319.42,1139,139.7
8.4401,-332.82,1243,154.27
7.6391,-349.64,1217,150.67
7.4329,-364.76,1256,158.9
6.4282,-378.82,1188,145.42
5.4379,-374.97,1343,197.64
3.983,-361.43,1293,179.12
7.7692,-368.31,1206,166.65
8.7308,-387.65,1149,141.84
6.2362,-393.36,1142,131.33
-0.097947,-381.93,1180,154.66
1.7685,-368.71,1173,160.19
4.893,-356.72,1018,139.03
6.5393,-368.17,1157,147.42
8.5456,-391.06,1122,139.37
10.585,-405.04,1050,129.44
5.1909,-403.09,1268,182.62
9.171,-399.48,1137,150.49
8.0285,-412.52,1002,126.14
5.4519,-409.6,919,132.05
9.6957,-403.9,890,120.73
15.898,-416.15,910,115.94
8.3042,-414.73,869,125.5
7.973,-409.11,912,123.29
17.173,-398.73,1147,130.36
24.181,-397.73,1044,124.51
28.106,-406.95,904,115.84
25.31,-405.71,932,116.83
29.722,-399.92,804,107.55
18.473,-414.87,890,120.65
15.941,-408.51,805,111.33
15.538,-403.82,938,124
17.748,-398.7,992,131.44
17.825,-394.79,1265,156.79
29.564,-399.92,1200,133.42
33.996,-405.79,1041,122.68
30.697,-411.39,979,119.5
29.111,-406.75,1119,133.76
18.558,-410.49,1251,156.71
18.061,-410.75,1138,139.03
15.556,-405.26,1223,145.47
33.678,-400.02,1240,139.39
36.581,-402.83,1062,126.69
40.343,-404.84,1045,133.34
41.572,-409.25,1004,120.46
24.462,-412.22,1075,135.37
12.772,-410.42,927,117.32
7.1027,-411.62,1032,133.09
14.914,-407.23,1217,148.82
16.621,-409.45,1289,154.28
18.567,-410.49,1281,156.14
16.407,-412.59,1353,149.34
12.783,-410.22,1295,144.32
14.74,-410.54,1301,165.88
11.931,-417.49,1287,159.75
16.767,-408.39,1198,143.6
15.657,-411.67,1281,160.9
8.1486,-414.38,1271,156.12
12.644,-413.62,1289,154.85
11.041,-410.16,1347,150.77
12.485,-412.64,1319,152.69
13.91,-409.91,1353,171.33
-0.34674,-416.4,1211,149.04
15.176,-406.9,1212,158.28
14.116,-393.44,1338,179.29
4.7434,-373.32,1392,191.79
-1.4766,-352.44,1286,164.85
0.29801,-352.2,1223,151.91
4.8253,-369.01,1359,174.06
4.7549,-389.24,1255,172.27
8.9275,-406.41,1305,168.12
13.108,-407.48,1213,157.35
8.1635,-407.54,1287,167.79
10.161,-413.45,1278,173.56
15.823,-411.57,1158,146.61
24.528,-409.72,1196,147.65
27.426,-401.58,1288,171.66
25.691,-401.68,1268,162.3
30.087,-404.76,1251,158.71
36.777,-406.03,1234,159.61
35.502,-404.99,1212,148.58
28.834,-401,1300,155.69
24.864,-405.48,1306,175.11
38.728,-400.61,1288,152.87
39.153,-409.06,1266,154.24
21.304,-411.83,1264,153.92
17.055,-397.49,1288,174.2
23.962,-394.73,1111,145.15
40.691,-406.02,1162,139.68
33.979,-411.81,1296,154.66
14.282,-408.8,1343,159.15
4.5754,-407.88,1300,181.92
16.483,-405.83,1362,182.42
21.353,-414.78,1336,174.27
19.881,-414,1295,154.17
8.5988,-416.86,1302,168.63
-1.2906,-413.12,1288,154.59
2.9642,-411.72,1311,164.3
2.1201,-409.21,1313,161.25
3.1434,-414.38,1296,150.24
-2.324,-413.94,1250,142.97
5.8413,-412.85,1363,167.2
-6.554,-414.77,1151,140.02
8.2138,-409.05,1193,148.92
18.574,-412.53,1319,173.76
13.067,-411.58,1317,157.5
5.9277,-416.13,1320,162.84
3.7098,-414.11,1317,162.85
7.1031,-412.33,1419,181.24
-7.6024,-415.33,1259,156.11
4.1465,-407.14,1243,160.53
5.3928,-387.42,1339,182.56
1.6844,-356.57,1370,181.73
6.2878,-326.73,1411,182.83
11.634,-302.96,1420,165.49
13.005,-283.63,1384,159.14
16.36,-279.16,1428,170.71
7.2875,-279.67,1333,159.42
12.45,-283.46,1309,154.93
13.076,-300.37,1336,162.7
16.34,-313.31,1303,164.63
9.6239,-301.22,1297,164.29
5.4689,-272.38,1276,168.32
-3.1148,-242,1345,184.88
-22.134,-217.92,1359,181.62
-39.059,-205.13,1268,159.85
-33.233,-202.41,1342,165.78
-22.281,-191.82,1331,195.11
-8.5022,-178.53,1318,194.24
-7.0396,-170.13,1311,175.39
12.04,-164.74,1468,203.47
30.055,-181.65,1393,172.84
32.278,-200.05,1319,166.41
27.858,-205.64,1345,167.68
19.55,-212.52,1302,159.57
5.767,-213.72,1310,162.05
0.26714,-215.07,1398,176.8
24.575,-210.78,1331,164.61
28.102,-226.27,1320,157.91
27.773,-240.03,1066,144.18
25.951,-246.07,941,138.26
26.053,-257.75,984,137.07
20.342,-255.23,1176,154.64
18.834,-253.51,1222,152.3
18.944,-259.19,1124,137.24
22.694,-263.19,1192,142.25
18.638,-257.39,1247,139.39
23.659,-260.41,1247,157.78
29.722,-272.46,1248,155.13
31.383,-289.79,1090,136.17
35.596,-299.75,1047,125.95
38.377,-296.63,1304,163.83
31.513,-298.78,1193,142.45
25.617,-292.54,1263,146.46
23.361,-293.13,1260,154.81
31.798,-287.77,1254,143.16
30.149,-276.54,1285,148.1
20.593,-258.3,1268,166.52
7.2509,-254.59,1341,176.83
-11.289,-237.82,1209,155.62
-31.911,-221.21,1249,161.86
-49.074,-209.57,1151,139.61
-48.034,-203.3,1181,143.79
-29.893,-208.54,1286,174.27
-34.996,-212.56,1213,172.85
-39.462,-203.35,1019,139.64
-38.14,-193.02,1113,152.89
-40.913,-173.55,1153,157.36
-37.219,-152.44,1234,154.94
-34.515,-134.2,1255,167.56
-35.682,-120.23,1222,152.68
-38.907,-104.2,1184,147.27
-45.981,-91.167,1129,144.45
-51.499,-82.159,1256,166.09
-59.917,-65.456,1195,153.48
-66.864,-53.404,1116,136.02
-75.81,-52.338,1146,145.08
-73.187,-60.978,1196,161.54
-54.408,-71.792,1248,177.43
-40.746,-92.65,1291,162.18
-34.836,-116.77,1296,166.94
-28.192,-128.05,1344,196.34
-10.481,-126.26,1374,216.18
8.0794,-131.74,1231,179.79
5.5515,-134.96,1289,163.97
0.54669,-134.75,1320,165.7
19.748,-120.97,1378,164.66
19.84,-98.711,1381,178.28
9.7671,-75.381,1390,179.16
-3.7436,-54.539,1397,180.73
-11.393,-43.931,1332,167.5
-5.4484,-39.363,1370,191.94
3.1298,-24.127,1391,181.27
-1.5877,-0.30474,1399,180.29
-3.0662,18.727,1401,182.94
6.9211,29.92,1382,177.15
16.752,29.349,1269,151.68
21.866,25.136,1269,158.59
26.614,3.5247,1274,161.98
20.534,-17.844,1340,172.91
17.945,-21.221,1391,193.59
30.444,-41.491,1429,206.23
36.036,-68.112,1398,184.58
36.365,-86.713,1321,170.84
37.002,-100.44,1228,153.07
46.818,-108.74,1245,154.63
52.814,-116.97,1369,180.86
63.028,-128,1138,137.57
63.952,-138.91,1134,154.18
62.653,-148.81,1091,154.06
60.078,-154.7,1035,142.39
56.629,-157.52,948,136.95
48.254,-154.32,892,134.14
46.49,-140.84,833,121.61
50.024,-136.96,810,110.59
58.165,-139.26,929,126.08
60.252,-149.96,1071,141.79
64.322,-154.99,1078,130.81
63.389,-158.18,1154,156.84
59.238,-156.01,1190,139.76
65.05,-165.3,1161,129.06
56.905,-167.45,1228,141.32
56.569,-169.11,1279,144.05
51.041,-168.7,1236,146.5
49.516,-175.83,1206,141.31
48.04,-190.78,1147,135.8
53.536,-202.38,1083,150.42
62.067,-210.5,1041,136.74
71.69,-219.35,1063,137.37
70.448,-229.91,874,116.94
73.49,-226.94,529,93.263
71.986,-229.24,561,96.149
69.955,-227.2,785,107.31
67.361,-230.91,853,110.27
68.751,-236.67,942,123.79
68.805,-240.57,865,112.29
66.404,-237.75,971,124.55
63.638,-241.63,945,115.25
67.583,-243.52,1193,133.89
72.386,-242.65,1183,133.96
64.81,-244.61,1267,159.19
63.589,-239.2,1394,174.33
63.214,-236.96,1337,155.85
73.991,-243.37,1258,147.22
68.007,-244.92,1342,164.23
74.095,-242.95,1323,153.23
78.084,-250.38,1251,143.01
72.617,-246.67,1229,149.45
83.858,-235.99,1202,136.91
83.766,-244.38,1222,136.84
77.208,-258.14,1283,145.13
84.728,-261.99,1329,174.39
84.625,-277.56,1237,151.63
87.81,-291.27,1255,146.56
90.097,-305.28,1210,142.49
89.285,-319.21,1224,151.53
90.765,-330.29,1333,161.89
89.656,-347.07,1235,146.98
87.021,-339.83,1191,148
84.377,-321.85,1392,174.46
79.473,-296.19,1365,183.55
70.955,-269.01,1426,189.27
60.825,-242.77,1387,187.76
46.567,-226.3,1432,204.51
21.162,-220.53,1452,211.48
21.542,-226.05,1316,173.55
30.688,-242.9,1271,168.81
33.936,-262.3,1301,155.11
47.209,-282.54,1334,158.31
60.16,-292.37,1330,167.63
56.945,-295.48,1323,174.29
39.182,-303.65,1220,163.32
42.813,-305.3,1197,148.91
43.098,-299.47,1144,149.39
47.728,-293.41,1191,151.48
73.28,-286.21,1287,150.49
88.693,-306.21,1269,146.56
85.822,-331.55,1293,144.11
80.274,-351.46,1234,143.07
71.436,-354.94,1286,178.47
71.105,-372.02,1331,172.69
72.881,-385.91,1288,152.44
78.079,-399.8,1234,149.62
80.194,-413.24,1188,146.56
75.339,-422.18,1204,171.99
75.637,-435.59,1182,161.82
80.58,-439.24,1159,157.99
76.437,-448.78,1169,173.24
76.982,-458.5,835,122.8
74.639,-464.62,498,83.785
75.827,-466.98,435,86.937
75.445,-464.13,550,102.54
73.66,-464.49,531,94.231
73.641,-459.34,599,110.99
77.285,-455.89,576,100.2
76.571,-454.37,853,123.62
70.263,-453.7,1087,153.32
73.87,-458.52,1163,142.62
71.088,-462.82,1145,138.61
68.924,-470.55,1099,137.53
65.354,-480.11,1004,132.13
66.425,-491.11,1149,146.95
69.345,-499.29,1208,160.57
69.029,-516.94,1112,138.9
70.231,-521.93,1255,186.29
71.069,-542.02,1195,160.2
70.641,-558.72,1125,147.3
68.377,-569.09,930,142.55
67.255,-560.75,930,174.56
65.383,-547.65,1180,213.3
63.898,-528.45,1213,230.37
68.814,-536.75,1028,175.54
70.27,-538.74,1021,171.99
70.597,-536.54,1063,158.95
70.445,-535.79,1048,157.93
71.85,-537.51,1055,155.15
71.778,-538.51,1141,162.93
70.942,-539.31,1180,212.31
69.257,-537.5,1163,228.24
69.156,-532.49,1104,238.87
67.679,-526.49,1042,253.03
66.898,-521.36,1004,239.68
68.004,-514.39,1038,199.27
65.94,-508.29,1097,190.3
69.498,-520.59,1164,169.61
72.206,-535.57,1218,167.43
70.587,-550.87,1276,174.97
72.632,-562.39,1159,155.47
71.383,-570.77,971,129.81
72.469,-576.74,725,111.66
67.492,-584.58,344,76.077
68.815,-599.62,1319,172.09
68.98,-616.34,1279,167.6
69.594,-630.83,1240,159.27
71.215,-644.28,1188,155.3
72.274,-656.11,1090,167.21
72.185,-662.32,961,156.03
79.422,-669.87,824,176.01
76.732,-675.53,407,155.25
71.731,-687.4,321,103.92
70.616,-702.55,370,118.78
70.616,-702.55,370,118.78
