0,-0,344,75.019
2.1856,1.6105,292,86.358
2.9876,1.0242,317,72.671
4.3927,0.26522,408,84.216
11.486,-0.067995,328,92.106
13.97,-1.2453,419,102.85
15.762,0.53597,465,88.698
18.303,2.0031,492,89.153
20.589,3.1642,527,98.176
24.643,2.1187,533,98.06
28.21,1.4101,497,105.41
29.235,2.0604,601,119.8
31.428,1.5202,486,139.87
31.505,0.89757,544,140.97
28.784,-0.24654,579,124.51
23.602,-3.0091,711,117.38
21.336,-5.4399,627,129.59
22.677,-7.1159,470,135.86
21.965,-6.8542,615,124.88
23.161,-5.7642,562,136.05
25.446,-1.4325,513,122.65
26.59,-0.43408,630,107.02
28.959,0.98431,591,110.38
33.784,1.2298,587,99.425
37.332,0.31616,599,112.21
40.255,-1.8968,603,120.16
41.953,-0.89777,672,114.01
40.614,-3.0642,730,123.37
37.256,-6.8568,795,135.53
35.219,-9.3045,782,150.39
34.797,-11.318,577,122.27
33.649,-9.6327,539,133.23
32.536,-9.4392,661,160.83
30.59,-13.156,830,135.15
30.604,-14.135,960,130.4
33.428,-14.372,897,138.18
33.779,-17.388,767,144.94
31.536,-21.022,788,136.11
31.656,-23.918,799,128.05
31.397,-22.209,811,143.89
34.047,-23.938,507,140.21
28.785,-28.348,885,141.97
29.986,-28.393,758,125.78
28.085,-28.935,815,127.52
26.033,-30.106,715,147.47
23.24,-26.573,760,148.72
26.489,-26.408,537,165.58
24.629,-27.742,791,164.43
28.675,-30.059,530,157.9
24.771,-33.231,820,148.4
22.803,-35.131,673,183.53
18.651,-36.516,773,145.65
19.419,-34.158,575,195.78
24.091,-35.109,285,158.42
21.41,-30.437,253,179.62
23.937,-29.537,480,196.31
27.117,-29.875,606,146.65
28.225,-27.507,735,157.14
29.027,-31.193,755,141.95
29.397,-34.108,643,147.38
26.629,-34.827,869,128.33
22.43,-37.572,883,118.48
20.319,-39.132,846,123.09
19.142,-40.473,809,130.79
13.628,-43.316,766,116.25
9.9684,-44.747,752,120.75
6.452,-45.307,561,115.97
5.7363,-46.906,643,118.86
4.833,-48.129,644,117.68
5.0777,-48.504,560,131.64
6.1011,-47.177,619,105.94
6.7774,-50.106,699,108.27
8.1188,-51.032,620,106.19
6.6094,-50.281,698,121.72
7.2696,-49.092,669,127.79
8.0127,-48.759,765,133.46
7.8338,-51.028,741,130.04
7.3575,-50.42,592,150.63
6.5111,-46.744,777,123.45
6.8546,-46.435,638,129.5
6.4806,-46.218,718,130.08
6.3772,-46.358,707,126.77
6.7646,-45.318,951,135.37
7.2825,-45.014,1030,138.89
5.928,-47.208,795,145.11
5.9537,-48.848,961,126.8
8.6833,-50.819,933,135.37
6.1057,-49.477,904,132.6
5.3801,-43.964,982,134.14
7.1336,-39.471,1003,142.46
8.0421,-36.222,1114,145.73
9.5602,-39.949,1087,141.57
7.9331,-46.942,982,136.67
6.1824,-53.212,983,124.14
3.6315,-57.705,952,117.65
0.1712,-58.186,873,119.1
-0.35839,-58.968,862,121.6
0.50985,-58.355,859,118.26
-0.56831,-56.326,814,116.08
-2.7589,-53.65,713,109.41
-5.2631,-50.406,698,110.91
-2.2798,-46.992,696,108.36
-0.82687,-50.121,774,106.57
1.557,-53.904,814,114.34
2.833,-56.029,847,119.3
2.7538,-55.583,925,119.05
2.8651,-57.066,866,116.63
3.0499,-53.756,998,125.53
2.4701,-49.669,972,125.92
2.8998,-49.937,955,125.2
3.7836,-53.258,983,126.4
3.37,-54.575,1113,130.85
5.3586,-57.602,1044,119.01
4.972,-58.342,1066,124.36
5.5085,-61.155,1041,124.19
5.6873,-64.018,958,122.95
5.4486,-63.02,979,117.02
6.573,-61.607,1009,138.47
6.6018,-59.871,1106,125.37
7.081,-55.694,1063,130.35
7.5123,-56.227,1041,122.23
9.174,-54.857,1078,135.72
9.9874,-56.778,1053,134.23
8.4171,-61.209,1044,125.55
7.3155,-62.399,980,120.73
8.598,-60.635,959,120.8
11.497,-58.429,957,118.4
14.281,-57.711,889,114.16
12.612,-59.901,846,120.55
11.899,-59.762,832,109.42
9.1572,-58.147,801,104.9
6.9014,-56.659,929,115.35
4.5551,-56.665,990,123.46
5.2286,-56.176,991,129.97
3.4079,-62.127,1008,126.47
0.78677,-62.869,927,117.49
-1.5506,-58.662,936,121.13
0.65423,-53.566,972,123.47
3.7071,-51.392,967,118.13
7.78,-54.008,1067,127.13
7.2447,-56.031,1144,135.24
7.4491,-58.052,1137,136.09
4.2895,-62.627,1135,130.5
2.1095,-63.622,1045,125.4
3.3834,-61.008,1096,122.13
4.478,-59.459,1196,140.39
5.9342,-56.776,1212,138.99
5.0211,-56.234,1230,136.14
5.2413,-61.273,1192,138.56
8.1035,-58.532,1195,142.1
8.171,-59.777,1212,134.85
6.5016,-63.555,1200,129.58
9.1643,-63.311,1144,130.74
6.809,-60.224,1222,131.41
4.6741,-55.963,1225,135.73
6.6462,-54.694,1114,135.28
5.3699,-56.477,1164,142.69
2.6998,-54.988,1173,141.01
3.0891,-57.157,1181,141.3
3.4132,-60.234,1208,150.38
4.3879,-65.122,1218,148.67
5.3269,-67.865,1195,134.75
3.1739,-64.857,1237,143.9
5.3165,-63.527,1275,141.78
7.6717,-61.136,1184,142.41
9.4606,-61.712,1191,135.01
10.017,-62.508,1245,133.14
8.9201,-62.164,1255,149.16
6.423,-63.533,1216,141.09
2.4887,-63.344,1203,139.29
3.5802,-61.921,1115,135.11
2.5253,-58.091,1101,126.09
-0.31777,-54.256,1018,119.44
0.26147,-53.255,993,119.48
-1.5691,-53.668,1000,119.75
-1.6968,-55.095,1040,129.54
-0.5907,-57.466,1079,141.31
2.5473,-62.212,1165,139.38
2.765,-67.451,1182,134.82
2.053,-70.155,1107,127.5
-0.90184,-70.359,1043,127.9
0.92398,-69.207,1082,125.84
2.6982,-68.015,1090,123.77
2.9714,-65.323,1087,127.97
3.385,-65.65,1211,133.29
5.3288,-64.966,1218,132.94
6.998,-63.209,1167,138.24
6.9381,-62.778,1188,134.53
9.4593,-60.294,1157,137.13
8.8418,-64.644,1191,136.81
7.2468,-69.274,1170,127.27
6.0985,-72.644,1164,131.39
5.2585,-70.21,1082,129.61
2.9246,-65.241,1142,136.61
1.8022,-62.914,1212,139.26
0.89104,-57.975,1154,130.01
4.7288,-57.004,1127,126.56
9.0071,-61.231,1224,138.17
12.125,-65.612,1237,143.45
12.478,-68.973,1188,132.58
12.217,-72.97,1112,136
12.003,-74.644,1200,140.69
9.3731,-71.591,1224,140.59
5.2683,-73.631,1131,147.52
1.3974,-73.693,1167,150.7
-0.11856,-71.397,1160,149.19
4.1175,-65.356,1222,150.66
5.5971,-61.011,1277,135.48
10.292,-62.093,1243,135.31
13.137,-66.662,1153,147.06
11.875,-68.546,1167,132.5
11.641,-70.804,1127,133.56
14.665,-72.722,1043,120.92
15.582,-74.342,1005,129.46
15.674,-74.453,1098,140.21
14.982,-69.294,1208,153.98
11.456,-68.15,1213,145.99
8.2845,-68.624,1214,143.88
2.7999,-72.225,1251,137.16
0.1305,-73.801,1255,140.4
-1.5292,-73.851,1186,138.91
-5.0608,-75.518,1150,141.3
-6.5947,-72.628,1096,151.33
-7.1514,-69.257,1197,139.11
-6.3028,-65.172,1140,140.23
-4.9402,-63.935,1005,131.08
-3.5976,-62.791,1004,126.73
-1.9839,-62.113,905,141.08
1.0546,-61.722,965,152.57
6.4047,-60.077,741,178.71
8.0254,-62.692,841,143.45
7.5681,-66.742,842,138.82
10.28,-67.89,885,111.22
12.426,-69.995,918,112.81
11.346,-72.857,946,117.78
11.113,-75.904,961,120.11
10.736,-75.462,985,124.47
8.8909,-71.753,1000,128.25
8.4189,-75.231,1052,132.07
7.0387,-73.047,1038,127.44
5.1661,-72.366,998,122.99
4.9267,-72.489,1035,130.93
4.477,-73.211,1011,132.63
4.066,-72.818,1028,132.98
3.0429,-70.831,997,157.37
3.9381,-71.273,1333,155.21
5.8619,-72.029,1445,153.26
5.8654,-72.937,1505,158.87
3.2834,-75.129,1376,153.78
3.4847,-79.868,1345,150.71
7.2369,-83.222,1317,142.99
5.9472,-81.245,1266,136.88
1.972,-79.686,1161,143.41
0.43596,-81.523,1117,130.69
1.246,-80.201,1184,141.4
1.718,-77.922,1354,159.4
4.6675,-77.702,1399,150.32
5.2031,-82.953,1296,143.94
6.8691,-87.387,1255,140.87
5.5669,-91.543,1171,133.05
3.5758,-93.537,1113,132.46
1.7227,-90.56,1195,140.86
-0.22959,-87.963,1278,150.05
-0.94119,-84.255,1379,163.52
-0.42694,-81.175,1362,162.86
2.3081,-80.395,1369,147.32
6.9196,-74.972,1448,162.35
5.7541,-73.685,1396,155.55
5.5921,-79.376,1373,140.87
3.9894,-81.001,1430,144.59
-0.3662,-79.837,1289,142.5
-0.36052,-76.518,1305,140.28
5.4679,-75.385,1425,144.3
7.3118,-75.878,910,114.99
5.6804,-73.765,646,94.115
-2.8234,-76.169,515,93.908
-5.6271,-79.709,423,97.299
-3.5324,-76.777,446,91.948
-4.3439,-75.21,396,84.397
-5.7342,-70.293,407,80.94
-7.394,-65.995,478,81.015
-8.0998,-66.764,527,86.92
-7.0424,-67.039,466,90.36
-7.5263,-66.225,433,84.736
-10.51,-70.8,527,93.544
-12.617,-71.635,623,95.339
-14.906,-71.618,648,98.06
-15.467,-71.258,640,97.754
-16.982,-73.671,636,98.73
-17.033,-74.959,647,107.22
-16.429,-73.232,649,109.08
-14.747,-71.443,689,105.51
-12.833,-65.924,759,122.4
-13.506,-59.687,841,123.63
-15.19,-56.306,861,121.08
-16.692,-57.01,862,112.95
-17.607,-59.413,876,117.02
-18.354,-61.602,929,121.56
-17.323,-61.306,968,121.44
-17.653,-61.128,921,115.78
-18.541,-61.034,840,108
-19.541,-60.202,808,109.43
-20.285,-59.803,813,113.91
-22.075,-59.766,889,116.02
-24.604,-62.831,906,123.11
-24.054,-64.668,966,135.95
-25.189,-68.6,794,120.28
-23.221,-68.804,734,105.27
-21.208,-68.477,854,116.31
-12.197,-73.361,944,117.16
-4.4432,-78.908,1002,134.56
3.6379,-87.943,1121,144.51
9.9402,-92.692,1162,130.53
13.515,-91.038,1316,148.71
18.766,-90.502,1326,152.39
25.036,-83.774,1327,151.53
29.047,-75.621,1362,147.51
32.58,-67.809,1459,152.99
35.372,-60.39,1541,165.43
39.451,-51.736,1557,173.33
43.479,-43.655,1548,177.97
48.261,-36.355,1492,170.27
52.722,-31.409,1464,173.73
56.197,-26.126,1493,174.14
58.813,-22.116,1579,168.27
60.197,-16.587,1670,178.13
60.177,-12.199,1686,183.09
60.177,-9.0861,1672,188.48
57.705,-5.8457,1655,191.69
52.677,0.63938,1563,172.67
49.366,5.9209,1578,173.79
47.142,6.743,1591,194.37
48.571,8.1935,1586,201.49
52.409,9.3955,1526,193.38
58.52,11.486,1436,176.65
62.229,8.9078,1471,165.72
62.012,3.9228,1518,176.11
61.98,-3.9307,1457,182.71
62.995,-11.645,1443,147.55
64.057,-15.928,1525,165.11
64.796,-17.401,1411,167.21
62.337,-22.661,1284,160.18
57.554,-29.477,1284,170.03
51.227,-34.712,1328,171.43
44.568,-39.75,1341,174.67
38.52,-41.27,1395,183.71
30.003,-41.338,1364,183.92
19.293,-40.288,1264,154.17
11.92,-41.002,1162,134.45
7.3543,-43.168,1146,136.47
0.067287,-43.103,1111,134.12
-5.1209,-43.962,1239,151.29
-11.488,-46.668,1376,153.29
-15.04,-49.76,1527,172.15
-18.344,-56.611,1519,165.94
-20.58,-59.519,1405,154.05
-16.665,-57.573,1361,147.6
-8.4412,-56.189,1504,177.06
0.082868,-54.693,1563,198.91
5.0018,-52.827,1511,186.02
6.0249,-53.038,1509,178.6
9.2326,-50.423,1512,188.65
13.084,-49.418,1534,179.23
14.029,-50.792,1594,177.96
12.796,-54.421,1679,185.67
14.826,-55.6,1704,179.05
17.258,-56.853,1770,181.56
19.578,-58.212,1534,171.04
20.4,-58.614,1526,173.86
18.858,-63.708,1535,171.93
17.5,-69.981,1512,178.69
16.388,-78.06,1565,190.45
14.349,-85.159,1560,186.92
12.059,-90.299,1594,194.18
10.762,-97.075,1581,183.38
11.714,-102.86,1602,171.96
11.568,-108.22,1486,154.94
9.2423,-112.38,1390,146.17
7.3023,-116.34,1360,149.91
6.6459,-119.86,1368,150.21
5.7897,-124.8,1333,159.38
6.8815,-128.34,1324,150.76
10.014,-130.89,1320,164.31
11.259,-128.75,1478,190.05
12.611,-130.37,1388,180.34
12.267,-127.29,1449,186.94
12.263,-130.45,1378,178.76
13.596,-130.71,1367,179.49
12.196,-128.61,1438,195.28
9.17,-123.24,1506,196.01
5.7537,-118.7,1343,173.59
5.0503,-114.4,1191,142.79
5.9534,-113.61,1167,130.09
3.8567,-114.51,1173,137.88
5.4456,-116.5,1102,129.16
9.7461,-120.93,1067,127
13.261,-121.51,1147,132.27
14.183,-119.67,1284,144.99
13.489,-126.2,1343,150.1
11.753,-132.2,1292,149.3
13.637,-136.75,1165,141.06
15.138,-142.03,1168,146.66
16.741,-142.06,1170,149.29
17.922,-140.33,1169,147.41
18.439,-136.75,1215,149.91
15.251,-136.4,1205,137.4
13.225,-142.68,1090,129.53
13.061,-145.04,1039,121.63
12.256,-149.38,1040,124.38
12.477,-152.46,1134,141.49
9.1688,-150.89,1286,151.9
5.401,-148.86,1287,153.23
3.0413,-142.4,1218,138.92
5.5,-142.67,1295,138.77
10.826,-141.53,1253,144.7
14.525,-145.34,1231,142.45
14.451,-149.36,1220,138.67
16.383,-147.1,1101,126.04
16.468,-149.34,1121,128.49
15.109,-151.16,1222,134.99
13.106,-154.65,1310,149.15
10.057,-158.69,1325,153.13
8.861,-162.3,1292,138.92
11.128,-162.35,1218,138.45
9.8256,-165.5,1241,146.79
11.582,-165.87,1254,144.22
10.855,-162.36,1347,161.47
9.7649,-157.7,1402,163.04
12.057,-155.7,1359,165.29
14.47,-161.75,1330,147.04
11.809,-167.49,1277,143.22
10.892,-172.82,1254,137.57
13.181,-174.04,1157,127.99
15.741,-174.08,1151,132.46
17.03,-172.14,1273,153.42
19.101,-169.76,1257,151.49
19.916,-167.25,1235,161.44
16.333,-166.93,1303,160.78
13.939,-173.67,1293,150.56
11.57,-178.19,1251,143.94
9.221,-179.36,1261,143.68
13.171,-179.5,1351,145.87
17.572,-181.53,1269,139.32
18.334,-184.66,1196,142.36
19.225,-185.61,1236,132.43
19.741,-187.71,1265,139.2
19.81,-187.66,1184,132.84
20.174,-189.2,1185,133.74
15.395,-188.61,1148,132.94
13.887,-187.21,1153,134.63
14.798,-181.56,1175,135.39
17.115,-180.44,1197,138.55
19.751,-181.4,1135,128.77
23.294,-184.21,1210,135.5
25.205,-187.24,1219,134.42
26.933,-192.13,1222,136.88
27.84,-195.37,1104,130.6
27.439,-196.19,980,124.36
26.48,-197.41,889,117.54
25.785,-197.88,873,113.49
25.876,-197.73,881,111.72
26.554,-195.32,974,116.96
27.1,-193.02,1122,130.22
26.005,-189.64,1254,138.21
26.568,-194.3,1181,127.63
28.378,-198.73,1108,126.69
29.865,-202.78,985,121.87
29.041,-206.08,889,118.87
24.923,-207.27,915,129.87
21.492,-206.75,994,142.56
18.447,-206.28,1028,149.11
16.635,-205.43,1021,145.95
16.107,-202.99,1009,148.19
17.107,-202.76,932,131.98
16.339,-200.68,923,127.84
15.569,-199.32,835,128.64
18.949,-199.12,927,123.52
21.822,-195.3,910,118.17
20.87,-194.91,833,108.89
22.535,-199.66,841,111.47
24.432,-201.98,1022,125.81
21.738,-204.01,1085,140.82
20.557,-205.7,1006,145.67
20.149,-207.23,931,135.82
18.87,-202.96,1025,135.25
16.829,-199.52,1114,151.18
14.771,-196.58,1072,141.15
14.604,-194.93,999,130.23
15.443,-198.91,1096,132.89
19.656,-205.47,1163,140.83
22.539,-208.85,1192,137.57
21.578,-211.2,1211,145.54
19.896,-209.29,1279,166.76
19.355,-203.91,1323,157.25
20.597,-203.06,1335,162.37
22.195,-200.48,1315,151.94
24.846,-200.68,1260,135.25
28.344,-208.83,1183,133.61
27.366,-216.47,1153,137.18
24.828,-219.11,1194,138.06
24.616,-221.81,1144,131.15
23.901,-224.65,1043,130.35
23.645,-225.44,1048,134.31
20.035,-225.34,1070,134.6
24.812,-224.2,1145,136.14
19.469,-225.91,1047,130.17
24.851,-227.98,1028,125.43
25.662,-231.31,958,120.36
19.884,-231.59,938,120.17
14.74,-225.02,1092,138.26
11.533,-217.41,1100,130.07
14.854,-212.19,1041,128.38
15.814,-207.85,1057,120.69
21.522,-203.05,1064,125.19
20.72,-204.73,1138,134.94
14.046,-207.79,1183,153.82
15.859,-210.99,1236,149.58
18.597,-214.25,1314,150.71
21.611,-219.35,1384,165.05
24.637,-228.85,1365,159.7
25.408,-238.59,1298,153.6
24.748,-246.77,1278,164.33
22.632,-254.06,1325,156.73
21.931,-260.02,1285,170.61
22.525,-264.01,1285,148.1
22.72,-264.61,1243,148.18
23.017,-265.76,1170,139.85
23.142,-269.49,1195,140.13
24.139,-271.35,1238,134.95
25.24,-275.86,1242,140.33
26.241,-280.17,1132,136.81
28.158,-286.64,1006,124.06
29.245,-289.82,1042,137.5
31.466,-295.68,1056,135.06
31.831,-301.49,1108,146.96
32.167,-310.6,1067,142.13
33.945,-315.38,1044,146.95
34.248,-320.56,1025,143.83
34.291,-321.15,1004,139.68
33.927,-322.4,993,142.85
32.102,-321.65,1029,159.57
31.994,-322.69,1036,145.26
30.17,-319.5,945,175.68
31.28,-322.87,986,155.62
31.174,-321.97,840,179.37
31.181,-325.26,977,144.86
30.172,-321.12,722,213.43
32.731,-318.93,526,134.07
30.642,-329.1,699,200.83
30.842,-334.5,626,195.19
30.512,-336.22,420,127.46
27.443,-346.28,631,166.6
28.998,-342.95,602,207.54
35.93,-340.41,611,140.6
44.552,-348.64,466,144.24
44.121,-354.15,496,128.64
42.909,-358.48,432,136.25
43.984,-361.8,513,111.91
43.123,-359.92,511,119.62
41.327,-360.97,502,119.72
41.5,-363.37,458,107.84
40.144,-363.2,471,104.34
41.441,-366.07,473,113.06
40.921,-367.62,448,107.09
40.27,-365.97,487,103.3
40.224,-366.47,455,109.43
40.969,-363.67,540,115.68
40.995,-371.79,386,144.21
38.927,-375.69,548,115.62
39.091,-379.32,815,125.14
38.214,-384.28,770,118.5
37.226,-387.32,820,133.94
38.497,-388.89,831,155.41
41.222,-388.7,704,186.13
44.408,-394.12,730,185.26
47.615,-395.22,576,202.74
48.487,-397.55,564,174.99
46.797,-392.67,439,170.13
53.411,-405.94,381,172.34
54.767,-414.86,275,142.41
58.613,-423.79,297,162.4
66.854,-427.34,260,149.18
74.556,-432.18,281,159.39
81.839,-433.27,172,141.69
87.517,-439.43,199,116.42
95.602,-444.38,148,89.666
93.97,-456.45,224,141.12
93.719,-458.91,319,151.63
92.69,-464.17,280,115.15
90.504,-474.48,425,114.28
92.683,-473.89,355,95.935
94.092,-473.93,375,91.328
94.281,-476.35,367,86.639
94.396,-475.9,372,78.774
94.324,-477.59,390,92.354
92.729,-478.23,360,86.987
92.644,-480.48,348,127.15
93.829,-482.37,399,92.461
94.649,-481.19,340,95.174
94.074,-482.34,350,79.568
93.804,-482.19,367,80.461
93.514,-482.11,350,90.567
93.487,-482.07,393,80.461
93.539,-481.39,353,82.901
92.498,-482.59,347,87.88
88.559,-481.95,220,75.409
90.565,-483.54,339,109.88
88.752,-486.41,268,93.537
90.082,-488.62,255,86.656
91.31,-491.07,188,104.5
90.286,-491.28,242,102.49
89.651,-495.48,171,82.182
89.188,-494.39,233,101.86
86.303,-493.51,185,89.592
87.081,-496.62,223,94.347
86.623,-493.52,132,73.399
89.394,-493.17,156,104.97
87.557,-501.11,177,109.32
88.256,-507.63,238,94.637
83.214,-512.8,100,101.95
83.642,-515.52,126,109.09
81.734,-516.34,320,104.58
83.764,-516.21,260,104.87
83.457,-515.32,285,84.605
83.592,-518.42,346,83.836
84.254,-518.2,345,97.25
86.461,-514.62,342,111.88
87.481,-509.14,353,97.068
82.739,-506.69,441,104.01
83.267,-505.15,485,100.99
85.793,-508.38,413,107.79
83.788,-509.56,305,105.32
85.662,-511.53,230,117.63
83.822,-511.61,244,114.1
84.872,-509.52,288,93.901
82.548,-514.46,355,95.364
78.753,-518.31,333,85.854
77.173,-520.14,346,91.941
76.723,-520.94,348,80.271
80.413,-522.97,346,101.77
82.163,-525.19,329,90.146
84.267,-521.85,363,85.77
86.131,-517.07,384,82.901
85.966,-511.76,424,99.234
82.554,-506.16,444,108.08
85.279,-506.3,488,110.06
84.522,-510.68,425,93.685
87.177,-513.01,410,108.04
85.913,-510.66,336,130.92
85.238,-512.29,445,111.81
86.739,-516.92,383,117.21
86.004,-521.05,222,121.72
84.753,-517.71,114,76.938
88.756,-524.09,858,137.26
93.414,-526.32,879,138.57
96.63,-528.27,982,151.65
98.457,-533.79,941,151.13
99.561,-535.76,1015,170.75
100.52,-535.09,1147,176.69
105.46,-542.76,1105,179.9
110.79,-550.71,1086,170.08
114.78,-556.26,1087,173.34
122.06,-560.49,1063,187.4
127.5,-562.6,1063,176.49
132.75,-565.43,1054,203.95
138.89,-564.24,1009,191.19
145.84,-568.85,984,174.32
151.44,-574,1011,208.28
153.78,-584,1000,191.09
152.55,-593.89,969,214.38
147.87,-603.73,922,187.6
142.62,-613.03,795,211.85
139.25,-620.28,815,219.32
138.85,-624.87,810,207.92
140.61,-624.95,782,205.58
140.06,-626.06,690,195.76
140.53,-625.48,729,182.61
140.99,-625.72,796,140.22
143.64,-623.02,789,144.69
149.36,-618.91,814,154.94
153.92,-616.94,887,153.83
157.86,-624.38,959,175.26
163.46,-632.05,943,170.38
167.67,-640.66,914,151.06
173.92,-646.16,891,153.07
179.34,-651.44,803,161.03
182.28,-656.34,809,153.23
186.12,-657.69,765,148.11
191.06,-656.69,778,190.31
200.48,-661.52,624,254.64
208.59,-670.47,634,197.78
213.52,-682.94,443,207.38
217.2,-694.9,336,245.02
219.58,-706.93,856,142.8
222.35,-714.95,814,122.64
226.19,-720.38,695,117.84
230.21,-724.98,580,98.383
231.91,-727.69,445,89.038
232.76,-731.79,395,96.687
231.09,-732.64,482,102.77
228.48,-731,469,101.08
223.01,-730.63,492,89.211
220.47,-733.24,450,87.028
221.23,-732.14,487,99.326
222.51,-733.95,463,105.11
225.41,-732.75,512,139.01
223.11,-735.75,453,158.35
225.76,-735.1,423,100.7
222.16,-736.88,417,135.9
220.25,-736.33,365,122.16
221.67,-732.83,384,145.87
221.42,-732.56,504,153.12
221.16,-730.16,326,111.93
221.41,-738.1,894,156.93
222.39,-744.97,679,170.77
222.95,-749.79,294,94.504
217.47,-765.14,678,164.83
221.27,-769.64,513,143.72
222.53,-773.31,339,116.1
218.54,-772.67,269,86.681
222.2,-774.65,291,81.892
221.38,-776.2,220,74.159
221.38,-776.2,220,74.159
