0,-0,121,41.574
-0.28826,-0.51055,125,39.912
-0.45724,-0.74026,147,42.98
-0.59981,-0.37708,142,47.041
-0.39237,-0.35521,151,45.445
-0.34826,-0.21455,150,46.371
-0.043979,-0.61169,140,46.371
-0.49356,-1.0943,136,43.741
-0.8814,-1.1859,134,43.096
-1.2362,-1.4251,136,47.976
-1.3145,-1.1295,160,44.858
-1.0675,-1.2101,135,44.32
-0.96191,-0.7658,151,44.204
-0.61216,-0.62987,154,45.809
0.1573,-0.98435,151,49.274
0.56812,-0.5101,144,50.49
0.44696,-0.15604,134,45.073
0.68892,-0.28553,142,44.61
0.86295,0.05303,132,42.517
0.58614,-0.1049,143,42.418
0.16706,-0.27922,154,45.635
0.19784,0.13324,131,47.62
-0.086279,-0.21341,141,44.767
-0.11565,-0.87065,149,46.28
-0.45698,-1.0956,156,44.891
-0.92255,-0.2974,140,45.834
-0.95457,0.028676,149,45.263
-0.71249,0.32714,142,41.574
-0.34388,0.072852,146,44.113
-0.11565,0.41123,149,41.938
0.0040812,0.01459,162,49.663
-0.28852,-0.085119,157,51.044
-0.0082645,-0.98052,154,52.293
-0.75994,-1.8438,149,50.796
-1.3109,-1.4743,152,49.828
-1.022,-0.52304,146,59.124
-0.50069,-0.022727,132,60.224
-0.37669,-0.29665,133,58.851
0.37368,-0.17677,144,59.017
1.27,-0.40237,115,51.904
1.153,-0.0093842,155,50.498
1.9391,0.65824,133,55.014
1.0563,1.1713,155,55.187
-0.16164,1.4228,163,54.418
0.43974,0.025455,125,63.888
0.8566,-0.75184,148,75.326
0.55461,-1.3767,167,60.232
0.31555,-2.1784,105,74.656
1.0182,0.26069,151,90.03
0.11563,0.47466,113,62.234
-0.70057,0.8446,117,73.655
-1.4581,-0.81701,309,65.268
-0.97894,-1.2317,341,70.222
-1.7066,-1.2447,305,62.01
-0.69576,-1.6233,320,65.194
0.092082,-1.4442,289,60.414
0.63131,-0.70896,283,61.638
-0.077105,0.15777,276,60.232
-0.26012,-0.68047,270,56.841
-0.085188,-0.7007,260,58.098
1.9917,0.14628,243,60.985
2.0218,-0.22708,233,59.289
0.42296,-1.1237,269,62.44
-0.20218,-2.3367,263,60.207
0.098759,-1.6184,299,66.575
0.54766,-2.4151,304,66.873
-1.3142,-2.948,304,61.348
-1.5211,-2.5315,312,64.268
-1.033,-2.405,323,66.608
-1.1349,-2.9645,300,69.412
-0.57766,-1.8389,281,60.877
-0.027808,-2.3601,307,64.789
-0.49301,-2.6952,295,63.3
-0.45345,-2.3416,301,64.607
0.65371,-2.2503,284,63.97
0.26081,-1.9606,249,56.75
0.82377,-2.1655,256,57.602
0.082976,-3.1735,274,61.936
-0.62682,-3.2759,291,64.127
-0.48493,-1.9379,300,61.497
0.24726,-3.1706,317,66.765
0.44309,-3.4032,370,73.977
-0.38815,-4.1082,358,71.19
-1.4152,-4.8034,344,66.691
-1.0083,-5.1489,337,67.609
-1.2991,-5.8937,337,69.966
-2.0951,-7.3288,334,66.856
-2.4743,-7.4947,324,66.161
-2.0734,-6.3373,307,64.83
-1.0335,-4.9403,317,66.41
-0.62168,-4.2852,313,65.186
-0.38557,-3.0006,326,68.271
-2.2654,-3.0317,350,79.055
-2.0677,-3.4302,370,76.309
-1.3866,-3.0246,407,87.209
-1.4016,-2.7034,422,83.81
-2.8258,-4.376,433,82.958
-4.2173,-5.7158,421,79.8
-3.75,-5.9737,391,76.243
-3.1384,-7.503,392,76.855
-3.4714,-8.1203,380,74.837
-3.3441,-7.1843,396,75.499
-2.3229,-6.2572,375,70.404
-2.381,-7.6525,389,79.419
-1.8945,-8.9996,422,85.199
-2.8193,-8.6107,397,76.929
-2.8602,-6.5662,412,75.937
-2.379,-4.8765,410,76.624
-1.7904,-4.712,404,76.193
-0.77688,-4.2338,376,72.62
-1.0008,-4.387,400,84.389
-0.20826,-2.8122,425,84.381
0.40619,-3.7292,415,79.419
0.83247,-5.3684,383,74.713
-0.01788,-6.9185,416,83.306
-1.4479,-9.0125,414,79.584
-1.6323,-10.439,391,77.988
-2.9985,-9.0673,408,77.417
-3.886,-8.339,450,86.25
-4.4205,-8.9611,456,83.347
-4.0456,-8.3861,482,84.132
-4.2007,-9.3081,478,82.404
-4.2083,-9.9865,485,85.679
-4.4244,-10.328,483,80.485
-4.4752,-9.938,484,82.388
-4.9148,-10.137,492,82.702
-5.4717,-10.004,479,82.76
-5.3141,-10.305,448,80.138
-4.3567,-10.052,465,80.014
-3.194,-11.228,463,82.239
-3.055,-11.183,449,80.882
-2.394,-11.114,464,81.337
-1.4013,-10.54,458,83.752
-1.2028,-10.313,473,87.929
-1.0405,-8.6276,497,86.663
-0.94186,-7.2338,512,84.554
-1.4878,-7.2869,513,87.217
-1.3705,-6.5715,530,90.327
-1.0201,-8.2411,506,88.789
-1.5528,-9.7137,494,89.658
-2.652,-10.24,508,87.59
-3.1992,-10.241,529,91.766
-3.4331,-9.298,492,85.704
-3.2355,-7.1426,484,81.759
-0.99569,-6.442,477,82.032
0.20746,-7.5231,496,97.927
-0.97297,-10.598,510,99.276
-2.8707,-9.908,516,87.358
-3.7654,-9.798,527,93.445
-4.2286,-10.037,522,91.071
-3.337,-10.958,505,86.771
-2.745,-11.323,509,85.679
-3.2294,-11.838,493,82.867
-3.7104,-12.65,517,86.349
-3.355,-12.52,522,87.119
-3.9773,-13.119,516,88.061
-4.0063,-13.126,520,84.935
-4.8632,-11.948,517,88.491
-5.2075,-13.269,517,83.388
-5.2392,-14.374,485,84.075
-3.9412,-12.883,492,83.206
-3.7277,-11.271,474,77.806
-2.9471,-8.8069,474,86.043
-1.94,-6.9833,469,86.25
-1.3713,-5.55,482,92.758
-1.0399,-4.2031,505,99.441
-0.2365,-5.6673,517,94.768
0.68102,-8.7778,560,100.78
-0.14121,-11.218,519,98.68
-0.9166,-11.769,480,93.495
-0.65567,-10.827,502,99.722
-1.2508,-9.9635,503,93.982
-0.99255,-9.2188,509,86.696
-0.74731,-9.0907,525,92.618
-1.1959,-9.3926,533,89.5
-1.2948,-9.2852,555,99.441
-2.0009,-9.4009,541,99.111
-2.1844,-9.772,545,94.95
-2.7771,-10.807,519,90.054
-2.6408,-12.445,528,90.567
-3.5507,-13.327,518,89.781
-4.4244,-13.841,507,86.614
-4.6079,-12.459,487,87.168
-2.9184,-11.675,512,87.168
-3.3047,-11.919,506,86.589
-3.4302,-13.636,519,90.633
-3.3856,-12.826,538,88.979
-3.2068,-12.979,534,89.343
-2.7569,-13.293,533,89.326
-2.754,-13.803,523,85.051
-2.7403,-14.253,515,86.25
-3.2937,-15.303,515,86.92
-3.1759,-16.047,513,89.352
-2.9205,-14.211,513,86.631
-4.7124,-13.384,507,88.533
-4.1878,-15.626,507,89.55
-3.7373,-15.923,502,81.734
-4.0102,-15.07,525,83.736
-3.6179,-12.65,497,80.808
-2.1232,-11.625,470,79.865
-1.6361,-12.421,481,84.769
-1.9609,-12.989,507,92.659
-2.4267,-11.775,521,88.714
-2.1133,-12.306,533,91.08
-1.9434,-13.884,524,91.146
-2.8438,-14.185,523,89.02
-3.4171,-14.272,543,89.26
-3.041,-13.289,519,88.284
-1.8704,-13.649,515,89.161
-1.4182,-15.761,505,82.958
-3.7353,-17.082,480,80.643
-4.6353,-17.09,496,82.189
-3.8927,-16.185,519,87.341
-3.6807,-15.603,519,84.538
-3.3602,-15.937,520,89.74
-3.8041,-16.048,529,87.085
-3.4455,-16.424,526,84.629
-3.3571,-16.249,516,91.047
-3.9896,-16.638,535,84.935
-3.9437,-16.612,527,91.212
-3.2828,-16.874,539,88.946
-3.8509,-16.99,521,85.009
-3.8657,-16.762,533,85.142
-3.511,-16.677,543,90.757
-4.0121,-15.836,522,92.163
-3.598,-14.702,546,89.202
-5.126,-16.487,518,85.869
-6.3481,-18.011,512,84.224
-5.6588,-18.224,495,80.328
-4.9477,-19.079,495,79.692
-3.956,-19.7,497,77.855
-3.9444,-19.596,501,80.775
-3.0463,-18.873,500,78.947
-1.8689,-18.657,495,80.32
-1.8835,-19.241,473,77.624
-1.8507,-17.019,514,87.416
-1.9626,-18.129,504,82.197
-2.4523,-19.459,500,85.208
-3.6696,-19.583,499,83.231
-4.356,-19.124,509,84.315
-4.5063,-19.555,498,84.174
-4.6616,-19.35,499,83.049
-3.6783,-19.601,500,81.106
-1.7385,-21.077,519,85.332
-2.2541,-23.469,480,77.905
-3.5072,-22.885,481,80.85
-3.8996,-19.486,506,82.032
-2.8433,-18.791,497,81.222
-1.126,-19.802,501,83.132
-1.8682,-22.316,514,85.952
-3.8214,-22.815,519,84.546
-3.9027,-21.643,521,85.605
-4.1067,-21.163,528,83.595
-2.9235,-21.097,531,83.984
-3.2109,-21.087,538,86.068
-3.7055,-21.516,535,83.926
-4.0585,-21.949,538,85.233
-3.4818,-22.005,530,88.326
-3.9762,-20.287,530,86.572
-4.821,-21.481,534,83.992
-3.4018,-21.289,526,88.715
-4.6421,-20.252,538,92.279
-4.2288,-22.247,526,84.935
-3.7328,-20.953,530,85.663
-3.5726,-20.337,521,85.696
-2.8579,-19.213,572,91.46
-3.5253,-19.637,588,114.16
-2.975,-20.491,571,101.55
-2.3464,-20.223,553,92.42
-4.1936,-19.827,545,97.878
-4.3142,-22.256,523,88.872
-3.5887,-24.897,491,78.104
-2.7087,-24.73,494,81.52
-1.2746,-25.324,458,76.458
-1.5678,-23.708,395,74.465
-2.6138,-21.863,360,69.197
-2.9676,-19.59,295,65.078
-4.1455,-19.251,255,61.845
-6.8531,-20.028,232,58.181
-8.2595,-22.139,203,52.094
-10.587,-21.724,171,55.518
-12.459,-20.935,131,51.805
-11.544,-22.469,138,52.913
-11.882,-21.133,174,47.959
-9.8936,-19.238,157,49.894
-7.5987,-14.955,188,57.23
-7.2112,-12.563,138,48.794
-7.634,-15.277,163,48.232
-6.2281,-13.511,141,47.099
-5.0461,-14.144,132,43.824
-2.9243,-10.21,131,46.743
-1.8844,-7.8528,113,40.64
-1.3654,-7.2313,112,46.255
-2.6006,-4.3007,130,53.012
-1.3987,-2.523,146,55.146
-1.9194,-2.7953,135,51.325
0.0068871,-6.6288,132,45.883
4.6065,-6.2578,122,41.02
5.2994,-4.3456,156,50.084
3.8883,-0.70167,174,55.617
5.2839,2.1039,154,51.697
3.8444,2.5455,129,43.46
8.2774,4.9661,126,40.557
7.0933,6.233,128,40.276
5.6281,7.8909,165,47.868
4.2215,8.1873,148,46.156
2.5617,8.5205,200,58.098
0.43943,7.4492,239,64.441
0.30705,6.5905,222,59.926
-0.031078,5.4428,263,66.939
1.8412,4.6888,279,67.129
4.0587,4.5998,239,57.693
5.2438,3.0917,238,61.009
4.0091,3.4069,231,63.027
3.0408,4.2247,265,67.617
2.6116,5.7479,242,66.418
2.6249,5.8543,259,64.706
2.4449,6.7955,256,64.226
2.913,5.0077,305,69.759
3.4716,3.8299,348,71.818
3.1381,4.8106,362,83.148
0.72758,4.0899,371,74.506
-1.0646,3.1539,355,78.592
-2.5256,3.846,346,73.572
-3.118,3.9154,392,91.212
-3.6461,6.4567,428,93.222
-2.8226,8.8895,404,86.829
-3.9766,9.044,347,74.349
-2.5673,8.2573,347,76.88
-2.955,6.6489,319,81.867
-1.1041,5.2963,313,70.578
1.4821,4.5044,365,73.233
3.0626,3.9227,395,72.563
1.31,4.7815,377,71.066
-0.83594,3.5585,383,74.465
-2.117,2.7736,377,74.266
-2.5011,0.062121,420,82.628
-2.062,-1.9691,447,81.296
-2.9391,-2.623,463,84.125
-4.0039,-3.204,459,88.491
-3.6343,-3.055,468,86.903
-3.3807,-1.9015,443,81.9
-3.6805,-1.5923,421,75.97
-3.5444,-1.4149,429,74.647
-2.9396,-1.3418,408,73.795
-2.8717,-1.7667,410,73.622
-3.7025,-2.9683,399,72.877
-4.2984,-4.3201,424,78.244
-4.3463,-4.2751,429,76.235
-4.0083,-4.8699,455,85.233
-3.5797,-6.5825,469,87.333
-3.5248,-8.7169,484,91.692
-3.856,-10.66,486,93.329
-3.847,-12.332,490,96.315
-3.3838,-12.646,506,94.198
-4.1135,-12.341,513,95.612
-4.5297,-12.314,512,87.201
-5.6604,-12.647,526,97.498
-5.6377,-12.404,537,103.15
-5.339,-13.286,523,102.33
-5.4657,-14.383,529,96.596
-6.5371,-15.675,503,91.476
-6.6829,-17.844,501,92.229
-4.5757,-19.728,504,96.117
-3.3648,-20.325,502,93.933
-4.036,-22.124,469,89.178
-3.6728,-24.751,465,87.656
-4.3628,-25.781,502,95.546
-5.0457,-26.477,481,81.52
-6.0723,-25.252,484,93.867
-7.7607,-24.345,513,94.338
-6.4982,-22.714,498,95.206
-5.6995,-21.682,502,94.992
-4.9167,-22.023,524,94.975
-3.8504,-23.688,532,99.442
-3.7788,-23.21,549,99.242
-1.7012,-21.276,521,88.739
-0.48892,-19.994,491,84.869
0.16919,-18.776,479,88.326
-0.75665,-18.56,465,81.321
-0.45973,-20.838,443,78.972
0.80638,-22.37,437,79.212
2.1999,-22.651,442,76.987
2.7651,-22.168,481,87.565
2.3306,-23.5,481,83.992
0.50285,-24.243,450,78.286
-0.2923,-24.818,426,75.937
-1.5476,-26.791,419,74.787
-2.8811,-27.19,401,72.563
-3.2034,-26.63,415,72.951
-3.0479,-25.199,454,79.32
-1.9435,-24.642,479,83.645
0.087805,-25.197,458,78.89
3.0122,-26.801,439,77.583
3.3326,-28.918,399,73.514
1.8126,-29.694,413,76.028
1.3857,-28.911,434,76.524
0.67952,-28.753,442,75.962
0.060258,-28.281,467,79.907
-0.045687,-27.75,481,87.201
-1.6934,-26.696,505,93.701
-2.9656,-27.974,516,87.052
-1.1949,-28.992,493,86.531
-0.8312,-28.362,497,82.727
-3.0976,-27.692,526,94.975
-3.4841,-28.109,538,96.075
-2.2632,-27.375,506,88.26
-3.8001,-27.721,514,88.739
-3.4008,-28.75,484,79.394
-4.5911,-28.258,489,80.932
-4.8139,-28.661,494,93.726
-4.4386,-26.424,488,95.62
-5.4008,-26.488,535,93.735
-5.1498,-26.643,530,90.997
-3.3854,-27.851,517,91.791
-2.8605,-28.481,521,83.033
-2.2954,-28.796,519,88.905
-3.8842,-27.311,524,92.519
-4.4259,-27.25,498,88.698
-3.4903,-27.427,473,83.356
-3.1653,-27.081,484,82.322
-1.9177,-28.267,475,78.178
-0.66352,-29.655,438,80.941
-2.0587,-30.61,476,81.908
-2.7347,-29.578,446,77.632
-1.9365,-30.239,418,73.125
-0.94176,-30.45,421,72.943
-0.68808,-31.902,431,72.844
-0.61258,-30.62,417,72.282
0.72362,-29.375,414,76.102
1.2322,-29.557,470,87.094
1.1813,-29.619,517,94.553
-0.5009,-29.082,475,88.764
-0.79457,-28.93,482,82.992
-0.40867,-27.983,492,89.409
1.1362,-29.144,519,96.191
2.5274,-31.016,504,89.161
1.7235,-33.89,466,82.305
0.16555,-33.597,420,77.641
-0.11818,-31.972,373,77.525
0.11967,-31.152,383,71.628
0.4668,-31.533,381,74.349
2.7901,-32.013,367,68.097
4.0373,-32.79,373,70.52
5.9429,-33.365,389,73.886
8.3491,-35.042,361,72.29
6.7023,-35.244,342,74.184
5.3701,-34.61,296,63.044
4.6635,-34.13,262,59.562
5.4856,-33.357,245,57.048
5.0071,-34.847,260,57.66
3.0524,-33.355,280,62.837
4.6428,-31.443,341,66.178
7.3526,-32.802,388,73.241
6.8116,-34.436,372,69.842
6.3477,-35.128,368,69.04
5.787,-37.895,381,73.886
3.8485,-39.001,377,70.818
3.2066,-39.056,391,70.429
1.3876,-38.235,432,74.846
1.3059,-36.493,417,74.093
1.4929,-35.342,417,76.996
2.3014,-33.952,436,74.655
2.029,-34.842,483,83.984
0.35285,-35.982,504,88.36
1.0018,-36.273,495,88.053
-0.62397,-35.583,484,82.413
-1.391,-35.381,520,88.053
-0.5557,-36.043,506,83.306
-0.28796,-35.129,522,87.474
-1.0291,-35.288,528,85.812
-0.94741,-37.59,493,81.421
-1.2196,-36.664,492,82.057
-1.7808,-36.889,488,81.999
-1.1712,-36.53,491,80.668
-3.5199,-35.252,514,91.535
-3.9507,-35.649,469,80.271
-2.7089,-34.251,491,82.529
-1.2075,-34.323,517,84.977
-1.8221,-34.274,521,90.153
-4.6472,-35.855,504,86.316
-1.7009,-37.654,462,82.172
0.78992,-37.831,441,75.474
0.03914,-37.238,443,75.391
-0.27829,-35.869,437,76.649
-0.44576,-36.423,448,73.654
-0.57049,-37.672,450,79.336
-0.26246,-37.929,417,70.793
0.40609,-37.612,432,76.26
1.5021,-37.609,435,75.888
3.0715,-36.511,464,83.19
3.6737,-36.208,459,76.772
3.6504,-35.605,498,86.556
3.8422,-34.018,495,85.448
3.9757,-33.936,498,84.753
4.0074,-34.515,512,86.266
5.2598,-36.175,511,88.599
3.6998,-36.198,483,82.719
5.4676,-34.042,477,83.579
6.6366,-32.493,521,97.514
7.194,-33.248,524,92.949
7.5108,-36.418,499,82.33
5.4939,-38.248,470,82.462
4.28,-38.416,444,73.894
3.7801,-37.197,482,82.339
6.305,-37.008,482,84.026
8.352,-37.541,508,90.385
6.3774,-39.669,490,84.778
3.7767,-39.194,465,81.106
3.1349,-36.549,475,79.973
4.8271,-33.039,498,93.825
8.175,-29.944,513,87.424
10.749,-31.182,503,91.046
11.217,-34.478,505,90.567
9.9695,-38.01,495,82.454
7.9183,-37.836,490,85.63
6.7052,-36.114,534,94.818
6.3803,-37.685,525,86.531
5.2161,-38.673,526,87.755
3.2861,-39.319,530,90.493
1.2135,-39.087,523,87.135
2.5404,-37.376,534,89.757
3.3794,-37.433,552,88.789
4.2188,-38.127,546,86.705
4.1615,-39.496,536,88.831
4.2393,-38.624,513,86.614
3.9917,-39.294,531,90.286
2.6737,-39.577,500,81.983
1.1803,-38.889,525,90.468
0.58716,-38.96,524,85.159
-1.4804,-37.605,538,99.458
-0.72124,-39.018,547,87.226
0.37793,-39.548,536,89.773
0.59848,-38.385,534,85.324
-0.51112,-39.561,525,90.36
-1.5448,-38.721,548,92.701
-0.56603,-40.257,502,82.305
-5.046,-37.458,530,98.341
-5.2701,-35.823,508,94.049
-7.5044,-36.889,522,95.563
-8.1001,-36.814,479,81.727
-6.8029,-36.968,487,86.738
-2.0462,-40.021,501,90.708
-2.2448,-40.306,444,80.552
-3.1943,-40.052,457,78.939
-1.058,-40.173,462,82.107
0.32163,-40.871,485,82.992
0.58464,-39.331,479,83.893
1.796,-40.567,470,82.702
0.11674,-41.944,472,81.413
-1.3833,-40.347,464,78.666
-0.13607,-40.02,446,76.532
1.0182,-40.58,454,76.814
1.842,-40.838,454,82.157
2.4025,-40.648,465,77.657
1.6275,-38.36,464,80.461
2.3594,-37.394,495,82.702
1.5581,-38.084,505,92.254
0.65371,-38.988,497,82.768
0.79255,-39.211,492,81.85
1.9876,-40.832,482,85.167
1.2277,-40.392,445,77.831
2.1588,-41.025,449,76.59
3.6451,-40.56,476,85.299
4.9774,-39.561,488,87.673
5.1622,-38.405,487,84.852
5.4602,-38.234,508,85.191
4.7951,-39.178,478,80.279
3.384,-39.463,492,82.628
2.3396,-39.453,506,89.5
2.4381,-40.77,475,81.478
2.0764,-41.21,449,81.395
3.5187,-39.754,501,88.971
5.2407,-41.427,506,90.542
4.3333,-41.514,486,92.775
2.3693,-40.99,482,83.827
3.2607,-40.716,513,94.9
3.0307,-40.657,513,86.887
4.2911,-43.583,491,87.474
4.4917,-44.143,494,86.085
3.5238,-44.964,483,88.616
1.9278,-44.56,438,87.218
-1.9093,-42.205,465,86.085
-3.2552,-39.816,482,88.533
-2.0178,-37.38,523,94.264
1.7477,-37.63,541,93.66
6.3524,-39.33,524,95.322
5.9999,-43.583,489,83.157
4.4139,-44.344,488,87.003
4.1144,-42.679,489,80.998
4.8828,-43.183,468,81.71
4.5535,-43.212,445,75.664
2.9553,-42.973,467,79.708
4.7586,-45.964,489,80.544
4.8899,-45.238,481,88.21
3.5378,-45.285,478,80.726
1.1379,-45.772,472,80.394
1.57,-45.276,498,83.653
3.1137,-43.919,500,81.817
3.642,-45.168,509,88.392
2.1033,-44.406,520,88.417
2.6799,-46.121,497,81.958
2.5147,-45.664,501,79.865
1.1723,-44.941,504,83.645
-1.0699,-45.094,519,88.756
0.65973,-46.003,503,84.481
0.597,-44.606,494,79.915
0.38313,-46.086,488,80.436
0.85921,-45.537,498,80.064
-1.6021,-44.975,490,85.555
-3.0207,-46.044,482,80.552
-6.1409,-42.678,460,81.61
-10.815,-38.847,481,86.747
-15.179,-34.183,464,86.556
-15.427,-31.37,427,84.216
-16.35,-32.633,442,93.66
-16.451,-31.452,427,84.513
-16.455,-30.12,425,83.413
-14.93,-26.214,487,98.589
-10.663,-23.082,507,102.68
-6.911,-20.584,555,106.83
-2.6972,-25.44,553,101.19
3.3759,-29.37,557,105.36
9.5433,-32.999,553,106.96
14.086,-36.789,532,93.876
14.788,-39.171,476,84.703
12.594,-38.707,475,81.999
10.292,-39.1,497,91.22
10.002,-40.083,506,87.614
9.0564,-41.523,510,90.749
7.2035,-43.445,529,99.085
5.0805,-44.574,518,97.779
4.2535,-42.976,512,91.278
7.0522,-40.636,529,108.56
7.9026,-39.601,505,94.578
11.568,-43.029,510,89.261
10.582,-46.751,466,86.225
6.8811,-49.127,461,83.049
5.9396,-50.007,460,88.88
7.1712,-53.133,429,81.81
9.1521,-53.447,424,80.006
6.2314,-54.888,434,83.298
6.0657,-56.294,473,87.829
5.059,-56.752,461,88.681
4.6393,-58.701,471,100.57
5.0684,-59.937,522,113.14
4.013,-66.973,517,115.71
2.041,-72.638,507,105.87
1.3909,-77.088,491,113.47
0.047891,-83.059,463,95.686
-0.52512,-88.877,445,99.35
-0.43406,-93.635,411,91.452
-2.6487,-97.735,420,92.908
-2.8348,-96.512,415,101.14
-0.96194,-93.283,367,94.859
1.1025,-91.253,352,82.975
2.0412,-94.174,303,70.611
0.24174,-97.912,260,62.556
-3.2572,-100.56,233,66.095
-3.5644,-103.93,187,57.676
-6.2226,-107.23,154,46.917
-10.051,-108.64,118,40.764
-8.491,-110.53,116,41.111
-7.1492,-110.25,149,47.604
-6.2767,-109.74,149,44.849
-5.6379,-106.98,135,43.162
-5.5218,-106.49,148,45.676
-6.2338,-105.48,133,42.509
-6.9291,-103.84,139,39.796
-7.0863,-104.94,141,41.599
-8.4204,-105,165,49.968
-7.5657,-105.74,174,47.636
-5.3755,-104.52,177,46.619
-4.3067,-105.35,191,49.993
-3.122,-103.55,211,54.6
-2.4896,-102.52,214,53.955
-0.98641,-101.04,183,48.86
-0.46065,-98.916,210,56.08
-1.9925,-98.542,253,59.214
-2.1928,-100.27,271,57.114
-3.4743,-100.74,294,60.736
-3.4396,-100.96,306,66.302
-3.688,-99.586,281,63.722
-3.0414,-100.15,272,70.801
-3.3755,-101.77,275,65.319
-5.667,-102.38,296,69.461
-4.7028,-103.13,311,64.524
-7.0405,-103.69,310,65.351
-5.0654,-101.56,280,80.362
-4.8378,-104.78,305,63.507
-4.6402,-103.87,326,64.607
-4.8771,-102.69,366,73.812
-3.9402,-105.86,323,62.126
-2.9071,-106.47,346,81.941
-2.6536,-106.41,313,95.356
-6.1281,-106.74,317,68.469
-4.174,-107,350,88.466
-2.0913,-104.57,325,67.104
-1.9006,-104.36,353,76.93
-2.9995,-105.5,344,68.171
-2.2494,-103.17,365,69.412
-1.5494,-99.876,377,72.372
-0.54511,-97.268,380,80.717
1.0545,-97.593,398,79.096
-0.022389,-101.3,354,68.254
-0.11509,-101.65,337,67.311
-0.28394,-101.04,370,73.125
-1.4654,-100.41,420,78.501
-1.8083,-100.41,440,77.723
-2.1731,-102.98,461,109.58
-2.6742,-102.41,431,81.131
-2.013,-105.19,425,92.047
-3.7137,-105.82,404,75.465
-5.9008,-106.39,391,76.582
-5.9819,-105.22,379,70.826
-4.2758,-104.01,370,70.958
0.016455,-102.38,445,78.732
2.1336,-104.93,444,88.59
-0.60446,-108.49,421,84.348
-2.7087,-110.36,414,82.355
-4.197,-109.75,392,91.328
-3.8768,-107.25,426,92.891
-2.9066,-101.92,482,119.75
-1.3371,-98.178,441,89.07
2.5263,-101.82,449,83.38
3.9654,-105.96,417,92.577
1.9517,-105.35,425,85.498
3.8222,-104.69,407,85.638
3.2477,-105.4,422,84.083
2.9229,-108.08,407,88.715
2.0013,-109.84,418,86.804
-0.70198,-110.64,382,84.472
-4.0234,-110.66,397,83.074
-4.027,-108.41,374,83.165
-2.6025,-109.95,382,84.852
-3.895,-110.69,362,80.75
-2.8911,-108.94,384,91.08
0.44805,-107.81,412,91.584
4.399,-106.55,388,84.497
3.8577,-107.34,403,93.718
1.3479,-108.74,379,85.812
-1.0503,-108.65,357,78.245
-0.70826,-109.78,370,82.702
1.9394,-107.73,382,81.015
4.2382,-105.47,422,97.167
5.0066,-100.68,471,109.27
6.4062,-102.45,456,95.058
8.0822,-105.44,431,100.64
7.226,-107.4,414,88.632
4.1335,-107.29,409,86.614
3.0998,-107.42,407,91.435
2.3869,-109.11,410,88.483
-2.4421,-110.04,408,80.717
-2.1247,-105.85,421,91.022
-1.0413,-108.9,393,78.823
-0.33093,-108.12,375,81.197
-0.65691,-107.65,370,81.197
-0.67998,-107.68,396,78.368
0.15756,-107.35,398,81.395
0.55041,-106.44,392,88.954
-0.17906,-106.41,363,115.96
-1.6516,-106.87,314,174.37
1.3667,-108.13,256,126.5
3.3457,-109.03,178,117.64
2.7906,-110.18,174,119.55
-0.11611,-110.48,204,132.37
-1.9467,-108.29,390,126.85
-1.617,-109.13,437,85.985
-1.7373,-108.89,406,89.831
-4.3049,-105.99,418,80.345
-0.35531,-105.07,389,170.14
0.12086,-106.76,364,126.46
2.3054,-105.44,322,151.1
0.62223,-104.26,341,153.03
-0.020733,-104.8,401,105.49
1,-104.33,361,126.5
1.1842,-101.67,343,83.322
3.6445,-100.05,216,101.75
-2.129,-104.54,770,123.12
-2.1594,-104.59,794,126.44
-1.5278,-106.32,741,113.34
-2.8658,-106.88,737,112.41
-4.3723,-105.02,761,119.38
-2.8977,-102.91,769,134.33
-1.2352,-103.78,771,164.04
-1.3789,-105.3,742,143.69
-2.1154,-105.6,775,145.15
-2.0163,-105.49,748,147.39
-2.1875,-105.77,753,157.77
-2.4624,-105.98,753,130.46
-2.4805,-105.75,703,133.2
-3.9968,-105.99,697,131.86
-4.3152,-106.24,720,126.73
-4.2001,-105.51,756,124.57
-2.7177,-106.05,740,164.26
-2.5023,-107.25,753,132.93
-3.3076,-109.49,725,126.48
-3.9559,-109.82,706,126.14
-5.2416,-109.77,733,118.9
-4.1939,-108.94,765,111.84
-3.9802,-109.14,747,118.33
-4.3771,-108.79,713,121.89
-4.0405,-108.14,714,128.53
-3.8805,-108.06,712,128.54
-3.8057,-107.93,696,128.01
-3.7137,-107.88,679,119.64
-3.162,-107.23,657,116.83
-2.9411,-108,655,121.98
-2.3138,-107.74,684,126.77
-2.1768,-108.05,718,139.11
-2.964,-109.54,745,135.64
-3.0881,-112.24,752,118.44
-3.8626,-113.35,769,135.25
-4.7648,-114.43,727,119.94
-5.7862,-113.77,725,112.57
-6.19,-113.45,743,127.29
-7.5365,-111.34,725,123.81
-7.8641,-109.36,756,119.03
-8.0838,-108.93,768,114.63
-6.0694,-109.63,851,137.89
-4.9958,-110.65,884,131.46
-4.688,-112.18,890,127.22
-4.236,-112.44,852,122.76
-3.9633,-112.61,822,118.11
-4.0964,-112.02,828,116.99
-2.3865,-112.04,817,117.53
-1.8896,-112.71,809,118.46
-2.2863,-113.97,795,108.48
-2.8803,-112.65,813,126.84
-2.1158,-112.26,772,113.7
-2.3425,-113.05,769,111.39
-2.059,-112.81,749,115.94
-2.8613,-114.53,735,114.08
-1.2473,-113.6,728,110.31
0.03745,-114.14,700,112.57
-1.7488,-116.67,686,115.34
-5.0334,-117.07,717,111.47
-6.3996,-114.09,667,100.18
-6.1713,-111.79,638,118.19
-5.2204,-112.8,641,113.98
-5.8708,-114.4,604,103.61
-6.9187,-114.53,614,100.85
-7.3104,-114.38,642,106.73
-7.6922,-113.46,655,136.26
-8.327,-112.51,640,133.95
-7.6449,-112.89,655,158.03
-6.3076,-113.87,638,112.6
-5.0178,-116.12,627,111.54
-5.0184,-119.4,688,102.75
-4.7637,-121.08,646,106.83
-5.5844,-121.33,637,109.08
-5.6675,-121.65,631,104.52
-6.1033,-121.68,663,111.83
-6.3595,-121.79,652,104.62
-6.7004,-121.81,627,104.68
-6.9423,-121.59,606,104.43
-7.1506,-120.76,583,110.43
-6.4901,-119.73,604,110.55
-5.9427,-119.22,671,125.48
-7.2326,-119.8,682,118.94
-7.75,-121.41,693,122.77
-8.1808,-122.83,736,112.5
-7.8503,-123.68,728,120.54
-8.668,-123.88,717,113.53
-6.9491,-124.75,676,103.77
-7.1872,-123.84,732,117.05
-6.2074,-123.74,713,111.16
-5.5417,-123.22,718,109.76
-5.8593,-121.62,745,112.13
-5.3274,-121.36,680,157.12
-5.9345,-123.28,705,114.2
-6.3255,-124.03,703,109.79
-7.1834,-123.8,725,113.96
-6.5558,-124.43,663,107.36
-5.9991,-124.87,657,104.32
-6.4897,-126.16,648,99.995
-5.7855,-126.48,615,96.852
-5.734,-127.03,536,94.876
-5.7065,-127.63,507,93.851
-6.4529,-128.01,479,92.229
-7.0276,-127.26,298,121.39
-7.6323,-126.81,341,121.22
-5.7102,-128.38,426,103.31
-6.5714,-128.57,392,135.22
-7.2168,-127.98,415,134.74
-6.3548,-124.48,464,126.97
-4.7744,-123.88,398,160.39
-2.5783,-124.58,463,113.3
0.7107,-125.67,360,94.066
-0.81368,-127.33,356,125.93
-2.8084,-128,439,107.26
-3.0496,-125.78,473,108.7
-1.3636,-122.7,397,123.02
2.9272,-115.96,271,116.37
6.1517,-109.14,278,108.16
8.6348,-106.1,319,111.07
8.9225,-106.21,395,100.1
9.7488,-106.08,417,136.42
8.5545,-105.93,443,110.65
7.8041,-110.39,457,120.94
7.35,-116.41,423,128.77
3.754,-122.7,436,106.34
0.9827,-126.82,468,96.241
-2.6328,-129.57,464,94.074
-3.9729,-129.75,466,90.459
-7.185,-125.57,457,118.79
-5.3921,-121.62,360,115.32
-6.0704,-121.26,349,137.54
-9.1238,-122.24,449,122.96
-8.1172,-123.8,465,149.39
-7.6864,-123.81,398,184.62
-4.8921,-121.02,359,129.28
-1.4571,-128.46,487,100.4
-3.6425,-131.01,497,96.977
-5.9035,-130.12,475,104.16
-2.1901,-129.73,434,90.848
-2.786,-129.66,441,85.539
-3.8924,-130.45,444,94.768
-8.3632,-131.73,448,114.19
-7.4407,-131.26,452,99.201
-9.8845,-131.94,410,94.81
-14.754,-127.98,414,92.197
-14.748,-125.16,428,97.423
-13.608,-110.89,313,102.58
-10.537,-107.38,408,179.42
-5.3194,-101.8,476,128.54
1.6101,-100.13,473,107.84
6.647,-103.71,503,108.48
8.5111,-105.35,483,96.563
10.232,-109.95,434,86.093
6.1745,-116.7,428,85.324
4.3462,-123.21,398,90.319
5.0255,-120.72,430,92.842
6.656,-115.94,426,93.056
3.9745,-113.72,424,96.671
2.9995,-113.5,398,94.868
2.0593,-114.95,395,81.66
3.3644,-118.43,380,73.059
1.9234,-119.88,387,84.017
1.2331,-121.42,369,75.639
-0.55179,-124.09,393,76.45
-1.3824,-127.34,437,79.03
-0.69837,-130.36,449,94.893
-0.81964,-131.59,458,100.1
-1.7607,-131.27,467,99.855
-2.2961,-131.01,481,106.98
-4.8553,-131.5,482,108.19
-5.9078,-131.47,474,111.92
-4.9913,-127.72,486,113.95
-7.7367,-133.59,413,83.637
-8.796,-136.01,379,75.598
-5.1085,-128.4,419,84.166
-6.2166,-130.04,398,95.29
-0.26986,-125.44,365,79.998
2.4565,-124.37,429,83.562
1.6482,-128.53,471,91.609
-0.64502,-130.58,467,93.685
-4.0118,-132.74,451,105.85
-9.934,-137.06,452,87.69
-14.261,-132.87,424,92.428
-15.865,-134.59,407,78.683
-16.941,-136.06,366,72.439
-16.787,-137.62,324,66.236
-17.807,-138.12,288,65.186
-18.067,-138.37,259,61.456
-19.063,-137.06,305,61.547
-18.965,-138.71,283,59.653
-17.409,-140.42,254,60.687
-20.783,-140.35,253,57.329
-19.198,-140.41,299,62.936
-18.964,-138.22,286,59.471
-19.434,-137.84,248,56.676
-18.691,-140.75,224,55.187
-19.644,-141.61,190,52.541
-20.329,-141.87,170,48.488
-20.324,-143.01,176,53.657
-19.885,-141.53,203,59.471
-20.982,-141.66,205,50.953
-22.393,-142.62,216,51.862
-22.741,-142.1,209,52.59
-21.462,-140.29,179,55.096
-21.32,-141.06,171,46.462
-21.843,-140.85,151,46.28
-19.772,-142.27,143,47.868
-20.12,-143.61,140,42.335
-22.169,-142.52,117,43.088
-20.146,-141.13,123,43.766
-20.164,-141.4,146,48.819
-16.896,-141.42,152,55.071
-18.072,-142.55,153,58.693
-19.691,-141.64,151,54.608
-21.382,-140.63,201,63.689
-21.018,-137.44,216,66.691
-17.483,-140.21,238,64.433
-12.909,-138.05,258,71.207
-7.8435,-135.55,304,101.17
-1.4409,-131.05,345,114.96
1.4484,-125.77,377,110.27
4.0495,-125.91,372,90.84
3.5285,-120.4,369,123.66
3.3181,-116.71,415,111.42
0.40905,-120.61,441,105.04
-4.5537,-122.27,465,91.733
-6.9451,-126.19,452,146.31
-4.0911,-125.1,443,107.57
-4.4766,-129.41,473,108.22
-4.666,-130.97,471,98.102
-6.3465,-137.26,470,124.41
-13.487,-141.58,428,90.65
-16.505,-141.43,389,88.417
-19.242,-139.6,374,85.415
-14.579,-139.33,405,86.763
-12.383,-138.06,413,83.48
-13.85,-138.23,403,80.643
-13.107,-142.19,414,83.19
-14.114,-142.45,398,80.751
-17.744,-145.19,358,72.761
-14.381,-143.7,356,72.108
-17.4,-146.54,330,65.442
-18.445,-145.59,273,60.53
-18.257,-144.65,261,60.232
-18.778,-145.76,206,55.386
-20.55,-145.68,191,64.061
-24.049,-147.97,234,61.547
-21.995,-144.24,215,62.192
-22.345,-148.15,200,54.906
-23.214,-147.55,183,53.649
-20.864,-148.38,182,59.38
-22.581,-149.38,142,59.678
-23.066,-151.04,158,62.076
-25.099,-153.09,135,46.462
-22.256,-149.83,158,51.399
-25.408,-147.13,182,51.002
-24.001,-146.44,175,49.596
-22.85,-148.63,198,51.391
-19.896,-148.02,195,54.236
-18.916,-148.89,218,61.646
-19.403,-147.94,244,68.163
-14.731,-146.61,345,79.692
-11.57,-142.79,387,87.747
-15.309,-141.73,351,80.105
-14.73,-141.29,372,81.85
-15.237,-143.45,384,84.654
-15.99,-144.91,391,77.004
-15.971,-145.89,377,75.127
-16.994,-148.28,305,63.416
-17.326,-152.33,311,66.608
-18.166,-152.1,304,64.408
-15.798,-151.42,264,65.376
-17.337,-152.52,244,61.406
-17.892,-151.98,222,55.807
-17.824,-152.77,196,56.659
-17.156,-149.98,217,65.252
-16.425,-150.56,272,75.292
-17.43,-149.15,241,65.674
-16.43,-151.07,264,69.387
-17.407,-151.8,285,77.07
-16.487,-150.11,274,66.649
-17.712,-152.07,273,59.934
-20.1,-151.71,295,70.04
-19.299,-151.81,277,60.306
-18.817,-152.22,267,59.57
-19.045,-152.32,268,58.065
-18.526,-152.13,294,66.427
-19.221,-151.47,262,67.651
-21.362,-147.65,252,71.38
-18.985,-146.04,226,123.48
-20.847,-141.81,218,119.85
-21.422,-143.08,154,70.256
-18.038,-138.14,101,103.18
-18.49,-138.82,258,95.025
-12.827,-137.64,208,70.247
-8.5105,-132.83,256,116.62
-2.1375,-126.24,284,109.75
-3.3685,-126.1,371,130.54
0.89454,-125.51,382,129.11
3.2619,-121.25,387,127.96
7.6604,-113.2,430,112.13
10.225,-108.66,423,112.85
5.8263,-105.26,464,120.09
1.4044,-108.78,474,112.45
-0.46116,-116.28,460,93.478
-0.94562,-124.43,462,91.096
-0.69897,-125.56,474,90.791
0.083922,-128.79,476,99.904
0.15165,-129.57,465,99.252
1.8885,-131.73,447,104.86
1.9898,-133.55,449,105.85
-0.92502,-139.73,417,104.45
-3.9898,-144.42,392,102.29
-7.9221,-150.09,383,97.936
-10.231,-149.6,354,87.532
-7.4054,-147.74,366,104.86
-10.059,-150.01,391,96.125
-10.258,-152.92,402,91.923
-11.838,-155.9,376,87.334
-14.595,-160.75,368,72.786
-12.626,-156.55,373,96.952
-11.056,-154.55,365,82.636
-10.117,-154.07,299,82.19
-9.5956,-153.62,361,74.945
-14.907,-159.34,348,72.389
-16.974,-163.26,346,75.573
-19.49,-164.12,300,71.323
-20.845,-167.53,286,66.683
-21.996,-168.06,254,61.547
-21.273,-170,201,55.964
-20.882,-169.46,168,52.896
-21.913,-166.31,163,55.989
-23.606,-166.92,167,53.847
-24.503,-166.63,139,50.308
-25.711,-165.48,126,46.553
-25.609,-166.84,119,46.892
-23.476,-166.97,127,46.809
-24.352,-165.95,139,48.306
-28.787,-161.93,157,50.035
-27.367,-159.55,151,51.49
-26.065,-155.04,179,56.609
-20.809,-151.23,246,62.027
-18.639,-150.84,321,75.978
-17.649,-147.77,380,86.647
-14.769,-146.4,435,102.97
-9.9489,-144.72,468,111.9
-3.4783,-148.16,429,107.44
-5.6367,-154.49,416,94.669
-6.2953,-158.52,362,78.699
-7.3713,-161.17,343,80.569
-6.1538,-158.45,324,73.704
-9.2021,-162.92,295,77.07
-12.124,-164.66,330,81.271
-8.239,-159.81,382,79.038
-8.1263,-160.83,351,73.803
-10.306,-165.75,381,87.375
-11.713,-168.34,326,78.964
-8.3025,-165.81,349,82.231
-8.7551,-168.18,305,72.844
-4.6772,-167.92,301,69.693
-3.7145,-170.12,296,62.2
-5.6587,-169.43,341,77.343
-7.8671,-168.97,363,92.337
-12.048,-169.57,359,77.856
-15.421,-175.1,363,84.265
-19.079,-177.34,345,83.273
-19.79,-179.15,262,71.976
-22.26,-182.1,254,68.552
-23.184,-183.79,223,65.566
-24.701,-183.15,249,68.006
-24.627,-184.84,255,73.663
-24.879,-185.96,230,70.727
-26.346,-188.67,227,71.645
-27.473,-191.58,214,72.397
-29.962,-193.79,206,63.772
-30.051,-191.9,182,55.501
-31.096,-193.5,190,60.422
-32.001,-191.9,191,59.149
-30.574,-193.23,179,51.788
-31.346,-195.61,166,51.424
-30.532,-196.51,160,47.429
-31.091,-195.11,140,44.039
-30.856,-194.65,141,53.393
-31.814,-194.09,142,49.208
-32.334,-195.27,140,50.399
-32.347,-195.76,184,54.798
-32.406,-196.88,176,52.83
-34.605,-194.96,162,47.719
-33.276,-194.13,165,54.691
-30.605,-198.64,148,52.16
-31.054,-195.91,135,41.781
-31.757,-196.55,202,51.027
-33.36,-196.72,235,60.513
-36.011,-197.75,254,59.264
-36.032,-197.41,249,57.511
-34.037,-196.12,266,60.364
-33.963,-193.92,295,69.503
-32.493,-194.79,236,76.773
-31.9,-197.24,225,64.367
-34.672,-201.13,241,64.499
-36.405,-202.96,213,64.64
-35.252,-201.67,181,56.841
-34.822,-204.38,130,49.547
-35.657,-203.91,126,44.965
-36.124,-203.17,143,46.098
-37.951,-203.4,147,48.257
-38.108,-202.19,128,47.124
-36.69,-202.58,131,48.257
-37.194,-202.5,131,47.198
-36.914,-202.3,115,40.954
-38.006,-201.13,122,40.466
-35.703,-200.82,111,39.077
-35.437,-201.8,105,39.052
-34.948,-199.96,155,52.756
-37.744,-198.98,149,48.505
-35.528,-197.43,166,51.399
-32.944,-197.26,192,54.046
-33.689,-199.38,198,50.581
-33.166,-196.73,219,66.277
-34.513,-200.08,211,71.761
-34.286,-196.48,224,61.663
-34.763,-197.84,204,52.847
-32.952,-196.57,235,60.885
-35.968,-197.3,231,61.845
-35.142,-199.92,229,68.701
-35.924,-197.43,214,65.194
-35.171,-197.94,236,62.126
-34.287,-200.05,221,62.945
-34.702,-200,228,64.83
-33.314,-202.22,230,67.262
-35.992,-201.15,215,96.282
-35.347,-199.3,245,77.137
-33.398,-200.65,233,67.932
-31.829,-200.87,225,59.124
-32.294,-201.67,219,54.6
-31.822,-201.6,210,53.186
-29.929,-200.53,231,62.936
-32.837,-204.27,200,53.492
-34.988,-204.37,189,49.249
-35.064,-203.25,168,52.615
-32.754,-202.44,199,54.228
-31.167,-203.15,225,53.856
-31.466,-204.2,231,64.169
-29.615,-206.88,238,63.623
-30.061,-207.91,193,58.553
-34.278,-206.3,168,46.156
-33.891,-204.56,220,67.733
-36.266,-203.74,195,52.797
-35.213,-203.04,178,49.927
-34.028,-205.01,170,48.91
-35.51,-205.85,160,45.974
-36.626,-203,154,47.181
-39.139,-204.14,159,59.579
-41.114,-203.3,164,49.522
-39.989,-202.98,165,48.736
-39.629,-203.85,159,43.989
-40.338,-203.77,157,50.035
-39.076,-204.02,159,50.183
-38.067,-205.54,156,50.986
-39.616,-203.79,213,56.841
-34.049,-203.07,207,68.304
-34.566,-204.72,208,62.87
-32.802,-203.08,229,72.298
-33.986,-205,209,79.08
-34.796,-206.58,212,59.107
-35.641,-206.67,210,65.161
-35.518,-207.36,217,71.074
-35.233,-208.18,211,65.847
-33.624,-207.32,206,63.979
-35.113,-208.92,198,75.201
-39.132,-207.68,192,61.249
-40.198,-202.5,213,74.283
-34.48,-201.32,214,91.85
-34.574,-200.49,427,111.73
-34.329,-197.28,445,113.17
-34.258,-190.92,488,126.07
-33.399,-183.94,510,133.93
-32.548,-176.46,499,126.78
-29.154,-170.76,440,113.06
-27.078,-165.28,371,110.19
-25.86,-160.87,255,80.733
-25.972,-156.45,138,50.812
-24.236,-148.08,559,127.25
-20.428,-140.31,559,125.21
-19.544,-130.71,559,125.21
-15.81,-122.74,554,130.24
-13.008,-116.49,519,108.59
-11.576,-109.08,508,117.21
-12.012,-106.06,510,110.73
-11.549,-106.51,543,121.64
-6.0907,-117.11,608,133.84
-3.1802,-124.29,582,123.42
-1.799,-133.58,538,119.12
0.66555,-142.17,565,122.02
0.17862,-148.13,534,111.19
-0.51292,-155.89,466,115.61
-1.3394,-156.83,506,149.22
-2.7871,-169.93,459,108.35
-6.7923,-179.51,434,123.25
-9.5996,-185.87,399,103.83
-10.687,-188.29,390,126.38
-11.77,-193.67,398,95.381
-15.512,-197.86,367,96.125
-16.807,-196.92,365,88.632
-16.578,-200.46,347,104.15
-19.694,-203.71,339,102.56
-19.563,-209.02,342,109.04
-22.786,-215.95,314,94.645
-26.272,-219.57,286,73.39
-27.803,-221.89,279,66.898
-30.244,-220.97,305,83.852
-32.758,-222.49,303,81.66
-30.762,-226.44,307,83.554
-36.429,-223.49,301,106.43
-36.501,-219.98,303,91.743
-39.773,-216.89,316,108.9
-38.53,-221.05,316,78.774
-39.775,-224.11,305,83.943
-41.441,-224.6,276,65.913
-42.718,-223.68,250,70.421
-45.217,-220.22,223,56.08
-40.771,-219.21,259,59.777
-37.743,-221.64,296,71.264
-34.51,-219.69,273,65.972
-32.653,-222.54,219,53.475
-33.92,-225.72,166,45.056
-31.566,-227.22,175,54.443
-34.696,-226.42,189,57.817
-37.654,-224.97,232,71.926
-36.201,-226.58,248,66.617
-40,-225.65,230,62.539
-38.187,-224.8,214,63.209
-40.955,-226.85,153,47.471
-39.811,-227.57,158,48.058
-39.311,-227.71,144,44.932
-38.824,-227.13,170,49.241
-36.378,-227.37,173,57.9
-36.577,-224.56,216,65.873
-37.394,-221.66,243,71.537
-37.803,-221.41,265,88.963
-39.51,-219.26,247,88.268
-40.975,-220.22,274,79.634
-42.068,-219.95,260,71.529
-43.506,-218.81,247,71.926
-40.007,-217.66,264,78.89
-43.024,-216.85,267,82.239
-44.772,-213.92,265,77.649
-43.704,-214.17,272,76.169
-41.523,-216.35,261,79.683
-41.455,-220.75,276,85.878
-41.877,-222.72,268,76.268
-43.176,-220.92,290,80.998
-43.067,-224.56,261,68.461
-42.464,-221.73,263,73.729
-43.045,-225.69,255,72.712
-44.589,-224.05,223,66.641
-43.752,-221.21,230,64.292
-38.507,-222.47,261,73.919
-36.058,-226.99,304,71.951
-36.08,-230.92,312,73.142
-36.818,-233.14,289,76.525
-37.772,-234.32,265,70.52
-35.794,-234.7,213,65.674
-38.167,-236.8,163,49.323
-37.642,-236.07,159,51.027
-38.096,-235.73,151,57.247
-38.908,-231.61,221,78.112
-41.088,-230.52,237,71.008
-41.115,-229.19,252,68.742
-39.891,-226.43,274,78.964
-38.088,-226.42,281,92.76
-33.92,-228.09,293,92.106
-34.56,-227.44,314,108.43
-34.693,-228.52,329,76.905
-32.534,-230.95,307,71.414
-32.731,-231.74,300,72.125
-32.458,-235.6,278,65.492
-34.114,-238.03,270,63.317
-35.373,-240.66,263,63.97
-36.136,-240.58,242,63.581
-36.508,-238.89,268,77.368
-33.222,-233.07,299,83.281
-31.396,-233.87,313,75.78
-29.636,-232.76,303,77.467
-28.157,-236.86,289,67.353
-27.577,-240.38,254,62.655
-25.944,-241.54,229,61.299
-24.935,-241.8,221,63.052
-22.883,-246.38,198,68.039
-22.89,-247.68,179,64.59
-24.461,-249.47,160,58.801
-26.452,-244.99,167,62.167
-27.303,-241.07,206,70.429
-24.704,-239.61,150,55.775
-25.826,-236.97,125,44.568
-30.216,-235.46,138,45.511
-31.631,-236.25,123,43.088
-30.297,-235.55,144,55.708
-30.568,-234.04,136,53.657
-28.891,-229.75,163,71.628
-25.946,-227.21,148,60.869
-24.199,-223.32,168,74.142
-29.239,-223.88,204,84.612
-34.805,-224.15,235,109.06
-37.674,-227.91,216,138.49
-38.487,-234.47,233,130.73
-39.969,-238.06,251,85.597
-39.527,-237.13,244,92.056
-42.081,-235.03,258,106.3
-38.787,-237.98,257,79.047
-35.797,-237.11,284,87.598
-33.033,-230.98,302,97.026
-28.043,-229.52,275,110.67
-32.966,-224.62,574,145.14
-34.717,-216.43,594,133.03
-39.856,-212.9,581,133.74
-42.25,-212.83,544,106.02
-45.374,-213.39,482,89.178
-43.79,-211.74,504,106.39
-43.394,-219.54,482,85.357
-47.174,-217.17,418,84.174
-44.81,-210.57,400,87.871
-39.884,-208.56,378,86.656
-33.955,-206.97,453,101.5
-35.544,-208.92,493,97.357
-36.374,-218.33,557,110.87
-39.206,-227.55,530,94.735
-41.841,-228.35,561,105.49
-40.864,-235.38,538,101.15
-42.777,-239.7,420,79.03
-46.245,-237.48,435,90.658
-44.696,-241.76,395,78.211
-47.377,-243.47,356,70.52
-47.051,-242.73,407,80.626
-47.621,-247.61,367,69.776
-45.996,-242.76,365,74.383
-45.535,-239.05,400,81.288
-46.43,-232.78,374,82.933
-47.92,-223.55,399,88.193
-47.968,-216.7,451,96.687
-43.551,-212.27,469,93.18
-42.043,-211.38,505,99.102
-38.238,-212.77,526,107.36
-32.569,-208.62,558,123.42
-32.656,-203.35,557,108.8
-31.216,-200.73,583,123.81
-29.737,-193.29,570,125.48
-25.146,-187.78,618,137.12
-27.991,-179.05,595,124.62
-26.483,-170.35,585,129.41
-26.343,-165.79,621,136.97
-24.48,-155.63,611,140.49
-20.645,-147.07,573,121.19
-13.564,-138.12,636,139.64
-9.3444,-132.34,655,149.32
-7.1809,-126.39,669,146.09
-2.1369,-122.35,639,131.38
-2.5457,-117.12,651,134.22
-6.8785,-114.81,690,161.91
-6.4843,-112.09,687,160.92
-7.3679,-120.84,676,179.02
-6.7517,-129.89,652,155.58
-4.5377,-137.56,643,153.57
-2.9463,-143.92,606,128.44
-1.5386,-150,559,121.13
-3.8196,-149.56,509,105.52
-2.3148,-149.61,537,112.43
-1.9252,-149.59,567,113.06
-2.0635,-150.03,606,118.61
-2.3935,-150.27,646,115.02
-2.6414,-150.35,647,116.32
-2.8713,-150.64,652,119.71
-2.9137,-150.21,656,116.9
-2.9468,-150.6,697,118
-2.5617,-150.93,715,125.81
-3.1096,-151.17,661,118.75
-3.5026,-155.08,546,92.982
-3.2116,-155.03,561,94.115
-4.6729,-153.86,670,112.37
-4.5867,-152.8,749,137.19
-4.3917,-153.09,770,138.03
-4.8427,-153.23,758,139.57
-4.8203,-153.12,749,140.4
-4.604,-153.12,735,141.25
-4.2201,-153.29,718,142.94
-3.9374,-153.57,710,146.59
-4.1389,-154.28,744,145.97
-4.3232,-155.67,811,143.3
-5.2487,-158.64,733,116.72
-5.5107,-160.02,720,129.46
-7.0563,-159.2,775,135.58
-6.3971,-159.28,761,136.24
-6.6499,-159.14,799,143.17
-6.6567,-159.1,657,157.6
-6.4561,-159.38,648,158.83
-5.9631,-159.69,634,157.16
-5.3076,-159.49,621,152.1
-5.0099,-159.06,595,163.84
-5.1113,-159.81,574,154.48
-5.0508,-161.23,723,150.71
-5.855,-163.25,743,148.41
-6.3823,-165.18,694,164.35
-6.0055,-164.08,681,177.8
-6.091,-163,741,164.96
-5.9803,-163.13,761,157.66
-6.3892,-163.31,741,183.95
-6.3518,-162.85,718,187.66
-6.3746,-162.94,707,172.52
-6.1424,-162.76,689,163.09
-5.9218,-162.75,685,162.62
-5.5515,-162.34,658,159.63
-5.2647,-162.78,666,159.58
-5.0964,-163.98,720,153.98
-6.1091,-165.52,780,155.01
-6.2646,-167.26,757,171.23
-6.014,-168.7,765,146.9
-6.7664,-169.19,787,136.7
-8.3467,-169.12,771,164.27
-10.175,-169.56,778,166.44
-10.663,-169.75,742,160.87
-10.853,-169.61,740,146.91
-10.661,-169.47,706,148.48
-11.004,-169.35,674,149.11
-11.017,-169.12,657,149.48
-10.9,-168.79,638,153.68
-11.026,-168.47,606,157.26
-10.666,-167.73,597,153.31
-9.9123,-167.61,624,149.28
-9.4835,-168.67,726,150.13
-10.446,-170.27,789,180.06
-11.659,-171.81,786,148.53
-12.657,-173.93,801,160.36
-12.915,-175.75,779,170.47
-13.371,-176.77,823,177.78
-12.961,-176.5,774,178.95
-14.961,-175.67,721,160.95
-15.903,-175.66,710,147.96
-15.4,-175.14,707,151.01
-14.837,-174.61,705,150.36
-14.707,-174.6,664,149.25
-15.262,-174.23,624,145.9
-15.485,-173.68,579,144.34
-15.331,-173.16,553,140.75
-15.918,-173.59,602,141.06
-15.591,-175.75,732,149.59
-12.914,-176.8,797,164.53
-13.426,-176.64,813,174.86
-14.599,-177.18,764,154.84
-14.689,-178.84,756,170.94
-15.095,-182.72,808,160.54
-16.958,-186.73,804,166.83
-17.672,-188.89,730,166
-21.034,-190.82,763,190.84
-21.262,-192.23,696,284.27
-20.794,-193.85,743,219.94
-23.209,-195.26,758,217.15
-23.52,-195.11,838,196.1
-25.743,-198.26,779,204.42
-26.865,-199.88,820,186.26
-29.332,-203.56,819,202.3
-29.792,-207.14,817,196.03
-29.107,-210.98,768,174.33
-28.693,-214.91,702,151.43
-27.387,-217.63,621,129.42
-27.65,-223.16,640,118.28
-30.073,-226.99,614,133.29
-28.15,-230.83,567,113.74
-27.133,-235.56,595,137.15
-31.155,-239.66,623,126.22
-33.751,-241.37,604,124.02
-33.125,-242.09,600,135.03
-33.361,-240.12,597,138.12
-35.995,-243.78,579,101.86
-35.256,-246.63,638,143.11
-36.643,-249.29,661,155.48
-36.274,-251.09,675,162.18
-38.628,-255.51,635,150.51
-39.828,-257.1,585,133.96
-41.67,-260.11,534,96.927
-43.074,-263.55,544,104.97
-46.456,-265.14,477,107.8
-46.657,-265.73,376,79.609
-42.537,-265.43,404,85.423
-45.05,-264.55,386,79.311
-46.513,-264.53,356,82.074
-47.513,-263.36,353,72.455
-48.695,-263.77,383,80.577
-48.908,-264.04,340,68.444
-49.049,-265.93,277,60.323
-47.712,-265.82,254,69.114
-45.709,-264.96,189,53.773
-44.542,-265.83,193,57.792
-47.449,-268.36,147,51.06
-49.172,-272.38,156,51.714
-47.984,-277.62,162,54.211
-50.452,-279.12,164,55.088
-51.446,-278.09,147,49.34
-48.149,-278.89,124,42.773
-46.222,-275.73,154,50.101
-47.398,-271.7,150,47.198
-48.744,-273.08,139,49.564
-50.319,-278.02,124,44.031
-46.842,-277.26,133,52.276
-48.413,-279.7,137,47.678
-50.026,-278.71,126,41.086
-48.329,-281.58,128,45.718
-48.574,-286.24,142,46.156
-49.57,-289.23,140,50.481
-55.359,-290.23,154,49.555
-55.553,-290.7,124,43.088
-56.027,-294.75,129,46.206
-55.902,-296.14,135,41.21
-61.051,-301.39,144,48.579
-58.98,-307.06,153,48.786
-60.432,-311.6,147,43.137
-59.44,-311.29,143,47.967
-61.87,-310.44,140,51.49
-61.71,-309.82,141,51.581
-60.338,-308.74,132,47.57
-60.196,-308.84,159,51.482
-60.2,-311.45,131,48.769
-61.664,-310.95,121,46.255
-64.337,-314.27,147,46.917
-64.216,-314.7,143,46.925
-64.065,-318.02,135,47.454
-61.981,-321.55,139,51.697
-59.179,-324.76,113,40.557
-58.963,-324.71,126,48.141
-59.519,-325.51,133,45.147
-59.422,-324.47,129,45.883
-59.314,-328.61,142,45.238
-58.963,-333.17,147,53.492
-58.48,-338.33,124,43.766
-57.529,-336.89,138,45.536
-55.634,-334.28,128,44.336
-57.747,-332.46,121,44.932
-59.275,-333.96,120,42.236
-58.944,-334.07,114,42.244
-58.244,-330.45,136,46.181
-56.83,-330.23,123,44.32
-58.586,-330.86,123,39.995
-58.368,-332.15,130,44.576
-57.372,-333.43,152,50.101
-59.957,-333.81,136,44.659
-59.987,-332.75,168,55.452
-60.322,-332.35,145,49.555
-62.371,-332.18,148,53.492
-62.749,-330.92,151,50.936
-62.222,-330.61,124,41.012
-62.419,-333.45,142,42.98
-63.562,-332.74,152,43.923
-65.457,-334.43,137,42.906
-65.378,-333.68,151,49.092
-67.725,-334.01,150,52.64
-68.133,-334.04,155,54.236
-69.086,-334.43,164,51.424
-68.745,-335.11,147,49.067
-68.466,-335.57,147,47.537
-67.014,-335.34,159,47.934
-66.662,-333.51,148,46.04
-65.294,-331.31,174,57.048
-66.054,-332.7,151,47.876
-64.945,-334.96,141,49.365
-65.529,-334.47,160,57.627
-63.274,-330.83,179,55.435
-60.775,-332.18,177,49.373
-61.545,-331.94,169,50.109
-62.429,-331.19,187,56.196
-61.56,-332.49,172,50.779
-60.735,-335.01,186,52.342
-61.266,-333.44,207,58.892
-63.386,-334.44,186,50.771
-64.903,-332.55,178,50.316
-63.094,-332.9,165,51.325
-64.194,-332.52,127,44.568
-66.488,-332.73,134,46.156
-66.178,-332.37,150,51.242
-65.853,-331.94,145,46.181
-65.577,-331.45,140,45.403
-64.523,-331.82,137,50.2
-63.19,-331.83,159,58.801
-63.529,-335.22,153,49.274
-65.107,-334.54,169,56.75
-65.259,-333.13,196,61.613
-65.282,-334.46,201,63.416
-63.894,-334.01,205,67.518
-64.537,-335.23,199,70.818
-66.544,-335.65,164,55.344
-66.584,-335.47,166,60
-65.723,-336.03,157,52.524
-67.588,-336.52,142,44.61
-70.686,-335.44,139,45.883
-71.442,-334.57,119,39.912
-71.103,-334.49,132,42.815
-72.327,-333.87,140,44.494
-70.583,-334.48,141,41.963
-70.47,-334.03,114,37.836
-68.254,-334.53,146,47.579
-71.615,-333.19,152,48.05
-73,-332.36,156,46.925
-72.891,-332.21,138,46.363
-72.138,-332.52,134,42.244
-71.391,-333.69,138,44.94
-69.078,-333.09,147,47.504
-66.882,-332.74,169,50.729
-67.599,-334.13,154,47.033
-69.452,-335.19,164,52.896
-69.11,-332.35,192,58.264
-68.095,-331.82,223,57.114
-67.766,-330.07,248,66.178
-63.328,-329.38,252,65.467
-63.837,-331.53,283,66.848
-60.111,-332.35,246,59
-63.454,-332.25,289,75.135
-63.086,-332.11,318,80.411
-65.41,-333.26,374,88.326
-63.292,-334.91,292,69.718
-60.77,-333.59,346,90.121
-62.363,-334.13,313,79.51
-62.717,-333.8,319,81.561
-60.055,-334.49,268,64.822
-60.94,-335,259,61.497
-61.535,-335.25,251,68.279
-60.853,-335.66,219,56.13
-61.722,-334.69,227,55.716
-60.108,-334.5,258,58.52
-59.798,-335.47,317,82.454
-60.221,-336.76,346,80.734
-62.014,-337.15,305,73.34
-59.052,-336.33,324,72.125
-58.455,-339.26,297,64.888
-56.58,-337.99,291,66.873
-57.274,-339.9,247,61.737
-58.69,-341.23,258,61.473
-60.599,-342.75,188,54.6
-59.657,-341.28,203,50.291
-57.766,-340.73,248,56.568
-59.525,-339.19,217,55.708
-62.945,-335.7,253,62.101
-65.509,-333.74,289,67.22
-67.985,-330.92,320,72.298
-69.314,-330.92,311,65.194
-70.185,-332.89,353,74.283
-66.157,-331.74,380,82.644
-65.123,-333.26,387,81.776
-61.21,-332.97,409,94.322
-62.603,-338.23,411,90.947
-62.866,-337.86,390,97.29
-61.256,-338.91,347,72.488
-56.954,-340.15,327,67.402
-58.806,-341.47,335,73.241
-55.739,-341.52,311,73.994
-52.822,-342.22,276,65.839
-56.904,-344.71,275,71.744
-60.112,-344.31,283,67.038
-59.403,-342.29,338,84.273
-63.805,-345.53,326,81.122
-60.549,-343.68,318,72.273
-55.085,-342.52,300,67.733
-58.451,-346.28,301,73.712
-60.563,-348.03,344,76.474
-59.407,-345.65,373,84.033
-63.083,-346.87,341,86.225
-66.588,-346.66,310,72.844
-65.66,-346.07,302,69.296
-60.705,-346.07,261,63.292
-62.355,-347.73,307,78.269
-56.524,-348.88,278,65.004
-59.873,-350.28,249,66.41
-60.468,-349.33,209,58.04
-59.18,-349.99,213,57.693
-61.073,-351.07,217,63.176
-65.448,-350.37,246,63.333
-63.543,-349.04,284,75.507
-63.382,-350.25,312,82.918
-67.112,-350.62,301,65.169
-67.607,-350.02,250,57.85
-68.353,-351.18,259,56.957
-68.161,-350.46,252,59.074
-67.994,-348.74,274,62.787
-69.45,-351.1,291,80.155
-68.434,-349.9,284,64.433
-67.514,-348.52,278,62.382
-70.024,-351.09,272,63.846
-69.31,-350.28,271,64.234
-70.637,-349.76,313,74.812
-70.608,-349.26,332,80.791
-69.11,-344.95,338,87.4
-66.488,-345.39,362,82.33
-62.642,-343.41,470,107.01
-62.952,-342.51,462,113.03
-58.825,-340.51,436,100.49
-59.993,-343.69,409,92.453
-61.346,-346.4,438,92.609
-63.521,-346.14,441,100.67
-63.357,-345.89,408,86.134
-64.887,-347.7,373,81.561
-66.371,-349.18,346,72.736
-61.777,-347.67,389,78.848
-57.56,-347.89,362,73.034
-62.621,-351.38,352,75.474
-66.445,-350.61,370,79.799
-66.066,-349.57,310,64.367
-62.98,-350.48,331,77.119
-64.61,-352.13,274,60.778
-63.388,-351.98,265,57.321
-62.75,-351.32,254,59.959
-61.228,-349.91,257,60.331
-55.465,-347.99,300,68.353
-53.391,-346.26,356,83.935
-52.039,-346.98,392,87.507
-54.516,-349.89,384,87.747
-59.156,-351.39,408,96.356
-64.347,-354.36,381,82.148
-61.147,-352.24,414,87.391
-54.893,-350.56,345,75.226
-57.703,-354.83,362,77.004
-60.181,-356.35,347,76.433
-56.415,-352.1,332,76.491
-52.197,-351.44,268,60.547
-53.836,-353.26,281,67.998
-53.7,-351.67,295,64.913
-52.706,-350.07,254,60.72
-54.014,-353.45,294,66.898
-55.277,-352.17,281,65.467
-55.398,-352.1,294,69.42
-55.542,-353.16,338,83.413
-52.041,-351.65,334,75.49
-51.56,-348.88,385,89.343
-51.981,-350.28,417,97.787
-53.169,-344.87,405,94.181
-55.992,-337.24,453,91.419
-60.908,-331.81,457,92.262
-64.301,-333.37,507,102.15
-68.807,-332.88,484,107.69
-66.93,-340.89,496,101.5
-70.945,-344.57,500,109.22
-68.411,-347.24,498,116.15
-70.822,-352.55,462,99.284
-71.858,-347.09,422,90.956
-67.825,-345.35,415,94.677
-72.01,-348.01,430,100.6
-74.344,-346.58,442,101.08
-69.701,-349.57,417,89.426
-71.452,-351.51,398,89.633
-72.852,-347.37,373,85.895
-67.386,-353.27,398,78.22
-71.033,-354.56,422,90.493
-68.513,-349.35,459,102.86
-70.611,-353.87,436,79.022
-71.196,-353.54,429,89.996
-69.497,-359.45,396,81.478
-64.982,-359.75,384,80.081
-67.831,-360.51,387,89.17
-67.882,-360.74,322,72.67
-67.533,-361.64,276,66.154
-72.406,-363.27,271,64.615
-73.232,-361.27,346,80.345
-74.061,-356.16,390,83.562
-73.831,-355.85,400,79.518
-74.791,-355.2,418,88.028
-74.172,-353.17,461,111.61
-75.326,-345,478,115.04
-71.615,-336.93,506,115.5
-69.023,-335.38,508,114.9
-64.252,-330.39,496,110.47
-58.597,-337.05,500,117.09
-56.682,-338.23,502,118.54
-52.565,-344.17,485,122.27
-55.177,-350.72,494,113.91
-56.393,-350,500,115.69
-53.68,-353,444,99.358
-54.498,-355.59,404,91.667
-53.556,-352.38,418,98.846
-55.132,-356.4,447,107.59
-53.089,-357.22,407,92.999
-55.832,-359.41,411,90.476
-54.267,-357.98,395,83.248
-59.289,-360.38,361,77.964
-54.991,-358.14,362,78.873
-58.709,-362.4,353,79.518
-57.501,-362.08,291,75.11
-57.583,-365.25,256,71.256
-59.063,-363.09,256,61.431
-56.669,-359.59,288,64.036
-55.365,-363.25,262,62.217
-55.926,-365.19,219,52.35
-56.702,-362.93,235,56.841
-55.756,-361.16,222,62.109
-57.085,-362.77,235,66.393
-61.785,-366.38,282,68.568
-64.058,-365.04,315,68.858
-64.544,-362.85,340,74.531
-65.907,-359.53,421,97.233
-69.568,-358.29,476,119.98
-71.216,-359.78,501,109.71
-72.996,-358.93,503,111.23
-68.498,-361.53,487,98.316
-71.258,-365.07,442,90.7
-71.225,-363.62,408,89.045
-68.764,-363.95,413,89.343
-72.593,-363.7,387,82.785
-72.453,-362.87,359,75.019
-71.067,-361.56,373,78.195
-69.513,-365.12,369,77.839
-69.536,-367,386,79.171
-70.323,-368.04,380,80.089
-69.254,-368.52,357,73.307
-68.24,-367.51,390,95.844
-63.702,-369.44,364,85.679
-67.726,-371.22,347,82.603
-71.33,-371.02,344,78.501
-74.779,-369.69,307,73.721
-73.748,-367.73,303,70.429
-72.724,-367.77,385,86.142
-69.612,-365.17,376,86.738
-66.437,-358.2,396,89.227
-60.933,-353.64,458,100.04
-52.446,-352.4,455,91.419
-49.466,-352.77,444,100.05
-51.23,-353.82,429,97.506
-48.217,-350.97,436,96.066
-46.637,-354.56,411,92.709
-49.746,-358.67,389,92.561
-50.819,-364.19,379,84.389
-53.042,-368.75,338,76.127
-51.195,-362.38,371,81.313
-49.893,-366.52,343,74.283
-53.794,-370.82,340,76.376
-57.199,-374.15,306,68.13
-57.681,-373.06,283,61.323
-58.358,-374.06,267,59.19
-58.74,-374.68,264,57.23
-59.024,-374.85,283,62.209
-58.85,-374.78,290,61.175
-58.475,-374.79,297,63.556
-58.407,-374,321,66.501
-58.264,-372.81,346,73.051
-57.967,-372.61,339,78.41
-57.829,-372.97,347,75.466
-56.076,-373.87,336,72.356
-56.593,-373.51,342,80.097
-58.595,-372.21,359,98.929
-58.971,-371.67,345,93.999
-59.148,-371.54,354,101.08
-59.353,-371.7,366,105.87
-59.399,-371.86,372,102.87
-59.489,-371.81,369,100.7
-59.332,-371.89,372,94.711
-58.965,-371.88,373,100.61
-58.077,-371.11,372,117.66
-57.802,-370.54,365,135.08
-58.398,-372.13,449,117
-59.117,-371.54,484,134.98
-59.117,-371.54,484,134.98
