0,-0,130,40.069
0.24404,0.099331,138,40.739
1.4798,0.28201,124,42.517
1.2466,-0.04182,142,42.236
0.82898,-1.0751,133,38.961
0.092134,-1.0074,133,41.318
0.15228,0.22568,133,41.591
1.9367,1.1413,142,47.405
3.1198,-1.7672,142,40.946
-0.56607,-2.6204,146,42.633
-2.7087,2.3251,150,44.874
2.0395,2.752,133,42.352
3.9639,2.5798,116,49.911
2.4772,2.2051,135,50.845
3.8915,-0.49602,145,44.667
2.8498,-2.404,132,42.832
1.3364,-1.4745,139,42.997
1.5089,-1.0328,132,41.955
1.8112,-2.2865,128,39.788
1.6214,-2.1174,136,40.665
2.3184,-0.91479,154,44.031
2.1301,-2.2161,110,38.523
1.9206,-2.3412,128,38.688
1.7558,-1.977,149,41.963
2.4261,-1.7754,123,43.187
2.1596,-2.1449,120,39.821
1.6369,-3.0347,134,41.773
1.4775,0.32418,140,42.12
1.316,1.8235,134,43.088
2.3191,1.5523,145,42.244
3.4476,0.5755,135,45.9
3.0324,-1.2884,134,44.982
1.8624,-1.0764,135,43.642
1.7956,-1.4115,128,42.443
2.1769,-2.2154,130,43.485
1.6369,-2.2212,134,39.879
1.5575,-2.2042,129,38.961
0.091915,-1.2382,137,41.227
-2.3429,2.369,131,42.98
-2.1392,3.2545,143,44.022
-1.5141,6.0136,157,52.044
0.07033,7.1742,140,52.011
2.4596,7.5029,152,49.084
3.2703,5.2599,140,48.075
2.5522,2.5039,139,42.608
3.4333,-0.54312,152,43.551
2.2254,-1.6838,135,42.062
2.0249,-1.0869,134,39.788
2.2994,-0.81709,135,39.912
2.4955,-2.8863,129,38.597
0,-2.0538,130,40.441
-2.5727,4.1566,143,41.773
-1.7826,3.901,128,41.401
2.0373,-0.85748,148,48.058
2.9346,-4.6973,140,42.699
-1.8783,0.13211,189,49.34
0.5005,8.1515,214,57.718
0.37552,15.416,220,60.323
1.8409,23.801,238,62.382
1.2441,31.705,232,62.192
-3.609,34.262,235,57.486
-5.9755,35.39,233,56.146
-3.7064,36.31,244,66.137
-0.013675,34.163,234,55.898
3.7591,28.197,212,52.979
5.6152,21.828,196,47.909
5.4242,16.408,215,51.672
6.9447,17.846,193,48.232
4.9995,18.588,188,47.562
1.9472,14.267,211,50.357
-0.23681,7.2581,224,58.247
-0.17902,4.7657,220,52.706
-0.39687,2.2829,216,53.012
-0.61207,-3.1923,211,52.16
1.2777,-3.0774,202,48.877
0.65604,-2.4842,203,49.704
1.3977,-3.3939,198,49.158
0.97121,-2.4554,194,47.388
1.0498,-2.5919,201,48.116
1.141,-2.641,195,48.513
0.90753,-2.4897,192,48.513
0.71276,-2.2193,199,49.166
1.4095,-2.9509,197,47.843
1.2002,-1.4756,199,50.746
-0.26232,-2.4115,196,48.488
-0.019345,-3.0675,202,49.348
0.94472,-3.0864,193,48.968
1.2978,-2.0219,197,48.397
-0.41782,-0.81764,205,51.234
-1.7327,-3.0029,208,51.052
1.3281,-2.1538,193,47.289
-2.4108,3.0422,216,57.015
-5.1068,3.0466,209,52.061
0.35002,-3.2634,211,51.697
3.0594,-4.4242,198,49.745
0.2138,-0.38403,209,53.475
-3.9615,-0.030769,195,51.052
3.7224,-3.4422,196,49.365
0.58993,-3.1137,188,48.86
0.21864,-4.0945,194,48.488
1.7902,-3.7834,197,47.752
1.9557,-3.6564,194,47.198
1.4075,-3.8855,192,47.289
1.4846,-4.4075,185,46.545
1.2649,-5.0167,183,45.9
1.1343,-4.8328,181,45.809
1.3927,-4.4291,185,46.156
2.7458,-4.4484,183,45.188
2.7711,-4.4778,185,46.743
1.7584,-6.1107,187,46.627
-2.2159,-4.6943,183,46.47
2.6545,-2.9572,186,50.3
3.7899,1.0486,207,54.617
3.0444,3.7224,224,59.744
1.151,3.4358,226,59.884
-0.27612,-0.91268,219,59.389
2.5755,-4.2115,220,57.9
4.7969,-0.91626,212,53.475
2.2614,-0.10805,215,53.682
-3.4684,-3.3205,217,52.822
-0.73538,-5.6765,200,49.092
-0.58373,-5.2294,199,48.579
-0.080333,-5.2595,194,48.695
-0.40256,-4.6462,195,49.274
-0.30041,-5.9503,187,46.371
0.38718,-5.6769,195,47.959
0.70153,-2.9053,201,51.945
-1.1154,-3.0323,205,48.414
-1.5486,-6.2093,199,48.926
0.36602,-3.8977,199,49.274
-4.0422,-1.2128,205,52.598
-6.5599,6.6987,211,51.399
-5.4033,9.7781,207,51.482
-3.9012,8.6215,212,52.086
0.20254,7.0649,212,50.746
1.1423,6.1846,208,49.629
2.4243,5.9653,209,51.416
1.7819,3.1137,218,52.979
3.9371,1.6334,217,51.631
3.7576,-0.62836,211,52.367
3.3468,0.35788,206,49.985
4.2296,-2.1615,200,49.439
3.5948,-3.1054,196,48.141
3.1455,-2.9509,197,48.786
2.8965,-1.211,202,48.116
4.3811,-2.3902,199,48.885
3.3063,-5.5275,194,48.166
2.5872,-1.1118,191,49.001
6.2115,1.643,197,48.786
4.5871,-6.9932,199,48.67
3.0846,-10.949,202,49.365
1.6321,-4.7973,221,57.395
1.3335,-2.0869,221,60.091
2.3548,-4.9364,211,51.077
0.19573,-6.8535,198,49.249
-0.039737,-8.8325,193,48.24
0.46285,-9.1589,193,49.737
2.6296,-3.9115,200,52.64
5.2539,-4.6668,189,48.05
5.7548,-8.2584,191,47.926
4.8398,-13.177,192,48.587
1.7803,-12.613,184,46.644
-1.9837,-6.4908,205,52.632
5.5772,-7.6168,201,48.976
4.0998,-13.438,197,50.2
-0.29824,-11.399,175,46.255
-3.5443,-10.543,194,48.414
-5.3576,-4.0686,199,50.754
-0.15491,1.8834,167,44.899
4.4237,4.5396,174,44.957
3.6301,9.4102,209,52.797
1.8827,7.5308,208,50.68
-3.1934,8.2219,223,55.336
-4.4226,9.8119,207,49.522
-5.0837,7.6462,208,50.192
-6.091,5.3238,205,50.192
-5.2952,3.9587,208,51.424
-5.2504,6.0288,197,50.217
-4.9983,1.2848,205,50.448
-5.4694,-0.32821,213,50.266
-4.2212,-2.7878,206,52.152
-3.3656,-3.4672,211,51.391
-2.5605,-5.8459,217,53.839
-2.3459,-2.0504,216,51.135
-5.4949,0.34872,195,48.025
-1.5692,0.28352,182,46.156
-2.178,-2.6363,198,49.547
3.0893,-3.4163,212,49.968
5.2826,-8.5702,197,49.249
8.6183,-14.081,193,51.308
8.6966,-19.137,183,46.321
9.6536,-18.248,174,46.627
9.205,-19.777,191,48.149
6.9023,-16.849,181,48.703
6.1462,-18.4,195,47.479
5.5902,-21.263,178,46.503
0.79222,-21.182,171,47.173
-0.36777,-16.614,168,46.743
5.1217,-18.169,189,49.712
3.8998,-17.227,184,48.571
1.91,-17.148,189,48.885
0.21296,-18.448,187,47.777
-0.49654,-19.164,191,47.868
0.19632,-19.029,188,47.008
0.67529,-18.387,193,49.638
-0.21012,-19.062,190,47.752
2.8156,-17.991,197,50.837
-0.90995,-18.417,184,46.23
0.089992,-18.307,186,47.744
-1.5411,-18.442,187,47.686
1.7852,-18.72,187,47.281
-1.9748,-19.24,185,46.652
2.194,-18.063,192,48.397
4.0472,-14.718,214,53.078
1.9705,-12.785,219,55.659
-2.3797,-19.029,196,48.414
-0.39388,-20.344,186,47.124
-2.2815,-19.454,183,47.703
-1.0515,-18.918,191,48.596
1.4162,-19.998,193,50.498
-2.3432,-17.012,180,46.594
-2.7952,-20.596,183,46.619
-1.6436,-18.89,184,47.107
-3.4559,-18.635,185,47.388
-1.764,-19.905,185,48.141
-2.1122,-19.188,188,46.735
3.4247,-18.748,197,49.869
2.3242,-14.849,192,50.936
5.6137,-15.006,206,54.947
-0.40038,-17.227,200,50.928
0.80543,-20.509,197,50.308
1.9901,-16.885,201,49.712
-2.9297,-11.862,210,53.74
-3.9888,-8.8725,218,60.513
-9.4882,-2.5962,199,50.2
-6.2892,0.025377,214,53.847
-2.566,-5.7751,229,59.835
-3.4888,-12.217,218,57.263
-1.8359,-21.624,214,56.849
-2.5643,-24.459,188,49.431
0.86679,-23.632,202,51.399
-0.25253,-25.136,175,46.561
-2.3353,-26.142,181,50.961
-4.2575,-21.293,190,51.325
-5.8376,-18.928,180,46.553
-5.62,-17.636,193,48.695
-0.99786,-17.43,194,48.513
3.8373,-17.355,186,49.175
3.8434,-20.214,199,48.695
2.3578,-25.172,194,48.397
0.76823,-26.515,177,47.968
-0.34235,-26.836,178,45.329
0.57065,-28.438,179,45.511
-0.52902,-30.565,176,47.099
0.59319,-32.902,175,45.61
-3.1253,-28.308,181,48.488
-2.9054,-21.467,200,58.082
1.837,-11.666,214,55.336
3.1114,-1.0499,224,55.807
3.2067,9.3385,213,54.418
3.6186,20.096,206,53.657
4.2017,30.974,222,55.253
-2.3408,38.676,228,60.422
-9.4994,45.242,238,63.805
-11.778,56.523,233,70.288
-18.13,67.979,228,63.796
-19.876,80.232,226,59.653
-22.45,91.951,217,57.883
-17.865,98.457,177,48.496
-14.633,100.25,124,46.545
-13.168,99.488,107,41.227
-12.836,94.442,164,59.934
-16.784,93.399,182,58.338
-20.72,92.659,184,51.523
-21.686,93.899,157,47.653
-18.74,96.646,91,32.874
-16.648,98.431,86,32.179
-17.821,91.81,191,52.433
-16.257,84.062,228,74.117
-11.767,78.464,223,58.52
-13.815,73.521,219,53.45
-9.5882,65.417,217,53.748
-11.888,55.666,217,52.384
-10.184,53.824,212,63.763
-9.3344,44.415,210,70.727
-9.5789,32.362,214,59.719
-5.7958,22.324,209,57.362
-0.43151,12.527,217,59.264
2.4864,1.797,229,60.025
5.3765,-6.4813,233,68.37
3.1639,-14.758,227,64.888
5.1879,-22.159,213,60.298
2.8714,-29.799,197,48.604
-2.3604,-26.442,191,47.173
2.3831,-20.816,201,51.433
-1.7349,-22.164,205,49.836
-0.39992,-28.311,194,49.985
-1.3753,-27.33,187,48
-3.4538,-26.216,182,46.528
-1.4917,-27.944,177,47.934
-1.6654,-27.395,180,46.925
-5.2523,-30.145,184,47.967
-1.9911,-22.899,185,48.604
2.7765,-15.499,172,46.437
6.1871,-8.842,205,56.014
13.106,-9.9913,185,47.934
13.079,-12.71,187,47.57
11.899,-16.888,172,43.915
9.6438,-18.355,186,48.141
8.4887,-19.707,198,50.539
11.321,-23,186,47.686
11.206,-19.795,157,42.997
10.997,-20.533,148,46.462
10.846,-23.908,134,41.409
8.9826,-20.757,147,42.145
8.1979,-19.995,150,44.014
1.9361,-28.32,202,59.943
-1.4891,-30.483,190,49.944
2.805,-30.215,186,49.158
0.18191,-35.035,185,49.274
-1.2303,-32.501,181,47.082
-1.799,-27.058,189,51.374
-4.6498,-15.49,192,49.646
-4.5612,-16.047,192,49.266
-4.8284,-18.504,184,46.735
-5.8569,-17.092,188,48.422
-6.8644,-9.4932,196,49.803
-10.499,-0.45923,173,46.363
-11.006,-0.90218,187,49.076
-11.678,-5.6558,173,45.486
-11.161,-2.5717,167,46.9
-11.848,-0.31538,104,34.578
-4.8794,-3.8126,139,40.044
-1.9987,-8.0199,120,36.984
-0.20306,-4.0451,146,40.557
2.9937,-5.8547,176,46.346
8.0025,-5.8548,207,54.12
7.1688,1.6998,202,52.665
-2.3511,3.7128,179,49.249
-4.0242,-2.7548,193,51.862
2.4757,-9.2704,202,50.192
9.5555,-10.355,189,50.49
10.899,-20.563,183,52.268
12.37,-23.131,196,51.515
9.5552,-30.35,170,46.619
7.3513,-34.031,165,53.475
5.9807,-40.006,154,47.231
8.926,-39.144,145,43.807
9.0774,-43.27,138,43.741
6.9192,-42.699,133,39.027
6.8346,-41.537,152,44.469
11.376,-41.689,144,47.463
10.03,-47.324,166,44.196
9.596,-48.9,176,47.479
8.952,-49.247,181,47.198
6.6984,-48.175,189,48.513
9.9179,-46.124,186,49.042
9.8858,-54.112,171,45.718
8.4198,-58.539,179,47.744
10.085,-60.951,176,50.729
7.6081,-66.803,170,48.737
7.0549,-65.917,168,46.925
9.6172,-62.575,184,53.401
7.6468,-58.121,185,51.598
5.8931,-67.465,188,50.655
2.5936,-70.386,167,46.454
9.3468,-67.381,164,44.543
7.895,-66.256,116,35.686
1.95,-68.883,104,33.817
0.66119,-68.364,111,35.959
1.0846,-68.017,149,41.682
2.7004,-65.023,177,48.513
5.0291,-66.2,180,47.479
4.8551,-58.842,183,50.498
3.5027,-69.283,177,48.703
2.6658,-67.337,191,53.376
-1.9877,-72.113,166,45.809
0.023842,-68.463,181,49.737
-4.2817,-71.481,172,45.536
-0.025211,-69.228,173,45.147
-2.6437,-73.326,173,45.817
-6.4036,-71.738,170,44.75
-2.4566,-71.391,170,45.337
-3.2115,-67.879,179,48.281
-3.7605,-72.965,155,42.335
-6.6039,-71.902,183,46.917
-3.5952,-70.813,178,46.338
-4.8306,-70.204,177,47.008
-4.7336,-69.355,176,48.612
-5.1842,-66.882,186,52.044
-8.0159,-72.131,179,48.042
-6.4703,-71.475,182,46.718
-7.216,-70.049,173,46.462
-12.418,-71.904,177,45.974
-14.839,-71.579,158,44.477
-8.1253,-73.026,162,49.348
-17.125,-72.324,148,43.088
-23.099,-73.815,98,36.356
-28.094,-75.219,95,36.422
-28.815,-72.292,100,36.604
-18.598,-65.863,104,37.373
-12.552,-70.412,88,33.544
-13.349,-70.596,106,42.071
-16.68,-71.354,140,45.056
-17.028,-73.764,107,34.743
-17.326,-73.081,112,36.24
-16.09,-71.447,126,38.779
-14.204,-63.125,97,33.817
-13.54,-59.983,56,26.415
-12.612,-60.001,56,28.052
-10.743,-61.248,58,30.492
-10.506,-62.919,66,34.834
-8.7582,-64.276,70,33.329
-8.3154,-64.462,70,33.519
-7.5126,-63.828,72,33.676
-8.2328,-63.503,63,30.798
-7.5592,-63.223,73,36.43
-6.5954,-64.222,75,38.043
-7.2736,-65.721,67,31.65
-6.9154,-67.508,91,38.018
-4.8245,-66.51,99,38.779
-4.2412,-66.077,89,34.644
-1.6545,-67.792,69,37.555
-0.3964,-71.421,79,36.356
3.5023,-68.497,79,34.553
6.2229,-63.215,94,37.646
6.9828,-56.805,167,47.959
4.5087,-50.478,158,46.834
7.1846,-47.489,110,38.771
4.5258,-47.367,136,47.545
3.7782,-48.75,124,40.077
6.4436,-48.136,156,49.348
13.272,-52.999,181,56.08
19.681,-57.438,161,48.24
25.708,-58.26,162,48.05
29.796,-62.386,149,43.526
28.798,-66.048,150,44.965
26.705,-67.042,150,51.135
25.008,-67.238,130,44.568
25.319,-66.406,94,41.392
28.914,-66.949,94,36.24
28.86,-66.995,138,45.784
26.298,-68.388,150,42.608
23.68,-60.934,158,51.234
25.683,-54.752,137,48.786
29.195,-53.56,101,38.787
31.74,-53.879,60,32.676
31.291,-52.54,65,31.534
29.736,-52.69,89,36.43
31.546,-54.657,91,35.752
27.894,-57.629,141,44.783
31.015,-61.205,154,44.204
33.494,-64.6,152,44.75
34.073,-61.457,149,44.957
31.8,-69.199,150,45.114
32.053,-73.412,150,43.088
31.133,-75.828,148,44.105
29.864,-73.914,132,38.68
27.44,-74.058,132,39.523
32.802,-72.092,138,41.177
39.297,-74.348,136,41.045
39.28,-81.943,144,43.642
34.935,-89.142,134,39.126
28.454,-93.436,144,41.392
22.237,-98.7,145,42.534
19.333,-105.47,141,42.145
19.291,-113.47,141,42.244
20.655,-120.39,133,40.822
18.206,-126.53,130,42.542
19.332,-130.67,115,39.242
17.69,-135.23,120,41.012
21.437,-141.59,118,40.491
27.896,-146.53,119,38.308
34.4,-148.29,126,43.551
40.263,-148.01,128,40.094
45.202,-145.15,126,40.938
46.908,-140.4,136,43.477
47.113,-134.32,141,42.244
45.63,-129.45,128,42.98
46.23,-126.05,146,47.727
43.43,-123.13,136,43.394
37.948,-119.11,126,41.781
33.744,-115.67,138,46.09
39.475,-111.24,133,41.707
45.27,-107.97,128,40.855
49.542,-105.42,140,39.606
51.677,-100.67,142,40.251
53.181,-95.433,134,41.756
55.782,-92.591,114,35.967
55.285,-87.581,112,35.388
51.057,-85.431,101,33.982
51.504,-83.195,93,32.576
48.574,-87.321,109,35.107
50.454,-86.218,141,48.604
46.806,-83.841,160,50.763
49.35,-84.069,164,52.243
49.9,-82.466,160,52.549
51.843,-82.624,163,52.756
55.225,-84.26,160,47.686
57.577,-89.11,153,46.752
59.793,-98.032,150,46.388
56.346,-105.89,150,44.866
59.148,-108.33,144,46.156
61.25,-112.78,118,39.813
56.614,-113.89,128,44.312
53.132,-114.28,116,43.716
50.32,-112.39,89,37.745
45.343,-113.26,110,48.786
49.457,-117.75,117,43.27
50.429,-122.58,127,44.494
54.057,-129.39,141,45.982
55.279,-137.24,145,45.528
54.71,-142.34,144,42.699
58.659,-141.87,141,43.187
55.483,-147.56,130,41.5
54.09,-151.46,125,41.591
53.576,-153.62,98,34.189
54.645,-151.8,91,36.819
58.527,-148.13,76,34.561
53.959,-145.37,122,41.202
58.809,-148.61,131,43.27
52.824,-143.83,138,41.293
52.862,-152.56,131,40.722
56.106,-154.26,126,41.856
52.893,-157.56,122,37.762
51.917,-156.06,116,38.291
49.106,-157.68,113,37.166
49.898,-156.43,115,36.422
42.549,-159.96,131,40.16
40.937,-163.82,124,38.109
40.545,-172.41,114,40.185
37.477,-179.06,108,37.191
36.021,-184.67,94,40.557
32.291,-188.81,81,45.354
30.674,-189.83,81,36.927
35.176,-184.03,86,41.782
32.019,-186.88,80,47.587
36.478,-192.42,70,39.904
33.212,-198.84,57,47.24
32.535,-207.36,175,46.272
34.261,-214.68,181,46.371
32.854,-220.54,190,51.879
36.017,-221.76,179,47.115
34.436,-224.61,176,45.693
34.827,-233.28,172,45.974
37.137,-240.92,164,46.09
40.033,-248.64,164,46.156
38.368,-256.04,176,47.587
38.586,-263.53,169,47.124
40.322,-267.19,167,48.422
39.613,-276.5,154,45.866
41.581,-281.54,120,46.462
42.474,-279.53,136,42.608
45.094,-284.97,164,47.289
48.915,-291.07,162,43.344
48.915,-291.07,162,43.344
