0,-0,100,39.549
0.52,0.55,100,37.944
0.60966,0.57356,118,53.889
0.28299,1.1019,117,41.781
0.31148,0.83407,108,37.762
0.38556,1.1874,117,42.815
0.44947,0.47681,113,44.213
0.76277,0.61714,119,47.976
0.13275,0.14532,109,38.961
0.32541,-0.53358,109,43.113
0.052222,-0.88815,108,39.077
-0.24843,-1.6322,102,36.521
-0.61828,-1.1969,116,40.367
-0.38239,-2.2223,113,38.614
-0.26756,-2.5083,123,41.798
0.037921,-2.9727,101,38.779
-0.39222,-2.9807,108,41.682
-0.56048,-3.0019,105,39.532
-0.58667,-3.4252,108,43.568
27.254,88.828,118,48.811
18.297,70.21,120,49.803
15.937,49.276,122,51.217
-0.67893,-3.8918,112,42.881
-0.81815,-3.3233,108,41.211
-1.0992,-3.2842,113,37.803
-1.5839,-3.0257,113,42.923
-1.8391,-3.1412,118,47.24
-1.4711,-3.2781,109,41.475
-1.8147,-2.9749,103,37.158
-2.0259,-3.4734,105,43.551
-2.3389,-3.2758,103,39.606
-2.2614,-3.1769,110,42.724
-2.6913,-3.801,109,47.488
-3.575,-4.5921,113,46.942
-3.6939,-4.7237,108,40.077
-3.4852,-4.8975,115,39.242
-3.4711,-4.7276,109,38.589
-4.2122,-4.4063,113,39.606
-4.5872,-5.3136,122,44.221
-4.748,-4.6768,129,43.494
-4.679,-4.1349,136,47.951
-5.2918,-4.1496,139,48.53
-5.6989,-3.7555,137,44.684
-6.179,-3.3849,136,51.325
-6.7713,-3.2005,118,53.79
-7.0276,-2.6583,116,40.855
-7.1239,-2.3289,106,39.242
-7.0671,-1.8195,103,37.481
-7.0105,-1.0415,111,42.327
-7.3498,-0.40678,105,37.183
-7.0069,-0.48297,105,39.358
-6.46,-0.86645,113,43.403
-6.3129,-1.1582,117,41.988
-6.3466,-1.2014,116,45.164
-6.6619,-1.2326,148,52.152
-6.7887,-1.5772,146,53.765
-6.8257,-1.5275,151,51.887
-6.2212,-1.5961,212,64.351
-6.2927,-1.8715,209,59.951
-6.4989,-1.7245,224,60.902
-6.6206,-1.561,246,67.733
-6.1359,-2.1114,234,61.539
-7.233,-2.6166,241,66.534
-6.3578,-3.3488,243,69.429
-5.7385,-3.1974,258,65.782
-6.4772,-2.4412,250,63.424
-6.8477,-3.0044,261,68.114
-5.9544,-3.3462,264,65.194
-5.5806,-3.9376,265,70.744
-6.0826,-5.3878,293,72.125
-6.2937,-5.5484,278,75.987
-6.5844,-5.0508,265,68.221
-7.6624,-5.5663,276,73.531
-7.6681,-6.1837,291,76.649
-7.7328,-6.7763,319,87.036
-8.2932,-7.7649,317,94.215
-7.0738,-7.9929,344,99.582
-7.5275,-9.5093,368,109.22
-8.3879,-10.91,406,118.88
-8.2649,-12.367,417,128.63
-8.3992,-12.284,421,129.95
-8.9211,-12.209,439,131.26
-8.2377,-10.776,421,112.3
-7.3355,-9.5076,402,88.971
-7.234,-7.637,368,83.554
-7.8447,-5.9618,364,79.154
-7.2985,-5.5675,361,77.343
-6.5636,-5.3196,363,79.973
-6.6871,-7.0825,376,86.358
-6.7225,-8.1291,405,92.155
-7.2743,-8.1757,447,109.41
-7.9181,-8.503,465,108.48
-8.0789,-8.4781,449,100.69
-8.1741,-9.3306,450,97.481
-7.9842,-9.102,443,91.791
-7.0822,-8.1807,435,85.39
-6.6879,-7.5609,428,86.333
-5.7659,-7.9056,402,80.171
-5.7692,-8.1355,412,89.873
-5.6769,-8.9134,403,90.178
-5.9122,-9.6527,424,97.06
-6.8787,-10.666,416,95.083
-7.9582,-11.439,415,96.605
-8.7967,-12.511,415,102.43
-9.4896,-14.432,397,85.605
-9.4625,-15.912,375,81.677
-9.9585,-16.219,375,76.88
-9.7557,-14.911,368,79.907
-9.5082,-13.64,393,80.18
-9.5669,-13.565,408,93.975
-9.5209,-13.378,419,91.916
-9.4099,-12.922,420,97.2
-9.4206,-13.194,421,93.487
-9.5066,-13.374,434,103.82
-9.3513,-13.383,455,96.812
-9.8716,-13.46,476,116.17
-11.048,-13.322,449,97.928
-11.213,-12.368,413,91.907
-10.304,-11.995,414,86.441
-9.1932,-10.911,427,84.778
-7.5308,-9.8071,422,93.049
-6.6939,-10.094,426,93.859
-7.3451,-11.666,416,89.823
-7.8275,-13.264,412,90.468
-9.2208,-15.258,377,85.688
-9.8769,-16.069,354,79.51
-10.075,-16.442,370,84.886
-10.874,-16.568,381,81.702
-11.809,-15.9,394,93.396
-12.565,-15.659,418,96.332
-12.252,-16.068,453,104.08
-10.472,-16.255,455,93.992
-9.5112,-16.885,462,87.846
-8.8423,-17.639,493,97.332
-7.4672,-17.405,500,104.35
-7.2183,-16.467,495,109.75
-6.944,-15.201,515,127.78
-6.4532,-15.675,520,108.37
-7.5825,-16.067,499,89.69
-7.9092,-16.421,495,91.684
-8.4806,-16.577,504,100.34
-8.6977,-16.575,506,95.422
-8.6149,-16.855,503,99.747
-8.6749,-17.085,508,98.441
-8.7177,-16.939,528,104.19
-8.8775,-17.514,542,104.37
-8.7288,-18.471,567,99.863
-9.4838,-19.733,572,122.38
-10.032,-20.694,590,116.67
-8.9234,-20.767,602,119.26
-8.3435,-20.386,600,123.38
-8.4168,-19.629,602,119.84
-8.898,-18.693,557,113.1
-9.6274,-18.532,576,113.63
-8.6822,-18.258,592,112.13
-7.6377,-19.912,557,105.09
-8.1121,-19.717,580,113.6
-8.9165,-18.952,616,118.68
-9.4494,-18.762,645,123.8
-9.3836,-20.426,671,134.8
-9.8652,-21.764,700,142.5
-10.642,-23.643,711,146.31
-9.7004,-25.379,718,151.76
-7.9916,-28.658,752,164.69
-7.4311,-31.667,770,179.8
-6.3201,-35.281,805,189.6
-4.6753,-36.752,818,192.86
-3.2802,-39.764,824,178.88
-3.2091,-42.529,760,174.46
-3.7696,-44.953,767,180.1
-4.213,-46.819,783,189.62
-4.7347,-47.62,792,200.24
-4.1303,-46.929,804,214.01
-3.8574,-45.027,796,203.76
-5.4496,-41.438,766,194.02
-5.7545,-36.935,790,175.82
-6.6662,-33.323,749,177.14
-7.6011,-30.806,753,170.33
-8.5846,-28.016,708,150.12
-8.5906,-26.067,693,132.83
-8.605,-24.321,693,154.7
-8.3258,-23.886,649,124.42
-7.2988,-23.854,597,112.29
-7.6578,-22.581,566,106.51
-7.6263,-21.664,588,104.86
-8.4719,-21.043,607,105.86
-8.7767,-21.424,615,126.72
-9.3187,-23.067,590,108.39
-9.3332,-24.348,577,111.19
-8.845,-25.332,582,103.48
-8.7529,-25.984,578,108.28
-7.5055,-27.345,593,106.62
-6.3711,-27.373,616,115.87
-6.5767,-27.139,612,112.82
-6.4832,-27.34,647,106.36
-6.5147,-26.779,648,120.03
-6.5282,-26.765,650,132.89
-6.8568,-26.641,662,126.63
-6.7996,-26.705,663,123.18
-7.4105,-26.343,651,130.62
-8.3027,-26.157,649,151.68
-8.7603,-24.258,642,118.17
-7.6006,-22.865,614,105.62
-6.2688,-21.5,605,108.53
-6.6777,-21.784,576,100.69
-7.7216,-22.079,572,98.656
-8.2772,-23.601,594,108.32
-7.7517,-26.479,632,106.41
-7.3477,-29.406,653,115.15
-7.314,-31.732,680,120.13
-6.5216,-34.334,696,140.15
-7.0333,-38.322,710,144.47
-6.4072,-41.729,741,151.66
-5.7111,-45.604,737,151.06
-5.9065,-47.636,748,167.89
-6.0448,-47.283,752,164.25
-6.7332,-46.577,750,171.82
-7.0028,-45.547,707,175.6
-8.4658,-44.167,726,179.99
-10.355,-43.145,764,189.64
-11.114,-42.422,789,184.15
-10.566,-40.929,734,162.36
-9.7452,-39.829,700,152.12
-9.2992,-38.721,665,130.4
-8.6662,-37.917,636,125.46
-8.1069,-36.148,590,116.96
-8.8121,-33.06,580,112.03
-9.7955,-32.476,556,114.96
-10.245,-31.723,571,116.09
-10.561,-32.029,543,99.996
-10.271,-34.213,561,113.14
-8.4101,-35.811,612,110.61
-7.6447,-38.095,691,123.33
-7.4509,-40.093,711,119.51
-7.3523,-41.757,709,134.35
-5.6348,-44.139,725,138.82
-5.5662,-46.29,711,142.55
-5.6103,-45.915,685,129.4
-5.5302,-44.711,672,137.6
-6.5279,-44.368,713,142.59
-6.7969,-43.631,739,146.88
-6.9897,-42.867,757,149.91
-6.9207,-42.592,773,160.43
-6.9853,-42.843,761,182.57
-7.0848,-42.652,824,180.91
-6.9804,-43.019,824,176.67
-6.3203,-42.458,819,176.34
-6.4191,-41.535,825,173.86
-6.6132,-40.124,805,158.65
-6.7419,-38.545,784,148.91
-6.4821,-37.396,747,140.31
-7.2521,-37.535,712,132.37
-7.3739,-38.878,704,131.55
-6.9097,-39.754,668,123.45
-5.2961,-40.48,665,121.67
-4.3642,-42.766,634,121.13
-4.1055,-45.158,679,126.45
-3.5334,-47.805,702,134.22
-3.6436,-50.881,669,136.96
-3.5977,-54.254,696,148.61
-2.2544,-55.819,776,159.95
-1.622,-58.131,745,171.36
-1.6719,-60.969,746,170.56
-2.0176,-65.577,747,162.72
-1.5718,-69.468,702,148.32
-1.0688,-71.923,715,146.59
-2.3183,-71.938,731,151.82
-2.7522,-72.82,693,153.55
-2.7003,-72.878,659,143.15
-2.6094,-71.297,656,146.3
-5.0836,-69.617,678,144.72
-7.0461,-68.543,681,140.24
-5.1596,-64.884,625,132.73
-4.1447,-62.186,597,117.64
-3.0399,-60.961,594,108.56
-2.7658,-59.709,581,114.18
-0.95877,-59.607,653,151.88
0.089778,-59.313,594,136.21
1.1096,-59.916,541,112.62
1.0374,-60.122,575,125.62
0.97889,-61.741,621,130.68
1.2691,-64.002,677,137.25
0.067963,-65.277,670,136.78
-1.5976,-65.817,660,138.89
-1.6486,-67.068,647,132.35
-1.8879,-68.162,636,143.07
-1.7745,-68.618,704,162.48
-3.0127,-68.154,716,169.96
-2.8982,-66.829,717,163.54
-4.0632,-64.205,772,165.35
-3.0844,-61.799,770,154.18
-1.9308,-58.506,742,135.97
-1.1535,-56.416,737,143.03
-0.61663,-53.545,707,132.08
-0.3231,-50.688,658,109.34
-0.96289,-49.656,641,119.6
-2.6472,-51.423,624,106.08
-2.7133,-53.029,641,108.8
-2.5421,-54.922,617,104.09
-2.7894,-57.572,596,102.47
-4.4602,-60.394,609,107.01
-4.8869,-64.43,601,108.38
-4.2208,-66.951,602,105.72
-3.8257,-68.36,604,104.41
-3.9535,-68.59,579,105.99
-3.0537,-69.235,552,100.8
-3.1868,-69.554,554,104.1
-2.9501,-70.641,534,106.22
-3.2508,-70.623,541,104.19
-3.4087,-71.017,564,107.85
-3.014,-71.01,597,107.48
-3.6971,-70.498,644,127.14
-4.5149,-70.218,661,124.64
-4.825,-69.867,723,126.6
-4.0049,-69.838,682,129.22
-3.0534,-69.323,715,124.55
-2.0564,-72.083,721,137.44
-1.0942,-74.911,746,134.63
-0.47992,-75.558,689,136.41
-1.027,-76.097,673,139.37
-1.3025,-78.23,667,132.05
-0.41248,-80.928,684,127.98
-1.0207,-83.162,675,132.52
-1.2983,-83.578,669,142.78
-1.6302,-84.714,691,131.21
-2.2361,-86.314,704,144.16
-2.3284,-88.052,723,147.26
-2.0709,-87.932,682,132.91
-2.1705,-87.949,618,114.2
-1.4158,-87.483,613,112.14
-1.9392,-88.717,617,113.38
0.20727,-89.181,667,128.56
0.80117,-92.357,647,129.56
0.1111,-96.737,676,126.18
0.82668,-100.01,675,127.53
1.6009,-101.81,662,130.99
-0.054467,-101.26,710,151.48
-0.43366,-103.14,702,151.46
0.20931,-105.1,725,168.89
0.9382,-109.99,747,160.87
2.4126,-115.48,708,140.06
2.9054,-119.03,665,121.94
2.7626,-122.22,614,123.53
2.4226,-125,659,137.96
2.1876,-127.3,679,146.93
2.4286,-131.63,704,168.99
3.6279,-136.8,696,159.87
3.9413,-141.77,723,173.29
4.6257,-147.26,729,180.37
5.8288,-151.41,763,175.24
7.0677,-153.83,701,156.23
6.4334,-154,632,129.45
5.4194,-151.65,607,144.37
5.2719,-146.51,610,120.83
4.6177,-143.48,547,102.48
5.6481,-141.21,544,103.44
6.5379,-140.04,492,90.229
6.3093,-140.22,471,92.296
5.3525,-141.67,458,90.551
2.9552,-142.6,487,91.899
3.0607,-142.54,527,106.7
4.9625,-145.35,582,109.52
7.6986,-152.52,588,107.92
8.8057,-159.77,581,113.73
9.2515,-165.97,581,116.4
9.4741,-170.11,580,123.66
9.1287,-171.74,591,127.03
7.8289,-173.28,658,133.58
6.6015,-175.28,677,124.88
6.2732,-178.53,628,121.29
7.5721,-177.63,681,126.86
7.2127,-177.15,687,135.23
6.6648,-177.31,686,143.5
6.5643,-178.89,720,140.48
7.4504,-181.32,703,149.72
8.1482,-183.96,731,149.87
10.988,-187.67,564,125.74
9.1674,-186.21,317,88.326
5.833,-184.88,233,64.169
2.2748,-183.88,200,61.456
2.5743,-182.4,146,52.764
4.0033,-180.75,142,46.462
6.6455,-180.74,158,52.061
6.9544,-181.74,178,50.87
7.5271,-183.77,229,58.181
8.0293,-184.51,229,62.283
7.7815,-184.03,233,59.818
7.35,-184.39,243,57.594
6.8803,-184.53,247,69.702
6.9631,-183.89,243,65.393
7.6295,-183.5,245,68.759
8.5661,-183.48,244,70.512
9.3268,-183.32,250,72.133
9.6222,-183.31,256,71
9.0142,-182.76,273,72.579
9.0515,-181.34,277,73.142
8.8607,-180.28,299,79.353
8.3517,-178.77,327,81.743
7.4864,-178.22,332,89.17
7.4437,-177.97,321,84.439
7.7384,-177.63,317,80.651
7.6218,-177.94,315,79.427
8.0011,-178.22,320,77.856
9.0916,-178.14,313,86.879
9.3755,-177.98,310,80.784
9.0536,-177.53,315,77.492
8.5581,-177.7,313,85.539
8.9176,-178.13,316,82.545
9.3869,-178.05,315,81.429
9.8824,-177.68,306,81.603
9.7034,-177.3,304,82.935
9.8448,-176.96,312,81.404
9.6948,-176.61,300,79.535
9.5176,-177.09,298,72.488
9.5997,-177.07,305,76.988
9.6923,-177.35,313,81.197
9.7982,-177.28,327,82.372
9.5349,-177.19,334,75.433
9.7814,-177.26,386,86.226
9.8756,-177.22,406,87.673
9.9673,-177.37,392,83
9.7223,-177.33,400,86.119
9.8102,-177.3,404,85.275
9.7743,-177.29,415,87.061
9.8215,-177.58,428,95
9.5925,-177.68,428,92.958
9.6585,-177.68,369,81.892
9.7098,-177.61,387,83.753
9.6804,-177.38,403,95.563
9.8512,-177.44,390,87.127
9.8703,-177.73,392,97.432
9.8715,-177.3,394,93.992
9.9506,-177.73,416,91.271
9.9282,-177.55,408,96.051
9.9217,-177.6,410,98.358
9.5739,-177.51,407,96.696
9.7201,-177.66,403,107.32
9.7251,-177.77,403,101.87
9.5398,-176.67,400,105.28
10.006,-177.76,396,105.35
9.5689,-177.51,405,107.79
9.4163,-177.42,392,108.53
9.744,-177.73,382,100.23
9.77,-177.64,391,97.448
9.7179,-177.74,398,108.49
9.5168,-177.4,391,91.635
9.4104,-177.58,412,104.68
9.7649,-177.84,397,102.91
9.4806,-177.72,407,108.16
9.5249,-177.58,386,106.94
9.8106,-177.85,394,111.87
9.4912,-177.75,391,101.87
9.6695,-177.64,402,102.74
9.7744,-177.68,387,119.97
9.5027,-177.64,407,117.47
9.4249,-177.49,403,127.07
9.7227,-177.85,395,113.77
9.5849,-177.67,402,132.15
9.4933,-177.42,394,104.11
9.2831,-177.7,393,109.71
9.4025,-177.49,403,114.32
9.7217,-177.68,394,107.59
9.5859,-177.7,391,124.28
9.619,-177.75,393,109.18
8.8634,-177.42,376,122.57
9.3595,-177.3,408,94.083
9.202,-177.65,392,113.48
9.2994,-177.4,396,105.64
9.4239,-177.62,392,115.93
9.1364,-177.59,385,106.93
9.1532,-177.69,377,107.21
9.2815,-177.4,391,118
9.3398,-177.5,396,113.2
9.5087,-177.58,389,118.18
9.5153,-177.38,390,105.87
9.4005,-177.75,373,115.65
9.4785,-177.5,391,121.57
9.7776,-177.73,372,104.11
9.1689,-177.43,378,118.45
9.6704,-177.63,377,104.58
9.4323,-177.66,400,111.29
9.5779,-177.27,385,111.71
9.2708,-177.87,392,111.54
9.2654,-177.29,387,93.859
9.3517,-177.56,401,106.38
9.4316,-177.66,389,107.11
9.2916,-177.53,376,113.02
9.0693,-177.62,392,121.55
9.4659,-177.44,380,111.3
9.1488,-177.67,389,125.2
9.2652,-177.39,405,119.29
9.2733,-177.63,381,113.67
9.2979,-177.89,394,114.62
8.9182,-177.5,368,119.75
9.3021,-177.55,386,108.92
9.2733,-177.79,381,129.85
9.0261,-177.62,364,117.59
8.9538,-177.63,383,100.49
8.9121,-177.54,383,123.7
9.3167,-177.44,365,103.92
9.3805,-177.26,378,120.69
9.4592,-177.34,387,114.54
9.2112,-177.1,378,114.22
9.6278,-177.33,379,122.85
9.2615,-177.12,378,110.58
9.3797,-177.52,358,106.49
8.8705,-177.34,370,113.2
9.052,-177.38,374,112.29
9.3651,-177.25,370,134.68
9.0302,-177.39,356,112.74
9.033,-177.22,356,111.14
9.3514,-177.18,382,118.37
9.1269,-177.28,374,134
9.1599,-177.3,369,116.67
8.9338,-177.53,354,105.15
8.9946,-177.41,379,108.81
8.9308,-177.28,372,114.8
9.2515,-177.08,351,102.71
8.8898,-177.08,361,116.01
9.2921,-177.13,360,94.174
8.9137,-177.05,370,103.93
9.3185,-177.59,371,124.35
8.7587,-177.06,363,116.5
8.994,-177.13,347,105.98
9.0556,-177.28,357,112.76
8.5514,-176.86,368,120.06
9.4434,-176.9,350,98.516
9.3511,-177.19,359,132.15
9.2225,-177.37,368,104.59
9.0525,-177.41,354,114.34
8.5962,-177.12,357,95.662
8.8867,-177.21,370,112.81
9.1442,-177.37,385,107.47
9.472,-176.89,350,102.15
9.5508,-176.97,375,115.73
9.2216,-177.16,355,107.36
9.1497,-177.26,346,112.92
9.3292,-176.95,384,114.25
9.4068,-177.13,359,114.23
9.4899,-177.39,362,120.41
9.0211,-177.23,339,111.62
9.1475,-176.98,361,107.21
8.8368,-177.23,341,101.74
9.0977,-177.39,349,111.87
8.977,-177.32,348,104.22
9.4301,-177.26,349,91.461
8.9631,-177.38,334,96.142
9.0023,-177.51,346,124.01
9.0422,-177.54,342,115.91
8.8739,-177.45,335,93.322
9.0671,-177.27,325,112.85
8.8972,-177.27,339,96.432
8.6852,-177.37,332,104.78
8.9683,-176.99,324,99.897
9.0948,-177.38,338,99.144
8.8221,-177.32,319,89.419
9.0047,-177.05,344,101
8.9524,-177.3,330,90.593
8.5917,-177.22,316,100.81
8.9603,-177.49,327,109.36
8.6553,-177.21,339,92.487
9.2585,-177.53,336,92.006
8.6985,-177.01,328,95.034
8.6803,-177.29,316,97.085
8.531,-177.2,321,97.06
8.8521,-177.29,309,94.918
8.8792,-177.25,320,91.461
8.6309,-177.25,319,94.728
8.7151,-177.39,316,101.17
8.7825,-177,333,105.8
8.8176,-177.42,321,109.66
9.0223,-177.34,317,94.049
8.3869,-177.1,291,94.182
8.4614,-177.19,311,110.21
9.0541,-177.38,319,100.06
8.5266,-177.4,308,96.912
8.7194,-177.18,325,103.25
8.6167,-177.64,320,102.15
8.686,-177.45,296,93.14
8.6358,-177.77,305,95.307
9.1485,-177.35,317,103.54
8.8199,-177.15,291,99.417
8.9652,-177.01,324,100.26
9.036,-177.27,306,102.53
8.8512,-177.24,316,99.971
8.9006,-176.99,314,102.53
8.9276,-177.41,311,105.34
8.6579,-176.96,309,105.71
9.0391,-177.35,305,91.825
9.1404,-177.4,307,108.35
9.015,-177.54,313,102.25
9.2282,-177.06,300,89.84
8.6338,-177.27,295,96.903
9.2594,-177.34,316,107.3
9.2961,-177.53,308,95.39
8.7368,-177.12,310,98.003
8.6948,-176.92,305,89.981
9.2158,-177.17,314,102.71
9.0918,-176.7,329,97.284
9.1276,-177.21,305,93.347
8.8623,-177.2,314,94.662
9.1014,-177.1,303,95.324
8.8892,-176.91,321,93.247
8.9907,-177.18,317,83.77
9.1665,-177.3,293,87.516
8.8852,-177.26,310,91.379
8.5637,-177.05,305,95.216
9.2297,-177.34,304,101.78
8.8961,-177.28,312,102.81
9.0582,-176.94,300,88.649
9.137,-177.41,308,97.176
9.1563,-177.49,309,102.01
9.0983,-177.56,287,85.374
8.9341,-177.52,311,102.32
9.3331,-177.46,319,107.96
9.3505,-177.65,309,98.673
9.145,-177.47,299,96.812
9.3414,-177.12,292,97.656
9.112,-177.6,292,93.347
9.2125,-177.56,289,88.368
9.0915,-177.14,305,98.83
9.0635,-177.16,287,96.043
9.0494,-177.2,286,102.15
9.4597,-177.22,296,96.729
9.3724,-177.51,299,96.515
9.4744,-177.3,303,96.423
9.1228,-177.38,286,92.95
9.221,-177.14,317,92.041
9.1342,-177.32,305,104.88
9.2156,-177.52,298,89.41
9.2593,-177.2,304,94.662
8.8311,-177.44,292,103.28
9.2012,-177.41,282,87.243
9.0396,-177.83,308,118.74
8.7724,-177.02,307,96.796
9.4818,-177.67,292,91.089
9.0846,-177.58,293,89.774
9.1016,-177.3,296,100
9.1828,-177.24,307,103.08
9.5018,-177.46,285,97.375
9.2245,-177.7,293,107.06
8.7731,-177.56,286,104.12
9.0529,-177.28,286,103.08
9.3596,-177.42,287,96.531
8.8096,-177.02,291,97.92
8.945,-177.22,287,100.28
8.7976,-177.33,286,105.24
8.8196,-177.35,287,88.169
9.3098,-177.6,293,100.26
9.4271,-177.18,304,83.886
8.9879,-177.04,290,92.685
9.427,-177.52,289,91.205
9.0197,-177.31,293,90.874
8.8752,-176.99,305,105.77
9.2874,-177.3,296,100.55
9.2407,-177.83,281,99.525
9.3741,-177.37,290,108.61
9.1589,-177.47,281,95.977
9.1816,-177.54,288,100.93
9.3525,-177.27,260,105.6
9.3691,-177.18,288,81.247
9.2135,-177.04,295,97.358
8.9899,-176.84,305,96.026
9.0814,-177.21,298,102.62
9.0494,-177.44,286,84.58
8.9998,-177.71,284,103.18
9.2793,-177.53,271,92.586
9.3638,-177.08,290,89.601
8.9226,-177.14,302,93.057
9.0467,-176.96,291,82.165
8.8291,-177.26,286,99.69
9.2602,-177.8,260,81.272
9.2152,-177.06,299,97.457
9.223,-177.45,273,96.804
9.3552,-176.99,288,92.231
9.625,-176.9,298,97.391
8.8494,-177.32,273,93.058
9.1021,-177.44,275,98.747
9.0687,-176.9,306,87.532
9.3559,-177.43,272,100.73
8.9666,-177.55,273,96.134
9.1629,-177.09,294,101.78
9.0585,-177.44,275,96.233
9.1553,-177.17,281,98.441
9.3706,-177.69,272,102.96
9.2681,-177.39,277,96.729
8.9463,-177.26,276,103.92
9.4356,-177.58,270,86.664
9.3256,-177.18,273,94.827
9.4629,-177.3,288,109.75
8.9841,-177.4,280,98.019
8.9966,-177.16,285,89.691
9.0688,-177.16,269,91.709
9.1055,-177.27,280,94.165
8.9707,-177.69,274,93.313
9.0193,-177.12,278,101.19
8.9822,-177.64,293,121.54
9.1204,-177.27,274,98.508
9.125,-177.7,265,87.905
9.1176,-177.25,263,93.578
9.2793,-177.47,271,98.979
9.0649,-177.53,267,102.22
8.862,-177.42,262,83.778
9.1782,-177.6,276,100.54
8.8154,-177.23,272,94
9.2393,-177.48,270,83.968
9.153,-177.36,275,94.281
9.1456,-177.48,276,90.973
9.1437,-177.55,266,86.044
9.2121,-177.33,290,93.827
9.1357,-177.03,269,94.472
9.0277,-177.5,268,95.969
9.0913,-177.16,287,86.408
9.0247,-177.24,271,89.03
9.4578,-177.42,259,82.827
9.2628,-177.3,256,104.39
8.9485,-177.58,287,110.38
9.3635,-177.3,268,86.491
9.5742,-177.65,267,93.958
9.3166,-177.4,275,98.409
9.0351,-177.47,268,95.679
9.7194,-177.58,269,98.383
9.4039,-177.2,275,105.35
9.4694,-177.59,267,79.617
9.132,-177.24,269,92.387
9.1399,-177.8,266,94.455
9.1559,-177.59,262,97.722
9.4003,-177.72,275,107.72
8.9634,-177.47,274,86.4
9.2029,-178.02,259,92.288
9.5212,-177.53,265,102.98
9.7845,-177.77,261,118.28
9.2043,-177.43,274,110.59
9.1389,-177.31,272,90.254
9.1108,-177.47,250,91.172
9.2684,-177.33,265,98.409
9.4403,-177.62,275,106.08
9.2059,-177.29,270,79.717
8.8458,-177.23,261,103.75
9.5239,-177.36,268,100.85
9.2208,-177.47,270,96.349
8.9659,-177.35,256,90.973
9.4118,-177.4,265,88.359
9.3486,-176.73,264,94.745
9.0606,-177.09,263,98.417
9.4378,-177.37,277,92.776
9.3654,-177.03,255,85.953
9.4512,-177.41,275,91.949
9.3191,-177.2,272,97.366
8.9985,-177.18,270,104.95
9.114,-177.33,261,89.245
9.2127,-177.16,263,87.615
8.9576,-176.95,277,97.383
9.3412,-177.37,272,95.472
9.643,-177.32,270,91.924
9.1975,-177.07,263,82.81
9.2063,-177.24,287,98.02
9.545,-177.12,271,86.904
9.3615,-176.84,285,86.226
9.0763,-177.22,270,91.833
9.3007,-176.92,272,104.18
9.3641,-177.28,260,95.878
9.3366,-177.31,273,82.562
9.5193,-177.03,278,91.436
9.1276,-177.2,275,111.25
9.3191,-177.14,272,102.5
9.3276,-177.05,275,105.43
9.3521,-176.88,276,94.074
9.3688,-177.21,281,110.39
9.3403,-177.46,277,99.789
9.2615,-177.25,270,99.789
9.2529,-177.73,253,92.23
9.2615,-177.3,276,85.672
9.0757,-177.42,262,86.706
9.1908,-177.49,271,116.48
9.1023,-176.86,267,91.578
9.2098,-177.28,261,93.611
8.8508,-177.65,250,90.419
8.8882,-177.51,271,85.102
9.2986,-177.22,265,96.812
8.9694,-177.08,271,88.212
8.91,-177.25,276,105.41
9.2977,-177.44,276,94.835
9.3303,-177.54,259,98.591
9.259,-177.13,262,92.495
9.1124,-177.46,285,94.893
9.3131,-177.9,252,96.076
8.7883,-177.29,274,94.935
9.1703,-177.7,265,99.798
9.2194,-177.49,273,110.22
9.076,-177.28,265,97.457
8.803,-177.24,257,94.753
9.3138,-177.14,274,91.916
9.3409,-177.46,252,97.011
8.7564,-177.13,263,95.216
9.134,-177.25,255,88.848
9.3845,-177.41,252,84.208
9.5535,-177.08,266,83.224
9.7421,-177.62,275,90.345
8.8839,-177.42,275,89.046
9.4076,-176.81,275,95.224
9.4411,-177.52,257,91.552
9.4243,-177.58,258,96.415
9.2727,-177.31,253,100.55
9.1948,-177.38,250,79.709
9.5557,-177.62,243,85.647
9.2213,-177.42,261,88.575
9.6444,-177.3,262,104.79
9.3588,-177.85,250,93.893
9.5887,-177.68,243,93.876
8.9783,-177.65,266,115.21
9.478,-177.46,274,91.569
9.2862,-177.17,277,102.25
9.5326,-177.59,265,101.1
9.5555,-177.42,267,81.33
9.4176,-176.83,285,93.711
9.6635,-176.96,262,92.685
9.0036,-177.48,285,80.958
9.5483,-177.52,247,81.239
8.9243,-176.89,258,89.021
9.6495,-177.34,256,85.068
9.5731,-177.6,253,103.25
9.2446,-177.19,267,101.67
9.323,-177.4,263,89.567
9.4963,-177.2,264,107.03
9.2867,-177.18,271,97.366
8.9257,-177.42,272,108.8
9.0654,-177.3,272,94.1
9.1178,-177.02,261,88.087
9.8409,-177.51,252,116.1
9.3846,-177.25,283,109.65
9.4512,-177.12,261,86.226
9.5384,-177.31,257,88.261
9.4885,-177.44,254,89.873
8.9807,-177.31,254,99.227
9.191,-177.18,260,93.785
9.5149,-177.46,269,109.34
9.0623,-177.59,246,106.95
9.2602,-177.55,254,101.87
9.6064,-177.55,260,107.4
9.0517,-177.23,255,90.436
9.6389,-177.81,261,83.588
9.3956,-177.13,266,99.533
9.1172,-177.36,268,89.195
9.5223,-177.63,262,94.91
9.6512,-177.12,266,98.764
9.3253,-177.27,256,103.07
9.4487,-177.84,260,103.73
9.5371,-177.02,260,97.259
9.3226,-177.39,259,96.713
9.4502,-177.53,242,90.709
9.4022,-177.63,257,98.193
8.7929,-177.45,255,93.429
9.2596,-177.04,267,108.17
9.0253,-177.36,259,100.65
9.4076,-177.77,243,92.305
9.8396,-177.49,239,94.571
9.3343,-177.52,284,101.79
9.7362,-177.78,237,106.01
9.2193,-177.28,249,96.233
9.4025,-177.28,247,103.99
9.3379,-177.5,251,83.58
9.0988,-177.57,251,106.36
9.0428,-177.35,250,99.706
9.4377,-177.76,245,99.227
9.3588,-177.68,269,103.29
9.4736,-177.35,264,99.335
9.2426,-177.41,264,90.808
9.2556,-177.5,255,93.322
9.4307,-177.2,259,87.88
9.2343,-177.73,251,110.95
9.1363,-177.19,265,111.62
9.7683,-177.76,245,100.1
9.1553,-177.72,248,95.381
9.2259,-177.22,267,99.525
9.0602,-177.54,260,99.971
9.1618,-177.94,254,104.43
9.2072,-177.41,267,103.73
9.1854,-177.8,254,101.1
9.2101,-177.28,243,94
9.4042,-177.54,236,97.069
9.3175,-177.23,265,95.877
9.5546,-176.68,261,95.381
9.2925,-177.41,253,105.51
9.2208,-177.37,262,95.472
9.2903,-177.01,266,96.489
9.1022,-177.25,273,96.267
9.3056,-177.54,261,88.112
9.2462,-177.25,284,93.446
9.2159,-177.23,256,83.977
8.9386,-177.14,256,104.59
9.5716,-177.78,237,97.763
8.8721,-177.5,238,100.71
9.4193,-177.49,262,112.84
9.1313,-177.74,247,103.27
9.2859,-177.28,246,87.516
9.4226,-177.58,241,86.226
8.9323,-177.29,240,92.495
9.1353,-177.04,272,96.432
9.4282,-177.25,255,103.17
9.8522,-177.12,239,88.178
9.2193,-177.49,241,89.973
9.5508,-177.5,261,122.8
9.633,-177.73,236,101.38
9.9413,-177.47,254,100.08
9.2981,-177.29,241,100.46
9.5222,-177.36,248,97.895
9.3707,-176.97,261,94.364
9.3641,-176.95,260,120.04
9.3129,-176.94,266,98.78
9.1383,-177.06,276,103.45
9.5836,-177.24,266,98.946
9.3834,-177.18,253,89.865
9.4508,-177.07,250,81.611
9.1847,-176.7,267,92.95
9.4948,-177.01,255,90.138
9.1893,-176.8,254,97.267
9.1733,-176.99,255,82.008
9.4194,-176.98,265,113.3
9.5393,-177.06,261,100.84
9.3998,-177.62,259,91.362
9.0346,-176.68,249,97.102
9.435,-177.54,244,90.163
9.4941,-177.61,258,90.899
9.42,-177.11,246,110.74
9.1566,-177.45,243,103.3
9.4034,-177.48,256,114.49
9.6752,-177.29,255,95.96
9.2104,-177.43,251,91.171
9.2589,-177.4,256,103.17
9.1024,-177.12,263,117.96
9.4492,-177.37,254,101.89
9.0834,-177.54,262,106.32
8.8564,-177.01,260,101.02
9.2276,-177.3,256,121.37
9.4703,-177.37,245,103.82
8.7179,-177.37,260,106.15
9.3361,-177.16,257,87.516
9.5446,-177.29,249,92.222
8.9044,-177.16,252,89.882
9.8717,-177.77,233,93.603
9.0948,-177.21,238,83.662
9.4762,-177.26,236,97.829
9.2371,-177.14,239,98.193
9.0661,-177.34,244,89.038
9.5275,-177.35,245,92.388
9.0503,-177.21,247,89.683
9.4142,-177.55,238,91.362
9.4948,-177.49,255,110.3
9.3771,-177.21,248,81.619
9.384,-177.15,249,95.324
9.6518,-177.29,237,85.854
9.491,-177.47,260,95.017
9.4556,-177.3,255,95.489
9.3126,-177.75,248,109.82
9.6069,-177.69,248,97.846
9.2011,-176.94,273,103.75
9.4908,-177.76,250,107.02
9.3136,-177.74,256,99.425
8.9557,-177.45,266,90.444
9.388,-177.46,249,104.12
9.7002,-177.52,261,102.59
9.4254,-177.61,239,105.63
9.8115,-177.67,240,125.1
9.8116,-177.83,233,104.51
9.3961,-177.36,239,110.28
9.4693,-177.46,243,101.33
9.3071,-177.54,245,98.756
9.5397,-177.73,254,108.7
9.3362,-177.23,261,97.664
9.7684,-177.54,242,86.408
8.9769,-177.27,246,92.652
9.2655,-177.47,252,96.051
9.8247,-177.62,248,92.223
9.2244,-177.45,247,98.003
9.6148,-177.45,250,97.267
9.5885,-177.45,237,87.59
9.29,-177.42,251,95.861
9.2689,-177.54,247,98.292
9.3676,-177.17,242,91.8
9.5595,-177.42,269,89.865
9.341,-177.5,260,101.97
9.3623,-177.4,258,103.43
9.3198,-176.97,240,89.013
9.5264,-177.52,241,84.059
9.28,-177.15,270,95.034
9.7357,-177.67,220,83.844
9.4721,-177.65,220,101.39
9.0407,-177.21,240,94.546
9.3631,-177.09,246,107.79
9.3652,-177.6,233,102.43
9.1458,-177.32,255,110.58
9.1708,-177.26,250,94.753
9.3062,-177.25,246,100.08
9.1358,-177.76,244,99.193
9.7729,-177.61,233,96.407
9.6072,-177.36,242,111.32
9.1348,-177.38,250,99.55
9.215,-176.91,233,102.72
9.5674,-177.2,237,88.914
9.1468,-177.09,231,92.453
9.3438,-177.25,245,100.94
9.2244,-177.3,247,84.332
9.2312,-177.31,242,104.18
9.5275,-177.6,245,82.182
9.6553,-177.54,248,99.318
9.3948,-177.37,250,104.59
9.6597,-177.54,239,90.047
9.4894,-177.29,256,82.587
9.3459,-177.43,235,96.821
1.6694,-173.14,362,157.89
9.4552,-177.08,247,88.832
9.6079,-177.52,230,85.763
9.7032,-177.32,240,104.74
9.2365,-178.04,247,82.719
9.3351,-177.64,258,100.56
9.3162,-177.18,262,99.905
9.5342,-177.7,239,88.161
9.3051,-177.71,252,104.4
9.4397,-177.41,261,97.531
9.4458,-177.42,245,86.4
9.2454,-177.08,259,104.08
9.2981,-177.29,241,92.396
9.481,-178.11,246,94.654
9.2965,-177.26,233,110.39
9.5054,-177.31,246,87.789
9.7259,-177.29,225,91.354
9.8573,-177.64,261,92.95
0.50156,-179.87,327,155.66
9.29,-177.5,251,98.119
9.5907,-176.94,240,89.484
9.1566,-177.72,243,88.649
9.5512,-177.16,252,91.916
9.2677,-177.16,243,76.74
9.4865,-177.48,240,100.27
9.4841,-177.26,262,92.288
8.8956,-177.26,261,95.778
9.1814,-177.76,254,96.242
8.948,-177.66,252,95.026
9.4138,-177.71,232,91.263
9.3728,-177.33,259,93.264
9.1695,-177.66,241,89.501
9.2763,-177.4,237,89.757
9.1527,-177.42,259,95.597
9.1827,-177.29,239,101
8.7542,-177.73,229,97.4
9.1457,-177.61,236,106.48
9.1241,-177.25,239,104.21
9.1117,-177.48,237,101.39
9.4175,-177.63,251,93.512
16.749,-183.34,272,95.373
9.366,-177.3,236,93.628
9.0824,-177.18,242,89.121
9.4032,-177.34,240,79.089
9.2254,-177.33,245,87.078
9.4708,-177.73,250,104.03
9.5164,-178.02,223,107.94
9.2989,-177.49,245,82.918
9.448,-177.5,252,102.81
9.4603,-177.39,249,94.472
9.5629,-177.62,235,77.674
9.3175,-177.44,229,90.609
8.7099,-176.85,265,101.69
9.3961,-177.15,239,77.666
9.7884,-178.18,235,82.347
9.28,-177.11,243,92.197
8.9982,-177.12,238,81.074
9.8298,-177.21,249,96.523
9.4239,-177.74,234,89.774
9.327,-177.51,224,81.776
9.079,-177.29,253,107.11
9.5026,-177.7,233,94.719
9.5606,-177.61,219,101.23
9.2389,-177.76,243,111.91
9.4335,-177.32,251,91.172
9.5276,-177.44,238,85.383
9.7688,-177.91,227,84.332
9.5803,-177.19,241,92.024
9.6721,-177.37,246,111.53
9.3686,-177.37,252,103.83
9.51,-177.55,224,99.624
9.3752,-177.23,239,94.074
9.6209,-177.47,230,94.819
9.6805,-177.27,251,95.985
9.4268,-177.17,247,92.114
9.4416,-177.11,248,101.41
9.6167,-177.33,251,97.45
9.7577,-177.13,261,98.863
9.4632,-176.98,247,104.03
9.487,-177.25,255,91.271
9.6885,-177.18,251,98.21
9.3201,-177.35,253,89.476
0.52853,-174.12,362,151.96
8.9966,-177.03,224,104.5
9.1446,-177.4,241,87.441
9.294,-177.37,251,94.571
9.4268,-176.96,244,84.539
9.5528,-177.33,238,94.546
9.3607,-177.25,237,111.7
9.4924,-177.02,244,93.14
9.6891,-177.86,244,95.373
9.9948,-177.37,250,101.31
9.4255,-177.42,254,107.58
9.2774,-177.33,241,118.45
8.9176,-177.32,237,96.349
9.4966,-177.32,229,95.009
9.2569,-177.35,253,88.178
9.5403,-177.67,220,82.934
9.2347,-177.13,243,92.594
9.5731,-177.82,230,91.759
9.1912,-177.73,249,91.246
9.5015,-177.38,241,122.86
9.3932,-177.49,248,86.681
9.5971,-177.07,223,78.592
9.5969,-177.29,247,97.639
9.2308,-177.41,250,101.75
9.1785,-177.78,239,104.76
9.5807,-177.18,247,95.216
8.9961,-177.16,243,96.531
9.0745,-177.11,246,83.985
9.3512,-177.51,234,100.33
9.529,-177.41,228,106.81
9.4532,-177.83,240,92.321
9.3676,-177.54,231,85.738
9.2347,-177.3,236,106.26
8.8893,-177.63,253,88.277
9.3812,-177.23,234,107.19
9.4493,-177.18,237,102.85
9.1205,-177.42,234,88.186
9.3923,-177.38,242,95.869
9.4139,-177.16,257,109.85
9.2574,-177.32,246,89.485
9.3811,-177.72,241,107.96
9.8002,-177.6,224,102.25
9.5016,-177.43,236,93.612
9.1708,-177.66,237,98.681
9.1612,-176.96,241,89.865
9.3714,-177.55,235,104.02
9.7032,-177.47,240,106.33
9.3341,-176.83,234,90.916
9.5887,-177.38,243,94.662
9.2895,-177.5,226,92.429
9.949,-177.86,240,100.36
9.6657,-177.38,247,89.939
9.635,-177.69,224,90.643
9.5192,-177.3,238,100.27
9.5076,-177.71,235,103.56
9.5743,-177.9,244,95.687
9.5179,-177.82,260,96.142
9.8194,-177.54,236,106.49
10.378,-178.06,226,93.322
9.8512,-177.71,234,102.33
9.4585,-177.35,231,105.13
9.7797,-177.52,238,94.645
9.6016,-177.67,221,87.235
9.1901,-177.89,252,102.34
9.6615,-177.63,240,103.93
9.2588,-177.42,244,98.764
9.4948,-177.19,240,90.717
9.4395,-177.95,235,96.398
9.5571,-177.28,212,77.393
9.7748,-177.36,250,103.26
9.5824,-178.28,242,78.146
9.405,-177.49,245,88.376
9.6645,-177.74,244,95.977
9.7039,-177.47,243,95.009
9.6561,-177.65,253,111.53
9.4214,-177.74,245,117.71
9.6591,-177.29,241,103.26
9.5424,-177.41,248,97.622
9.6799,-177.51,241,91.453
9.6034,-177.18,232,103.45
9.6579,-177.48,238,100.45
9.4608,-177.48,235,96.349
9.5889,-177.7,255,97.887
9.8213,-177.41,234,108.87
9.7652,-177.36,364,128.86
9.8615,-177.34,330,103.34
9.3973,-177.7,367,129.63
9.7815,-177.87,367,140.64
9.6085,-177.6,329,117.24
9.7422,-178.05,346,147.39
9.4831,-177.05,340,111.23
9.2332,-177.68,347,130.89
9.1153,-177.78,342,121.74
9.4236,-177.84,362,125.49
9.4236,-177.84,362,125.49
