0,-0,318,70.429
0.13794,-0.95386,601,102.17
3.6516,0.71536,631,106.2
3.195,2.4387,636,105.46
6.817,-0.48867,655,100.98
10.242,-4.4408,645,107.47
10.815,-7.2488,624,104.26
11.125,-10.512,610,101.07
9.4519,-13.957,682,117.69
7.3031,-16.781,717,113.63
4.1839,-19.165,767,119.23
2.4374,-21.838,839,137.29
2.8619,-25.494,935,143.98
1.4203,-29.619,1042,185
1.9436,-32.365,1073,157.98
2.5266,-36.744,1089,223.14
4.3874,-40.426,1210,169.93
5.4714,-44.365,1297,174.81
7.345,-47.992,1370,222.33
8.7232,-51.369,1407,264.37
10.042,-55.825,1413,239.03
12.079,-61.075,1479,214.93
13.327,-67.129,1454,177.16
13.594,-67.987,1356,161.13
13.41,-69.921,1243,157.89
13.409,-70.453,1189,158.61
13.454,-71.09,1157,151.91
13.489,-71.237,1147,157.56
13.684,-70.759,1188,159.89
14.169,-69.986,1284,170.77
13.351,-71.514,1344,163.56
12.211,-72.472,1376,175.89
10.791,-74.214,1474,165.04
11.37,-73.224,1472,178.84
12.377,-76.642,1464,171.96
10.818,-77.567,1299,153.2
10.63,-78.914,1175,149.2
10.17,-79.918,1104,141.06
9.7561,-80.285,1092,137.19
9.3678,-80.214,1083,138.52
9.262,-80.161,1096,147.76
6.944,-82.764,974,193.33
6.1132,-80.368,1130,167.22
6.795,-75.363,1231,162.16
11.389,-72.777,1379,162.39
13.117,-78.915,1374,157.46
12.717,-83.211,1282,157.56
12.698,-86.812,1435,174.72
13.101,-88.707,1558,216.94
10.884,-92.711,1504,329.12
11.922,-101.65,1431,377.2
15.626,-111.46,1469,252.39
20.248,-119.4,1663,254.2
23.013,-124.61,1574,238.13
25.418,-126.68,1625,203.27
26.164,-127.32,1678,191.18
26.211,-128.72,1530,194.05
26.25,-128.73,1489,188.21
26.204,-128.52,1461,191.33
26.274,-129.49,1409,195.04
26.393,-130.12,1306,199.63
26.47,-130.78,1361,309.47
27.506,-135.12,1376,366.35
30.12,-140.48,1497,250.98
32.84,-140.36,1688,193.42
33.415,-140.33,1689,181.56
27.72,-137.83,1531,362.96
24.018,-140.71,1672,210.77
23.719,-146.7,1631,253.53
24.66,-153.36,1646,249.82
26.706,-156.51,1809,225.07
27.457,-157.85,1730,220.69
28.153,-158.45,1654,209.68
28.281,-158.71,1605,207.75
28.398,-158.51,1572,203.97
28.492,-158.91,1499,210.83
26.985,-159.94,1388,210.69
26.418,-162.25,1358,199.85
25.391,-165.41,1303,206.5
27.448,-169.34,1284,333.03
31.522,-169.76,1681,219.47
37.449,-170.74,1829,211.35
44.416,-175.67,1854,206.78
49.662,-176.39,1817,231.39
50.623,-180.31,1741,227.73
49.278,-180.75,1699,205.04
49.435,-181.61,1643,224.24
49.167,-181.74,1620,226.3
48.972,-181.98,1488,222.23
49.055,-181.73,1427,340.94
60.798,-194.88,692,199.98
59.808,-195.91,676,216.25
46.5,-181.57,1295,377.38
43.03,-175.67,1149,248.54
40.616,-173.63,1543,213.41
45.181,-170.33,1673,212.4
52.812,-176.12,1704,219.31
61.785,-181.93,1693,207.48
68.387,-187.75,1739,220.24
74.962,-195.52,1800,218.49
79.539,-203.04,1845,240.71
81.881,-212.73,1866,237.92
84.65,-225.08,1730,235.17
82.369,-229.77,1875,222.91
75.857,-228.73,1749,227.08
75.941,-228.4,1717,231.47
75.776,-229.74,1639,221.68
75.878,-229.49,1565,219.32
75.915,-229.25,1547,224.76
76.053,-230.66,1511,349.72
77.501,-231.37,1403,319.2
79.919,-234.84,1367,314.52
81.857,-238.05,1612,244.57
79.541,-240.97,1868,215.65
80.025,-237.85,1845,236.63
79.943,-232.18,1836,274.89
74.267,-224.58,1697,370.69
73.643,-223.76,1608,247.47
75.405,-219.47,1524,422.58
78.056,-232.03,1592,436.03
82.923,-246.12,1788,294.38
82.146,-261.89,1772,282.48
81.625,-274.42,1860,269.62
81.519,-288.45,1738,253.73
79.872,-302.16,1630,376.39
77.301,-317.3,1714,333.7
72.236,-321.69,1848,202.41
67.715,-319.43,1639,184.29
66.264,-318.99,1503,182.85
67.192,-319.85,1432,178.83
67.05,-319.96,1380,180.94
67.073,-319.84,1317,181.52
67.154,-319.75,1295,189.36
72.878,-330.47,810,212.37
71.36,-324.41,1373,277.24
71.642,-331.68,1281,350.35
64.496,-334.38,1528,239.04
58.381,-334.54,1413,338.92
57.612,-335.52,1421,227.7
60.696,-329.74,1416,246.1
64.377,-331,1497,195.19
65.591,-331.44,1447,183.31
66.701,-332.58,1376,186.82
68.362,-335.9,1254,298.46
69.302,-342.89,1019,282.41
67.555,-347.32,936,238.03
65.982,-350.14,1156,301.49
62.327,-355.84,1189,296.36
60.699,-359.57,1258,165.78
47.83,-361.66,325,100.54
60.294,-358.69,855,112.4
58.669,-350.62,756,105.61
51.699,-342.69,801,119.89
48.523,-335.8,744,122.08
47.212,-329.64,745,133.31
45.9,-330.14,707,126.5
44.488,-328.51,555,106.41
44.166,-328.6,471,103.02
44.072,-327.14,476,101.55
49.483,-328.37,458,93.197
53.366,-329.37,498,107.06
56.046,-327.82,631,116.68
55.883,-325.33,769,131.19
48.349,-321.46,752,122.59
42.338,-323.62,711,128.67
38.054,-322.51,747,132.07
36.103,-325.52,781,147.02
35.254,-330.56,798,153.35
35.331,-336.75,875,160.99
38.046,-344.65,922,184.04
38.049,-352.89,932,174.18
42.518,-359.85,1012,178.2
44.046,-367.6,1017,170.43
45.918,-375.76,1024,183.48
49.195,-382.57,1045,198.25
51.802,-388.56,999,178.11
52.373,-397.5,989,150.41
55.033,-404.12,1039,171.57
59.418,-410.14,1112,185.49
66.259,-415.2,1130,165.91
73.421,-421.61,1016,146.33
80.923,-425.64,997,143.48
87.238,-425.34,1177,163.16
94.649,-425.35,1250,175.1
99.202,-424.97,1466,203.29
103.01,-421.75,1620,224.36
103.63,-419,1664,316.51
98.412,-417.77,1792,322.67
92.159,-415.11,1717,332.67
81.573,-407.99,1689,358.72
68.44,-400.36,1670,350.67
55.291,-399.23,1684,277.4
46.063,-405.01,1609,334.87
48.127,-416.01,1499,352.43
50.708,-422.62,1394,274.37
63.109,-424.96,1571,242.66
73.264,-418.6,1645,333.77
82.043,-409.24,1764,313.33
92.162,-403.54,1861,326.54
100.39,-401.36,1932,329.25
109.89,-400.19,1927,324.21
119.71,-401.67,1850,311.27
127.82,-406.31,1872,294.4
136.41,-409.53,1898,319.04
145.75,-412.54,1937,320.28
154.93,-415.27,1938,306.67
161.32,-418.86,1932,314.94
166.7,-424.41,1936,334.9
171.02,-431.71,1811,322.48
172.27,-439.68,1742,298.91
171.61,-449.36,1853,296.34
170.57,-458.45,1760,276.91
164.77,-462.58,1599,226.36
158.35,-467.19,1637,214.58
152.28,-469.69,1581,199.03
145.42,-473.09,1647,211.4
138.47,-471.56,1581,225.53
131.22,-469.72,1485,199.69
120.98,-466.14,1431,163.11
110.56,-461.53,1471,206.17
98.891,-461.95,1487,220.23
87.977,-464.04,1398,194.32
77.876,-464.91,1362,189.6
71.346,-464.22,1434,234.03
64.329,-465.61,1488,228.6
57.04,-468.01,1483,204.6
53.382,-471.76,1516,223.88
50.579,-471.92,1496,296.36
40.272,-469.07,1433,310.28
26.681,-465.05,1449,253.93
16.697,-458.44,1444,223.41
9.4744,-450.51,1468,190.85
3.3805,-443.28,1442,186.49
1.6394,-438.58,1395,205.77
4.9618,-430.97,1467,261.57
11.614,-419.59,1372,395.14
31.86,-408.22,896,287.11
53.417,-409.37,697,186.83
41.267,-407.62,1239,408.52
64.011,-413.8,980,163.4
76.865,-413.19,1107,194.18
74.115,-409.52,1610,297.26
82.268,-413.32,1637,284.5
91.468,-414.62,1575,287.04
96.735,-415.14,1580,251.22
100.54,-416.39,1497,238.94
108.96,-419.92,1560,224.04
117.47,-421.63,1589,230.53
120.58,-426.09,1586,201.15
123.56,-432.48,1481,180.72
130.03,-438.14,1463,178.12
135.73,-440.03,1400,182.04
136.66,-445,1419,221.3
136.73,-448.94,1506,267.24
133.82,-449.25,1655,255.93
135.41,-452.08,1734,274.37
135.41,-457.16,1689,299.15
137.15,-461.91,1717,354.25
140.03,-462.51,1615,377.41
147.98,-461.74,1397,315.38
147.55,-460.99,1284,224.07
148.19,-467.61,1490,280.51
150.5,-471.05,1558,276.59
155.15,-475.1,1512,221.71
159.97,-484.53,1425,232.04
164.01,-493.1,1345,286.11
164.59,-502.92,1410,177.66
165.82,-514.81,1387,174.29
165.56,-524.54,1310,157.03
165.95,-534.74,1307,168.4
166.85,-544.93,1236,155.51
169.52,-554.44,1173,157.11
170.29,-563.37,1317,159.56
170.85,-571.06,1395,172.62
170.9,-580.41,1406,182.13
171.27,-590.9,1386,176.31
172.87,-601.62,1382,189.61
174.37,-613.68,1346,180.32
178.88,-622.3,1351,185.45
183.04,-629.39,1412,201.77
185.5,-638.77,1376,211.33
187.49,-648.56,1332,218.3
188.42,-658.69,1358,216.74
190.4,-666.89,1355,223.02
191.69,-678.37,1487,249.6
189.82,-681.85,1508,267.24
188.73,-681.96,1460,203.87
187.09,-680.24,1399,216.47
182.88,-675.64,1312,267.94
173.66,-666.43,1125,186.6
165.84,-664.87,1085,196.26
159.93,-664.05,1008,255.62
156.31,-664.68,927,233.83
153.4,-665.15,997,316.15
157.77,-666.84,1083,251.04
163.41,-664.31,861,199.85
168.63,-664.69,827,180.72
176.81,-664.69,703,218.51
180.97,-663.84,709,210.46
176.38,-662.33,1057,229.19
187.02,-681.21,1537,255.16
192.68,-682.58,1550,240.54
191.62,-685.03,1326,221.72
189.59,-688.75,1395,259.12
188.27,-686.45,1474,241.38
184.07,-691.2,1575,234.01
182.18,-698.71,1545,239.54
176.88,-702,1520,231.49
168.73,-700.09,1527,246.44
153.9,-691.31,1192,196.16
152.79,-687.42,1151,225.51
150.3,-689.13,1125,208.8
149.93,-692.89,938,165.31
151.63,-697.94,925,181.15
152.99,-693.29,947,144.26
153.1,-691.16,892,138.66
154.48,-689.93,805,128.86
158.44,-682.84,772,114.08
157.7,-683.66,827,134.7
164.1,-689.14,915,135.75
179.43,-694.9,1182,150.37
183.59,-699.58,1142,152.3
181.7,-706.34,1238,176.92
179.22,-712.24,1301,226.65
182.09,-718.93,1224,208.89
179.32,-728.2,866,185.68
179.82,-737.61,779,206.58
180.44,-742.21,536,172.57
195.1,-708.06,236,53.194
195.09,-708.36,237,53.293
195.14,-708.35,238,53.194
195.14,-708.35,238,53.194
