0,-0,134,73.63
-0.48145,-0.66594,144,64.004
-0.10058,-1.7412,155,44.593
0.14458,-1.9154,155,46.272
0.82004,-1.7447,174,50.771
-0.41579,-1.6464,176,55.75
-2.8763,-2.0952,177,63.292
-2.211,-4.3602,133,68.875
-1.1604,-5.1315,167,51.921
-0.85656,-3.6319,118,91.635
-3.2971,-4.0001,302,67.237
-4.7307,-3.6636,277,65.624
-5.6922,-4.8264,266,66.12
-5.5535,-5.9669,261,60.025
-4.9481,-6.0781,262,59.19
-4.8847,-5.834,270,59.355
-5.1954,-6.8126,278,59.537
-5.1628,-7.7307,287,60.306
-5.6837,-8.9281,285,59.289
-5.8394,-9.356,289,62.002
-5.8944,-9.6315,286,60.852
-6.7086,-10.1,281,59.496
-7.515,-11.265,280,58.404
-6.7487,-12.368,277,59.67
-4.8105,-12.359,286,60
-4.8997,-11.282,302,66.137
-7.571,-10.572,257,58.09
-8.2636,-12.386,260,61.869
-7.2624,-14.93,264,58.983
-6.1091,-14.94,261,58.09
-5.4951,-14.328,281,61.638
-7.1985,-13.909,271,60.05
-8.0689,-14.341,294,61.456
-9.807,-16.513,286,60.596
-8.5186,-18.225,280,61.729
-7.3874,-18.159,286,59.355
-7.6837,-17.797,301,63.135
-8.0967,-18.479,293,62.44
-9.7158,-19.129,281,61.894
-9.9041,-21.996,278,58.462
-9.0905,-22.473,279,59.008
-8.8203,-21.222,302,64.532
-9.8673,-21.778,305,62.167
-11.743,-23.114,289,62.87
-10.981,-23.916,271,57.668
-11.079,-24.478,273,57.213
-10.196,-23.339,293,62.655
-11.002,-23.842,291,60.397
-11.939,-23.511,301,66.203
-11.797,-24.603,288,61.63
-11.635,-25.459,295,60.943
-12.152,-25.427,296,60.505
-12.622,-25.881,293,61.348
-12.405,-26.432,286,59.86
-11.844,-26.806,293,60.877
-11.223,-27.958,303,63.3
-12.44,-25.635,284,60.422
-14.1,-27.819,281,60.852
-12.077,-29.776,284,60.695
-10.972,-29.314,303,64.268
-12.53,-28.901,303,64.45
-14.854,-30.251,291,61.464
-11.403,-30.059,298,63.209
-10.616,-28.549,287,62.084
-11.94,-28.842,275,59.107
-13.481,-30.562,288,60.612
-10.173,-31.152,304,64.838
-11.746,-29.14,300,64.144
-14.891,-30.477,284,59.289
-16.826,-30.189,271,61.985
-14.475,-31.051,286,63.937
-14.06,-34.79,284,59.926
-17.281,-35.487,284,61.216
-18.04,-33.792,262,65.211
-15.196,-31.823,289,65.632
-12.078,-31.591,311,69.685
-13.428,-30.178,283,66.459
-15.195,-29.101,263,64.706
-14.454,-29.344,259,62.258
-14.067,-30.418,283,64.615
-12.156,-31.309,291,64.772
-10.058,-34.895,288,62.539
-10.446,-36.897,259,59.628
-11.841,-37.722,283,60.348
-11.975,-37.853,288,62.746
-15.759,-36.247,293,60.596
-13.991,-39.692,294,61.241
-11.791,-39.395,275,64.706
-14.223,-38.981,286,60.877
-13.723,-38.696,272,63.606
-13.64,-39.048,266,61.266
-13.715,-38.928,266,60.389
-13.571,-39.164,268,60.58
-13.639,-39.292,272,59.091
-13.764,-39.054,279,61.63
-13.89,-38.864,301,64.814
-12.967,-38.519,321,67.675
-12.294,-37.429,327,69.321
-12.507,-35.404,312,65.765
-13.274,-34.489,308,68.419
-13.746,-37.573,310,65.74
-12.946,-41.121,314,64.334
-11.545,-39.711,317,70.148
-13.801,-35.878,341,76.036
-14.452,-36.707,358,83.149
-11.83,-39.323,342,76.111
-10.949,-39.477,315,66.757
-13.757,-39.429,318,67.592
-14.275,-43.618,333,68.651
-13.388,-45.176,325,74.994
-14.101,-42.606,333,70.347
-17.592,-42.206,343,69.412
-15.198,-45.784,340,75.565
-15.109,-50.395,341,69.089
-17.707,-52.147,315,70.471
-17.24,-51.213,300,64.896
-20.804,-51.229,302,69.759
-19.63,-54.712,297,63.11
-17.864,-55.831,278,62.854
-17.733,-52.965,280,63.871
-18.347,-52.184,307,69.66
-18.284,-52.472,322,71.19
-18.264,-52,335,71.355
-18.241,-52.241,324,70.793
-18.417,-51.941,316,70.859
-18.475,-52.049,323,69.081
-18.756,-52.095,340,73.605
-19.633,-52.619,344,80.37
-19.917,-51.313,376,74.928
-21.325,-50.753,342,73.059
-20.701,-53.864,337,74.622
-18.428,-57.438,333,69.453
-19.475,-58.062,332,72.207
-21.145,-57.13,349,72.596
-17.367,-57.471,364,73.613
-17.15,-58.842,331,66.203
-18.352,-57.819,348,71.744
-17.906,-55.71,332,71.273
-20.775,-58.18,311,68.775
-21.572,-62.457,324,70.495
-22.341,-63.241,343,82.256
-23.99,-63.438,347,81.337
-24.951,-67.837,328,68.163
-27.324,-69.023,284,63.135
-27.433,-68.203,274,59.975
-25.832,-64.284,298,68.858
-21.88,-64.867,342,67.609
-20.376,-70.483,323,65.657
-20.883,-74.211,304,66.608
-22.972,-77.716,257,57.362
-24.069,-77.984,257,58.462
-23.798,-76.911,274,62.87
-24.646,-75.687,268,62.291
-23.297,-74.648,299,71.413
-23.514,-74.613,315,70.462
-23.473,-74.97,302,65.417
-23.551,-75.359,275,67.89
-23.155,-75.355,275,79.08
-22.531,-75.668,254,83.191
-21.712,-75.256,240,77.749
-21.339,-73.823,244,74.499
-19.8,-71.702,271,93.975
-19.373,-75.184,234,65.583
-22.81,-77.697,237,84.332
-22.106,-74.276,317,71.596
-23.001,-70.886,310,65.831
-23.06,-68.973,361,73.241
-20.63,-68.776,370,76.185
-19.916,-70.955,364,74.787
-20.252,-71.294,210,58.239
-20.711,-70.635,185,52.541
-23.499,-70.933,205,60.91
-22.37,-73.334,176,52.086
-23.194,-72.822,153,47.604
-24.224,-73.679,151,52.921
-25.352,-73.752,148,49.663
-26.262,-73.446,143,52.177
-26.913,-73.325,153,54.6
-27.224,-73.735,189,61.63
-26.073,-74.73,200,57.602
-25.431,-74.735,231,56.841
-24.893,-73.924,278,64.59
-27.573,-71.883,300,76.516
-26.143,-69.083,305,69.089
-23.199,-70.349,304,68.907
-20.32,-73.025,323,74.73
-22.351,-73.595,342,78.501
-26.026,-70.94,342,74.299
-25.902,-72.941,323,64.822
-22.55,-77.068,285,61.175
-20.302,-79.216,309,70.454
-21.832,-78.345,317,74.366
-25.195,-75.043,343,77.905
-27.851,-73.623,330,78.426
-26.145,-71.544,321,80.138
-24.67,-68.758,293,68.808
-24.408,-68.639,244,61.059
-25.041,-71.827,240,57.594
-24.134,-76.837,234,58.809
-20.929,-79.478,255,65.682
-21.339,-76.786,293,77.285
-26.185,-75.693,270,68.212
-28.433,-75.777,256,67.055
-26.05,-76.306,222,60.67
-26.042,-76.451,238,67.865
-29.612,-73.996,277,78.112
-32.565,-70.862,264,69.569
-31.203,-72.505,255,65.268
-27.244,-74.445,270,69.255
-22.904,-76.822,310,85.795
-18.445,-80.232,322,80.436
-18.118,-81.904,308,83.851
-20.028,-87.731,304,80.99
-20.148,-93.583,312,78.972
-20.75,-98.348,317,77.07
-23.145,-101.76,316,80.569
-24.343,-105.23,319,78.484
-26.864,-107.28,275,69.552
-29.763,-107.71,276,67.435
-32.171,-109.97,269,67.336
-32.847,-112.5,290,72.852
-31.023,-112.16,311,86.713
-27.875,-106.06,312,84.125
-30.821,-108.14,287,71.273
-32.034,-109.86,287,70.727
-35.805,-108.28,267,68.163
-34.693,-110.5,238,66.856
-35.787,-110.83,212,60.579
-34.509,-109.56,151,47.422
-35.426,-107.43,138,40.706
-34.109,-108.15,142,41.219
-32.309,-106.94,149,44.684
-31.374,-104.88,154,48.215
-27.115,-103.65,176,48.604
-22.638,-100.78,207,64.706
-18.538,-101.37,291,80.601
-16.983,-104.58,318,91.741
-22.336,-107.08,325,94.305
-19.851,-110.75,307,78.526
-16.387,-111.77,313,81.917
-10.838,-116.53,296,73.059
-9.3795,-119.06,300,68.304
-10.873,-121.98,300,81.668
-13.225,-122.11,294,74.374
-16.236,-120.56,274,70.818
-18.124,-117.65,262,63.027
-23.284,-116.08,265,70.983
-21.107,-118.32,259,65.483
-15.367,-113.86,251,59.537
-19.368,-113.2,294,72.695
-26.371,-116.54,326,81.933
-27.672,-120.56,314,71.281
-21.703,-120.16,318,89.997
-16.946,-115.12,304,69.685
-15.9,-111.87,305,68.37
-16.362,-115.76,324,89.459
-16.802,-114.78,321,84.985
-20.81,-111.81,293,82.52
-23.53,-108.46,328,90.195
-21.509,-109.24,290,62.357
-15.165,-111.96,276,60.48
-10.117,-117.66,320,75.358
-10.562,-122.54,313,75.408
-11.708,-123.99,303,70.628
-13.901,-125.75,286,72.505
-11.166,-130.56,283,66.385
-10.428,-135,301,69.552
-9.4426,-139.28,306,72.455
-6.2561,-141.07,297,78.236
-5.1551,-146.91,297,71.389
-2.9494,-151.91,302,67.311
-3.9778,-154.53,289,63.317
-6.0226,-153.12,312,83.546
-6.1099,-154.52,305,79.766
-3.278,-159.63,281,70.685
-1.8047,-162.71,242,62.324
-1.0167,-165.13,167,49.191
0.016744,-167.87,119,39.209
0.7213,-171.41,303,68.56
0.26553,-172.11,307,75.284
-1.5714,-166.13,304,73.613
-1.515,-165.78,285,66.782
-1.0397,-172.66,292,73.34
-5.2222,-171.84,300,70.131
-4.1029,-166.07,282,67.791
2.3692,-165.16,285,66.947
1.4693,-170.9,309,71.157
1.8544,-175.18,309,72.125
2.5463,-178.54,308,68.444
1.2758,-176.68,303,77.558
2.0709,-180.16,285,63.085
3.2429,-177.21,279,65.831
-0.80873,-177.3,291,70.611
3.0987,-175.48,302,70.561
3.5744,-176.34,282,66.79
6.7885,-181.57,253,59.38
8.4312,-184.62,284,65.194
8.8045,-187.38,268,61.828
9.0995,-187.95,279,69.404
10.032,-191.42,292,69.296
14.359,-194.38,275,65.938
15.32,-196.49,254,60.323
16.265,-198.06,248,59.198
13.514,-197.61,251,66.344
15.794,-195.94,228,55.253
16.422,-196.41,235,57.213
17.375,-198.29,265,62.837
15.017,-198.9,257,56.651
15.652,-197.61,291,67.592
19.69,-201.43,253,56.105
17.598,-204.5,224,54.765
15.049,-203.22,227,56.924
17.678,-202.95,237,56.262
20.061,-202.61,219,56.775
14.122,-202.53,210,51.606
16.318,-198.81,272,68.378
16.161,-202.09,269,60.414
18.89,-202.02,255,59.653
15.874,-198.45,249,62.531
14.672,-203.84,259,60.704
17.372,-203.72,252,66.956
17.066,-201.84,237,57.147
12.693,-201.98,289,69.503
16.813,-201.56,278,64.433
12.252,-202.22,288,65.632
14.722,-204.53,264,59.835
13.008,-202.87,270,71.281
11.18,-202.71,271,59.016
13.044,-200.99,264,63.805
20.056,-200.8,260,62.754
21.569,-203.9,267,60.306
22.365,-203.11,263,63.573
26.764,-201.95,216,53.748
23.55,-204.73,225,55.013
21.672,-201.06,233,56.866
17.018,-204.71,231,57.527
18.08,-205.36,195,49.919
19.143,-205.8,174,46.528
15.28,-202.91,182,52.871
11.954,-206.08,197,54.029
16.711,-204.7,198,51.887
12.16,-202.82,217,50.266
12.477,-205.57,212,54.509
16.354,-203.93,222,55.849
14.115,-205.03,241,56.965
17.006,-204.88,245,62.349
17.44,-201.44,236,53.996
17.217,-203.21,244,63.06
19.592,-204.04,241,57.048
22.257,-202.6,254,60.877
22.83,-205.97,235,54.856
21.257,-206.44,215,55.667
19.114,-203.01,212,55.915
19.37,-202.95,272,63.391
21.175,-198.09,265,67.311
17.485,-200.35,289,76.425
19.376,-201.56,331,86.167
20.887,-203.17,308,72.48
21.464,-206.1,300,63.515
17.462,-208.13,276,57.875
22.442,-206.83,261,62.051
19.256,-207.52,264,62.175
22.533,-208.13,235,60.232
24.212,-209.17,208,52.731
20.576,-209.88,200,49.737
20.687,-211.06,185,47.744
20.42,-210.26,218,56.295
17.812,-210.18,183,51.49
18.52,-207.8,163,48.397
24.283,-204.76,201,51.821
26.04,-206.28,241,56.469
28.216,-208.08,242,59.744
31.359,-205.88,207,55.344
30.95,-207.74,220,56.543
34.413,-206.23,186,50.754
30.697,-208.79,203,53.26
31.335,-209.2,212,53.194
32.012,-208.08,199,52.276
31.706,-209.07,200,52.499
33.94,-209.79,201,52.177
30.261,-211.18,206,52.896
33.271,-209.54,200,52.458
30.007,-209.64,252,59.173
25.588,-209.12,268,62.465
30.981,-211.66,250,62.647
30.339,-212.55,251,59.835
27.745,-212.96,263,67.22
33.582,-212.22,226,54.253
29.38,-213.08,238,63.11
31.503,-210.99,214,52.061
34.044,-213.73,211,50.746
34.388,-212.95,215,58.148
34.209,-212.66,186,50.01
36.17,-210.16,177,48.116
36.747,-210.27,157,46.065
36.226,-208.68,194,52.177
35.613,-208.82,210,55.278
37.8,-211.06,188,47.545
31.834,-212.52,151,42.724
28.405,-212.51,134,46.065
25.417,-213.76,176,58.793
26.327,-211.58,157,47.289
25.941,-208.43,135,47.661
27.977,-212.88,89,34.487
28.284,-212.72,94,36.703
29.871,-211.81,100,41.773
30.791,-211.63,100,47.397
31.172,-211.48,109,46.065
32.083,-210.75,158,53.591
30.485,-209.76,207,58.412
33.749,-210.94,244,63.474
29.964,-209.04,256,63.565
28.838,-211.43,267,63.573
31.535,-208.21,272,68.006
32.843,-206.24,265,67.179
35.631,-206.31,245,59.165
36.233,-212.21,238,54.401
34.461,-212.91,264,62.829
30.692,-212.86,263,64.516
29.568,-214.91,271,72.116
23.599,-213.83,261,58.818
22.678,-211.86,255,66.501
24.156,-212.26,258,63.747
25.46,-213.49,242,61.754
24.182,-214.12,270,65.765
22.333,-215.67,267,65.509
27.7,-217,266,62.424
24.217,-217.38,244,60
24.403,-217.76,254,61.158
21.82,-219.19,290,70.545
22.124,-216.46,287,65.558
17.378,-214.73,303,71.149
21.216,-219.47,284,63.689
23.767,-219.46,270,60.886
20.794,-222.77,264,60.281
23.503,-221.79,273,63.027
22.589,-224.38,277,63.052
25.135,-220.52,279,67.253
25.67,-221.37,295,82.777
31.027,-221.94,301,81.511
35.941,-216.19,290,71.281
34.303,-213.79,299,68.841
33.044,-208.68,281,73.977
28.47,-203.96,258,62.382
26.56,-205.34,243,56.651
26.213,-208.34,252,64.731
31.278,-204.21,272,69.983
37.491,-207.27,272,63.209
39.489,-212.83,250,57.395
37.079,-214.57,278,67.038
32.749,-211.74,264,65.161
26.325,-209.9,298,79.816
25.12,-206.1,317,80.783
23.768,-203.55,296,74.258
21.976,-206.73,311,81.205
22.15,-213.28,328,90.741
24.307,-218.65,325,79.609
21.693,-221.8,309,74.548
21.641,-226.15,291,66.162
23.336,-220.38,289,71.934
24.227,-224.07,288,65.632
20.229,-222.93,297,68.171
21.239,-218.97,277,61.522
18.248,-219.31,306,85.183
17.507,-219.51,282,76.127
21.916,-223.88,274,64.649
20.162,-228.28,271,63.805
24.061,-224.61,256,60.215
22.561,-228.66,228,54.765
28.393,-228.03,241,55.708
21.923,-228.82,247,61.564
26.804,-229.88,239,57.536
24.835,-230.46,244,64.549
22.608,-230.39,270,66.989
20.804,-230.77,237,59.264
23.336,-234.89,215,56.279
20.498,-235.83,243,65.558
18.615,-239.44,246,59.579
17.607,-241.6,194,49.431
17.83,-241.83,180,50.564
18.446,-245.77,176,53.756
18.726,-244.7,135,44.361
18.256,-243.67,136,47.86
17.11,-246.07,171,51.83
14.34,-247.11,157,45.982
15.494,-244.75,162,49.68
18.039,-244.3,188,50.134
14.258,-244.94,182,52.16
11.982,-246.06,158,43.46
11.726,-247.92,132,39.333
10.924,-247.74,137,41.872
12.138,-247.6,136,42.906
10.891,-243.77,174,50.192
9.0793,-247.99,204,54.608
10.888,-245.91,218,53.756
10.728,-242.09,221,56.494
9.7752,-238.43,176,49.638
13.207,-238.14,146,43.369
16.588,-236.61,157,44.965
15.604,-237.06,160,44.312
16.074,-237.28,186,51.052
16.306,-238.47,200,52.615
14.052,-241.4,257,67.89
11.314,-243.87,260,64.822
10.565,-246.73,290,66.319
9.3426,-247.39,271,69.883
8.8707,-250.17,247,63.846
6.4818,-250.63,243,56.427
7.6479,-253.32,236,56.353
8.0652,-248.61,216,55.617
6.0397,-247.18,211,56.932
9.1144,-250.15,217,54.228
4.1338,-247.53,219,53.078
6.8888,-247.2,237,57.304
4.9783,-246.65,253,57.85
4.7079,-241.29,241,57.569
7.0845,-240.8,233,60.786
6.7318,-233.91,215,56.188
10.115,-228.92,241,59.537
13.527,-224.66,271,69.04
18.18,-218.74,296,79.337
22.5,-218.9,290,68.833
32.675,-217.87,289,65.078
32.963,-212.17,293,66.112
28.173,-216.29,303,79.444
24.788,-221.18,317,72.298
31.141,-223.91,300,72.315
31.29,-230.07,266,63.317
29.372,-230.18,263,61.34
30.784,-235.1,235,57.784
25.097,-240.86,219,55.154
27.6,-237.09,219,56.767
23.81,-237.1,218,58.156
18.562,-244.75,223,57.42
18.366,-240.99,232,59.016
15.645,-249.71,229,56.279
15.223,-253.18,272,61.911
15.34,-259.87,254,61.729
14.681,-259.84,248,63.465
14.379,-255.83,224,62.374
11.62,-258.43,232,57.999
13.903,-256.61,234,67.915
5.5078,-253.57,240,63.871
7.299,-250.19,233,65.285
6.4962,-252.41,245,71.463
7.8134,-249.78,249,66.873
12.836,-243.99,273,70.305
8.235,-244.33,247,65.848
13.215,-251.77,251,64.748
15.022,-259.52,249,59.81
13.864,-254.83,244,63.036
12.316,-253.94,228,60.985
9.6916,-258.78,222,58.917
14.649,-262.78,240,58.594
12.509,-265.42,241,56.725
12.965,-262.28,232,57.147
10.512,-260.65,244,60.331
17.043,-261.6,258,60.141
13.405,-265.66,244,59.471
16.845,-263.92,250,68.949
15.203,-269.01,234,60.017
15.282,-272.4,220,58.702
16.177,-271.72,186,47.661
14.424,-270.94,167,46.28
15.772,-268.03,194,50.663
11.934,-270.29,202,52.408
9.2048,-268.77,179,47.471
12.741,-267.32,172,47.107
15.724,-264.62,239,59
19.893,-267.08,204,50.473
18.171,-271.27,165,43.741
19.879,-273.16,145,45.412
19.746,-272.7,200,51.234
13.597,-272.13,243,63.945
11.54,-273.19,278,69.015
12.33,-271.98,270,69.503
10.076,-270.74,281,75.416
7.5619,-266.77,279,75.49
10.013,-269.17,268,83
5.0814,-260.86,288,78.104
3.9378,-255.46,305,91.121
3.2338,-250.39,272,85.836
2.2392,-244.56,267,83.281
3.4309,-236,245,67.262
4.897,-235.82,263,69.602
5.5785,-235.02,289,86.408
8.3069,-243.31,304,93.983
12.705,-251.05,301,84.158
16.643,-252.99,307,90.278
9.9241,-245.53,306,91.353
9.9339,-237.83,306,89.203
5.0744,-238.43,312,95.843
8.4219,-233.94,307,86.829
8.5199,-223.05,312,88.839
12.478,-212.58,334,95.827
12.226,-202.15,326,101.62
7.4119,-195.21,319,93.073
5.0946,-185.73,314,83.992
-1.1174,-176.55,325,83.562
-6.253,-170.4,337,88.152
11.97,-71.798,314,83.81
12.238,-73.103,334,94.644
10.365,-64.36,335,102.77
7.3749,-63.578,325,92.643
8.9331,-56.858,323,91.493
10.255,-64.342,356,112.57
13.573,-71.507,333,93.388
9.8043,-67.31,348,109.18
12.282,-61.671,331,87.193
13.336,-62.693,304,82.197
10.203,-68.086,292,70.835
9.0795,-61.55,331,93.793
7.3185,-67.804,336,91.121
13.363,-64.565,320,86.696
12.257,-68.381,314,90.451
15.496,-70.069,314,89.872
9.688,-74.606,320,97.489
9.8084,-82.666,312,76.582
8.1911,-88.934,320,90.17
7.5374,-90.276,324,95.091
10.434,-97.82,319,87.499
11.148,-101.48,342,99.772
10.168,-112.93,337,88.574
1.9934,-121.28,329,83.975
-1.7834,-119.23,326,89.889
-6.6621,-121.41,310,86.854
4.4763,-125.19,321,100.98
9.2589,-135.91,338,99.301
6.9543,-146.41,333,101.17
6.2502,-156.58,330,99.036
0.7411,-163.42,323,100.91
