0,-0,122,44.039
-0.91193,-1.5793,125,45.9
-0.84978,-2.1482,113,41.988
-1.2705,-4,122,41.409
-1.8306,-6.5124,126,41.963
-2.02,-8.5106,132,41.566
-1.2466,-11.305,127,40.557
-1.6079,-14.347,125,41.872
-2.5631,-16.778,119,41.517
-1.9375,-19.734,106,37.439
-2.0561,-21.953,102,39.515
-1.2745,-22.781,95,37.58
-1.2173,-23.236,103,38.895
-1.1054,-25.283,111,36.91
-0.6269,-27.528,108,36.91
-0.89074,-28.242,97,39.929
-1.8705,-28.751,121,39.606
-2.5223,-29.189,120,38.87
-3.3568,-30.257,127,40.16
-4.0093,-31.513,139,48.985
-4.4349,-33.681,131,42.236
-4.1678,-36.566,129,43.485
-3.6799,-38.843,125,39.192
-3.0687,-38.282,126,40.102
-3.3147,-37.338,126,44.42
-2.7162,-36.475,134,45.627
-2.2306,-36.839,120,46.471
-2.1285,-36.809,127,39.821
-2.2329,-37.096,116,43.361
-3.4139,-37.548,132,46.371
-4.9949,-39.822,142,42.741
-4.8936,-42.584,135,45.172
-3.6192,-45.49,134,44.75
-4.2655,-49.382,128,46.652
-2.9918,-52.09,122,48.902
-1.9672,-54.574,122,53.6
-1.6125,-56.47,136,62.308
-3.0409,-58.485,130,50.399
-4,-60.607,122,50.961
-3.8514,-62.494,144,60.894
-2.6496,-65.018,140,53.384
-1.0143,-68.431,137,54.807
-0.78424,-72.32,133,52.574
-1.3698,-76.669,136,50.052
-0.87039,-80.365,155,47.479
0.061991,-84.369,135,52.756
-0.021599,-88.789,137,49.539
-0.71123,-92.389,148,60.232
-0.065343,-96.506,142,52.16
0.55754,-100.8,149,65.666
-0.84514,-104.41,149,72.994
0.62977,-104.66,143,45.329
-0.82227,-103.48,120,40.83
-1.9655,-104.27,126,43.27
-0.70017,-107.32,138,57.594
1.3511,-110.4,133,55.741
1.7568,-113.75,145,51.904
1.2265,-117.88,146,49.481
1.1471,-117.16,127,40.714
1.1418,-116.76,139,45.883
1.1198,-115.83,148,53.475
0.94133,-115.52,152,50.473
0.85199,-115.32,157,52.665
0.87503,-114.93,154,53.5
0.92697,-114.9,154,53.376
0.98824,-114.79,161,51.35
0.95655,-114.6,166,52.566
0.7976,-114.17,182,64.078
0.61485,-112.98,165,57.065
1.3906,-111.22,165,58.272
1.6158,-110.51,168,58.347
0.43544,-112.09,161,53.004
0.52316,-114,155,56.974
2.0953,-116.07,162,55.278
2.0512,-117.56,165,58.082
0.30958,-115.36,151,50.035
0.49175,-114.85,167,52.069
0.41794,-115.15,171,56.949
0.5696,-114.78,167,55.915
0.35425,-114.73,165,53.409
0.48132,-114.4,179,54.881
0.48141,-114.59,172,53.31
0.50925,-114.09,179,56.651
0.63826,-113.71,182,59.934
1.0332,-112.89,175,61.704
1.1416,-111.42,180,58.371
0.9243,-110.83,170,51.16
0.2348,-112.74,158,49.481
0.53718,-115.47,179,64.078
1.3478,-117.34,170,62.672
2.4327,-118.96,176,54.815
2.8163,-119.63,177,51.978
2.0008,-121.76,173,54.162
1.8759,-122.77,163,55.642
1.397,-123.9,164,61.167
2.1302,-127.66,170,61.431
2.9914,-129.66,177,66.435
1.8125,-131.27,170,67.063
3.0772,-132.03,170,70.512
2.8884,-130.07,172,68.651
0.61317,-127.49,166,63.052
0.55904,-126.15,148,59.769
0.474,-124.91,145,49.274
3.0293,-124.34,163,55.824
5.1791,-122.69,172,56.279
3.9641,-121.74,164,53.037
2.1977,-123.88,159,50.953
2.366,-126.47,167,51.904
4.4987,-126.78,166,56.659
5.728,-129.16,148,52.012
3.8263,-132.36,153,51.251
2.4827,-134.65,150,59.323
2.119,-135.85,152,50.837
1.5387,-137.22,153,57.04
1.5058,-136.99,165,78.658
0.74304,-137.06,172,90.584
1.1239,-136.38,165,78.12
1.6655,-134.76,170,65.533
1.9312,-137.04,163,57.528
3.73,-140.84,165,48.596
4.9276,-143.36,142,44.221
5.8325,-144.71,139,44.403
6.3429,-145.69,146,43.344
6.8018,-145.59,146,49.68
7.4724,-147.68,132,44.866
7.9646,-149.29,140,43.096
10.833,-151.07,143,47.413
12.056,-154.18,132,42.443
12.657,-157.72,137,47.099
12.916,-162.17,150,51.507
13.063,-165.58,150,52.359
11.311,-163.78,157,51.061
11.329,-160,147,43.832
13.728,-160.82,148,54.625
11.989,-164.67,170,58.636
12.706,-168.61,162,60.414
14.098,-171.72,168,53.955
13.432,-174.13,167,61.638
14.001,-178.75,155,62.771
15.361,-182.44,161,63.044
15.136,-184.6,155,56.651
13.542,-180.78,160,52.731
15.163,-177.88,156,58.098
16.48,-179.29,153,53.872
17.166,-183.15,159,56.924
17.776,-186.54,159,58.843
19.347,-188.76,180,61.539
20.517,-189.02,182,56.428
19.284,-191.15,172,56.42
18.509,-196.11,173,53.773
20.071,-198.71,185,54.997
20.931,-201.75,180,58.454
20.92,-205.84,185,56.312
21.403,-211.17,178,56.676
22.833,-215.99,173,55.361
25.44,-219.47,173,53.864
25.465,-224.17,178,55.733
26.371,-229.47,174,55.394
26.497,-234.4,168,53.889
28.056,-234.32,164,61.01
26.967,-237.09,168,56.585
26.719,-238.56,149,55.741
26.678,-238.12,158,54.244
26.35,-238.38,147,51.689
26.293,-238.45,161,51.052
26.001,-238.34,152,53.864
25.931,-238.08,163,53.194
25.913,-237.97,168,54.964
26.071,-238.65,151,55.063
26.214,-238.22,147,49.597
27.692,-239.29,135,45.883
31.24,-241.54,104,38.225
27.471,-238.81,119,40.21
21.632,-238.09,125,40.557
20.225,-239.46,126,44.477
20.589,-239.6,91,42.509
20.655,-243.08,69,34.354
25.439,-244.58,68,43.46
25.599,-242.15,99,39.449
25.942,-241.11,142,50.407
23.006,-242.75,115,48.067
25.38,-242.6,114,43.344
23.354,-242.54,111,46.454
23.812,-242.31,126,50.581
25.528,-242.4,125,50.763
22.128,-240.82,130,45.602
23.755,-237.46,148,48.141
28.419,-235.28,168,49.448
32.489,-237.37,144,51.325
33.074,-241.97,103,40.003
31.918,-244.78,67,31.716
26.268,-248.19,156,54.807
20.344,-248.54,174,59.281
17.788,-248.43,158,49.82
19.291,-243.58,169,56.957
25.443,-238.49,154,50.027
31.394,-239.86,162,50.68
32.241,-244.21,175,57.594
28.922,-249.95,173,53.98
24.804,-255.17,176,59.869
22.008,-258.84,173,60.53
21.196,-263.85,162,60.357
22.051,-263.55,167,71.968
20.073,-264.75,166,77.484
14.533,-267.93,174,60.72
13.509,-265.66,153,59.116
18.227,-259.88,171,69.884
22.178,-255.35,169,52.896
20.409,-252.73,156,47.885
22.569,-250.85,177,60.431
27.398,-250.07,183,68.502
24.022,-251,184,61.456
21.231,-254.64,178,58.471
21.73,-259.78,176,61.067
22.684,-264.88,179,64.938
23.74,-270.34,179,64.012
23.732,-274.49,160,66.824
24.101,-279.68,160,61.82
21.879,-282.27,148,62.052
18.981,-278.73,148,54.071
15.557,-274.98,156,57.883
14.35,-267.98,171,69.536
16.226,-261.77,160,53.963
19.668,-262.32,161,51.069
21.904,-262.6,159,55.08
24.611,-266.57,165,64.45
25.237,-271.48,168,61.01
21.406,-275.24,163,55.576
16.564,-277.35,168,48.91
13.504,-280.29,151,51.416
15.371,-282.67,155,53.508
18.288,-281.93,157,50.308
15.994,-280.78,151,73.655
13.676,-276.56,157,69.338
15.231,-275.42,168,59.811
14.23,-278.47,156,52.458
13.643,-282.38,145,56.602
17.687,-283.78,152,55.957
18.849,-283.65,149,55.022
15.412,-280.65,151,56.585
14.076,-281.61,152,49.092
15.201,-281.17,145,49.555
15.65,-281.45,151,53.029
15.326,-281.61,150,53.6
15.618,-281.24,161,46.834
15.362,-281.29,168,54.832
15.708,-281.51,173,53.219
15.934,-280.41,181,66.435
16.92,-280.79,182,64.558
16.577,-282.09,184,60.34
14.608,-283,174,54.501
12.659,-282.76,165,62.424
15.126,-282.84,165,53.5
18.308,-281.47,166,60.53
19.235,-281.38,165,69.074
18.159,-283.3,162,59.025
16.097,-285.59,153,57.246
13.795,-286.53,147,51.64
13.404,-285.85,153,48.728
14.845,-285.16,160,51.424
14.206,-284.62,166,48.05
14.482,-283.58,174,50.399
16.8,-284.42,171,55.245
16.491,-285.38,170,54.526
14.085,-285.9,162,58.678
13.046,-288.98,164,56.577
12.124,-289.53,154,54.517
11.112,-289.44,168,57.991
10.714,-286.6,165,55.179
13.914,-285.1,158,55.94
16.158,-286.4,161,51.532
13.338,-285.48,158,56.701
11.545,-289.12,155,56.775
11.604,-293.43,140,58.752
12.775,-296,140,68.585
12.225,-299.75,131,74.019
9.5223,-301.6,121,63.466
4.883,-302.25,118,71.033
2.2481,-300.36,119,86.772
1.1751,-297.09,121,73.382
2.7399,-296.37,130,67.543
6.2112,-297.62,124,74.863
8.2626,-302.69,115,76.723
8.5371,-305.32,122,55.08
2.5636,-303.86,108,72.638
-0.57209,-307.78,94,68.205
-5.5178,-307.88,100,69.437
-4.9414,-311.01,106,60.703
-0.35252,-305.38,111,56.585
5.4671,-301.15,126,50.325
10.394,-302.34,113,41.318
9.1869,-306.9,117,48.563
7.4011,-311.72,116,48.902
4.6826,-316.61,117,46.834
3.3558,-320.68,127,47.678
-0.64803,-321.89,101,49.365
-0.31206,-321.14,104,40.921
-3.6896,-317.55,92,41.037
-1.7759,-316.17,111,68.338
2.2496,-317.57,109,76.715
7.619,-319.09,129,60.786
11.231,-318.28,119,47.149
12.822,-318.63,94,46.28
13.35,-323.11,111,52.921
12.968,-327.48,107,47.198
14.08,-331.43,111,42.534
12.944,-334.73,116,47.505
10.062,-335.6,85,43.65
6.7,-331.99,87,37.58
6.7342,-330.52,97,40.276
9.7322,-328.9,95,46.181
11.441,-325.07,83,44.891
10.379,-323.59,106,50.606
9.6377,-324.68,108,50.837
7.5068,-327.4,126,59.587
5.5113,-332.72,134,56.213
5.6872,-333.86,138,49.183
-1.2739,-332.44,132,45.735
-5.8241,-332.32,128,45.445
-0.6373,-332.59,131,48.53
6.8607,-332.76,140,53.194
11.91,-334.78,147,53.691
11.175,-339.95,134,58.272
8.805,-343.32,129,50.49
5.7895,-348.01,129,43.948
8.0501,-349.67,117,50.035
4.5802,-346.82,129,41.384
0.53689,-349.01,127,41.872
-2.2619,-353.04,101,48.728
-6.8186,-352.92,252,78.377
-6.8186,-352.92,252,78.377
