0,-0,316,102.42
9.466,5.3967,353,113.43
9.26,16.56,376,136.91
2.8894,18.247,537,118.48
7.4781,8.9913,251,91.543
18.535,10.412,326,112.34
19.258,17.153,430,152.08
18.761,13.833,445,117.94
26.489,16.057,533,104.11
28.511,20.918,435,121.86
17.566,22.221,443,117.95
5.4029,19.448,462,115.82
-1.8126,15.174,425,119.37
4.3155,2.5184,176,69.065
-0.17782,-4.616,891,116.73
7.0093,-9.104,927,126.96
15.831,-9.7948,908,123.99
25.212,-8.1789,936,131.26
35.069,-4.6476,922,135.13
35.216,1.804,913,131.48
43.542,-2.2624,901,122.64
53.542,-1.4154,898,123.5
53.465,3.2466,937,128.68
59.829,0.70629,878,116.7
67.069,6.1419,844,114.48
70.813,8.2257,818,111.38
70.792,8.3795,792,106.41
71.534,8.4178,811,108.46
71.766,8.3998,835,110.01
71.985,8.8411,870,111
71.426,8.819,950,120.28
71.074,10.674,1094,134.52
74.208,13.077,1081,133.84
79.09,12.301,972,120.84
81.596,6.6427,906,118.38
78.329,1.9637,885,118.18
73.921,-1.3772,869,116.61
74.013,-7.8013,914,128.63
72.69,-4.3341,1034,148.34
62.858,-6.6858,1018,143.29
54.478,-15.278,976,141.4
50.399,-23.102,933,135.23
59.192,-22.938,898,124.15
62.172,-28.397,957,136.37
51.745,-34.466,957,140.31
56.616,-36.817,959,134.17
64.213,-36.789,971,129.32
73.63,-33.979,973,129.73
72.081,-45.029,956,122
64.866,-54.145,921,122.5
66.52,-62.183,907,122.75
63.008,-70.132,869,116.03
61.717,-77.594,897,120.07
58.455,-77.99,951,127.77
54.778,-88.93,934,126.34
42.984,-93.436,900,119.49
34.254,-98.459,865,120.94
29.52,-99.05,951,132.14
34.713,-97.14,1021,155.15
51.352,-83.194,1041,147.45
54.969,-72.681,1016,141.92
61.672,-75.761,1001,144.6
67.044,-88.944,962,127
59.294,-99.866,951,120.95
59.43,-110.58,969,134.9
58.744,-117.04,894,117.91
56.63,-126.19,720,103.71
52.284,-135,794,106.95
60.601,-138.94,777,111.16
63.613,-143.3,775,106.56
72.138,-142.43,753,112.58
63.179,-148.91,775,103.86
59.398,-150.16,786,113.8
55.025,-148.54,759,116.34
54.089,-148.11,754,112.38
53.821,-149.14,784,115.31
52.398,-149.26,865,129.23
50.582,-149.43,943,132.48
46.325,-149.72,969,130.35
42.653,-149.5,962,123.32
40.468,-145.4,930,125.5
42.072,-140.13,873,122.89
46.446,-142.46,824,115.29
53.639,-150.21,818,109.88
56.211,-159.17,807,107.7
56.496,-169.87,806,105.76
54.859,-179.99,836,108.54
54.31,-191.15,820,107.65
51.817,-193.46,924,121.12
54.563,-202.96,920,118.59
55.563,-209.28,880,115.44
59.388,-219.28,872,116.5
62.928,-227.08,890,120.23
60.152,-231.9,980,129.8
61.21,-235.4,949,119.87
64.936,-236.18,910,118.14
65.052,-243.33,921,124.72
66.411,-257.11,848,107
64.116,-267.53,749,103.75
57.531,-272.24,670,95.926
49.976,-274.44,664,100.03
49.718,-278.95,706,107.12
45.053,-290.53,770,112.53
46.479,-302.92,792,112.02
51.966,-314.8,798,113.86
51.771,-325.68,824,114.79
50.687,-332.56,860,113.58
42.644,-339.82,820,104.85
43.54,-345.37,854,113.31
46.194,-355.64,885,120.81
45.01,-364.49,872,124.19
45.37,-376.55,551,111.63
39.944,-377.9,556,91.03
43.799,-367.53,530,87.945
47.507,-361.13,594,94.669
48.81,-347.7,608,102.26
50.164,-329.15,638,101.11
47.033,-312.06,695,107.68
41.266,-296.98,720,117.59
40.072,-281.78,749,129.11
43.45,-268.87,762,120.44
43.509,-263.15,702,100.57
40.263,-262.79,758,115.67
32.235,-259.57,726,104.98
28.323,-262.77,765,114.86
19.109,-258.57,735,112.23
10.976,-258.76,704,106.78
6.3612,-259.77,694,114.14
1.3216,-255.77,698,104.97
-0.79005,-251.16,673,98.854
-1.0597,-247.03,672,101.04
-3.082,-241.22,638,100.04
-5.2971,-239.48,600,103.53
-5.301,-238.91,542,103.6
-11.341,-242.23,512,98.316
-8.6267,-249.82,576,112.99
2.184,-250.69,675,123.17
17.442,-252.09,680,117.42
30.257,-248.14,646,114.28
41.724,-245.38,645,115.83
50.496,-237.04,689,123.08
57.336,-225.2,701,119.88
65.27,-214.69,694,116.34
68.565,-203.12,666,113.41
69.726,-200.52,698,116.58
69.022,-196.39,684,116.78
74.089,-193.42,671,114.62
74.769,-191.55,690,117.06
76.672,-186.2,656,113.79
79.928,-184.17,660,112.17
78.696,-177.4,676,119.98
72.392,-165.93,722,119.28
63.727,-153.49,731,123.38
51.812,-150.67,744,129.57
41.404,-159.36,730,128.79
41.703,-169.17,721,119.85
46.252,-181.95,756,118.67
48.919,-197.28,740,119.2
47.518,-209.25,712,112.09
41.381,-217.56,693,107.29
33.758,-213.36,663,99.218
29.691,-216.27,685,110.62
24.321,-215.51,678,103.28
16.399,-212.91,676,100.6
8.4477,-212.81,651,99.466
1.3693,-214.22,650,104.3
-2.56,-219.93,646,104.73
-0.27939,-221.78,594,100.52
-1.468,-224.21,606,99.838
-12.271,-229.04,636,98.647
-12.115,-233.35,659,103.64
0.22971,-237.65,679,109.17
14.592,-244.19,687,117.78
29.956,-247.96,700,117.76
45.592,-244.43,722,115.82
58.895,-234.41,726,115.86
70.467,-224.85,719,119.69
72.364,-215.96,716,111.43
75.632,-206.04,726,115.08
72.113,-194.09,768,118.05
63.529,-184.48,774,126.34
60.121,-183.62,827,148.57
59.734,-172.99,799,135.24
62.269,-159.1,789,129.71
57.578,-144.4,835,142.63
49.129,-135.26,844,146.51
43.956,-141.74,834,142.22
39.467,-138.44,814,144.95
45.647,-146.31,805,136.88
50.348,-132.82,817,142.6
52.554,-116.94,801,133.45
48.988,-100,829,135.82
37.461,-95.624,807,128.54
31.068,-102.11,845,147.91
22.364,-109.5,801,134.37
12.933,-115.76,780,119.71
11.299,-123.4,786,126.15
17.361,-132.41,820,138.65
25.509,-131.7,809,135.69
24.531,-139.37,811,130.93
11.695,-137.23,775,119.6
-0.33172,-132.13,743,113.52
-4.2813,-130.51,734,115.77
-7.4245,-133.94,750,117.62
-8.0603,-133.8,768,121.47
1.6658,-136.25,797,135.75
5.6953,-131.34,827,147.47
14.148,-132.16,734,109.57
16.173,-122.93,776,128.3
18.682,-114.69,763,118.21
16.367,-113.55,721,108.36
16.49,-101.19,736,105.74
19.391,-89.586,760,112.7
12.337,-86.692,696,104.35
3.8801,-87.492,726,111.78
0.85682,-83.541,716,114.39
-1.1864,-80.3,754,111.25
-0.35086,-73.08,749,107.98
-1.4131,-65.894,796,116.31
-10.367,-62.092,828,126.52
-14.13,-61.435,869,134.99
-19.8,-57.852,821,122.23
-22.943,-53.438,861,125.38
-20.147,-46.068,868,120.17
-5.5038,-48.527,860,123.59
5.8296,-59.038,853,115.5
13.808,-69.627,832,110.23
22.353,-74.211,870,116.42
30.033,-75.118,878,119.55
36.595,-69.039,906,116.15
48.543,-59.791,900,126.2
65.019,-59.74,926,129.84
64.562,-52.505,972,141.13
54,-51.528,940,141.97
51.01,-45.521,944,141.98
59.643,-41.387,926,135.34
75.521,-36.877,900,125.99
78.133,-32.763,895,116.6
85.425,-30.315,855,116.34
83.043,-26.781,900,121.55
88.458,-27.419,859,117.81
89.747,-28.532,848,116.56
93.805,-25.227,872,117.78
104.17,-29.034,843,110.27
111.64,-29.838,814,108.69
116.4,-29.777,840,112.93
114.09,-28.09,879,122.51
112.3,-27.922,888,132.34
114.76,-27.356,865,125.59
126.47,-30.604,862,117.85
133.37,-38.089,868,128.16
140.86,-37.59,883,128.42
148.32,-40.445,863,119.71
151.9,-46.769,864,124.64
157.82,-46.03,910,127.92
163.54,-47.948,879,126.09
167.13,-53.096,880,126.28
171.1,-50.257,916,134.47
169.87,-57.413,920,137.76
176.46,-56.366,887,123.41
180.45,-58.103,904,128.48
185.3,-63.324,924,136.66
187.2,-69.211,905,132.34
187.33,-74.942,925,141.6
188.51,-79.355,921,139.52
190.57,-83.032,902,131.74
193.41,-80.651,942,138.37
189.68,-85.634,970,150.67
181.63,-88.835,958,141.9
185.54,-91,925,131.74
194.16,-88.727,962,139.29
206.33,-93.028,931,128.02
216.32,-96.959,893,117.36
221.41,-103.51,848,109.3
218.89,-105.89,917,131.86
215.61,-109.82,902,117.73
213.5,-113.49,924,127.45
207.34,-119.45,910,125.56
199.59,-122.79,889,126.23
191.72,-126.98,889,123.63
190.52,-128.23,915,123.43
199.47,-126.48,919,124.12
211.74,-120.34,911,121.98
211.33,-125.93,919,130.02
216.18,-123.73,904,120.71
220.28,-124.49,906,128.36
224.79,-127.72,869,124.36
222.04,-135.99,883,127.25
218.18,-143.33,892,127.89
214.78,-149.19,878,132.31
212.99,-153.61,887,135.56
211.67,-159.78,897,134.92
209.6,-163.56,870,118.69
211.2,-164.04,847,117.44
218.97,-154.89,889,118.55
220.91,-148.72,940,131.14
224.6,-160.97,887,119.91
225.74,-162.27,842,110.27
226.94,-162.75,796,105.42
226.75,-163.76,795,107.5
228.09,-163.62,788,106.07
228.42,-160.24,877,114.77
227.83,-158.25,959,119.75
227.11,-155.61,1039,135.71
229.68,-158.26,1003,131.89
234.39,-160.86,950,125.81
236.1,-166.38,928,124.8
234.67,-173.07,915,122.55
231.19,-179.05,860,112.52
232.57,-184.22,837,116.54
230.74,-191.44,816,107.86
232.62,-191.32,849,114.07
232.27,-194.48,872,120.14
232.49,-199.74,838,110.66
234.87,-201.64,935,123.32
238.41,-207.14,895,119.79
235.81,-210.23,929,127.61
229.3,-212.3,934,127.98
225.52,-215.93,954,135.33
222.88,-220.73,969,142.91
218.77,-225.39,968,144.41
215.86,-227.11,972,145.91
215.87,-228.28,956,137.54
216.29,-224.76,924,123.8
226.18,-224.35,935,124.19
234.99,-229.49,919,122.84
233.74,-233.58,930,128.37
227.75,-240.41,917,129.54
228.08,-246.65,907,123.62
227.97,-252.92,881,121.47
226.5,-257.84,905,128.58
224.27,-261.36,878,116.79
223.09,-264.93,877,118.93
224.17,-262.83,887,119.25
226.81,-263.2,900,121.54
235.59,-260.25,913,119.82
226.5,-258.65,943,129.57
224.61,-265.53,968,141.78
226.37,-270.9,905,128.16
230.45,-274.99,899,128.36
236.37,-278.62,925,132.08
239.56,-282.23,878,124.82
240.69,-283.69,834,112.52
239.53,-285.62,845,120.44
235.18,-291.76,825,113.66
235.13,-290.04,798,111.73
235.36,-289.95,790,106.46
235.44,-290.31,808,107.78
235.23,-290.67,869,109.36
234.98,-291,933,118.48
235.52,-292.24,976,119.56
237.28,-290.58,1026,127.63
241.01,-288.68,1009,124.6
243.95,-292.97,957,118.99
240.06,-298.67,926,120.14
233.98,-300.1,897,121.04
230.73,-304.36,872,119.5
232.75,-305.11,929,121.78
230.28,-310.86,917,119.59
232.24,-317.12,940,126.91
230.6,-323.19,948,127.07
231.4,-325.25,944,126.79
229.07,-330.73,930,127.72
224.42,-334.66,920,130.05
221.18,-338.05,929,136.66
216.72,-341.12,922,133.85
212.75,-344.63,902,130.63
209.11,-347.04,913,139.57
202.94,-349.03,892,124.33
202.53,-352.3,891,123.54
203.33,-354.91,862,109.18
207.32,-354.21,855,110.41
220.01,-351.92,888,118.16
227.22,-345.5,937,128.5
229.16,-351.4,917,136.42
232.81,-350.43,922,135.9
230.78,-356.85,906,137.42
228.21,-362.59,896,129.44
232.29,-365.27,888,133.56
230.44,-371.35,876,122.51
231.72,-376.56,862,117.01
233.41,-379.56,865,119.05
233.71,-379.76,866,120.54
234.74,-381.14,872,122.63
231.76,-383.5,868,128.39
235.51,-380.33,907,132.34
230.32,-381.1,904,138.28
235.33,-386.1,870,125.86
241.54,-389.27,860,129.69
242.32,-396,859,131.27
243.26,-402.7,858,132.94
245.49,-407.56,850,139.31
247.56,-411.71,853,142.78
244.86,-416.08,831,133.99
243.94,-419.16,806,129.31
239.35,-419.94,841,144.03
235.11,-422.31,798,119.47
237.25,-424.95,816,126.99
241.82,-422.12,892,143.41
238.57,-427,846,134.83
236.59,-429.53,837,130.43
240.47,-432.58,849,144.6
244.57,-429.35,858,145.55
252.47,-423.78,876,149.04
257.87,-411.61,878,138.91
250.4,-417.09,889,138.76
241.44,-427.79,867,138.5
244.23,-432.71,860,132.93
240.61,-440.24,828,134.99
236.94,-443.75,834,138.02
240.97,-441.15,862,146.37
243.77,-443.45,846,141.63
250.41,-444.4,826,137.84
244.26,-449.6,800,123.56
240.55,-455.08,762,119.16
241.03,-456.51,730,105.83
241.96,-455.93,717,97.018
250.69,-454.86,670,95.422
248.03,-460.64,649,93.024
247.33,-459.2,663,94.512
247.01,-459.18,651,91.427
247.61,-460.79,694,94.884
247.68,-460.5,742,97.853
247.8,-459.71,776,99.358
247.87,-457.59,814,105.49
246.09,-455.17,826,102.53
243.85,-455.7,842,105.46
242.85,-459.73,843,105.85
245.24,-465.79,824,111.45
243.97,-461.73,800,104.77
241.52,-468.27,791,102.17
245.18,-474.17,795,110.56
240.45,-479.87,780,104.25
239.15,-486.24,771,102.47
239.16,-493.75,785,102.67
242.66,-499.83,802,114.97
245.34,-506.13,775,118.78
244.77,-512.02,815,124.26
245.31,-516.9,823,117.21
246.9,-522.05,794,124.29
252.95,-521.33,823,132.73
258.55,-522.7,818,136.19
260.94,-525.53,841,155.24
264.6,-530.87,826,150.37
272.51,-533.47,820,147.96
279.48,-538.99,810,143.99
279.99,-544.28,814,162.51
287.46,-547.28,814,154.31
295.6,-550.29,806,149.64
305.36,-555.27,809,141.06
314.81,-558.45,803,131.93
322.8,-560.67,799,128.28
331.08,-558.01,783,116.26
338.41,-556.45,709,108.98
334.21,-555.48,759,140.17
335.6,-555.3,723,139.73
343.98,-549.26,610,123.32
352.02,-542.98,840,131.07
355.83,-538.53,823,121.73
357.35,-535.29,862,148.08
359.99,-533.26,865,145.21
367.34,-531.51,836,137.38
367.26,-534.77,835,145.58
369.67,-535.68,866,156.2
380.14,-537.66,857,147.52
388.82,-543.53,848,134.33
395.98,-548.67,811,117.85
402.52,-547.94,785,124.92
410.85,-546.48,786,114.61
412.78,-546.29,802,123.9
421.22,-549.7,761,106.64
426.82,-554.58,743,106.84
429.6,-554.36,801,119.78
437.22,-556.53,797,113.61
440.99,-555.19,822,123.29
445.64,-554.11,824,122.56
444.55,-554.05,847,130.84
448.4,-558.86,837,138.54
450.61,-566.06,819,138.53
452.13,-577.31,792,120.16
454.31,-583.64,775,122.21
456.11,-590.29,749,111.31
461.06,-594.53,697,114.54
465.5,-594.82,679,120.54
472.46,-595.17,518,109.79
478.96,-597.48,771,143
486.16,-598.3,649,114.32
493.48,-602.36,607,117.64
497.14,-603.66,500,94.471
497.14,-603.66,500,94.471
