0,-0,82,31.005
0.34894,0.027669,93,38.25
0.75754,0.35025,93,39.259
1.4615,0.64302,88,37.208
2.1936,0.42515,87,35.38
1.6419,-0.14957,87,35.703
1.6198,-0.9767,101,37.299
0.94034,-1.2627,93,35.297
-0.4878,-1.6951,82,33.726
-0.28109,-1.7111,81,33.635
0.1055,-2.321,86,33.718
1.3948,-1.4265,83,30.608
2.2506,-0.19067,85,33.982
2.7683,1.6082,94,36.232
3.4655,0.31316,109,38.134
1.2729,-1.3474,109,40.756
1.4915,-0.7328,112,42.733
2.2001,-0.36835,88,35.984
1.6312,0.98466,124,45.213
-0.73171,0.55724,124,40.921
0.44933,0.81308,116,42.071
3.054,1.4726,112,41.037
3.1899,0.12697,102,36.695
3.9231,-1.2834,84,34.189
4.8933,-1.9252,88,35.777
4.4776,-2.5652,86,31.096
3.1709,-1.7141,77,29.88
3.9245,-1.8816,96,34.942
3.0205,-3.1592,111,40.466
3.4778,-3.9362,148,45.329
2.9157,-3.1972,190,52.45
3.5837,-3.2947,195,57.52
2.5555,-4.5833,188,54.617
3.6889,-5.0585,189,51.805
4.2943,-5.9701,192,50.614
3.2389,-4.9515,204,54.691
1.6566,-7.9219,206,58.099
2.963,-10.313,190,52.16
4.5183,-12.557,200,52.524
5.2339,-16.35,189,55.427
6.3725,-19.413,192,51.97
7.8983,-22.642,200,53.012
10.4,-25.402,190,50.688
12.753,-26.847,191,51.978
15.103,-29.215,203,53.103
16.575,-30.639,207,52.839
15.544,-28.315,218,55.295
11.572,-28.996,214,52.317
13.115,-31.363,202,52.185
15.526,-34.378,206,54.327
14.654,-37.756,201,52.094
14.61,-41.62,202,53.219
14.505,-45.034,201,53.194
15.15,-47.902,194,53.103
16.496,-47.716,217,56.486
18.824,-48.787,216,60.323
17.855,-52.924,207,55.262
15.49,-55.101,212,58.727
16.945,-53.03,215,62.97
19.157,-50.435,216,55.221
17.606,-48.575,215,56.072
17.394,-49.32,219,58.892
16.885,-53.709,222,56.949
19.079,-55.507,219,60.812
18.459,-55.199,226,55.758
15.791,-56.196,223,54.898
16.681,-59.688,217,56.966
15.727,-60.06,219,56.693
16.562,-57.654,223,56.585
16.868,-55.149,201,51.308
17.03,-58.541,195,49.919
17.779,-58.274,194,49.555
17.329,-57.233,207,50.87
16.863,-56.572,200,53.401
15.225,-55.475,206,50.688
16.749,-54.282,207,54.236
20.259,-56.157,208,55.46
19.929,-60.912,218,56.651
18.791,-61.988,217,55.063
19.537,-65.22,225,61.49
22.678,-68.033,222,57.892
22.59,-72.933,213,53.632
23.553,-76.687,218,57.205
25.217,-79.038,214,54.608
23.259,-79.431,212,55.46
26.287,-82.25,210,54.699
28.421,-83.632,222,60.273
28.105,-89.209,217,59.794
28.31,-93.921,214,54.989
28.524,-98.543,213,54.608
28.556,-102.03,221,61.465
28.664,-107.54,221,58.826
29.016,-112.25,210,56.585
30.331,-116.81,208,52.458
31.264,-120.07,210,55.799
30.943,-124.4,212,54.327
31.708,-122.01,215,52.425
29.795,-114.09,228,57.486
28.799,-116.07,229,59.173
33.881,-120.77,221,56.287
31.647,-125.51,223,55.369
31.468,-128.2,230,60.431
31.423,-132.14,229,56.469
34.18,-133.54,231,63.16
33.425,-129.77,233,69.296
34.051,-125.34,226,54.534
35.814,-124.53,240,69.148
35.203,-130.79,239,63.135
36.045,-137.92,246,62.763
37.071,-141.87,231,60.34
37.867,-145.15,223,54.716
35.129,-141.54,241,66.526
32.534,-135.92,230,60.902
30.72,-130.28,226,59.215
36.513,-131.04,223,58.057
36.586,-133.76,192,52.367
34.128,-138.7,200,51.623
35.949,-141.7,205,56.403
37.49,-145.52,194,51.168
38.696,-145.27,207,53.004
37.5,-142.78,216,52.921
33.531,-139.17,211,57.875
31.84,-134.56,224,56.378
30.242,-130.72,213,52.83
27.645,-128.07,219,60.736
26.429,-123.99,215,57.412
25.405,-121.88,212,58.04
29.338,-122.68,214,60.803
34.149,-122.07,226,67.08
33.117,-118.35,244,69.578
28.934,-116.09,223,63.896
28.13,-112.69,227,60.397
30.847,-113.55,215,54.492
33.786,-114.08,226,62.275
33.195,-112.89,211,61.2
33.531,-114.92,215,53.012
34.994,-118.02,213,52.532
36.87,-122.2,216,55.824
37.879,-126.62,207,53.947
39.597,-130.39,199,55.75
39.065,-134.53,202,56.039
39.392,-139.74,215,58.636
41.497,-144.13,225,58.057
40.739,-146.46,207,54.881
37.114,-145.6,217,53.566
34.223,-145.05,209,54.41
32.183,-142.61,210,57.767
30.287,-139.58,214,54.534
28.362,-136.91,202,51.209
26.143,-134.57,203,51.234
24.664,-134.04,192,55.427
24.668,-130.68,189,53.169
25.513,-128.87,196,50.754
27.662,-128.59,198,56.56
31.097,-124.75,231,61.613
32.862,-121.99,225,59.223
34.33,-120.77,210,59.951
36.381,-120.72,204,53.285
38.773,-121.49,221,61.01
40.902,-124.47,195,53.31
42.179,-128.03,219,58.256
42.518,-131.63,232,59.752
40.812,-134.17,231,65.864
37.036,-138.67,235,64.666
34.262,-143.84,231,58.156
35.206,-146.62,240,61.911
38.183,-145.09,241,72.695
39.606,-140,241,64.26
40.208,-135.06,234,67.626
41.832,-131.22,236,61.903
41.408,-129.17,222,62.01
42.887,-128.77,244,68.486
41.801,-129.61,245,78.493
38.324,-129.43,241,76.202
34.743,-129.69,237,68.957
34.959,-130.36,236,85.299
34.062,-132.68,255,95.637
35.095,-137.09,248,88.417
37.359,-142.95,247,71.835
40.112,-147.08,247,70.636
42.743,-148.66,240,71.389
42.968,-151.42,225,67.733
42.295,-155.26,222,64.342
40.917,-158.44,236,60.232
42.463,-160.53,242,72.389
44.318,-161.01,233,76.218
44.211,-163.3,244,84.273
43.902,-166.83,239,82.917
42.504,-171.33,235,77.434
42.336,-175.8,229,82.537
38.617,-178.5,238,70.917
35.71,-181.21,242,68.18
33.093,-184.03,225,84.241
29.039,-185.59,229,78.749
25.212,-186.21,232,70.934
21.796,-185.76,217,71.67
18.315,-183.68,227,62.953
16.393,-181.88,213,60.439
16.42,-178.59,218,67.154
13.637,-176.5,221,60.05
13.971,-180.78,217,62.978
18.556,-180.55,217,67.402
18.528,-177.04,241,79.609
15.786,-171.73,231,83.645
13.677,-168.68,231,68.742
12.897,-172.43,225,60.579
14.106,-177.71,231,62.01
16.605,-180.32,239,66.104
16.456,-178.85,250,83.571
15.557,-172.73,237,79.634
15.195,-167.89,244,72.844
16.337,-166.16,227,61.53
14.172,-169.5,228,63.714
14.613,-174.29,212,58.338
13.954,-178.92,210,57.279
17.329,-179.31,232,64.731
21.38,-176.33,250,73.977
25.27,-172.78,241,67.75
29.781,-169.85,239,69.693
35.372,-170.51,240,79.171
40.018,-174.13,232,68.949
41.581,-175.27,230,68.213
41.732,-180.22,219,59.769
38.755,-183.34,225,59.86
36.322,-187.33,222,60.464
38.87,-189.34,246,77.286
42.22,-189.41,237,85.581
43.497,-189.19,254,98.407
44.378,-190.06,264,108.89
45.394,-195.75,246,98.945
45.807,-200.32,258,101.33
47.138,-204.77,230,90.584
49.173,-209.89,235,82.273
51.682,-214.21,233,79.808
53.855,-219.28,231,75.913
56.247,-223.49,232,66.592
54.382,-226.45,233,66.981
52.61,-228.38,246,70.611
54.974,-226.96,229,60.149
51.337,-226.36,232,68.668
53.212,-230.25,230,71.116
55.845,-234.04,221,61.175
57.491,-237.35,209,61.175
56.449,-239.39,210,52.896
54.173,-242.33,200,57.172
55.168,-242.23,190,58.198
54.129,-241.07,197,54.691
56.076,-243.58,192,53.765
57.362,-241.72,177,52.061
56.031,-240.16,152,50.424
56.518,-236,180,53.45
55.159,-231.17,215,66.104
53.911,-224.92,225,68.006
51.929,-219.4,224,62.167
51.232,-214.93,222,62.01
53.917,-211.51,222,67.932
54.643,-212.08,239,66.41
52.927,-216.36,240,72.621
54.514,-220.71,248,68.875
53.728,-225.86,249,80.56
53.585,-230.94,245,74.647
52.317,-236.05,248,76.078
51.327,-239.46,247,73.738
53.569,-240.42,236,69.065
56.203,-242.65,214,59.388
57.398,-242.53,205,58.363
59.357,-242.52,192,55.46
63.628,-240.64,199,58.917
67.391,-241.21,188,51.995
68.179,-244.19,197,55.088
70.085,-247.17,199,63.234
71.196,-249.88,159,63.45
71.438,-254.37,229,74.73
71.932,-258.85,218,69.197
71.953,-262.63,229,78.626
70.879,-267.16,216,76.186
68.557,-271.45,224,71.116
67.386,-276.46,226,73.746
67.464,-281.13,229,68.974
65.151,-282.83,226,76.839
62.921,-284.78,220,71.687
63.4,-289.8,221,75.35
63.938,-293.94,207,76.839
61.497,-298.02,202,67.833
58.999,-300.02,212,69.131
57.599,-303.38,198,69.611
53.809,-305.78,176,58.752
52.314,-309.92,178,70.943
52.432,-313.62,152,75.078
48.285,-318.27,151,71.034
46.132,-321.77,126,72.175
46.041,-322.89,121,80.495
43.535,-326.3,160,63.226
41.615,-330.87,142,66.063
40.15,-332.51,135,86.425
40.646,-335.6,123,96.821
38.572,-343.66,129,95.134
35.485,-349.03,144,71.786
36.83,-353.04,158,79.122
37.148,-353.03,177,74.201
37.763,-356.67,216,73.92
37.748,-360.91,227,86.085
35.367,-365.11,250,73.076
36.067,-369.54,235,74.78
36.958,-372.26,233,76.913
35.308,-375.58,185,67.353
34.598,-379.91,139,52.549
33.211,-386.15,204,65.74
33.211,-386.15,204,65.74
