0,-0,303,97.722
-2.832,0.45772,122,88.07
-6.8787,-1.6808,174,85.994
-8.3342,1.3369,129,74.689
-8.2493,12.413,380,105.76
-5.1154,16.321,264,71.372
-6.304,12.436,145,49.464
-6.5448,18.677,128,57.131
-9.5818,23.481,651,97.854
-4.8604,29.458,677,98.697
-0.68109,32.378,675,99.838
4.2059,27.305,698,105.14
7.5271,25.976,740,113.77
5.0151,20.489,786,116.17
8.5776,19.183,768,108.63
14.723,18.898,781,110.33
19.081,17.754,795,117.91
21.664,18.699,818,118.83
21.117,19.253,805,110.84
21.262,18.314,797,117.54
24.322,12.359,768,115.05
24.791,5.8292,736,113.24
24.706,3.1996,669,103.28
19.893,3.3568,730,103.58
20.338,4.1554,682,101.54
20.585,2.7629,665,97.621
23.667,2.3974,608,90.071
23.473,3.9385,586,91.51
22.821,4.568,624,92.899
21.302,4.0961,612,90.956
23.122,2.5748,669,98.779
27.28,5.0755,680,102.44
26.902,0.88469,665,97.489
23.634,1.8804,612,88.673
22.625,2.0357,616,90.923
26.125,2.3376,687,95.934
28.164,4.2142,706,99.582
29.317,4.5921,667,93.974
30.211,5.5462,649,97.978
32.799,4.0524,647,95.595
32.741,-0.16364,640,93.329
29.078,-2.7334,607,88.442
28.477,-3.5754,673,99.002
32.52,-5.1337,777,109.84
35.877,-3.1813,716,100.09
35.777,-7.4652,685,94.826
35.554,-6.5635,632,89.335
35.172,-6.8909,648,92.519
35.126,-6.3445,662,92.709
34.794,-6.2233,713,96.191
34.601,-6.684,782,100.79
34.696,-6.8961,871,107.18
36.663,-7.6816,912,112.94
38.687,-9.2766,929,123.23
35.507,-14.083,875,113.12
33.741,-17.961,805,106.96
34.838,-22.672,821,108.74
37.547,-19.95,826,114.39
34.092,-14.385,803,109.38
32.015,-15.65,885,119.42
26.782,-19.168,954,125.58
26.438,-20.591,947,135.52
31.401,-11.091,956,132.84
34.86,-6.7252,901,116.57
32.661,-2.9184,887,119.09
29.402,1.165,796,105.65
34.31,3.959,815,112.12
35.783,5.6912,776,103.3
32.113,-0.94267,795,106.33
34.43,-6.2488,866,114.26
32.057,-13.869,865,113.79
35.331,-14.369,895,114.33
35.525,-14.013,834,108.17
38.824,-17.827,884,116.68
45.152,-21.307,873,115.88
44.496,-28.541,861,115.97
46.201,-35.7,863,114.53
46.292,-39.369,871,115.72
44.144,-47.903,826,106.17
42.365,-55.332,779,102.64
43.483,-50.863,728,104.23
40.835,-53.326,664,95.43
42.928,-55.904,843,112.24
41.732,-54.294,819,118.8
49.034,-62.593,870,113.41
47.933,-69.118,837,117.59
44.06,-78.007,781,109.07
42.711,-80.188,796,111.13
42.74,-79.05,790,109.2
43.508,-79.625,707,98.506
42.777,-80.288,646,92.734
42.904,-80.873,622,90.443
44.194,-81.213,656,91.857
46.473,-79.589,688,97.324
49.968,-74.744,652,92.345
54.242,-67.708,620,90.84
52.322,-61.729,701,96.919
57.706,-61.381,695,96.331
58.683,-69.742,631,94.876
55.503,-77.155,554,83.157
51.709,-81.846,534,84.819
50.563,-84.879,592,91.212
49.942,-93.33,651,92.147
48.461,-93.766,717,97.688
51.125,-92.894,711,101.26
55.06,-91.515,624,90.815
52.169,-90.923,633,91.485
52.954,-84.382,648,94.661
57.993,-89.101,640,91.096
57.163,-95.82,720,101.91
57.025,-99.774,819,113.86
57.001,-109.02,839,110.59
58.11,-114.78,838,111.43
59.704,-115.14,863,126.14
55.388,-117.15,1014,139.79
59.087,-121.19,981,139.56
58.567,-130.11,940,134.18
57.148,-138.04,870,120.72
57.994,-141.19,853,114.33
57.06,-146.98,860,113.54
58.399,-149.68,833,114.44
58.266,-154.87,745,107.07
54.59,-160.1,733,110.17
56.938,-167.84,737,103.3
55.846,-175.89,693,97.034
52.59,-182.54,785,109.42
53.183,-186.34,788,116.1
53.814,-194.58,829,120.11
49.303,-198.13,924,124.36
48.142,-198.42,941,129.06
48.954,-190.83,978,138.69
52.858,-180.19,963,137.11
51.143,-186.16,994,134.12
49.317,-200.63,1013,138.96
44.815,-211.19,929,122.81
43.645,-214.73,929,124.3
44.078,-220.82,923,123.51
44.479,-227.09,902,124.63
45.078,-229.93,947,132.71
45.235,-236.71,931,122.97
38.958,-242.24,885,118.48
37.289,-238.32,938,132.23
41.789,-242.96,947,137.43
42.874,-247.54,965,139.06
45.059,-253.13,947,137.29
43.325,-260.71,897,124.25
41.859,-262.98,828,109.66
40.118,-261.52,804,112.75
39.668,-260.96,741,101.7
39.591,-261.53,739,100.87
48.741,-255.98,114,45.809
43.85,-259.7,283,85.151
43.959,-262.4,283,74.465
45.584,-266.88,231,61.448
49.39,-268.28,211,68.668
51.196,-269.96,202,64.541
55.649,-269.81,181,59.198
54.184,-268.7,212,61.266
53.827,-265.66,205,62.01
53.056,-268.13,133,58.404
55.133,-272.74,164,55.997
53.138,-271.32,182,58.528
59.877,-262.35,148,44.659
58.48,-258.4,197,59.554
52.793,-257.32,265,70.33
50.592,-253.45,286,83.91
50.101,-255.19,323,90.485
45.467,-243.48,263,142.98
33.515,-222.9,197,76.376
26.881,-217.15,122,79.105
26.633,-217.09,320,149.63
31.951,-211.01,447,99.599
35.993,-203.02,437,121.96
36.868,-194.68,478,112.98
37.406,-188.88,492,125.53
34.859,-183.59,466,116.64
34.584,-184.52,391,171.12
34.491,-195.58,501,122.34
38.535,-205.4,544,123.99
50.037,-215.87,517,119.94
57.952,-210.34,567,127.28
53.246,-194.66,593,121.6
42.844,-181.99,576,108.64
43.041,-176.46,534,111.87
41.919,-162.87,568,112.85
46.326,-150.43,565,113.7
50.053,-137.96,564,101.56
58.412,-125.52,508,87.011
63.292,-109.36,496,91.138
59.495,-95.35,547,100.73
42.918,-89.498,560,105.64
32.899,-87.622,514,90.848
32.15,-78.766,495,84.645
31.025,-65.876,503,89.095
27.437,-54.453,416,82.52
22.722,-49.765,420,83.504
30.794,-37.575,461,101.52
43.818,-26.724,559,114.82
51.618,-19.778,634,121.22
51.046,-21.734,403,154.32
39.438,-21.907,567,123.3
41.281,-37.722,552,131.41
49.418,-52.011,685,135.94
57.989,-64.024,701,129.4
64.149,-73.472,691,121.6
63.123,-85.958,691,116.37
60.142,-100.1,676,111.4
59.953,-111,636,121.5
60.009,-113.7,631,104.44
61.143,-121.97,646,114.11
62.462,-122.39,654,114.24
62.526,-115.92,674,106.57
53.613,-113.7,634,99.433
50.329,-123.31,680,124.8
55.996,-133.12,723,121.96
65.848,-134.43,661,113.88
68.303,-133.5,704,141.68
62.714,-136.41,699,140.19
63.906,-138.22,684,133
59.908,-137.27,719,120.85
59.598,-134.67,630,128.49
61.786,-138.97,694,130.39
66.575,-149.74,672,114.81
62.277,-157.59,679,121.75
50.455,-161.82,605,103.37
41.007,-164.67,614,104.01
42.435,-162.81,609,115.55
42.675,-160.63,586,112.98
41.658,-155.58,557,118.78
34.347,-154.76,610,126.71
29.104,-151.37,520,121.24
27.362,-146.3,554,122.42
22,-147.51,553,114.6
22.902,-150.75,403,125.26
23.33,-149.6,246,111.05
20.738,-151.3,505,110.93
25.781,-150.74,396,119.38
27.692,-149.85,432,120.51
26.474,-155.04,268,123.46
20.83,-159.45,192,135.3
21.137,-149.64,145,169.87
22.199,-150.94,367,149.9
22.82,-155.59,512,114.86
28.752,-158.14,512,105.31
33.41,-157.9,544,98.151
38.609,-155.16,544,106.98
41.866,-156.64,552,92.014
42.932,-160.1,597,100.6
47.667,-163.62,556,109.13
56.454,-163.72,410,92.288
56.741,-171.79,615,107.17
58.543,-177.82,645,107.7
59.427,-182.44,641,110.14
60.085,-189.87,717,108.48
62.331,-191.63,656,108.74
63.71,-193.4,725,103.54
62.945,-193.98,635,101.42
63.311,-194.31,616,108.37
64.78,-195.87,652,102.81
65.383,-202.4,656,104.06
65.886,-206.77,592,100.26
65.302,-208.89,613,103.64
65.34,-209.2,635,107.48
65.062,-204.92,680,113.76
68.41,-195.28,644,122.89
69.653,-193.19,657,115.68
73.52,-191.63,663,116.35
75.357,-195.65,670,113.41
76.318,-200.69,650,104.34
76.522,-204.85,636,99.54
77.863,-207.93,665,105.07
79.364,-211.07,634,101.45
80.737,-215.69,582,101.62
79.044,-220.15,629,103.32
76.379,-223.92,588,101.04
78.351,-227.69,630,111.63
76.431,-232.15,562,104.01
73.725,-237.04,563,109.44
72.055,-240.1,542,103.45
71.721,-242.31,530,100.23
74.172,-242.53,543,114.66
73.474,-242.49,613,105.57
73.478,-243.51,631,110.8
73.432,-242.87,616,106.38
71.736,-239.6,576,108.2
66.822,-235.99,630,111.38
74.236,-229.84,637,108.47
72.831,-229.19,642,104.31
81.798,-228.97,667,100.95
88.187,-232.11,605,94.388
92.661,-235.65,525,84.017
95.906,-237.39,537,87.358
99.134,-237.97,515,88.202
100.23,-241.29,551,91.138
99.411,-245.45,547,88.772
94.17,-249.04,575,98.862
88.577,-250.33,558,94.578
85.912,-253.41,554,107.18
83.585,-256.06,624,114.02
81.05,-257.99,542,111.22
80.955,-259.42,597,126.83
87.014,-258.53,586,119.98
93.44,-256.82,599,123.39
98.025,-254.81,661,115.1
98.014,-254.94,677,119.1
95.172,-255.81,624,112.61
94.975,-252.03,590,101.8
96.721,-252.19,530,90.394
96.799,-249.39,494,80.527
96.369,-248.25,462,77.649
96.272,-241.29,501,83.554
92.11,-239.53,507,83
87.243,-237.72,531,85.547
81.7,-239.57,496,83.571
79.077,-244.29,594,88.384
82.528,-249.61,535,89.724
88.13,-250.85,505,86.366
94.905,-249.43,507,86.548
93.662,-244.47,521,85.241
90.847,-238.2,545,88.863
90.479,-235.84,582,95.29
89.892,-239.45,569,93.858
92.118,-245.77,617,109.45
95.719,-253.13,653,112
100.35,-255.32,605,108
101.11,-253.47,652,118.02
101.14,-252.81,736,112.89
96.518,-258.69,625,101.61
92.047,-260.35,600,124
85.793,-259.68,634,114.19
86.134,-260.4,556,124.11
90.996,-254.06,612,161.2
96.703,-249.86,563,167.8
103.81,-251.09,706,130.5
106.27,-253.52,741,117.15
108.79,-256.65,671,113.44
102.64,-261.12,630,112.7
97.483,-262.22,625,110.25
95.271,-258.26,590,102.07
94.113,-250.04,632,113.53
92.95,-237.69,645,116.95
94.242,-240.24,590,114.64
100.13,-246.84,640,102.17
100.85,-244.56,633,116.84
105.52,-243.72,632,103.59
102.8,-242.01,725,114.39
94.085,-236.26,690,117.78
93.784,-238.98,695,119.31
95.468,-233.5,634,107.31
98.48,-230.51,645,123.14
98.245,-232.97,651,109.72
99.14,-235.65,616,102
103.56,-240.63,683,116.66
106.12,-239.61,716,111.42
111.13,-245.29,698,110.89
112,-252.08,675,105.17
109.91,-258.06,681,105.35
107.63,-260.73,664,104.49
107.84,-260.9,650,92.833
108.03,-258.63,620,90.393
108.59,-258.74,609,98.101
108.71,-259.84,595,100.18
104.72,-260.64,642,113.43
106.08,-257.58,672,119.45
103.38,-254.86,660,121.3
98.193,-251.67,656,124.19
99.721,-247.58,650,112.04
102.7,-245.66,688,112.86
104,-249.3,694,111.63
99.978,-245.57,622,108.84
91.877,-239.16,621,101.59
95.095,-238.19,648,106.46
105.77,-235.6,681,109.5
106.77,-242.32,751,133.28
101.98,-246.83,662,116.15
97.816,-244.56,556,93.297
97.166,-244.87,488,79.435
96.642,-244.1,484,81.478
95.394,-245.21,507,80.924
90.464,-245.88,532,84.315
84.218,-245.18,553,89.244
81.365,-244.49,541,96.745
79.361,-248.46,485,93.305
85.766,-249.92,547,99.995
93.893,-250.45,579,111.09
95.719,-253.21,654,109.11
92.761,-248.5,621,103.94
97.853,-245.36,645,111.99
106.13,-245.86,672,102.79
110.51,-253.58,608,99.119
108.2,-257.74,656,114.81
107.03,-260.57,658,108.09
111.24,-262.81,651,106.84
109.23,-268.12,625,106.92
107.64,-271.06,637,111.01
107.03,-274.95,585,105.51
106.48,-274.41,579,105.11
102.26,-278.97,551,107.47
100.18,-279.21,581,116.74
94.351,-281,500,103.45
98.752,-276.91,479,145.13
93.975,-278.84,253,177.23
90.534,-281.13,507,131.25
92.585,-288.6,214,103.09
84.439,-284.4,197,116.03
74.343,-279.03,948,129.16
76.81,-272.93,933,140.6
90.115,-265.42,962,151.1
92.661,-254.12,1003,144.98
87.49,-244.03,985,141.87
76.9,-249.41,934,143.07
73.558,-261.39,949,149.44
76.943,-263.88,969,167.48
79.354,-261.68,944,161.64
87.03,-251.55,956,158.59
88.829,-239.26,1002,162.3
83.713,-234.52,1014,151.52
88.806,-228.05,941,143.83
100.01,-232.94,948,147.52
110.2,-241.81,971,132.46
115.76,-252.46,964,145.54
117.97,-258.17,939,142.4
120.31,-260.72,883,135.31
118.13,-268,853,135.34
113.16,-277.53,846,124.27
105.29,-283.71,835,127.06
99.923,-289.77,764,116.57
93.123,-291.56,782,118.34
86.274,-291.97,685,120.03
80.845,-293.23,569,108.4
82.077,-294.55,429,86.084
82.85,-296.36,318,75.639
86.481,-294.5,328,79.518
87.344,-288.27,441,98.54
79.748,-284.58,548,113.31
77.557,-287.28,643,103.93
81.76,-283.88,747,116.68
86.399,-283.45,745,110.24
87.554,-274.27,806,109.79
76.756,-275.8,776,120.05
78.609,-284.09,728,112.29
84.662,-285.42,811,111.16
86.42,-290.55,818,127.25
94.307,-289.19,860,141.95
96.803,-297.7,720,106.04
93.626,-298.85,743,112.76
88.949,-297.36,821,117.29
80.134,-296.58,738,105.35
80.227,-290.59,818,116.2
82.293,-288.83,811,118.27
93.821,-285.54,753,111.12
104.77,-286.65,744,108.05
109.05,-293.21,634,90.931
105.61,-298.37,536,85.985
98.847,-301.77,469,81.33
95.346,-303.11,644,110.24
91.126,-293.11,832,130.35
99.068,-288.58,690,108.57
108.63,-276.27,673,98.87
113.28,-268.19,613,100.43
105.97,-276.57,801,137.87
98.637,-281.27,879,147.27
102.14,-285.06,831,130.62
98.65,-280.92,883,153.98
96.203,-287.82,842,141.93
100.24,-295.45,720,105.35
107.7,-293.69,802,125.58
105.98,-301.18,791,112.5
100.99,-308.1,694,98.515
97.49,-312.44,665,105.51
96.513,-310.65,709,107.07
95.904,-306.72,802,109.63
98.261,-298.06,817,120.67
107.72,-292.8,761,111.92
109.03,-300.57,713,105.1
108.74,-298.19,632,95.504
105.86,-299.4,551,87.499
106.16,-299.19,598,89.525
107.67,-300.07,640,92.527
109.27,-297.36,690,99.011
109.6,-292.78,720,101.91
111.37,-288.84,725,102.69
113.24,-284.36,747,106.26
117.87,-286.68,694,97.109
116.36,-294.05,635,92.436
111.56,-303.85,580,86.763
109.42,-309.64,570,90.079
101.95,-313.93,533,89.368
95.386,-313.36,597,92.362
97.16,-316.57,659,97.977
99.401,-316.9,752,109.08
95.656,-312.74,898,137.5
103.99,-315.02,817,125.42
99.175,-312.86,834,133.11
102.51,-316.42,851,136.65
101.51,-313.69,907,138.5
99.313,-321.79,861,136.1
102.7,-325.58,878,138.29
102.05,-328.24,865,128.25
100.4,-332.94,781,113.14
100.63,-333.53,788,119.82
103,-334.63,804,117.5
101.55,-333.42,835,121.7
101.38,-337.64,745,118.2
96.227,-342.68,782,119.86
91.464,-342.83,755,104.89
91.343,-345.15,757,115.15
86.222,-338.89,765,121.25
82.374,-335.29,795,127.06
84.1,-327.04,859,126
82.869,-319.06,789,114.5
79.941,-316.03,732,113.19
87.543,-318.52,645,115.12
101.55,-327.88,516,91.03
110.15,-330.04,533,95.843
108.52,-321.39,627,118.27
100.93,-306.39,701,123.78
89.242,-310.65,737,124.95
83.263,-325.12,731,124.33
83.264,-334.59,754,132.04
94.206,-338.94,851,143.96
103.17,-342.73,788,128.75
99.046,-348.13,763,129.82
93.066,-348.98,770,124.15
85.923,-354.5,716,108.74
83.262,-359,665,107.7
84.501,-360,661,98.175
82.453,-361.87,699,119.77
80.88,-362.42,636,98.531
80.083,-351.62,662,122.64
85.215,-339.11,743,125.74
94.458,-330.72,781,136.14
87.951,-338.51,772,129.21
98.106,-343.48,712,124.85
103.2,-341.18,706,121.95
103.07,-336.69,798,147.8
98.219,-341.58,829,151.88
103.12,-337.74,855,142.63
104.73,-321.14,882,139.75
98.176,-308.04,934,166.38
90.43,-315.71,847,128.33
105.2,-313.18,861,129.38
114.15,-307.22,796,112.84
117.33,-318.43,659,107.77
119.65,-326.13,598,99.449
123.61,-330.73,559,92.833
125.71,-325,609,102.22
127.3,-322.25,569,93.172
127.37,-323.85,514,93.428
131.44,-322.94,545,93.908
133.65,-323.36,575,93.644
133.22,-321.23,444,78.079
134.58,-322.25,507,88.235
137.18,-328.17,658,105.72
129.77,-328.77,752,111.62
115.73,-335.53,731,107.79
109.98,-343.51,710,118.57
108.17,-346.45,733,143.94
105.09,-353.8,755,130.66
103.07,-358.55,729,122.69
103.46,-358.23,696,126.55
102.85,-363.99,703,124.1
98.076,-364.32,688,104.4
104.43,-363.85,717,116.33
100.98,-365.81,745,114.24
103.69,-366.42,723,119.58
108.04,-370.39,697,109.57
108.87,-370.29,684,107.62
98.362,-368.92,727,105.86
101.85,-369.21,695,102.68
107.49,-361.39,647,101
106.4,-354.55,749,129.7
92.889,-359.89,803,145.13
86.127,-366.01,738,137.05
78.569,-360.32,778,137.81
76.496,-356.73,786,139.14
78.992,-344.91,802,134.62
81.774,-340.11,783,128.4
93.17,-346.9,833,151.37
97.711,-361.71,779,138.81
106.48,-363.92,829,147.68
113.1,-357.45,822,151.1
118.53,-359.45,793,148.06
121.79,-366.76,694,115.87
125.29,-370.77,673,110.26
121.63,-374.85,715,115.2
122.78,-377.18,650,110.63
121.38,-377.51,645,106.8
121.61,-377.72,649,113.24
126.76,-369.21,670,122.39
122.44,-373.27,690,119.61
122.34,-375.84,626,101.47
121.34,-375.03,551,96.646
121.52,-376.12,495,91.535
120.34,-375.62,498,93.222
121.92,-375.05,542,97.423
120.78,-373.35,558,89.533
121.96,-372.04,589,90.269
122.57,-372.07,624,99.739
126.16,-375.97,655,102.29
128.13,-382.38,622,92.552
128.92,-387.15,580,94.512
129.74,-388.31,532,88.086
131.96,-387.36,558,92.717
132.57,-391.09,535,86.415
131.59,-397.64,492,85.902
127.97,-401.43,489,101.13
121.72,-396.01,514,88.814
123,-387.13,669,105.73
119.87,-378.05,725,128.73
130.54,-377.84,592,102.96
137.16,-382.44,471,97.853
137.63,-380.15,503,106.59
138.6,-374.13,624,102.06
135,-368.12,717,112.82
128.49,-368.49,726,122.62
112.72,-365.46,727,132.31
100.28,-370.62,718,132.75
96.37,-371.5,735,131.88
97.714,-377.45,735,137.11
106.83,-388.1,712,133.52
114.89,-394.77,691,122.85
117.65,-393.08,634,122.38
126.41,-389.25,726,129.77
139.36,-382.11,708,135.46
143.97,-387.21,655,122.85
149.05,-385.58,566,101.82
135.78,-388.33,697,138.81
138.09,-391.94,719,124.32
144.18,-388.6,685,143.2
145.37,-391.91,639,119.63
149.69,-399.63,609,112.19
146.34,-403.64,567,117.99
139.25,-403.83,645,131.19
134.35,-405.13,691,147.37
127.9,-400.81,747,166.77
112.43,-396.43,756,159.52
101.71,-392.23,709,127.88
101.84,-391.33,742,129.03
107.74,-389.54,802,130.86
120.96,-402.54,765,134.97
125.03,-397.09,773,114.84
111.84,-402.72,723,128.03
102.36,-399.14,745,132.07
103.83,-400.38,723,131.55
103.36,-395.91,673,128.66
96.505,-402.87,649,122.36
97.256,-408.6,654,121.75
106.08,-407.83,700,129.72
113.15,-409.86,697,140.17
106.05,-408.84,661,130.01
100.57,-412.04,612,106.5
98.263,-409.51,569,97.026
104.69,-397.89,705,128.5
94.21,-389.89,686,113.71
97.004,-401.06,692,151.39
89.838,-407.48,688,123.02
97.322,-410.43,702,139.77
109.15,-407.49,718,139.26
123.75,-400.79,775,152.77
121.43,-399.67,766,145.75
129.32,-407.44,695,122.53
127.52,-405.26,727,135.33
127.36,-410.87,701,123.19
129.66,-416.7,669,118.75
124.43,-420.16,629,104.73
122.06,-422,633,108.9
114.65,-421.86,608,101.26
105.12,-419.89,581,108.09
93.473,-412.73,637,113.77
89.844,-400.16,678,118.29
101.73,-389.94,712,145.38
111.89,-387.35,766,133.27
124.32,-385.97,795,156.28
138.24,-392.39,835,139.01
147.26,-403.5,779,137.34
143.34,-412.84,675,126.59
140.87,-418.19,636,114.44
138.24,-421.51,601,98.449
141.2,-419.19,591,107.34
143.91,-415.49,669,122.03
142.88,-417.19,485,85.671
134.48,-417.8,506,86.027
120.63,-414.57,653,115.93
118.25,-422.89,659,127.39
129.11,-422.1,702,130.38
129,-426.6,627,119.03
122.56,-429.97,581,114.63
120.49,-424.77,593,111.1
120.68,-414.39,631,116.52
114.83,-398.41,679,119.3
118.4,-398.12,623,129.47
135.14,-398.78,679,133.26
135.06,-402.7,757,164.14
133.47,-417.31,698,138.82
141.62,-418.94,707,131.41
136.61,-425.78,622,106.48
142.53,-420.65,736,138.04
140.64,-423.71,689,141.09
140.91,-426.43,673,122.02
136.54,-424.52,697,137.46
136.46,-427.98,696,134.75
136.57,-436.25,635,122.63
127.56,-439.33,618,120.87
126.01,-440.96,627,120.23
125.06,-441.74,632,109.82
134.89,-437.6,643,123.76
131.41,-447.36,557,104.12
131.13,-450.51,558,109.94
128.42,-455.8,552,101.49
126.58,-449.64,593,117.37
122.85,-454.04,496,97.159
122.01,-458.21,422,85.687
122.22,-456.68,412,81.875
123.64,-456.9,407,76.698
123.14,-455.45,441,79.965
123.57,-454.4,456,78.939
126.76,-451.46,489,82.024
130.66,-447.54,514,85.142
132.95,-443.13,531,88.227
135.29,-438.61,570,92.742
139.1,-435.36,584,95.447
143.89,-437.74,539,90.203
146.13,-442.56,486,84.108
145.21,-452.72,452,82.098
142.38,-460.09,466,80.37
133.67,-464.32,506,96.836
130.88,-461.91,544,109.84
137.49,-457.34,572,105.53
146.49,-449.18,562,97.117
149.16,-438.39,622,110.9
144.39,-435.82,691,124.54
147.75,-432.41,713,128.49
154.17,-421.94,725,115.75
159.77,-416.62,707,127.6
154.9,-418.99,698,114.83
159.69,-415.81,668,103.89
159.88,-423.79,655,103.92
159.8,-436.82,597,103.44
153.97,-447.31,569,103.5
150.52,-456.32,599,110.43
144.26,-462.49,559,109.32
135.24,-464.86,539,103.6
123.85,-461.34,584,109.48
126.72,-446.9,612,124.75
127.35,-433.9,667,118.57
127.59,-419.85,733,146.88
130.61,-431.03,703,149.32
142.63,-440.37,706,159.63
150.16,-455.22,648,130.64
149.49,-448.13,677,153.12
152.44,-455.52,635,134.31
151.87,-448.3,678,139.74
144.53,-460.58,623,132.43
131.01,-467.87,523,118
125.27,-472.97,550,117.66
127.47,-472.87,549,102.83
130.65,-469.54,544,110.83
125.3,-463.66,587,121.09
124.29,-444.34,598,121.19
131,-429.1,692,136.81
138.63,-432.77,697,154.78
152.94,-439.74,670,139.45
152.49,-454.09,638,135.24
148.54,-462.63,617,124.25
140.59,-472.32,582,117.62
136.19,-474.77,583,130.86
135.88,-468.82,578,124.98
132.36,-475.77,534,110.25
141.11,-474.2,572,132.3
139.7,-467.94,566,127.67
137.03,-475.4,529,125.62
143.38,-467.3,582,136.02
149.9,-458.61,627,135.06
147.46,-462.54,564,120.08
154.94,-455.9,600,123.49
157.59,-448,647,133.24
158.38,-449.81,634,118.44
158.54,-442.55,661,131.21
154.82,-451.68,555,112.18
159.82,-449.75,609,118.79
167.04,-443.59,590,107.78
168.92,-442.78,657,127.2
174.42,-450.24,623,115.58
180.17,-451.11,584,98.663
184.74,-450.37,579,99.457
180.31,-450.29,498,87.912
179.12,-453.38,403,78.112
187.53,-452.1,511,87.085
178.03,-450.84,603,110.56
175.35,-449.9,553,98.324
174.4,-449.18,483,83.62
173.66,-453.83,449,81.412
176.55,-455.39,470,82.115
177.71,-454.91,495,85.44
180.65,-454.12,532,89.252
185.57,-453.42,563,87.887
187.33,-451.9,583,90.939
188.19,-456.99,589,91.518
188.88,-462.04,554,98.077
192.12,-464.74,501,89.004
191.88,-459.8,523,93.511
190.05,-452.84,642,112.6
190.36,-456.21,704,129.76
187.69,-465.7,697,129.45
184.11,-467.05,653,133.84
180.96,-463.09,684,140.65
174.58,-464.18,662,115.94
175.18,-467.17,663,134.87
186.3,-464.22,679,139.24
198.06,-461.89,664,121.24
195.96,-463.88,663,123.04
194.89,-454.23,698,135.28
184.78,-447.62,703,131.77
178.4,-443.87,659,93.544
165.56,-433.82,685,129.87
155.44,-429.56,731,146.7
164.21,-444.61,708,150.22
176.57,-453.53,706,138.84
174.4,-450.3,724,148.1
180.03,-441.46,712,120.73
195.01,-441.3,670,116.15
201.21,-451.43,674,117.72
198.45,-459.99,725,122.36
196.73,-464.08,668,123.42
191.83,-460.33,673,145.96
176.33,-463.65,637,127.79
180.83,-473.01,679,136.82
192.11,-468.34,686,133.73
185.49,-468.7,673,139.12
182.34,-460.76,672,146.95
183.8,-457,678,146.79
174.37,-447.36,718,149.39
171.68,-461.21,656,147.92
182.9,-467.57,675,143.05
192.87,-462.86,711,137.36
201.17,-464.58,654,115.95
201.8,-462.89,681,119.64
194.48,-469.17,659,142.87
187.04,-467.95,652,143.99
180.87,-458.94,670,134.38
192.88,-446.62,689,127.91
189.75,-440.9,700,137.8
195.7,-436.38,691,111.12
203.11,-437.34,646,116.17
206.45,-429.09,672,105.83
205.29,-427.4,626,97.431
210.03,-424.79,639,105.92
212.34,-426.56,683,118.39
213.01,-424.86,660,116.06
198.45,-427.46,708,120.6
186.43,-440.39,704,133.01
195.84,-442.86,661,110.07
206.32,-435.55,693,127.17
204.7,-424.04,746,147.98
212.11,-418.26,694,120.94
212.37,-421.96,677,101.96
213.24,-423.56,719,121.31
202.72,-421.48,734,136.1
191.32,-433.51,717,132.65
198.05,-432.63,719,142.3
202.97,-432.64,719,137.87
201.03,-422.5,732,148.85
205.99,-419.05,716,126.45
212.09,-420.71,735,121.27
204.19,-419.8,734,135.79
191.14,-422.36,688,131.97
181.36,-430.89,679,132.98
165.01,-435.57,686,139.63
156.17,-440.93,645,138.59
154.79,-428.73,646,126.55
133.7,-433.53,649,141.28
123.88,-447.13,636,141.82
127.8,-448.44,639,127.22
141.19,-456.29,625,136.98
157.6,-462.49,635,142.19
171.2,-463.14,646,149.16
186.31,-459.1,717,157.56
194.97,-459.72,695,136.96
204.57,-448.24,752,155.24
195.83,-442.19,731,144.55
197.22,-442.65,685,137.01
194.53,-427.12,736,138
196.99,-427.63,686,132.17
210.75,-420.45,734,132.48
216.46,-422,693,115.29
217.97,-428.08,475,104.49
220.93,-425.64,261,68.833
221.39,-424.61,240,61.795
220,-421.85,302,77.368
215.1,-422.44,430,99.16
212.46,-418.4,583,119.89
207.81,-421.89,603,111.94
218.26,-417.93,628,109.74
217,-423.6,678,116.89
220.08,-432.89,665,113.66
220.36,-432.31,671,115.68
213.76,-419.67,688,123.78
207.36,-427.66,684,131.6
222.82,-417.33,677,106.5
214.24,-421.87,685,117.66
201.47,-436.76,679,127.09
209.38,-436.37,700,126.94
194.61,-432.31,694,127.76
182.98,-444,690,154.33
175.07,-439.84,687,135.71
162.84,-456.18,618,130.81
164.56,-471.82,615,154.05
173.04,-477.94,597,141.2
181.07,-478.35,607,152.36
187.31,-470.83,633,132.04
201.64,-460.16,673,137.23
205.44,-447.87,691,141.06
211.34,-449.36,650,124.28
213.72,-442.48,660,126.4
204.85,-452.44,657,128.02
206.57,-453.24,688,125.87
211.2,-449.45,660,108.74
216.3,-430.74,684,132.12
202.61,-428.01,720,130.91
186.28,-437.23,704,137.92
187.89,-438.07,713,162.7
175.64,-449.83,655,145.96
180.19,-469.1,650,161.95
187.76,-478.35,625,145.42
192.92,-478.13,622,146.51
192.48,-474.07,627,150.82
191.33,-461.35,662,151.24
198.37,-445.07,701,140.23
217.47,-440.8,681,121.15
218.84,-432.22,721,139.06
213.17,-446.59,662,123.21
218.88,-448.99,661,114.16
216.15,-453.64,709,152.03
211.01,-458.37,661,115.9
215.3,-467.64,581,103.56
211.54,-467.54,675,140.16
209.71,-477.65,580,113.19
203.02,-481.71,590,114.59
193.53,-480.75,596,109.84
194.5,-467.93,651,135.84
187.92,-455,676,141.52
202.79,-445.62,697,133.99
220.05,-439.68,704,129.39
221.24,-441.64,710,127.31
221.23,-430.07,723,133.25
206.87,-430.94,733,144.29
193.22,-443.77,699,137.96
200.31,-444.65,718,152.51
216.01,-436.87,717,154.75
225.49,-430.84,729,144.36
227.99,-432.32,722,131.46
223.53,-423.62,763,127.75
221.26,-414.78,727,134.5
217.77,-412.26,718,120.79
223.68,-409.13,721,128.14
231.22,-412.66,686,115.66
240.51,-417.28,696,114.09
233.97,-416.81,739,140.97
226.09,-421.22,703,137.45
221.99,-410.22,732,137.72
224.98,-402.47,719,117.64
234.84,-403.08,728,117.88
244.36,-403.55,700,111.84
249.55,-400.46,720,119.31
248.89,-398.34,685,115.4
244.16,-404.95,670,116.92
244.26,-405.69,743,136.44
246.75,-410,712,121.02
240,-400.02,759,131.05
233.55,-399.24,761,138.29
241.01,-395.34,705,121.96
249.51,-391.03,647,108.22
253.67,-389.51,668,115.59
256.13,-388.98,655,106.16
247.34,-394.21,613,101.62
240.13,-401.39,653,109.57
233.5,-396.9,702,124.02
225.52,-398.83,728,133.44
211.41,-407.04,747,134.14
206.73,-411.1,729,134.07
190.29,-415.54,718,129.84
174.5,-421.75,710,150.46
176.1,-426.74,699,122.91
179.99,-421.21,702,133.5
168.56,-428.95,701,132.55
176.53,-433.41,710,154.4
180.68,-423.7,731,147.8
176.97,-413.28,747,153.63
181.95,-406.98,751,145.13
180.95,-400.19,755,136.56
173.5,-396.22,742,127.54
165.14,-407.13,727,134.03
164.43,-411.35,713,129.21
164.99,-407.7,725,135.23
151.71,-407.59,738,141.19
148.27,-405.94,736,137.92
137.63,-404.74,730,127.91
140.08,-409.9,708,125.48
137.05,-406.53,722,139.46
126.53,-409.32,706,136.06
126.65,-421.14,667,125.95
139.54,-427.14,700,142.21
145.36,-416.39,717,139.08
140.44,-415.42,704,138.53
140.46,-415.31,697,132.9
137.98,-404.12,718,113.43
122.63,-409.56,696,137.7
115.74,-409.9,703,136.05
110.76,-403.88,674,114.94
101.97,-405.7,694,158.96
93.44,-406.51,669,125.76
91.728,-395.19,671,118.94
96.118,-388.33,676,129.35
90.52,-381.19,719,128.1
105.45,-380.16,709,117.21
107.07,-373.55,710,134.95
110.38,-362.62,723,117.97
111.29,-355.59,774,114.39
111.72,-348.9,758,143.85
114.46,-344.99,737,119.51
115.58,-347.56,760,129.31
118.46,-341.69,771,125.16
114.48,-334.53,789,149.84
102.8,-338.83,790,151.86
103.19,-341.87,782,143.66
102.73,-338.19,790,153.98
99.782,-334.37,780,145.69
99.865,-332.93,795,149.85
94.036,-327,783,140.96
91.125,-321.44,789,140.45
84.93,-317.31,779,143.89
83.744,-312.25,796,145.17
85.944,-304.49,794,117.35
85.198,-306.94,805,151.26
85.264,-301.57,805,148.76
87.824,-299.42,803,141.88
86.235,-291.59,791,141.07
89.069,-289.4,790,139.81
99.037,-280.28,798,137.81
94.081,-265.58,811,132.28
86.126,-255.23,757,116.71
79.214,-254.75,819,141.35
79.078,-250.22,832,144.26
75.855,-243.36,815,141.42
74.075,-245.86,810,132.4
75.869,-237.51,818,137.05
64.469,-237.86,831,150.25
58.258,-246.17,801,143.69
60.341,-242.51,803,141.7
52.729,-235.86,798,141.07
54.734,-230.28,816,143.16
55.224,-218.72,756,122.52
47.609,-214.68,821,145
40.517,-211.57,787,130.21
35.923,-202.34,746,117.27
41.04,-195.23,785,124.59
44.134,-184.23,789,126.38
44.639,-180.93,839,149.14
48.832,-180.55,810,144.84
54.188,-174.04,810,142.4
52.686,-169.31,796,137.79
51.478,-171.17,764,122.67
56.031,-167.03,817,136.85
50.31,-160.78,819,144.03
54.395,-150.75,776,118.89
55.136,-149.89,794,139.51
55.106,-142.51,814,145.1
44.27,-142.17,813,137.81
43.709,-134.56,808,140.78
45.229,-132.21,786,128.96
53.289,-133.39,790,131.49
52.757,-128.85,798,119.64
54.789,-124.24,784,129.91
59.82,-121.22,774,123.14
54.95,-121.4,801,140.6
57.81,-120.97,789,131.68
50.379,-109.32,794,134.9
43.27,-103.66,782,124.38
36.674,-99.867,803,122.78
36.177,-93.991,798,129.31
32.178,-85.864,779,124.08
32.307,-78.607,797,122.05
32.719,-72.011,797,117.06
32.716,-64.478,768,111.94
28.166,-62.285,785,114.53
27.42,-54.367,786,116.82
24.498,-49.366,775,118.36
16.583,-45.261,793,130.64
20.402,-36.514,788,130.77
23.538,-28.065,764,130.78
22.774,-19.507,783,147.42
21.447,-10.33,795,153.12
22.538,2.7049,762,119.29
22.278,11.308,745,115.25
21.631,17.001,745,114.6
21.726,21.218,769,120.17
17.729,21.275,755,120.35
17.455,23.84,783,142.88
12.711,21.208,783,142.64
10.269,20.505,762,133.84
10.434,22.756,765,130.86
5.9829,20.904,756,128.28
3.2078,17.874,718,107.2
-7.2299,17.855,713,115.62
-10.164,19.729,714,113.66
-11.385,22.805,718,112.83
-3.8105,27.187,745,130.91
-4.0364,27.426,731,126.53
-3.808,22.252,724,125.16
-6.9076,16.266,722,128.3
-6.1253,18.673,735,124.72
-4.7916,21.658,750,138.4
-4.0261,19.39,741,126.5
-0.84868,14.252,742,130.56
2.6793,13.216,727,127.39
5.1876,16.025,719,113.4
8.3774,22.245,741,131.79
11.432,22.188,780,136.86
18.035,20.802,794,138.68
23.853,21.968,771,113.65
29.169,27.648,778,129.59
27.469,31.805,765,137.49
30.021,29.189,769,135.48
30.161,29.585,776,135.27
31.195,31.462,748,124.42
32.602,32.636,794,141.53
31.829,37.017,764,133.03
27.034,38.396,788,141.56
22.383,34.554,769,132.43
25.267,43.909,731,115.87
23.315,51.018,730,120.71
16.985,53.307,729,118.82
17.609,56.378,717,127.61
20.598,60.714,695,116.3
14.108,61.897,713,128.97
11.335,66.641,688,123.82
14.869,70.982,646,111.17
19.602,77.009,667,108.62
23.792,81.219,715,119.25
27.513,85.22,708,119.53
28.221,88.059,709,112.26
29.864,89.862,739,127.27
28.873,93.435,719,130.63
33.013,98.979,713,120.41
25.197,99.298,690,125.85
22.013,98.21,715,141.73
18.193,102.71,725,125.99
19.22,106.76,717,116.07
19.868,113.02,694,118.42
20.859,114.91,715,122.73
19.876,112.89,648,112.11
24.881,115.79,698,118.45
21.775,119.96,718,132.51
22.873,118.48,695,120.6
28.136,117.93,704,130.06
33.803,123.75,694,118.88
40.728,124.33,702,123.9
45.138,127.91,702,121.47
49.692,130.31,675,115.4
53.294,131.33,702,118.66
59.444,133.9,676,123.28
58.423,136.3,691,122.61
59.661,136.86,709,129.49
56.354,137.46,710,115.32
49.49,131.75,731,127.01
52.215,136.92,711,122
55,141.33,708,131.44
53.278,145.53,710,125.26
50.081,149.97,654,118.95
51.382,154.86,673,120.69
54.474,157.19,652,112.02
51.83,160.67,660,125.24
41.406,156.6,656,119.69
35.279,157.93,630,120.31
34.005,164.41,637,120.59
35.962,169,666,115.36
38.065,175.41,660,114.42
38.587,180.88,666,111.41
37.49,175.48,666,118.48
41.106,180.11,672,112.8
43.271,181.5,686,130.51
40.325,181.21,682,132.7
39.404,179.16,646,106.41
41.737,183.18,662,117.88
41.419,190.12,648,120.13
44,195.86,654,114.3
45.974,200.85,631,116.15
47.11,203.96,633,116.79
48.316,206.25,614,101.81
51.101,207.19,625,108.77
51.437,213.95,637,107.19
43.602,214.33,628,112.38
42.257,217.63,621,120.6
45.064,220.81,611,104.61
49.565,220.02,610,109.39
48.706,219.18,620,110.63
54.236,217.95,624,101.22
54.399,217.52,622,126.72
58.493,215.38,627,109.13
66.497,217.46,640,113.52
72.411,216.15,628,100.48
76.026,221.91,629,112.01
79.45,224.89,614,112.43
81.083,221.21,623,95.496
85.129,222.78,598,102.81
79.344,225.68,619,119.65
77.817,221.39,644,130.25
74.632,223.45,614,114.1
74.799,224.09,569,101.43
74.217,228.6,570,105.66
72.465,232.61,566,110.91
71.818,235.74,561,106.14
61.659,236.84,559,113.56
55.577,237.7,585,115.76
58.426,237.13,596,111.58
61.079,242.7,584,110.63
62.491,247.65,572,109.79
61.735,248.88,586,106.13
61.786,245.25,591,121.57
63.576,249.08,583,120.71
64.836,246.87,602,125.49
69.449,245.1,618,119.45
71.481,249.58,621,118.03
73.077,252.25,616,119.84
69.07,252.02,616,118.59
68.044,254.44,576,104.43
69.521,255.87,577,123.75
72.066,260.12,558,91.138
73.191,262.87,594,97.58
68.909,264.66,578,128.34
65.647,265.43,554,106.21
67.993,273.28,565,98.639
71.524,274.99,554,109.22
71.432,275.9,539,100.77
70.564,273.31,479,92.254
72.297,279.2,530,102.86
69.042,282.69,533,98.415
71.401,288.04,521,97.489
71.472,292.65,517,109.51
67.308,297.26,495,120.91
68.213,298.07,498,123.59
72.604,300.59,526,109.49
78.527,303.39,530,104.58
76.644,307.79,523,119.35
75.625,306.5,505,124.49
74.092,309.74,505,117.69
76.964,307.67,516,117.47
78.505,312.48,490,113.49
75.215,314.11,444,138.37
72.946,317.04,473,106.6
73.955,319.71,472,123.64
73.089,325.14,465,119.98
70.713,318.86,349,157.99
69.488,314.58,453,124.67
69.57,315.08,490,118.7
65.487,318.62,477,113.77
63.757,316.71,417,123.66
65.414,322.74,371,139.78
63.303,327.37,343,143.62
61.763,332.71,349,139.24
67.983,332.8,422,131.01
74.388,342.29,418,120.58
74.875,347.86,393,133.15
75.469,352.43,345,135.89
78.012,351.82,396,114.68
83.544,349.2,421,109.62
83.987,351.34,324,158.81
86.462,354.55,266,99.979
83.903,355.37,367,115.94
80.025,357.89,306,128.09
78.046,357.48,364,146.96
79.659,355.42,348,131.07
84.847,357.37,256,119.95
85.152,357.96,197,153.39
84.923,357.65,280,149.11
87.435,360.39,313,122.02
85.898,364.89,296,191.71
79.454,366.13,248,101.89
86.889,369.43,348,120.41
73.27,362.55,102,74.599
70.873,364.58,161,94.455
77.459,376.69,677,101.74
83.027,382.43,675,112.56
85.012,381.87,675,113.12
84.834,374.5,645,103.89
88.04,374.25,633,108.27
79.672,379.89,665,118.68
78.23,377.92,674,108.56
81.291,382.87,690,113.98
83.148,384.75,685,121.47
87.439,383.13,669,105.85
87.722,386.97,672,109.04
85.255,390.66,653,105.63
81.159,394.02,702,121.54
80.155,397.23,705,122.31
81.385,396.14,696,109.59
87.458,395.66,686,109.18
84.835,397.48,719,126.15
82.438,395.36,711,125.79
80.838,399.22,705,113.95
82.025,404.12,709,115.72
83.589,402.34,712,112.94
86.199,403.16,695,104.2
84.053,404.39,711,119.56
85.023,405.11,689,117.25
87.874,403.62,679,116.64
91.302,407.11,659,114
90.611,414.07,677,113.68
86.794,416.2,709,133.18
85.425,419.9,695,127.62
87.392,420.73,682,116.68
86.77,414.08,725,132.07
86.93,411.29,693,126.46
87.175,411.11,711,119.5
94.753,416.53,713,120.55
100.18,421.02,706,118.86
101.6,423.11,709,113.13
101.17,423.94,691,113.56
100.63,425.5,671,109.22
101.41,427.16,667,101.64
101.26,429.73,694,108.12
98.672,430.62,694,119.79
93.609,425.39,696,125.33
95.768,424.97,675,119.19
89.944,429.8,673,116.49
79.313,423.61,704,114.35
73.555,418.08,683,111.73
73.734,421.38,616,96.927
76.424,426.91,686,121.84
76.916,428.74,669,118.51
74.746,429.81,678,108.47
81.064,432.38,675,101.6
85.99,435.93,683,113.14
88.198,432.88,697,126.38
89.206,436.96,685,120.15
89.287,436.31,706,114.96
85.583,439.97,693,121.36
85.708,439.61,690,117.25
87.367,441.01,658,105.8
85.296,443.02,703,111.07
84.231,444.21,700,126.49
84.259,441.24,706,131.35
87.052,441.43,696,118.01
85.447,447.42,685,122.11
81.967,444.93,698,121.41
83.528,447.42,708,129.81
79.959,446.77,691,116.61
80.552,443.71,683,117.83
85.995,444.27,677,115.72
95.307,444.06,658,108.65
102.87,448.45,593,108.26
106.89,451.46,429,83.86
109.12,452.78,322,69.47
110.62,451.74,306,68.882
110.55,452.64,355,75.664
108.54,453.01,405,86.903
103.56,451.51,412,86.358
101.44,446.73,427,85.117
102.15,446.27,323,67.89
101.53,447.7,307,66.583
97.359,447.6,332,72.406
95.402,441.96,367,78.567
99.029,441.32,380,75.705
105.07,444.68,379,76.168
105.69,447.27,310,70.14
103.56,447.6,299,63.97
102.95,444.55,265,60.695
104.67,443.53,260,56.378
105.62,442.82,283,58.983
110.97,439.66,426,76.913
111.91,441.1,462,81.37
112.9,439.92,473,85.431
114.77,444.35,485,86.721
113.81,446.08,469,85.282
113.06,445.3,437,84.679
115.17,444.27,442,77.525
116.57,445.4,455,81.387
118.07,446.95,458,81.081
116.26,449.2,437,80.552
114.06,448.26,427,79.229
113.76,448.66,425,75.73
113.5,451.16,435,77.343
111.95,452.33,460,81.288
109.48,451.87,491,82.305
110.16,447.68,553,96.91
116.92,446.89,586,96.489
119.71,443.33,644,100.66
123.52,442.99,647,109.15
124.98,448.38,656,114.39
123.37,452.04,656,118.42
124.69,448.19,660,119.98
123.5,442.52,672,122.48
123.42,437.03,647,113.55
123.45,434.15,639,110.03
123.5,431.37,660,111.23
128.97,434.56,655,100.38
126.4,443.16,671,116.58
124.98,447.4,645,104.25
123.94,451.17,629,100.28
123.96,450.66,597,99.59
125.89,448.53,561,96.563
125.92,446.44,571,92.221
126.46,445.79,588,93.834
127.51,444.34,610,99.35
132.06,443.1,624,103.48
136.52,442.55,635,99.259
139.32,442.26,625,96.53
140.85,441.69,621,95.14
142.1,439.94,596,95.959
141.11,437.87,584,93.925
141.31,437.64,546,86.085
140.54,437.25,594,94.272
140.57,436.53,649,105.55
142.34,434.85,689,109.38
142.91,432.94,669,108.08
147.72,430.39,693,110.71
152.44,429.81,697,108.88
155.61,429.8,721,118.25
160.58,429.27,695,115.45
163.28,430.36,665,105.71
166.08,431.88,681,114.35
165.68,430.72,696,105.97
163.03,427.03,710,119.19
163.41,425.28,722,117.16
169.53,425.3,698,112.16
175.45,423.07,712,112.3
181.18,422.56,732,110.86
184.88,421.29,702,107.48
188.05,425.55,657,97.911
185.67,431.47,715,117.83
184.45,431.88,713,117.33
187.67,431.54,684,110.75
188.13,439.03,704,120.98
190.04,442.31,698,113.91
194.81,444.63,678,106.62
193.4,446.79,698,121.63
200.52,450.41,703,117.95
204.77,451.41,675,99.234
201.92,446.51,727,129.29
198.48,443.25,718,122.42
193.82,442.94,721,120.32
189.19,448.87,707,112.3
192.23,448.66,709,116.7
195.54,443.61,712,106.64
195.27,449.06,691,105.68
192.42,448.57,727,127.63
192.99,448.05,710,121.36
193.63,454.71,687,113.41
198.23,459.91,693,111.38
197.7,468.14,673,111.14
197.02,470.3,685,116.83
198.58,474.23,674,117.27
201.81,473.63,675,111.49
200.41,472.22,683,112.39
198.75,473.64,689,114.18
191.18,473.93,674,107.42
187.82,471.85,679,113.51
185.03,477.06,689,114.75
185.15,477.97,695,103.43
187.35,479.81,694,99.714
188.81,484.27,685,109.58
189.05,483.95,687,109.55
194.65,486.18,666,108.47
195.51,492.64,674,110.6
199.57,493.61,677,111.26
203.58,492.86,664,107.74
209.46,494.58,666,105.55
211.58,493.74,685,109.15
212.61,496.63,673,106.02
208.71,495.72,688,107.4
204.6,497.79,673,105.65
206.29,494.62,677,109.57
207.57,501.18,656,100.09
210.49,504.58,652,106.78
209.95,505.37,652,114.77
211.46,503.7,612,105.14
215.01,505.31,663,111.38
211.99,508.21,688,121.04
215.04,511.42,683,117.73
221.87,514.22,673,107.55
225.25,518.17,660,105.07
227.98,522.84,663,106.79
231.77,523.37,671,108.45
235.98,522.54,660,109.19
228.88,523.48,646,101.04
226.57,521.38,673,111.74
229.09,524.22,677,113.76
232.29,527.53,671,109.39
238.65,530.34,650,105.13
241.56,535.11,683,118.68
240.76,535.34,682,109.63
242.67,539.09,636,110.05
242.47,539.07,639,112.83
238.44,538.29,669,112.59
243.91,537.81,684,122.86
245.16,541.49,662,116.7
241.03,540.7,688,124.59
240.66,543.48,674,120.18
238.81,547.73,667,109.25
239.37,550.03,666,100.98
240.03,552.48,665,104.97
236.39,558.8,643,103.4
233.56,559.32,634,107.42
234.63,562.59,660,103.59
236.93,566.15,638,101.38
237.18,567.44,640,104.82
236.39,569.49,652,106.6
237.96,571.75,642,110.26
239.49,572.79,643,108.11
244.63,573.47,638,101.62
240.44,577.55,650,106.5
245.13,579.67,616,106.76
245.93,583.21,622,105.38
246.85,590.71,601,107.42
244.14,594.6,596,111.88
245.18,596.71,580,103.87
247.51,596.96,568,99.425
249.34,602.5,567,104.56
246.56,607.26,545,108.19
245.02,612.37,500,113.81
244.69,614.43,435,136.23
246.72,614.67,449,113.59
247.69,616.41,444,114.41
245.8,613.86,457,125.07
247.36,611.18,420,129.38
250.78,613.24,379,116.21
253.45,618.39,368,132.13
249.52,621.68,327,117.18
250.44,617.85,252,80.808
255.2,619.27,220,71.562
258.86,628.85,525,113.55
257.13,626.34,537,111.03
258.91,625.95,541,103.42
264.4,625.4,515,94.239
268.26,627.69,520,105.1
268.35,631.37,477,100.98
264.45,633.02,481,112.96
263.12,633.51,416,100.51
263.44,635.55,288,103.06
257.47,633.41,318,82.256
260.39,639.72,221,98.284
265.02,644.79,571,101.19
268.83,646.32,559,101.72
265.28,649.28,541,111.4
262.65,652.27,420,130.43
265.72,650.97,436,99.739
269.37,655.64,302,146.08
265.08,660.86,259,142.5
264.31,661.14,223,118.15
264.31,661.14,223,118.15
