0,-0,98,39.714
-0.058503,-0.71224,105,39.722
-0.26264,-0.49237,115,41.972
-0.54719,-0.92474,112,39.077
-1.171,-1.7287,111,42.526
-0.99362,-1.7372,112,37.092
-1.0251,-1.7581,121,40.441
-0.90789,-1.9757,113,38.688
-1.2626,-1.5793,115,39.606
-0.93946,-1.6253,120,41.773
-0.43412,-1.8037,125,42.906
-0.34262,-1.9537,137,45.354
0.21769,-2.8946,147,46.942
-0.64878,-4.1522,143,45.875
0.20654,-5.2849,158,47.388
-0.32626,-4.9857,149,45.238
-0.82667,-4.7659,146,45.883
-1.8162,-5.2139,149,46.272
-2.3984,-4.5606,130,45.445
-1.6504,-4.323,122,39.796
-0.58578,-5.1159,118,38.87
-0.16439,-6.3057,127,42.401
0.084855,-8.3378,133,47.297
-0.6687,-10.192,171,66.055
-0.18916,-10.228,171,72.778
0.61412,-10.653,163,63.383
2.078,-9.7264,164,59.579
1.5978,-10.616,177,78.212
2.0002,-9.8571,173,63.135
1.5707,-12.034,211,74.457
1.6458,-11.43,229,73.125
2.431,-12.252,213,70.909
1.218,-15.52,269,96.166
2.0109,-16.016,265,99.309
4.0637,-15.3,219,64.078
3.5448,-14.871,208,62.564
3.5185,-14.091,211,59.355
3.4676,-12.869,221,77.178
3.8109,-11.194,188,53.864
2.7098,-9.6411,188,57.826
1.3452,-9.1401,195,59.562
1.6939,-6.9694,182,54.625
-0.3717,-7.9405,183,66.253
-0.31839,-6.6162,163,49.175
0.56583,-6.8422,164,50.118
1.6056,-7.5131,170,47.107
2.6663,-7.9544,181,50.308
3.4253,-8.158,175,47.008
3.5933,-8.1194,179,49.737
3.3513,-7.4461,181,48.116
3.8469,-7.8469,196,52.251
4.3317,-7.5756,185,49.828
4.6128,-7.1323,185,52.268
4.3866,-8.382,179,50.316
3.3189,-8.9337,184,51.705
3.146,-9.0028,188,51.441
2.7949,-9.2209,188,53.583
1.9796,-9.4694,210,59.77
2.6254,-10.611,219,55.063
3.5326,-11.794,217,55.667
3.8731,-12.962,212,62.292
2.499,-14.497,236,73.432
2.7673,-13.941,218,64.194
2.0996,-14.012,244,75.623
2.4906,-14.269,246,71.389
2.4881,-14.182,243,65.376
2.945,-14.199,227,62.11
2.4542,-14.109,242,81.892
2.3435,-14.392,254,74.672
2.5665,-14.433,259,68.114
2.6975,-14.445,276,67.188
3.3114,-15.185,285,78.998
3.5935,-15.322,279,79.816
3.3781,-14.918,247,66.807
3.7069,-13.84,231,64.938
3.675,-12.901,212,58.272
3.023,-13.852,237,60.397
4.6118,-13.652,256,79.353
3.7059,-15.132,250,67.841
2.1907,-17.812,312,85.357
2.9645,-19.172,303,96.323
3.5884,-18.262,275,89.377
2.3276,-17.936,273,75.59
2.8407,-18.026,286,83.588
4.6388,-16.116,236,63.408
4.1287,-13.875,230,62.953
3.7624,-11.894,219,56.61
3.4755,-11.893,229,67.617
2.8598,-13.228,235,62.217
1.4178,-16.057,268,75.325
1.5342,-17.935,263,76.922
1.7334,-20.838,278,76.806
2.9084,-22.96,289,89.03
3.7343,-24.606,297,77.112
2.5496,-25.145,312,90.964
3.0544,-25.38,319,90.7
4.2014,-25.139,266,76.55
4.1151,-25.078,292,87.044
2.5932,-24.573,288,96.142
2.3818,-23.458,266,94.893
2.283,-22.913,275,104.73
1.8309,-22.287,270,80.37
2.7413,-21.479,274,73.283
2.6254,-20.649,263,78.129
2.3702,-21.876,275,84.935
1.9605,-22.091,285,75.706
2.7427,-22.147,287,69.784
2.7555,-22.28,292,81.909
4.3957,-23.084,322,95.918
5.5102,-24.656,294,79.138
4.5709,-26.357,309,89.839
5.9402,-26.992,272,81.776
6.5867,-26.418,252,73.655
7.3029,-25.968,243,70.926
6.7656,-25.914,265,82.867
6.6167,-25.401,272,79.568
6.2262,-25.513,263,71.769
6.9509,-25.86,249,67.138
6.154,-28.052,263,80.106
5.6721,-29.847,276,83.108
5.433,-30.749,276,68.039
4.4169,-31.478,296,78.038
4.3857,-31.851,305,91.808
4.0609,-34.071,297,87.334
5.1721,-36.677,299,79.08
6.6265,-40.123,282,69.983
6.6901,-43.09,268,65.6
7.2502,-45.796,275,69.338
7.0728,-49.329,285,68.56
6.3639,-52.474,300,72.207
6.1383,-55.295,306,75.036
7.2025,-59.027,291,71.273
7.965,-62.184,284,68.759
9.8202,-65.243,293,71.298
10.955,-68.343,299,79.51
11.72,-71.816,272,68.685
10.439,-74.077,290,68.056
8.5722,-73.345,304,69.892
8.8696,-72.719,313,74.697
8.8451,-72.588,324,79.072
8.7686,-72.575,321,73.92
8.8067,-72.684,328,83.455
8.6266,-72.274,327,75.334
8.7504,-72.365,336,77.964
8.8251,-72.41,343,74.027
8.8774,-72.193,365,82.339
9.7579,-72.601,375,80.114
10.907,-73.62,376,83.48
11.239,-74.96,358,76.74
12.909,-74.913,340,74.416
13.83,-72.921,345,77.592
12.309,-72.275,333,76.748
12.367,-74.363,337,82.909
11.42,-77.312,336,70.727
10.92,-79.759,359,75.615
12.297,-80.206,358,81.726
11.472,-80.111,360,74.275
12.381,-80.323,352,70.454
13.137,-80.169,363,79.75
13.183,-79.646,368,82.471
13.145,-79.744,366,74.854
13.235,-80.108,368,78.228
13.288,-80.084,367,75.433
13.107,-79.779,368,78.435
13.313,-79.785,375,80.693
13.303,-80.069,366,78.228
13.17,-80.315,374,87.127
12.978,-81.686,370,82
13.672,-83.124,368,82.761
14.313,-84.264,357,78.865
12.851,-84.308,357,73.349
12.224,-83.049,370,78.7
12.619,-81.508,388,86.581
14.286,-81.84,365,76.632
15.451,-83.001,350,77.848
15.029,-84.784,310,72.96
15.028,-87.447,326,73.622
15.314,-88.485,363,89.079
14.113,-89.678,370,87.59
14.435,-91.745,359,89.294
14.703,-94.075,335,80.097
16.191,-97.204,350,84.216
15.965,-97.884,350,90.535
16.419,-100.2,360,96.274
17.487,-102.07,397,104.16
17.947,-103.53,403,104.77
17.315,-105.84,417,117.62
17.472,-106.37,397,125.72
17.063,-107.61,417,123.68
17.689,-108.24,374,110.72
17.975,-109.84,356,98.383
19.969,-111.11,320,91.394
20.828,-110.66,320,88.756
19.205,-110.52,317,82.859
19.048,-109.93,325,84.481
18.398,-108.64,345,84.985
18.685,-109.04,341,88.21
19.082,-110.6,340,91.337
19.281,-112.87,339,90.336
20.371,-116.1,334,81.619
21.781,-119.81,299,77.245
23.008,-122.66,283,64.797
23.586,-125.76,306,69.71
22.868,-126.61,322,73.175
22.422,-126.12,327,74.92
22.571,-125.94,333,76.26
22.593,-125.94,347,79.841
22.427,-125.39,341,84.878
22.551,-125.66,342,90.171
22.505,-125.74,354,90.138
22.237,-125.42,368,84.224
21.526,-125,400,90.311
21.006,-125.28,417,97.73
20.858,-125.36,415,92.007
22.142,-126.44,411,95.191
24.471,-127.7,408,105.35
24.386,-128.71,393,89.542
24.085,-130.35,368,87.946
25.149,-131.92,389,94.43
25.576,-133.68,391,93.512
26.374,-132.75,391,88.541
26.351,-131.15,417,109.35
25.513,-130.82,420,126.67
25.192,-130.75,428,120.31
25.233,-130.89,440,115.43
25.224,-130.63,419,131.41
25.133,-129.83,414,139.83
25.044,-129.42,423,128.97
24.647,-128.01,405,113.86
24.809,-127.07,399,131.18
24.16,-125.96,410,122.07
24.133,-125.17,437,138.28
24.336,-125.35,430,114.66
25.346,-126.42,405,99.731
26.441,-125.85,403,102.98
26.198,-128.39,403,102.77
26.244,-130.16,427,111.87
24.602,-131.72,434,116.78
24.893,-133.29,421,156.91
26.145,-133.2,437,110.06
24.048,-133.74,427,105.88
24.706,-132.41,416,106.04
24.068,-132.22,390,82.057
23.08,-133.39,414,101.81
23.862,-134.55,439,127.35
25.26,-135.85,466,131.47
25.19,-138.1,425,116.36
24.518,-141.67,439,113.05
25.744,-143.87,440,113
25.715,-146.43,420,115.32
26.037,-147.17,422,116.59
25.9,-148.73,403,113.82
26.596,-149.89,429,128.39
26.811,-151.09,453,127.6
28.495,-151.59,403,127.96
26.955,-153.02,329,108.35
28.126,-152.83,271,91.758
27.435,-153.14,224,75.226
27.255,-151.39,196,60.803
24.889,-150.31,169,58.355
23.315,-151.47,153,52.376
22.081,-152.27,155,52.02
20.145,-153.01,153,49.2
21.403,-152.97,110,43.94
22.428,-153.11,124,42.261
20.44,-151.69,138,49.572
19.154,-148.95,113,42.352
16.523,-147.32,129,46.272
17.479,-144.53,121,43.394
17.944,-139.97,120,43.485
16.776,-139.08,110,40.483
15.44,-139.43,122,41.12
15.08,-140.99,119,47.885
14.144,-141.05,120,45.809
13.014,-142.29,131,45.627
11.597,-140.27,124,41.409
11.71,-139.14,124,44.891
11.58,-139.05,140,46.388
11.662,-138.21,155,46.09
10.05,-137.84,149,44.8
9.8844,-135.45,168,52.566
11.618,-132.44,171,55.386
14.541,-128.39,196,58.644
19.188,-125.44,245,63.904
23.826,-121.33,264,68.006
26.957,-117.83,247,58.082
26.262,-114.86,241,64.558
26.546,-112.86,257,70.38
24.103,-114.64,276,72.902
17.921,-117.08,304,71.951
15.508,-117.64,302,83.281
16.565,-115.25,287,85.746
17.965,-110.4,266,73.564
18.793,-105.2,253,68.196
20.016,-99.88,245,66.782
21.036,-95.38,234,64.177
20.805,-90.666,224,69.04
21.606,-86.812,250,65.103
20.985,-83.909,244,56.13
20.261,-82.954,252,74.673
17.28,-83.112,285,71.587
14.907,-79.232,268,68.196
16.043,-73.816,235,63.879
18.121,-70.102,232,59.554
20.069,-69.806,229,60.902
20.105,-68.943,270,72.687
17.135,-67.512,297,84.605
15.744,-65.175,281,84.489
14.111,-62.121,247,75.797
12.635,-59.222,219,60.224
11.592,-56.397,216,61.291
10.009,-52.688,216,66.567
8.0369,-50.756,207,70.818
9.3155,-50.581,185,51.052
10.538,-47.791,186,57.892
10.049,-45.079,172,51.995
10.006,-44.707,173,48.306
11.335,-44.655,209,55.46
11.056,-43.313,240,77.633
9.5253,-42.132,261,86.317
5.3072,-39.697,300,126.73
1.8387,-39.929,290,109.91
-0.33214,-41.669,269,75.433
-1.2284,-42.772,283,90.733
-0.10554,-43.192,344,121.07
2.2834,-46.397,324,106.69
0.56247,-50.427,312,111.07
-1.2893,-54.707,297,94.918
-3.691,-58.684,278,87.334
-4.5621,-63.172,293,76.376
-3.7947,-67.254,307,77.319
-1.3771,-71.34,338,97.903
2.4119,-75.239,344,98.275
6.1545,-80.713,343,99.582
7.1699,-85.917,313,80.685
7.964,-90.211,311,83.877
7.9791,-93.164,312,87.565
6.4187,-96.397,338,99.218
3.7165,-97.576,353,117.86
1.9295,-97.963,365,121.33
-0.61844,-96.202,349,127.36
-3.303,-93.447,321,115.08
-5.5317,-90.778,328,101.38
-8.981,-87.739,323,95.91
-12.551,-86.133,314,88.078
-16.96,-85.787,289,63.896
-20.335,-87.24,273,65.955
-23.107,-89.039,256,71.207
-25.558,-89.471,226,70
-28.529,-89.12,197,60.05
-31.09,-89.468,190,53.913
-33.867,-91.197,189,54.484
-36.231,-92.947,201,61.556
-37.375,-95.791,233,67.833
-36.867,-98.099,255,68.478
-33.887,-98.331,286,93.595
-29.099,-96.807,309,88.831
-23.695,-95.558,311,75.805
-17.189,-94.032,290,67.634
-11.025,-92.727,299,67.708
-6.2537,-92.533,286,74.284
-3.7159,-96.086,266,74.391
-2.5092,-101.36,261,80.924
-4.3187,-105.05,318,97.324
-6.9957,-109.51,335,104.2
-8.7067,-114.18,347,115.25
-9.1905,-116.41,372,130.62
-9.1056,-116.01,379,141.27
-9.5437,-113.14,404,155.52
-14.645,-112.44,389,149.15
-17.702,-114.12,364,136.3
-22.681,-115.12,344,127.17
-28.084,-113.94,338,120.02
-32.855,-111.79,341,118.69
-37.43,-109.19,338,120.49
-41.223,-106.73,335,108.91
-44.219,-106.52,322,96.034
-45.034,-107.81,316,96.878
-44.744,-108.76,322,87.433
-45.35,-109.14,320,94.157
-45.637,-106.81,332,115.56
-44.309,-103.24,346,123.2
-42.453,-99.329,355,113.73
-41.272,-95.002,349,109.08
-39.058,-91.056,330,95.066
-34.909,-87.259,325,92.461
-32.406,-83.801,299,77.674
-29.201,-80.917,257,68.387
-25.789,-79.129,238,64.93
-23.302,-77.946,236,63.391
-22.753,-76.348,271,81.131
-22.745,-74.416,276,83.844
-25.145,-74.327,297,89.484
-29.236,-76.236,286,78.03
-33.404,-77.386,306,81.966
-37.991,-79.421,301,85.903
-42.31,-79.905,271,70.19
-43.627,-80.483,249,71.926
-41.099,-84.218,251,78.906
-35.045,-85.602,245,72.902
-30.181,-83.535,208,63.879
-29.173,-81.828,180,50.308
-29.278,-80.769,175,48.695
-30.016,-81.879,169,51.97
-32.031,-84.11,218,61.101
-36.902,-84.899,265,76.69
-42.032,-86.904,299,102.48
-45.49,-89.003,348,115.27
-48.5,-91.11,345,115.13
-50.381,-93.786,360,110.18
-54.008,-96.757,356,107.84
-56.551,-99.697,368,108.5
-59.606,-101.95,347,106.35
-62.292,-103.93,343,106.94
-64.545,-106.96,339,96.216
-66.824,-109.6,342,98.036
-69.708,-111.49,348,100.55
-72.6,-114.06,340,89.683
-75.053,-116.9,336,83.571
-77.72,-118.63,314,78.245
-80.059,-120.64,300,74.862
-82.035,-122.7,306,77.501
-84.221,-124.91,294,68.577
-87.069,-126.28,262,61.944
-88.281,-128,240,60.621
-90.376,-127.2,258,73.216
-92.69,-126.74,279,77.583
-92.347,-128.69,296,87.607
-91.915,-129.44,304,100.22
-92.621,-131.06,324,102.63
-92.683,-134.42,350,118.26
-92.713,-138.15,356,113.33
-93.856,-141.66,331,113.48
-94.422,-145.31,346,95.108
-94.467,-148.27,341,90.055
-94.496,-152.43,348,89.079
-95.981,-155.58,338,97.258
-96.755,-159,354,98.193
-97.467,-162.13,349,88.632
-97.416,-165.26,345,83.886
-99.015,-168.38,364,79.378
-101.01,-172.1,343,78.758
-102.72,-172.99,322,65.938
-102.88,-172.38,283,67.957
-103.65,-173.15,277,64.549
-102.66,-175.02,295,75.607
-102.5,-176.7,294,79.825
-101.95,-178.01,291,82.801
-101.79,-179.76,292,80.594
-102.33,-181.56,299,75.714
-103.99,-184.55,272,78.154
-105.98,-186.18,282,72.059
-107.25,-187.53,253,92.685
-108.14,-188.73,235,81.925
-109.31,-191.12,220,100.13
-110.02,-194.04,169,105.98
-110.56,-197.75,299,90.7
-110.66,-201.61,290,82.611
-111.8,-205.49,271,80.685
-113.18,-208.97,282,88.914
-113.78,-212.34,274,105.57
-115.19,-216.51,266,108.97
-115.41,-220.43,275,89.6
-115.85,-224.4,272,87.806
-115.48,-229.97,223,89.501
-115.87,-232.05,268,84.332
-115.2,-236.25,272,78.328
-115.93,-239.78,280,85.903
-116.33,-244.27,249,85.059
-116.7,-248.87,257,72.042
-115.38,-252.84,241,71.224
-114.95,-255.43,286,108.32
-114.23,-259.24,302,80.651
-114.13,-262.66,296,79.072
-112.64,-266.38,298,87.607
-111.53,-270.26,270,74.209
-110.51,-272.06,302,93.851
-109.43,-274.64,286,80.304
-109.37,-278.95,353,91.221
-108.2,-281.72,345,92.998
-106.98,-285.36,343,92.312
-105.59,-288.47,304,89.087
-105.1,-292.55,303,86.482
-104.36,-295.37,281,82.884
-102.88,-297.31,272,86.292
-102.07,-301.43,259,83.298
-101.99,-305.38,245,82.148
-100.66,-308.28,224,73.911
-99.625,-311.06,187,59.041
-98.965,-314.37,162,72.357
-97.735,-315.12,141,60.075
-98.833,-316.02,103,42.344
-99.318,-324.79,320,74.672
-101.95,-323,302,71.719
