0,-0,416,197.1
2.5763,-2.93,340,119.37
6.6097,-5.5428,281,98.772
0.6571,-1.5689,644,164.03
1.5034,-5.3042,491,152.25
-0.13433,-10.42,791,153.25
5.6161,-16.992,735,162.63
8.895,-18.068,659,180.5
9.0978,-21.699,957,166.45
9.7275,-24.358,911,158.95
14.628,-24.873,982,148.1
15.45,-28.442,939,158.74
18.015,-27.451,961,183.53
19.095,-26.267,825,144.64
15.793,-28.545,913,235.02
13.68,-29.918,1163,223.3
14.86,-37.991,1203,227.45
12.315,-50.028,1214,206.56
14.497,-60.409,1250,212.8
19.369,-69.417,1252,220.97
17.782,-78.82,1292,214.75
13.216,-87.787,1212,198.17
14.927,-93.795,1248,201.41
13.381,-88.268,1268,218.94
10.208,-85.205,1132,183.82
10.279,-78.28,1105,170.26
6.8784,-73.369,993,153.87
1.8494,-74.696,911,129.71
2.6544,-76.195,877,142.18
6.4277,-72.379,917,138.25
8.2575,-70.204,883,137.88
12.18,-67.447,917,135.27
11.062,-74.393,830,133.76
9.598,-80.144,824,129.37
3.3474,-86.8,873,134.59
-3.9276,-94.889,861,131.46
-6.2221,-99.12,964,155.19
-2.9116,-101.56,1107,193.78
-2.4654,-110.49,1056,195.38
-1.6762,-121.59,1137,224.39
6.4286,-128.67,1179,230.1
5.013,-139.76,1207,218.35
4.0314,-151.53,1181,208.63
5.1039,-159.89,1229,224.69
6.3951,-170.39,1256,219.45
4.9028,-182.59,1194,218.98
7.8228,-182.23,1200,219.49
5.3639,-173.08,1195,202.71
8.5862,-164.77,1138,196.26
12.014,-159.86,1047,186.75
13.823,-153.72,954,147.72
12.788,-152.49,1165,194.54
5.7074,-154.28,1078,185.67
6.1597,-159.85,1163,205.81
8.3977,-156.8,1276,202.02
2.2548,-158.23,1118,180.08
2.8748,-161.62,1093,186.86
13.187,-165.1,1143,196.37
19.063,-172.07,1156,198.9
22.929,-180.6,1154,219.95
24.984,-191.04,1119,211.64
19.453,-189.86,1061,201.45
13.856,-180.02,1199,170.7
16.055,-183.02,1186,157.12
21.756,-187.48,1150,147.47
25.47,-194.04,1197,192.94
29.598,-206.63,1166,176.25
24.577,-205.29,1182,164.27
17.312,-203.78,1129,144.94
10.055,-205.16,1135,159.76
-0.12291,-206.95,1109,155.98
-5.4164,-211.08,1132,153.31
-3.9301,-220.2,1116,137.48
-7.6819,-227.81,1016,129.29
-8.6245,-225.8,1056,135.6
-14.224,-230.97,981,124.38
-7.8736,-233.89,1084,133.12
-8.0075,-241.5,1074,135.73
-10.18,-242.28,1067,126.26
-6.018,-237.21,1173,171.41
-6.4688,-231.57,1171,177.17
-11.256,-241.03,1115,174.3
-14.101,-244.5,1060,170.27
-11.824,-251.76,1121,176.37
-8.2213,-260.73,1093,183.77
-11.877,-272.23,1063,179.12
-10.799,-284.84,995,184.05
-14.12,-293.29,928,208.64
-16.499,-297.35,851,224.15
-22.788,-293.48,781,218.84
-24.436,-286,824,180.51
-24.17,-281.25,903,162.36
-23.978,-278.23,826,184.59
-26.097,-270.65,691,154.5
-28.215,-272.13,844,121.95
-26.86,-267.95,805,114.24
-25.484,-268.04,888,162.8
-21.293,-268.84,948,139.73
-23.053,-266.89,918,133.34
-23.178,-264.98,840,145.23
-22.832,-264.79,786,130.31
-20.916,-263.5,513,124.91
-22.977,-265.75,852,169.98
-25.442,-266.79,638,104.06
-27.852,-266.35,502,89.971
-27.661,-265.49,339,86.854
-23.507,-255.26,325,71.19
-30.51,-250.83,294,64.309
-30.517,-250.79,317,70.338
-23.057,-248.57,377,70.379
-30.091,-243.9,418,83.132
-33.787,-249.38,440,75.482
-32.306,-247.67,419,74.688
-32.122,-244.06,515,89.988
-31.679,-242.4,572,99.946
-33.384,-243.35,604,99.359
-32.791,-244.26,579,94.992
-33.648,-245.72,526,90.65
-33.927,-246.4,505,94.554
-33.955,-246.55,529,102.5
-34.252,-244.75,579,103.42
-35.116,-244.92,579,106.8
-33.64,-245.08,596,110.55
-34.406,-245.46,528,96.356
-32.943,-244.68,507,92.849
-35.393,-246.82,470,87.267
-34.195,-244.01,454,82.95
-32.442,-242.84,408,81.759
-32.615,-242.38,416,87.217
-31.925,-244.45,378,85.878
-33.178,-242.53,415,76.4
-29.952,-243.41,322,72.521
-28.323,-240.28,363,81.47
-33.5,-242.42,335,77.178
-30.189,-245.65,317,76.491
-24.941,-241.75,387,88.012
-30.111,-233.43,401,87.383
-31.952,-225.86,430,85.373
-31.16,-231.51,494,94.52
-33.76,-229.49,462,89.161
-38.499,-228.59,444,85.216
-40.486,-231.4,438,79.741
-40.89,-233.25,428,80.717
-42.328,-232.72,478,82.619
-43.566,-228.15,596,98.597
-48.41,-231,682,102.07
-48.784,-232.29,746,112.34
-54.271,-232.85,868,130.21
-56.688,-233.75,876,128.89
-59.698,-233.72,866,129.64
-58.479,-235.57,878,122.62
-52.296,-241.7,876,121.17
-45.722,-250.28,841,120.44
-45.313,-255.59,798,116.71
-46.935,-249.61,857,117.93
-51.348,-247.93,893,125.15
-63.887,-247.89,862,128.14
-68.45,-250.35,641,108.49
-68.732,-251.56,481,83.901
-66.753,-247.85,656,106.4
-64.546,-245.02,607,100.49
-62.692,-251.44,694,109.41
-57.216,-250.3,741,111.58
-50.343,-244.91,692,109.6
-46.192,-249.42,539,88.673
-55.029,-248.35,430,84.266
-47.151,-237.94,434,83.637
-34.915,-245.2,449,90.542
-21.154,-251.58,498,94.148
-7.3192,-261.36,509,94.595
0.04725,-262.75,570,114.99
3.6035,-262.11,508,94.115
5.7294,-257.9,541,109.27
6.7964,-255.59,561,96.381
6.3495,-257.8,592,105.01
5.9621,-260.14,617,108.07
6.4777,-262.53,608,95.248
5.5624,-262.66,621,104.57
2.5601,-261.8,677,104.08
5.0353,-260.77,600,100.42
9.7635,-257.21,489,96.166
13.833,-256.14,395,91.113
9.7972,-250.77,377,91.096
8.6,-249.45,418,87.664
10.984,-250.89,437,81.85
14.823,-251.17,407,73.373
20.588,-247.51,337,68.808
23.246,-242.67,442,81.337
25.364,-232.95,518,91.874
18.597,-227.07,616,118.83
8.7002,-230.23,753,133.67
2.6479,-240.39,721,125.66
4.3395,-245.15,680,104.53
2.4501,-242.24,772,104.99
3.6534,-252.66,670,101.81
11.46,-251.09,577,94.38
6.804,-239.98,669,97.927
-1.4431,-238.45,995,136.11
-5.1814,-228.56,1010,145.61
-12.865,-230.94,917,134.73
-3.1724,-236.84,950,145.72
8.0215,-229.98,966,130.55
5.8468,-221.7,776,112.95
6.0069,-215.47,611,113.27
-0.24519,-216.23,468,92.386
6.7655,-224.1,503,106.41
20.921,-224.09,472,103.23
25.38,-226.05,656,120.98
24.348,-224.86,646,113.02
17.09,-221.24,633,94.156
6.7154,-225.04,745,116.19
-0.31563,-233,700,104.88
-0.68651,-245.53,620,94.942
3.6434,-257.08,573,96.935
5.4342,-259.37,567,108.88
3.6072,-263.05,418,73.654
5.044,-260.84,702,105.16
6.73,-256.68,929,138.78
4.3573,-243.81,1090,164.72
10.883,-229.08,1084,150.74
17.342,-218.42,976,129.32
11.205,-212.26,638,93.859
14.073,-212.56,650,105.15
11.733,-211.4,689,130.19
14.407,-215.88,760,113.95
25.314,-217.18,602,92.982
25.424,-217.6,588,108.61
17.821,-220.02,765,136.42
13.66,-232.44,804,123.03
5.4135,-243.11,832,128.7
-3.7362,-251.28,1025,152.22
-2.0654,-263,1078,156.43
-7.1933,-280.03,1089,153.85
-16.571,-294.25,1052,146.27
-15.799,-310.46,1026,150.53
-20.106,-324.23,949,135.51
-19.74,-334.89,931,130.52
-18.034,-341.54,935,176.85
-18.352,-349.47,886,154.8
-15.954,-345.53,816,160.08
-12.151,-342.14,793,135.41
-4.6233,-347.17,735,122.46
-4.3812,-342.38,659,124.64
-8.9493,-338.39,732,132.01
-1.9473,-341.47,694,124.02
1.9903,-338.47,649,113.51
-0.39904,-323.1,624,103.31
-0.51079,-310.21,751,107.05
5.0955,-298.73,701,106.89
5.9268,-290.81,772,109.65
6.2039,-280.17,806,118.57
7.0731,-274.56,906,131.9
12.572,-266.04,927,138.76
13.46,-267.79,884,122.86
22.805,-272.73,818,116.01
27.499,-273.13,798,124.94
34.455,-280.62,719,112.09
38.753,-285.69,837,117.36
39.876,-292.93,888,121.85
44.187,-299.65,823,114.07
44.981,-305.75,772,109.15
40.056,-311.32,836,114.3
37.25,-312.91,685,109.92
33.909,-311.39,589,90.327
33.881,-307.67,583,93.875
44.702,-316.82,488,82.884
49.157,-313.23,483,93.635
44.119,-311.34,532,98.622
38.179,-313.18,463,87.242
36.73,-316.97,403,73.803
33.747,-310.42,527,94.363
35.636,-308.23,528,99.582
43.811,-305.02,571,93.346
39.308,-304.46,628,99.813
36.466,-312.03,587,94.661
36.274,-313.33,427,79.187
39,-317.3,373,72.546
30.734,-318.94,417,75.937
33.097,-319.59,440,92.436
35.657,-319.57,414,79.923
31.614,-320.2,563,104.48
29.167,-323.61,612,103.2
34.682,-326.71,630,106.59
39.907,-329.66,497,95.918
45.604,-327.96,460,99.168
38.136,-324.18,562,106.84
33.15,-326.13,447,87.846
25.459,-329.37,389,78.286
30.008,-329.6,412,86.821
30.814,-329.8,403,84.761
28.107,-333.1,272,64.359
31.137,-334.85,386,71.893
32.295,-335.06,414,78.815
31.73,-332.7,487,91.584
29.883,-326.93,423,90.675
31.022,-329.97,434,76.094
41.018,-327.45,430,77.425
40.248,-329.36,521,94.189
37.036,-331.37,550,99.284
37.09,-328.95,513,87.201
39.987,-336.92,571,91.137
42.632,-338.33,528,91.783
34.694,-343.13,742,109.78
32.947,-339.38,713,115.59
20.052,-339.24,651,114
20.648,-340.93,651,108.79
25.136,-327.42,625,99.863
25.804,-316.42,535,89.087
33.837,-313.67,499,93.817
46.211,-316.26,585,98.316
50.921,-324.78,480,93.743
51.985,-327.04,406,82.81
51.535,-329.57,412,104.92
49.09,-329.13,396,86.151
46.684,-326.13,387,93.164
52.519,-329.91,362,88.607
55.275,-331.41,371,82.785
60.635,-342.86,366,71.876
60.228,-344.27,417,80.949
60.21,-346.55,504,89.591
60.37,-349.37,520,92.576
59.841,-348.67,533,88.21
60.364,-347.04,391,82.09
53.996,-343.24,482,96.116
53.923,-344.3,576,100.28
48.826,-352.3,584,108.58
50.918,-347.44,554,97.936
59.477,-341.64,563,103.44
64.543,-340.11,579,106.87
65.362,-339.55,529,95.628
63.275,-340.28,614,106.88
60.432,-342.72,573,95.554
59.099,-344.5,451,81.85
61.093,-346.66,466,81.586
64.416,-347.27,420,77.037
68.578,-349.05,396,76.235
69.783,-349.41,389,72.48
70.507,-347.41,488,83.686
62.324,-347.57,496,79.311
60.216,-347.64,605,95.761
65.309,-347.6,794,105.92
69.466,-352.15,686,105.55
69.15,-355.71,589,113.05
76.226,-353.33,683,102.37
79.391,-357.84,837,129.61
86.826,-365.9,737,105.07
88.897,-372.41,671,96.53
87.561,-375.95,543,102.58
86.003,-384.67,435,83.529
86.123,-391.89,415,75.565
86.014,-395.51,343,69.569
79.581,-401.85,382,71.736
75.558,-399.32,450,85.861
73.176,-405.75,519,90.178
66.361,-412.62,475,79.518
68.089,-409.83,361,84.009
75.881,-402.71,462,90.079
79.387,-407.56,590,102.95
77.744,-417.17,510,100.01
77.881,-418.72,471,85.613
74.792,-417.61,567,104.2
75.011,-412.37,577,114.72
78.544,-411.33,685,115.76
77.919,-414.66,708,110.34
75.475,-417.52,680,107.73
75.278,-420.62,576,103.65
73.141,-425.34,568,92.569
71.922,-434.48,445,75.639
69.555,-439.64,402,74.44
71.459,-445.49,300,64.764
70.612,-448.62,337,76.053
74.396,-451.79,365,75.681
72.248,-451.74,380,71.62
73.566,-446,537,92.296
80.667,-438.33,636,98.531
71.981,-447.86,540,96.117
70.568,-445.02,596,95.736
65.394,-450.64,567,105.04
52.838,-447.53,212,135.62
45.42,-446.01,371,134.59
41.172,-439.17,320,124.9
46.349,-435.45,496,124.14
51.551,-442.08,508,166.37
67.39,-439.82,621,137.65
66.986,-443.39,478,141.59
67.338,-453.6,463,105.77
65.878,-453.28,449,185.23
68.76,-456.15,425,138.48
69.66,-465.6,420,110.33
69.468,-473.17,328,100.73
69.167,-483.37,282,95.878
66.687,-491.7,254,117.98
69.194,-493.55,254,83.026
69.88,-499.6,305,70.909
68.8,-504.39,234,71.281
72.961,-502.14,233,73.001
72.606,-500.23,324,84.406
71.408,-500.9,325,122.57
75.795,-504.54,234,111.21
75.886,-508.69,251,78.435
73.697,-515.7,278,92.966
76.471,-522.96,605,94.992
76.381,-527.74,705,99.317
72.871,-533.79,677,97.754
75.267,-534.85,632,97.985
77.223,-535.19,680,109.84
72.931,-532.36,737,118.83
69.713,-532.55,700,109.52
74.998,-535.66,785,126.56
76.728,-539.7,719,109.4
72.134,-545.99,594,96.092
67.672,-549.6,596,97.506
65.182,-558.02,643,106.4
63.179,-563.52,749,126.2
63.972,-571.07,710,130.31
65.82,-576.72,668,113.38
70.727,-583.54,683,102.86
69.165,-590.73,543,96.1
66.183,-592.42,511,95.521
60.242,-589.01,382,83.339
62.103,-589.56,429,84.356
62.377,-591.12,468,89.31
62.639,-592.46,653,107.08
67.232,-598.43,496,85.415
66.49,-596.6,603,100.85
68.494,-592.22,566,96.786
71.614,-601.26,633,100.03
66.366,-608.2,677,103.41
65.604,-617.19,788,121.74
63.449,-627.28,821,125.88
62.452,-639.84,769,123.53
64.83,-649.11,676,108.88
61.807,-654.24,637,104.66
60.516,-656.53,591,103.83
59.268,-664.78,566,92.155
60.44,-670.3,555,102.54
59.878,-678.71,444,98.011
62.096,-684.68,429,127.21
62.085,-691.36,373,128.38
61.042,-701.65,281,115.44
59.697,-715.39,520,124.44
59.092,-723.88,412,111.14
58.018,-734.33,207,109.92
58.667,-742.08,510,116.44
56.931,-749.97,349,81.512
52.628,-755.72,279,93.669
45.937,-755.95,245,71
45.159,-753.41,280,92.817
52.062,-752.22,319,108.09
51.663,-752.74,251,82.396
57.582,-750.83,356,84.24
53.016,-750.62,361,103.15
54.271,-755.6,267,72.092
53.309,-756.95,281,97.713
49.36,-760.25,230,151.59
49.514,-766.16,397,82.545
53.155,-766.35,407,100.62
50.689,-767.64,348,104.22
53.73,-770.16,338,123.47
55.449,-766.3,382,101.18
53.259,-763.72,396,87.962
49.012,-767.08,286,75.962
49.496,-767.7,283,77.798
48.957,-762.53,270,75.755
57.036,-763.22,315,79.328
62.09,-764,391,86.903
64.977,-763.45,399,88.235
61.48,-766.85,251,73.92
63.566,-761.31,324,75.4
65.841,-757.87,335,76.59
64.721,-756.08,362,74.994
65.222,-753.53,376,80.7
63.07,-757.62,338,72.224
66.355,-757.29,400,97.324
64.029,-757.28,504,108.65
64.688,-765.06,432,118.6
67.167,-774.2,384,147.67
68.46,-787.63,630,124.01
68.976,-794.4,431,110.1
64.974,-799.28,327,87.698
65.609,-798.51,257,68.213
64.449,-796.4,304,83.083
64.311,-788.25,332,89.542
66.417,-780.32,524,97.183
69.615,-783.27,421,107.72
72.36,-785.95,482,129.26
74.341,-791.39,440,116.34
75.254,-792.11,376,100.43
75.169,-797.79,243,84.002
75.169,-797.79,243,84.002
