0,-0,155,56.378
0.47856,-0.86946,141,48.521
-0.17146,-1.7406,156,47.496
-0.95505,-2.049,150,52.665
-1.7632,-2.055,135,58.636
-2.5087,-1.8927,121,48.001
-1.6492,-1.6512,131,43.94
-0.21366,-1.1957,144,49.845
1.3508,-0.42216,131,58.636
0.30567,1.1196,148,63.044
-1.72,2.244,141,77.393
-5.2994,2.7635,147,84.671
-7.3628,2.7324,153,52.731
-8.3126,2.5715,179,71.215
-8.0732,4.0949,117,88.277
-9.433,2.8787,130,110.83
-11.005,-0.3848,312,76.309
-13.291,-2.3983,306,77.608
-14.54,-4.6072,307,75.548
-16.012,-6.1992,285,72.604
-17.187,-8.1015,269,76.351
-18.411,-9.8131,264,79.088
-18.631,-11.197,247,80.015
-18.444,-12.414,253,87.408
-18.419,-13.364,267,93.23
-18.201,-13.823,272,97.614
-17.873,-11.75,289,95.232
-16.458,-9.0861,289,94.95
-12.329,-6.2662,312,96.811
-9.1596,-5.2955,304,87.764
-6.9397,-5.233,277,69.387
-4.3267,-5.0887,268,63.118
-2.7244,-4.693,250,59.397
-0.51009,-3.8354,235,61.307
1.5408,-3.0045,204,57.784
3.789,-2.6412,214,61.522
6.2472,-1.9788,229,73.423
8.6353,-1.0352,245,82.297
10.019,0.99157,267,83.794
11.886,3.2975,271,89.889
12.255,5.3427,265,89.07
12.938,6.6893,284,98.01
14.822,7.243,307,101.33
13.299,9.2057,294,97.332
11.962,12.332,280,93.933
11.061,14.372,263,86.763
9.6583,14.997,268,87.102
8.4101,14.316,265,90.832
8.5861,14.503,284,97.994
10.315,15.624,301,99.144
14.758,15.621,306,103.8
17.383,15.453,327,122.64
19.624,13.745,314,117.33
18.867,10.766,322,106.93
21.767,9.983,291,80.808
18.585,10.74,297,77.649
14.421,9.5321,278,79.377
11.752,8.8119,264,60.025
9.606,6.3517,285,65.649
11.295,2.5637,302,63.507
13.252,1.1548,310,71.099
14.405,-0.66156,332,85.307
13.237,-2.1063,343,94.859
13.025,-7.3176,331,83.14
11.447,-11.913,323,81.081
11.233,-15.739,314,75.267
11.839,-18.546,303,71.752
13.209,-19.138,307,66.964
11.622,-19.44,313,71.744
9.6688,-20.991,314,76.235
11.72,-25.14,329,78.89
14.096,-28.458,322,73.687
15.639,-31.089,341,89.103
17.18,-36.346,334,80.7
18.635,-41.479,321,73.613
19.761,-44.954,318,72.315
20.843,-46.551,323,72.199
21.739,-51.013,312,68.023
20.378,-52.594,325,74.647
20.141,-53.832,317,74.928
21.97,-54.08,316,70.106
23.173,-54.451,319,69.569
24.089,-56.408,313,68.378
23.731,-60.556,298,66.691
22.771,-65.219,287,62.82
21.838,-68.834,305,68.609
21.695,-71.614,307,67.104
20.222,-75.49,308,63.672
20.17,-79.257,294,65.442
21.166,-83.178,316,74.738
21.182,-86.284,318,76.26
17.394,-87.562,303,72.786
15.32,-89.836,293,71.256
13.286,-92.449,287,74.068
12.067,-95.371,292,66.981
13.319,-98.568,282,64.251
15.266,-101.74,288,63.871
17.152,-105.3,300,68.419
17.063,-108.4,313,69.461
17.364,-110.83,302,67.444
17.428,-113.85,312,66.468
17.309,-115.85,312,68.262
18.226,-118.52,316,68.833
18.847,-122.72,309,65.814
20.009,-126.05,309,65.467
20.987,-126.82,317,67.981
22.647,-128.59,306,64.359
24.248,-129.7,317,67.08
27.264,-130.14,326,68.907
32.136,-132.23,321,67.063
37.031,-135.04,254,67.609
37.178,-135.8,203,55.162
35.448,-135.73,173,49.828
34.219,-134.67,151,44.866
34.664,-132.02,126,41.475
32.658,-131.64,101,35.024
30.752,-133.19,94,36.703
29.911,-128.14,97,36.72
32.147,-124.5,105,38.299
32.436,-123.19,103,40.35
33.661,-123.47,110,40.433
34.131,-123.59,116,42.699
32.533,-123.58,110,41.409
32.174,-123.47,116,45.792
31.069,-124.91,115,42.145
30.858,-125.43,117,45.147
29.721,-124.54,130,44.543
29.368,-123.38,137,42.054
30.798,-123.15,128,42.517
30.073,-123.92,134,46.272
28.91,-122.38,117,43.344
30.37,-122.23,118,40.441
29.859,-121.21,107,39.027
29.668,-120.18,113,43.046
31.241,-120.18,91,37.001
33.458,-120.68,92,35.223
33.129,-120.71,98,38.415
31.379,-119.61,110,41.128
31.802,-120.86,100,41.103
28.652,-121.76,95,38.2
28.424,-121.99,87,34.834
28.202,-123.02,81,33.982
27.517,-125.28,79,30.335
27.453,-127.59,124,41.177
25.962,-123.87,100,42.062
27.075,-126,102,38.696
27.934,-125.72,85,40.929
29.318,-123.47,91,40.441
25.63,-122.89,82,37.274
25.273,-122.71,94,39.912
25.241,-121.23,98,41.682
26.034,-119.96,78,41.02
26.657,-120.23,106,42.625
26.589,-118.35,77,32.965
27.008,-119.56,74,31.369
28.807,-119.52,81,31.468
31.191,-117.46,99,35.297
28.832,-115.01,81,40.168
30.718,-113.21,105,39.722
29.801,-113.16,91,42.699
30.843,-116.85,110,39.796
32.347,-115.41,84,34.743
32.743,-118.65,116,39.705
33.756,-116.01,113,38.688
33.88,-113.93,78,39.895
34.739,-111.7,82,35.752
32.533,-113.69,96,38.299
33.348,-114.36,124,45.676
33.024,-115.87,110,44.502
33.506,-114.06,122,45.172
29.489,-114.45,101,44.13
28.91,-117.96,82,43.278
28.639,-118.55,93,46.752
25.321,-117.97,87,37.646
23.652,-116.06,95,39.54
28.692,-114.93,93,39.581
28.467,-113.73,130,50.217
30.367,-113.98,104,42.559
29.874,-111.71,98,38.845
27.484,-113.06,99,37.836
25.443,-110.64,115,39.118
29.812,-108.54,100,38.39
28.355,-108.18,87,36.033
29.08,-108.54,93,36.728
29.537,-109.42,105,35.024
31.374,-109.77,90,38.225
33.761,-109.93,112,42.31
33.945,-106.49,114,43.551
32.971,-104.1,89,34.925
26.752,-104.07,106,40.863
26.672,-102.89,107,46.752
27.702,-97.036,71,34.263
25.497,-92.111,98,36.405
25.547,-93.036,71,31.369
23.087,-91.605,79,31.352
24.948,-87.238,79,33.428
18.872,-90.589,100,36.637
17.681,-90.008,121,42.534
17.474,-91.242,108,39.035
17.677,-90.483,87,33.329
14.548,-89.566,108,40.111
10.252,-90.814,123,40.838
12.121,-93.604,146,40.739
16.755,-89.071,155,45.403
20.974,-85.206,155,45.246
14.294,-88.143,140,46.28
6.9021,-89.548,103,35.413
7.4469,-91.724,128,41.475
13.209,-93.21,94,37.001
14.6,-92.605,66,27.151
14.265,-89.286,74,37.067
15.23,-90.801,92,40.648
12.045,-85.996,92,35.479
11.05,-88.702,104,42.145
9.2086,-91.389,93,38.746
5.066,-88.364,97,41.574
7.6152,-88.428,99,34.255
9.4634,-90.764,85,30.658
12.667,-93.359,106,38.407
13.34,-92.696,102,39.904
15.475,-93.888,103,39.515
15.105,-92.064,116,40.276
15.139,-91.868,115,41.475
17.034,-95.295,124,40.954
19.403,-94.848,119,41.012
17.98,-95.126,114,39.052
19.769,-95.261,112,35.38
25.467,-94.96,102,34.834
22.582,-98.468,115,38.291
23.487,-104.94,136,42.401
26.379,-111.23,149,46.156
28.453,-114.26,139,45.817
30.125,-114.44,158,50.134
24.4,-110.84,155,46.437
22.954,-108.74,141,48.422
27.877,-107,147,41.202
25.192,-110.02,183,46.247
20.723,-113.88,195,51.002
21.338,-119.22,186,53.864
19.621,-127.49,203,57.536
23.541,-132.49,207,55.113
28.699,-133.89,179,48.306
29.793,-137.6,207,54.782
34.56,-143,198,52.367
35.133,-146.04,152,43.609
35.091,-149.4,143,42.327
35.352,-147.18,130,40.342
38.314,-151.44,128,38.845
35.509,-150.39,132,42.583
40.105,-154.13,123,37.067
38.188,-151.72,156,48.058
36.056,-157.3,138,41.31
37.463,-159.49,109,37.282
38.317,-158.38,107,36.149
36.234,-158.81,112,35.363
36.637,-160.03,109,35.107
36.724,-160.97,110,35.595
35.776,-162.94,101,37.092
33.988,-161.62,91,34.371
32.696,-162.09,99,33.031
31.786,-165.02,103,36.811
33.663,-164.18,85,32.874
33.774,-164.94,113,39.813
32.77,-163.77,110,40.011
34.966,-162.3,112,44.684
32.62,-163.57,122,44.196
33.564,-164.25,144,46.082
32.061,-163.25,126,43.923
33.461,-165.58,105,37.836
34.402,-163.39,120,40.532
33.405,-164.54,111,37.067
33.63,-166.27,103,37.563
33.676,-166.5,106,37.993
32.269,-165.52,118,37.092
32.548,-164.69,118,37.836
31.874,-165.64,114,39.333
29.68,-166.94,105,40.855
30.954,-165.42,104,39.027
31.605,-162.79,147,43.741
30.833,-166.71,153,45.486
28.723,-164.99,159,46.371
29.023,-166.89,162,43.46
32.084,-163.6,191,51.821
31.794,-164.68,177,46.586
32.214,-162.81,159,45.627
35.235,-167.32,178,49.249
32.375,-167.14,195,54.327
32.983,-162.28,171,46.644
36.192,-159.67,151,42.335
40.067,-159.11,152,43.716
37.663,-159.07,187,58.52
39.354,-159.93,166,53.583
39.329,-161,129,41.591
37.945,-159.56,124,40.739
38.176,-159.75,133,44.775
37.017,-154.33,145,42.418
39.022,-149.26,170,47.405
42.767,-148.74,165,46.991
43.378,-151.7,150,48.133
43.868,-152.57,138,47.173
47.235,-151.66,117,39.813
51.148,-151.4,106,36.612
55.617,-152.39,104,35.223
59.591,-150.65,106,34.578
61.915,-149.16,101,33.61
57.41,-148.62,95,33.635
53.661,-150.22,88,33.726
54.589,-152.59,92,37.282
56.041,-150.53,95,36.794
54.27,-150.33,110,37.927
55.729,-150.78,90,31.948
57.052,-150.36,85,32.601
56.483,-153.6,95,34.95
55.961,-154.01,124,40.077
57.39,-153.64,116,37.009
55.315,-156.51,126,38.969
57.63,-153.11,148,44.221
55.362,-155.66,163,46.255
59.881,-157.72,151,45.048
59.878,-161.76,150,42.724
60.339,-160.36,148,41.359
63.259,-162.54,145,41.384
60.324,-163.6,193,48.951
58.882,-159.58,211,56.949
60.121,-162.8,207,50.209
58.524,-160.29,235,53.351
57.772,-163.52,217,52.342
61.059,-161.15,228,55.444
55.149,-161.23,233,57.809
56.886,-165.15,216,51.945
55.975,-164.96,206,50.961
55.616,-163.46,217,51.904
54.825,-166.17,211,50.374
56.108,-164.23,230,56.775
53.935,-170.13,205,48.976
55.386,-168.96,201,53.02
54.922,-171.97,191,48.331
52.475,-174.26,197,49.249
50.218,-174.9,181,47.388
50.412,-172.12,187,51.209
45.046,-171.46,195,52.756
49.153,-169.82,172,46.743
46.329,-173.44,181,49.729
46.95,-176.84,169,47.016
43.102,-179.13,147,44.618
40.587,-181.67,140,42.426
41.527,-181.75,127,39.515
40.815,-182.94,135,40.557
39.284,-183.46,123,38.018
40.13,-182.96,123,37.282
41.562,-184.25,129,41.773
40.593,-185.72,123,39.813
42.882,-182.05,111,37.183
43.727,-185.38,124,39.879
43.008,-185.88,127,41.219
43.195,-186.42,123,38.68
38.05,-185.04,144,42.145
42.511,-185.86,131,42.79
44.891,-179.98,161,48.232
41.181,-183.43,171,57.139
44.479,-183.09,167,48.984
41.498,-180.43,191,51.143
44.725,-186.22,205,54.583
45.175,-190.34,195,49.646
44.464,-193.64,202,51.267
42.665,-198.02,196,47.843
41.911,-202.37,194,50.2
41.815,-204.95,188,54.815
39.429,-210.14,175,50.953
42.429,-208.5,197,57.801
43.146,-208.72,190,53.327
44.058,-213.59,176,47.934
43.674,-216.42,161,44.386
46.38,-219.08,163,45.048
46.639,-221.09,129,39.763
47.708,-222.33,103,34.47
44.113,-221.7,108,35.843
48.242,-223.9,106,35.537
46.541,-225.11,90,36.166
48.416,-227.6,79,33.056
48.167,-227.99,83,34.172
49.16,-227.4,87,33.726
50.24,-226.57,89,34.999
49.377,-222.56,112,40.177
44.351,-222.11,111,36.587
45.066,-223.33,124,39.623
48.4,-219.93,142,45.147
45.118,-222.46,142,42.98
48.301,-225.24,143,42.145
46.375,-223.86,170,50.2
44.822,-226.92,163,46.553
42.763,-230.02,131,38.87
43.665,-229.98,116,37.53
44.356,-229.28,134,40.946
42.645,-230.21,122,37.166
44.358,-230.47,132,39.722
42.871,-230.68,121,40.094
41.326,-231.62,121,36.422
41.416,-231.72,140,42.906
41.974,-228.21,137,43.278
40.86,-232.42,161,44.312
42.188,-231.73,156,48.141
43.058,-230.86,186,52.896
42.548,-233,206,58.255
42.577,-230.42,200,62.928
39.56,-235.35,185,50.87
36.764,-237.14,168,45.428
33.447,-238.6,164,44.775
30.468,-238.51,148,43.526
25.79,-239.09,143,41.103
21.226,-238.27,117,36.331
16.502,-237.89,112,38.589
12.349,-236.46,113,37.183
10.252,-235.51,100,38.126
8.5883,-231.31,98,33.61
7.8173,-227.34,99,34.768
7.2708,-223.58,104,35.959
6.7424,-223.8,108,44.287
5.9302,-222.54,112,42.509
5.0698,-219.51,110,37.075
8.1654,-222.24,116,37.191
5.9604,-222.32,103,34.735
6.4016,-226.95,100,35.843
7.5661,-226.05,124,42.98
5.9525,-227.02,107,34.718
6.9897,-224.48,126,40.813
6.4595,-226.47,101,33.701
9.6088,-229.24,112,37.274
8.5339,-226.33,124,38.87
8.4382,-229.45,134,42.79
11.228,-231.88,129,43.824
15.379,-235.99,133,42.724
14.044,-238.05,125,41.103
11.797,-236.85,132,46.082
7.6362,-234.83,143,48.786
11.463,-236.28,137,40.896
17.744,-239.09,140,44.866
13.459,-242.11,130,42.418
14.721,-243.43,130,42.236
15.379,-245.52,110,42.534
14.263,-247.77,90,32.783
13.005,-249.21,65,29.971
13.957,-250.25,51,32.221
13.855,-249.77,58,26.2
12.755,-250.02,104,35.595
13.921,-250.02,112,35.57
13.734,-252.17,108,35.678
13.929,-251.02,123,39.813
11.901,-254.06,108,36.695
12.648,-251.14,131,41.938
12.221,-253.31,125,42.542
11.667,-255.25,117,37.646
12.477,-252.94,118,42.815
12.644,-256.2,112,38.126
9.5845,-254.23,124,43.923
9.5307,-258.54,108,36.422
7.1461,-259.25,117,43.361
6.1706,-263.91,112,39.06
3.5174,-266.44,100,37.853
0.96824,-268.61,96,34.76
-1.7226,-270.45,100,37.679
-4.4622,-270.67,94,39.259
-4.9248,-270.93,90,37.109
-3.8026,-270.41,91,37.092
-4.1126,-268.09,100,39.995
-3.4656,-273.73,92,33.362
-4.5155,-271.13,101,38.498
-7.3184,-273.17,95,36.819
-4.6111,-272.99,94,38.688
-7.215,-272.99,97,41.136
-6.5026,-276.39,100,37.183
-7.8332,-275.75,98,36.703
-8.0607,-275.27,93,38.225
-9.6915,-273.02,99,46.752
-9.4318,-278.67,89,35.794
-7.0792,-275.7,94,41.699
-8.9987,-276.48,102,41.136
-10.056,-279.43,83,36.083
-11.203,-277.3,85,37.183
-10.647,-280.1,90,35.504
-9.1359,-278.45,93,50.763
-8.6504,-274.13,92,45.238
-10.558,-277.8,90,38.316
-10.2,-278.87,88,46.735
-10.962,-277.37,88,46.644
-8.2834,-278.98,104,39.623
-8.3952,-276.38,81,44.874
-5.5433,-276.01,54,36.927
-7.916,-278.51,97,52.194
-3.0526,-276.01,88,58.173
-1.1194,-278.09,101,54.452
-2.8684,-276.58,76,40.284
1.8707,-278.18,101,77.004
-0.58201,-279.6,68,53.137
2.4177,-280.6,118,60.786
4.5746,-284.53,114,53.972
5.4635,-288.7,109,62.201
6.82,-290.66,106,62.317
5.9337,-293.19,91,64.856
1.6651,-294.56,62,50.473
4.7574,-296.1,75,102.2
5.5564,-294.32,78,54.915
5.2522,-295.97,73,68.742
3.6746,-298.11,197,51.242
3.0224,-298.89,200,53.376
5.4381,-298.76,216,56.792
4.6617,-302.38,196,56.494
7.1723,-304.45,199,58.942
9.1093,-309.06,193,54.699
11.678,-311.58,181,48.356
15.689,-312.24,173,49.34
17.001,-313.99,163,49.274
18.673,-315.05,164,47.876
16.365,-319.64,143,44.295
16.021,-318.5,153,47.984
17.72,-316.63,153,46.007
15.472,-322.34,160,49.257
13.203,-319.72,169,48.041
15.884,-320.58,182,55.824
15.858,-323.31,171,51.606
13.468,-323.7,166,48.422
12.79,-322.75,167,50.01
14.76,-324.83,176,47.016
13.677,-325.01,173,49.572
11.244,-326.95,151,42.881
9.0007,-325.52,183,50.622
11.856,-326.42,205,54.989
13.475,-329.14,198,53.682
11.809,-328.31,201,54.79
12.838,-331.01,181,50.473
12.87,-329.95,211,56.585
11.773,-329.55,198,66.021
16.449,-330.2,183,64.169
12.658,-334.13,176,66.22
13.377,-334.8,167,50.796
14.282,-337.92,165,50.953
16.219,-342.74,136,42.534
17.278,-346.2,137,49.059
18.62,-350.36,135,42.153
20.003,-353.86,103,53.955
22.42,-359.25,189,50.291
23.996,-361.32,119,50.754
23.996,-361.32,119,50.754
