0,-0,454,81.66
0.46661,-1.0826,465,88.442
0.81264,-1.1584,463,86.631
0.68191,-0.93398,474,94.322
-0.33075,-1.3327,474,87.201
0.013953,-2.0143,478,88.972
-0.83156,-2.2556,472,87.764
-1.4988,-2.4282,486,87.781
-1.4437,-2.4665,487,87.59
-1.0091,-2.1422,486,84.662
-2.2999,-2.0311,478,86.11
-2.1918,-3.1165,443,85.82
-1.7803,-2.622,438,84.323
-1.0835,-3.5198,452,90.195
-1.3422,-3.1641,489,106.74
-1.4635,-3.5548,485,91.907
-2.0208,-4.5192,500,89.955
-0.99293,-4.2701,528,96.861
-0.5149,-4.1409,549,100.72
-0.31847,-5.0799,537,91.618
-1.3589,-5.0893,536,90.816
-2.4614,-5.0627,547,94.546
-1.8104,-5.7554,536,98.185
-1.0433,-5.6517,571,96.324
-0.28511,-5.1067,574,99.375
1.2994,-5.7244,534,88.822
1.0917,-5.8331,564,93.313
1.9743,-5.9756,553,90.402
1.8461,-6.0406,561,94.024
1.1001,-6.7007,559,100.08
0.5538,-7.0319,592,96.125
0.76515,-6.2559,562,90.948
-0.25116,-6.7715,565,93.95
-0.56309,-6.156,555,93.578
-0.31224,-6.1948,539,92.098
-0.30303,-6.8583,554,91.502
-0.75806,-6.5931,570,91.047
-0.87985,-6.4818,589,91.419
-1.3848,-7.6035,630,93.635
-1.5623,-8.3915,654,108.94
-0.78383,-8.7868,648,112.59
-0.78821,-7.288,629,102.19
-1.7964,-7.7505,590,102.04
-1.7101,-7.4409,631,99.864
-1.2046,-7.5412,585,93.007
-0.70468,-8.032,622,100.78
0.48583,-6.957,626,102.9
1.212,-8.4733,630,102.35
-0.81935,-9.2295,587,99.697
-1.2956,-8.0248,574,99.003
-1.4384,-6.9109,579,103.01
-0.79926,-6.4462,567,95.356
-0.35466,-6.2744,623,94.859
-1.115,-6.9647,695,112.24
-1.468,-7.7827,697,108.02
-2.6402,-9.6227,720,109.81
-2.9838,-9.3003,713,116.67
-3.0683,-8.7151,731,116.73
-1.7235,-6.9533,708,120.89
-0.56436,-6.132,672,107.65
-0.73836,-5.2972,733,113.56
-0.81145,-8.1886,776,120.5
-1.1199,-6.5666,717,112.27
1.0956,-6.2308,670,110.56
0.20915,-6.5898,743,115.81
0.29,-8.5809,744,122.44
-1.2136,-10.125,835,116.87
-1.8754,-10.429,820,124.47
-2.863,-11.683,834,127.49
-2.4691,-10.802,902,124.49
-3.3834,-8.1095,795,122.1
-3.2762,-9.8688,775,125.37
-2.6803,-7.895,770,111.01
-3.1883,-6.3487,686,106.45
-3.562,-7.37,690,119.19
-4.4489,-8.3337,727,109.8
-2.54,-7.5314,790,115.25
-3.4397,-9.5358,839,130.26
-3.8286,-12.176,885,146.45
-2.839,-12.031,964,144.2
-4.4367,-12.209,965,140.9
-3.788,-11.985,985,138.77
-2.9873,-11.112,941,139.4
-1.4492,-10.71,939,139.58
-1.6654,-12.792,1014,154.58
-0.6311,-16.601,1043,176.13
-0.24001,-18.954,1126,177.52
-1.218,-21.484,1105,166.77
-2.9375,-20.166,1098,177.76
-1.9947,-17.451,1107,168.13
1.6568,-13.245,1093,180.53
1.6131,-12.102,1064,177.15
-0.36046,-12.802,1254,173.29
-1.0991,-18.007,1436,164.91
0.64448,-23.906,1331,190.71
-0.029606,-29.315,1310,181.81
-2.8668,-28.071,1276,229.1
-2.3369,-26.365,1375,199.96
-4.4443,-18.488,1275,217.86
-4.7049,-12.763,1225,184.66
-4.2879,-14.224,1254,169.47
0.10959,-18.428,1371,181.95
4.3663,-22.935,1370,184.57
3.0839,-21.779,1399,201.91
1.9865,-23.025,1401,196.35
-0.49037,-23.456,1341,222.34
-1.0505,-26.12,1280,198.83
-3.417,-21.882,1285,186.08
-5.5336,-18.072,1198,203.69
-6.5559,-15.318,1207,169.4
-1.0298,-16.199,1225,170.08
2.7486,-20.658,1265,173.17
5.78,-27.197,1249,171.44
7.1741,-30.381,1197,242.73
6.7386,-36.708,1280,268.95
2.0429,-40.819,1404,248.69
0.65552,-45.118,1417,224.7
1.1152,-44.573,1459,280.82
2.3649,-43.74,1377,355.25
0.4809,-50.169,2181,326.3
-1.145,-58.428,2246,322.12
-3.2649,-65.503,2212,328.88
-2.0477,-71.926,2272,336.6
-1.1561,-75.14,2250,374.97
-2.1406,-73.947,2188,383.75
-3.7282,-70.022,2058,382.7
-5.7723,-57.901,2134,429.03
-6.3961,-49.267,2172,367.08
-4.6304,-44.176,2139,335.73
-2.215,-38.739,2242,314.31
-2.4474,-38.839,2258,277.63
-0.35025,-41.838,2298,299.1
2.8503,-44.809,2325,264.42
1.533,-52.2,2218,279.54
2.7187,-59.8,2207,261.05
1.8015,-65.982,2178,256.34
-0.35271,-69.253,2087,250.77
-1.2342,-71.334,2091,283.58
-1.5442,-80.304,2147,303.99
1.3603,-88.487,2246,305.55
2.8702,-95.146,2130,281.46
2.0127,-99.936,2146,283.5
0.57475,-109.42,2145,264.33
-1.8131,-113.85,2139,255.5
-1.6951,-118.27,2148,297.17
-1.8683,-120.27,2300,336.88
-1.4124,-123.1,2310,337.95
0.35646,-130.74,2305,331.76
1.5181,-138.29,2225,300.15
2.3235,-144.49,2252,284.73
-1.4279,-141.93,2139,268.44
-6.0063,-135.68,2166,252.96
-9.2912,-131.75,2057,256.78
-12.354,-132.82,1989,222.65
-12.687,-137.58,1917,209.77
-12.105,-146.16,1977,211.66
-9.0703,-155.6,2204,233.21
-7.0375,-165.81,2137,221.03
-9.6786,-171.18,2185,215.62
-11.694,-176.53,2141,225.6
-13.022,-181.52,2093,233.23
-11.861,-188.12,2285,250.03
-8.1871,-191.01,2254,258.84
-6.0998,-197.18,2258,273.23
-6.0677,-202.61,2278,233.55
-5.0697,-210.39,1817,216.16
-5.3929,-212.29,1460,194.61
-6.0401,-205.94,1490,207.1
-8.7666,-194.59,1698,248.98
-10.878,-180.62,1767,254.56
-11.281,-168.94,1698,308.44
-8.785,-158.23,1730,267.76
-5.3895,-154.86,1685,238.38
-1.6145,-154.57,1651,219.43
3.2386,-157.38,1639,193.4
8.8284,-163.49,1601,184.72
10.604,-170.75,1550,175.4
13.548,-175.69,1490,173.57
15.272,-181.53,1544,190.22
14.022,-190.8,1636,211.51
10.683,-202.39,1677,220.37
5.9827,-214.79,1741,229.13
4.7521,-226.09,1709,207.24
4.2038,-233.36,1575,204.69
4.9318,-240.44,1574,188.12
7.5091,-245.29,1562,184.29
9.4746,-252.55,1553,171.94
8.8967,-258.41,1537,170.88
7.4144,-263.01,1448,155.07
1.6338,-262.79,1350,176.5
-1.9315,-266.47,1339,169.06
-1.8406,-270.89,1338,167.46
-1.5001,-270.48,1392,185.07
-1.608,-264.49,1493,214.18
-6.4238,-256.44,1493,228.11
-9.8792,-247.13,1564,239.81
-13.561,-237.35,1649,258.98
-14.455,-222.85,1694,257.11
-15.187,-209.1,1698,246.95
-17.955,-196.14,1675,234.25
-21.04,-186.67,1628,203.96
-13.53,-179.92,1674,201.52
-10.383,-166.37,1652,191.96
-12.062,-157.33,1609,191.91
-11.483,-150.08,1560,178.94
-9.9597,-148.44,1530,194.01
-11.499,-141.52,1414,180.94
-14.205,-134.93,1509,181.43
-14.888,-126.32,1367,169.3
-15.742,-120.38,1412,169
-17.926,-121.19,1468,192.55
-13.988,-125.7,1512,213.02
-11.76,-129.81,1580,257.44
-4.8617,-141.2,1678,298.47
2.9397,-150.21,1753,309.17
9.5399,-160.74,1830,295.5
14.102,-170.52,1853,291.15
16.807,-177.45,1847,266.62
17.093,-186.84,1821,252.36
16.13,-198.58,1809,270.6
14.833,-210.48,1774,268.44
14.291,-221.23,1729,229
13.536,-228.87,1681,200.5
11.638,-237.7,1631,205.69
12.695,-247.35,1551,195.85
13.433,-253.75,1471,187.55
12.863,-261.15,1410,162.81
13.531,-269.3,1404,170.41
15.632,-276.01,1371,185.3
16.635,-273.61,1392,176.3
14.494,-273.82,1449,183.09
14.281,-273.59,1563,201.33
11.788,-272.76,1562,196.47
18.779,-276.1,1578,183.63
20.671,-273.41,1609,174.42
22.771,-273.64,1488,170.73
29.513,-274.74,1513,187.09
35.436,-273.4,1498,177.47
38.09,-270.66,1462,191.16
42.31,-272.41,1383,170.53
48.259,-270.17,1212,163.08
52.276,-269.99,979,149.67
52.373,-269.22,976,137.96
53.954,-269.59,982,150.7
54.138,-269.63,1011,148.56
54.95,-269.9,1026,140.2
54.395,-269.72,919,130.68
54.095,-267.25,1219,158.7
54.728,-262.93,1504,177.11
58.543,-256.72,1505,175.95
58,-256.52,1689,197.14
51.622,-259.35,1885,235.68
42.808,-267.9,1855,223.63
34.309,-276.96,1924,231.52
27.109,-285.11,1904,221.18
19.98,-290.64,1902,221.07
14.878,-294.1,1837,216.42
10.38,-298.5,1726,196.02
10.207,-302.76,1677,205.31
11.759,-307.22,1668,170.24
15.524,-309.98,1758,209.02
15.729,-311.11,1679,234.71
13.901,-309.36,1666,208.39
7.2592,-307.9,1598,194.22
0.97403,-307.91,1578,199.95
-6.4075,-305.98,1578,203.01
-12.178,-307.7,1477,178.11
-13.188,-310.4,1562,194.72
-13.447,-316.11,1649,227.05
-11.124,-320.34,1714,227.8
-6.3844,-328.58,1663,185.62
-5.3159,-326.92,1691,213.94
-1.9969,-318.52,1681,245.97
-1.002,-308.47,1751,267.23
-2.4952,-298.48,1720,267.91
-5.3214,-290.18,1730,268.42
-6.0752,-283.09,1723,285.85
-4.0189,-281.03,1768,246.71
3.2046,-279.43,1826,225.24
12.617,-278.4,1843,211.92
21.953,-280.35,1925,207.15
26.741,-284.86,1842,188.45
30.968,-286.71,1829,206.38
31.133,-294.99,1831,198.06
33.789,-301.33,1857,198.03
37.761,-303.32,1775,211.69
39.046,-310.85,1798,204.68
42.463,-315.13,1712,206.09
44.435,-321.08,1701,198.97
47.286,-325.84,1706,203.49
50.638,-330.36,1668,198.6
53.189,-336.16,1663,206.33
54.235,-341.52,1660,206.5
56.658,-345.82,1630,212.1
58.195,-351.35,1658,180.13
59.225,-356.36,1611,174.54
61.11,-361.12,1551,167.32
61.576,-366.21,1539,159.19
60.785,-369.35,1540,172.28
58.576,-371.49,1515,166.53
59.287,-373.99,1527,188.16
60.71,-379.66,1514,183.63
61.804,-382.08,1418,196.76
61.65,-385.51,1447,183.19
57.242,-387.06,1465,190.65
57.323,-386.98,1465,199.35
59.289,-389.25,1445,215.04
60.352,-392.54,1443,212.93
56.404,-392.08,1495,213.5
55.215,-391.99,1513,218.02
57.296,-394.85,1440,213.19
58.481,-397.97,1330,213.09
58.64,-399.41,1348,199.55
58.399,-398.72,1359,207.03
56.364,-396.17,1535,206.84
59.225,-392.09,1495,205.18
59.152,-389.5,1475,207.52
61.369,-393.32,1279,193.4
62,-398.84,1206,167.51
61.687,-403.1,1079,155.06
60.498,-405.93,948,158.28
63.152,-410.44,771,131
62.093,-411.94,720,120.73
64.422,-416.27,514,103.16
66.564,-420.3,320,82.826
65.53,-423.95,1557,196
63.221,-424.79,1566,236.51
64.032,-426.17,1534,254.53
68.587,-432.75,1479,278.35
69.818,-439.79,1499,256.99
70.782,-447.01,1387,223.23
71.48,-454.02,1386,222.41
73.435,-459.88,1317,208.85
74.446,-464.83,1287,217.55
74.735,-469.04,1184,219.52
75.16,-470.74,1163,204.99
78.592,-472.08,1118,177.35
79.048,-473.62,1103,167.69
78.641,-473.61,1060,163.77
78.444,-473.97,1074,170.61
77.545,-473.79,1127,165.9
75.237,-473.27,1151,189.2
72.763,-476.75,1139,166.03
76.582,-478.47,1146,233.24
79.025,-482.69,1159,200.09
75.371,-482.96,1153,211.84
73.094,-479.2,1156,225.53
75.004,-472.91,1265,198.73
79.218,-472.33,1244,189.98
80.885,-475.99,1174,177
79.298,-483.09,1245,174.77
77.698,-486.81,1249,184.21
78.8,-489.94,1314,220.88
80.67,-495.84,1323,224.7
80.613,-502.35,1280,239.47
79.067,-504.26,1285,298.85
76.518,-506.55,1318,312.8
76.756,-508.49,1225,354.83
76.833,-511.44,1174,398.33
79.068,-519.33,1005,447.89
79.495,-528.48,904,386.32
80.28,-539.83,905,412.57
80.596,-548.85,903,327.54
78.522,-550.35,1012,340.84
77.206,-553.59,948,389.9
74.154,-527.49,413,162.67
77.717,-571.53,1950,315.96
78.171,-582.45,1935,297.02
78.224,-591.65,1951,312.53
77.214,-597.65,1882,304.01
74.656,-600.07,1823,273.05
73.639,-601.24,1842,300.29
70.757,-596.99,1846,283.71
68.695,-593.36,1787,232.86
65.377,-588.41,1719,239.68
63.136,-583.77,1706,237.36
62.446,-578.55,1653,237.83
61.665,-574.57,1745,227.62
64.22,-566.11,1764,235.4
65.761,-559,1751,209.34
69.19,-552.51,1821,230.18
67.378,-546.56,1790,212.36
72.067,-545.12,1862,208.44
71.684,-553.44,1868,227.32
72.327,-565.01,1859,222.14
72.929,-575.39,1863,214.18
74.174,-582.72,1893,257.98
77.013,-593.89,1882,225.89
78.004,-599.63,1867,221.5
76.482,-609.77,1763,227.19
73.488,-617.36,1716,225.52
71.533,-623.83,1706,214.22
70.574,-630.17,1685,210.93
71.526,-636.44,1714,197.13
68.69,-641.62,1613,184.11
67.818,-644.91,1558,182.47
64.918,-647.91,1638,204.28
63.157,-650.42,1636,204.36
65.552,-652.8,1666,215.21
66.836,-656.75,1643,208.94
66.337,-662.82,1664,213.65
68.099,-668.74,1657,203
71.001,-673.35,1630,196.65
75.088,-679.88,1602,189.56
74.622,-686.28,1507,198.38
76.913,-692.24,1572,191.63
80.621,-700.31,1501,212.36
80.041,-708.03,1427,213.43
80.681,-714.75,1392,194.86
82.474,-720.35,1356,185.73
85.008,-726.93,1270,220.3
84.092,-733.82,1214,207.57
82.215,-740.24,1190,223.54
82.919,-743.73,1155,217.87
83.856,-749.67,980,244.64
84.2,-755.82,924,240.03
85.619,-760.31,798,214.52
88.301,-761.89,615,188.58
90.169,-764.93,625,232.04
89.703,-765.2,581,227.46
90.559,-764.68,532,141.1
93.679,-764.87,494,183.92
93.636,-764.03,484,140.22
94.631,-763.71,425,136.39
94.764,-765.4,430,120.57
93.957,-764.45,520,158.69
94.663,-761.42,543,150.76
94.905,-764.03,520,144.87
96.266,-767.08,521,145.99
97.455,-768.51,427,128.57
98.762,-768.37,379,119.17
97.962,-768.45,410,118.53
99.1,-767.52,350,122.94
98.366,-769.71,327,96.944
99.555,-769.94,326,98.739
98.474,-770.17,318,108.02
95.871,-769.55,342,147.41
95.871,-769.55,342,147.41
