0,-0,67,27.25
0.63478,0.093397,66,28.011
0.31986,-1.8103,65,32.502
0.12061,-1.2448,62,34.115
-1.2236,-1.7267,64,33.627
-1.9543,-1.7671,68,33.544
-1.3181,-2.1642,71,30.451
0.59132,-2.0852,76,30.732
1.3978,-2.4442,75,33.155
-0.94552,-4.4892,80,32.775
-0.21497,-5.2197,72,29.136
2.0481,-5.3332,71,29.136
4.0295,-7.0892,80,31.17
4.928,-7.223,68,34.297
4.8276,-6.1488,65,27.912
5.7957,-5.6201,68,30.98
5.1326,-7.0938,71,29.872
5.1199,-8.0873,65,27.614
4.9552,-7.6567,67,31.096
5.5682,-9.6859,69,30.724
5.756,-9.0884,66,28.954
7.7077,-9.8785,63,28.491
11.621,-7.8142,60,33.999
11.997,-5.8963,56,34.28
9.7664,-5.136,71,30.732
8.5504,-4.7858,74,29.665
8.6461,-4.7058,72,33.536
9.1791,-5.2836,67,28.954
10.088,-6.3281,61,29.599
10.63,-6.5766,97,34.189
10.493,-8.4457,103,34.652
10.171,-7.3057,106,36.058
8.9845,-6.7342,100,34.098
9.0323,-4.226,97,35.686
8.7677,-4.8479,98,37.464
8.169,-4.5513,93,34.578
7.9571,-4.5431,95,34.098
8.1613,-3.0846,88,34.371
7.3854,-4.6923,89,33.8
7.8104,-5.1054,85,33.428
8.155,-3.0026,99,36.058
7.7945,-3.1342,100,35.57
7.6759,-4.8895,91,35.967
9.1045,-6.675,92,34.834
10.859,-5.625,102,36.422
12.074,-5.1951,97,37.39
11.743,-5.228,94,39.739
11.72,-5.3276,104,40.921
10.596,-5.5116,118,42.426
9.0069,-6.5788,123,42.699
9.9419,-8.1398,123,41.078
9.324,-8.8308,123,45.114
9.1408,-8.7915,110,38.895
9.4203,-9.7519,114,40.739
9.7062,-8.8506,118,42.236
8.9737,-7.6796,130,46.305
8.4432,-7.8577,124,46.09
8.8806,-7.306,134,50.862
9.4116,-5.6681,127,44.659
8.5062,-4.9505,117,36.91
8.8245,-5.7642,100,37.952
9.4008,-5.6271,108,38.382
10.609,-4.6871,109,40.375
11.708,-7.346,121,43.675
11.293,-8.9078,117,38.498
9.7549,-9.9121,123,41.177
8.2124,-8.8548,139,44.775
6.9019,-8.1262,158,50.291
6.6045,-8.2861,164,55.105
8.0525,-8.1295,173,56.659
9.9668,-7.1522,167,56.866
10.221,-5.4566,171,52.061
8.8318,-3.9109,154,45.635
6.1759,-5.1713,140,44.477
5.914,-7.7424,147,53.839
7.3545,-9.6181,152,57.883
9.7993,-10.502,154,51.862
10.796,-10.045,185,60.968
9.7771,-10.873,168,53.293
9.2051,-13.265,149,54.691
8.4973,-14.364,140,49.274
7.5207,-14.742,173,53.947
6.523,-14.969,184,59.562
5.6217,-15.36,174,62.332
6.42,-15.795,168,61.034
6.8078,-15.708,182,58.346
7.3004,-14.685,194,63.135
6.9424,-13.53,216,68.444
6.9302,-13.384,218,75.243
7.6844,-13.982,219,61.34
9.7346,-13.438,219,65.194
10.235,-11.909,223,64.342
8.9318,-11.831,249,70.735
8.915,-12.971,248,66.906
9.9097,-13.255,231,68.329
11.192,-13.8,228,68.171
10.19,-15.036,234,71.108
8.9108,-17.449,253,75.416
8.3349,-19.938,243,76.343
7.9603,-22.043,215,66.302
7.3507,-23.134,199,63.788
7.4732,-21.548,198,58.611
8.4538,-21.379,209,62.845
8.5978,-21.324,225,67.634
8.0784,-21.669,230,60.869
7.5871,-22.355,230,60.513
6.9109,-22.874,217,58.71
6.0562,-22.993,228,63.606
5.9644,-23.15,207,56.733
6.5924,-24.362,207,59.587
7.1946,-23.777,222,65.947
6.3346,-21.742,239,72.108
6.4221,-20.126,233,71.099
7.3415,-19.569,232,64.921
7.7062,-19.632,231,70.338
6.7144,-18.056,241,74.622
5.4843,-17.591,258,80.394
5.4378,-15.694,249,79.104
6.2183,-15.213,246,82.33
7.269,-16.818,237,75.102
8.3801,-18.578,254,69.569
9.2442,-19.653,272,71.827
10.721,-20.615,282,71.587
11.81,-22.43,282,73.679
11.794,-25.022,261,68.626
10.368,-27.201,247,62.647
8.6674,-27.868,270,72.852
6.9518,-27.729,262,77.922
5.7349,-26.751,276,90.013
5.2976,-24.985,290,97.133
4.1487,-22.885,294,107.5
4.7393,-20.918,293,110.57
5.187,-17.095,303,103.94
5.1009,-14.351,278,87.697
4.3924,-12.246,257,71.719
3.9392,-11.616,248,63.904
3.3523,-13.334,230,56.287
4.1092,-13.693,210,58.644
5.0996,-13.696,207,57.346
6.6595,-12.849,200,55.89
7.796,-11.627,188,56.602
7.1477,-10.413,185,51.962
7.2574,-12.329,242,64.541
7.2606,-12.325,237,60.613
7.3776,-12.441,260,60.877
7.5688,-12.521,280,66.253
7.3553,-12.522,307,66.087
6.9733,-12.61,305,69.313
5.6872,-11.887,278,67.923
4.8477,-10.296,257,65.186
5.0354,-8.1723,246,61.133
6.8286,-8.0047,232,56.659
7.4378,-10.075,225,57.304
6.4349,-12.482,230,58.388
5.7318,-14.146,220,57.503
4.9847,-15.459,217,54.509
5.1807,-17.253,236,62.266
4.9411,-17.766,251,69.949
3.9144,-16.609,263,70.264
2.7254,-15.648,248,68.742
2.7915,-16.758,278,79.444
4.7577,-17.531,297,78.443
6.2126,-18.188,296,89.914
6.4596,-21.182,276,92.8
6.1974,-24.502,269,83.711
6.3807,-26.843,286,85.059
7.3199,-28.395,260,83.447
5.6024,-28.809,245,67.551
3.1281,-28.81,254,72.803
2.5624,-30.996,273,77.732
4.6636,-33.698,279,83.455
7.0925,-36.308,251,78.724
8.2682,-37.239,226,59.661
9.0628,-37.893,192,54.41
8.1152,-38.067,186,61.15
9.3055,-41.278,194,56.312
10.678,-41.042,197,61.993
8.186,-39.13,233,75.457
5.3625,-36.429,279,96.149
5.7547,-33.652,283,94.189
7.7221,-28.841,306,80.998
6.8553,-23.591,293,72.968
5.3097,-20.56,268,74.399
4.7454,-17.593,259,76.028
5.5735,-14.811,258,76.979
5.73,-11.61,251,68.353
4.8451,-11.352,239,66.981
6.1888,-11.712,261,68.659
7.2029,-11.83,254,66.881
6.958,-11.586,280,74.763
7.101,-10.778,290,70.081
6.9823,-10.814,311,72.249
6.5908,-10.894,329,69.205
6.2295,-10.515,368,77.558
7.0992,-10.521,376,85.324
7.3292,-11.175,356,79.303
8.1688,-13.106,342,87.119
9.7164,-15.34,353,83.81
10.656,-18.523,332,81.743
8.9134,-21.075,314,80.436
6.4389,-19.63,311,82.214
5.2442,-16.515,322,80.899
4.4646,-14.743,311,78.41
4.9849,-13.825,301,79.212
6.1564,-11.787,289,71.446
7.2484,-10.386,271,65.004
8.1475,-10.286,279,62.82
7.9581,-11.262,287,84.646
8.1926,-13.52,329,91.468
10.227,-15.11,294,79.874
10.606,-16.438,281,75.945
8.1258,-17.673,281,84.381
4.6206,-17.742,310,86.92
0.94066,-17.69,293,81.759
0.15135,-18.848,256,74.349
1.7988,-18.534,265,80.957
0.0097806,-16.123,264,72.265
-1.7874,-16.593,259,72.017
-2.0499,-18.203,285,78.41
0.025209,-19.756,328,92.527
2.7209,-19.692,292,81.106
3.0942,-18.178,292,72.786
1.4602,-17.137,298,77.748
1.4854,-18.083,294,86.002
2.7488,-19.298,298,78.104
3.8971,-18.285,299,79.592
3.3714,-16.744,281,68.461
1.2381,-16.306,247,66.087
0.75427,-16.46,237,62.473
2.1295,-17.293,280,69.735
4.5464,-13.644,267,62.672
6.5539,-10.124,247,58.966
9.1045,-7.9154,213,54.277
11.622,-6.4006,203,60.05
12.125,-6.426,191,58.991
10.789,-7.6044,184,50.481
10.326,-8.3317,203,54.492
10.021,-8.567,216,57.602
10.282,-8.4797,225,61.613
11.004,-8.1719,259,74.432
11.566,-8.6571,284,75.598
12.136,-10.045,286,69.924
11.715,-12.789,280,73.836
9.6429,-14.717,286,72.943
6.9442,-16.478,287,76.433
5.0974,-17.104,283,65.938
2.8233,-16.375,313,69.668
0.34641,-16.171,310,69.395
-0.017825,-18.599,278,68.006
2.699,-20.14,291,63.482
5.8396,-17.535,302,70.636
7.6951,-15.013,298,67.708
9.3709,-13.465,289,65.757
11.557,-13.587,305,75.019
12.406,-13.012,295,75.97
10.472,-12.321,318,85.241
7.001,-12.615,348,87.408
2.661,-13.503,354,83.19
1.5529,-15.43,339,88.872
2.5921,-18.581,324,89.707
3.829,-21.221,334,91.907
6.4533,-25.623,344,86.647
8.9415,-29.653,313,89.988
10.439,-31.776,314,88.648
11.689,-34.24,303,94.603
10.395,-37.947,299,96.075
10.589,-42.757,322,92.568
13.051,-45.164,318,87.648
14.616,-45.036,358,88.499
14.226,-46.841,328,92.345
15.662,-50.607,341,90.162
18.031,-50.922,301,93.14
16.713,-50.241,324,96.059
13.373,-52.639,324,116.62
14.274,-55.596,324,112.8
15.114,-59.093,323,93.338
15.644,-61.982,291,85.142
14.703,-63.259,274,86.44
11.98,-66.856,266,79.774
9.7491,-69.569,242,69.801
8.7453,-72.258,245,70.917
7.6184,-73.414,216,55.915
7.3504,-76.038,183,55.319
5.0994,-78.124,197,62.374
4.0935,-80.796,182,52.714
4.2756,-83.48,187,59.306
3.986,-85.112,211,61.96
3.8857,-86.305,256,76.689
5.0832,-86.522,282,83.447
5.63,-87.854,274,96.356
7.5139,-89.53,254,78.997
8.1116,-89.923,282,82.421
6.477,-87.445,349,111.33
6.731,-92.646,332,106.06
8.2142,-96.542,328,98.969
9.1045,-97.489,299,94.016
8.9945,-102.01,300,86.415
9.0231,-106.21,295,95.273
10.142,-108.97,266,94.785
10.418,-112.27,274,88.789
9.9758,-113.76,272,78.203
8.4274,-115.02,257,76.698
7.0821,-116.87,223,73.994
6.3153,-118.04,204,71.926
4.5536,-117.28,216,78.22
2.0378,-118.86,210,72.414
1.7933,-119.4,196,70.313
-1.1629,-119.22,187,69.205
-1.8305,-118.38,200,77.095
-2.523,-119.66,204,83.835
-2.624,-118.92,221,89.326
-3.2732,-117.54,233,98.299
-3.7496,-115.85,233,90.012
-4.9844,-113.44,225,79.336
-5.8056,-112.92,189,63.209
-5.0523,-112.72,185,64.16
-2.4784,-112.68,187,66.211
-4.8317,-115.04,188,54.989
-5.8491,-119.19,194,66.154
-3.5824,-122.41,198,71.645
-0.46829,-125.04,213,75.574
1.7364,-124.88,269,93.362
3.8232,-126.35,256,97.44
7.2764,-127.32,256,96.48
6.5037,-128.01,258,98.54
5.729,-131.26,261,94.379
6.7788,-134.33,261,90.013
8.0199,-136.61,260,85.043
8.4785,-137.99,254,89.855
7.2866,-138.59,280,96.976
5.8904,-141.74,285,90.253
6.3965,-143.25,226,74.606
5.6651,-142.55,198,70.421
3.692,-139.95,257,74.465
1.4535,-140.83,298,88.226
3.1854,-142.96,309,89.765
7.26,-144.43,270,77.186
8.5233,-143.6,265,79.882
10.59,-144.25,241,69.478
11.109,-142.06,233,81.453
8.3472,-145.22,239,85.332
8.6065,-150.5,253,76.061
9.5086,-153.94,240,68.535
8.4493,-157.67,203,58.454
7.3303,-159.7,186,57.71
7.4542,-159.29,183,60.951
7.1904,-157.08,163,48.612
5.4714,-154.77,139,47.959
1.6674,-156.17,135,44.221
1.2784,-158.02,161,47.785
1.0934,-158.3,181,62.581
0.95344,-158.08,192,65.186
1.2952,-157.85,173,58.776
-0.37779,-157.02,141,44.477
-0.39552,-157.15,132,45.238
-0.41791,-153.72,134,44.642
-0.56976,-151.52,132,48.902
2.1417,-151.83,161,62.936
4.8673,-153.64,156,59.471
6.0551,-157.52,162,60.976
8.6823,-160.71,180,64.615
11.715,-161.32,159,52.549
13.752,-161.57,136,50.87
14.506,-163.66,142,51.862
14.734,-166.11,162,52.714
16.024,-167.23,173,54.608
17.078,-168.1,192,78.228
15.859,-168.35,208,94.909
13.02,-169.36,213,83.256
12.908,-171.4,229,100.32
11.9,-174.47,210,83.818
13.039,-177.64,215,76.863
13.242,-176.67,211,85.778
12.609,-176.81,216,87.937
14.939,-177.06,229,97.58
14.528,-176.92,234,96.555
12.782,-178.16,245,87.408
13.561,-179.68,239,92.196
13.206,-178.58,257,89.914
13.375,-179.95,266,101.75
15.134,-182.48,238,94.677
16.258,-184.1,228,95.463
16.838,-185,263,98.821
16.674,-185.33,260,108.12
15.781,-186.16,284,108.79
15.328,-188.74,269,106.48
15.462,-190.56,257,95.703
13.955,-192.87,254,75.987
13.124,-194.96,208,73.514
13.879,-197.91,191,71.405
14.09,-197.99,210,62.382
12.897,-198.95,207,63.077
13.797,-200.93,208,73.1
15.781,-200.87,195,55.642
16.512,-199.96,167,56.171
14.819,-199.67,161,51.945
12.263,-199.57,183,59.008
11.602,-200.15,195,75.755
11.409,-200.52,210,72.472
11.732,-200.11,196,64.59
12.326,-200.12,203,61.687
12.46,-199.99,222,71.099
12.806,-200.06,241,67.824
12.823,-199.79,231,75.374
12.254,-198.13,234,76.053
13.145,-194.71,220,66.873
14.837,-192.06,224,60.141
17.832,-191.14,198,56.105
18.942,-192.51,216,65.359
17.851,-195.32,229,76.516
16.925,-199.63,228,75.275
14.988,-202.61,250,76.243
13.266,-204.91,217,67.469
11.957,-204.81,224,71.926
12.962,-202.99,225,57.718
13.883,-201.81,190,61.315
13.72,-200.22,182,55.915
12.113,-199.86,244,77.393
8.2799,-201.87,228,69.792
6.585,-203.82,231,76.632
9.415,-205.34,248,79.907
12.716,-205.89,252,78.368
16.553,-206.18,254,85.886
17.384,-205.56,247,82.214
15.654,-205.32,275,87.855
12.112,-206.27,264,88.781
9.7373,-206.95,256,99.218
12.034,-208.07,282,112.63
13.819,-208.03,263,94.694
13.457,-207.45,241,97.432
15.104,-207.65,211,76.822
18.593,-209.51,211,67.708
20.555,-210.59,224,74.713
20.042,-212.14,242,84.373
19.546,-215.8,231,79.32
18.478,-218.67,230,74.539
16.109,-221.69,214,63.359
14.218,-221.93,203,68.477
15.282,-219.43,242,74.871
15.142,-215.52,215,73.622
12.429,-211.05,222,73.357
9.5468,-207.62,208,67.171
9.1891,-203.91,201,62.837
8.9701,-199.04,186,64.243
8.8416,-196.95,175,59.116
9.1396,-195.49,171,54.517
8.6366,-194.92,171,58.065
9.7796,-194.22,157,55.964
11.59,-194.12,171,50.357
11.786,-194.87,185,54.691
11.643,-195.17,193,53.773
11.563,-195.15,205,55.634
11.4,-195.34,213,59.86
11.314,-195.34,186,69.057
11.638,-194.47,165,58.636
12.78,-194.5,154,49.894
15.104,-195.06,160,47.587
17.324,-195.51,191,53.657
19.164,-196.24,186,54.997
20.501,-196.18,159,48.124
19.809,-195.67,149,44.494
17.207,-197.38,147,43.716
14.773,-199,142,42.509
12.536,-201.71,146,47.314
10.92,-204.54,119,39.449
10.23,-207.77,127,43.071
9.8085,-211.58,125,45.329
10.089,-213.49,129,44.477
11.22,-216.3,113,44.61
12.177,-216.39,124,44.039
11.789,-213.49,152,52.342
12.385,-208.54,157,52.185
13.586,-203.84,166,54.137
13.292,-200.17,171,53.285
10.512,-198.94,201,62.862
8.4148,-197.25,232,77.972
8.7636,-199.64,220,73.522
11.949,-202.31,232,74.738
14.022,-202.7,254,94.438
15.624,-204.85,252,96.257
16.055,-209.19,241,88.4
17.353,-214.17,237,90.22
18.304,-218.25,225,69.42
18.178,-220.33,219,70.454
17.614,-220.79,206,72.281
16.778,-222.14,208,73.911
16.398,-225.72,201,70.545
16.248,-228.77,188,63.581
17.49,-230.87,179,59.38
17.761,-231.9,192,80.106
15.184,-233.36,177,57.949
14.183,-234.84,152,49.522
14.332,-234.63,154,52.268
13.814,-235.42,131,42.798
13.679,-235.92,134,46.462
13.842,-236.29,118,41.864
13.964,-236.6,121,44.221
16.383,-234.38,115,41.392
16.777,-233.11,119,40.574
15.636,-231.1,126,42.128
11.428,-230.48,130,45.346
11.064,-234.18,123,44.238
14.396,-236.51,137,52.64
15.198,-236.1,118,39.283
13.998,-232.99,141,53.31
10.185,-231.83,174,63.814
9.2621,-231.94,165,68.006
9.7525,-230.16,179,64.078
8.1336,-225.66,206,78.021
7.5924,-221.94,207,69.42
8.3249,-219.47,186,67.535
10.89,-216.45,210,72.96
15.142,-214.91,215,73.919
18.7,-212.53,205,71.115
21.013,-209.13,230,73.812
20.86,-206.86,217,69.255
19.873,-204.87,216,66.104
19.416,-203.73,215,73.15
17.921,-205.48,234,79.907
15.1,-206.95,214,72.778
13.779,-207.09,203,71.215
13.274,-205.57,207,56.841
13.504,-205.32,213,57.9
13.661,-205.21,223,61.737
13.882,-205.13,243,64.152
14.828,-205.87,253,69.313
16.666,-207.39,235,65.467
17.961,-209.68,223,59.934
17.161,-212.02,213,58.115
14.997,-212.71,204,56.097
13.856,-210.35,197,53.293
15.293,-206.77,217,59.86
15.862,-204.61,206,63.606
15.409,-202.81,207,69.503
13.219,-202.51,218,82.347
10.804,-202.22,213,80.213
9.3581,-202.33,205,66.319
9.893,-202.25,227,66.319
9.9816,-202.97,236,61.803
10.05,-202.91,240,60.968
9.8169,-203.4,233,65.401
9.9634,-203.94,241,68.353
10,-205.57,230,72.522
9.6279,-207.07,235,68.99
10.184,-210.17,238,69.685
11.265,-213.24,218,63.399
11.662,-216.86,201,62.589
13.124,-220.36,201,57.139
15.891,-223.66,215,55.071
18.919,-225.01,210,60.422
20.593,-224.89,209,69.503
21.524,-224.05,210,77.666
22.709,-223.77,200,80.469
21.669,-224.49,218,96.555
20.444,-226.71,227,108.17
21.092,-231.39,236,96.836
21.735,-236.47,238,81.354
21.864,-241.51,220,80.535
21.896,-244.28,221,87.88
22.228,-246.97,235,90.865
23.655,-250.7,216,72.224
25.279,-252.73,212,78.129
27.628,-254.18,212,88.252
28.814,-256.13,217,69.114
29.415,-258.58,206,67.311
28.94,-261.38,213,78.898
29.219,-263.12,200,77.649
29.089,-264.06,195,79.444
27.841,-264.69,201,87.772
26.341,-265.42,186,85.283
24.834,-265.54,174,78.038
20.875,-268.27,196,84.059
19.645,-267.63,185,88.459
18.396,-265.62,185,84.688
16.428,-268.49,210,90.129
17.459,-270.97,206,90.965
21.004,-268.39,228,92.76
17.793,-266.56,196,102.42
14.856,-266.61,201,72.398
13.604,-268.46,172,68.974
14.94,-269.51,158,61.721
16.611,-270.11,160,62.606
18.802,-269.63,152,60.05
19.937,-267.31,167,61.539
18.128,-266.11,170,48.703
17.432,-268.92,159,50.564
19.854,-269.85,168,54.699
21.9,-268.12,176,58.388
22.859,-266.66,163,62.209
23.272,-270.27,173,76.285
24.926,-273.99,174,63.325
25.984,-276,166,58.801
24.459,-275.3,175,59.777
20.187,-274.73,194,77.575
16.372,-273.15,187,86.482
12.526,-269.46,185,89.964
9.563,-267.98,181,102.34
9.1505,-265.47,174,91.907
9.9984,-264.69,198,88.235
11.717,-264.04,186,87.26
12.297,-260.04,218,91.296
11.782,-256.89,183,88.996
12.672,-254.15,185,72.125
14.971,-250.71,187,91.635
18.232,-248.59,173,74.374
18.845,-248.79,181,90.783
24.668,-250.15,188,91.726
29.042,-250.92,193,75.698
29.167,-251.57,207,89.484
26.86,-254.4,192,91.874
23.975,-257.21,209,87.201
21.368,-258.15,171,73.497
17.604,-258.19,160,75.846
16.442,-256.86,151,68.378
18.482,-253.28,151,61.795
21.498,-252.01,165,71.017
24.379,-250.41,164,65.418
25.591,-247.97,154,63.127
22.913,-246.38,178,76.376
20.27,-245.37,187,92.254
18.207,-244.92,205,88.823
17.386,-245.46,192,93.131
17.458,-244.93,181,78.518
17.417,-245.54,157,56.775
18.184,-245.48,163,55.088
19.785,-244.41,147,47.355
19.311,-241.18,150,50.316
17.82,-238.95,151,53.79
16.145,-237.9,171,61.481
17.175,-236.8,155,56.304
14.735,-237.88,157,67.932
15.093,-237.99,173,57.139
14.737,-237.97,174,55.832
14.796,-237.98,175,56.08
13.765,-237.89,165,60.414
13.984,-237.72,141,56.122
13.966,-237.5,137,46.073
13.129,-238.24,124,44.585
14.444,-240.24,115,45.982
14.915,-243.27,116,43.642
15.175,-245.62,99,37.1
13.21,-247.22,95,34.462
12.188,-247.02,96,34.644
10.649,-246.51,90,34.76
9.2823,-247.12,90,33.221
10.104,-245.59,112,36.769
14.029,-244.54,132,44.295
16.813,-240.74,134,47.215
19.771,-239,135,49.456
20.492,-240.14,142,52.847
18.97,-241.68,163,60.729
16.454,-242.95,189,73.208
14.523,-243.36,203,88.442
15.519,-245.02,227,98.358
17.357,-245.07,222,101.57
16.876,-243.97,206,79.659
13.835,-242.98,189,69.619
15.015,-250.89,212,110.61
17.314,-257.37,239,115.99
18.476,-262.9,234,103.61
18.018,-266.55,196,83.091
17.835,-270.38,167,83.943
20.057,-276.02,190,63.11
20.047,-277.83,174,57.536
18.544,-276.25,148,55.088
14.447,-274.94,149,56.75
13.65,-274.88,154,69.057
10.533,-271.37,161,61.837
7.9654,-267.68,187,57.9
5.2321,-266.31,188,68.262
4.4029,-263.26,191,102.89
4.9339,-259.51,211,101.87
8.1099,-255.23,186,76.723
11.109,-256.1,201,112.72
17.771,-257.05,168,75.235
18.665,-261.26,182,67.444
20.151,-264.28,215,79.353
23.464,-265.31,220,82.239
26.481,-263.37,223,96.489
28.864,-261.99,216,96.241
31.222,-261.6,212,88.368
29.857,-260.36,226,79.08
26.475,-258.25,197,60.993
25.901,-258.5,197,61.985
25.996,-258.43,194,60.919
25.673,-258.3,204,59.595
24.029,-257.65,212,65.12
21.119,-256.87,200,63.052
17.991,-256.62,185,60.249
14.341,-256.78,173,62.027
10.421,-256.05,180,61.266
10.151,-252.72,172,59.488
12.588,-250.02,184,54.054
13.11,-246.01,189,56.477
13.145,-242.19,196,54.029
13.001,-238.67,194,64.756
11.787,-235.94,211,61.944
10.482,-233.92,183,60.902
11.404,-232.62,190,68.941
13.333,-231.36,223,73.514
11.205,-227.67,208,67.444
8.3974,-225.62,198,71.554
6.8014,-225.86,165,55.915
7.094,-226.45,191,70.926
7.0889,-225.54,193,61.456
7.8741,-225.03,217,63.127
9.9705,-224.81,209,64.433
13.815,-225.03,221,65.798
16.937,-225.14,203,57.693
18.981,-225.85,187,52.855
19.802,-227.03,185,53.839
20.095,-230.13,205,64.839
23.128,-232.77,213,64.657
25.95,-232.58,220,66.327
26.966,-231.22,231,78.459
24.145,-229.76,220,98.028
19.494,-230.87,231,92.445
15.645,-234.07,224,87.822
13.353,-237.3,221,75.598
12.286,-241.07,215,65.203
13.366,-244.72,226,83.018
14.118,-248.65,219,82.545
13.925,-251.52,229,119.05
16.896,-253.51,230,130.82
19.538,-256.3,240,123.37
22.759,-257.14,214,111.84
21.809,-258.3,230,119.77
21.402,-261.38,239,97.043
23.58,-266.24,223,80.478
25.153,-269.9,207,89.021
23.493,-274.05,180,88.649
25.645,-275.03,159,90.617
24.553,-279.33,196,69.619
26.12,-279.7,195,79.205
29.047,-276.86,210,71.993
31.012,-275.78,195,78.865
34.432,-275.6,177,76.169
36.844,-276.35,161,71.414
36.922,-277.14,159,57.991
34.179,-278.5,162,62.978
35.718,-280.68,150,54.253
37.717,-280.91,155,60.621
39.397,-281.9,164,59.182
40.594,-283.98,145,57.164
41.303,-285.22,161,61.357
40.956,-286.21,162,72.621
38.63,-287.25,139,75.061
37.39,-288.55,133,57.247
36.193,-292.05,135,49.282
36.69,-292.55,123,53.591
36.134,-292.77,136,55.005
35.478,-293.77,134,56.974
35.538,-293.91,150,65.319
34.281,-293.1,136,78.22
32.416,-293.34,135,70.33
31.81,-295.37,136,80.668
32.235,-295.49,253,101.17
30.567,-298.35,266,91.427
32.348,-301.26,255,86.085
34.644,-300.48,291,97.994
35.104,-299.34,275,95.298
35.537,-298.17,268,91.791
32.813,-296.57,292,104.69
31.666,-299.17,267,98.258
33.647,-300.27,271,90.46
35.347,-300.89,256,82.603
36.48,-299.32,250,86.804
34.655,-296.74,247,94.098
31.163,-297.6,222,69.395
31.269,-300.59,219,72.745
33.068,-299.99,246,87.516
32.004,-296.56,218,64.499
29.562,-295.55,214,63.16
26.729,-296.17,221,70.346
25.037,-297.08,238,71.372
25.802,-297.72,268,79.981
27.163,-295.93,258,83.339
26.948,-294,243,76.078
24.014,-293.88,243,73.125
23.45,-295.75,220,64.144
25.634,-297.65,204,56.676
27.85,-298.67,173,50.217
28.879,-298.77,155,43.071
28.784,-297.24,128,40.392
27.15,-296.63,132,39.986
24.87,-298.2,149,47.082
22.373,-299.24,149,48.348
20.899,-301.62,141,43.526
21.124,-301.59,154,53.963
22.478,-303.04,166,48.885
24.319,-302.64,177,63.763
22.757,-301.61,161,52.268
20.234,-300.86,162,56.386
19.07,-302.61,174,46.875
20.73,-302.64,171,64.458
20.415,-301.49,177,65.649
18.032,-301.26,192,63.797
19.265,-303.18,174,58.346
22.614,-303.56,161,50.291
23.429,-304.79,182,58.644
26.223,-304.74,202,64.408
26.839,-302.61,200,66.881
24.265,-299.55,205,67.46
21.864,-298.82,208,71.389
21.208,-300.51,213,64.731
21.976,-303.53,195,58.338
23.661,-306.83,176,51.854
26.341,-307.83,186,53.657
28.568,-306.28,179,56.56
30.072,-302.76,182,53.475
28.368,-299.72,190,55.94
24.588,-299.49,213,54.6
22.104,-300.65,212,64.665
21.757,-303.2,213,65.475
24.508,-304.97,238,66.906
27.973,-302.66,236,65.483
28.675,-299.47,235,70.247
28.232,-299.48,243,88.946
27.009,-302.62,241,81.503
27.752,-306.51,224,77.947
31.187,-308.95,231,84.199
31.796,-307.37,224,92.271
29.528,-306.77,229,87.011
28.407,-306.36,228,88.69
27.104,-304.41,235,85.489
25.904,-301.95,239,74.374
24.357,-298.62,246,77.467
22.573,-297.02,241,71.761
20.482,-294.08,244,74.258
18.731,-292.77,217,67.162
16.988,-292.99,224,63.482
16.223,-295.47,237,61.696
16.885,-298.29,242,67.245
17.716,-300.83,224,66.873
17.478,-303.93,225,68.188
17.122,-306.56,223,64.524
16.656,-307.46,225,69.668
16.266,-308.23,235,77.607
17.396,-310.25,237,73.663
18.698,-311.29,236,71.579
19.346,-309.76,257,75.672
18.76,-309.79,235,72.025
18.567,-310.42,238,74.763
18.132,-310.39,250,74.581
18.055,-310.58,262,73.605
17.824,-310.28,264,71.653
17.218,-310.85,273,70.165
17.317,-311.34,249,72.116
16.726,-311.87,230,66.865
15.289,-312.15,222,59.008
14.372,-311.02,224,62.134
13.96,-307.81,242,68.122
15.367,-304.37,232,67.278
18.237,-302.53,256,69.313
21.688,-303.73,276,67.361
22.723,-307.51,275,72.331
23.69,-310.27,246,64.408
24.321,-311.99,226,66.509
25.232,-312.8,219,71.736
25.7,-312.9,242,79.527
27.675,-312.02,261,97.341
30.024,-311.27,247,88.144
32.489,-309.82,239,84.273
34.181,-306.55,248,84.381
31.911,-302.66,238,79.129
27.959,-301.6,241,86.457
25.497,-301.63,242,78.939
24.742,-302.1,251,77.442
27.183,-302.88,229,66.509
28.812,-300.48,253,68.966
26.613,-298.04,244,67.816
24.091,-298.96,230,59.09
22.677,-300.73,229,56.378
23.014,-303.63,233,60.612
26.168,-304.27,237,61.936
27.827,-302.97,231,61.059
26.292,-304.12,213,57.792
25.928,-304.31,238,61.15
25.61,-304.28,251,68.668
25.719,-304.4,262,68.262
25.444,-304.47,274,73.274
25.185,-303.98,298,68.585
25.347,-303.41,297,72.133
26.676,-303.28,271,64.466
27.252,-304.05,237,63.234
26.079,-305.27,235,61.059
22.653,-305.8,246,65.078
20.646,-303.58,251,67.609
22.553,-300.99,245,63.507
25.519,-301.42,246,66.492
27.548,-303.63,237,61.927
27.993,-306.64,242,63.044
26.56,-308.19,235,61.547
25.113,-309.64,225,63.697
23.095,-310.77,206,63.325
20.813,-310.88,206,55.361
22.014,-309.82,220,57.139
22.414,-309.75,223,60.042
22.594,-309.42,241,58.255
22.752,-309.08,264,61.175
23.918,-307.96,289,68.866
25.331,-305.92,292,68.478
27.147,-304.13,285,69.991
28.91,-303.9,277,70.429
29.576,-305.53,282,70.487
29.308,-308.85,295,77.087
29.982,-312.97,293,83.058
32.827,-315.1,270,78.245
35.035,-316.75,273,82.123
36.687,-318.73,247,80.659
37.841,-320.12,235,73.249
37.721,-319.53,258,81.66
36.744,-316.64,283,91.973
35.386,-311.62,291,95.869
34.783,-307.28,299,93.876
36.201,-306.01,249,79.907
37.575,-308.72,236,71.636
38.522,-312.24,223,75.482
39.971,-314.88,203,67.824
42.048,-316.95,194,59.959
43.847,-319.76,190,52.458
46.049,-320.76,200,56.56
48.167,-322.12,177,55.179
49.142,-322.95,161,49.828
49.993,-323.58,161,53.872
50.938,-321.62,168,51.523
49.81,-319.91,173,58.619
47.474,-319.34,222,63.78
43.989,-319.14,252,87.366
45.196,-321.16,252,89.567
46.858,-318.09,247,84.662
43.391,-315.73,241,85.067
36.658,-315.75,242,79.452
31.382,-317.06,252,69.114
30.561,-319.56,243,68.858
32.929,-319,233,66.095
32.561,-316.41,217,69.313
31.517,-315.02,206,54.327
29.238,-315.32,217,58.826
29.482,-317.28,225,63.896
32.51,-318.26,237,71.091
35.722,-318.51,277,86.184
39.709,-320.37,278,90.013
44.162,-322.69,262,72.869
42.785,-323.68,257,71.736
40.249,-322.19,242,73.266
39.766,-321.84,254,76.45
38.984,-321.97,275,83.116
37.13,-321.57,273,80.469
34.335,-320.1,256,75.317
32.658,-319.39,244,84.282
31.986,-317.75,254,83.794
31.024,-314.93,261,80.891
30.536,-312.18,269,78.038
31.791,-311.14,258,69.644
32.908,-312.38,260,70.454
32.776,-315.82,274,76.028
31.278,-318.88,254,71.852
31.154,-321.3,242,66.211
33.369,-321.96,246,73.315
35.854,-320.84,263,78.6
39.873,-321.63,276,81.329
42.156,-324.76,273,85.332
42.558,-327.2,280,84.696
43.685,-327.62,310,114.51
44.085,-324.47,307,106.79
42.707,-321.16,302,91.998
39.818,-321.52,335,107.71
39.6,-323.3,341,103.68
40.751,-323.56,337,115.87
40.485,-322.56,302,87.334
38.352,-324.96,319,93.784
40.122,-326.98,290,78.228
42.646,-325.82,268,63.987
42.495,-323.34,256,70.594
39.4,-323.27,264,65.732
38.903,-325.42,263,63.325
40.298,-325.09,274,72.34
40.757,-322.91,262,67.154
37.866,-321.91,252,67.427
36.117,-323.58,239,63.061
37.841,-325.21,228,59.471
40.618,-323.37,230,63.689
39.978,-319.51,237,67.518
35.793,-317.9,254,66.608
31.003,-319.62,277,71.38
30.249,-322.51,276,74.448
33.189,-324.85,259,64.615
36.083,-324.05,230,61.63
36.587,-322.09,228,66.178
32.997,-320.95,241,66.592
30.109,-322.61,228,65.856
30.995,-322.73,219,60.951
32.096,-323.39,244,62.473
32.199,-323.28,265,65.955
32.345,-323.1,279,65.93
32.465,-323.27,294,73.903
32.325,-324.73,295,77.848
31.632,-326.42,273,71.835
29.626,-326.79,253,71.471
28.096,-324.98,229,62.366
28.913,-322.39,214,64.896
32.26,-321.74,231,59.727
35.905,-321.01,231,62.167
39.396,-319.67,237,64.772
41.577,-320.46,239,69.412
43.203,-324.38,254,75.673
46.171,-325.82,257,69.412
48.367,-327.34,248,70.926
48.112,-328.75,257,72.902
46.004,-331.21,279,73.621
44.305,-332.75,274,79.725
45.036,-331.71,278,90.592
45.694,-328.31,275,89.467
42.993,-324.48,287,95.356
37.962,-321.14,288,85.729
33.448,-320.26,303,74.275
30.114,-323.1,300,75.499
31.186,-325.92,283,80.767
33.253,-324.37,283,79.146
34.272,-321.48,286,72.513
34.331,-318.36,260,70.057
31.536,-316.39,248,68.907
28.069,-316.4,255,72.207
25.876,-316.27,236,59.752
25.075,-314.6,238,64.797
25.849,-316.23,266,82.727
26.488,-317.15,266,69.023
26.595,-316.65,261,75.987
25.933,-316.71,280,79.121
25.222,-316.97,307,98.094
23.988,-317.27,319,97.548
21.642,-317.18,320,87.747
18.817,-318.06,310,88.706
15.324,-318.73,282,84.042
12.869,-320.09,289,81.875
13.463,-322.36,287,87.218
16.779,-322.44,298,100.08
21.388,-321.75,296,89.905
25.347,-322.29,260,91.18
28.441,-325,276,77.649
30.522,-326.68,242,82.239
32.796,-328.07,259,65.558
34.521,-326.13,274,76.226
33.449,-322.06,299,78.22
29.541,-321.99,316,69.809
27.586,-324.25,293,75.408
28.624,-325.93,287,73.812
30.775,-324.98,255,64.384
30.617,-322.87,240,64.913
28.292,-321.39,251,70.71
26.455,-323.59,271,70.446
29.928,-325.2,261,68.023
32.521,-322.55,276,72.042
31.608,-321.81,266,69.693
32.513,-320.95,289,73.605
32.935,-320.13,301,73.125
33.933,-319.99,321,79.237
35.222,-319.94,306,81.122
36.937,-321.15,311,89.707
37.949,-323.98,295,88.814
38.892,-327.57,282,80.833
40.244,-331.39,279,81.561
42.701,-333.92,275,86.093
44.809,-332.29,281,91.907
43.239,-329.37,305,104.41
39.489,-326.69,289,105.62
36.098,-325.28,303,116.78
33.87,-324.15,324,114.1
31.985,-321,309,76.681
30.739,-318.2,301,76.26
29.647,-318.95,326,94.785
29.541,-322.58,309,93.222
32.411,-325.32,287,84.579
36.697,-324.91,312,86.713
39.03,-321.77,308,91.345
39.496,-320.9,291,72.116
40.042,-320.7,258,76.078
40.157,-321.1,265,73.704
40.876,-324.12,254,68.742
44.528,-325.43,295,75.987
47.498,-323.08,292,86.002
48.645,-320.11,259,74.961
48.534,-318.76,240,74.854
48.008,-319.34,239,80.205
48.721,-322.1,297,87.491
48.634,-326,306,86.795
52.117,-329.63,321,103.58
56.777,-329.32,324,106.25
56.251,-326.71,314,92.023
55.023,-328.89,333,89.996
58.13,-330.02,313,99.483
60.701,-327.67,310,97.704
60.284,-324.35,279,70.991
59.362,-325.2,280,80.072
59.45,-326.59,295,94.578
59.822,-325.24,301,101.92
58.023,-323.91,282,90.501
56.116,-323.67,252,76.979
54.711,-322.11,216,67.452
53.446,-323.32,170,51.441
54.709,-325.25,172,47.843
57.779,-324.65,200,59.116
58.93,-322.57,195,54.302
58.166,-320.08,179,52.069
59.226,-318.06,181,58.644
59.427,-316.87,183,53.153
60.542,-316.59,151,43.716
61.722,-314.66,136,45.213
59.973,-315.5,145,42.608
61.076,-317.79,177,52.987
59.709,-315.8,187,57.486
56.483,-313.95,185,56.866
51.916,-314.41,196,61.82
49.121,-316.73,179,58.942
49.531,-320.51,218,73.903
53.019,-323.82,245,87.102
57.218,-325.07,264,93.404
59.093,-323.08,252,85.928
59.247,-321.24,239,77.26
61.955,-321.71,227,85.39
63.997,-321.32,251,90.873
62.986,-320.55,253,96.472
60.124,-320.86,258,92.204
54.906,-321.56,262,82.347
53.596,-324.54,279,101.26
57.17,-326.59,319,99.863
62.095,-324.93,313,94.049
65.635,-323.01,307,90.757
65.775,-320.94,310,99.235
62.737,-322.45,299,98.292
62.286,-325.62,308,106.8
63.283,-326.61,292,98.06
63.486,-324.17,286,82.14
60.699,-321.59,279,80.461
56.341,-321.95,271,76.954
55.219,-324.22,261,80.965
55.657,-325.45,268,78.501
54.32,-324.43,264,87.499
52.177,-324.09,277,81.76
51.919,-324.44,275,82.768
52.09,-323.99,276,69.833
51.404,-324.16,274,69.85
51.257,-323.78,262,79.584
51.557,-322.44,265,82.917
53.473,-322.44,263,80.601
55.042,-322.35,272,76.524
56.113,-323.17,249,75.11
56.682,-325.75,239,68.568
57.473,-329.04,244,81.148
60.886,-329.29,261,75.689
62.84,-326.82,250,85.729
61.565,-323.41,243,80.271
59.378,-320.89,227,68.146
56.784,-320.39,225,64.78
53.262,-321.48,241,71.562
50.87,-324.68,256,72.075
50.31,-329.3,248,70.818
49.429,-333.87,256,71.19
47.993,-337.55,251,66.393
48.865,-340.3,276,83
50.483,-339.51,251,74.473
50.05,-337.79,257,72.778
46.424,-336.34,257,72.132
43.062,-337.76,258,76.731
43.528,-340.87,236,71.512
45.348,-343.71,242,75.325
48.507,-344.96,256,78.104
49.962,-342.56,266,102.98
48.054,-340.71,278,92.692
46.029,-341.43,278,118.22
48.804,-343.32,296,114.47
51.858,-343.32,288,110.63
54.486,-341.55,299,111.53
56.569,-337.76,297,105.82
56.374,-334.65,289,102.12
56.732,-333.92,330,125.2
56.543,-331.97,308,113.82
55.247,-330.23,288,83.645
53.929,-327.85,279,92.527
55.21,-327.18,293,99.317
59.347,-326.3,301,100.62
61.464,-322.59,292,87.607
62.176,-320.37,267,77.103
62.522,-321.62,261,67.733
59.288,-323.1,295,77.732
56.305,-324.55,304,98.085
57.726,-327.03,325,111.55
62.167,-325.89,335,107.06
61.695,-321.33,327,85.994
57.701,-319.43,322,77.947
54.18,-320.67,319,96.514
52.731,-323.72,324,91.692
51.291,-328.09,337,100.76
48.515,-331.46,324,100.14
45.905,-333.88,311,89.343
43.666,-336.81,292,82.752
44.248,-337.26,265,85.705
43.921,-336.52,251,65.351
43.859,-335.7,249,71.355
43.466,-335.69,274,74.854
43.454,-335.54,283,82.975
43.104,-335.66,307,83.074
42.641,-335.7,330,90.476
43.145,-335.57,346,108.21
45.398,-335.41,354,116.44
48.734,-336.79,337,109.43
51.911,-337.94,315,99.102
53.57,-340.17,307,87.962
52.861,-342.65,321,97.324
53.442,-345.09,314,109.04
55.248,-344.98,285,95.744
54.175,-341.64,283,100.67
49.673,-338.17,301,84.497
46.334,-336.84,331,96.315
43.734,-338.2,354,103.33
44.195,-342.42,319,108.49
47.295,-345.62,321,108.88
50.804,-347.18,323,120.99
53.114,-346.61,309,115.62
52.879,-344.4,332,116.42
51.391,-342.5,335,128.23
50.527,-341.09,336,134.44
49.245,-338.95,341,107.37
48.227,-336.13,336,119.6
47.081,-333.31,334,101.66
44.642,-331.26,316,90.137
42.623,-333.47,322,90.89
42.516,-337.74,316,89.914
43.164,-340.63,319,95.339
44.958,-340.09,314,90.939
45.3,-336.37,292,87.152
43.312,-333.29,279,84.869
41.675,-330.98,282,98.449
40.934,-333.02,294,94.52
39.218,-333.12,317,116.53
38.204,-333.7,331,118.98
37.391,-333.71,349,133.32
36.708,-334.18,353,127.58
35.147,-333.29,349,139.01
33.778,-332.33,340,134.71
33.925,-332.93,323,141.16
34.703,-332.9,329,140.25
36.455,-332.51,317,137.6
38.062,-331.55,309,135.09
40.012,-330.01,304,133.28
38.808,-326.77,330,133.13
36.158,-322.99,356,140.47
33.327,-320.63,351,125.06
29.851,-321.03,331,118.13
28.919,-321.45,324,109.22
28.787,-322.47,312,99.3
30.104,-324.24,320,96.902
33.302,-326.3,319,98.25
36.695,-326.9,308,81.892
39.839,-324.79,301,82.239
39.496,-323.15,317,93.577
36.48,-324.53,322,94.231
36.846,-327.16,294,79.129
39.782,-329.17,326,82.892
43.34,-327.74,310,88.259
44.104,-325,315,89.203
42.833,-324.23,291,75.234
42.007,-325.64,307,85.812
43.218,-328.15,281,81.702
42.789,-328.49,307,90.055
42.864,-327.89,303,97.184
42.625,-328.01,315,95.116
42.134,-328.31,338,99.905
41.714,-329.52,348,104.85
40.965,-331.34,345,106.07
40.543,-334.15,333,92.461
40.229,-336.77,314,88.467
42.214,-338.75,291,73.2
44.994,-339.74,289,69.619
48.016,-341.74,281,73.274
49.559,-344.42,255,71.852
50.994,-347.07,254,74.862
52.363,-349.67,259,88.152
53.3,-351.14,235,80.949
53.159,-351.05,219,74.639
50.823,-350.58,245,90.236
48.962,-352.92,287,117.82
51.097,-355.6,281,117.83
54.047,-356.3,277,108.51
55.862,-355,281,112.03
56.114,-353.43,311,119.45
55.575,-352.48,293,137.9
55.632,-353.61,286,120.65
59.31,-354.2,302,123.32
61.656,-350.99,328,131.17
60.873,-347.95,316,133.51
56.565,-346.31,319,127.42
49.689,-344.37,306,127.23
45.532,-344.35,323,143.14
42.593,-346.16,309,139.87
41.938,-347.05,306,136.19
40.49,-346.26,298,126.62
38.996,-347.57,296,109.6
40.201,-349.68,312,102.67
42.62,-348.59,295,98.887
42.419,-344.74,315,105.21
38.981,-342.59,323,88.26
36.885,-344.62,314,87.962
40.08,-345.14,332,99.408
42.34,-341.58,301,80.296
40.346,-337.74,339,94.024
36.55,-339.58,330,98.292
36.753,-343.83,316,82.909
40.42,-346.06,307,85.365
44.118,-347.91,288,85.374
47.57,-350.21,286,86.929
49.784,-352.88,265,79.32
51.92,-355.37,250,74.019
50.584,-356.87,267,88.814
50.427,-359.5,273,90.121
52.791,-362.02,268,84.134
55.476,-363.05,242,71.463
56.679,-363.78,209,64.169
58.593,-364.3,211,68.643
59.06,-363.06,269,95.091
58.67,-365.25,288,97.679
58.069,-367.98,279,93.569
57.173,-369.53,290,103.87
58.33,-370.71,301,101.84
55.452,-369.38,299,104.09
54.125,-371.58,291,95.711
53.454,-368.99,275,97.134
48.519,-367.26,280,96.001
45.516,-368.78,253,76.45
44.521,-370.18,269,85.63
45.899,-370.71,287,92.618
45.839,-366.98,294,97.407
42.408,-365.97,290,80.825
41.683,-369.2,268,67.832
44.707,-370.08,284,69.478
46.99,-366.02,296,81.395
45.023,-363.09,294,85.911
43.187,-364.07,278,78.575
45.792,-367.33,294,92.586
50.811,-366.69,283,86.846
52.986,-364.63,269,85.233
51.729,-361.42,277,91.808
47.715,-359.32,303,103.22
46.562,-355.68,306,94.967
46.801,-350.9,316,109.01
45.796,-347.37,292,101.11
42.885,-345.57,287,89.74
41.214,-345.05,284,74.854
40.704,-345.36,272,73.266
40.995,-346.94,264,66.046
44.331,-348.13,274,67.617
46.675,-345.59,275,72.497
44.094,-342.04,274,68.105
41.735,-342.14,246,67.055
42.476,-343.98,253,65.484
42.745,-343.5,256,67.493
43.218,-343.44,256,68.767
42.788,-343.31,291,74.498
42.418,-342.98,309,83.497
42.843,-342.19,336,89.749
42.867,-339.94,320,94.339
41.334,-337,314,87.218
40.604,-334.61,314,86.969
42.301,-332.48,310,85.299
44.079,-330.94,310,92.353
43.77,-328.3,323,95.471
41.698,-326.75,305,92.742
40.344,-325.8,301,92.544
41.539,-323.58,315,93.081
43.908,-322.59,300,89.773
45.388,-324.39,314,92.486
45.652,-327.99,334,106.55
45.77,-331.65,323,100.43
45.614,-335.38,316,86.093
46.262,-338.34,317,93.586
48.195,-340.86,321,102.55
50.42,-343.39,342,110.52
51.974,-343.19,321,107.34
51.269,-341.92,317,107.43
49.984,-340.4,324,114.38
50.089,-339.16,332,116.01
49.299,-338.64,340,113.99
47.826,-338.29,334,109.86
46.951,-337.17,326,108.04
46.03,-335.42,321,102.24
44.606,-333.68,307,86.804
42.856,-332.54,286,73.679
41.093,-331.94,258,60.645
39.156,-331.05,271,67.435
37.579,-331.65,297,83.099
37.759,-336.13,295,89.178
38.413,-338.99,204,107.26
40.183,-343.22,165,108.22
40.328,-343.16,130,104.55
42.366,-344.52,172,102.6
42.746,-344.26,262,96.952
38.995,-338.05,328,109.04
36.678,-333.86,335,112.62
33.33,-331.59,333,107.85
30.898,-330.79,315,106.8
30.921,-330.12,316,84.108
33.517,-329.01,315,97.324
37.237,-328.15,339,113.72
39.87,-326.64,346,120.71
39.287,-323.7,351,123.81
38.852,-321.89,340,105.7
39.496,-321.16,350,116.08
43.549,-322.15,360,108.22
47.884,-321.72,377,101.05
49.909,-318.75,353,122.42
49.247,-317.28,330,92.081
46.135,-319.15,358,100.35
44.035,-322.53,362,112.33
43.041,-326.62,376,120.99
43.812,-330.13,363,120.66
45.426,-333.71,348,124.93
44.962,-337.43,331,112.13
43.211,-340.81,328,110.99
42.663,-344.37,326,109.89
43.963,-344.86,311,97.291
43.841,-342.74,323,86.283
41.35,-341.83,322,87.4
39.984,-345.31,348,94.826
43.146,-347.02,341,115.87
44.573,-344.46,331,129.84
42.281,-342.9,317,128.92
42.463,-345.21,329,124.13
45.236,-346.24,328,109.12
43.992,-344.02,310,93.123
43.586,-344.04,320,95.852
43.309,-345.07,328,111.8
43.737,-344.89,351,122.56
45.104,-344.43,344,130.16
46.943,-345.25,340,130.22
49.594,-346.77,331,123.39
50.957,-348.83,305,103.36
50.202,-352.72,337,137.31
52.126,-355.09,328,127.68
54.984,-353.63,306,117
54.264,-352.54,319,92.229
51.35,-351.36,310,87.317
49.577,-352.24,313,123.64
48.114,-352.16,312,104.16
47.937,-352.98,299,110.99
48.751,-352.88,269,80.924
49.97,-350.03,282,87.954
48.647,-346.02,295,87.664
46.261,-343.59,274,86.787
44.364,-344.9,258,80.089
43.879,-347.4,248,86.747
44.613,-348.55,248,69.619
46.347,-348.18,272,73.754
48.811,-349.14,276,84.605
50.146,-352.35,267,74.689
51.185,-355.2,261,76.533
51.097,-356.6,264,79.08
47.984,-355.69,273,89.153
45.488,-355.26,274,90.964
45.023,-353.85,307,120.12
42.722,-352.52,311,115.22
39.954,-351.36,299,106.33
38.207,-348.97,283,87.474
37.296,-345.39,266,80.569
39.115,-343.82,273,85.241
42.112,-344.71,279,80.949
42.722,-345.59,303,86.391
44.002,-345.73,322,91.717
45.074,-346.41,331,105.24
46.061,-346.57,346,109.15
47.759,-347.34,327,114.55
50.011,-348.92,320,118.43
52.141,-349.74,305,118.83
53.775,-351.88,319,138.31
53.852,-353,309,118.24
54.733,-352.8,291,100.61
54.654,-350.88,293,101.67
51.878,-349.78,305,116.19
49.131,-347.95,304,116.42
47.253,-344.61,302,102.08
45.739,-341.69,315,96.406
43.992,-341.94,285,81.139
43.329,-343.5,276,70.851
44.887,-345.7,294,74.788
47.292,-345.45,267,73.159
47.608,-343.7,268,75.482
45.052,-342.15,284,79.03
40.624,-342.27,302,94.074
37.245,-343.74,314,82.826
37.69,-345.51,287,105.59
41.82,-347.13,309,103.25
45.52,-349.16,303,96.977
46.754,-352.32,294,100.65
45.969,-354.75,296,103.7
47.194,-356.47,303,114.38
49.094,-358.29,295,133.67
51.664,-360.42,295,160.68
54.101,-361.25,284,141.27
57.129,-364.2,286,165.38
57.129,-364.2,286,165.38
