0,-0,447,124.99
2.1162,4.0083,458,133.38
-0.78021,-3.6826,118,79.254
-2.4862,1.3636,428,114.85
-0.14323,-0.43638,439,138.64
-1.941,-5.8937,375,135.09
-3.6795,-11.288,517,141.23
-2.1251,-16.85,524,108.86
-1.064,-22.008,478,107.86
-0.091145,-26.598,523,99.706
2.3876,-30.031,536,95.1
6.45,-32.012,476,109.88
9.5441,-29.882,435,110.62
12.2,-28.784,443,94.132
14.716,-27.995,419,83.174
16.812,-27.86,410,98.126
17.101,-28.966,458,99.532
15.924,-31.04,448,98.979
12.517,-34.002,501,122.61
15.448,-35.943,402,106.51
14.425,-33.633,549,104.06
12.942,-37.328,495,131.53
11.864,-39.067,590,124.03
9.2669,-37.179,642,111.78
6.3018,-39.786,562,114.87
5.3299,-41.07,672,113.81
7.646,-38.44,688,124.14
7.2574,-38.652,643,141.37
11.618,-38.452,687,111.39
11.153,-41.69,691,111.77
12.176,-41.645,756,116.55
11.82,-41.844,746,128.63
11.116,-41.894,778,117.88
13.569,-39.584,758,115.53
16.28,-36.62,665,117.35
17.305,-37.412,744,117.29
18.723,-39.023,688,126.49
17.657,-39.472,753,118.33
18.55,-40.396,763,119.45
17.483,-43.342,704,125.89
16.77,-47.248,772,110.46
17.814,-46.95,748,112.43
13.462,-47.598,808,129.02
14.886,-45.534,760,119.65
13.048,-41.574,751,117.03
9.4705,-39.114,737,119.83
8.2625,-40.63,713,121.8
12.432,-40.423,779,119.54
11.736,-40.335,806,129.39
12.322,-41.923,794,136.43
10.125,-43.033,848,133.01
6.4715,-41.909,807,148.9
7.4219,-39.485,871,127.72
10.169,-39.387,828,136.38
8.6078,-40.846,839,134.28
8.3035,-42.602,851,137.55
9.5195,-39.008,910,138.82
7.9491,-40.532,835,146.33
9.2438,-39.987,835,138.01
9.9117,-40.004,662,158.19
9.9285,-40.716,613,152.31
9.2099,-39.811,658,149.66
9.9545,-38.82,490,177.69
7.1572,-39.635,399,245.86
6.0531,-39.449,336,207.26
11.543,-41.023,770,224.45
13.292,-40.232,537,216.7
14.402,-39.748,739,192.67
13.34,-39.451,287,148.77
9.0161,-44.8,802,163.05
9.6762,-46.999,736,217.59
9.3758,-43.7,958,153.09
7.8312,-40.26,801,217.58
4.3982,-41.812,790,190
5.15,-40.257,917,146.75
4.1276,-38.133,832,190.86
8.1044,-38.066,573,224.08
7.2471,-38.047,429,172.89
13.79,-35.676,119,104.19
5.1398,-38.327,2284,187.01
5.3218,-38.218,2333,192.4
5.3413,-38.468,2378,193.21
5.6331,-38.108,2384,190.01
6.4973,-37.849,2293,188.11
6.975,-36.795,2213,190.86
6.873,-37.089,2134,180.05
7.5286,-38.821,2074,173.87
8.5367,-40.876,2079,168.4
9.9802,-41.718,2109,169.88
9.414,-42.955,2070,176.73
7.8485,-44.124,2026,171.52
4.844,-44.42,2263,178.5
3.8793,-43.558,2323,187.4
3.8488,-42.762,2396,191.44
4.1554,-42.151,2512,191.39
4.2892,-42.071,2545,196.71
4.3748,-41.757,2576,196.72
4.3564,-41.491,2585,195.21
4.8259,-40.796,2524,196.97
5.6969,-41.043,2508,191.78
5.7968,-41.627,2452,186.86
5.0392,-40.763,2343,187.62
4.7967,-40.957,2269,178.77
7.7812,-41.241,2323,191.78
10.584,-40.512,2102,169.27
10.027,-41.772,2056,171.53
10.172,-42.524,1910,172.42
9.0791,-41.848,1966,170.45
7.938,-43.505,2045,177.42
7.6506,-44.556,2122,177.09
6.4869,-43.428,2110,179.7
6.0579,-43.63,2261,182.97
7.0506,-43.879,2405,184.48
7.342,-44.181,2513,189.23
7.3078,-44.85,2588,195.67
6.9977,-45.009,2619,194.77
6.9935,-44.903,2627,194.85
6.7167,-45.416,2624,195.38
6.4155,-45.686,2606,195.95
6.8125,-45.877,2470,198.81
8.0671,-45.473,2260,186.74
8.0031,-44.914,2281,183.66
6.6079,-47.22,2306,188.88
5.8875,-50.904,2251,187.84
5.5508,-51.3,2083,184.89
5.1146,-48.973,2007,168.96
2.7044,-47.042,2120,178.44
1.4067,-45.188,2228,187.15
0.73374,-42.797,2131,178.54
3.4266,-42.303,2073,172.16
7.1692,-42.292,2064,177.82
7.3429,-42.682,2118,187.83
5.9424,-43.864,2266,191.04
7.0231,-44.412,2417,182.42
7.4633,-45.06,2559,186.83
7.3777,-45.278,2652,189.04
7.2405,-45.396,2704,192.7
7.3543,-44.992,2726,190.65
7.4129,-45.563,2730,193.78
7.8719,-45.303,2709,194.7
8.3746,-45.546,2612,195.97
9.045,-46.117,2444,186.08
8.7572,-46.881,2372,184.85
8.7501,-46.832,2295,184.34
8.0458,-48.824,2336,191.31
9.1212,-50.034,2163,180.03
9.6524,-49.863,2137,178.78
8.907,-49.053,2236,181.15
10.4,-48.588,2321,191.98
9.1736,-48.571,2500,194.66
9.3663,-49,2595,199.94
9.004,-49.271,2671,199.17
8.8984,-49.188,2703,199.37
8.8405,-48.884,2739,200.55
8.3861,-49.19,2713,200.5
7.6877,-48.437,2631,193.18
6.577,-49.048,2510,190.12
5.4438,-49.558,2400,183.4
5.2,-48.787,2468,184.48
6.4756,-47.834,2448,187.62
8.9586,-47.138,2424,182.94
11.192,-48.158,2283,181.13
14.257,-47.875,2133,174.61
13.006,-48.884,2107,171.98
12.528,-51.341,2224,176.39
13.066,-53.68,2156,175.01
10.856,-55.106,2150,179.52
7.4759,-56.933,2143,177.2
5.7149,-57.101,2161,185.1
3.0925,-54.554,2159,183.09
3.4096,-52.164,2247,184.79
4.6058,-48.887,2457,206.46
4.8299,-47.577,2642,209.1
5.6114,-47.587,2760,204.24
6.0506,-47.264,2848,210.06
6.3323,-47.293,2878,211.29
6.8885,-47.098,2872,210.89
8.1547,-46.799,2820,211.87
9.2123,-46.743,2795,209.94
10.047,-46.192,2761,210.19
9.8513,-47.584,2690,202.86
8.0097,-48.98,2593,193.45
7.4021,-52.17,2616,193.22
8.1683,-53.488,2369,188.16
6.663,-52.98,2483,199.09
4.0612,-53.182,2394,186.52
2.3259,-53.337,2376,192.37
1.2516,-51.494,2373,200.03
-0.52248,-49.464,2343,186.24
0.93725,-47.614,2222,186.59
3.2048,-45.064,2363,190.9
4.4897,-43.819,2494,193.56
6.5544,-43.208,2651,200.97
6.7108,-43.104,2718,202.66
6.9037,-42.879,2754,201.69
7.3327,-42.706,2761,204.31
8.2546,-42.064,2717,207.57
10.077,-41.617,2642,204.51
11.7,-42.834,2541,197.21
12.121,-44.192,2466,191.8
11.4,-45.419,2425,188.28
8.9364,-43.827,2558,197.78
8.2638,-41.345,2660,214.15
9.2772,-40.774,2459,212.46
9.731,-42.764,2311,216.88
10.883,-44.854,2268,203.65
12.249,-45.176,2436,202.44
10.571,-44.292,2451,201.97
6.3295,-46.108,2442,191.17
5.0128,-49.176,2407,194.32
4.2151,-52.807,2437,190.1
4.9991,-53.034,2406,199.48
3.5085,-50.899,2409,209.82
2.9079,-51.646,2390,211.68
1.8275,-54.469,2329,189.59
0.46246,-54.686,2273,184.7
1.6675,-54.773,2196,176.67
1.7584,-55.708,2400,185.51
3.1144,-55.343,2528,195
3.2853,-55.255,2686,196.14
3.189,-55.177,2771,199.82
3.3715,-54.523,2803,200.29
3.1314,-54.609,2846,207.35
3.6372,-53.303,2769,202.24
5.2776,-53.311,2679,200.45
6.2217,-53.589,2633,195.74
4.3779,-54.438,2594,194.45
2.807,-54.68,2488,191.83
1.0208,-53.815,2444,187.78
1.4232,-54.221,2449,195.77
4.0935,-51.781,2424,195.76
4.0288,-50.036,2462,188.5
3.1284,-50.121,2610,200.69
3.4953,-52.191,2479,196.66
5.0979,-51.731,2474,190.58
5.2671,-51.681,2546,211.34
6.7071,-55.041,2569,216.15
6.3586,-54.638,2510,204.63
4.8213,-55.104,2598,203.88
3.8545,-56.054,2814,214.25
3.2085,-55.238,2924,214.84
3.7099,-53.926,3095,219.18
4.0779,-53.747,3214,221.09
4.4325,-52.986,3267,227.73
4.9794,-52.703,3263,229.52
5.4803,-52.689,3213,228.9
6.7103,-51.852,3105,228.65
8.6507,-50.699,3033,227.01
10.259,-52.338,2992,220.28
9.4539,-55.314,2791,212.48
8.162,-56.417,2597,196.11
4.0538,-56.458,2544,196.24
1.7084,-57.067,2515,192.41
-0.038675,-55.887,2522,203.63
-2.6098,-52.547,2463,198.1
-2.4561,-54.141,2595,210.82
1.8961,-53.126,2515,198.52
4.6378,-51.371,2357,202.61
6.195,-52.924,2414,202.17
8.2988,-56.127,2379,206.15
9.9394,-56.854,2368,209.22
7.7461,-56.445,2462,202.04
5.3831,-58.704,2710,215.69
4.6741,-59.188,2824,208.67
4.517,-58.626,2992,213.42
4.7535,-58.153,3086,217.4
4.8035,-57.669,3172,223.53
4.5513,-58.485,3206,224.31
4.2601,-58.392,3183,223.01
3.8565,-57.507,3086,226.94
2.633,-56.109,2935,230.01
3.2107,-56.09,2849,222.78
5.2951,-55.16,2728,214.03
6.7723,-56.824,2781,214.9
7.986,-58.89,2628,206.38
6.7592,-61.657,2500,196.18
4.8304,-65.507,2385,187.04
2.6205,-70.181,2306,179.06
3.9022,-72.99,2223,180.78
3.1396,-69.35,2169,186.49
-1.7395,-68.304,2412,196.18
-4.5077,-68.921,2258,194.87
-1.0227,-65.838,2268,190
-0.17289,-63.998,2584,199.78
2.269,-61.687,2785,212.92
3.3057,-60.647,2983,222.92
4.1539,-59.311,3119,228.78
4.7592,-58.636,3219,233.64
5.9728,-57.031,3208,234
8.408,-55.812,3201,232.35
10.757,-55.781,3171,236.97
12.94,-57.199,3098,239.16
13.593,-57.105,2817,222.44
10.871,-58.761,2586,205.14
7.607,-63.829,2628,211.38
7.3754,-65.307,2600,214.22
8.4217,-65.176,2576,208.92
10.316,-66.401,2563,203.84
11.348,-64.485,2517,195.86
9.5462,-64.108,2616,214.89
9.3485,-65.758,2516,235.18
11.829,-65.163,2460,213.33
10.235,-66.09,2212,191.78
8.3199,-70.066,2054,191.99
9.1296,-76.195,2048,185.36
10.709,-79.429,1954,171.29
9.1704,-81.923,1907,164.85
6.5796,-83.56,1947,168.06
3.014,-82.591,2019,181.99
0.65365,-81.445,2044,173.36
1.6209,-79.384,2214,184.68
1.4279,-79.062,2363,188.27
1.1695,-78.224,2503,192.44
1.1058,-78.397,2649,198.49
0.9755,-79.405,2811,212.26
1.5868,-80.207,2844,214.29
1.1379,-81.76,2796,217.38
1.2298,-81.32,2730,227.17
-0.14999,-78.523,2654,224.76
-4.4791,-76.879,2560,217.91
-5.9477,-74.974,2354,200.2
-5.9471,-74.179,2239,181.38
-1.1142,-74.002,2091,172.53
2.1347,-73.869,2153,171.27
4.6559,-74.446,2292,204.56
5.0665,-75.091,2273,206.78
0.61403,-76.279,2268,179.71
-4.5307,-80.407,2249,183.12
-8.7405,-84.288,2149,177.83
-11.948,-87.711,2101,198.84
-12.037,-88.177,2091,210.56
-12.573,-88.111,2200,216.21
-11.31,-84.916,2233,216.68
-10.991,-81.481,2394,217.7
-9.9501,-79.4,2530,218.78
-9.5356,-78.907,2669,226.36
-8.3344,-78.12,2759,231.04
-6.8666,-76.775,2771,232.9
-6.0306,-74.549,2789,236.16
-5.5553,-70.875,2746,228.29
-3.9131,-68.926,2548,213.28
-5.8842,-66.696,2438,201.26
-7.8332,-63.852,2344,187.36
-9.2933,-62.109,2236,177.17
-9.2652,-60.347,2177,178.04
-7.2291,-59.109,2179,178.17
-5.767,-60.891,2132,178.23
-6.6129,-61.373,2278,191.9
-6.7268,-64.864,2280,190.73
-7.0603,-68.774,2248,178.09
-6.922,-71.578,2404,185.53
-6.645,-75.021,2425,192.79
-7.6278,-75.173,2578,212.52
-11.029,-73.7,2509,214.49
-9.5075,-70.588,2586,218.27
-8.9667,-70.295,2724,215.15
-7.645,-71.674,2857,225
-7.4901,-71.553,2968,224.78
-6.8688,-71.581,3105,239.51
-5.758,-71.394,3173,242.66
-4.6027,-71.218,3118,237.91
-2.2224,-71.279,3105,241.59
-0.63297,-74.064,3038,247.97
-3.0696,-78.165,2930,242.69
-5.4546,-82.983,2811,233.79
-5.9425,-84.801,2706,226.94
-4.3728,-85.346,2622,223.53
-5.0279,-82.605,2545,217.8
-6.9648,-77.951,2445,210.07
-10.36,-77.476,2513,211.72
-9.3357,-80.307,2358,191.7
-5.2658,-79.546,2456,212.45
-6.9843,-76.458,2416,215.85
-6.7981,-80.025,2190,193.68
-5.3633,-82.78,2051,183.41
-5.0068,-83.645,2001,171.73
-5.8782,-84.641,2053,182.76
-3.6211,-90.257,1942,192.77
-4.1519,-98.601,1824,193.89
-6.8967,-107.73,1744,192.99
-8.933,-111.61,1711,185.46
-12.177,-111.45,1817,190.62
-9.3517,-108.26,1771,169.35
-9.4976,-108.92,1912,190.29
-4.1312,-113.53,1906,193.68
-5.4845,-117.3,2055,231.71
-6.017,-116.19,2180,243.05
-6.2443,-112.31,2368,274.46
-7.7258,-111.99,2364,252.89
-3.9703,-112.61,2189,209.25
-5.9447,-108.56,2119,201.31
-7.698,-109.29,2027,184.13
-6.318,-107.31,2044,200.69
-5.2183,-106.35,2083,221.99
-6.5848,-107.01,2147,240.27
-13.27,-106.98,2090,218.1
-17.984,-109.83,2043,214.64
-19.838,-111.22,1967,199.51
-22.895,-108.14,1912,185.19
-22.617,-101.54,1915,178.58
-21.051,-103.37,2203,203.4
-20.097,-100.02,2403,207.04
-19.202,-97.837,2645,213.02
-18.23,-96.967,2729,214.26
-16.648,-96.529,2756,224.16
-14.974,-96.014,2790,230.24
-13.733,-95.926,2827,231.01
-13.505,-93.666,2838,230.41
-15.076,-92.869,2757,226.88
-15.963,-94.635,2640,223.87
-16.682,-97.421,2513,217.43
-18.154,-97.931,2367,213.68
-20.271,-98.128,2284,214.03
-23.288,-97.953,2225,203.45
-24.349,-102.85,2158,200.13
-24.067,-101.25,2208,196.4
-23.159,-99.577,2284,200.93
-21.983,-97.545,2407,204.82
-21.208,-97.083,2519,213.16
-20.597,-96.831,2636,220.6
-19.68,-96.677,2714,221.22
-18.18,-94.506,2699,224.94
-16.806,-92.4,2631,220.65
-14.942,-92.566,2636,235.7
-15.27,-96.493,2639,226.63
-16.77,-101.23,2505,211.91
-20.566,-103.16,2330,201.49
-23.297,-106.13,2173,196.07
-24.573,-107.3,2156,187.63
-24.386,-107.07,2212,185.97
-24.191,-105.99,2307,201.57
-19.827,-102.27,2446,229.47
-17.923,-102.02,2584,262.58
-13.553,-103.39,2390,233.2
-10.306,-105.98,2335,223.94
-8.3979,-110.95,2183,194.56
-8.6663,-119.48,2200,202.73
-10.282,-127.7,2100,194.1
-7.7946,-136.2,2089,193.95
-8.8008,-146.21,1975,190.31
-12.507,-154.91,1995,203.46
-14.546,-158.89,2032,211.89
-14.033,-161.5,2328,266.05
-11.64,-171.36,2156,245.24
-12.051,-176.1,2317,257.75
-18.594,-178.82,2626,315.45
-19.435,-184.27,2445,306.66
-18.856,-185.39,2457,310.69
-18.797,-189.05,2468,312.61
-22.29,-197.33,2485,292.56
-23.287,-211.62,2420,285.51
-24.893,-226.29,2329,251.12
-28.183,-238.3,2339,255.83
-30.965,-253.61,2258,235.03
-27.528,-264.72,2293,236.91
-27.415,-276.87,2294,232.68
-25.608,-290.01,2296,223.01
-24.423,-304.21,2232,211.86
-24.896,-315.99,2056,195.19
-26.432,-328.98,1917,177.35
-29.134,-338.45,1561,152.99
-29.117,-346.39,1521,160.28
-26.975,-354.74,1476,156.99
-20.611,-358.64,1443,150.33
-15.573,-362.85,1614,160.06
-12.477,-366.31,1728,178
-12.025,-376.38,1556,162.4
-9.3068,-381.88,1561,165.53
-5.5331,-386,1590,167.53
-0.88119,-391.53,1633,175.57
0.62342,-398.4,1522,176.66
0.73311,-404.84,1490,165.14
0.056154,-407.25,1515,168.29
3.4188,-406.97,1517,175.72
6.2409,-402.89,1402,161.55
10.273,-398.39,1238,148.9
10.245,-395.87,1200,142.38
12.437,-392.12,1044,121.8
16.819,-390.5,898,118.44
18.621,-392.59,988,127.42
19.213,-392.76,931,117.14
17.739,-398.47,1086,126.58
13.924,-400.69,1107,129.26
13.044,-408.07,1166,132.9
11.493,-418.39,1076,132.9
9.7072,-421.29,1086,138.56
9.6412,-423.02,965,117.9
9.1383,-422.54,1010,118.22
9.5442,-426.15,1093,164.69
9.8886,-426.26,1154,170.51
10.602,-425.15,1146,133.03
11.965,-425.07,1250,136.4
13.211,-427.18,1321,141.26
11.417,-428.01,1433,172.38
11.338,-435.66,1460,183.86
10.062,-438.05,1390,164.76
13.239,-441.46,1352,155.94
12.221,-446.05,1290,149.67
11.186,-448.39,1303,144.77
10.905,-449.84,1341,138.86
9.319,-452.07,1304,143.56
6.7477,-456.35,1238,144.64
6.7534,-461.65,1269,139.21
5.1428,-463.04,1328,159.2
0.61748,-460.66,1526,165.82
5.2474,-463.27,1568,187.92
5.038,-465.07,1425,164.21
4.1444,-462.12,1438,164.98
4.4553,-461.12,1452,157.96
4.2207,-461.03,1504,165.89
2.8951,-459.68,1613,168.2
0.32382,-458.44,1690,179.54
-2.606,-457.14,1642,184.02
0.059711,-459.08,1643,181.75
3.5636,-455.17,1716,194.48
-0.29434,-456.12,1666,178.9
-1.8135,-463,1638,186.67
-1.984,-469.08,1677,181.16
-6.668,-469.17,1628,198.73
-13.682,-468.82,1532,191.45
-20.56,-469.3,1355,169.09
-26.069,-469.97,1318,163.3
-30.946,-471.02,1287,171.48
-32.608,-473.81,1433,197.49
-27.651,-479.78,1470,203.77
-22.706,-487.79,1488,228.66
-21.092,-497.13,1497,193.22
-13.365,-499.39,1702,214.8
-5.5237,-498.72,1931,250.07
4.0591,-496.97,1841,269.44
12.892,-493.34,1810,224
24.271,-489.5,1816,245.09
36.269,-484.99,1869,253.72
45.624,-485.79,1786,203.39
52.926,-483.59,1858,196.34
54.819,-485.62,1651,161.97
59.957,-489.7,1611,160.46
64.894,-493.61,1719,189.31
69.104,-500.12,1682,187.95
73.338,-508.64,1692,182.14
74.998,-515.48,1650,173.44
74.364,-522.09,1697,182.91
71.711,-526.23,1670,192.25
76.2,-531.38,1589,183.19
78.079,-538.2,1606,162.33
77.554,-544.16,1628,183.97
78.776,-550.95,1688,192.43
79.373,-558.65,1466,178.4
80.967,-566.08,1252,153.05
81.146,-572.19,1017,137.22
86.763,-576.88,1160,148.23
88.957,-582.27,1254,154.12
93.512,-586.27,1337,158.33
98.568,-591.74,1391,173.11
100.2,-593.62,1482,209.75
104.46,-602.67,1351,200.21
108,-607.72,1344,170.12
111.84,-608.69,1473,194.28
118.86,-612.63,1424,188.89
122.86,-614.4,1445,206
126.24,-616.97,1455,202.54
130.66,-621.84,1417,198.6
130.36,-628.06,1356,178.16
130.59,-625.81,1345,188.89
129.64,-628.81,1271,171.85
128.94,-629.68,1268,167.31
128.91,-629.57,1282,168.12
127.21,-630.22,1369,181.95
123.12,-633.4,1449,197.97
123.57,-637.53,1425,193.14
125.3,-637.1,1400,191.55
120.66,-637.04,1360,163.69
124.1,-639.49,1343,156.56
121.84,-643.01,1315,161.75
122.91,-645.63,1318,164.73
123.06,-653.47,1333,170.07
123.72,-659.56,1154,152.53
124.26,-664.67,1141,166.04
128.03,-670.26,1063,153.27
131.29,-677.71,973,149.58
131.39,-685.13,972,145.42
131.69,-690.03,888,167.39
131.58,-693.59,768,201.99
132.38,-702.53,686,175.78
131.24,-710.14,556,136.91
128.43,-716.32,864,137.64
131.67,-721.19,866,153.89
136.46,-721.81,916,154.55
140.46,-727.41,795,195.2
144.21,-732.14,709,208.88
148.29,-736.96,520,177.1
150.82,-744.29,958,148.9
150.82,-744.29,958,148.9
