0,-0,105,35.959
1.8961,0.04058,115,37.373
2.6512,-0.36548,112,37.191
0.54405,-2.4637,112,36.422
5.6507,-4.9261,111,37.282
6.6954,-4.853,107,38.68
6.7336,-3.9603,104,36.339
7.4106,-3.5647,102,35.959
7.0534,-5.0049,109,35.777
6.7342,-5.9176,102,36.24
7.3563,-7.0576,66,28.954
9.3079,-7.8476,63,28.491
13.221,-5.7833,60,33.999
11.367,-3.1052,71,30.732
10.779,-3.2527,67,28.954
11.688,-4.2973,61,29.599
12.36,-4.6571,84,32.411
12.215,-6.4293,98,33.635
11.736,-5.5123,95,35.388
10.737,-4.8616,92,35.504
10.114,-2.6153,83,33.817
9.787,-1.1744,73,30.434
9.2723,-3.2685,74,30.153
10.046,-0.7697,88,34.379
9.542,-0.98217,86,33.337
9.2491,-3.0068,79,33.263
10.729,-4.548,82,32.204
12.382,-3.5419,93,36.513
13.477,-3.0321,79,33.362
13.693,-3.1103,87,37.555
11.448,-6.1609,109,40.83
10.908,-6.9944,108,41.64
11.041,-7.7391,104,38.597
11.279,-6.965,101,38.084
10.559,-5.8152,110,42.914
10.135,-5.7595,107,43.576
11.148,-3.5681,115,40.739
10.514,-3.7738,89,35.893
10.918,-3.6972,94,36.149
13.233,-5.1616,106,39.515
11.453,-7.8901,111,39.887
8.2187,-6.2375,144,52.16
9.7673,-5.9083,160,54.401
11.698,-2.9944,144,49.158
10.55,-1.6554,136,44.031
7.721,-2.9138,123,42.343
7.7201,-5.4487,130,49.811
9.1018,-7.5745,136,54.657
11.427,-8.4253,137,52.16
12.377,-7.7333,165,58.619
11.447,-8.9204,155,50.382
10.242,-12.803,121,44.659
9.2078,-12.691,165,52.64
7.9726,-12.889,168,57.511
7.2625,-13.409,156,59.909
8.4745,-13.667,165,58.131
8.8734,-12.767,172,62.01
8.6042,-11.525,189,70.562
8.3979,-11.334,189,71.165
9.4413,-11.802,205,62.382
11.097,-11.463,191,63.589
11.898,-9.9056,202,63.118
10.696,-9.8162,227,70.074
11.54,-11.284,213,66.154
12.609,-11.727,209,66.277
11.824,-13.023,209,64.541
9.4704,-20.086,192,68.866
9.8923,-19.363,192,62.68
8.5707,-20.886,194,56.014
7.5229,-21.224,187,58.355
8.1178,-22.487,184,58.76
7.9105,-18.062,209,67.518
9.1976,-17.502,209,60.67
9.2375,-17.624,214,72.025
8.427,-16.203,216,72.298
6.9743,-13.664,230,76.615
7.7785,-13.083,217,77.169
8.7095,-14.838,213,68.535
9.8948,-16.237,221,68.047
10.762,-17.637,246,74.391
13.36,-20.482,264,73.117
13.572,-23.078,234,69.586
12.111,-25.111,229,59.818
10.156,-25.764,244,72.604
8.4166,-25.522,229,75.085
7.251,-24.352,238,90.575
5.7166,-20.793,253,107.51
6.4331,-18.87,254,108.9
6.8805,-11.87,239,87.705
6.1501,-10.213,238,69.114
5.5656,-9.5942,230,60.993
4.9211,-11.441,208,58.471
5.7367,-11.697,188,54.021
6.758,-11.633,188,53.963
9.3183,-9.3971,163,49.166
9.0684,-10.379,220,57.329
8.7775,-10.274,220,57.718
8.9284,-10.319,237,58.09
9.1184,-10.342,249,57.974
9.1513,-10.133,271,64.367
7.4288,-9.6293,250,65.79
6.458,-8.0814,231,62.688
8.5019,-5.9777,212,57.395
8.0043,-10.327,207,56.014
6.5942,-13.395,199,53.864
4.278,-13.551,232,68.287
4.4437,-14.35,249,77.104
6.4461,-15.311,259,75.118
8.0125,-16.093,247,85.878
8.1564,-18.593,248,89.442
8.1228,-24.392,244,82.313
7.2281,-26.549,214,62.572
4.5684,-26.747,220,67.617
4.1941,-28.58,235,76.053
6.2714,-32.087,240,79.311
8.7772,-34.387,221,78.691
9.8068,-35.424,196,60.902
10.601,-35.694,173,55.477
9.8206,-35.993,164,61.621
11.065,-39.236,175,52.458
12.344,-39,172,60.033
9.9842,-36.957,204,71.628
7.4548,-31.254,240,91.791
8.4282,-21.41,264,68.345
6.6255,-15.032,227,70.702
7.1301,-9.5677,221,65.79
6.7095,-9.1145,212,60.621
8.1683,-9.5797,233,67.816
8.7992,-9.8415,233,67.75
8.6526,-9.3502,249,69.387
8.7932,-8.7756,260,70.909
8.7524,-8.5875,273,67.956
9.037,-8.2669,292,80.362
10.664,-18.494,272,73.406
8.0848,-17.75,271,76.235
6.2029,-12.692,263,74.829
6.7607,-11.589,268,80.072
8.9505,-8.4596,236,63.606
9.9486,-8.1994,242,61.456
9.8794,-9.3278,252,78.666
9.7013,-11.597,289,92.842
12.181,-14.323,248,76.045
9.7861,-15.759,246,82.603
1.6178,-13.959,230,80.643
-0.11903,-14.578,227,67.526
-0.47524,-16.601,250,78.112
4.5963,-17.627,249,74.275
4.8805,-16.083,256,76.574
3.2067,-16.045,259,80.378
4.3689,-17.11,259,80.362
5.5937,-15.953,261,74.482
2.8699,-14.232,224,69.784
6.255,-11.736,249,60.141
10.638,-5.8821,195,54.674
13.269,-4.2409,186,56.395
13.676,-4.3862,174,55.617
12.316,-5.442,162,48.769
11.963,-6.3586,182,51.49
12.085,-6.387,205,57.395
12.503,-5.993,228,66.583
13.508,-10.409,254,71.802
7.0353,-14.999,239,70.073
2.157,-14.093,272,69.577
1.8224,-16.431,255,65.963
4.4152,-17.894,259,62.076
7.4634,-15.463,261,65.583
9.3859,-12.869,276,71.786
11.161,-11.396,263,68.875
13.347,-11.438,263,72.141
14.48,-10.8,249,72.116
12.165,-10.165,280,79.799
8.65,-10.548,292,89.831
3.2786,-13.298,298,83.827
4.0111,-16.679,284,92.816
8.2777,-23.894,288,82.761
12.07,-29.886,271,91.609
13.321,-32.097,250,91.808
14.981,-43.581,275,84.968
16.495,-43.227,300,98.134
17.458,-48.599,292,84.017
20.014,-48.963,259,89.65
18.586,-48.067,287,96.125
14.993,-50.688,274,111.58
15.961,-53.333,265,113.07
16.811,-56.806,272,87.433
17.336,-60.122,260,87.789
16.222,-61.438,236,82.082
10.325,-70.305,216,68.287
9.3903,-71.504,194,56.204
8.7865,-74.152,159,55.27
6.687,-75.843,169,57.883
5.8104,-81.568,161,53.037
5.5558,-83.149,188,60.769
5.6164,-84.273,215,72.968
6.8862,-84.549,248,79.22
7.5539,-85.797,232,90.592
8.9964,-87.24,216,83.182
9.8644,-87.843,238,81.693
7.7161,-84.232,264,118.74
9.7667,-94.137,242,99.69
10.828,-96.028,228,93.487
10.647,-99.928,243,86.134
10.765,-104.83,215,88.574
12.365,-106.98,200,94.438
12.52,-110.15,216,94.239
11.568,-111.39,220,82.429
7.6858,-116.32,158,69.23
5.8117,-115.06,159,76.863
0.24959,-116.43,145,66.104
-1.7794,-112.32,126,53.856
-2.3965,-113.42,158,90.559
-3.4155,-110.47,158,65.996
-4.417,-110.86,156,59.835
-3.5858,-113.15,148,55.733
-2.114,-120.11,149,67.725
5.4277,-122.21,166,88.127
9.2308,-123.36,173,91.303
6.4905,-122.24,126,64.152
8.3829,-130.98,174,99.88
10.79,-134.71,164,87.375
10.201,-132.55,131,82.744
7.1129,-138.79,147,99.243
9.8079,-139.27,126,65.029
8.2398,-140.46,114,48.968
5.6972,-136.4,133,88.07
3.3084,-140.74,111,90.493
4.2229,-143.44,110,87.169
8.4015,-139.6,122,93.248
12.676,-139.58,137,83.331
9.3741,-139.84,127,65.004
11.072,-152.1,139,76.045
10.102,-155.74,126,67.072
6.9548,-157.26,76,46.156
8.0286,-155.46,105,59.48
3.4463,-154.54,89,33.916
2.736,-156.15,96,58.661
2.7137,-156.93,112,60.414
2.8979,-156.89,88,52.069
0.96563,-154.69,92,41.343
1.7588,-154.13,74,46.942
1.4075,-151.21,74,41.219
1.4434,-149.36,88,50.217
1.9137,-149.28,67,43.485
5.7256,-151.27,96,59.976
15.327,-159.06,82,48.158
16.436,-160.89,93,62.052
16.254,-164.32,111,52.549
17.56,-164.76,90,59.877
18.056,-166.53,74,74.226
15.395,-169.7,97,72.15
14.569,-171.02,96,72.406
13.515,-172.4,211,83.818
14.599,-175.75,218,77.599
14.216,-174.74,217,87.937
15.088,-177.82,245,95.777
14.935,-177.94,269,100.89
16.767,-180.4,240,96.273
17.869,-182.06,232,94.702
18.49,-182.93,265,99.855
18.237,-183.32,263,108.12
17.377,-184.14,287,108.41
16.981,-188.48,261,94.578
15.5,-190.8,259,76.169
14.766,-193.01,212,72.935
15.761,-195.96,213,62.473
14.497,-196.92,207,63.077
17.385,-198.82,197,54.054
18.125,-197.91,169,56.634
13.225,-198.04,200,74.44
13.971,-197.94,210,62.167
14.404,-197.92,243,69.23
13.852,-196,237,76.053
14.768,-192.68,221,67.055
16.447,-190.05,225,59.769
19.266,-189.23,203,58.09
20.53,-190.54,218,66.004
19.449,-193.3,231,76.127
18.532,-197.57,231,74.63
16.661,-200.49,253,75.573
14.866,-202.88,217,67.469
14.563,-200.96,225,57.718
13.774,-197.77,246,80.296
9.9429,-199.71,231,71.016
14.316,-203.86,252,78.368
18.982,-203.45,249,82.487
13.746,-204.42,267,90.559
11.455,-205.25,264,97.258
13.577,-206.32,290,118.54
15.408,-206.14,266,94.694
16.616,-205.81,215,77.285
20.233,-207.29,216,69.023
22.187,-208.34,228,75.656
21.643,-210.03,244,86.06
21.078,-213.93,236,78.65
19.987,-216.71,234,74.721
15.818,-219.93,204,68.477
16.782,-217.38,245,74.871
16.742,-213.49,215,73.622
14.049,-209.15,224,75.317
10.789,-201.88,201,62.837
10.589,-196.93,190,65.442
10.711,-193.46,172,53.111
10.205,-192.86,172,58.247
13.248,-192.14,173,51.763
13.386,-192.84,185,54.691
13.195,-193.14,206,55.725
13.075,-193.14,219,58.371
14.35,-192.51,155,50.539
16.711,-193.07,161,47.678
18.922,-193.5,193,55.154
20.731,-194.22,189,52.739
22.074,-194.16,160,47.454
21.4,-193.73,151,44.866
18.807,-195.34,147,43.716
14.181,-199.71,147,47.223
12.515,-202.53,121,40.193
11.83,-205.69,128,42.517
11.409,-209.55,125,45.329
12.82,-214.27,113,44.61
13.777,-214.36,124,44.039
13.389,-211.46,152,52.342
13.996,-206.46,158,52.185
15.187,-201.81,166,54.137
10.027,-195.17,233,77.972
10.269,-197.86,225,75.482
13.564,-200.19,234,75.11
17.075,-203.03,262,99.135
18.998,-212.12,239,90.22
19.922,-216.24,226,68.957
19.593,-218.26,224,71.951
19.227,-218.78,207,71.909
19.479,-229.77,199,78.402
16.805,-231.31,179,60.207
15.879,-232.79,155,52.797
15.91,-232.52,156,51.416
15.394,-233.36,132,42.798
15.419,-234.23,119,42.327
15.524,-234.56,122,44.13
17.955,-232.37,116,41.392
18.377,-231.07,119,40.574
17.28,-229.1,127,42.31
12.993,-228.5,132,45.627
12.681,-232.13,125,44.982
15.993,-234.45,139,50.498
16.798,-234.07,118,39.283
15.607,-231,143,53.682
11.727,-229.76,176,65.129
10.895,-229.93,168,66.41
11.335,-228.18,181,63.226
9.8644,-223.65,213,75.391
12.417,-214.48,212,72.406
16.491,-213.01,220,73.439
20.3,-210.5,205,71.115
22.657,-207.02,232,74.573
21.596,-202.77,220,67.055
21.016,-201.7,215,73.15
19.608,-203.39,237,78.203
15.383,-204.96,205,71.86
14.874,-203.54,207,56.841
15.104,-203.29,213,57.9
15.261,-203.18,223,61.737
16.428,-203.84,253,69.313
19.696,-207.5,229,62.101
16.597,-210.68,204,56.097
17.009,-200.78,207,69.503
14.819,-200.48,218,82.347
12.404,-200.18,213,80.213
10.958,-200.3,205,66.319
11.569,-200.18,229,67.543
11.651,-200.88,240,60.968
11.493,-202.08,245,70.04
11.675,-203.3,235,73.349
11.238,-205.19,238,70.123
11.771,-208.23,240,71.273
12.865,-211.21,218,63.399
13.262,-214.83,201,62.589
17.48,-221.74,218,55.435
20.525,-223.02,211,60.703
22.245,-222.89,213,70.264
24.302,-221.77,201,79.617
23.306,-222.54,223,96.555
22.671,-229.3,240,97.506
23.335,-234.44,238,81.354
23.483,-239.29,225,81.478
23.547,-242.33,228,88.351
23.898,-244.8,238,90.865
25.198,-248.99,225,74.945
26.886,-250.79,215,76.814
29.239,-252.34,217,88.434
30.297,-254.21,223,74.63
30.65,-259.37,220,73.456
30.774,-261.08,201,77.558
30.487,-261.93,207,82.347
29.483,-262.65,203,87.102
26.39,-263.4,178,74.184
22.734,-266.02,204,92.478
21.245,-265.6,185,88.459
18.026,-266.55,212,91.444
22.109,-266.63,240,99.31
19.596,-264.46,202,104.11
16.456,-264.58,201,72.398
15.205,-266.43,172,68.974
16.54,-267.48,158,61.721
20.402,-267.6,152,60.05
21.532,-265.22,168,62.184
19.699,-264.04,171,48.703
19.044,-266.72,162,52.342
21.493,-267.75,170,54.881
23.451,-265.9,181,58.198
24.516,-264.66,164,62.49
24.889,-268.18,174,77.6
26.597,-271.82,177,63.325
27.681,-273.72,170,60.017
26.063,-273.22,176,61.092
17.969,-271.41,193,85.539
11.066,-266.47,194,107.59
10.86,-264.21,187,97.051
13.082,-262.35,199,87.905
13.882,-257.96,220,89.981
13.333,-254.8,191,80.949
14.139,-252.18,189,70.347
16.407,-248.84,195,87.69
19.592,-246.64,177,74.374
20.375,-246.78,182,90.601
26.281,-248.18,189,91.635
30.567,-249.03,196,76.186
30.657,-249.67,211,85.564
28.284,-252.5,202,92.635
25.375,-255.19,212,85.704
22.968,-256.12,171,73.497
19.14,-256.26,163,76.979
19.993,-251.41,156,59.537
22.846,-250.14,170,68.668
19.951,-243.34,215,84.514
18.986,-243.43,192,93.131
19.058,-242.9,181,78.518
19.017,-243.51,157,56.775
19.813,-243.36,166,53.674
21.43,-242.28,149,48.116
20.89,-239.12,151,50.225
19.471,-236.91,154,53.699
17.842,-235.73,175,60.836
16.559,-235.88,178,56.287
16.396,-235.95,175,56.08
15.705,-235.65,144,55.568
15.545,-235.44,138,45.61
14.777,-236.19,125,43.551
16.055,-238.17,117,45.238
16.515,-241.24,116,43.642
16.753,-243.36,103,37.282
14.81,-245.19,95,34.462
13.788,-244.99,96,34.644
21.266,-236.79,139,53.401
22.271,-237.91,150,53.608
20.536,-239.49,166,59.604
19.15,-243.4,229,99.491
18.629,-242.28,212,82.008
16.307,-243.97,234,96.952
16.691,-248.97,219,109.56
18.891,-255.09,247,116.85
20.073,-260.73,239,102.45
19.781,-265.44,222,91.791
19.715,-269.35,189,88.823
21.612,-276.59,194,64.086
19.801,-275.19,177,70.644
15.266,-272.8,155,69.52
12.133,-269.34,161,61.837
9.4803,-266.01,196,64.839
6.183,-261.8,207,101.95
6.7048,-257.58,223,105.08
9.4908,-253.79,201,88.806
12.615,-253.84,212,117.85
21.973,-262.02,224,80.941
25.191,-263.16,224,82.793
28.313,-261.26,232,95.356
30.574,-259.88,222,94
32.677,-259.55,218,90.328
31.459,-258.44,236,78.617
28.048,-256.24,198,60.323
25.598,-255.6,215,65.12
22.754,-254.92,203,59.868
19.565,-254.57,186,60.249
11.733,-250.74,175,58.173
14.146,-248.03,186,54.054
14.715,-244.06,191,56.568
14.746,-240.16,196,54.029
14.602,-236.64,194,64.756
13.419,-233.68,217,61.274
12.974,-230.52,193,68.941
14.928,-229.2,228,73.142
12.795,-225.61,210,66.41
8.4457,-223.84,166,56.378
8.6527,-224.39,192,71.389
8.7654,-223.47,198,60.604
9.4628,-222.99,219,62.374
11.559,-222.86,213,59.38
15.382,-223,223,65.98
18.467,-223.19,206,57.23
20.505,-223.92,190,53.707
21.402,-225,185,53.839
21.753,-228.14,207,63.342
27.594,-230.68,225,64.458
28.566,-229.19,231,78.459
25.843,-227.79,225,98.4
17.229,-231.89,227,87.706
14.947,-235.15,223,78.228
13.858,-239.07,216,65.666
14.89,-243.04,243,78.709
15.718,-246.66,230,81.693
24.612,-255.04,226,114.56
23.398,-256.23,248,112.64
22.98,-259.32,251,98.523
26.554,-268.23,226,88.078
24.893,-272.51,197,84.795
26.929,-273.47,183,87.317
30.696,-275.39,227,78.171
32.612,-273.75,195,78.865
36.317,-273.54,183,75.598
38.484,-274.28,163,70.744
38.595,-275.08,164,56.767
35.893,-276.39,165,62.978
39.333,-278.83,156,60.993
40.997,-279.87,164,59.182
42.524,-284.22,166,73.374
38.61,-287.19,148,59.397
37.771,-290.08,136,49.927
38.292,-290.67,126,54.906
37.131,-292.11,143,58.099
36.922,-292.12,161,66.89
35.766,-291.17,147,70.818
33.955,-291.51,144,67.708
33.124,-293.32,148,73.539
33.679,-297.47,77,77.021
36.761,-294.64,106,100.47
34.714,-289.05,110,70.298
29.281,-286.01,66,55.676
35.265,-298.29,273,91.312
38.055,-297.3,251,87.838
32.882,-298.59,220,71.893
34.685,-298,247,87.516
33.611,-294.72,223,65.632
31.08,-293.52,216,63.16
28.249,-294.2,224,69.701
26.629,-295.08,239,71.19
27.403,-295.69,268,79.981
28.488,-291.97,245,74.118
25.614,-291.85,243,73.125
29.45,-296.64,173,50.217
30.493,-296.79,156,43.923
28.75,-294.6,132,39.986
26.431,-296.2,150,47.264
23.925,-297.21,150,48.348
22.499,-299.59,141,43.526
22.724,-299.59,156,53.963
24.078,-301.01,166,48.885
25.896,-300.6,178,62.175
24.39,-299.61,162,52.45
20.71,-300.6,175,47.057
19.643,-299.23,194,63.979
20.916,-301.16,175,59.016
25.029,-302.76,182,58.644
28.478,-300.57,203,66.79
25.85,-297.53,206,67.642
22.831,-298.5,214,64.549
23.598,-301.46,197,57.875
25.262,-304.8,176,51.854
27.924,-305.78,187,53.839
31.716,-300.77,183,55.435
29.865,-297.72,193,55.659
26.188,-297.46,213,54.6
30.245,-297.47,237,70.71
32.774,-306.89,232,83.347
33.348,-305.29,227,91.882
29.952,-304.25,231,88.508
28.746,-302.33,242,84.844
27.504,-299.92,239,74.374
25.977,-296.64,250,77.467
24.182,-295.01,243,70.909
22.06,-292.06,245,74.258
18.517,-291.02,229,61.596
17.818,-293.43,239,62.159
18.542,-296.22,246,68.469
19.316,-298.8,224,66.873
19.076,-301.85,226,68.833
18.796,-304.33,229,67.245
18.2,-305.53,228,68.725
17.873,-306.25,238,78.922
20.228,-309.38,239,72.042
20.924,-307.83,260,76.036
20.323,-307.78,236,72.207
20.169,-308.36,239,73.911
19.693,-308.37,251,75.226
19.359,-308.28,266,71.653
18.818,-308.81,273,70.165
18.918,-309.31,249,72.116
18.256,-309.87,232,66.013
15.931,-309.01,225,61.282
15.534,-305.8,246,69.809
16.924,-302.37,233,67.278
19.891,-300.46,258,68.85
23.272,-301.67,277,66.509
24.281,-305.5,276,72.794
25.251,-308.27,247,64.408
25.942,-309.89,228,66.509
27.01,-310.63,226,73.068
29.285,-309.9,267,95.844
29.56,-299.56,241,86.457
27.106,-299.59,244,76.036
26.363,-300.07,252,76.218
28.197,-296,246,66.873
25.705,-296.9,232,60.587
24.224,-298.64,233,56.676
24.628,-301.57,235,60.331
27.768,-302.24,237,61.936
29.394,-300.92,232,61.059
27.9,-302.05,215,57.42
27.5,-302.24,239,61.431
27.213,-302.21,252,69.131
27.347,-302.36,263,68.262
26.818,-301.95,299,71.397
26.9,-301.27,302,69.23
28.26,-301.22,272,64.185
28.917,-301.99,240,63.623
27.679,-303.24,235,61.059
24.154,-298.96,245,63.507
27.177,-299.37,248,66.029
29.66,-304.6,244,62.862
26.718,-307.57,226,64.342
24.775,-308.56,213,65.012
24.083,-307.68,225,60.695
24.194,-307.39,241,58.255
30.51,-301.87,277,70.429
31.15,-303.47,283,69.635
30.977,-306.85,297,77.641
34.422,-312.99,272,77.211
36.647,-314.59,276,83.347
38.281,-316.65,248,80.75
39.447,-318,237,74.473
39.321,-317.5,258,81.66
36.987,-309.59,291,95.869
36.316,-305.17,301,94.339
39.305,-306.7,240,72.306
41.474,-312.69,208,68.105
43.582,-314.85,196,59.959
45.447,-317.73,190,52.458
47.636,-318.71,203,55.708
50.766,-320.89,163,48.695
51.613,-321.54,163,54.335
52.538,-319.59,168,51.523
51.41,-317.88,173,58.619
49.102,-317.29,224,63.209
45.547,-317.03,254,87.548
46.796,-319.13,252,89.567
48.345,-315.94,250,85.332
38.258,-313.72,242,79.452
32.121,-317.59,245,69.048
34.127,-314.41,218,69.131
30.838,-313.29,217,58.826
31.083,-315.25,225,63.896
34.11,-316.23,237,71.091
45.762,-320.66,262,72.869
44.362,-321.53,260,72.381
41.798,-319.93,247,77.484
41.36,-319.85,255,76.45
35.919,-318,257,75.78
34.215,-317.41,247,84.282
32.112,-310.19,270,78.501
33.427,-309.13,259,71.05
32.896,-316.91,256,72.042
32.738,-319.31,243,66.211
34.89,-319.92,248,71.537
37.399,-318.84,265,79.27
41.473,-319.6,276,81.329
44.158,-325.17,280,84.696
45.653,-322.47,311,104.92
44.383,-319.08,305,92.66
41.483,-319.49,338,106.19
41.202,-321.22,342,103.5
42.077,-320.62,306,88.632
39.928,-322.98,323,92.742
41.684,-324.93,291,78.046
41.048,-321.22,271,65.161
41.898,-323.06,274,72.34
42.327,-320.95,265,66.484
39.467,-319.88,252,67.427
39.389,-323.25,231,58.925
37.422,-315.8,258,66.517
32.68,-317.48,280,72.604
31.827,-320.49,278,73.96
34.759,-322.82,260,64.615
31.748,-320.64,230,65.856
32.591,-320.74,220,60.397
33.66,-321.35,245,62.473
33.799,-321.25,265,65.955
33.879,-321.06,281,66.6
33.955,-322.72,296,76.905
33.17,-324.37,275,71.835
31.222,-324.75,255,69.693
30.382,-320.42,220,61.323
33.813,-319.71,232,61.133
37.506,-318.98,231,62.167
41.016,-317.62,238,65.442
43.146,-318.39,240,69.412
44.787,-322.38,255,75.673
47.794,-323.74,259,69.412
49.735,-326.71,262,73.82
47.587,-329.21,281,74.382
45.862,-330.81,279,79.725
46.662,-329.72,281,89.765
35.014,-318.23,304,74.945
32.789,-323.89,285,81.693
34.896,-322.45,287,78.112
35.873,-319.45,286,72.513
35.846,-316.35,262,69.114
33,-314.4,251,69.461
29.615,-314.42,257,73.241
27.476,-314.24,236,59.752
26.65,-312.59,239,67.609
28.184,-314.75,265,75.334
26.766,-314.92,310,97.052
23.214,-315.16,322,84.935
16.934,-316.69,284,83.182
14.469,-318.06,289,81.875
15.038,-320.28,291,89.36
18.396,-320.38,301,97.167
22.93,-319.68,298,90.55
30.032,-322.98,278,78.203
34.396,-326.04,259,65.558
36.121,-324.1,274,76.226
31.115,-319.95,317,69.9
30.145,-323.84,291,73.258
32.257,-322.99,259,65.029
32.19,-320.86,241,65.558
28.048,-321.59,274,69.594
31.48,-323.19,263,65.583
34.086,-320.55,278,72.141
33.121,-319.8,269,70.181
34.113,-318.92,289,73.605
36.83,-318.02,311,83.38
38.506,-319.12,312,89.525
39.465,-321.98,300,91.072
40.449,-325.58,285,80.643
41.812,-329.34,280,81.561
46.358,-330.23,283,90.592
44.839,-327.34,305,104.41
41.079,-324.7,291,105.62
37.682,-323.25,305,117.27
35.449,-322.11,325,114.1
31.174,-316.89,330,93.288
31.051,-320.51,312,92.37
38.246,-322.87,316,86.159
41.171,-318.8,294,76.243
41.647,-318.64,259,75.987
42.418,-322.02,258,71.761
46.129,-323.28,302,77.575
49.102,-321.1,297,86.118
50.302,-318.08,261,74.961
50.168,-316.74,244,75.408
49.659,-317.29,243,78.427
50.407,-320.08,299,87.764
53.699,-327.62,326,99.937
58.481,-327.21,330,108.67
57.844,-324.84,324,90.89
56.657,-326.86,334,89.996
59.711,-328.05,315,99.276
62.334,-325.63,313,95.827
61.915,-322.33,280,71.173
61.107,-324.51,298,93.354
61.418,-323.17,303,101.53
59.606,-321.85,283,89.831
57.775,-321.6,255,74.812
56.309,-323.22,172,47.843
59.337,-322.6,201,58.264
60.48,-320.53,196,54.484
59.721,-318.03,180,51.978
61.015,-314.88,184,53.153
62.142,-314.56,151,43.716
63.35,-312.55,138,44.08
53.516,-312.38,196,61.82
50.755,-314.74,180,59.976
51.107,-318.45,219,74.548
58.822,-323.02,265,91.998
63.504,-319.66,229,85.208
65.65,-319.16,255,92.469
64.622,-318.48,254,97.696
61.785,-318.87,261,94.181
56.538,-319.53,264,81.611
55.189,-322.43,281,102.58
58.852,-324.48,325,101.73
63.749,-322.82,318,94.239
67.195,-320.96,308,91.609
67.325,-318.9,313,99.235
64.416,-320.45,301,97.258
63.883,-323.48,315,105.86
65.142,-322.18,288,81.47
62.237,-319.48,282,79.518
57.966,-319.92,272,76.954
56.819,-322.16,263,81.246
57.234,-323.31,272,79.353
55.936,-322.27,268,85.605
53.672,-321.93,277,69.833
53.156,-320.37,266,82.917
55.118,-320.41,266,80.419
59.097,-326.98,245,82.645
62.472,-327.22,262,77.186
64.441,-324.79,250,85.729
63.131,-321.36,244,80.18
61.041,-318.93,229,68.146
54.861,-319.43,243,72.207
52.515,-322.6,258,71.223
52.03,-327.04,255,71.463
49.593,-335.52,251,66.393
50.466,-338.27,276,83
52.112,-337.52,253,73.803
51.67,-335.78,258,71.926
48.05,-334.35,258,73.356
46.968,-341.66,243,75.507
50.074,-342.92,260,79.237
51.585,-340.53,267,102.98
49.543,-338.59,284,92.8
50.36,-341.39,302,117.53
53.355,-341.23,292,105.21
56.087,-339.5,301,112.94
58.119,-335.73,299,105.08
58.335,-331.94,335,120.61
58.158,-329.97,309,113.15
56.859,-328.03,292,81.941
55.479,-325.8,283,95.223
56.851,-325.11,295,99.499
60.757,-324.36,307,99.772
60.999,-321.05,299,77.368
57.904,-322.46,306,98.73
59.306,-324.96,326,111.73
59.307,-317.39,324,77.302
55.779,-318.58,323,92.114
54.376,-321.77,329,93.214
52.941,-326.04,343,96.621
50.141,-329.42,330,100.68
47.482,-331.85,314,89.442
45.373,-334.84,295,82.198
45.905,-335.23,270,84.762
45.43,-333.71,251,72.86
45.055,-333.51,283,82.975
44.676,-333.6,308,83.074
44.295,-333.69,332,90.294
44.79,-333.51,350,106.71
46.978,-333.36,355,116.91
53.526,-335.88,319,96.844
55.171,-338.14,307,87.962
54.536,-340.6,325,96.654
55.068,-343.04,317,109.04
56.907,-342.96,287,96.596
55.82,-339.63,286,98.043
51.896,-336.45,314,99.036
47.901,-334.93,337,97.068
45.176,-336.49,369,107.55
48.804,-343.77,332,109.34
54.708,-344.58,313,115.8
54.403,-342.45,341,115.1
52.977,-341.03,356,129.45
50.824,-336.9,344,107
49.813,-334.16,341,119.6
46.324,-329.13,320,92.37
44.205,-331.43,326,91.56
44.139,-335.68,318,89.542
44.752,-338.57,320,94.396
46.556,-338.03,317,91.609
46.901,-334.35,295,88.186
44.933,-331.26,281,84.869
43.278,-328.96,286,98.077
42.479,-330.95,297,92.626
40.727,-331.03,322,115.86
39.804,-331.67,331,118.98
38.346,-332.16,354,127.86
36.818,-331.25,353,139.57
36.313,-330.77,337,140.33
39.695,-329.52,314,134.8
41.533,-327.88,309,134.69
37.794,-320.99,360,139.8
34.897,-318.6,353,125.15
31.467,-319.03,332,118.41
30.53,-319.42,326,108.76
30.362,-320.41,315,97.704
38.296,-324.87,308,81.892
41.055,-321.14,320,94.313
38.057,-322.5,324,92.916
38.428,-325.16,296,80.444
44.878,-325.71,312,88.077
45.695,-322.98,316,88.169
44.843,-326.15,282,80.85
44.459,-325.88,305,94.835
44.236,-326.05,318,97.465
43.787,-326.33,341,97.465
43.338,-327.46,354,104.85
42.57,-329.3,348,104.36
46.653,-337.72,291,69.619
49.598,-339.68,282,73.092
51.23,-342.39,257,70.909
52.638,-345.02,256,73.638
54.899,-349.03,237,80.949
50.601,-351.03,290,117.73
52.505,-353.72,291,118.13
57.501,-352.86,284,113.15
57.714,-351.57,321,120.49
57.151,-350.45,298,137.14
57.126,-351.53,292,117.83
60.865,-352.16,306,122.95
62.405,-345.87,320,134.52
58.161,-344.36,322,128.54
51.332,-342.5,311,126.67
44.16,-344.22,316,138.37
43.511,-345.08,309,135.52
42.248,-344.4,304,124.85
40.58,-345.66,304,107.55
44.238,-346.5,300,99.557
44.019,-342.71,315,105.21
43.989,-339.42,306,80.188
42.013,-335.65,347,92.163
38.071,-337.62,333,101.66
38.318,-341.95,321,83.488
45.647,-346.06,295,85.465
53.427,-353.52,256,79.643
52.162,-354.89,269,86.093
52.007,-357.49,275,90.121
54.355,-360,272,82.637
57.094,-361.08,244,70.818
60.153,-363.18,299,96.174
59.708,-365.98,282,93.197
58.849,-367.51,292,103.22
57.106,-367.32,304,104.83
55.855,-369.46,299,93.933
55.06,-366.94,276,97.134
50.454,-365.33,287,98.54
47.16,-366.66,257,78.509
46.121,-368.15,269,85.63
47.465,-368.7,292,94.669
43.984,-363.96,294,80.453
43.306,-367.13,271,70.073
46.418,-367.89,289,71.926
48.651,-363.98,298,82.338
46.721,-360.97,299,88.913
44.829,-362.02,281,77.351
47.399,-365.22,298,93.339
52.453,-364.63,286,84.398
49.475,-357.41,309,101.26
48.47,-348.96,319,108.92
47.436,-345.44,294,99.334
45.925,-346,277,69.321
48.276,-343.56,275,72.497
45.694,-340.01,274,68.105
43.335,-340.11,246,67.055
44.105,-341.9,255,66.154
44.331,-341.43,257,67.956
44.79,-341.34,258,68.858
44.516,-341.19,296,72.513
44.011,-340.89,317,86.019
44.435,-340.11,345,88.533
42.184,-332.55,315,87.639
43.255,-324.74,307,92.254
41.923,-323.77,302,91.874
43.122,-321.52,319,93.842
45.475,-320.62,305,89.98
46.966,-322.38,318,92.966
47.323,-329.6,325,102.02
47.868,-336.28,319,91.998
51.99,-341.36,344,111.26
53.541,-341.18,323,108.08
52.798,-339.8,321,106.86
51.6,-338.34,326,114.38
51.66,-337.09,334,115.72
50.877,-336.56,343,109.03
44.433,-330.5,287,72.364
42.689,-329.96,262,61.869
40.843,-329.11,274,68.105
39.201,-329.57,300,82.727
39.872,-337.3,227,101.15
42.67,-341.19,173,108.11
43.959,-342.54,173,103.06
44.289,-342.35,267,99.673
38.295,-331.8,337,115.43
34.941,-329.51,335,109.9
32.594,-328.62,325,110.35
35.137,-326.96,317,97.324
41.461,-324.6,349,119.47
40.871,-321.66,354,123.84
40.464,-319.88,341,106.64
41.106,-319.15,351,108.58
45.152,-320.16,362,108.88
51.481,-316.78,357,121.48
50.767,-315.4,337,91.99
45.615,-320.49,369,114.08
46.957,-331.59,353,124.66
46.468,-335.24,338,110.82
44.856,-338.77,330,112.76
44.353,-342.38,335,112.24
45.485,-342.84,314,96.547
45.371,-340.65,333,88.888
43.015,-339.61,332,89.964
41.515,-343.33,353,93.883
46.328,-342.67,337,130.31
43.876,-340.99,322,129.93
44.327,-343.63,339,120.18
45.812,-342.67,325,103.72
45.185,-342.2,327,97.63
44.905,-343.24,335,110.3
45.371,-343.11,359,119.84
46.659,-342.58,352,128.08
48.604,-343.21,346,130.86
51.196,-344.93,338,123.48
52.485,-346.73,310,106.64
56.543,-351.91,315,114.28
55.853,-350.35,324,91.005
53.174,-349.64,328,99.681
51.188,-350.25,325,120.07
49.692,-350.27,319,104.93
50.368,-350.82,270,81.296
50.265,-343.95,298,87.085
47.73,-341.69,279,90.153
45.866,-342.99,261,78.774
45.421,-345.45,250,86.077
47.963,-346.06,275,74.581
50.483,-347.06,279,85.25
52.656,-353.37,269,78.038
52.682,-354.53,269,80.668
49.548,-353.69,275,89.062
47.087,-353.27,277,87.97
44.318,-350.52,313,114.19
41.517,-349.41,304,105.66
39.629,-346.91,290,88.028
38.882,-343.39,271,80.85
40.698,-341.76,276,87.772
43.722,-342.48,284,83.852
44.304,-343.7,307,88.632
45.622,-343.82,326,91.899
46.752,-344.58,336,102.79
55.304,-349.43,329,148.07
55.582,-351.27,318,114.66
56.128,-348.62,298,104.48
53.432,-347.52,312,114.3
50.731,-345.92,304,116.42
47.339,-339.63,317,95.926
45.582,-339.89,286,81.991
44.96,-341.43,278,70.669
46.522,-343.66,295,75.251
49.208,-341.67,268,75.482
46.603,-340.06,286,79.03
42.229,-340.15,305,93.503
39.291,-343.88,307,102.39
43.676,-345.53,318,106.25
47.13,-347.19,306,97.713
48.39,-350.35,299,99.996
47.66,-352.94,310,104.16
51.05,-356.57,313,129.27
53.109,-358.28,307,156
55.712,-359.26,291,141.27
61.381,-364.42,315,155.81
64.053,-364.71,307,173.64
65.342,-362.09,314,158.61
66.254,-354.83,322,131.36
66.9,-353.05,317,116.91
65.173,-352.06,303,94.074
58.831,-349.31,332,109.48
55.42,-348.13,316,121.5
48.79,-351.67,295,98.739
46.068,-355.29,306,89.666
47.383,-359.38,298,91.609
51.669,-358.86,305,77.873
55.556,-364.74,303,86.581
58.323,-369.56,296,90.799
61.033,-370.39,299,77.674
61.028,-368.01,312,88.706
62.852,-367.78,313,107.55
67.611,-365.83,319,117.92
70.994,-358.02,329,157.29
71.673,-352.6,346,130.09
68.435,-348.2,363,137.83
60.379,-346.15,356,144.29
59.632,-347.28,343,131.45
58.758,-348.05,357,129.85
56.374,-347.62,348,144.54
52.617,-355.19,332,118.71
52.341,-357.17,344,142.21
48.457,-356.86,335,119.42
47.464,-358.82,324,105.77
43.981,-352.15,330,118.22
42.073,-352.51,318,93.685
45.93,-359.3,320,103.93
49.166,-358.2,306,84.613
45.998,-354.99,303,107.71
47.936,-355.81,294,93.578
47.464,-355.51,332,92.61
47.515,-355.53,347,95.819
47.94,-355.68,357,101.09
49.505,-355.23,351,119.04
49.757,-354.21,345,110.38
49.724,-352.6,317,107.73
49.727,-350.45,309,89.368
44.865,-347.83,319,94.281
44.467,-349.86,311,93.288
46.07,-352.82,307,107.51
46.519,-355,307,97.043
46.505,-355.46,305,101.15
45.693,-353.21,331,96.687
43.896,-351.24,319,108.39
42.518,-349.62,326,106.22
41.556,-348.26,309,99.4
40.765,-347.4,298,91.419
44.333,-347.72,304,105.64
46.043,-344.55,325,108.95
44.728,-344.27,351,111.2
46.535,-346.24,347,121.27
49.485,-347.46,346,139.43
52.684,-350.98,339,136.1
54.665,-351.09,327,118.12
56.548,-351.35,332,126.58
56.158,-350.98,342,146.07
53.416,-351.25,336,141.71
52.896,-353.07,350,112.97
51.111,-350,342,127.96
50.976,-353.66,347,154.37
52.582,-355.93,342,161.39
57.232,-352.24,345,145.13
53.619,-351.12,340,123.28
50.955,-353.16,339,140.91
51.369,-356.41,331,131.6
54.521,-357.89,375,138.88
57.182,-352.2,396,145.91
56.011,-349.71,392,140.78
54.094,-350.77,398,134.84
54.977,-352.99,393,105.26
57.748,-353.65,373,93.817
64.063,-354.14,391,120.13
60.557,-356.34,373,139.01
55.809,-357.86,346,98.035
55.754,-357.28,363,108.32
57.743,-356.01,395,122.52
56.445,-356.25,397,111.77
55.587,-356.73,389,118.07
59.338,-361.08,398,129.25
60.586,-359.39,371,119.01
59.745,-355.35,394,120.96
56.782,-354.19,399,124.38
54.391,-354.55,402,149.97
52.454,-355.53,391,154.9
52.116,-356.7,372,144.74
53.381,-356.05,324,114.77
54.636,-355.04,334,122.92
49.738,-350.13,327,113.94
48.002,-348.34,309,106.32
47.621,-346.77,322,116.76
49.767,-347.06,335,125.53
53.67,-346.63,347,128.88
57.048,-347.47,332,120.59
57.625,-352.68,340,189.84
62.845,-352.13,336,149.61
64.409,-351.88,331,160.47
66.52,-353.97,341,136.57
69.297,-354.63,321,148.95
68.531,-351.31,346,127.64
65.949,-350.15,315,88.624
61.36,-352.53,334,140.05
65.217,-354.89,334,120.56
69.961,-350.77,351,158.36
72.523,-350.78,280,100.04
71.113,-350.8,345,126.34
68.424,-348.73,346,140.59
64.985,-347.88,339,151.84
61.911,-348.87,339,143.69
59.214,-349.11,336,105.68
57.06,-347.99,315,104.64
54.939,-347.08,320,113.62
54.149,-349.26,313,121.22
56.139,-350.6,306,80.651
57.286,-349.09,313,87.664
57.298,-347.19,307,92.709
58.407,-346.93,302,92.842
55.899,-346.04,324,109.32
54.46,-345.17,327,121.51
52.771,-344.51,318,116.06
48.686,-342.25,327,134.16
45.676,-341.18,318,136.51
43.15,-340.24,330,126.81
40.947,-339.66,309,129.39
39.912,-338.66,318,119.05
40.893,-336.75,313,106.48
42.463,-335.23,322,117.28
44.266,-334.67,335,139.59
45.612,-335.78,344,137.76
47.612,-338.55,323,142.19
52.446,-340.28,329,148.39
56.011,-336.97,327,129.28
54.487,-335.81,330,117.83
52.446,-335.44,356,115.58
50.592,-334.01,328,104.81
50.509,-331.78,321,110.61
52.221,-329.49,345,105.06
54.999,-328.84,340,109.05
56.61,-329.15,337,114.73
57.702,-322.77,320,131.59
56.968,-321.08,315,115.27
57.548,-320.74,293,110.08
57.392,-322.54,297,122.06
58.433,-319.08,335,101.13
54.897,-316.7,328,114.9
50.436,-317.27,320,104.4
49.621,-319.76,334,123.38
55.236,-315.05,348,116.51
55.741,-311.84,329,128.39
54.23,-316.99,337,125.53
53.296,-320.28,328,108.22
53.321,-321.77,326,115.31
50.067,-319.24,331,138.82
46.436,-320.57,331,125.76
46.481,-321.68,317,132.8
47.181,-319.14,330,133.99
46.118,-317.33,346,146.43
43.684,-315.45,339,149.62
42.603,-315.83,355,156.14
43.688,-316.66,353,141.27
44.944,-316.46,351,135.02
46.868,-318.31,349,122.42
48.101,-319.79,336,106.91
50.547,-321,336,105.49
53.245,-320.18,350,103.14
54.475,-319.74,352,115.02
53.828,-319.88,333,105.93
51.705,-320.9,307,99.631
49.676,-322.86,318,95.19
50.008,-325.52,307,91.03
53.375,-326.03,321,86.167
54.354,-322.26,331,99.755
51.285,-322.5,329,107.91
48.871,-321.76,324,123.61
49.166,-323,336,130.14
51.504,-324.25,333,126.46
53.411,-325.83,330,108.85
54.488,-326.4,323,104.26
55.318,-328.04,326,116
56.711,-329.99,346,131.37
59.09,-328.09,343,125.04
58.044,-323.91,336,125.33
55.231,-324.56,348,130.63
54.968,-328.22,346,128.91
57.974,-325.59,345,132.08
51.6,-328.48,343,132.58
53.441,-330.81,341,172.2
47.359,-328.36,347,131.5
45.806,-329.9,354,131.51
45.866,-331.8,359,140.49
46.35,-332.77,333,120.84
46.854,-331.73,322,103.55
41.699,-330.43,328,126.46
40.839,-330.93,314,137.33
40.325,-332.03,329,103.87
41.899,-333.41,350,103.9
45.241,-334.74,345,136.4
48.655,-336.39,344,145.85
50.624,-341.94,335,91.171
50.339,-348.02,325,110.15
51.043,-347.26,322,101.04
49.98,-346.24,327,115.01
48.412,-347.11,318,112.01
49.42,-347.52,291,103.78
49.353,-346.96,310,95.009
49.791,-345.89,324,120.03
49.631,-345.31,354,132.84
50.668,-345.49,352,130.36
52.489,-347.35,329,101.18
53.115,-346.35,322,102.23
51.637,-347.76,312,96.986
49.843,-348.71,304,112.96
49.986,-350.51,317,129.18
52.64,-350.6,323,133.94
55.929,-351.58,317,126.09
58.255,-353.48,320,149.15
58.124,-356.02,317,155.08
52.164,-353.86,320,148.66
49.695,-352.49,314,155.9
50.641,-356.86,312,171.81
52.037,-358.18,316,146.89
51.549,-360.67,308,142.38
44.021,-356.75,272,104.85
39.333,-354.84,253,96.804
36.728,-352.02,217,108.64
37.734,-349.81,243,108.21
37.925,-347.36,299,182.51
36.299,-346.34,298,152.73
36.059,-347.61,305,97.481
37.572,-349.53,325,106.98
39.655,-351.74,320,123.83
46.717,-355.93,326,113.26
52.418,-358.87,303,145.22
53.606,-357.91,314,161.64
57.722,-362.35,296,144.69
59.852,-360.76,306,110.06
60.617,-358.34,306,101.71
57.923,-357.64,302,129.63
56.764,-363,238,104.2
59.953,-359.14,359,138.87
63.95,-358.93,384,184.69
61.529,-355.65,381,153.68
60.347,-357.28,366,166.72
62.831,-359.02,365,155.72
64.897,-356.59,369,156.42
62.835,-354.41,346,151.96
61.26,-353.61,373,186.63
61.175,-351.64,368,183.7
61.165,-348.06,361,156.46
62.997,-347.67,370,181.52
62.806,-349.28,377,176.79
60.237,-348.84,400,182.67
58.796,-348.07,394,191.57
54.691,-346.04,369,151.87
53.685,-344.91,360,128.14
54.866,-343.54,365,122.68
57.329,-342.25,357,118.39
59.941,-339.84,372,135.34
58.497,-338.26,342,119.12
56.949,-338.86,344,116.78
59.441,-341.63,368,155.88
58.888,-340.62,338,136.75
58.76,-341.01,346,109.51
58.677,-340.76,365,141.16
58.654,-340.85,376,147.01
58.436,-341.26,394,141.12
58.111,-341.1,394,137.83
56.631,-340.15,395,144.23
55.545,-339.18,387,140.12
54.102,-339.58,375,133.61
52.826,-339.24,354,122.84
53.655,-337.38,359,111.84
55.724,-337.54,364,139.15
57.682,-338.01,356,155.94
58.038,-337.44,357,157.53
57.49,-335.9,350,137.52
56.885,-334.47,360,126.42
54.355,-332.51,363,150.72
55.645,-333.78,352,127.31
59.989,-338.19,359,126.07
57.839,-337.15,386,141.23
56.558,-333.15,348,141.14
58.07,-330.9,345,125.72
63.109,-331.62,381,170.15
64.475,-331.2,396,168.32
65.939,-331.36,414,188.27
67.604,-330.4,416,191.29
67.465,-328.12,417,195.13
66.217,-329.07,404,170.85
66.988,-327.35,406,154.16
67.296,-326,399,192.16
67.093,-324.97,404,177.61
63.586,-322.28,395,149.86
57.929,-320.21,374,137.91
53.007,-320.4,400,156.37
50.222,-321.44,396,154.42
50.013,-322.12,383,112.68
49.618,-319.98,356,158.57
51.278,-320.54,384,195.42
47.04,-320.47,340,173.34
45.476,-322.65,384,177.08
43.262,-322.16,386,175.06
39.57,-317.53,356,171.75
37.156,-311.97,246,104.71
39.673,-310.98,248,91.559
43.001,-309.06,253,106.5
44.151,-306.66,269,141.16
40.791,-304.51,244,104.97
40.409,-303.67,247,105.94
41.112,-301.7,258,110.43
39.164,-299.42,255,112.86
40.629,-304.51,318,147.54
39.127,-303.47,296,116.52
34.681,-308.1,294,147.81
35.927,-311.57,302,148.16
36.879,-311.43,293,140.25
36.718,-309.22,297,145.89
32.852,-308.76,258,111.75
32.856,-314.45,298,124.34
37.555,-305.82,247,109.3
35.376,-305.45,225,101.6
33.206,-309.92,289,153.4
31.684,-310.65,290,128.35
30.507,-312.1,298,143.98
29.984,-310.34,254,115.32
30.944,-309.62,247,108.07
33.694,-312.46,289,141.59
35.42,-310.96,253,115.37
34.052,-311.91,248,111.75
30.436,-313.73,313,170.09
31.084,-315.02,314,144.43
31.275,-315.05,312,130.88
30.402,-313.93,301,157.37
29.357,-312.5,316,132.37
31.917,-309.62,254,123.86
31.771,-308.26,256,119.18
29.571,-306.62,261,120.6
27.168,-306.19,246,110.07
24.779,-305.82,230,99.582
20.832,-307.95,268,123.07
19.742,-306.34,265,125.48
21.491,-302.83,201,85.795
24.597,-304.4,232,94.355
24.495,-307.13,224,98.829
20.928,-310.36,278,151.68
19.432,-312.78,268,116.56
18.811,-311.21,273,128.91
15.603,-310.3,284,130.57
14.156,-312.51,268,114.99
14.737,-313.74,276,137.28
18.358,-311.25,242,107.17
20.097,-309.39,245,107.41
20.032,-307.93,205,89.095
19.67,-311.49,258,134.27
21.094,-312.4,272,125.33
22.403,-314.85,278,120.83
21.845,-318.42,285,131.03
25.082,-319.91,228,94.396
26.109,-317.88,235,95.711
23.08,-316.75,245,111.95
19.783,-322.85,294,126.33
21.131,-325.5,277,108.6
25.46,-321.94,286,126.28
24.96,-319.1,298,167.7
24.949,-320.19,266,110.34
26.689,-322.26,254,92.941
30.769,-322.76,313,161.9
31.437,-321.38,332,173.21
31.509,-320.99,260,133.75
32.734,-326.4,306,182.34
31.946,-327.99,294,144.75
28.587,-328.11,281,134.89
23.807,-324.73,224,85.448
24.158,-320.87,254,121.92
24.282,-318.21,246,92.395
25.341,-316.36,245,102.95
25.951,-315.85,260,102.19
34.037,-321.95,247,133.31
29.348,-319.39,247,124.98
28.987,-321.92,252,129.83
32.388,-324.01,243,120
35.055,-323.7,277,136.22
33.219,-324.31,288,152.62
29.913,-326.69,245,113.62
30.267,-327.37,249,132.18
34.847,-324.96,239,107.54
34.789,-321.93,237,102.67
32.149,-321.91,241,110.63
31.661,-323.94,249,118.4
33.819,-330.71,253,135.93
34.56,-333.41,241,132.64
37.413,-335.37,230,118.36
34.987,-334.19,248,134.58
42.133,-338.35,243,109.19
41.907,-340.98,228,121.38
43.927,-340.21,261,134.04
42.871,-340.82,228,108.09
41.556,-338.59,256,139.15
43.717,-340.4,245,128.11
43.708,-336.59,269,143.98
42.677,-338.86,249,131.04
41.737,-339.43,251,143.95
50.931,-346.66,155,66.807
40.599,-335.39,264,145.54
39.89,-336.38,238,124.12
41.392,-333.49,272,132.28
47.073,-338.86,274,155.96
49.369,-337.75,283,141.47
48.535,-337.69,283,127.11
49.433,-341.09,361,194.21
54.525,-351.01,233,121.69
50.891,-339.44,371,208.04
48.547,-336.52,311,166.38
43.655,-337.09,365,196.01
43.601,-336.89,365,184.49
44.201,-335.94,375,175.45
43.272,-335.34,374,196.42
45.233,-336.1,367,201.21
44.562,-334.6,384,200.84
42.796,-334.21,395,211.68
42.558,-332.91,395,199.25
41.733,-332.19,392,224.06
37.849,-327.11,318,158.51
35.389,-322.24,314,141.91
35.47,-319.83,303,135.74
35.869,-315.61,328,160.88
34.563,-314.61,276,92.478
36.049,-320.01,343,161.45
33.355,-318.08,309,136.74
29.415,-317.19,304,146.07
27.033,-318.5,283,126.55
30.163,-320.64,314,154.04
31.44,-319.41,302,138.24
31.623,-319.78,330,167.48
30.661,-320.9,321,154.21
30.447,-322.99,303,146.07
30.862,-325.39,324,149.74
31.603,-326.88,313,156.5
32.431,-328.4,300,148.01
32.548,-329.95,306,154.95
31.216,-331.05,303,129.36
31.404,-332.41,293,131.7
32.473,-334.21,289,128.63
34.24,-341.62,286,132.13
34.193,-346.29,250,102.66
37.873,-348.07,339,168.41
35.092,-348.66,279,141.48
31.785,-349.1,300,127.69
30.406,-347.09,295,127.87
29.99,-345.43,302,127.77
29.96,-345.42,309,139.3
30.645,-345.31,316,150.06
31.139,-345.7,297,129.92
29.487,-346.95,307,158.56
26.017,-352.07,269,144.56
24.209,-354.07,260,126.94
24.848,-355.76,266,117.85
27.066,-354.5,288,128.69
27.463,-353.93,294,115.27
26.208,-353.22,300,143.15
24.311,-354.92,274,148.68
24.88,-352.3,297,138.71
28.511,-350.76,372,210.23
25.968,-346.86,300,146.42
22.934,-346.13,292,160.25
21.718,-347.53,297,163.05
25.806,-350.61,345,212.92
25.429,-346.61,294,159.85
23.837,-343.88,311,167.74
21.551,-344.39,287,147.87
23.194,-344.22,292,133.17
24.527,-341.84,309,153.35
24.021,-335.92,307,158.37
21.764,-334.46,304,164.66
19.047,-335.05,275,146.46
20.582,-333.06,253,136.84
20.925,-331.09,300,177.17
19.295,-328.23,300,158.96
20.201,-328.21,288,129.39
21.2,-330.09,305,127.03
23.232,-330,309,121.75
23.002,-330.41,296,123.9
22.626,-332.81,268,148.57
27.288,-334.4,293,135.57
31.741,-338.94,358,197.3
28.911,-336.82,291,150.89
26.694,-337.81,275,126.38
25.818,-335.91,282,147.1
28.44,-338.86,332,182.56
25.579,-337.31,262,106.86
28.135,-337.21,286,144.38
30.992,-340.03,352,218.44
25.605,-341.9,270,123.35
26.909,-342.24,284,158.37
28.43,-344.19,277,127.1
29.857,-341.61,334,148.02
30.627,-340.97,334,165.55
30.171,-336.83,298,132.75
28.203,-333.9,301,151.37
25.137,-334.08,266,122.76
28.573,-337.19,289,130.11
28.415,-333.1,280,132.75
31.681,-338.29,335,179.65
32.65,-333.74,290,135.36
33.725,-331.72,290,114.78
32.829,-331.43,290,118.21
32.526,-333.56,285,145.7
33.712,-335.38,290,153.69
34.597,-339.47,334,180.56
34.702,-340.2,333,173.34
34.798,-339.21,342,182.34
33.591,-334.72,291,148.91
34.535,-332.98,295,142.86
36.88,-332.07,291,135.86
39.053,-333.05,290,128.69
39.322,-335.55,290,136.12
37.868,-336.31,282,136.78
36.259,-335.31,296,152.47
37.198,-332.72,294,148.41
39.558,-325.96,273,103.2
38.708,-329.81,294,145.25
39.954,-327.51,265,123.37
37.402,-326.2,264,118.78
43.242,-328.06,298,144.99
39.966,-326.35,264,124.94
38.998,-329.07,256,114.07
42.341,-331.64,286,148.98
38.586,-327.73,270,139.03
38.682,-330.18,263,146.23
40.066,-330.89,271,142.58
40.802,-329.35,277,130.54
39.839,-325.72,261,119.4
38.351,-324.46,266,130.76
33.024,-334,166,80.114
34.546,-336.75,139,64.723
33.705,-342.88,199,95.24
39.767,-329.49,288,159.92
36.523,-327.77,270,135.62
36.523,-327.77,270,135.62
