0,-0,251,60.852
-5.1606,-6.135,350,73.514
-5.0776,-11.622,327,68.775
-5.4465,-17.709,322,71.976
-6.3853,-23.083,317,71.124
-6.2991,-29.464,353,77.368
-8.0179,-37.619,303,73.175
-12.036,-43.524,330,75.4
-10.833,-49.689,289,69.04
-8.891,-57.779,314,73.812
-7.412,-65.109,312,74.25
-4.3198,-72.187,270,72.455
-3.8334,-78.136,324,78.65
-2.7178,-83.28,281,76.334
-3.6705,-87.591,287,72.497
-5.3549,-93.334,255,72.588
-11.319,-97.759,276,61.133
-16.391,-104.34,247,58.47
-20.293,-106.31,306,67.799
-21.845,-103.59,237,60.141
-24.915,-103.78,168,54.253
-26.592,-101.79,205,53.5
-25.452,-102.57,228,54.889
-25.607,-103.11,242,60.15
-25.626,-102.9,227,58.942
-25.939,-103.92,418,81.685
-27.371,-107.73,432,86.292
-26.17,-110.41,477,89.385
-23.398,-111.03,451,86.647
-19.01,-111.77,449,86.689
-16.916,-113.33,444,78.195
-17.938,-118.72,436,77.914
-21.145,-123.66,421,76.243
-25.471,-129.75,391,75.573
-29.857,-132.18,364,72.182
-27.358,-130.87,341,71.926
-27.778,-130.62,370,71.372
-27.897,-130.98,379,70.818
-27.555,-130.8,380,70.71
-27.292,-131.07,368,70.173
-26.304,-133.27,333,72.414
-28.841,-135.63,269,73.382
-30.213,-137.4,303,86.871
-31,-141.92,235,78.717
-31.662,-146.18,206,73.945
-38.226,-148.03,224,66.708
-47.52,-145.28,457,87.292
-51.828,-144.65,470,89.997
-55.487,-145.09,454,89.848
-52.86,-143.89,452,84.224
-48.744,-145.52,432,82.942
-48.922,-140.37,486,84.654
-46.992,-139.57,463,84.48
-47.228,-140.5,461,82.495
-47.044,-140.28,428,77.723
-46.869,-140.63,432,81.884
-45.9,-142.08,447,77.376
-44.248,-145.26,466,85.548
-42.334,-149,493,90.509
-40.948,-152.31,457,87.897
-39.171,-156.29,524,93.106
-34.707,-157.87,511,102.11
-33.386,-157.51,552,95.711
-32.371,-161.46,522,93.884
-29.74,-161.06,485,100.42
-27.548,-154.65,499,107.67
-30.95,-154.29,491,105.44
-36.422,-162.85,436,93.073
-41.734,-171.19,452,88.831
-45.054,-178.15,358,90.336
-46.674,-179.06,363,83.315
-47.05,-179.78,366,84.647
-47.339,-179.74,343,77.699
-47.752,-180.87,369,78.22
-48.073,-182.26,299,72.497
-49.327,-184.78,315,74.333
-50.774,-186.93,329,78.7
-51.884,-187.57,313,94.778
-51.163,-190.8,201,99.045
-57.542,-192.74,385,101.77
-61.44,-196.08,348,98.565
-58.584,-203.91,200,84.795
-64.151,-207.61,291,104.73
-65.611,-212.51,281,111.68
-61.306,-217.49,246,86.35
-62.953,-221.59,358,110.13
-61.686,-223.08,263,88.922
-61.153,-229.68,204,59.19
-63.862,-237.27,256,95.77
-67.781,-241.64,345,82.024
-70.202,-245.81,333,81.106
-70.758,-246.83,304,77.649
-69.116,-245.91,279,71.769
-69.811,-246.18,301,70.594
-70.179,-246.21,289,68.188
-70.445,-245.79,314,69.42
-70.353,-245.48,318,70.636
-69.526,-244.02,293,69.23
-71.405,-241.77,362,73.374
-74.73,-241.63,409,90.609
-78.162,-242.69,338,85.829
-78.104,-244.12,303,80.792
-75.089,-246.94,345,108.6
-74.606,-247.78,408,109.46
-71.501,-251.5,405,102.24
-70.237,-257.86,503,108.9
-69.856,-268.76,321,69.346
-73.809,-274.12,264,68.693
-77.565,-273.11,267,73.258
-77.47,-272.57,309,67.055
-78.532,-273.39,313,67.146
-79.124,-273.39,294,66.526
-80.806,-274.76,324,64.987
-82.951,-277.13,279,66.6
-84.912,-280.66,274,73.738
-85.763,-284.7,431,82.214
-87.103,-290.5,480,82.992
-87.296,-297.01,379,88.624
-86.842,-300.74,457,103.65
-86.398,-306.44,419,90.584
-88.274,-313.05,487,90.592
-90.324,-318.94,473,85.861
-91.002,-318.03,390,76.524
-91.126,-319.8,398,74.879
-91.157,-319.81,366,73.382
-91.243,-320.54,379,70.826
-91.336,-322,415,72.381
-88.942,-323.45,380,75.623
-88.205,-325.51,417,82.983
-89.216,-329.8,421,85.688
-90.999,-334.28,368,81.71
-95.976,-338.21,441,88.244
-101.85,-341.21,370,87.226
-106.84,-345.89,394,93.239
-109.46,-351.45,375,95.472
-110.83,-356.77,373,91.047
-114.1,-362.47,404,90.964
-113.85,-366.86,366,80.047
-116.94,-371.41,370,79.626
-118.89,-376.56,393,78.294
-116.91,-377.26,439,80.031
-117.41,-379.13,471,83.19
-117.18,-379.3,421,79.791
-116.81,-380.69,449,81.958
-115.6,-383.39,470,83.711
-114.18,-387.69,477,84.91
-114.93,-393.07,460,86.341
-118.18,-398.95,482,85.266
-122.33,-405.67,508,86.565
-125.54,-413.04,521,86.3
-126.67,-419.28,493,83.389
-124.39,-423.44,453,84.819
-123.91,-430.11,410,84.712
-126.33,-434.74,394,80.072
-127.43,-441.34,356,81.487
-125.43,-444.29,380,82.818
-123.74,-444.47,392,80.742
-126.95,-450.18,399,80.379
-132.65,-458.66,367,80.288
-140.99,-464.76,357,76.277
-147.87,-470.72,327,68.866
-154.86,-476.31,350,80.867
-162.71,-482.35,410,96.216
-167.32,-488.97,402,94.364
-171.7,-494.13,349,109.27
-177.37,-495.43,385,93.917
-180.12,-496.27,412,97.705
-181.5,-501.64,378,112.89
-177.04,-502.19,378,117.19
-181.9,-501.52,351,97.812
-180.54,-498.39,340,78.592
-181.46,-499.63,338,81.892
-173.3,-505.16,386,95.389
-168.8,-515.13,316,84.076
-163.67,-522.44,355,91.643
-162.26,-531.79,428,105.48
-162.58,-540.16,438,104.44
-164.75,-546.06,439,106.53
-165.29,-552.61,306,103.93
-170.3,-556.37,442,96.083
-171.65,-562.77,404,96.597
-171.8,-570.01,396,90.948
-171.1,-570.45,414,89.848
-171.1,-570.45,414,89.848
