0,-0,56,30.335
-0.62375,-0.75282,57,31.667
-0.33929,-0.51786,56,30.724
-0.33135,-0.20701,54,28.102
-0.9568,-1.1526,62,30.145
-1.2321,-0.57143,56,29.037
1.5593,-0.39459,62,32.965
0.74946,-0.71374,66,30.897
1.2746,-1.0357,64,28.656
2.1448,-1.3393,63,33.718
3.5572,-0.8687,54,33.999
3.9254,-0.48408,52,31.741
3.2378,-1.8121,53,29.227
2.1282,-1.3848,62,27.821
-0.40755,-1.0406,64,25.952
-1.3575,-0.79623,69,28.102
-1.3503,-1.5187,60,27.358
-1.0325,-1.7124,64,31.94
-0.33511,-1.3232,66,31.931
-0.20113,-0.44764,57,26.853
-1.4243,-1.3317,54,31.683
-0.85026,-1.3687,60,32.32
1.1099,-1.615,67,30.633
3.3461,-0.45774,73,35.322
3.3912,-0.85849,98,48.149
3.9228,-1.3864,141,54.625
3.9089,-2.5655,155,56.932
4.0673,-4.4586,178,60.695
3.713,-6.2163,187,62.135
3.3386,-6.9854,180,59.744
2.6067,-7.2881,186,61.638
2.4984,-7.5575,196,68.949
2.2264,-7.7724,187,79.064
2.0459,-7.4315,183,85.241
1.6373,-8.3165,201,78.955
1.9321,-8.7871,196,74.887
2.611,-8.9493,211,62.672
4.2196,-9.159,186,74.051
4.4069,-8.4372,197,63.135
6.0612,-7.6031,192,59.397
6.9858,-5.8527,187,63.714
8.8164,-5.1559,195,57.321
8.5515,-2.7476,190,59.397
9.7483,-3.2002,181,58.198
10.889,-4.9156,192,57.71
11.995,-5.3958,203,62.845
13.104,-7.0657,198,56.105
13.247,-9.7883,199,54.021
11.237,-11.321,199,57.925
9.4099,-13.605,205,56.634
6.8689,-13.493,197,58.644
4.0693,-12.031,203,66.253
3.3936,-8.7371,190,61.249
3.2632,-3.4865,191,79.461
3.7861,0.38383,198,62.961
5.6231,2.5863,200,64.549
6.8098,3.8343,202,70.099
4.9131,5.5717,193,82.339
2.644,6.9589,174,72.497
1.4724,8.759,188,65.211
1.1597,8.9223,201,68.585
-0.41054,9.626,188,66.89
0.022681,11.913,202,72.133
1.3339,12.38,181,72.852
1.3182,12.243,188,65.385
0.9777,11.819,186,61.084
0.76226,11.796,197,60.803
0.41226,11.509,260,68.419
1.3656,10.963,271,69.089
2.8543,10.368,277,73.878
3.025,9.6367,274,71.14
1.2048,8.6151,261,72.133
0.33316,8.4237,268,69.784
0.22481,8.7619,267,71.19
0.3274,8.7913,261,73.208
0.54375,8.3402,270,72.158
1.1148,8.7699,278,83.315
1.5024,9.9971,279,72.141
0.33369,10.512,294,76.467
-1.5442,11.7,279,72.29
-2.5483,12.288,264,76.905
-2.2057,12.483,265,71.554
-1.3967,11.818,258,71.686
-1.526,10.352,255,73.365
-1.805,10.29,238,70.396
-1.6796,10.413,241,63.689
-1.9409,11.425,256,66.245
-1.7417,12.333,254,70.355
-2.3021,13.254,264,75.78
-3.537,13.073,269,66.881
-4.8172,12.938,277,72.025
-6.6791,13.532,273,71.802
-7.6641,14.663,258,71.289
-7.0597,17.182,264,66.848
-6.879,18.388,262,68.006
-7.9877,19.564,276,71.761
-7.8076,22.78,272,69.429
-7.7264,24.959,265,65.947
-7.2966,26.534,272,72.182
-6.2068,27.508,275,77.021
-5.6054,28.284,257,72.455
-3.6444,29.778,257,74.829
0.50932,29.383,255,79.708
3.9755,24.331,272,93.288
6.7659,17.561,278,93.61
10.33,10.7,266,86.498
11.506,7.5596,250,80.734
9.9135,6.0174,238,78.451
9.0007,6.4641,237,75.747
8.5073,6.7958,253,72.943
8.2878,6.2024,274,76.45
9.0536,6.4462,278,73.63
9.2075,6.5965,274,69.106
9.2079,7.3976,276,68.949
9.0295,7.1331,275,73.613
11.582,5.2531,275,71.19
13.694,1.3528,273,68.171
15.269,-4.0202,280,72.795
16.018,-8.7409,278,74.192
16.005,-12.028,268,71.604
16.136,-12.635,285,75.482
19.728,-10.766,266,73.465
20.337,-12.815,268,74.738
21.762,-13.691,260,70.983
21.612,-15.306,249,75.019
22.76,-16.14,257,79.535
22.391,-17.11,256,80.626
21.938,-18.356,262,81.941
20.062,-17.414,269,89.269
21.097,-12.849,273,79.518
22.243,-11.661,261,85.92
24.555,-10.439,290,88.954
25.305,-12.575,278,77.922
25.363,-14.253,267,77.203
23.983,-16.601,251,78.137
23.139,-18.412,259,76.971
22.395,-18.119,263,77.144
24.01,-18.826,262,77.939
25.536,-19.811,267,81.503
28.858,-16.994,255,76.127
33.306,-15.868,249,76.747
35.413,-16.236,245,67.799
37.943,-15.76,238,82.297
36.98,-16.085,241,85.671
38.304,-16.084,242,75.275
42.488,-16.818,235,65.74
44.422,-18.898,219,61.084
46.083,-20.018,218,59.843
45.709,-22.179,208,57.346
42.991,-23.051,221,69.784
38.879,-23.703,235,81.395
35.551,-24.697,225,69.577
33.714,-25.417,239,84.869
32.993,-27.016,238,76.905
31.762,-28.048,240,80.535
30.951,-27.537,260,87.697
28.258,-28.072,259,89.169
26.747,-31.646,262,85.795
27.753,-34.413,257,82.669
32.046,-37.224,250,81.958
33.628,-39.002,254,78.36
30.267,-40.438,234,77.831
28.217,-41.414,244,75.639
27.23,-41.726,245,75.639
26.937,-41.751,246,79.708
24.372,-41.35,255,85.358
20.096,-41.868,253,75.482
16.056,-43.796,247,78.435
13.876,-46.561,233,74.647
10.471,-49.551,206,72.414
10.904,-51.745,187,60.761
13.517,-50.632,200,65.029
13.554,-53.771,209,68.866
13.694,-57.876,211,63.416
14.027,-60.061,230,67.427
13.939,-60.976,226,65.021
12.706,-61.35,187,56.585
8.6114,-60.604,169,59.124
9.6073,-58.902,142,49.621
12.291,-59.371,106,39.424
12.904,-61.279,125,48.902
15.067,-60.09,132,52.549
16.468,-60.052,138,59.488
17.106,-60.03,138,54.517
16.562,-61.066,170,66.526
15.796,-62.422,203,63.118
14.729,-63.305,227,69.04
17.365,-63.801,270,87.226
17.381,-62.032,278,76.533
19.236,-64.142,270,78.848
21.946,-63.193,265,79.609
25.038,-63.582,252,89.294
26.403,-67.343,235,64.905
25.296,-69.447,252,66.691
25.369,-67.384,250,64.152
26.087,-67.632,229,68.75
27.016,-68.973,235,64.731
26.325,-74.027,251,74.3
25.488,-78.091,273,90.005
24.081,-80.134,248,82.727
25.064,-81.876,248,76.615
25.227,-84.72,241,68.378
23.944,-84.954,231,68.833
23.914,-84.17,223,63.325
23.062,-85.424,222,65.012
19.754,-86.482,231,67.642
17.905,-88.366,227,63.143
16.359,-91.089,227,60.232
16.759,-93.807,219,59.562
16.642,-96.191,197,47.876
13.885,-96.454,196,52.665
11.745,-96.959,195,51.515
13.438,-97.043,220,60.877
15.086,-97.649,240,70.603
17.554,-101.14,221,59.736
17.345,-103.99,228,58.801
17.287,-106.67,213,60.695
17.192,-108.62,227,64.822
18.77,-111.77,228,65.566
20.973,-115.14,224,62.845
23.051,-119.48,211,65.393
24.468,-122.03,205,57.205
25.102,-125.13,221,59.016
24.688,-128.96,220,60.604
25.225,-131.23,218,60.331
25.442,-133.08,224,66.029
25.82,-134.25,220,72.108
24.889,-134.72,246,74.581
26.353,-136.22,234,73.721
29.264,-138.33,253,74.564
33.173,-140.21,258,78.666
37.65,-142.26,256,71.579
41.232,-144.76,241,66.294
43.048,-146.13,238,61.29
44.62,-148.71,220,59.405
46.782,-151.37,222,61.704
49.682,-153.2,213,60.05
52.84,-156.09,218,62.564
54.975,-159.76,221,63.275
57.921,-165.99,225,61.448
58.663,-167.32,235,65.186
59.065,-165.8,249,75.325
59.606,-164,272,84.133
62.742,-165.03,274,79.576
62.038,-164.91,268,82.776
61.103,-168.76,274,76.086
59.146,-169.85,262,67.907
61.634,-169.08,258,65.376
63.72,-173.91,245,61.431
63.559,-175.93,231,66.203
62.881,-181.12,222,57.734
60.994,-183.76,222,62.01
61.788,-188.42,215,56.494
63.804,-190.99,213,57.147
63.658,-194.22,209,56.171
65.561,-197.11,225,59.744
69.806,-199.56,231,63.805
72.481,-202.8,225,66.137
73.061,-205.67,241,69.85
74.509,-209.15,247,71.579
77.374,-211.59,220,63.201
79.472,-211.16,225,66.137
83.008,-211.8,204,58.909
84.961,-214.69,201,53.93
83.867,-215.1,208,55.063
85.548,-215.32,214,56.585
84.026,-216.06,215,60.604
86.735,-216.61,200,51.143
90.367,-215.18,203,57.048
93.222,-217.26,211,55.733
94.316,-219.49,205,57.767
92.619,-220.82,218,60.323
91.799,-222.1,221,62.01
92.147,-224.78,222,66.501
93.135,-221.01,231,65.467
94.485,-222.31,203,53.392
94.6,-224.13,216,57.833
93.896,-225.34,223,59.653
94.332,-228.15,222,59.38
94.866,-231,197,51.722
95.255,-231.37,200,59.446
97.511,-234.32,217,59.52
98.868,-236.18,222,62.192
97.065,-238.36,200,52.822
97.011,-238.23,194,51.333
97.227,-238.85,193,53.707
94.388,-241.75,206,53.012
94.534,-245.27,217,60.323
92.165,-249.5,200,57.429
92.18,-252.09,199,56.122
93.992,-255.16,202,56.676
94.126,-258.85,206,59.678
92.392,-262.27,203,60.579
91.17,-265.2,209,61.886
91.17,-269.06,201,56.816
90.614,-270.85,205,55.344
92.935,-271.69,230,62.2
97.013,-275.09,224,60.894
99.391,-278.56,213,58.892
100.12,-281.58,196,54.856
101.41,-282.07,210,60.522
104.44,-283.21,207,58.239
104.39,-284.23,200,55.113
104.26,-285.27,216,60.968
105.44,-284.46,203,57.346
103.72,-283.07,220,67.824
101.08,-284.07,208,62.126
106.1,-284.74,209,60.414
105,-288.09,215,60.505
103.78,-291.63,221,58.363
99.116,-294.02,182,50.473
97.004,-297.01,161,46.371
98.721,-298.32,187,53.293
101.18,-299.73,198,59.653
103.24,-302.67,197,59.19
104.28,-304.77,200,59.289
104.82,-307.48,189,60.72
105.24,-307.49,224,67.245
108.03,-305.88,239,79.245
109.63,-309.54,214,66.799
110.59,-313.35,199,60.786
110.93,-312.65,236,74.44
110.49,-313.01,243,76.309
111.15,-316.57,223,63.623
112.15,-315.72,230,74.746
112.53,-316.57,235,73.067
113.03,-320.87,221,63.325
113.05,-322.32,189,56.907
111.65,-321.27,145,53.219
111.11,-318.62,137,47.016
110.36,-320.56,147,51.069
110.31,-322.6,157,50.456
111.85,-325.42,157,50.763
110.84,-328.12,150,49.737
113.48,-329.66,171,51.54
114.75,-332.04,161,51.101
115.49,-335.68,193,64.706
116.91,-339.77,203,60.207
116.9,-343.21,213,54.666
116.77,-346.3,205,56.668
119.15,-348.27,188,53.086
117.83,-350.2,154,47.264
118.48,-349.26,148,45.395
118.65,-348.56,128,47.909
119.8,-353.76,194,58.016
118.69,-359.19,177,55.824
118.79,-362.05,182,63.342
119.69,-363.22,171,58.272
120.6,-364.81,163,62.729
117.94,-363.63,167,66.344
115.33,-367.97,162,72.389
111.19,-369.77,148,59.86
107.78,-373,110,51.259
107.78,-373,110,51.259
