0,-0,108,36.976
0.065926,-0.086296,100,36.513
-0.70407,-0.6363,100,36.124
-0.68051,0.092318,101,36.215
-0.61653,-0.26328,106,38.109
-0.37963,0.36111,108,37.133
-0.65426,0.4537,106,37.894
-1.0452,0.33832,104,36.769
-1.3835,0.50008,68,29.847
-1.6482,0.66257,61,28.929
-2.1085,1.227,63,29.02
-1.9712,1.4028,65,30.269
-1.9763,1.1131,64,29.566
-2.3256,1.1993,62,29.483
-2.2482,1.2643,65,30.823
-2.4187,1.0396,61,28.259
-2.5334,1.3839,61,28.764
-2.8613,0.95765,61,29.318
-2.8148,1.2246,60,28.458
-3.091,0.66983,70,30.244
-2.9097,1.3105,65,30.17
-2.695,1.7381,64,30.261
-2.695,1.1131,64,29.781
-2.7288,1.1187,62,28.35
-2.8982,1.0913,60,26.754
-2.8855,1.5345,59,26.415
-2.7107,1.7694,64,28.648
-2.9068,1.7171,58,27.722
-3.1315,1.5746,60,28.665
-3.0211,1.4667,59,25.282
-3.2244,1.7379,59,27.333
-3.3939,1.2124,59,27.821
-2.8855,1.4328,59,26.597
-3.1402,1.2587,63,28.855
-2.9294,0.95689,64,28.739
-3.0908,1.0888,61,27.515
-3.0767,1.4333,63,27.821
-2.9924,1.1872,61,28.276
-2.5815,0.94126,60,27.151
-2.9413,1.1826,58,28.21
-2.664,1.0206,63,28.367
-2.8148,0.54732,66,30.17
-3.0661,1.0607,67,29.781
-2.8273,1.1353,67,29.599
-2.5982,0.75793,60,26.787
-2.5746,0.91185,68,29.409
-2.5421,0.63823,66,28.276
-2.5265,0.79261,74,31.005
-2.2157,0.90072,74,31.096
-2.2053,1.1984,70,30.724
-2.1343,1.2607,72,30.335
-2.2975,0.98022,77,31.369
-2.4016,1.2015,73,30.633
-2.4915,1.4955,83,32.502
-2.7107,1.5163,80,32.312
-2.804,1.4997,77,31.005
-2.6482,1.6815,77,30.633
-2.6763,1.4765,71,29.781
-2.5148,1.5413,75,31.576
-2.4427,0.98236,73,29.781
-2.3101,1.406,71,29.5
-2.3339,1.5413,70,29.417
-2.5401,0.92775,74,30.633
-2.5617,0.89188,81,32.221
-2.8277,1.531,78,31.187
-2.6353,1.2874,78,31.278
-2.5841,1.2746,78,31.642
-2.932,0.84667,74,30.335
-2.6741,0.81139,77,30.914
-2.5158,0.75008,68,28.648
-2.491,0.68412,70,29.111
-2.6615,0.12793,75,30.062
-2.7157,0.38721,74,29.69
-2.8594,0.13844,71,30.542
-2.7482,0.68412,70,29.599
-2.636,1.2827,82,31.923
-2.6608,1.2071,79,30.889
-2.161,1.0951,78,31.096
-2.0865,0.84537,73,30.244
-2.4932,0.84267,71,29.111
-2.5948,0.087927,75,31.005
-2.4771,0.57284,76,31.857
-2.4864,0.69126,68,28.557
-2.2646,0.27003,73,30.732
-2.1815,-0.41874,75,31.377
-2.3324,0.12547,76,31.096
-2.4615,0.63459,75,32.32
-2.2304,0.83999,79,31.832
-2.3232,0.75376,80,32.783
-2.2666,0.52021,76,31.584
-2.6229,1.0552,79,32.113
-2.1726,1.1486,82,31.278
-2.4082,1.5279,75,31.84
-2.5806,1.0494,74,29.5
-2.5969,0.99254,78,31.46
-2.459,1.0223,74,30.542
-2.1936,0.87633,77,31.187
-2.1554,0.69488,69,29.5
-2.2646,0.84537,73,30.815
-1.967,0.92677,69,29.508
-2.0989,0.56098,71,29.69
-2.2783,0.48921,73,30.914
-2.3057,0.59879,73,30.906
-1.8339,0.31269,70,28.954
-2.2232,0.34126,80,31.278
-1.8082,0.47459,75,29.872
-2.0748,0.20793,75,30.633
-2.7022,1.7926,74,30.914
-3.7148,1.7279,75,29.971
-4.8357,2.8319,64,27.614
-5.2831,2.7667,63,27.705
-5.207,2.4266,68,28.59
-5.445,2.9881,64,27.796
-5.3982,2.5975,64,27.523
-5.5421,3.3807,66,27.986
-5.5388,2.6756,64,26.853
-5.9676,2.4968,72,29.855
-5.7712,2.649,65,27.796
-5.7608,2.9553,71,29.665
-6.8882,2.9279,75,29.756
-6.7454,3.1913,72,29.301
-7.2636,3.2951,65,29.599
-7.7107,2.8319,64,28.077
-7.5073,4.5046,71,31.741
-9.1196,6.6841,70,29.616
-11.664,6.772,65,28.582
-10.971,4.5566,65,28.673
-13.869,0.82262,59,27.912
-15.235,0.16348,63,27.54
-16.679,-2.3087,64,28.582
-18.164,-2.9806,64,27.73
-19.664,-1.462,62,27.457
-19.73,-0.97677,61,28.491
-21.029,-0.99525,63,27.639
-22.015,-1.0921,60,26.696
-21.845,-1.1899,61,26.895
-22.195,-1.5587,64,27.73
-22.428,-2.1265,59,27.267
-23.678,-2.5146,68,29.111
-23.148,-2.6071,62,27.358
-23.12,-1.7873,70,27.912
-23.991,-2.1587,70,29.227
-26.69,-1.6421,72,29.599
-27.126,-2.1747,69,28.168
-27.922,-0.88066,73,29.483
-28.673,-1.3625,79,31.344
-28.8,-1.3372,79,31.344
-29.438,-1.3482,76,32.295
-29.364,-0.34252,74,29.64
-30.429,-0.15463,73,29.938
-30.551,0.69126,72,28.904
-30.583,0.99321,77,33.031
-30.071,1.4483,71,30.335
-31.248,2.8538,80,31.832
-32.714,3.1123,76,29.847
-32.702,3.4479,75,29.574
-32.982,2.5644,69,30.451
-33.022,2.7146,75,30.244
-33.864,2.7105,65,26.696
-34.578,1.5553,57,26.324
-35.926,2.1913,72,30.335
-36.986,0.44126,80,31.286
-37.123,-1.0587,80,32.684
-37.277,-1.473,70,30.327
-36.383,-2.9264,68,30.17
-36.062,-2.9254,75,29.872
-36.352,-2.8193,71,28.929
-36.883,-2.0293,68,29.872
-37.81,-2.0452,74,30.732
-37.791,-2.5159,70,29.599
-36.872,-4.0982,76,31.675
-38.267,-5.3886,97,35.388
-39.49,-4.1181,101,34.255
-40.508,-7.1055,107,37.712
-38.685,-8.0954,109,38.762
-38.658,-7.3017,107,37.075
-39.074,-7.2902,108,38.018
-38.416,-6.7105,112,39.424
-39.303,-3.1042,110,37.257
-39.138,0.18636,102,35.57
-38.668,0.37815,103,35.967
-38.573,0.61416,107,36.149
-38.42,0.7984,105,37.001
-38.543,0.18888,105,36.703
-38.238,0.53126,100,36.711
-38.639,0.57677,107,37.373
-38.742,-0.13351,107,36.802
-38.61,0.89409,106,37.836
-38.821,1.7231,110,37.075
-39.046,1.0616,108,36.769
-38.945,1.0043,111,36.951
-39.139,1.222,114,38.572
-38.962,1.5345,118,39.035
-39.148,1.6913,120,39.126
-39.157,1.1781,114,39.06
-39.254,1.0789,109,38.481
-39.364,0.85869,109,37.745
-39.167,1.4413,106,40.02
-39.346,0.94126,106,37.72
-39.318,0.58412,112,38.39
-39.318,0.96878,109,37.811
-39.069,0.76582,114,39.151
-39.09,0.61694,111,38.87
-39.407,0.99682,108,37.745
-39.667,0.78088,106,36.794
-40.358,0.15621,107,38.382
-40.75,0.83015,108,37.001
-41.023,-0.067668,112,37.737
-41.054,0.64881,106,36.629
-41.407,0.62876,112,38.597
-40.884,0.89409,106,36.976
-40.446,1.1431,109,37.067
-40.739,1.4594,110,37.646
-41.106,-0.077431,107,35.942
-40.868,-0.65507,109,37.365
-40.822,-0.737,115,38.87
-40.57,0.068711,102,36.331
-40.754,0.056305,113,38.87
-40.558,-2.2659,111,37.629
-40.999,-2.664,114,38.126
-42.528,-3.7995,108,37.952
-43.015,-3.7743,109,36.612
-43.943,-3.2873,105,36.885
-43.732,-2.5402,108,37.919
-44.007,-2.4775,117,38.597
-44.355,-2.912,109,37.001
-44.213,-3.0773,108,38.407
-44.841,-2.8569,109,36.331
-46.235,-3.334,109,38.109
-45.972,-2.7624,108,37.398
-45.022,-3.3204,107,36.927
-45.365,-5.021,106,38.506
-44.773,-3.2998,112,38.456
-44.321,-4.4835,113,39.614
-47.375,-2.685,99,36.637
-49.954,-1.4261,98,38.779
-50.935,0.047643,94,34.859
-52.09,0.55754,86,33.172
-51.117,2.3734,81,32.783
-46.285,5.6036,77,34.76
-41.523,8.6117,88,36.703
-40.716,9.5817,89,35.661
-39.881,9.7471,103,39.788
-40.448,10.465,105,41.153
-40.811,12.176,98,38.134
-41.701,11.91,95,38.151
-43.065,12.136,108,38.862
-43.238,12.201,100,36.918
-43.985,12.691,104,37.944
-43.417,12.358,108,37.473
-43.158,13.043,98,35.868
-44.021,11.216,102,36.149
-43.376,11.893,103,35.959
-42.562,12.053,116,39.085
-43.312,11.809,113,37.944
-43.903,11.375,106,36.819
-43.522,11.485,103,37.001
-42.921,12.305,110,37.828
-43.432,15.284,102,38.936
-42.658,12.846,105,37.646
-39.332,14.719,117,41.136
-38.957,14.278,107,40.929
-41.503,15.932,103,38.663
-39.318,15.694,97,37.944
-35.637,13.174,86,32.047
-33.511,12.116,109,38.961
-32.725,15.469,182,50.771
-33.983,19.436,182,48.042
-35.291,16.7,182,48.306
-38.172,10.797,187,51.598
-38.204,0.18874,198,51.143
-39.398,-7.5203,208,54.674
-40.761,-11.601,203,51.424
-42.874,-14.491,199,50.382
-43.34,-18.624,198,50.035
-41.535,-21.29,195,49.249
-38.166,-23.335,199,50.3
-37.674,-24.341,191,48.513
-37.375,-27.441,212,51.995
-36.463,-29.864,200,50.539
-37.783,-31.846,193,50.118
-37.064,-29.938,190,50.564
-36.158,-29.395,208,53.963
-36.128,-30.004,202,52.342
-36.438,-29.035,214,52.342
-36.722,-29.091,216,54.608
-36.793,-28.927,228,55.923
-38.394,-27.563,216,56.105
-39.696,-28.862,208,53.26
-40.6,-28.494,207,54.708
-39.061,-30.696,218,52.929
-34.846,-30.939,217,54.302
-31.302,-31.645,208,52.127
-31.725,-34.765,221,53.632
-32.684,-37.211,223,53.6
-33.676,-39.971,216,56.188
-32.935,-42.618,220,52.532
-34.395,-45.403,209,55.129
-36.728,-48.124,200,51.722
-36.228,-49.404,188,51.143
-35.774,-49.357,198,49.894
-36.099,-49.338,204,53.285
-35.965,-49.088,202,51.697
-35.937,-49.265,208,56.014
-36.102,-48.738,218,54.823
-37.785,-49.451,227,57.338
-39.482,-51.013,217,52.45
-40.093,-53.513,218,54.699
-38.468,-56.329,233,54.162
-36.988,-56.351,209,51.805
-38.419,-58.44,223,53.748
-39.915,-60.511,221,55.617
-38.186,-63.214,212,52.871
-38.426,-63.579,221,56.461
-40.843,-64.966,226,56.122
-42.413,-66.636,213,55.179
-42.897,-68.484,221,55.567
-43.5,-71.302,222,59.19
-43.763,-73.298,217,53.186
-43.611,-76.073,214,53.839
-42.013,-77.196,211,53.144
-41.009,-75.631,208,54.046
-42.97,-70.852,208,54.054
-44.252,-67.87,217,57.238
-44.306,-66.045,216,56.279
-45.493,-61.948,226,55.386
-45.114,-60.543,221,56.742
-39.814,-59.471,211,56.213
-33,-61.495,213,56.262
-32.045,-64.04,219,54.211
-30.907,-68.839,209,53.798
-30.469,-74.008,218,56.742
-30.244,-77.788,203,52.871
-30.017,-81.1,195,50.589
-31.425,-84.67,188,50.539
-29.182,-86.742,180,48.232
-28.919,-86.278,196,50.498
-28.583,-86.129,199,51.143
-28.094,-85.855,211,52.549
-27.841,-85.802,218,55.096
-27.282,-86.054,210,55.088
-26.143,-84.961,204,52.921
-23.86,-84.886,203,56.775
-21.088,-86.295,216,51.97
-19.822,-88.327,224,52.929
-17.923,-90.443,229,57.429
-17.763,-91.603,235,54.302
-19.146,-93.621,233,55.617
-19.247,-97.334,222,52.665
-17.389,-99.948,235,57.329
-14.189,-101.22,233,61.638
-12.251,-103.36,224,56.105
-11.335,-106.43,233,55.311
-10.353,-109.38,220,53.955
-8.9531,-112.68,223,54.699
-7.0692,-115.16,228,53.541
-7.249,-115.46,228,53.657
-7.5633,-116.25,224,53.409
-7.5702,-115.96,218,54.054
-7.4455,-116.36,227,54.12
-7.4283,-115.78,241,55.824
-7.2137,-115.96,244,57.015
-7.5658,-115.88,267,62.01
-6.9339,-116.68,266,65.972
-5.5968,-117.99,253,62.093
-5.1349,-120.19,263,59.537
-5.7422,-123.77,234,56.395
-7.2632,-126.61,226,55.551
-7.3256,-127.37,217,56.659
-4.5131,-127.36,237,55.733
-3.8803,-128.65,224,57.966
-3.2061,-130.71,233,59.008
-5.0437,-131.4,225,55.642
-8.4741,-130.35,224,56.295
-12.286,-131.96,221,57.428
-11.726,-134.77,231,58.404
-11.26,-137.13,214,59.264
-10.041,-138.48,214,56.494
-9.916,-138.18,224,54.137
-10.192,-136.38,219,54.186
-11.973,-135.86,228,55.311
-12.822,-136.9,218,53.012
-11.794,-138.04,206,52.847
-9.7368,-136.68,203,53.351
-9.4958,-135.97,210,53.012
-9.516,-136.13,227,56.361
-9.2849,-136.39,223,55.096
-9.2236,-136.34,212,53.591
-8.3541,-135.5,204,54.054
-8.3024,-134.46,214,58.761
-9.3741,-132.66,197,57.875
-10.81,-132.86,216,59.016
-9.1344,-134.19,218,57.875
-7.3133,-136.75,212,56.221
-6.9593,-142.31,225,57.718
-6.2311,-146.44,223,54.145
-6.8856,-149.25,219,55.071
-8.5118,-150.46,220,54.492
-8.8171,-151.13,219,56.949
-10.944,-148.98,220,55.171
-9.35,-149.71,218,54.327
-3.1637,-146.44,225,61.133
-1.105,-139.64,197,54.583
-1.2234,-135.81,226,59.008
0.21566,-142.02,235,54.674
-0.37306,-147.46,229,53.31
-1.3821,-151.77,218,53.864
-2.2078,-156.77,218,52.913
-1.3593,-160.88,225,54.004
-1.0249,-163.72,223,56.006
0.12634,-165.45,204,54.625
0.5746,-167.23,202,49.596
0.8472,-168.75,216,53.541
0.44062,-168.88,214,54.492
0.55367,-168.99,218,53.955
0.3291,-169.07,220,52.458
0.53201,-169.13,222,52.64
0.17683,-169.53,240,56.196
0.44007,-170.87,238,58.917
1.8261,-173.67,253,60.761
3.4941,-175.81,253,58.553
4.1329,-178.03,233,56.262
3.222,-181.04,231,56.974
1.679,-183.2,217,55.27
-0.046437,-184.65,231,55.617
-1.8552,-187.38,227,57.858
-1.8382,-190,221,56.262
-1.9267,-193.64,219,54.898
-3.1458,-197.38,213,53.037
-2.818,-197.21,212,54.972
-4.1276,-198.34,219,55.551
-4.7186,-198.63,213,52.177
-4.4706,-197.51,214,51.631
-5.9041,-198.6,211,50.291
-5.5053,-200.92,203,53.765
-3.0006,-201.14,210,54.708
0.045298,-201.62,199,50.862
-1.3797,-204.11,190,49.853
1.5407,-204.41,180,52.268
1.7903,-204.23,203,50.018
1.662,-204.26,216,52.929
2.2067,-204.75,186,53.112
1.1201,-204.34,164,50.771
2.331,-204.47,192,52.946
2.2784,-202.52,177,53.773
0.79945,-199.91,210,57.387
-0.64309,-199.65,197,52.251
0.91065,-198.62,204,57.999
1.4672,-201.15,208,52.268
5.7792,-204.99,234,58.702
8.7205,-204.45,217,53.566
8.4548,-202.51,233,55.063
8.7429,-206.84,225,61.183
9.9856,-211.05,213,53.566
11.617,-213.3,219,56.353
12.33,-215.05,227,53.665
13.179,-216.21,226,55.452
13.779,-218.78,213,55.469
16.449,-219.8,227,53.963
20.94,-217.84,216,53.103
24.491,-218.56,216,52.714
26.723,-221.37,229,55.526
28.083,-225.68,227,54.807
27.543,-228.93,225,55.543
27.883,-231.88,207,51.697
31.179,-232.73,191,53.219
33.951,-233.5,202,51.714
35.705,-234.24,198,50.473
36.602,-235.7,192,49.985
36.304,-233.85,209,53.401
36.722,-234.99,219,53.401
36.577,-235.16,227,52.714
36.462,-235.11,236,55.038
36.442,-235.57,244,59.463
36.571,-236.12,246,57.792
37.291,-236.31,246,58.131
39.872,-234.65,225,57.048
40.829,-234.91,237,55.369
41.043,-239.22,230,55.824
40.298,-243.85,240,64.822
38.507,-247.08,239,56.7
37.901,-248.62,224,59.496
40.422,-251.95,228,57.321
43.509,-253.25,223,61.737
44.096,-253.35,219,63.16
43.652,-257.05,210,54.873
44.412,-258.76,217,55.245
44.81,-260.7,225,54.807
45.134,-262.14,207,52.185
45.213,-263.27,202,50.291
45.208,-263.84,201,50.795
45.783,-265.66,197,49.183
47.271,-266.21,197,48.075
47.751,-266.22,178,49.547
47.735,-267.83,180,50.01
47.647,-269.91,173,48.976
49.682,-261.97,188,50.928
51.602,-260.93,200,51.226
52.525,-260.97,196,51.027
52.998,-261.32,192,49.985
53.099,-261.25,194,50.291
53.372,-261.56,198,51.722
54.326,-261.02,197,53.095
53.746,-258.86,223,56.998
52,-256.59,233,57.321
52.101,-256.65,231,57.387
52.708,-260.67,208,53.517
54.529,-265.41,209,50.663
57.887,-264.83,215,54.459
57.868,-260.43,215,53.79
54.859,-259.47,217,55.89
52.138,-262.13,210,57.536
52.254,-263.35,225,53.955
52.599,-267.7,210,52.731
52.592,-266.98,225,55.89
51.512,-269.25,206,52.425
52.927,-272.08,205,51.433
51.862,-274.19,206,52.433
51.332,-276.8,197,48.976
50.563,-277.98,185,50.382
51.007,-278.64,180,47.041
52.396,-272.42,204,51.697
55.415,-269.21,206,53.74
55.204,-268.92,209,50.572
55.569,-269.65,184,47.843
55.278,-269.1,204,51.796
55.979,-268.46,217,54.765
55.879,-266.87,220,54.12
54.125,-264.9,220,57.941
52.06,-263.3,216,58.363
51.834,-264.77,222,56.816
52.714,-266.67,210,54.989
55.156,-268.04,215,55.17
58.219,-270.65,218,54.302
61.106,-271.62,220,54.319
64.155,-273.14,213,56.502
65.643,-277.11,199,53.467
65.727,-280.57,192,53.5
65.246,-283.04,199,50.076
63.332,-284.86,202,52.342
63.475,-286.28,186,50.771
62.968,-288.31,177,46.735
63.081,-290.03,181,47.661
60.067,-288.78,186,48.951
55.417,-289.67,168,47.082
53.7,-290.04,158,44.039
51.456,-288.47,173,50.035
50.051,-286.69,183,48.902
50.229,-286.55,187,50.2
49.847,-285.99,188,49.067
50.03,-285.21,180,54.989
49.857,-285.54,180,51.722
49.136,-285.24,190,58.09
47.329,-285.56,172,51.16
46.888,-288.22,179,54.79
48.504,-289.69,177,52.111
51.068,-289.43,183,52.069
52.182,-288.22,177,49.522
51.326,-285.64,193,54.327
51.298,-287.14,187,53.211
52.792,-287.47,184,50.308
57.047,-284.79,187,50.886
60.189,-283.24,215,52.16
61.026,-278.71,209,52.558
60.845,-279.12,209,51.697
64.626,-277.64,208,52.317
64.029,-272.1,217,56.543
62.68,-269.83,210,61.919
59.319,-273.18,212,56.312
62.74,-279.94,206,53.583
63.188,-281.25,213,52.466
67.347,-282.67,194,52.384
69.834,-281.46,199,51.49
70.644,-283.94,210,50.448
70.731,-288.03,186,49.274
69.597,-294.31,182,51.118
68.404,-295.95,183,50.291
71.809,-294.46,196,50.854
72.233,-290.55,180,50.581
67.998,-291.64,179,50.374
64.442,-294.09,174,47.727
61.707,-289.49,185,51.523
62.594,-286.98,184,53.037
63.189,-287.37,174,50.961
63.915,-286.98,184,50.473
64.604,-287.13,173,53.351
65.159,-285.37,183,59.513
64.227,-283.69,171,67.312
63.816,-281.79,161,49.828
63.105,-281.69,163,47.297
65.329,-284.71,190,52.259
69.536,-285.15,183,51.325
73.28,-286.49,203,54.484
73.888,-287.58,208,55.551
73.442,-290.86,194,52.657
73.366,-293.5,187,48.24
72.492,-296.53,196,50.266
73.279,-297.76,185,49.158
72.274,-297.09,186,49.646
70.991,-295.57,187,49.059
72.011,-297.27,195,51.044
74.02,-296.52,194,50.291
71.912,-293.85,192,50.308
70.031,-292.74,188,48.67
72.119,-293.39,195,53.566
73.96,-290.67,195,51.887
71.861,-290.96,184,50.498
71.486,-292.75,184,49.257
74.008,-292.97,190,51.515
71.871,-288.03,190,51.408
70.727,-288.21,191,51.424
69.225,-288.91,184,49.1
69.075,-288.51,182,52.458
68.651,-288.54,189,54.344
67.623,-288.1,158,48.331
66.784,-289.16,157,52.532
68.586,-292.46,170,51.995
69.985,-293.43,181,52.036
70.323,-292.97,188,50.291
69.199,-293.48,179,51.441
70.157,-295.38,176,48.927
72.168,-295.71,187,50.101
73.829,-294.54,190,48.695
73.844,-293.45,192,52.044
74.59,-293.69,183,50.655
76.762,-296.49,177,50.498
79.209,-299.28,177,49.34
78.011,-293.22,174,51.697
72.114,-288.82,178,47.397
70.66,-294.53,168,47.198
74.305,-296.1,179,49.2
76.037,-295.48,179,48.05
75.355,-294.68,182,48.604
77.758,-296.28,174,49.158
79.03,-297.11,172,51.35
79.872,-296.03,178,47.008
78.829,-297.39,167,48.314
80.311,-300.23,182,49.2
80.941,-299.8,171,49.249
79.791,-297.33,170,48.976
78.737,-298.45,168,46.528
80.906,-297.65,171,48.075
82.925,-294.91,174,48.513
83.686,-294.99,170,46.371
85.077,-298.1,176,49.266
88.039,-300.04,167,46.156
84.383,-300.29,179,46.536
81.963,-301.4,181,49.266
81.473,-300.38,171,48.439
81.338,-300.67,171,47.818
81.059,-300.3,168,47.686
80.963,-299.13,152,46.09
79.878,-298.65,148,49.853
79.112,-300.07,181,59.852
81.291,-300.58,170,56.221
82.676,-298.17,166,53.583
85.132,-296.71,184,54.129
85.929,-296.1,183,48.885
86.124,-296.39,195,50.961
85.713,-297.29,179,51.49
88.008,-292.28,202,54.542
86.199,-290.24,172,56.122
87.61,-298.52,177,56.031
89.774,-301.7,193,51.623
88.856,-305.14,174,48.894
86.512,-308.02,161,47.703
83.874,-308.65,166,47.959
78.338,-305.77,163,46.644
72.668,-303.99,145,42.972
71.713,-301.12,160,51.598
71.144,-293.93,170,46.594
67.411,-290.9,164,46.909
65.238,-292.79,132,42.517
67.759,-293.09,152,45.238
68.254,-289.43,155,43.435
65.629,-288.08,158,45.155
67.154,-287.28,168,46.57
68.899,-278.95,182,48.786
67.339,-276.54,173,50.564
65.429,-275.78,190,52.888
64.487,-275.44,168,49.183
61.544,-275.88,190,53.243
61.537,-277.65,171,47.372
62.042,-281.44,152,46.38
63.085,-284.01,139,42.443
63.815,-286.31,138,43.832
64.712,-287.46,136,40.582
64.394,-285.76,142,41.955
63.478,-283.73,180,48.513
62.917,-286.45,178,48.058
66.575,-287.83,178,50.68
70.515,-284.84,188,47.843
70.216,-281.35,179,47.612
68.543,-280.23,171,47.016
72.142,-280.16,188,48.894
71.339,-275.31,199,49.927
77.35,-278.66,189,51.441
80.661,-279.12,158,44.915
82.892,-281.09,146,46.28
85.781,-281.48,158,45.122
88.627,-285.32,177,52.814
94.784,-289.52,157,45.519
97.134,-292.7,133,43.534
98.53,-295.53,135,44.866
97.7,-301.85,135,40.433
99.007,-305.49,157,47.198
100.16,-308.87,155,49.729
101.59,-310.37,154,43.741
104.13,-312.18,155,44.593
105.48,-311.95,161,46.735
105.2,-311.78,159,43.344
106.89,-314.41,155,44.494
111.86,-315.32,152,43.005
116.7,-314.98,146,46.479
115.7,-316.43,167,45.891
115.01,-316.49,154,45.164
114.95,-316.36,164,48.993
114.84,-315.94,170,48.439
114.18,-316.16,148,46.743
114.08,-316.73,126,45.991
115.71,-318.15,149,47.422
116.1,-318.16,164,45.792
114.93,-316.44,161,45.817
112.36,-317.69,157,45.412
111.38,-319.34,150,42.997
109.42,-322.38,144,44.196
111.44,-324.9,144,50.862
112.71,-326.79,132,41.219
113.36,-326.28,134,45.511
112.2,-327.41,123,41.103
111.5,-328.23,116,45.073
114.4,-321.05,136,43.923
116.12,-319.61,141,43.394
117.08,-320.94,147,45.164
117.08,-321.21,158,45.974
116.87,-321.08,153,50.093
117.09,-321.24,148,43.832
118.37,-319.98,149,52.094
120.06,-317.19,152,53.029
119.49,-314.76,169,54.245
118.24,-314.15,176,52.557
118.45,-315.25,158,48.695
121.43,-316.08,191,50.953
124.31,-313.87,182,49.845
124.91,-311.05,180,51.35
121.45,-310.33,175,49.828
120.8,-318.27,170,48.728
123.14,-323.73,175,50.266
123.16,-326.76,172,49.084
121.67,-325.93,159,46.743
118.69,-324.28,167,45.346
116.56,-323.71,149,46.57
115.88,-325.6,160,46.181
117.62,-324.61,151,44.709
116.46,-320.41,175,49.944
114.19,-320.22,158,45.428
114.33,-321.66,169,49.646
115.88,-319.56,156,46.942
115.25,-317.12,162,49.382
115.68,-316.82,170,46.462
120.92,-311.1,177,47.752
126.68,-308.06,171,47.471
129.14,-304.64,197,52.342
132.91,-303.57,170,46.892
135.15,-301.62,128,45.726
135.05,-303.1,146,44.031
137.88,-305.43,143,43.799
136.64,-303.19,125,40.367
136.24,-302.64,130,43.559
136.44,-302.35,129,46.363
137.05,-302.1,117,39.151
137.32,-301.63,118,43.187
136.21,-301.6,147,45.9
135.66,-302.69,153,47.57
137.74,-305.45,163,50.052
141.46,-305.6,169,49.894
143.28,-304.35,176,48.414
143.34,-302.72,160,49.894
143.02,-302.4,180,50.887
141.37,-303.35,172,49.208
141.53,-306.67,187,49.059
143.7,-304.84,184,48.397
143.71,-302.4,185,49.993
142.91,-301.71,179,47.661
141.69,-302.08,161,47.306
143.29,-301.53,185,53.765
143.22,-300.51,186,49.803
145.88,-306.09,220,55.932
151.71,-306.42,201,54.898
156.29,-304.21,176,48.885
158.22,-305.32,144,42.559
159.43,-306.36,158,44.701
163.37,-302.49,189,50.473
165.51,-298.64,179,53.012
168.15,-301.02,174,46.338
171.1,-306.37,162,47.082
174.84,-311.27,162,45.42
177.11,-313.33,143,41.111
181.08,-313.71,112,35.678
182.76,-315.43,89,32.593
180.96,-316.67,102,34.288
181.73,-315.78,115,36.612
181.71,-315.44,116,36.703
182.02,-315.81,125,39.813
182.09,-315.94,121,41.798
184.06,-315.98,142,41.665
185.25,-315.57,130,43.692
187.08,-313.98,141,41.682
186.61,-313.18,141,43.469
185.67,-313.88,157,42.881
186.46,-317.05,165,46.661
186.39,-318.59,168,47.678
188.92,-319.11,199,51.697
190.32,-316.24,200,49.828
191.91,-314.59,190,48.604
191.81,-315.8,191,51.606
192.24,-320,189,50.217
193.03,-320.86,206,52.475
188.32,-313.39,189,55.957
180.21,-317.19,176,53.467
179.48,-322.97,182,57.486
181.4,-320.68,191,51.308
183.86,-317.3,193,51.027
183.42,-314.22,185,49.042
184.3,-313.58,194,49.53
188.46,-313.17,191,48.513
192.72,-309.34,196,51.532
195.25,-308.85,186,47.206
196.16,-313.15,199,50.407
197.74,-318.07,191,48.604
199.01,-324.92,210,54.194
203.12,-328.32,193,51.176
207.17,-328.51,193,52.574
211.06,-330.79,188,51.97
214.06,-333.23,168,46.098
216.79,-336,129,43.741
217.79,-334.22,118,39.333
217.69,-335.19,105,38.796
217.53,-335.68,96,35.984
217.55,-335.28,89,35.132
217.55,-335.14,95,35.24
217.86,-335.01,106,39.16
217.48,-334.56,118,38.961
216.01,-333.47,129,41.657
214.51,-334.13,135,43.278
214.74,-334.36,131,41.02
214.85,-336.48,140,44.874
216.17,-337.01,146,45.42
217.18,-336.61,147,44.783
216.89,-336.06,150,44.684
214.27,-338.32,153,46.619
212.36,-343.66,159,45.652
215.63,-344.2,164,49.621
218.08,-347.83,156,50.779
219.77,-351.62,158,46.644
222.87,-354.28,150,47.033
227.14,-353.48,129,44.287
231.07,-351.69,141,45.693
231.36,-350.38,136,43.526
232.88,-352.36,135,43.096
235.96,-354.93,134,40.623
240.24,-355.04,138,41.781
244.96,-357.17,126,42.352
249.7,-357.03,130,40.276
253.32,-359.35,116,37.646
253.37,-362.54,114,37.621
257.86,-364.86,114,36.728
259.93,-364.13,116,38.324
260.4,-364.03,101,34.371
260.01,-364.17,94,42.443
259.95,-363.66,77,32.891
260.22,-364.3,97,44.792
259.29,-362.79,108,41.707
256.82,-361.44,107,42.054
253.63,-363.31,91,43.642
253.15,-365.79,87,40.864
254.6,-368.24,104,39.755
255.73,-368.43,76,46.115
256.95,-368.79,74,38.895
256.92,-366.84,88,40.441
252.84,-365.75,101,39.077
252.11,-368.07,84,39.722
254.24,-368.65,101,36.538
255.45,-366.75,209,52.268
255.58,-361.76,229,56.676
251.93,-363.68,224,51.408
255.78,-366.82,224,55.038
258.37,-365.47,241,54.517
258.31,-361.05,228,53.384
256.89,-359.02,229,55.998
256.82,-361.12,215,54.856
259.84,-360.34,227,51.953
265.54,-357.51,244,57.85
263.45,-351.4,245,58.826
259.7,-347.81,260,59.181
260.45,-353.73,230,57.122
268.78,-350.83,248,59.628
268.84,-348.11,238,63.044
270.57,-350.11,239,55.923
274.08,-353.35,233,54.848
276.3,-352.78,223,55.22
276.95,-353.34,222,55.055
275.62,-357.2,208,54.509
277.82,-360.1,199,55.179
277.83,-358.45,204,51.16
281.15,-357.65,219,53.285
280.16,-358.18,229,53.029
279.79,-358.05,221,55.187
279.84,-357.77,224,53.657
279.96,-358.06,234,54.881
279.42,-358.4,238,54.873
279.77,-359.42,244,61.828
283.12,-360.68,228,58.363
286.29,-359.75,241,57.602
289,-360.33,162,47.124
287.67,-361.56,174,52.185
287.29,-363.94,197,52.657
286.49,-366.65,219,53.169
286.54,-369.55,223,55.063
288.88,-368.7,198,51.052
288.31,-366.29,191,54.228
286.01,-365.59,200,52.16
285.3,-367.69,221,52.342
285.57,-366.96,227,54.352
283.98,-365.53,202,54.162
280,-363.77,189,53.103
278.19,-366.3,212,54.046
280.35,-366.2,226,53.492
280.57,-363.35,229,52.4
279.97,-361.12,234,54.815
282.16,-361.47,237,53.409
286.13,-359.43,225,53.591
287.5,-357.31,229,54.674
289.06,-357.76,230,53.409
290.99,-362.14,215,50.845
293.1,-363.93,189,50.134
294.2,-364.85,187,48.993
292.77,-364.97,205,52.987
294.3,-366.62,194,50.779
294.04,-365.98,169,48.712
291.04,-365.16,207,53.095
291.75,-366.61,194,49.621
294.14,-365.39,209,53.012
292.56,-363.46,202,51.16
292.53,-365.14,195,50.564
294.68,-364.04,165,46.983
294.74,-362.39,142,44.982
293.63,-363.76,153,54.807
292.39,-365.25,154,53.12
291.95,-363.93,113,41.401
292.06,-362.43,123,49.456
291.68,-363.01,159,48.72
292.16,-365.01,124,44.031
292.26,-365.67,218,58.016
296.4,-365.21,206,57.065
298.54,-364.55,210,50.845
300.7,-364.16,205,51.788
302.1,-363.18,195,53.054
300.19,-364.49,211,53.682
301.94,-367.4,242,57.23
302.15,-367.74,232,58.545
305.24,-368.15,239,53.475
305.98,-364.32,252,57.536
303.69,-364.2,262,61.117
303.19,-366.3,264,61.911
306.38,-365.3,240,57.139
307.54,-362.21,222,55.708
305.61,-360.78,213,53.822
304.38,-360.87,219,53.889
307.15,-361.42,257,61.357
307.6,-361.24,212,59.298
304.73,-361.18,207,55.088
305.72,-362.29,182,49.828
307.69,-361.48,203,52.532
305.02,-358.34,182,51.995
303.95,-356.73,185,56.295
305.44,-357.3,198,53.004
306.49,-357.86,197,53.376
308.73,-359.2,177,52.458
309.26,-361.21,234,59.38
308.99,-361.77,276,59.959
308.53,-361.86,282,62.978
308.2,-361.61,288,62.093
307.58,-361.55,305,64.905
307.08,-361.84,313,67.89
305.73,-363.27,323,68.006
305.02,-366.33,282,61.051
306.46,-365.07,252,58.603
307,-362.32,185,54.443
304.7,-360.11,185,52.921
304.03,-360.39,196,55.94
305.61,-361.02,216,55.932
307.44,-359.97,221,53.128
306.17,-356.7,148,55.444
302.71,-357.49,179,54.6
300.44,-363.29,223,59.761
304.96,-361.35,230,58.735
303.09,-356.67,290,67.634
302.4,-358.44,295,66.228
304.1,-358.39,266,63.317
307.32,-356.22,269,62.92
310.33,-355.13,294,63.325
308.6,-358.06,302,68.378
309.11,-363.7,277,63.143
311.14,-364.72,268,58.363
311.66,-363.1,255,57.213
307.07,-359.94,245,59.744
305.34,-362.43,246,60.116
306.27,-361.62,225,56.105
304.83,-357.55,222,60.48
302.45,-358.12,198,57.048
304,-359.39,194,56.122
305.92,-356.39,213,53.31
303.11,-354.12,214,53.31
302.22,-356.2,201,51.234
304.34,-355.97,222,56.204
305,-351.91,232,63.135
301.96,-352.68,239,56.543
304.41,-354.56,258,61.406
306.91,-351.12,278,60.596
307.73,-348.71,287,65.186
310.24,-350.93,278,67.642
314.59,-351.89,260,58.528
316.27,-354.15,258,58.752
315.3,-354.86,266,59.636
313.64,-355.79,281,60.133
312.77,-356.14,277,66.046
312.36,-355.89,276,61.505
311.8,-356.17,293,68.262
310.5,-355.9,300,66.046
310.18,-358.2,288,67.237
311.78,-360.82,213,60.737
315.73,-358.9,184,52.251
317.45,-358.68,196,51.83
318.01,-358.11,207,54.79
314.79,-356.52,176,60.266
313.58,-359.22,157,50.234
314.67,-362.77,193,53.285
317.05,-365.46,192,54.807
318.16,-365.78,137,46.578
317.84,-361.5,158,55.386
315.69,-362.67,158,51.416
315.7,-364.3,151,47.694
317.57,-364.28,149,51.507
314.38,-360.29,206,62.953
313.66,-360.76,176,47.107
315.64,-362.16,168,53.608
318.07,-358.76,166,54.898
318.04,-356.76,170,53.418
315.34,-357.01,186,59.761
317.4,-358.21,232,54.6
316.68,-355.66,261,60.059
314.17,-355.76,265,58.338
314.1,-356.96,275,59.868
316.06,-356.43,274,59.198
314.94,-355.05,268,60.712
313.23,-356.11,272,60.786
314.39,-356.11,267,60.348
313.88,-355.04,235,57.114
313.93,-356.35,185,48.976
315.06,-355.75,181,48.604
316.09,-354.2,193,48.695
315.03,-357.42,154,50.598
315.03,-357.58,167,57.834
315.41,-358.48,140,47.107
315.78,-359.49,128,54.997
315.5,-359.27,177,55.551
315.33,-359.19,191,69.222
314.04,-358.99,189,62.532
314.81,-361.48,240,64.26
316.78,-360.42,208,54.79
316.98,-358.16,222,54.625
314.77,-356.37,209,60.05
313.27,-355.68,268,63.061
313.61,-358.01,283,61.985
315.33,-359.79,281,67.055
318,-359.16,273,62.258
318.22,-356.07,283,61.547
315.5,-356.77,294,64.814
315.3,-359.49,278,64.053
318.77,-360.79,267,61.845
320.82,-358.98,247,63.35
318.37,-358.44,210,59.703
317.03,-359.82,186,48.91
320.13,-362.64,174,51.143
321.17,-360.6,188,56.304
320.72,-359.27,184,47.496
318.92,-361.25,127,43.179
321.47,-362.77,164,56.072
322.23,-360.46,188,50.663
318.99,-361.29,229,59.537
318.9,-364.13,222,55.278
315.54,-369.73,215,60.116
315.76,-368,254,60.761
315.5,-367.5,263,60.513
315.51,-367.3,273,65.964
315.25,-366.48,286,63.987
315.54,-366.76,289,65.277
315.61,-365.23,237,66.534
315.2,-363.83,206,60.158
313.72,-362.48,203,60.175
313.04,-362.82,175,54.484
315.17,-362.92,158,52.574
317.62,-360.84,169,49.572
316.79,-359.91,167,52.756
315.48,-359.37,168,49.291
315.12,-360.02,189,51.408
316.59,-364.09,115,44.039
317.62,-363.06,144,52.103
319.47,-359.04,106,42.732
319.11,-358.21,141,46.578
317.71,-359.84,168,48.232
320.41,-359.99,175,53.302
320.53,-357.14,147,44.295
318.6,-357.18,183,54.245
318.75,-359.18,159,52.103
321.56,-358.27,163,53.426
321.16,-358.71,154,54.972
320.85,-358.77,226,52.185
320.94,-360.42,239,56.122
324.46,-359.36,258,56.949
323.43,-358.82,266,58.801
320.92,-361.29,255,57.602
322.5,-362.17,246,55.154
322.78,-358.64,255,56.651
320.48,-358.23,233,55.278
321.69,-359.17,205,52.367
325.89,-357.65,183,50.663
324.87,-356.53,184,50.887
324.55,-360.6,156,45.279
326.67,-362.2,137,55.849
325.97,-360.35,121,47.223
322.39,-362.66,210,54.898
322.39,-362.66,210,54.898
