0,-0,129,49.034
-1.1379,0.60902,149,53.335
-1.9876,0.54944,139,46.098
-3.1867,-0.028039,141,57.619
-5.2189,-0.59888,133,52.185
-6.0945,-1.4607,141,45.701
-6.4183,-2.4825,147,57.09
-6.1375,-3.1303,154,56.221
-5.7395,-3.4779,146,73.953
-6.0667,-3.2491,139,52.773
-6.5751,-3.0053,146,51.987
-7.6832,-3.3685,141,57.801
-8.8828,-4.1829,149,59.422
-8.7525,-5.191,142,55.154
-9.0614,-6.1902,146,59.513
-8.2849,-7.7032,161,68.892
-7.134,-9.0731,145,58.554
-6.1547,-9.8938,145,54.154
-4.4013,-10.205,143,59.604
-3.4471,-10.843,150,51.325
-1.9038,-10.361,146,51.276
-0.83427,-10.006,140,47.479
-0.56968,-9.8365,141,47.19
-0.28448,-9.4937,136,49.572
-1.3547,-10.259,145,48.72
-0.84368,-10.868,139,54.046
-0.3422,-10.156,146,52.748
0.29356,-8.7421,145,53.98
0.34611,-7.2473,142,52.64
0.28273,-6.9656,142,51.805
0.78413,-6.9906,151,56.494
2.1099,-6.7176,146,53.699
2.8595,-5.4561,150,53.716
3.4729,-4.5933,144,54.815
4.5493,-4.7253,144,56.693
6.0246,-4.6249,145,65.418
6.9206,-4.3195,134,59.562
6.8946,-3.7614,147,54.071
6.2672,-3.5316,141,54.733
6.5482,-3.5395,146,54.137
6.8284,-4.2813,135,51.325
7.3763,-3.9835,145,62.234
7.4657,-3.9973,139,52.103
7.3802,-3.878,151,49.481
7.2784,-4.0933,144,57.454
7.9004,-5.3584,138,44.593
8.4029,-5.2537,143,60.836
9.7576,-4.9753,144,49.58
10.234,-4.3077,138,45.255
10.818,-3.6628,136,53.583
11.417,-4.8107,142,49.82
12.343,-4.0765,139,50.978
12.806,-4.1202,141,58.761
12.85,-4.245,146,68.52
12.787,-4.3599,137,62.672
13.146,-4.5025,156,60.232
13.052,-4.4391,152,61.581
13.047,-4.2912,148,62.052
13.07,-4.1412,139,51.54
12.976,-4.1695,149,62.234
13.296,-4.5914,147,66.501
13.505,-5.008,155,61.192
13.638,-5.8247,139,62.97
13.281,-6.3614,146,77.047
14.106,-6.9228,150,58.363
14.493,-6.6295,150,58.107
14.42,-5.1299,152,55.94
13.11,-3.7806,157,57.735
12.421,-3.7112,155,61.283
11.493,-3.2299,149,58.735
10.983,-2.5005,151,70.207
10.527,-1.7236,148,52.251
11.6,-1.1561,149,60.323
12.466,-0.42454,149,53.98
12.865,-0.53534,153,64.938
13.487,-0.76001,144,64.26
14.378,-1.3891,137,48.646
15.318,-2.4961,129,43.849
16.562,-2.2739,135,54.154
16.542,-2.3225,144,65.575
16.519,-2.7887,131,54.27
16.804,-2.4397,130,49.183
16.508,-2.7585,141,59.488
16.766,-3.1303,123,57.073
16.52,-2.9383,147,68.495
16.337,-2.7801,162,65.799
15.899,-3.5209,148,56.006
15.813,-3.5529,141,55.94
14.776,-3.28,145,54.369
15.2,-3.8341,143,47.066
16.487,-4.2587,146,58.156
17.689,-3.6007,153,62.697
18.923,-3.1937,162,65.782
19.466,-2.9526,157,67.296
19.398,-2.8771,147,56.486
19.769,-2.7681,152,60.456
20.2,-3.0509,143,58.934
19.88,-3.1761,150,55.196
20.292,-4.5541,138,58.752
20.794,-4.9803,137,57.735
21.015,-5.3047,155,56.974
20.337,-5.9434,155,59.108
20.052,-6.7615,157,65.112
20.12,-8.2412,153,57.057
19.941,-9.6438,158,58.752
20.668,-11.104,154,49.274
21.622,-11.656,148,55.171
21.987,-11.43,142,57.693
21.744,-10.434,144,59.331
22.424,-10.944,142,57.536
21.983,-10.673,149,66.27
21.68,-10.423,150,60.712
21.822,-10.753,149,58.388
21.313,-10.463,150,53.955
21.8,-10.426,156,64.45
21.367,-10.567,151,70.843
20.808,-10.275,161,69.446
20.658,-10.258,157,86.4
20.297,-10.007,148,70.653
19.924,-9.2085,153,60.555
19.8,-9.1095,150,69.33
20.392,-8.8675,149,54.344
21.283,-8.1628,153,59.414
22.427,-8.1888,154,56.122
23.24,-8.2095,150,60.547
23.479,-8.7112,155,57.247
23.874,-9.2647,157,55.088
23.836,-10.355,146,50.416
23.39,-10.258,157,54.733
22.883,-9.7013,156,49.481
21.38,-9.9454,161,52.392
19.734,-9.8895,161,57.718
19.601,-11.62,140,53.509
19.7,-11.997,163,55.75
20.062,-12.838,163,60.902
20.018,-12.97,145,52.276
20.095,-12.233,143,56.238
20.076,-11.841,146,60.357
19.24,-10.764,163,57.164
18.281,-10.188,156,68.42
17.857,-10.163,156,71.496
17.445,-10.329,144,72.588
17.249,-9.8038,156,69.826
17.006,-9.6146,135,73.928
16.823,-9.5964,143,80.702
15.59,-9.2212,137,76.095
14.832,-9.3081,117,86.607
14.616,-8.8975,147,71.025
15.215,-8.6793,151,61.953
16.459,-8.2792,146,61.192
17.12,-7.6756,156,66.154
18.295,-7.4391,152,63.896
18.919,-7.6785,159,59.05
19.893,-8.5561,150,56.602
19.973,-9.0825,162,57.727
20.344,-10.29,156,69.429
19.901,-10.888,154,77.17
20.762,-11.463,146,64.955
20.428,-11.098,156,70.587
20.486,-10.219,154,66.427
18.599,-9.8796,161,73.382
17.358,-10.72,158,78.634
17.242,-11.982,156,63.127
17.391,-12.229,144,65.517
17.398,-12.765,164,81.736
17.367,-13.051,150,59.86
16.649,-13.569,151,59.025
16.305,-13.726,134,62.027
15.624,-13.24,161,106.73
14.975,-13.229,142,86.482
15.081,-13.651,142,78.245
14.566,-12.882,126,71.141
14.611,-13.512,137,72.381
14.799,-12.7,156,71.968
14.633,-13.014,140,86.474
14.063,-11.8,138,88.467
14.41,-11.056,149,92.619
14.535,-10.241,136,115.09
9.3636,-6.8264,36,33.652
11.912,-9.9414,85,102.25
11.56,-9.388,111,103.91
11.343,-9.8925,111,91.486
12.302,-11.103,107,99.244
13.836,-11.349,90,90.328
14.915,-11.26,94,104.9
16.108,-10.655,112,108.03
16.267,-10.558,122,112.17
16.645,-10.164,159,60.266
16.705,-9.3277,162,61.953
16.286,-9.1734,162,52.723
15.347,-9.0139,152,57.321
15.255,-8.8916,155,70.091
15.261,-8.3783,172,60.877
15.141,-8.6348,158,59.662
15.101,-8.0581,175,77.22
14.966,-8.3487,166,70.636
15.172,-7.8,157,72.448
15.248,-7.634,156,69.04
15.473,-7.092,165,68.304
15.464,-7.4365,172,73.837
15.014,-8.5595,166,60.149
14.137,-8.77,153,51.027
13.268,-9.2648,150,61.82
12.159,-9.3096,157,57.602
11.406,-10.007,152,62.234
11.236,-10.379,160,57.04
11.147,-10.584,149,58.372
12.075,-11.965,161,62.226
14.091,-11.62,153,56.585
14.525,-11.013,159,54.253
14.565,-10.802,145,55.386
14.713,-10.15,155,55.27
15.926,-9.3282,146,60.092
16.36,-7.9423,172,60.596
16.537,-7.1148,156,54.278
16.017,-7.1736,143,55.179
15.549,-7.9988,143,58.016
15.002,-8.7048,150,56.784
14.821,-9.7673,159,60.729
15.952,-10.44,155,70.298
17.065,-9.7544,142,54.733
17.534,-8.4872,147,54.443
17.88,-7.8509,144,50.904
17.833,-6.9838,154,55.361
17.549,-7.1387,143,57.818
17.77,-7.1122,128,52.93
16.979,-6.7395,145,56.403
16.305,-8.4481,160,58.545
17.017,-9.3767,168,68.784
17.131,-9.5151,153,61.01
18.036,-8.9365,151,67.097
19.905,-8.1052,140,67.08
19.659,-5.9179,141,59.033
17.476,-4.7973,131,56.006
16.043,-4.5448,137,52.847
16.344,-4.3419,146,54.824
16.222,-5.0381,150,53.773
16.433,-6.5797,152,56.858
17.232,-7.1235,134,46.76
18.432,-6.5492,141,44.783
19.262,-5.7518,149,55.659
18.957,-4.5492,141,54.807
17.682,-3.3068,138,58.752
17.428,-3.7958,133,56.784
16.735,-4.8332,148,61.076
16.995,-6.0399,158,65.873
17.825,-6.1206,142,63.425
18.972,-5.8889,131,48.356
19.726,-4.4227,138,52.45
19.817,-3.209,137,50.705
18.583,-2.6384,134,50.953
17.641,-2.6602,132,53.509
17.201,-4.1624,168,52.64
18.57,-5.4858,146,61.01
19.186,-4.4774,145,47.479
19.941,-5.2279,134,55.097
20.841,-5.6919,162,58.008
20.842,-6.2248,150,63.351
20.902,-6.0576,153,56.428
20.743,-6.0993,162,65.501
20.55,-6.5639,149,61.746
20.74,-6.1337,163,61.936
20.172,-6.4624,157,55.278
19.597,-6.5884,155,56.792
18.58,-6.3356,160,69.165
18.224,-5.8543,160,74.209
18.89,-5.6576,148,67.56
19.848,-5.0981,150,55.088
20.704,-5.0442,156,53.401
21.412,-4.8027,153,57.991
21.99,-5.8637,151,57.057
23.262,-6.5581,150,67.395
24.475,-7.3931,141,53.773
25.551,-7.9648,135,50.234
26.14,-8.1735,122,47.198
25.546,-8.3516,127,49.589
24.538,-8.6533,134,58.272
24.588,-8.96,126,74.499
24.015,-9.0617,121,70.182
24.181,-9.0915,122,57.619
24.36,-9.1367,114,72.522
23.372,-8.8898,120,67.088
21.636,-9.0794,118,64.533
21.857,-8.9778,118,85.391
20.892,-9.4503,113,70.818
21.683,-9.8578,119,77.343
21.917,-10.856,133,84.531
22.901,-11.769,127,56.602
23.011,-12.611,115,81.057
23.352,-12.061,124,74.524
23.781,-10.988,114,81.446
22.099,-11.441,109,66.824
21.596,-12.008,126,61.746
22.24,-12.66,131,59.116
21.799,-12.365,147,61.308
21.573,-11.354,154,58.289
21.518,-10.908,148,62.697
21.221,-9.9995,146,53.426
21.089,-9.4705,145,52.458
21.697,-9.1148,156,57.991
21.327,-8.3955,152,56.122
20.965,-7.6718,152,49.175
19.685,-7.4398,151,55.767
19.703,-7.8705,145,54.824
19.933,-8.4378,146,53.128
21.046,-8.2305,139,57.9
21.431,-7.5995,142,56.412
21.674,-6.3599,136,56.213
22.071,-5.2491,147,55.841
21.841,-5.2777,157,60.067
22.093,-5.8904,130,55.634
21.59,-4.9104,146,49.109
21.168,-5.4048,150,50.887
21.407,-6.0567,145,57.562
21.402,-6.6025,136,51.549
22.11,-5.974,145,51.16
22.083,-4.8552,140,56.602
21.008,-3.883,146,57.048
20.559,-4.0459,138,60.167
19.844,-3.6626,141,51.069
19.66,-4.9138,153,61.771
20.48,-5.2795,129,56.784
22.404,-4.5846,141,50.788
23.063,-2.4173,146,60.737
21.838,-1.8231,144,56.883
20.956,-2.2309,137,54.179
20.62,-2.4015,145,56.42
20.433,-3.4497,157,58.57
21.427,-3.9877,145,52.086
22.233,-3.5624,140,46.942
23.074,-2.7745,144,52.938
22.406,-1.6333,139,55.295
21.942,-1.2997,128,52.012
21.558,-1.2498,145,51.069
21.341,-2.2014,151,53.418
22.378,-2.7366,130,52.963
22.954,-2.5093,143,51.16
23.902,-1.7314,150,57.346
23.409,-0.71348,130,57.727
23.056,-0.43092,131,47.885
22.168,-0.95171,138,50.052
22.471,-1.5686,139,46.925
22.766,-1.2158,141,56.478
23.507,-1.6701,143,57.925
24.88,-1.404,136,47.471
24.619,-0.83763,129,52.004
23.6,-1.3893,136,55.477
23.672,-1.5038,139,54.137
23.486,-3.2855,143,55.403
24.446,-3.0101,141,54.352
25.111,-2.6621,139,57.255
25.607,-1.6774,145,50.771
25.005,-1.2124,140,53.045
23.919,-2.0034,131,47.86
24.064,-2.2586,157,55.932
24.897,-3.1287,137,60.547
24.967,-2.7485,139,52.45
26.323,-2.7529,146,57.437
26.263,-1.0779,129,55.94
25.06,-1.5939,144,57.363
24.755,-2.051,136,52.739
24.889,-2.3188,145,64.575
26.14,-3.1585,139,55.75
27.348,-2.9267,140,50.399
27.865,-2.7863,136,46.644
27.405,-2.5928,133,49.208
27.788,-2.6981,137,55.014
27.323,-3.1091,146,50.953
28.091,-4.6267,140,51.879
29.309,-5.1244,129,47.959
30.052,-4.7056,133,50.87
30.011,-4.6036,127,50.234
29.843,-3.8746,119,48.166
27.671,-2.1287,137,54.154
26.73,-2.3648,141,52.64
26.689,-2.836,145,50.953
26.503,-2.6154,133,52.384
26.171,-2.831,143,60.737
26.563,-2.7808,133,63.433
26.012,-2.8838,140,57.247
25.792,-2.825,134,58.942
25.48,-3.4423,129,64.492
25.62,-4.2251,148,67.097
25.223,-5.44,124,50.788
25.418,-6.1167,129,54.807
25.713,-6.7064,120,47.678
24.96,-6.419,129,51.904
24.307,-5.422,134,68.809
23.327,-6.0966,138,53.492
21.98,-6.2826,142,62.615
22.607,-5.853,142,52.268
22.03,-6.2122,142,51.367
22.071,-5.562,147,52.384
21.931,-5.2305,139,49.183
22.117,-5.7706,138,46.702
23.466,-5.2355,147,50.126
24.326,-4.2338,140,49.291
24.433,-3.1775,146,51.151
23.967,-2.4708,132,50.143
23.977,-1.871,133,51.813
24.154,-1.8708,139,51.45
24.383,-0.75523,140,58.372
25.564,-1.2484,149,80.859
25.922,-1.5775,141,73.49
25.696,-1.1188,145,63.342
26.385,-1.6184,138,74.888
26.049,-1.7052,141,70.454
26.047,-1.4212,130,74.482
26.403,-1.8108,142,67.551
26.003,-2.2017,139,67.725
25.698,-2.3827,149,65.509
25.664,-2.8295,137,62.118
24.495,-2.14,129,52.441
24.713,-2.7896,142,60.249
26.046,-3.5787,134,50.655
27.053,-3.6438,129,60.357
26.819,-3.1909,140,52.665
25.917,-2.0143,136,60.076
24.321,-1.7784,137,63.425
23.727,-2.7896,142,51.325
23.962,-4.1052,140,54.12
25.285,-4.1574,135,58.752
26.774,-5.2846,133,58.008
27.233,-5.9838,140,61.357
27.083,-6.0965,128,54.79
27.086,-5.9135,130,70.364
27.435,-6.4124,133,52.177
27.403,-6.187,135,62.887
27.67,-5.7648,135,61.672
27.467,-5.7587,132,62.655
26.965,-5.7561,138,55.154
26.168,-5.765,173,52.756
25.833,-5.3351,163,53.988
25.125,-5.9374,168,60.547
25.245,-7.3782,158,62.317
26.345,-7.5194,156,54.815
26.683,-6.9309,161,56.982
26.299,-6.4398,162,56.883
25.783,-5.792,169,62.987
25.116,-5.8921,173,59.579
25.14,-6.0468,163,52.839
24.21,-6.1032,160,56.031
23.522,-5.6969,160,50.837
22.658,-5.5272,161,47.868
21.736,-6.058,172,54.228
22.026,-7.067,164,53.467
22.997,-7.1907,160,62.209
23.951,-6.1203,159,53.583
23.889,-5.2922,163,57.9
23.788,-4.4378,167,57.536
23.158,-3.2072,170,60.439
22.667,-2.9348,151,56.966
22.115,-2.8783,156,47.14
21.629,-2.0469,160,54.261
21.458,-2.7469,168,58.951
22.131,-3.682,158,65.501
22.676,-3.4719,150,56.403
23.863,-2.2147,159,51.896
24.165,-0.17431,167,59.24
23.593,0.7222,170,62.217
22.46,0.87183,160,60.919
22.249,0.93055,162,59.323
22,0.34858,161,52.111
22.141,0.22808,160,58.769
22.891,-0.20317,160,56.676
24.601,0.62808,168,57.727
25.979,2.1718,160,61.82
25.681,2.8938,143,58.761
25.259,2.9353,153,70.645
24.627,2.3299,161,63.069
24.972,0.91558,160,63.706
26.796,-0.29709,147,59.05
28.151,-0.65668,151,59.207
29.503,-0.55435,148,58.488
29.528,0.38466,152,49.208
28.854,0.13493,146,61.672
28.962,-0.71005,139,58.198
28.515,-2.107,151,57.065
29.929,-3.6354,148,61.655
31.283,-3.8421,151,58.835
32.63,-3.1901,154,54.063
32.792,-2.8135,154,51.515
32.5,-3.2017,141,53.699
31.846,-3.7955,144,52.475
30.808,-5.5201,135,49.192
31.08,-4.9593,143,59.05
32.182,-5.1626,129,56.213
31.903,-5.744,129,58.942
31.716,-5.6351,133,57.363
31.662,-5.386,142,73.382
32.267,-5.7326,122,68.751
31.566,-5.5765,132,58.843
31.438,-5.0773,129,66.245
30.087,-4.9391,134,77.592
29.66,-4.3801,122,71.017
30.161,-5.0883,134,62.879
29.398,-6.3961,124,47.38
28.603,-7.679,127,53.145
29.34,-8.26,134,57.528
29.952,-8.8719,134,57.28
30.221,-8.4151,139,59.215
30.502,-9.1183,138,57.156
30.497,-9.7376,134,52.955
29.926,-9.5073,133,62.854
28.545,-9.7604,139,58.289
27.781,-9.9131,170,53.682
27.516,-9.6719,160,65.203
27.11,-9.2017,141,51.35
26.249,-8.4786,150,53.873
24.404,-8.5344,160,53.219
23.089,-9.1576,168,60.365
22.8,-9.4359,172,64.922
22.848,-9.0386,174,66.435
22.533,-9.1449,163,74.607
22.404,-8.8966,162,70.48
22.144,-8.9415,158,75.508
21.504,-8.8625,159,73.581
21.037,-8.5406,166,65.6
20.771,-8.4766,172,68.412
20.614,-8.4977,167,61.564
20.998,-8.0689,165,62.408
21.59,-7.8502,161,63.226
21.474,-7.4552,156,58.661
20.975,-7.2732,152,62.118
19.803,-7.161,147,50.242
19.356,-7.7052,150,58.008
20.159,-7.9179,163,54.517
20.405,-7.5453,173,76.575
21.231,-7.8869,167,54.36
22.782,-7.4085,164,60.315
23.58,-6.8628,165,57.04
24.067,-5.7216,163,54.443
24.416,-4.0105,166,59.877
24.794,-2.2102,167,62.788
24.481,-1.6446,154,55.733
24.154,-1.2085,153,58.454
23.737,-1.7493,159,55.56
23.144,-1.8628,165,66.708
23.19,-3.3656,159,60.116
24.054,-4.4157,160,60.357
25.187,-3.3082,157,52.731
26.132,-2.1929,162,61.754
26.261,-1.2228,161,58.653
25.833,-0.50075,163,56.974
26.002,-0.78525,150,49.762
24.9,-0.61063,155,57.528
25.57,-1.0386,162,70.256
25.865,-2.258,158,60.993
24.762,-2.2732,162,65.881
24.839,-2.6874,168,73.605
24.483,-2.8719,166,67.833
24.129,-2.9869,174,70.579
23.989,-2.8841,164,70.281
23.806,-3.1463,164,64.268
23.931,-2.7797,179,71.025
23.65,-2.324,167,76.567
23.535,-2.0629,178,67.27
22.609,-2.08,161,68.304
22,-2.8005,161,56.213
20.453,-3.4701,163,64.665
19.928,-3.9136,168,57.065
20.156,-3.7164,180,73.068
20.584,-3.3113,198,75.417
20.542,-3.6063,192,73.357
20.871,-3.9905,194,93.802
20.729,-3.784,199,78.171
21.009,-3.7227,191,87.343
21.235,-4.2196,197,76.351
21.357,-4.6708,184,85.375
21.417,-5.0495,183,83.043
21.822,-5.0552,180,72.613
21.873,-4.0752,182,64.442
22.155,-3.0878,176,57.437
22.499,-2.7802,169,62.862
22.622,-2.88,185,67.725
23.06,-2.8811,163,67.444
24.316,-3.1386,150,49.539
25.687,-2.4382,166,59.215
25.63,-2.0018,154,48.902
25.204,-1.6446,165,53.79
24.948,-1.577,156,56.329
25.11,-1.0343,157,57.156
25.024,-0.99155,163,71.431
24.164,-1.7052,174,56.883
23.428,-2.8957,168,64.947
24.109,-3.4201,166,58.289
24.837,-2.8231,164,58.752
25.393,-0.99401,172,60.249
25.386,-0.46283,165,56.792
25.672,0.24683,160,59.596
26.225,0.53228,167,54.906
25.377,0.73706,156,54.997
24.217,0.98212,161,58.843
23.184,0.21142,168,55.196
23.168,-0.40297,161,59.596
23.536,0.80929,149,51.532
23.787,2.6344,159,71.108
24.84,2.0281,170,81.214
25.458,1.0328,168,62.317
25.263,0.71331,176,76.558
25.53,1.2688,167,73.713
25.46,0.24299,161,68.718
25.888,-0.17651,174,78.212
25.581,-0.32486,170,70.628
26.085,-1.3903,163,67.668
26.26,-2.2032,166,58.909
26.975,-3.0778,170,67.568
27.863,-4.0889,159,61.928
28.819,-5.3656,159,50.986
29.913,-5.3146,157,58.752
29.971,-4.5285,166,61.581
29.95,-5.3222,161,61.49
29.987,-5.266,170,56.767
30.24,-5.0575,159,52.822
30.584,-4.0179,161,63.78
29.046,-4.0139,162,52.177
27.031,-4.316,161,67.279
26.152,-4.6112,163,72.563
25.844,-4.5044,166,62.217
25.587,-4.189,164,69.81
25.511,-4.508,169,73.275
25.838,-4.4527,161,68.213
24.916,-4.3907,160,68.966
24.929,-3.8086,158,62.705
24.704,-3.2532,160,61.241
24.079,-2.556,163,61.241
23.295,-1.3019,157,56.61
22.626,-0.49294,157,60.588
21.525,-1.1668,156,55.295
20.971,-1.1039,153,60.158
20.337,-0.89479,153,54.344
19.754,-1.6511,154,52.839
19.408,-1.9933,140,50.407
19.578,-1.8067,161,56.221
19.434,-2.0269,171,68.992
19.442,-2.4953,154,59.224
20.537,-2.6968,157,55.295
21.695,-2.5234,165,57.619
21.845,-1.0405,175,62.052
21.543,0.24303,174,59.744
21.38,-0.012635,167,60.323
23.45,-0.88588,179,68.395
23.881,-1.6041,168,68.991
23.669,-1.8777,174,65.997
23.925,-2.1545,161,65.955
23.772,-2.0888,166,71.025
23.893,-2.266,170,71.786
23.734,-2.619,170,66.807
23.49,-2.4087,163,80.007
23.204,-2.8628,165,74.962
22.544,-2.4681,156,61.928
22.349,-2.6786,150,57.917
23.037,-3.2543,153,65.294
23.66,-2.6168,147,54.369
23.071,-1.8043,148,47.223
21.796,-0.65192,150,53.5
20.46,0.26784,161,57.627
19.889,0.22931,163,67.494
18.279,0.050162,154,58.355
16.586,0.62155,153,58.926
16.307,1.0576,156,60.811
16.259,1.735,159,63.731
16.517,2.0243,159,56.213
18.488,2.4245,167,67.949
20.808,2.4066,158,51.532
23.376,1.9899,152,61.663
26.566,2.3952,146,60.828
29.308,2.338,131,49.456
31.801,1.9587,124,44.61
34.182,2.0031,104,39.276
35.881,1.4446,109,45.718
37.059,1.1099,110,46.661
37.605,0.82039,104,36.662
37.675,0.032124,99,41.955
37.616,-1.0878,88,42.923
37.292,-1.8393,92,38.614
37.521,-4.5697,91,41.889
38.301,-4.9763,91,35.504
39.539,-4.84,94,36.819
39.731,-4.2971,107,44.61
39.592,-3.8889,118,44.031
39.998,-4.6119,125,42.699
40.268,-5.5996,123,58.19
40.354,-5.7765,131,50.407
39.856,-6.8499,136,52.773
38.867,-8.6682,135,47.422
39.001,-10.772,140,55.378
40.185,-12.027,139,50.589
41.334,-13.254,136,52.086
42.773,-13.586,131,47.496
43.787,-14.518,137,46.355
43.953,-14.775,149,53.964
43.909,-14.812,150,50.995
44.038,-14.743,151,57.826
44.139,-14.596,152,57.9
43.836,-14.905,150,53.418
43.886,-15.14,138,44.295
43.842,-14.705,150,47.314
43.978,-15.025,144,51.557
43.582,-14.759,150,51.185
44.177,-14.798,155,60.232
43.824,-15.227,152,61.291
44.301,-15.237,148,50.614
44.78,-14.568,148,50.862
44.772,-14.495,146,51.433
44.715,-14.041,154,60.712
44.731,-13.29,146,58.099
44.326,-12.365,145,56.13
44.06,-11.761,149,61.663
43.266,-11.755,141,56.577
42.256,-11.33,144,57.636
40.691,-12.01,149,62.399
39.84,-12.372,151,51.623
39.52,-13.21,154,47.959
39.585,-12.71,154,55.568
39.429,-13.326,151,56.23
39.335,-13.117,149,63.623
39.471,-13.177,144,52.177
39.518,-13.005,147,60.613
39.429,-13.241,153,52.747
39.134,-13.231,142,47.314
38.901,-13.275,144,51.441
39.058,-12.915,140,58.181
38.494,-13.958,140,52.583
37.794,-14.379,148,51.623
37.671,-14.719,141,51.813
37.633,-14.597,133,48.72
37.047,-14.325,128,48.439
36.187,-13.311,132,49.291
34.505,-12.199,133,61.11
31.892,-12.787,147,59.587
30.31,-14.094,151,60.158
29.395,-14.6,149,48.811
28.926,-14.604,151,51.623
27.979,-14.64,149,55.088
27.676,-14.337,142,49.109
27.436,-13.094,151,57.065
26.898,-10.526,162,59.869
25.815,-9.2707,158,49.746
24.867,-8.2673,153,61.655
24.84,-6.9479,158,63.987
24.153,-6.7565,156,56.577
23.128,-7.2274,173,53.955
23.06,-7.6032,160,63.822
23.818,-6.8265,154,52.152
24.879,-6.3853,149,62.325
25.229,-5.0986,150,57.636
25.726,-4.4751,155,61.002
25.024,-3.5222,153,61.672
23.683,-3.5637,146,62.416
22.872,-4.4927,149,58.852
22.615,-4.1604,156,64.359
21.941,-4.6157,160,60.522
22.987,-4.9547,163,58.016
24.337,-3.7968,153,57.338
24.821,-1.7368,148,58.38
24.35,-0.63989,153,59.522
23.969,-0.37192,170,50.597
24.007,0.49821,154,53.401
23.324,1.432,153,55.378
21.64,1.6928,170,64.368
21.849,1.1313,157,58.272
23.231,1.6345,157,55.08
24.349,2.1446,151,59.985
25.752,4.2492,161,68.089
25.181,4.8965,149,49.001
26.435,4.517,153,57.71
26.756,4.0548,150,57.346
26.586,2.4341,165,52.541
28.253,1.2227,148,62.052
30.252,0.7983,141,49.564
32.498,0.36493,133,53.029
34.68,0.06926,136,50.581
35.385,0.12432,133,50.978
34.779,-0.70525,129,70.421
41.905,-3.4117,176,75.499
32.731,-4.0431,146,52.475
33.792,-5.4628,154,66.708
35.4,-5.9839,134,50.308
36.937,-5.144,136,59.877
37.169,-6.1596,146,70.835
37.486,-6.1959,142,61.258
37.35,-6.4081,138,60.985
37.308,-6.1648,140,57.139
37.274,-6.3314,148,61.903
36.902,-5.9747,146,62.746
36.583,-5.8847,156,57.04
36.028,-6.2478,137,57.52
35.685,-6.7661,137,60.34
36.304,-7.8302,144,63.433
36.422,-8.6252,150,55.469
37.382,-9.5186,150,69.074
38.388,-10.127,147,54.088
39.595,-9.9617,156,53.963
40.47,-9.576,147,60.067
41.288,-8.742,127,56.494
40.274,-8.4916,142,50.416
39.884,-9.4027,130,56.023
40.219,-9.2415,138,57.553
39.887,-8.8437,142,61.573
39.452,-9.2525,134,61.589
39.926,-9.2975,121,57.801
39.454,-9.3404,127,72.721
39.626,-8.8922,123,73.283
39.021,-9.7309,117,63.408
39.475,-9.4689,134,60.712
39.883,-9.5672,128,61.374
40.567,-9.4483,131,61.655
41.008,-8.6015,135,51.466
41.338,-8.3335,130,65.79
41.131,-8.8136,120,59.149
39.993,-8.9752,121,68.974
38.732,-8.8055,113,69.404
37.922,-8.8804,118,61.953
36.277,-8.7565,117,54.782
34.499,-8.7841,131,56.403
34.399,-9.7642,130,60.555
34.609,-10.484,134,59.993
34.753,-10.986,145,53.972
34.43,-12.012,139,61.101
34.003,-12.144,136,54.112
33.686,-12.337,144,51.714
33.289,-11.4,143,50.035
32.073,-11.54,143,54.807
30.684,-11.47,153,59.215
28.31,-11.773,152,50.424
26.547,-12.646,153,59.513
25.469,-12.244,149,58.008
24.329,-11.193,140,60.596
22.579,-9.8794,134,52.359
22.192,-9.9383,143,57.644
22.989,-8.4786,150,57.156
22.885,-6.3287,162,61.82
22.102,-5.4586,150,63.152
23.455,-5.0364,152,62.979
24.066,-3.9834,157,61.192
23.836,-3.6522,157,68.387
23.82,-3.7623,146,54.361
23.912,-4.2377,149,56.602
25.218,-4.3354,137,46.09
26.109,-3.2186,150,62.118
25.785,-1.9961,157,54.46
25.258,-1.2517,158,51.995
24.35,-1.0386,153,51.904
23.285,-0.025511,153,48.306
23.767,0.68326,145,62.425
23.449,0.11815,151,56.585
24.285,0.22285,153,53.037
25.106,1.6778,161,59.372
25.031,3.1281,156,61.374
24.169,3.5222,170,59.397
24.692,3.9348,163,55.89
23.926,2.4536,149,53.12
24.275,1.4533,143,46.115
25.832,1.3932,149,57.718
27.232,1.6836,126,44.337
28.116,2.7475,134,56.048
28.111,3.4133,135,54.245
28.28,3.7416,141,52.02
28.107,3.4089,146,50.961
29.135,1.3547,139,54.708
30.989,0.054554,136,49.936
31.422,0.78137,137,57.173
31.565,1.3781,140,51.267
30.186,2.1698,144,57.255
28.942,2.3131,127,50.771
28.69,1.2464,131,51.929
29.274,-0.34969,135,52.847
31.387,-0.23206,143,56.131
31.872,0.6138,140,51.416
32.652,1.2233,126,50.151
32.63,1.3896,130,47.033
32.107,1.2822,133,51.822
30.906,1.6031,120,56.792
32.017,2.2803,138,51.441
31.922,2.1492,142,61.291
31.763,2.1387,141,59.761
32.006,2.1735,132,53.616
32.194,1.7825,136,50.961
31.819,2.0403,131,52.549
31.384,2.3402,132,59.505
30.957,2.287,129,62.061
31.165,2.1593,128,55.196
31.632,1.2948,138,47.934
32.645,0.94554,126,51.648
32.669,0.16233,146,51.813
32.4,-1.2989,137,59.298
32.451,-2.6677,142,54.154
32.45,-2.9815,146,56.378
32.289,-3.6719,150,58.578
32.338,-4.8335,143,51.813
32.391,-5.5829,128,62.962
32.515,-6.9648,140,52.566
32.959,-6.9357,149,56.957
33.811,-6.358,144,46.834
33.394,-4.4776,142,51.978
32.393,-3.3352,136,61.564
31.681,-2.0013,143,53.989
30.634,-1.879,142,55.841
30.007,-2.7311,142,46.644
29.76,-3.4547,145,51.052
29.919,-3.8904,135,45.809
30.323,-4.1521,141,51.739
31.05,-3.834,145,53.972
31.422,-2.7052,153,53.617
31.276,-1.8164,144,56.428
30.338,-0.95234,143,48.712
29.695,-0.51877,143,58.38
29.146,-1.6892,145,51.416
28.703,-1.7897,146,51.904
27.407,-1.0027,130,55.568
26.033,-0.35803,144,63.681
25.15,0.48102,136,58.454
24.946,0.47636,145,60.166
25.443,1.0703,147,63.317
25.23,0.7466,135,48.803
25.582,0.91069,138,67.932
25.298,0.75912,145,67.767
25.263,0.39324,132,57.073
25.554,0.44569,159,54.021
25.772,0.14863,146,56.031
26.484,0.73693,147,65.129
26.922,0.70343,146,57.156
28.028,0.46482,147,56.13
28.029,0.92808,150,56.982
27.268,1.6012,149,54.824
26.868,1.254,139,57.065
28.081,0.54281,129,56.801
29.437,0.42659,134,53.682
30.063,-0.040981,139,60.737
30.53,0.83672,139,51.813
30.981,2.4074,145,55.94
30.892,3.0311,134,59.794
31.293,1.9614,147,59.323
31.871,1.3177,145,65.873
32.557,1.1174,141,62.979
32.126,1.2799,135,60.266
32.43,0.99845,135,55.551
32.477,1.0927,127,57.164
32.216,1.0325,136,61.01
32.243,0.77734,134,61.564
32.29,1.1767,144,55.179
31.414,-0.20098,117,72.977
31.678,1.6281,141,71.877
32.152,1.8173,148,60.786
31.03,0.80586,135,53.873
31.599,0.0050068,130,53.427
31.738,0.54538,133,50.407
30.53,1.3763,139,57.528
29.32,0.94925,137,62.962
28.127,0.99499,139,72.448
26.215,0.29237,140,71.778
24.341,-0.76814,159,59.405
24.329,-1.4919,150,52.177
23.422,-1.1594,160,63.532
23.422,-0.98265,149,56.329
23.396,-1.4433,154,58.678
24.089,-1.5108,144,49.018
23.503,-0.84489,148,60.158
23.733,0.83305,161,59.877
23.935,2.1218,158,64.964
23.422,3.7548,150,56.974
22.949,3.9214,150,63.342
23.84,3.9791,151,54.633
23.958,4.39,168,58.843
23.958,3.2732,155,63.408
23.988,3.2803,161,57.784
24.357,2.3554,154,63.822
25.48,1.8817,138,56.329
26.998,3.3433,151,63.731
26.78,3.6943,151,51.069
26.889,2.8471,137,55.866
27.202,2.1943,136,64.293
27.009,1.0419,145,60.539
27.253,0.92386,142,57.545
27.495,0.33611,137,60.357
28.444,0.018155,141,52.648
29.575,0.51697,144,51.83
30.063,1.7261,153,53.12
29.142,2.6414,150,53.31
28.394,2.7067,140,59.034
27.457,2.8541,146,61.729
26.856,2.8239,143,58.579
26.871,2.166,145,67.776
27.429,2.2335,147,63.714
28.793,2.719,143,57.238
28.841,3.0132,148,58.008
28.583,3.754,143,57.917
28.012,3.3043,139,51.515
27.659,3.3089,132,54.906
27.296,2.9715,128,57.462
27.518,2.7883,125,51.044
28.286,2.1237,129,50.705
28.981,2.0352,123,55.386
28.609,3.0488,126,56.875
28.13,3.4518,118,48.373
28.434,3.9349,121,59.397
27.647,4.7528,128,58.198
27.102,5.1689,124,59.505
27.99,4.2443,125,52.657
28.568,3.5968,132,48.166
29.952,3.7155,117,44.32
29.875,4.7904,129,47.413
29.201,4.7361,129,54.716
28.964,4.2141,123,43.667
29.1,3.7206,129,57.545
29.634,3.6205,124,55.403
30.594,3.314,124,58.289
30.9,4.5616,117,53.211
29.579,5.2877,120,47.215
29.16,5.5224,122,43.005
30.029,6.3877,120,58.57
30.187,6.3793,120,54.716
30.046,6.2514,119,61.366
29.451,6.3521,111,50.01
29.759,6.1535,122,57.247
30.009,6.9346,109,59.86
30.287,6.6311,112,42.352
31.121,6.4251,106,48.439
32.093,6.3567,105,50.705
32.356,6.0871,116,48.555
33.796,5.8543,124,49.953
34.913,6.3102,136,59.496
35.768,5.9109,137,56.676
36.384,5.7539,127,58.545
36.999,5.5191,129,53.203
37.157,5.2631,126,51.367
37.09,3.9849,113,52.674
36.874,2.7567,105,50.887
35.969,1.4901,105,46.388
35.362,0.26268,120,57.545
35.421,-1.3457,120,54.27
35.87,-2.3157,125,51.623
36.82,-2.6304,115,47.016
37.135,-3.8753,123,51.929
38.037,-4.1051,117,53.046
38.194,-3.5362,121,42.881
38.43,-4.1457,104,56.403
37.779,-3.1457,120,57.511
38.227,-3.5609,121,58.843
38.029,-3.4284,122,55.179
38.221,-4.004,120,56.428
37.806,-3.3273,117,59.017
37.82,-3.4913,115,58.479
38.171,-3.3566,128,55.841
37.752,-2.9596,133,67.56
37.542,-2.9077,125,47.703
38.03,-2.7579,127,58.38
37.916,-1.9485,123,59.141
37.271,-1.5005,124,60.737
36.637,-1.5873,120,54.162
35.793,-2.1885,111,46.578
34.884,-3.4528,105,63.342
35.725,-4.0753,103,55.758
35.987,-4.3762,103,57.264
35.438,-3.4403,112,50.217
34.365,-3.1907,122,50.424
34.303,-4.1002,132,50.978
33.363,-4.2329,129,48.166
32.522,-5.3163,126,51.458
30.736,-5.975,126,49.01
29.454,-7.8837,125,56.975
28.76,-8.9353,126,52.268
28.726,-8.9083,119,48.447
28.141,-8.413,115,47.777
27.994,-7.7971,137,60.439
27.534,-6.8179,135,57.81
26.205,-5.9251,119,51.433
25.867,-3.822,129,66.179
26.14,-1.4901,127,52.847
27.959,0.071969,139,51.995
29.234,2.5893,133,47.976
29.243,2.9831,132,57.636
28.971,3.4402,134,62.118
28.69,2.968,121,58.297
29.455,2.1398,127,52.367
29.996,2.371,120,51.35
31.276,1.9719,117,57.934
31.139,2.7684,128,64.731
32.094,3.7803,125,49.961
31.271,3.9108,124,48.687
31.244,4.2681,116,56.602
30.462,3.5043,120,54.642
30.688,2.6694,123,55.287
31.928,2.8934,128,56.974
33.062,2.5474,123,53.79
34.706,1.9,115,47.314
36.272,2.68,119,42.261
35.796,3.6195,132,58.934
35.388,3.0368,111,60.456
35.087,2.671,120,52.83
34.278,1.9258,112,53.037
34.846,1.4043,115,53.674
35.686,0.48434,100,45.462
36.901,-0.41489,104,50.87
38.934,-0.37842,116,50.109
39.325,-1.5584,129,57.743
38.683,-1.7054,113,58.653
38.254,-1.3522,115,48.05
37.142,-2.8997,125,57.164
36.941,-4.1494,134,63.061
37.181,-5.4859,133,55.568
37.726,-5.8219,122,55.767
37.896,-4.9075,127,66.063
36.663,-4.341,128,61.059
35.935,-5.7685,118,53.682
35.802,-6.7696,115,51.995
35.905,-7.9921,114,53.608
35.977,-8.7146,116,59.141
35.424,-10.177,119,51.441
35.982,-10.596,125,50.407
36.376,-10.444,124,54.543
35.571,-9.8363,118,50.399
34.394,-9.8689,112,49.101
33.729,-10.601,117,45.9
33.178,-10.66,121,46.479
32.637,-12.03,115,48.075
33.101,-13.118,108,45.362
32.883,-11.917,117,56.213
33.325,-11.783,111,41.872
32.371,-12.9,123,54.642
31.966,-12.642,126,51.143
32.037,-13.199,122,52.458
31.936,-13.286,119,54.236
31.914,-12.69,129,53.145
32.142,-13.041,124,52.004
32.47,-13.095,113,55.105
32.054,-12.908,119,51.433
31.931,-12.994,122,52.293
31.662,-13.029,120,54.46
31.136,-13.437,122,50.887
30.573,-13.814,110,49.291
29.875,-14.447,117,44.792
29.157,-13.609,117,59.678
28.271,-13.346,120,59.72
27.353,-11.763,117,47.678
26.756,-11.431,114,46.934
26.473,-11.532,117,44.221
26.715,-11.377,109,47.124
27.218,-10.706,116,49.126
26.774,-9.7057,129,51.995
26.993,-9.8826,115,45.999
28.068,-10.032,132,47.678
28.323,-9.5217,119,49.109
27.609,-9.1734,126,63.226
27.513,-9.944,124,59.042
27.575,-9.4535,121,60.166
27.394,-9.4732,129,66.146
27.468,-9.1111,123,67.279
27.241,-9.8667,138,61.671
27.021,-9.686,124,64.285
27.188,-9.9335,119,56.048
27.062,-10.24,122,58.115
26.803,-10.388,128,60.266
26.974,-10.583,139,59.86
27.337,-10.254,127,54.418
28.233,-9.1613,128,54.088
29.424,-8.8805,132,54.534
30.046,-8.4688,123,59.042
30.239,-8.7641,114,53.682
29.731,-8.4975,108,43.849
29.726,-9.3536,119,46.669
30.009,-9.7047,110,42.054
31.479,-9.2275,113,45.065
31.578,-8.8795,124,54.154
31.393,-8.2516,118,56.412
31.695,-8.6264,117,44.527
31.931,-7.535,122,51.441
31.486,-7.9553,109,48.249
31.006,-6.7317,125,51.83
29.886,-6.2517,125,56.048
29.852,-5.0892,124,62.953
28.452,-4.0948,123,58.025
26.16,-1.9758,131,54.526
24.837,-0.80399,120,57.636
23.72,-0.070454,123,60.811
23.8,1.1316,110,46.098
23.222,2.5119,119,53.674
25.269,3.5446,134,57.925
27.294,5.0341,121,48.53
29.924,6.4336,123,49.663
31.679,8.571,120,55.849
32.9,8.9043,110,45.718
33.613,10.008,104,49.101
34.174,11.06,101,46.942
35.019,10.794,111,53.79
35.521,11.684,101,47.612
36.407,11.109,105,46.76
37.102,9.8089,88,41.219
39.016,8.8859,103,41.409
40.509,8.2991,95,45.701
41.024,8.9054,93,45.371
41.54,8.7692,91,41.707
42.035,8.521,96,42.079
42.607,7.6554,98,50.135
43.894,7.8771,99,38.779
44.376,8.5309,109,58.587
44.923,8.4026,114,49.382
45.046,8.5063,102,46.959
44.81,7.624,102,43.758
45.134,7.7906,102,41.674
45.115,7.813,115,46.462
45.417,6.8698,113,45.627
45.93,6.1663,121,52.963
45.891,6.2407,110,53.31
45.937,6.2316,110,44.502
46.175,6.3451,108,45.354
45.919,6.298,111,59.323
45.728,6.1931,107,55.651
46.046,6.3173,108,41.781
45.739,6.4061,111,55.684
45.456,6.0744,117,48.811
45.665,5.9758,105,51.549
45.319,5.8437,117,48.737
45.142,5.6131,114,58.471
45.195,5.2973,114,50.143
45.369,4.3853,105,53.021
45.302,4.365,117,52.152
45.721,4.0097,111,52.103
45.339,4.225,116,61.093
45.028,3.6584,111,50.027
45.35,2.7186,105,54.716
45.373,1.883,122,53.492
45.211,0.8913,115,46.206
45.655,-0.24119,123,51.052
45.541,-0.63375,105,56.031
45.969,-1.1457,104,58.289
45.979,-1.8814,105,58.099
45.924,-1.8349,107,48.737
46.019,-2.6523,113,39.722
46.499,-3.6646,119,47.794
47.324,-4.2727,122,45.718
48.171,-4.979,120,52.384
48.382,-5.7317,122,53.591
48.912,-6.7873,120,50.325
49.611,-7.3087,115,54.898
49.418,-7.4732,129,57.991
49.046,-7.813,127,64.012
48.794,-9.2067,127,57.743
48.979,-9.3709,121,46.669
48.494,-10.715,116,50.424
48.581,-12.057,127,48.365
48.16,-12.609,131,56.222
47.851,-13.108,118,56.858
48.196,-14.462,120,48.547
48.436,-15.38,128,56.577
48.773,-15.503,121,51.83
49.583,-15.23,121,51.623
49.335,-13.802,128,51.069
48.117,-13.619,112,55.585
47.007,-13.504,129,56.147
47.616,-14.099,135,51.507
47.092,-13.536,128,50.978
47.054,-13.737,123,54.435
47.343,-13.388,138,60.82
47.046,-13.582,134,57.71
47.203,-13.603,140,53.997
47.231,-13.553,140,56.784
47.59,-12.896,136,56.585
47.585,-12.964,139,61.01
47.69,-13.04,135,59.571
47.656,-12.678,131,62.581
47.372,-12.548,138,58.769
47.144,-11.832,142,61.382
46.659,-11.337,137,57.065
46.856,-9.9723,137,63.731
46.686,-8.4872,142,58.289
46.807,-7.5997,147,56.585
46.452,-6.755,128,50.242
46.802,-6.2966,111,51.069
48.14,-5.5837,117,60.63
48.451,-5.5749,106,59.314
49.461,-3.8279,118,58.297
49.391,-3.5576,142,54.344
50.21,-3.5675,128,57.048
51.168,-3.8184,123,48.075
52.054,-4.2718,113,47.794
51.749,-4.8586,108,47.496
51.172,-4.7921,111,50.796
50.628,-6.3174,115,48.993
50.89,-6.7535,109,45.164
51.621,-8.3957,113,46.934
52.391,-8.9502,110,54.145
53.198,-9.4465,118,50.325
54.143,-9.6721,123,58.934
55.142,-9.3957,114,47.885
55.152,-8.9532,113,57.528
54.991,-8.6593,110,53.335
54.943,-9.0452,117,46.834
54.173,-10.048,118,62.962
53.514,-11.396,126,49.109
53.554,-12.285,118,46.917
53.824,-13.027,122,62.507
54.136,-13.486,122,56.486
53.938,-14.396,121,53.145
54.07,-14.843,123,53.12
54.781,-14.569,121,49.456
54.725,-13.536,128,61.573
53.668,-13.229,114,45.999
52.566,-14.255,121,52.376
52.177,-14.822,129,48.579
51.813,-15.973,116,50.019
51.715,-15.76,118,52.276
52.037,-14.683,122,61.63
51.906,-14.175,136,57.247
51.745,-13.839,133,53.302
51.942,-13.988,125,63.706
51.912,-13.868,127,57.644
51.684,-13.784,116,51.541
51.63,-14.236,125,44.974
51.609,-13.766,135,59.877
51.35,-14.019,138,64.475
51.422,-14.604,125,60.274
51.653,-14.233,135,55.733
51.838,-13.884,125,57.338
52.092,-14.657,130,48.629
52.108,-15.008,129,52.847
52.449,-14.828,134,46.735
52.864,-14.852,127,57.247
52.521,-14.355,124,50.722
53.038,-14.347,124,52.657
52.758,-13.364,125,60.894
52.561,-13.474,128,56.147
52.515,-12.973,130,49.654
51.546,-12.097,114,48.166
50.615,-12.306,123,57.917
51.022,-12.732,128,54.344
51.326,-11.737,132,53.699
51.21,-11.193,128,53.873
51.114,-10.873,132,57.255
51.227,-10.892,121,61.192
51.486,-11.188,125,57.826
51.098,-10.463,134,57.818
51.039,-10.424,142,53.79
51.061,-10.532,132,57.363
51.164,-10.351,135,62.391
51.194,-10.262,135,58.587
51.195,-9.7912,134,49.274
50.665,-8.9309,142,63.45
50.222,-8.2707,136,61.837
49.513,-7.6907,122,54.526
49.455,-8.4487,132,56.23
49.574,-8.7157,125,57.619
49.948,-8.2087,123,51.714
50.981,-7.9079,123,57.338
51.814,-7.9957,125,51.251
52.674,-7.0851,132,57.735
53.577,-5.8332,128,61.11
54.581,-4.5385,112,58.479
54.904,-4.4488,113,50.291
55.441,-4.5385,119,59.959
54.497,-4.3473,124,66.725
54.43,-5.5477,125,60.82
54.279,-6.4199,124,55.94
54.062,-7.9907,121,53.409
54.625,-8.8494,119,53.501
55.194,-9.5438,108,53.029
56.227,-9.7229,110,46.107
57.046,-10.053,111,51.077
58.922,-9.6965,113,49.845
59.606,-9.5508,116,51.987
59.949,-8.7641,114,59.604
58.997,-8.3762,103,52.012
57.055,-8.3579,106,47.513
56.231,-8.4142,108,53.889
56.397,-8.6271,108,62.3
56.626,-8.5832,112,53.972
56.612,-8.378,113,48.555
56.942,-8.8862,106,49.274
56.677,-8.8055,122,50.978
56.585,-8.8116,113,59.05
56.188,-8.1436,119,51.342
56.116,-8.2378,114,45.445
56.154,-8.2957,120,55.295
56.15,-8.4652,115,44.775
56.197,-9.1409,106,49.655
55.367,-9.047,109,58.951
54.836,-9.0147,105,48.1
54.128,-9.7626,109,41.409
53.497,-10.927,113,43.957
53.259,-11.183,108,46.661
52.87,-12.071,114,56.412
53.083,-12.639,107,50.49
53.191,-13.568,110,51.16
53.228,-13.378,115,47.422
53.742,-13.798,102,47.149
54.93,-13.713,104,40.921
55.918,-12.987,110,44.312
56.046,-12.449,113,50.217
55.844,-12.552,109,51.706
56.064,-11.183,108,48.737
55.585,-10.465,115,50.879
54.542,-9.435,127,45.817
53.228,-9.356,126,60.737
52.528,-10.068,116,55.006
52.578,-10.691,122,64.484
53.009,-11.249,109,60.332
52.593,-8.7353,106,51.177
52.601,-8.6734,108,43.386
52.001,-7.5848,111,44.221
51.102,-7.8634,124,50.291
50.384,-7.002,127,53.393
50.343,-5.9529,131,62.218
50.326,-6.3157,125,61.283
49.022,-6.1476,129,50.978
47.262,-7.1397,125,47.331
46.616,-7.8566,128,63.177
46.589,-7.9732,116,55.742
45.984,-7.9483,114,56.42
45.523,-7.7168,109,50.68
44.474,-8.5637,119,50.143
45.142,-8.6037,125,55.634
45.328,-7.7544,131,51.077
44.735,-6.7402,119,46.289
44.622,-6.8957,118,57.619
44.417,-5.8634,124,57.338
44.56,-6.6855,138,59.207
45.129,-7.0707,120,49.092
45.772,-6.823,117,48.819
46.387,-6.954,120,46.206
47.357,-5.8326,119,67.552
47.53,-4.5775,132,55.295
47.296,-4.5441,128,52.566
47.07,-3.8357,125,50.498
47.178,-4.091,128,54.245
47.121,-4.9207,120,55.659
47.466,-4.5049,119,44.974
47.106,-4.2663,116,52.276
47.298,-3.8184,123,61.539
46.742,-2.6252,122,55.75
46.279,-2.936,124,56.503
45.726,-2.7809,122,52.64
45.906,-3.7522,129,51.433
46.423,-4.3781,114,52.202
46.398,-4.1477,125,48.629
47.143,-3.7837,134,52.756
47.61,-3.2263,124,48.629
47.849,-2.7171,112,57.247
48.07,-2.437,121,60.084
47.785,-2.0427,119,53.418
47.844,-1.7318,119,47.471
48.247,-1.0511,119,50.308
47.724,-0.065149,118,52.45
47.462,-0.17966,125,60.175
47.786,-0.10558,131,50.589
47.626,-0.036879,131,55.113
47.833,-0.33505,132,45.726
47.774,-0.62423,140,50.606
47.735,-0.30475,132,55.725
47.66,-0.58418,122,51.524
47.427,-0.67532,118,45.726
48.522,-1.5068,126,55.378
48.996,-1.9328,121,58.173
49.806,-1.8486,117,48.084
51.224,-2.4849,112,53.583
51.938,-2.5028,112,54.443
53.186,-2.9746,114,50.052
53.502,-2.9976,103,57.735
54.294,-4.0651,121,47.149
55.087,-4.8123,120,51.234
55.055,-5.9697,108,50.399
55.861,-6.8326,103,52.285
56.735,-6.8131,103,56.403
57.136,-6.8257,100,50.416
56.947,-6.2273,101,43.849
56.11,-6.5901,108,53.046
55.956,-5.9632,111,57.528
55.416,-6.0345,108,74.689
56.195,-6.2922,87,50.507
56.603,-6.4969,79,45.999
55.347,-6.2752,83,64.773
57.217,-6.0988,64,40.855
55.656,-6.2138,77,66.072
55.712,-6.009,75,70.463
55.331,-6.3827,77,66.501
54.394,-6.1035,89,61.953
53.427,-5.839,97,70.968
53.182,-5.9866,88,61.581
51.474,-5.8004,84,54.625
50.546,-5.6512,90,56.983
49.775,-5.3748,96,59.513
48.077,-4.6144,96,67.188
47.457,-4.9401,90,66.915
45.838,-5.0887,101,44.61
44.606,-4.7319,116,54.923
43.374,-4.2837,125,55.775
44.195,-2.8524,127,51.234
44.918,-1.5567,118,51.648
45.796,-0.69111,132,66.898
47.374,-0.73941,128,58.934
48.864,-1.75,127,65.336
50.095,-2.8875,122,50.101
50.987,-4.6394,119,54.179
52.125,-6.465,101,63.26
52.085,-6.2372,101,43.766
52.484,-6.1766,105,45.809
52.402,-6.3259,129,51.325
51.903,-6.8153,112,55.841
51.905,-7.6766,121,49.754
52.147,-8.2122,109,41.715
53.079,-8.4629,119,42.443
53.851,-7.9296,118,48.737
53.712,-7.0867,123,52.558
53.43,-6.0976,104,57.528
52.073,-6.5229,110,52.268
50.939,-6.8547,122,56.312
49.038,-8.1295,124,55.105
46.414,-8.2465,114,59.604
44.346,-8.2411,110,50.672
42.618,-6.8657,117,44.982
41.946,-4.7957,120,47.687
40.016,-3.1044,103,56.511
38.983,-2.4227,111,48.084
39.364,-2.6771,135,58.752
40.259,-1.5501,136,58.372
42.346,-0.52574,123,59.05
43.811,-0.089351,111,45.718
47.088,-0.82301,117,51.813
50.337,-1.3411,110,47.703
52.935,-1.8279,118,56.974
54.971,-2.5172,107,53.418
56.721,-2.4469,117,52.756
58.107,-1.6099,98,41.616
58.846,-1.0357,100,51.069
57.786,-1.1168,104,51.424
56.997,-1.5811,124,54.179
57.233,-1.8153,112,53.409
56.909,-3.2502,110,43.204
58.108,-3.8558,113,46.198
58.889,-4.6652,115,50.879
60.02,-5.7007,118,49.944
60.7,-5.7228,107,51.929
61.638,-5.8864,108,57.429
62.308,-5.716,103,53.31
61.967,-4.8466,102,50.044
61.862,-5.9263,98,46.578
61.494,-6.2368,107,48.067
61.76,-7.2439,112,49.49
62.518,-7.3864,108,46.644
63.37,-8.1478,117,49.663
63.751,-8.1546,112,52.384
63.513,-8.5265,107,54.369
63.943,-7.5078,107,49.01
64.442,-7.0095,101,48.439
64.502,-7.2378,114,48.348
64.692,-7.0594,113,51.623
64.567,-7.2478,115,47.587
64.478,-7.0713,111,52.103
64.367,-7.3131,109,46.669
64.68,-7.2528,112,44.031
64.56,-6.852,103,48.232
64.436,-6.5671,105,48.811
64.181,-6.5488,111,43.948
64.236,-6.3099,105,51.458
64.074,-5.2909,105,49.399
63.833,-5.5716,108,60.067
63.408,-5.4905,116,50.126
63.715,-5.8332,112,50.606
64.152,-6.1036,113,55.304
64.842,-5.4126,118,56.891
66.342,-4.8533,118,53.244
66.205,-3.5726,113,49.589
66.755,-2.6692,117,40.094
66.367,-2.2122,109,49.018
65.995,-2.9714,99,43.179
66.435,-2.0948,113,46.388
67.055,-2.0103,109,53.219
67.054,-1.3255,114,47.885
67.055,-1.8401,108,46.09
66.944,-1.4738,128,56.403
66.847,-2.2717,121,59.05
66.667,-3.1688,119,49.828
66.046,-3.4039,121,55.08
65.421,-4.8867,112,59.778
66.257,-5.57,109,52.293
67.916,-5.4043,116,51.532
69.408,-5.5815,113,47.033
69.965,-5.1724,112,54.923
70.55,-4.8433,105,48.166
70.902,-4.277,118,50.325
70.103,-3.8171,121,49.299
69.234,-3.3264,101,50.614
68.41,-4.2274,107,46.653
68.541,-5.0686,107,52.467
68.653,-6.1546,112,49.862
69.848,-6.2669,101,49.2
70.347,-6.4301,116,51.35
70.918,-5.6837,125,45.908
71.683,-5.1833,113,49.68
71.519,-4.5886,114,48.538
71.393,-3.4565,115,52.566
71.324,-3.7174,115,51.234
70.656,-3.8533,118,49.944
70.28,-4.1609,115,46.76
70.694,-4.9542,111,42.451
71.694,-5.3679,108,53.625
72.932,-4.9834,114,51.83
73.68,-4.8957,112,50.234
73.602,-3.3108,106,58.19
72.76,-2.6433,105,52.384
72.461,-2.5397,118,53.517
71.731,-2.9004,105,59.778
71.396,-3.3873,120,48.513
72.092,-3.766,108,55.006
72.627,-3.5751,117,49.291
72.431,-2.4048,109,52.938
70.859,-3.1753,118,64.376
70.718,-3.6974,116,63.995
70.108,-3.3689,112,53.128
70.003,-3.7346,118,43.741
70.117,-4.0832,112,49.853
70.64,-4.5848,111,47.538
71.258,-5.4665,113,46.388
72.293,-5.4415,109,48.166
73.127,-4.774,111,46.644
73.506,-4.2098,113,56.42
73.551,-2.6333,101,46.462
72.784,-2.7975,107,52.748
72.266,-3.0654,109,51.822
72.782,-3.3229,110,46.752
72.915,-3.8652,115,53.426
73.34,-3.2192,119,47.24
73.745,-2.4399,113,45.255
73.682,-1.7593,110,55.204
72.601,-1.0421,99,43.741
72.338,-1.4145,106,63.342
71.656,-1.3872,118,46.942
71.312,-1.7873,120,47.678
71.836,-2.2909,105,48.811
72.762,-2.029,120,54.642
72.99,-1.4704,107,52.302
73.13,-0.29396,118,47.976
73.097,0.70691,117,45.9
72.827,1.0917,119,55.659
72.197,0.8968,106,49.655
73.228,1.239,104,50.126
73.678,0.68925,106,46.942
73.453,0.66916,108,50.879
73.55,0.61304,115,55.841
73.291,1.0043,110,55.568
73.518,0.95619,108,59.786
73.637,1.1316,110,47.695
73.44,0.85205,109,45.974
73.124,1.0826,115,50.754
73.153,1.0455,102,50.242
72.63,0.31231,113,48.811
72.338,0.099918,113,62.234
72.485,-0.31807,116,61.093
73.018,-0.28657,110,44.883
72.914,-0.65004,114,48.91
73.694,-1.9272,111,48.456
73.851,-1.6877,113,47.149
73.995,-1.5906,118,50.705
74.019,-2.5185,114,53.972
74.533,-3.1808,121,51.342
75.621,-3.3123,120,49.481
76.205,-3.4222,113,49.101
77.054,-2.9797,113,46.57
77.583,-2.8337,121,54.253
77.744,-2.7577,116,45.263
77.955,-2.6353,121,56.023
78.027,-2.6067,109,57.429
77.833,-2.6827,108,45.9
77.649,-2.4857,111,51.177
77.756,-2.8957,114,57.735
77.587,-3.3957,109,44.792
77.775,-3.891,107,58.289
77.345,-4.2307,97,43.874
77.446,-4.429,90,43.361
77.625,-6.1153,107,58.843
78.177,-7.8167,114,54.824
79.435,-8.608,113,53.583
79.978,-9.7431,118,50.978
80.959,-9.3248,127,46.181
81.037,-9.1478,117,57.925
79.976,-9.4478,115,48.646
80.323,-8.8326,119,53.037
80.853,-8.1062,114,49.771
80.582,-7.9077,125,57.454
80.587,-7.9671,133,51.325
80.673,-7.6496,126,55.659
80.966,-7.8957,126,66.717
80.567,-8.0595,119,55.204
80.431,-7.8711,122,50.961
80.363,-7.3957,123,57.255
79.856,-7.313,121,55.105
79.756,-6.7097,121,57.917
79.302,-6.6766,121,65.211
78.598,-6.9729,123,50.217
78.306,-7.0679,119,56.528
78.161,-7.8381,113,46.942
77.956,-8.3689,112,51.416
78.628,-8.4652,115,44.519
78.593,-8.5435,115,49.564
78.452,-8.9126,118,54.708
78.319,-8.8828,117,51.557
77.351,-8.6414,118,53.244
75.766,-8.3957,100,48.53
75.13,-7.7415,107,48.439
74.944,-6.1753,118,51.623
75.181,-6.1414,118,60.076
75.506,-5.4988,126,62.896
75.003,-5.6584,118,56.701
75.284,-5.5623,126,56.048
75.417,-5.8027,113,67.568
75.063,-5.4939,112,57.247
75.324,-5.2739,115,59.505
75.462,-5.3494,108,66.89
75.827,-5.3866,110,53.211
75.074,-4.529,105,57.363
74.878,-3.799,119,58.281
74.562,-2.9694,122,61.407
73.745,-1.0135,123,53.765
73.684,-0.70658,119,48.712
74.02,0.32229,117,46.09
74.306,1.4699,119,45.147
75.172,2.5655,103,54.633
76.028,3.2826,115,58.008
76.707,3.3445,127,48.695
77.832,2.6485,136,53.327
79.286,1.0763,125,63.632
80.681,0.18371,126,59.05
82.155,-1.6982,119,58.761
82.786,-2.8757,100,52.583
83.397,-4.7938,108,49.456
83.215,-5.2707,112,57.718
82.454,-6.0385,98,55.014
81.665,-7.1671,105,48.513
81.727,-7.9138,110,49.663
81.664,-8.7855,118,41.492
81.573,-9.3679,108,43.874
82.396,-9.7202,114,49.663
82.895,-9.9994,106,41.128
83.146,-10.177,110,42.079
83.849,-11.039,112,53.799
83.875,-10.949,123,53.517
84.104,-10.446,120,50.581
83.446,-9.4957,120,50.581
83.079,-9.2092,118,44.602
82.27,-9.3612,116,48.621
81.839,-9.9246,121,44.974
81.778,-10.887,116,54.923
82.342,-11.243,118,55.378
82.633,-11.554,114,53.401
83.344,-10.668,114,55.312
83.767,-10.23,115,53.972
83.669,-9.6158,109,42.261
83.244,-8.3612,116,47.513
82.416,-8.3216,108,46.28
82.239,-8.1856,119,47.976
81.436,-8.7057,100,43.94
80.427,-8.5671,105,44.783
80.313,-8.9798,101,53.12
80.3,-8.8172,102,55.957
80.587,-8.7902,109,45.627
80.379,-9.1665,96,58.173
80.309,-9.0062,95,62.714
80.495,-9.0249,89,57.437
79.758,-9.3561,101,51.251
79.674,-9.6843,97,60.249
78.694,-10.286,91,45.908
78.987,-10.677,103,49.828
78.719,-11.155,104,50.035
79.017,-11.905,106,42.443
79.628,-11.952,115,51.83
79.425,-12.618,108,48.266
80.073,-13.065,109,47.786
80.537,-12.87,116,48.067
80.161,-13.183,113,48.439
79.837,-14.071,120,47.794
79.631,-14.379,123,55.477
79.457,-14.102,119,52.202
78.092,-14.33,107,52.764
78.056,-14.69,95,49.274
77.437,-14.427,97,53.418
77.288,-13.598,99,44.593
75.471,-13.564,101,44.982
74.362,-14.314,98,53.219
72.979,-14.151,90,49.589
71.655,-15.405,105,48.075
71.114,-15.191,117,58.488
70.683,-14.891,113,51.532
70.82,-14.405,111,62.333
71.846,-13.229,90,57.71
73.483,-12.433,80,47.786
75.207,-11.545,87,49.845
76.692,-11.224,99,49.845
76.783,-9.931,99,58.67
76.199,-10.517,91,42.716
76.812,-10.172,94,43.46
75.692,-9.3755,99,55.502
76.342,-8.5345,108,49.655
77.139,-7.1476,129,53.409
77.592,-6.7472,128,61.192
77.567,-7.5721,119,56.428
77.39,-8.0259,119,62.002
77.911,-8.7738,119,57.801
78.028,-8.8828,117,59.794
78.318,-8.3637,125,51.813
78.321,-8.954,120,48.737
78.315,-8.3957,115,57.321
77.75,-7.6508,98,49.828
77.431,-7.0746,109,54.435
76.709,-6.9229,110,52.748
75.735,-6.8353,116,56.983
75.693,-7.1436,119,53.418
76.538,-8.4988,126,68.983
77.921,-8.2322,104,51.069
78.251,-8.3187,117,56.602
78.872,-8.1348,115,54.733
79.447,-8.0452,117,54.915
79.513,-6.7263,124,48.422
79.443,-6.8002,131,54.989
79.286,-6.4887,129,51.35
79.147,-6.2941,128,52.632
79.287,-6.5336,116,60.241
79.124,-6.3261,115,53.492
79.365,-6.5301,119,54.551
79.661,-6.3358,117,56.585
79.466,-6.7822,119,53.509
80.316,-6.3776,111,55.85
80.073,-5.8544,109,44.775
80.13,-6.3022,107,43.585
79.246,-5.9373,120,52.086
78.339,-6.3784,116,58.38
77.709,-7.2146,116,51.441
77.621,-6.9957,120,52.665
77.439,-7.4429,127,56.999
77.798,-7.1656,113,47.033
78.436,-6.8433,105,42.997
78.273,-6.2684,110,52.649
77.943,-5.541,117,64.376
77.624,-5.4618,121,48.257
78.084,-5.511,130,54.327
77.957,-4.6877,113,48.894
77.745,-4.5815,113,47.612
77.537,-3.6413,114,50.606
77.147,-2.3401,108,55.75
76.163,-2.3957,119,45.809
76.029,-1.594,121,53.674
75.917,0.11716,117,55.122
75.724,2.4942,118,59.885
76.347,5.01,106,49.853
76.818,6.9953,110,48.166
76.474,7.6361,126,54.642
76.721,7.6377,120,60.712
76.761,7.7649,137,55.477
76.898,7.9377,129,72.812
77.351,9.0929,131,61.2
78.314,9.7155,108,45.056
79.248,10.316,104,50.515
80.242,10.345,112,55.568
81.369,9.0234,105,48.439
81.659,8.9608,101,45.817
81.592,8.893,97,46.107
81.848,8.9585,96,48.919
82.687,9.2742,106,48.158
83.603,8.7005,104,57.52
84.402,9.0697,101,47.504
84.51,9.0064,97,46.826
84.972,8.0678,82,43.642
85.906,8.5243,100,45.172
87.026,8.4393,103,48.166
87.167,7.5538,99,45.743
87.359,7.4326,99,47.488
87.306,7.6152,92,58.769
88.376,6.9522,115,53.856
88.373,6.9697,104,64.574
89.622,6.7755,111,51.532
89.487,7.9279,102,46.181
90.196,8.4,93,62.573
89.712,8.8468,99,53.881
90.36,9.2996,105,58.38
89.961,9.857,95,53.575
88.968,9.915,103,52.285
88.254,9.2189,96,43.684
88.776,8.5,115,55.568
87.46,9.1195,99,54.08
87.757,8.8002,97,40.011
88.271,8.7416,102,42.906
88.376,8.2204,112,49.027
88.888,8.9192,108,50.325
88.229,8.9717,98,59.877
87.859,9.3333,107,60.522
86.927,9.7589,110,53.972
86.686,9.5849,103,49.936
86.541,8.9071,109,53.037
86.205,8.9767,94,38.316
85.837,9.4835,91,47.05
86.082,8.4667,109,43.071
86.602,8.6826,115,50.978
86.75,8.5134,88,43.204
86.757,8.8518,97,46.57
86.698,8.7412,95,49.845
86.613,9.3775,97,51.185
85.899,9.124,102,49.374
85.822,8.4526,112,56.403
87.43,8.4793,104,51.177
88.084,7.7377,105,52.566
88.69,8.2025,107,53.666
89.007,9.0851,104,54.088
88.246,10.184,100,47.314
87.241,9.9136,97,45.9
86.854,10.099,99,42.815
86.173,9.8789,102,47.232
86.063,9.6565,115,51.458
85.095,9.5053,101,46.107
85.263,8.576,106,54.435
85.276,8.2043,100,48.993
85.706,9.8276,103,51.441
86.47,10.852,113,65.236
86.249,11.772,113,46.297
86.026,11.418,102,49.754
85.499,10.501,97,44.031
85.585,10.764,113,51.359
84.581,10.482,114,55.469
84.555,9.2589,110,43.394
85.238,8.9478,99,39.83
85.301,8.635,98,38.969
85.068,8.5714,91,42.327
83.248,8.7214,94,42.236
82.427,9.4225,110,45.834
81.465,9.8329,105,46.661
80.607,9.5125,98,44.056
81.158,9.3707,107,41.855
80.769,9.2026,112,38.506
80.259,8.6969,108,50.978
81.388,7.7125,111,39.416
81.874,7.4996,105,51.714
82.342,6.4377,108,59.596
83.149,6.3025,106,50.052
84.091,7.0814,109,51.433
84.099,7.314,93,47.604
83.444,7.3519,103,41.616
84.33,7.5259,102,41.227
84.254,7.6439,101,50.498
84.004,7.243,119,50.953
84.1,7.7485,111,50.796
84.258,7.6043,113,57.636
84.212,7.9289,114,49.572
84.139,7.562,118,49.373
83.921,7.6133,112,48.075
84.017,7.6234,105,50.49
83.873,7.4233,116,50.143
83.873,7.1474,116,44.568
83.613,6.8447,104,44.411
83.546,5.8974,116,44.494
83.734,5.6961,109,50.226
84.406,4.8656,111,54.179
85.467,4.7024,102,50.68
86.194,4.3173,108,57.065
86.766,3.4512,111,47.885
87.532,3.7902,113,54.154
87.55,3.0413,119,55.196
88.477,1.5059,132,54.327
88.459,1.9147,116,59.48
88.9,2.8316,110,59.877
89.388,3.6229,108,54.898
89.703,3.4562,108,57.247
89.623,3.625,97,66.634
89.91,4.0106,96,62.127
90.494,4.3023,96,62.308
91.252,4.7891,92,48.902
91.164,4.7925,101,49.481
91.432,5.076,106,55.676
91.249,4.3451,108,51.524
91.028,3.215,113,48.067
91.456,2.9043,100,47.422
92.632,3.9578,116,52.02
93.766,4.9917,111,55.452
93.838,5.9647,111,61.465
93.397,6.7665,111,55.304
92.388,7.0007,111,51.069
91.444,6.9539,103,47.24
91.337,6.7043,110,41.889
91.181,6.5953,111,39.912
91.816,5.9805,109,49.481
91.974,6.0818,111,52.194
92.527,6.5225,110,53.583
93.246,7.3407,110,46.743
93.816,7.3831,113,46.289
93.748,8.0908,111,48.53
93.682,9.3114,99,46.942
94.357,10.642,106,49.2
95.055,11.595,103,47.422
95.646,11.532,110,49.638
95.504,10.651,107,43.75
95.523,10.568,111,55.114
95.414,10.06,114,52.773
94.869,8.771,102,60.547
96.149,8.6388,116,44.039
96.599,7.8008,112,51.069
97.146,8.2178,119,58.181
97.784,7.8006,107,47.331
98.302,8.1548,109,55.287
99.272,8.787,115,44.13
99.527,9.0498,110,51.896
99.633,8.5693,114,47.761
99.519,8.9704,112,50.416
99.537,8.8671,118,46.479
99.376,8.7908,118,45.718
99.533,8.8437,117,54.361
99.587,8.7793,120,52.872
99.677,8.7683,122,59.124
99.358,8.8543,112,46.289
99.257,8.641,109,49.481
99.298,9.0739,115,47.951
99.005,9.2508,99,40.855
98.56,9.4296,103,46.57
98.251,8.8365,112,41.31
97.963,8.3199,109,53.244
97.978,7.9601,104,53.691
98.367,7.1456,109,58.843
98.106,6.6388,116,56.321
98.805,6.7247,108,54.327
98.272,6.8826,115,69.611
98.322,6.7948,105,47.587
98.305,7.2472,112,48.141
98.425,6.6877,108,51.532
98.092,6.7803,108,51.896
98.367,6.8652,115,46.454
98.413,6.6642,117,62.797
98.692,7.0114,113,49.109
98.011,7.1216,116,53.302
97.883,7.1269,111,49.084
97.893,7.1976,118,53.989
97.411,6.7087,115,47.033
97.233,6.1165,123,42.36
96.796,5.4347,112,54.906
96.507,4.8447,104,46.297
96.001,4.2785,89,59.976
95.648,3.0775,93,57.545
96.125,3.0004,101,54.154
96.742,3.1926,102,53.972
97.227,4.3589,110,58.488
97.135,5.4079,112,55.767
97.405,5.3736,117,51.35
97.374,6.1963,125,54.344
