0,-0,122,44.932
-0.23964,-0.24664,178,52.342
-0.036554,-1.652,161,48.877
-0.30885,-2.854,175,46.685
-1.0846,-1.2618,190,49.315
-1.0058,1.4338,146,50.274
-0.88703,2.5137,165,55.08
-1.1397,2.0085,192,57.097
-1.076,2.9851,169,55.452
-0.009393,-1.0089,185,52.061
-0.89798,-1.6255,206,53.847
-1.9283,0.54666,202,55.89
-1.8546,2.8613,210,57.023
-1.9533,3.5492,225,58.313
-1.7079,3.2535,205,52.334
0.95204,0.1256,201,56.287
1.1159,-1.3324,197,54.583
-0.038344,-4.2476,236,55.799
-0.46534,-2.3986,228,57.304
-0.83277,1.0824,194,54.038
-2.1247,2.6164,172,47.959
-1.2254,0.96294,230,58.148
0.68096,0.24306,271,61.539
3.6782,-2.2855,234,59.562
3.6089,-6.2124,247,55.964
0.80606,-7.279,283,59.488
-0.34076,-6.58,267,58.752
0.61049,-3.5635,242,58.843
1.6225,-0.82398,232,56.08
4.1864,1.5572,199,52.731
3.9068,2.7364,214,57.346
5.8975,-0.29163,214,56.006
5.9866,-2.8744,256,58.255
3.67,-7.0982,219,55.361
5.0286,-6.2248,195,58.52
0.55677,-7.5965,242,54.435
-3.5567,-6.6231,173,50.564
-4.0961,-0.96967,220,53.359
-1.3412,1.8995,235,58.619
1.9955,3.1454,258,65.575
5.2378,0.21588,225,56.171
3.7883,-4.8972,245,56.651
-1.7762,-6.256,259,60.522
-3.2621,-5.4216,206,54.782
2.6825,1.1632,292,67.088
5.7274,-0.41273,317,69.139
8.0735,-1.4767,347,65.914
8.5763,-5.122,301,68.469
7.847,-5.3344,373,72.174
5.141,-8.1836,305,64.913
-0.67265,-7.7279,316,68.37
-1.9182,-7.7883,223,63.921
-0.89925,-3.1814,329,69.387
-2.1846,-0.85476,228,58.818
-4.5753,3.4647,218,59.422
0.59182,6.1017,267,64.4
6.2278,4.4591,269,63.615
7.3917,-27.462,380,72.687
2.7827,-21.418,376,74.945
-0.35875,-11.855,198,70.289
-5.065,-7.6735,260,64.847
-1.518,-1.3923,248,63.532
-0.50522,1.9621,275,65.004
-1.1818,3.1839,278,68.122
1.3305,4.7099,321,69.139
0.20422,2.688,260,62.118
1.1311,0.84989,230,62.556
4.6988,-0.77677,303,70.727
8.5949,0.78916,317,69.974
13.349,0.14001,372,81.18
27.304,-7.4162,342,71.446
29.831,-10.668,316,71.67
28.532,-15.256,337,69.676
24.985,-22.47,349,70.073
20.932,-29.316,371,74.556
17.101,-32.361,366,74.423
14.37,-34.911,393,77.12
11.208,-35.188,391,81.801
11.108,-35.87,340,72.29
13.18,-39.503,369,73.861
11.141,-40.438,411,81.85
11.453,-44.984,407,82.438
13.391,-46.241,415,78.153
15.283,-50.578,401,74.026
16.481,-54.045,400,73.315
18.9,-55.289,403,74.076
19.522,-58.913,409,75.755
18.36,-59.527,345,70.826
15.577,-60.089,397,75.623
6.7504,-54.567,281,66.898
1.0135,-52.209,357,70.818
-0.86562,-53.111,309,68.296
0.40677,-51.851,283,69.412
5.1821,-47.214,373,78.493
13.882,-43.111,381,76.218
17.937,-38.702,324,70.148
13.057,-35.903,338,74.465
14.207,-38.514,380,73.29
15.804,-42.26,404,74.275
17.858,-41.33,417,80.717
18.468,-45.073,415,85.795
21.837,-48.921,405,80.709
22.356,-57.427,405,74.755
23.133,-63.338,432,76.028
19.288,-67.358,401,74.398
12.603,-68.484,354,69.9
7.4645,-65.978,342,74.118
10.014,-69.946,213,56.37
5.5531,-66.222,301,66.327
3.6527,-67.239,255,64.012
2.1353,-68.853,241,62.482
0.15932,-67.999,284,62.837
-0.87281,-67.717,253,61.224
-0.095618,-65.467,269,65.45
-0.77945,-66.227,302,74.019
2.8739,-66.186,311,69.503
7.57,-61.807,319,69.222
6.5013,-56.356,362,70.082
3.9538,-51.814,327,66.418
1.5014,-48.54,343,67.981
2.0012,-46.989,331,66.989
3.395,-43.353,326,67.659
4.0545,-39.219,313,64.524
5.0571,-35.051,324,68.097
5.3939,-34.137,293,60.869
5.5066,-33.869,285,69.983
5.6015,-33.618,287,65.277
5.288,-34.172,338,80.081
6.5346,-32.623,290,67.427
6.8417,-32.865,266,68.693
5.2793,-35.709,324,64.499
6.414,-36.033,304,66.782
8.3175,-32.675,263,63.127
8.8937,-30.927,299,67.08
8.1247,-33.381,622,93.172
7.7471,-32.815,664,99.855
9.4231,-35.034,685,103.62
12.324,-34.818,688,100.67
13.8,-35.103,674,99.375
13.965,-36.44,651,99.276
13.317,-40.654,730,99.648
12.955,-39.849,755,104.65
12.555,-41.368,750,100.97
12.988,-40.325,738,102.45
12.405,-41.704,764,105.55
12.29,-42.094,768,103.37
12.479,-41.946,802,105.35
12.518,-42.37,817,107.98
12.922,-43.036,804,110.14
13.413,-42.91,764,109.35
12.748,-41.244,717,99.937
10.963,-41.736,682,96.737
10.019,-43.97,693,97.225
7.8999,-43.216,653,94.322
5.0796,-41.671,699,95.993
2.4354,-39.2,779,109.17
2.3387,-39.204,790,108.9
2.5434,-39.851,769,110.55
2.4349,-39.591,800,112.36
2.8311,-39.911,800,112.17
3.0605,-38.818,807,111.12
3.4661,-38.171,833,112.63
4.3139,-37.793,859,114.14
5.7285,-37.906,832,110.38
6.2467,-38.644,753,103.58
4.8298,-37.806,730,101.29
3.2595,-40.693,678,99.193
2.3706,-39.567,756,100.61
3.6392,-40.118,811,106.96
4.0698,-39.38,832,108.93
4.2949,-41.127,849,110.34
4.9934,-39.15,748,102.41
4.3628,-39.315,833,108.87
4.0674,-40.023,847,109.85
4.3017,-39.796,856,108.98
4.5936,-39.732,852,109.48
4.1747,-40.098,804,107.79
4.3917,-41.005,756,102.62
6.567,-42.915,748,103.18
8.8981,-44.216,768,109.34
12.15,-47.667,753,103.92
16.135,-48.069,738,104.21
17.406,-48.174,714,104.49
18.944,-51.91,805,114
18.323,-54.823,829,115.05
17.123,-55.561,865,120.38
16.484,-55.111,854,121.24
16.107,-54.358,875,124.11
15.885,-54.521,890,124.4
15.435,-53.958,890,124.41
15.009,-54.578,870,121.48
15.348,-53.83,843,121.88
15.558,-51.582,802,114.65
13.324,-48.999,762,105.77
10.603,-48.378,786,105.38
7.769,-46.53,787,107.03
3.8653,-47.626,771,104.96
2.9165,-49.034,778,106.24
0.5774,-45.842,800,104.9
2.044,-45.596,757,105.41
3.5479,-45.276,751,102.35
5.2674,-40.931,778,105.16
6.006,-40.17,847,114.63
5.9214,-40.499,901,118.66
5.7982,-40.664,898,119.72
5.8404,-40.222,877,118.02
5.9225,-40.529,901,120.98
6.1732,-40.462,880,117.53
6.7773,-40.989,876,119.71
7.3631,-41.284,871,116.24
9.2585,-42.288,856,115.77
11.955,-43.464,850,114.35
15.609,-45.106,858,119.53
18.662,-47.517,838,117.02
22.228,-50.434,822,109.85
24.676,-54.962,799,108.29
24.458,-59.438,779,108.33
23.29,-62.441,782,107.17
18.599,-62.894,723,105.02
14.801,-61.173,751,107.52
9.4537,-57.399,775,110.56
1.9487,-59.097,751,100.74
-0.16628,-55.998,817,113.92
2.9535,-50.999,777,112.38
4.5928,-45.574,691,97.977
8.0654,-41.437,669,97.902
9.1046,-36.267,717,101.68
15.306,-35.882,754,102.74
21.674,-37.103,744,100.11
26.442,-40.303,720,98.085
29.412,-43.547,663,91.03
30.78,-48.754,583,86.878
34.12,-51.42,545,94.231
35.669,-53.285,584,100.48
32.79,-72.599,615,91.948
31.991,-76.03,570,89.417
30.02,-75.932,603,95.356
27.176,-79.408,598,92.924
25.907,-81.792,584,88.698
23.538,-81.581,604,91.303
23.204,-85.904,614,92.916
23.291,-87.288,593,90.923
23.307,-89.867,614,91.799
23.016,-91.506,634,93.825
21.699,-92.215,690,100.02
20.032,-91.82,686,96.447
19.017,-90.15,667,96.034
17.196,-89.162,634,95.794
14.935,-89.533,572,88.905
15.013,-92.407,575,88.276
15.074,-94.859,540,84.811
15.234,-96.915,505,81.222
14.556,-96.37,483,82.992
16.951,-97.549,521,87.945
18.457,-95.124,605,92.453
19.605,-90.939,652,96.339
19.423,-83.247,716,108.37
16.08,-80.975,689,105.93
13.462,-78.566,670,99.449
10.977,-78.048,675,98.589
11.583,-79.31,689,96.009
13.932,-80.43,734,102.89
18.267,-79.922,722,103.48
28.433,-84.848,708,107.47
28.622,-87.62,692,100.07
28.312,-92.159,668,96.671
21.305,-92.461,666,95.182
15.299,-96.45,685,96.646
15.786,-98.588,716,102.96
17.51,-98.194,708,102.53
18.062,-95.904,737,105.83
16.559,-90.824,722,106.5
13.345,-85.131,696,96.364
8.4127,-79.079,760,105
5.8187,-77.424,845,108.36
6.1311,-77.338,857,109.91
6.0844,-78.088,877,114.67
6.0872,-77.313,887,117.7
6.3035,-77.647,882,118.08
6.2761,-77.336,883,117.07
6.2654,-76.704,864,114.66
5.8977,-76.182,848,116.22
5.3615,-74.484,825,118.67
4.2074,-73.225,800,121.13
2.2976,-73.143,733,108.55
-0.19287,-74.13,716,100.95
-2.6974,-75.568,700,102.1
-4.0606,-76.094,725,103.96
-2.5178,-76.8,752,105.45
-0.053784,-75.72,730,103
2.3299,-75.7,775,104.26
6.057,-75.704,850,110.93
8.8698,-77.014,968,128.27
9.5049,-76.508,982,131.89
9.6316,-77.182,999,127.42
10.11,-77.35,981,125.79
9.9141,-76.973,1000,130.42
9.9941,-76.985,1000,138.48
10.009,-76.862,990,131.37
10.163,-77.739,951,131.66
10.469,-78.696,921,128.06
11.813,-79.993,865,122.63
14.278,-80.138,816,118.04
17.081,-78.736,764,106.51
17.947,-77.109,771,110.11
19.582,-79.37,874,114.2
17.989,-79.187,944,123.66
17.577,-79.728,961,125.43
17.467,-79.71,965,126.34
17.458,-79.466,964,127.76
17.118,-80.325,971,128.89
16.918,-79.931,965,129.71
16.485,-80.341,946,125.48
16.627,-81.244,921,124.91
16.122,-82.369,869,116.06
12.431,-79.804,723,100.23
11.027,-78.703,771,104
10.646,-78.234,881,112.21
11.373,-76.454,1007,128.95
11.602,-76.63,1025,127.24
11.588,-76.602,1041,137.13
11.848,-75.996,1048,133.31
12.618,-75.747,1028,130.72
12.751,-76.842,986,124.65
11.987,-77.601,943,119.54
10.983,-78.592,856,112.61
10.545,-78.225,820,110.37
11.062,-81.809,884,127.34
11.759,-82.951,930,120.55
11.174,-83.217,1066,128.17
11.148,-83.733,1081,128.4
11.066,-82.773,1099,125.72
10.964,-83.266,1100,126.53
11.024,-82.314,1096,129.64
10.832,-82.771,1102,128.24
10.144,-83.726,986,132.23
11.319,-85.689,898,118.47
12.365,-86.281,797,108.75
13.367,-86.741,728,99.912
13.043,-84.869,790,113.38
13.792,-84.283,885,125.84
14.169,-83.314,945,135.57
14.066,-83.276,959,136.84
13.836,-83.099,965,133.77
13.766,-83.297,962,134.63
13.793,-82.339,950,135.17
13.488,-82.273,942,135.1
13.52,-82.075,930,140.83
13.83,-84.492,873,122.1
15.246,-86.536,863,115.91
17.388,-85.422,805,111.59
17.954,-82.984,791,107.56
14.958,-81.898,791,103.49
13.898,-79.552,840,110.25
13.773,-78.709,919,116.08
15.483,-78.71,990,121.66
15.51,-79.224,1028,125.01
15.571,-79.234,1034,123.67
15.794,-79.544,1040,128.22
15.951,-79.637,1041,128.34
15.979,-80.117,1052,125.53
15.962,-80.107,1032,124.7
16.452,-80.247,969,120.77
17.212,-83.198,923,116.06
18.826,-84.713,842,110.31
20.463,-84.497,805,110.03
19.583,-85.843,823,108.92
18.003,-89.394,813,107.12
19.13,-88.451,808,106.03
20.761,-87.043,848,111.36
18.716,-86.724,885,111.34
16.651,-85.312,960,122.83
15.346,-84.209,986,125.23
14.89,-84.152,995,125.96
14.683,-83.691,986,128.43
14.179,-83.88,977,129.61
13.792,-84.213,939,145.94
13.505,-83.841,972,126.09
13.25,-81.86,967,122.54
12.744,-80.108,956,120.12
11.153,-77.602,895,120.69
10.488,-80.473,834,108.01
10.103,-80.559,867,106.46
9.6839,-82.097,872,111.28
14.877,-82.854,847,110.52
15.497,-85.005,960,116.07
15.617,-85.725,1011,124.19
15.393,-86.06,997,126.44
15.257,-85.782,1006,132.63
14.78,-85.535,1000,124.38
14.743,-85.094,967,127.12
14.09,-85.241,894,123.08
13.647,-86.081,851,115.67
14.521,-88.536,839,116.58
17.226,-89.477,898,128.96
19.326,-87.516,908,119.07
20.991,-85.065,872,110.33
19.092,-82.29,851,116.62
16.593,-81.286,806,107.07
16.609,-78.058,932,116.36
20.263,-76.713,1006,123.08
22.71,-76.39,985,156.58
24.578,-76.555,853,129
24.342,-76.366,846,127.07
23.67,-76.545,873,125.72
21.901,-78.093,933,147.45
20.765,-79.772,942,136.68
20.375,-81.75,910,134.15
20.787,-83.109,862,118.72
20.445,-84.805,842,114.95
21.194,-85.733,811,106.32
21.797,-88.509,772,103.22
19.026,-92.543,892,110.24
17.342,-92.693,955,120.65
17.508,-92.718,961,121.13
17.157,-92.053,981,123.86
17.442,-91.321,969,124.96
17.079,-92.01,964,127.69
17.024,-90.823,969,130.05
16.637,-90.742,928,122.42
15.865,-90.485,860,118.93
19.909,-93.124,814,107.25
23.488,-89.457,795,108.58
23.833,-82.965,839,114.16
23.545,-77.28,869,115.01
24.402,-78.898,981,116.61
25.733,-79.705,1035,122.1
25.28,-79.61,1053,130.46
24.923,-79.69,1047,131.48
24.567,-79.729,1043,132.49
24.207,-80.43,1036,130.43
24.015,-80.81,1008,133.18
23.254,-81.983,958,130.97
21.709,-84.167,908,123.5
18.699,-86.501,889,122.37
17.872,-88.684,832,104.6
18.95,-89.574,910,112.4
18.299,-88.744,1103,134.89
18.572,-88.831,1092,137.94
18.853,-87.805,1091,141.02
18.682,-88.44,1102,139.2
18.822,-88.204,1091,138.88
18.441,-87.159,1093,131.79
17.541,-86.544,1038,130.09
16.112,-85.852,953,124.19
14.014,-83.875,918,125.7
11.316,-85.402,878,123.18
11.013,-88.121,790,111.83
13.266,-87,823,108.51
16.924,-84.805,957,114.95
17.895,-81.891,1078,127.9
17.486,-80.953,1137,135.81
17.393,-80.871,1139,136.26
17.122,-81.523,1131,138.08
17.109,-81.058,1128,137.4
16.804,-81.085,1116,137.78
16.328,-81.168,1098,141.61
16.668,-80.883,1088,131.69
17.334,-81.108,1075,130.83
17.048,-81.281,988,121.51
14.895,-80.909,940,115.17
12.911,-80.623,899,113.66
11.701,-82.243,890,109.46
12.864,-83.562,864,105.37
14.536,-84.809,868,107.62
14.519,-86.551,909,118.07
17.655,-92.982,1005,127.57
18.975,-94.11,1080,124.79
18.375,-95.43,1147,128.92
18.763,-96.113,1110,139.97
18.745,-96.408,1099,135.39
18.621,-95.746,1101,135.21
18.647,-95.49,1120,138.1
18.035,-94.892,1128,138.44
17.581,-94.385,1077,143.24
17.548,-93.006,1038,130.73
17.54,-91.687,966,128.3
17.008,-92.454,974,145.82
19.055,-92.914,963,123.56
21.949,-92.134,920,117.68
22.27,-88.297,910,111.85
20.592,-85.324,899,110.55
17.857,-86.964,878,107.75
17.133,-88.955,865,105.46
18.1,-90.39,814,103.1
16.758,-92.262,877,114.16
13.724,-90.029,962,121.56
12.919,-88.811,1047,126.78
12.719,-89.46,1057,127.72
12.79,-88.981,1048,126.4
12.707,-88.993,1016,133.28
12.567,-88.44,1034,128.53
13.41,-87.668,956,123.99
14.171,-86.54,907,120.04
13.909,-86.113,798,112.1
12.851,-85.993,693,98.564
11.973,-87.383,714,109.03
15.715,-88.461,786,102.73
17.211,-86.041,844,107.04
18.675,-85.644,911,110.97
18.604,-83.863,922,112.39
18.554,-83.838,938,116.38
18.477,-83.454,938,120.57
18.237,-83.551,948,119.33
18.43,-83.698,939,117.39
19.176,-83.574,935,115.59
20.2,-84.286,904,113.01
17.822,-83.265,750,117.72
17.043,-81.176,805,106.37
14.641,-81.51,781,104.51
10.973,-83.8,900,114.99
11.263,-81.192,977,123.34
11.586,-80.326,1002,121.66
11.67,-79.838,986,120.57
12.013,-80.154,982,133.03
12.047,-80.272,978,131.52
12.451,-79.797,965,132.67
13.09,-79.75,924,131.55
12.383,-78.922,881,114.39
12.553,-79.842,843,108.74
14.976,-80.781,838,105.25
17.641,-81.941,806,104.32
20.963,-80.384,804,106.95
22.614,-78.778,832,111.19
22.696,-79.265,822,111.25
21.381,-77.412,861,116.92
19.265,-76.22,956,130.81
19.299,-76.197,1066,129.89
19.475,-76.46,1119,131.7
19.293,-76.527,1128,134.99
19.229,-76.278,1142,134.4
19.066,-77.219,1139,135.9
19.246,-77.688,1119,137.46
19.709,-77.399,1071,132.43
21.154,-76.097,1015,135.77
21.401,-73.018,978,127.19
20.267,-72.735,921,117.64
19.925,-76.462,942,132.58
19.564,-79.169,967,129.36
20.748,-79.267,1066,130.94
18.769,-81.457,1148,136.49
18.507,-80.681,1150,139.47
18.638,-81.425,1153,136.26
18.193,-81.478,1146,136.49
17.29,-80.598,1161,143.14
16.138,-80.817,1161,146.41
14.791,-81.571,1107,142.73
15.568,-82.503,1045,137.53
18.051,-83.35,987,120.73
19.99,-84.087,932,117.7
21.885,-86.261,975,125.12
23.558,-83.756,876,112.45
21.853,-81.973,925,118.06
20.147,-81.141,1013,121.17
20.206,-78.238,1069,127.87
19.935,-77.586,1064,127.2
19.542,-77.46,1059,135.55
19.346,-77.797,1065,138.07
19.023,-77.385,1043,138.84
18.789,-77.969,1018,143.94
19.407,-78.461,1009,138.34
20.628,-78.963,1009,134.28
21.496,-76.865,971,125.2
16.966,-77.021,871,113.66
16.939,-78.099,887,113.43
17.792,-79.953,877,112.57
18.027,-84.138,868,110.65
17.642,-89.549,914,116.02
15.58,-88.109,1089,127.71
15.238,-89.872,1193,141.35
15.486,-90.397,1226,143.3
15.475,-90.249,1308,147.75
16.006,-90.709,1279,155.96
16.806,-90.343,1193,172.22
17.025,-90.399,1183,197.05
17.339,-89.773,1177,189.99
18.702,-90.62,1156,158.1
19.961,-90.698,1060,144.88
19.981,-89.903,1026,142.81
19.152,-91.718,967,131.14
20.35,-93.017,896,120.17
23.7,-94.882,881,112.96
22.632,-93.632,1051,131.79
21.556,-92.67,1143,138.06
20.878,-92.313,1120,144.78
20.701,-92.042,1155,141.63
20.345,-91.544,1148,145.76
19.773,-91.502,1141,155.51
19.247,-91.125,1135,159.12
18.237,-90.503,1090,171.65
17.76,-90.009,1076,132.97
18.803,-84.958,1020,145.75
11.651,-86.023,967,122.22
11.773,-86.252,956,118.57
10.524,-89.069,973,125.14
13.16,-87.642,1117,127.35
13.97,-86.738,1219,138.43
14.162,-86.794,1224,140.12
13.893,-87.506,1225,139.98
14.442,-87.702,1179,142.45
14.92,-87.541,1177,141.59
15.328,-87.82,1140,145.47
15.445,-88.309,1172,134.56
15.628,-86.985,1132,127.29
13.948,-86.21,1058,126.54
13.086,-87.064,971,120.53
14.072,-88.681,914,114.64
16.824,-89.215,919,115.58
24.264,-90.983,984,117.63
23.978,-89.629,1152,136.43
24.252,-89.24,1203,151.46
24.121,-88.542,1208,169.99
24.208,-89.584,1248,169.04
24.112,-88.721,1252,176.8
23.671,-88.973,1229,170.54
23.145,-88.482,1199,175.35
22.215,-88.848,1215,135.01
21.094,-89.184,1146,134.78
21.36,-90.898,1122,133.46
23.304,-89.386,1077,128.46
23.701,-86.967,1036,126.25
22.958,-86.543,1017,121.34
21.725,-85.291,999,118.04
21.817,-88.342,1004,115.53
19.612,-86.976,1027,120.87
17.267,-86.886,1152,128.61
17.504,-86.479,1311,149.31
17.267,-86.376,1313,174.91
17.112,-86.674,1323,164.84
16.978,-87.029,1328,162.72
17.156,-87.301,1310,169.32
17.146,-88.025,1284,177.04
17.25,-88.528,1232,167.94
17.343,-89.915,1225,146.89
16.908,-92.157,1137,132.08
16.544,-94.519,1059,124.8
16.399,-96.684,1033,133.39
16.444,-98.648,1034,132.36
18.439,-99.853,994,125.82
18.65,-100.52,920,115.48
21.079,-101.45,942,121.22
23.284,-99.819,1149,137.26
23.399,-100.72,1238,142.99
22.958,-100.55,1218,153.61
22.913,-100.49,1229,143.79
23.069,-100.15,1233,148.26
22.833,-99.676,1205,149.18
21.526,-98.734,1125,141.35
20.65,-98.054,1102,136.19
20.649,-97.841,1074,128.82
20.837,-94.496,1053,120.32
19.959,-90.437,1001,125.39
17.951,-90.233,955,127.63
16.431,-91.951,957,119.77
16.068,-91.578,967,121.72
15.796,-93.803,944,125.15
18.389,-91.364,951,127.88
19.211,-92.976,902,108.62
21.475,-97.611,969,116.83
20.79,-99.545,1125,129.69
20.71,-101.17,1232,140.6
20.563,-101.66,1267,141.84
20.816,-102.13,1267,146.9
20.53,-102.06,1285,149.52
20.354,-101.78,1280,150.63
20.829,-101.13,1253,147.53
21.314,-101.51,1195,143.94
21.435,-100.84,1102,142.37
20.72,-99.587,1038,129.03
24.143,-99.362,986,123.71
24.982,-96.672,947,114.44
24.151,-95.866,929,114.82
24.927,-93.001,1045,128.82
25.001,-92.09,1134,135.97
24.995,-92.009,1206,141.7
24.618,-92.232,1208,140.27
24.562,-92.588,1220,136.33
24.61,-92.307,1209,137.09
23.909,-92.443,1172,136.26
23.179,-93.622,1083,127.96
19,-97.448,999,126.77
16.993,-99.988,943,127.68
13.708,-98.956,1026,118.59
14.408,-97.28,1224,133.97
14.924,-96.742,1222,138
15.111,-96.584,1220,137.57
15.154,-96.627,1234,136.84
15.229,-96.77,1222,138.71
15.388,-96.449,1220,140.86
15.628,-96.46,1202,133.97
16.229,-96.778,1129,130.97
17.466,-97.66,1048,120.21
20.486,-98.608,1028,134.57
24.034,-98.976,1033,130.08
30.818,-102.06,992,121.36
28.865,-102.31,1086,128.99
28.489,-103.94,1179,137.22
28.409,-104.04,1189,139.25
28.189,-104.3,1167,141.58
27.891,-103.95,1167,134.8
27.332,-103.99,1148,136.6
26.826,-103.71,1116,138.11
26.247,-103.54,1096,134.9
24.41,-103.65,1026,125.53
24.018,-105.02,996,124.02
24.978,-103.49,978,122.06
23.079,-100.91,967,118.7
18.256,-97.38,956,118.72
16.956,-98.098,954,116.35
19.078,-98.33,961,125.72
23.746,-98.162,993,116.1
33.864,-100.26,960,118.8
37.037,-104.11,930,119.81
34.254,-106.12,934,128.73
28.668,-104.55,953,127.88
17.027,-109.92,933,114.22
19.8,-113.3,872,107.35
23.983,-113.9,873,112.87
24.378,-115.94,925,123.23
24.635,-116.76,934,129.23
24.575,-117.1,946,133.14
24.235,-118.28,943,131.67
23.831,-117.33,934,132.82
23.779,-117.44,942,132.41
22.974,-118.22,896,124.54
22.219,-117.48,846,120.22
21.886,-116.7,827,121.96
21.519,-117.07,805,114.58
20.878,-115.93,806,113.46
21.213,-112.42,879,109.88
20.627,-108.26,929,131.53
20.843,-107.88,891,130.69
20.927,-108.17,887,128.21
21.008,-108.57,924,132.33
21.2,-108.34,905,128.49
21.47,-109.79,865,132.78
21.777,-111.16,838,117.98
21.694,-113.27,782,110.61
18.802,-113.22,787,108.79
18.19,-116.64,818,111.59
18.737,-125.77,835,108.05
18.632,-127.01,930,119.43
18.947,-127.56,954,115.31
19.647,-128.48,911,117.72
19.741,-128.22,921,117.33
19.542,-128.55,929,120.36
19.674,-128.22,923,123.73
19.911,-127.51,909,119.67
20.127,-127.72,886,118.71
21.261,-126.59,904,114.57
22.557,-125.99,876,110.77
22.098,-125.29,907,117.79
22.154,-123.7,918,117.14
22.318,-121.69,948,120.31
25.283,-120.53,970,120.3
25.352,-118.41,1031,132.14
26.442,-119.89,1163,140.41
26.312,-120.82,1198,136.81
26.173,-120.66,1205,135.72
26.12,-120.57,1198,139.03
25.965,-120.61,1190,135.47
25.865,-120.66,1186,136.27
25.355,-121.44,1129,129.64
24.147,-121.88,1058,131.62
22.719,-121.88,1010,144.33
21.246,-121.79,991,129.62
19.016,-121.69,968,124.55
17.17,-123.33,933,112.98
17.013,-125.53,947,111.99
18.319,-126.04,958,120.85
19.433,-126.11,1021,130.71
19.998,-125.12,1102,130.59
20.35,-126.41,1186,138.02
20.449,-126.33,1186,142.97
20.468,-126.46,1192,141.03
20.483,-126.65,1189,144.16
20.529,-126.73,1190,143.29
20.835,-126.04,1165,144.4
20.89,-125.72,1139,148.04
21.42,-124.89,1105,158.05
22.757,-123.29,1039,151.31
25.324,-122.57,976,128.4
27.775,-121.87,984,133.14
28.79,-119.68,1011,142.73
31.56,-117.31,1030,135.19
32.251,-118.14,1106,131.56
32.062,-117.48,1204,140.26
32.385,-117.37,1251,149.29
32.417,-117.18,1254,154.94
32.15,-117.58,1247,153.26
32.001,-117.21,1261,155.38
31.751,-117.11,1237,155.02
31.113,-117,1201,151.78
30.205,-116.75,1150,147.78
30.144,-116.84,1139,143.17
30.427,-115.84,1063,133.57
30.177,-112.88,1017,126.85
28.74,-109.74,997,121.7
30.285,-108.24,970,123.83
35.614,-108.7,995,117.76
37.709,-113.66,941,112.62
39.004,-117.89,915,112.14
35.175,-120.04,925,123.15
33.318,-124.55,967,121.69
32.023,-132.42,988,132.21
32.693,-131.51,954,128.68
32.95,-129.58,946,130.12
32.554,-120.44,1004,138.06
35.721,-119.22,1085,136.39
35.512,-122.92,1162,137.31
35.734,-122.58,1181,144.32
35.92,-122.78,1181,154.85
35.897,-122.5,1169,148.71
35.624,-123.08,1153,147.78
35.295,-122.63,1107,143.52
35.122,-124.14,1074,136.43
34.969,-125.57,1030,134.71
35.873,-127.34,975,123.6
36.313,-128.71,940,118.94
35.438,-127.52,904,119.43
32.569,-128.23,884,117.44
29.518,-127.97,939,118.35
30.979,-125.45,1090,134.27
30.605,-126.04,1211,138.3
29.634,-125.69,1280,148.14
29.746,-125.26,1279,150.02
29.619,-125.72,1270,148.88
29.575,-125.39,1263,150.87
29.422,-125.9,1221,151.68
28.958,-126.73,1170,146.71
29.356,-127.65,1076,142.12
30.766,-128.92,979,126.85
32.438,-128.46,990,121.84
31.991,-128.85,933,114.28
34.627,-131.28,946,117.81
36.15,-132.05,931,111.16
34.954,-133.12,1021,122.15
34.426,-135.08,1069,128.46
33.447,-135.8,1068,130.14
32.742,-135.36,1000,128.53
32.691,-136.7,1009,131
32.282,-136.34,1018,129.68
31.979,-135.92,998,130.35
30.803,-135.91,968,127.52
29.691,-137.38,987,130.93
30.416,-139.34,971,127.14
33.419,-138.71,955,122.4
33.439,-135.73,984,131.29
29.215,-133.57,1011,127.87
28.608,-131.2,964,123.64
26.803,-126.72,957,121.69
24.721,-124.32,954,115.82
25.724,-122.88,963,119.86
32.362,-124.75,925,118.13
36.893,-122.4,1018,119.79
39.876,-120.57,990,114.32
43.968,-122.14,951,115.42
44.366,-124.75,980,121.07
42.03,-129.17,1111,130.03
41.276,-130.2,1180,139.97
40.923,-130.06,1180,141.64
40.847,-130.09,1172,136.95
40.094,-130.03,1110,141.03
39.558,-129.56,1064,134.23
38.941,-128.73,1016,129.04
38.402,-127.21,992,123.73
37.165,-125.37,993,122.47
36.183,-122.78,982,120.67
35.157,-120.34,968,123.71
34.323,-117.54,971,116.11
32.589,-117.72,935,114.16
37.475,-120.95,940,119.22
40.531,-122.32,1064,120.61
41.64,-123.71,1104,126.78
41.729,-124,1099,131.65
42.045,-124.15,1062,130.6
42.237,-124.13,1063,128.95
42.026,-125.14,1071,131.85
42.005,-125.76,1037,130.56
42.21,-127.55,999,126.96
42.781,-130.37,942,119.22
44.089,-132.09,911,120.45
45.089,-133.56,856,112.73
44.058,-134.9,844,110.51
42.888,-135.49,834,108.25
41.766,-132.67,1045,122.51
41.884,-132.24,1031,119.13
41.817,-132.53,1029,119.42
41.875,-132.26,1002,120.94
42.247,-131.81,957,119.67
42.015,-131.37,904,119.36
41.282,-130.27,856,115.91
40.942,-129.44,784,111.44
41.037,-129.67,805,113.78
42.349,-128.03,800,107.91
41.467,-125.12,825,106.23
39.544,-125.18,839,108.88
41.65,-128.23,821,107.46
44.628,-129.87,888,106.9
46.489,-133.45,835,108.07
46.207,-133.51,922,122.33
43.589,-135.41,950,123.77
42.541,-132.06,952,125.43
39.881,-127.23,984,125.16
38.76,-119.44,990,129.27
38.653,-120.96,1090,137.62
39.559,-121.88,1213,148.12
39.851,-121.4,1226,149.66
39.72,-121.97,1227,147.59
39.763,-121.99,1227,146.1
40.166,-122.11,1201,151.34
41.453,-124.41,1101,140.35
44.036,-125.57,1077,138.34
46.045,-128.47,1054,130.63
47.075,-132.2,1044,127.19
46.454,-135.92,998,120.74
38.627,-137.23,942,125.38
35.228,-136.22,939,115.77
36.061,-130.2,1104,130.41
32.847,-128.19,1221,140.3
32.355,-127.58,1274,137.77
32.163,-128.23,1263,138.06
31.784,-127.75,1222,137.29
31.594,-128.13,1192,134.48
30.867,-128.84,1134,133.28
30.147,-129.28,1054,132.96
29.898,-130.64,960,131.42
29.516,-132.55,947,129.47
31.506,-133.62,909,121.83
33.896,-133.08,896,114.73
34.63,-130.33,906,112.36
35.362,-129.65,946,115.2
38.832,-130.6,966,121.6
44.602,-132.6,997,120.01
50.216,-133.67,1023,129.82
52.75,-137.2,1002,126.79
53.902,-142.86,920,115.88
53.94,-144.87,945,119.89
51.426,-146.53,973,129.3
48.045,-144.62,1005,140.3
39.384,-143.22,997,132.11
35.908,-144.41,1042,131.78
35.687,-145,1031,141.24
39.868,-143.32,1038,145.25
44.876,-139.33,1074,137.86
50.98,-135.88,1036,124.01
54.253,-136.27,974,119.51
52.871,-137.49,947,123.15
44.718,-141.12,902,126.26
43.012,-148.27,898,122.53
