0,-0,31,20.419
-0.32258,0.29032,31,25.58
-1.3014,0.3871,32,21.271
-1.5063,0.081541,36,25.39
-1.4452,0.27281,35,26.622
-1.9179,-0.18866,33,24.91
-2.3805,-0.64231,34,20.973
-2.3428,0.22431,43,29.897
-1.8216,-0.8482,34,26.06
-2.9852,-1.0129,50,32.246
-3.4687,-0.80898,51,27.077
-3.7029,-0.99752,52,31.187
-3.4452,-0.84927,55,31.766
-3.3952,-0.34207,48,30.079
-3.6644,0.079404,52,30.815
-3.2489,0.34936,53,34.76
-2.077,-0.45381,44,26.523
-1.6074,-0.78271,53,29.806
-1.0633,-1.122,55,28.855
-0.79062,-1.5038,55,33.354
-0.79901,-1.6437,65,35.893
-0.74132,-1.2475,52,27.267
-0.85945,-1.2558,56,28.681
-0.90048,-1.3576,47,25.026
-0.80516,-0.9129,50,26.713
-1.2489,-1.4808,53,28.483
-1.2192,-1.8722,54,28.764
-1.3995,-1.4375,57,31.477
-1.8237,-0.91647,56,28.946
-2.6088,-1.2129,55,30.178
-2.4229,-1.5944,54,31.022
-2.5863,-1.6325,51,30.36
-2.815,-2.2544,53,33.652
-2.2852,-2.2529,50,29.525
-1.7652,-2.6129,50,30.17
-1.4852,-2.8529,50,30.261
-0.95285,-3.3052,52,26.696
-0.88516,-3.0129,50,31.204
-1.8182,-2.6514,52,31.295
-0.75627,-1.6685,54,34.024
-0.4819,-1.2251,49,30.261
-1.0285,-1.4462,60,33.172
-1.0088,-1.0493,55,29.517
-0.13573,-1.311,53,24.711
0.57706,-1.5944,54,31.667
1.2348,-2.2929,50,25.679
0.99314,-2.8469,47,30.914
0.1912,-2.6493,55,34.669
0.66734,-2.3629,48,23.967
0.30722,-2.4383,63,36.075
0.49043,-3.901,59,33.354
0.2605,-3.462,53,31.675
0.81912,-3.6843,56,27.73
1.4725,-3.4364,51,30.84
1.6097,-3.2796,51,30.633
1.1241,-3.5937,52,33.817
1.9293,-3.1448,47,27.275
2.6276,-2.8629,44,26.804
1.9158,-2.7592,41,23.049
1.9875,-2.5109,49,27.366
2.1784,-2.3972,51,33.635
1.5058,-2.8393,53,31.667
1.6374,-2.5042,46,29.525
1.4977,-1.9803,49,28.301
0.43995,-2.9959,47,26.142
-0.015532,-2.9462,54,28.764
-0.44516,-3.3129,50,24.538
-0.39026,-3.8874,51,26.878
-0.91789,-3.6674,55,32.618
-0.51553,-3.7611,54,30.178
-0.49623,-3.081,47,28.673
0.013375,-3.2958,41,29.906
0.082111,-3.522,44,25.489
0.76024,-3.4237,37,21.635
0.35484,-4.6385,39,27.565
0.40612,-5.5873,39,26.705
0.2153,-6.171,43,21.544
0.3331,-6.8303,46,27.168
0.28507,-6.6129,43,24.356
0.66436,-6.1605,42,24.265
0.22757,-5.6129,55,27.54
0.54996,-4.8324,41,23.049
-0.28667,-5.8016,53,26.324
-0.74516,-4.9329,50,30.931
0.021505,-7.0247,51,28.384
0.037766,-7.5397,41,28.284
0.40484,-8.5129,40,25.861
0.7967,-8.078,43,25.39
0.50118,-8.5397,41,26.134
0.069124,-7.5177,42,28.574
0.27641,-7.0443,51,27.54
-0.097991,-6.311,53,28.21
0.14729,-5.594,53,29.707
0.57151,-5.3462,60,32.891
0.58291,-5.7533,57,32.874
0.95829,-4.6819,58,32.527
1.6882,-4.4765,66,32.808
1.5445,-4.3543,58,37.87
1.4639,-4.1947,55,29.525
1.1176,-3.6299,59,32.337
0.59213,-4.0197,59,27.614
-0.0036519,-4.462,53,26.506
-0.18362,-4.8437,52,27.242
0.45484,-5.1462,60,32.593
1.2205,-4.6875,67,36.836
1.4025,-4.2954,63,31.948
1.1912,-4.7402,55,31.394
2.0585,-4.6129,54,28.102
2.649,-4.3188,51,30.542
2.951,-4.4975,52,24.546
3.486,-4.5145,61,28.764
3.1548,-4.37,70,38.316
2.8548,-4.6129,54,32.519
2.1307,-3.7681,58,27.06
2.0152,-4.5752,53,32.527
1.3741,-5.2283,52,33.743
1.4548,-4.5129,30,27.094
0.78817,-3.9129,30,23.992
-0.30141,-5.2067,32,23.049
0.80382,-5.0415,49,32.238
1.3083,-6.0315,43,29.054
2.4768,-5.808,41,24.447
2.3352,-5.9855,51,29.988
1.713,-6.6577,67,35.033
2.0116,-6.5234,67,29.682
2.4593,-6.8517,67,31.369
1.9609,-6.2644,66,39.929
1.7682,-5.9729,75,37.944
1.5617,-6.3198,58,28.119
1.7298,-6.1962,72,33.354
1.5856,-6.4129,65,36.745
1.9834,-6.2558,70,30.724
2.1116,-6.1264,74,31.559
1.8245,-6.219,66,33.47
1.7658,-5.7225,73,38.614
1.2791,-6.022,66,33.652
1.4536,-6.2796,81,36.728
0.66348,-6.1932,81,33.635
0.35484,-6.0031,82,40.02
0.9912,-5.9879,88,39.83
1.3083,-4.6362,86,38.316
0.82319,-4.6889,79,38.614
1.4224,-3.8697,74,35.405
1.6224,-3.627,71,37.382
2.8734,-4.2425,81,43.667
2.3548,-5.0828,83,35.703
2.8829,-5.6241,89,42.989
2.7746,-6.1191,81,37.365
2.9784,-6.8011,85,45.255
5.0268,-8.4929,125,66.452
1.7775,-9.0871,97,38.705
2.3757,-8.7692,96,39.557
2.86,-8.1181,97,41.889
3.5976,-9.2051,103,43.187
3.639,-9.8655,95,39.904
2.0776,-10.266,101,43.188
1.71,-9.7811,107,42.559
1.2172,-8.4478,109,42.625
2.373,-8.5947,110,46.082
3.6301,-8.6679,109,39.631
4.2796,-7.5914,93,42.923
5.5548,-6.2947,110,40.739
6.3974,-5.7406,94,45.164
6.6529,-5.911,104,40.549
6.7457,-7.4129,110,47.678
7.7097,-9.4032,124,48.646
7.8072,-8.7637,126,49.2
7.3629,-7.2016,124,48.075
8.5331,-8.5354,129,48.836
9.4048,-8.1486,140,54.526
9.2076,-8.7292,129,48.836
9.6794,-7.9989,114,53.79
8.4032,-7.2903,124,58.206
7.8264,-6.3446,123,54.716
4.9467,-2.1367,147,83.066
5.9277,-4.3896,103,48.249
4.5413,-4.2909,118,50.01
7.3068,-4.0648,104,47.34
5.0636,-4.2731,103,41.591
5.1347,-4.4936,109,39.126
5.3843,-4.4266,102,38.961
4.9162,-4.1129,114,46.669
5.5114,-3.9086,115,48.166
5.7666,-4.1843,119,44.039
5.7309,-4.4078,117,54.038
6.3135,-5.1336,121,53.327
5.8996,-5.3284,123,52.202
4.8115,-4.3531,127,49.192
4.1011,-5.2696,134,56.147
4.0289,-6.3462,135,56.42
4.1625,-8.0744,130,47.149
4.112,-9.5558,140,51.044
4.1505,-10.146,137,58.099
3.9191,-10.427,140,55.312
4.0691,-10.5,133,50.225
3.9836,-10.227,132,53.707
4.1048,-10.213,140,58.786
3.8763,-10.441,140,60.158
3.8833,-10.962,123,54.989
3.9506,-10.343,141,59.579
4.0641,-10.365,141,58.008
4.3693,-9.4535,138,63.731
5.1279,-9.081,141,56.701
5.1806,-7.8705,132,48.257
4.7856,-5.736,130,56.031
4.384,-5.1676,137,54.253
3.5726,-5.7661,124,49.853
3.3243,-5.361,131,48.075
3.0865,-6.1901,123,44.428
2.8592,-6.6912,115,48.456
2.3899,-6.9287,114,41.318
3.3228,-7.2929,125,47.877
3.421,-6.6955,121,57.272
2.8215,-6.4629,120,49.01
3.126,-6.596,118,50.234
3.0531,-6.8284,116,52.012
2.8893,-6.4405,116,52.078
2.951,-6.8148,104,47.984
3.0781,-6.6933,112,53.327
2.8424,-6.0592,121,52.566
2.5921,-6.3078,118,54.27
2.2188,-6.3729,125,47.033
3.054,-7.6698,123,51.904
3.5817,-9.2768,119,47.025
2.7611,-10.652,128,52.847
3.5817,-11.798,119,47.223
3.2691,-12.127,140,56.139
2.968,-11.781,137,52.285
2.1326,-11.049,126,56.42
2.7653,-10.658,134,47.885
2.1224,-10.141,142,64.955
2.3623,-10.143,134,52.276
2.2903,-9.7339,124,60.175
2.7344,-10.204,137,54.129
2.8078,-10.664,117,53.839
2.8325,-10.404,134,53.864
2.9483,-10.507,123,53.335
2.82,-10.535,129,51.929
1.921,-10.135,136,47.678
1.8548,-9.0296,132,53.12
1.62,-7.575,132,53.236
2.7548,-6.3346,115,44.502
2.962,-6.2915,112,45.817
3.6094,-5.9493,110,42.559
4.6527,-6.081,94,43.022
3.8954,-6.757,111,52.657
4.3368,-6.73,111,50.97
4.3109,-7.3052,91,39.077
4.3449,-7.306,101,45.528
4.4431,-7.0639,102,49.481
4.5793,-7.266,98,47.976
4.3102,-7.2915,112,44.891
4.7274,-7.6815,102,39.648
4.4786,-7.1748,105,42.815
4.6209,-6.7872,109,44.229
4.7288,-6.5259,115,51.921
5.3629,-6.0403,124,49.68
4.5174,-5.8405,123,43.948
3.1974,-5.731,127,47.984
2.906,-7.8964,127,47.289
3.4348,-9.1409,125,48.811
5.2016,-10.555,137,58.562
6.4243,-10.488,144,52.682
7.7374,-10.828,149,55.849
9.0166,-10.929,136,61.547
8.7884,-12.242,143,68.23
8.449,-13.026,138,63.036
8.2646,-12.974,133,64.376
8.3325,-13.053,134,61.936
8.1678,-12.507,123,68.23
7.8132,-12.599,144,74.226
8.3473,-12.936,133,61.299
7.9611,-12.542,127,63.45
8.1427,-12.613,132,57.652
7.4689,-12.264,149,66.526
6.4068,-11.697,154,72.547
5.618,-11.41,133,60.812
4.9312,-9.4046,144,55.642
3.714,-8.2397,142,61.184
3.5716,-7.6269,143,57.355
4.8548,-7.3937,146,55.105
5.9683,-8.0415,119,57.718
8.0041,-9.2472,134,58.19
9.2588,-10.797,125,57.809
9.8424,-12.241,121,48.538
8.454,-11.423,121,51.16
7.1896,-10.9,115,47.314
6.107,-10.784,117,46.752
6.2277,-10.91,118,56.04
6.3945,-10.827,126,55.113
5.9533,-10.912,127,53.575
5.9483,-11.223,123,42.145
6.1694,-11.532,124,51.359
5.5159,-10.232,118,53.054
5.3991,-10.321,113,49.953
5.364,-9.6313,109,42.699
6.6882,-9.5072,123,49.101
7.4676,-9.6355,133,51.35
6.74,-8.7092,135,55.858
5.2562,-9.634,142,56.139
5.9808,-10.376,131,57.983
8.1177,-10.728,156,58.388
10.174,-10.204,149,58.86
10.859,-9.9588,133,60.067
11.389,-9.2267,145,55.204
10.966,-8.2694,131,45.9
9.1195,-8.1644,136,52.963
8.2004,-8.4015,123,47.86
6.7185,-9.836,121,48.067
5.9983,-9.2738,115,53.799
6.1499,-8.7932,122,42.443
5.7237,-9.3588,122,50.234
5.6331,-9.3868,115,46.306
5.7145,-9.1919,114,45.073
5.6153,-9.2011,119,44.684
5.6548,-8.7674,110,50.126
6.7635,-9.3433,115,40.921
8.842,-9.4591,117,51.35
10.32,-8.7086,115,50.581
11.55,-8.2926,128,63.731
10.988,-8.9335,131,49.564
10.998,-11.606,140,56.304
10.275,-12.569,137,53.773
10.033,-14.784,140,67.114
9.8748,-15.613,150,58.264
10.932,-16.781,161,73.729
10.116,-15.196,151,71.29
8.1702,-14.813,130,69.156
8.0754,-15.098,136,69.346
8.0191,-14.506,140,69.429
7.9531,-14.442,117,65.509
7.6007,-13.711,122,69.148
7.6003,-13.649,110,71.604
7.9048,-13.821,120,71.877
8.2279,-14.946,126,65.327
8.9204,-14.629,122,85.184
10.312,-14.109,117,69.355
11.794,-13.969,132,62.879
11.934,-10.668,126,55.849
11.91,-9.4621,126,56.114
10.167,-8.818,117,57.173
8.5019,-8.1129,102,42.815
9.1912,-7.0947,110,44.031
9.0279,-5.8533,104,45.834
8.6819,-3.9867,107,46.38
8.4977,-3.8272,112,44.039
8.2827,-4.0768,97,43.965
7.9671,-4.1129,98,39.904
8.1714,-4.1175,109,47.794
7.9192,-3.7515,101,46.678
7.9627,-3.8188,102,45.974
8.2779,-3.911,104,45.9
8.3548,-4.5717,97,42.923
8.4089,-5.4688,111,43.477
8.5513,-6.7111,112,44.585
8.6941,-8.5415,112,52.938
9.5201,-9.7607,115,41.98
10.255,-10.17,140,48.728
11.285,-11.23,128,40.251
11.952,-11.814,144,60.803
11.632,-13.607,166,61.539
12.977,-15.44,156,60.158
14.247,-18.748,148,66.89
15.046,-20.291,149,59.414
16.399,-21.785,157,53.955
16.037,-23.399,154,57.917
14.961,-23.452,137,57.611
14.166,-23.478,148,51.35
13.327,-24.338,142,54.071
13.116,-24.165,134,49.944
13.396,-24.034,145,47.885
13.467,-24.235,143,54.915
13.565,-24.207,133,52.185
13.629,-24.188,146,60.737
13.304,-24.138,139,54.071
12.484,-23.203,139,57.917
11.518,-21.904,141,59.323
10.088,-20.62,135,54.344
7.6682,-19.12,150,68.875
5.6282,-17.773,150,52.839
5.1812,-15.828,144,51.64
3.3854,-13.979,131,56.329
2.7038,-10.774,149,53.029
1.2062,-8.6467,148,59.372
1.6812,-8.1962,144,63.748
3.0194,-8.4017,161,59.877
3.1033,-8.9749,163,59.397
3.0583,-11.847,145,58.025
3.0111,-14.675,160,66.915
3.6387,-16.871,155,61.547
4.5696,-20.599,149,55.758
7.3183,-21.899,164,63.557
8.4928,-23.247,145,60.175
8.6746,-23.919,147,53.79
8.5038,-23.634,141,53.302
8.7933,-23.774,130,51.813
8.7252,-24.02,135,53.145
9.2141,-23.761,135,59.522
8.6334,-23.649,140,52.475
8.9535,-23.725,152,59.604
9.0398,-22.976,146,52.202
9.1215,-22.113,150,57.991
9.2944,-22.143,149,63.342
8.8863,-20.55,143,67.08
8.3913,-18.328,137,65.493
9.1326,-16.566,171,65.608
10.051,-15.161,168,56.957
12.022,-14.417,153,58.934
14.011,-14.594,160,54.923
15.6,-14.865,155,56.213
17.133,-14.427,167,61.465
17.983,-14.937,148,49.572
17.227,-16.082,164,57.818
17.348,-18.561,155,68.875
17.015,-21.767,162,70.934
16.674,-25.509,163,66.154
16.586,-29.341,169,52.177
16.592,-31.448,152,60.067
15.428,-33.282,163,68.495
15.134,-35.262,154,72.828
16.439,-36.673,167,63.739
18.819,-37.652,155,63.731
20.966,-38.485,149,62.234
21.982,-38.482,145,48.158
21.979,-38.031,141,46.644
22.158,-38.564,142,56.23
21.953,-38.328,137,50.407
22.355,-38.883,122,47.695
21.934,-38.24,145,51.367
22.292,-38.48,128,49.572
21.994,-38.184,133,49.382
22.145,-38.156,162,61.118
23.619,-38.632,159,58.934
25.072,-38.337,145,47.777
26.483,-38.203,156,54.815
27.889,-38.575,133,46.686
29.492,-37.859,146,49.944
29.969,-39.777,158,48.728
31.935,-41.384,131,53.79
31.932,-42.974,130,52.202
30.482,-45.104,110,47.885
29.617,-46.389,107,48.919
29.09,-47.803,121,51.995
29.133,-48.089,126,56.048
29.226,-48.372,116,46.206
29.412,-48.564,122,50.035
29.637,-48.355,124,49.919
29.662,-48.832,114,51.987
29.561,-48.732,126,55.577
29.586,-49.048,108,47.786
29.682,-48.596,116,46.851
29.445,-48.505,111,43.923
29.53,-48.587,114,46.644
29.548,-48.478,119,45.809
30.241,-47.572,123,53.79
29.52,-46.408,127,45.246
29.311,-47.04,138,58.033
28.562,-48.043,135,51.623
28.377,-49.605,134,47.777
28.812,-50.599,140,54.228
28.633,-51.113,144,59.488
28.348,-50.784,146,53.864
27.189,-50.879,139,46.669
27.038,-51.747,142,56.56
27.56,-53.037,151,59.596
29.008,-54.526,150,59.993
29.147,-55.346,135,58.86
28.779,-57.079,146,58.215
28.827,-58.729,146,62.771
28.709,-59.702,158,60.456
28.244,-61.459,162,65.12
27.069,-62.178,168,59.24
24.824,-61.669,160,79.635
21.151,-59.039,162,67.676
18.737,-56.887,157,64.748
17.156,-55.923,161,64.359
15.626,-55.502,144,70.091
14.418,-56.851,143,54.137
15.355,-57.337,134,47.38
16.204,-55.692,126,48.306
15.861,-55.425,154,55.262
18.298,-55.594,159,68.486
23.445,-51.985,156,73.664
27.498,-49.787,161,67.486
31.771,-49.754,149,56.329
34.306,-49.761,142,54.642
34.683,-48.591,137,54.89
33.208,-49.564,163,62.507
31.387,-53.027,157,55.551
29.945,-56.074,156,57.553
27.326,-57.659,172,63.458
24.745,-61.16,159,57.536
24.293,-65.209,161,60.108
24.152,-66.564,143,54.733
24.418,-67.768,142,48.811
24.361,-68.514,161,51.714
24.55,-68.951,133,47.331
24.155,-69.13,145,55.46
24.479,-69.051,137,48.885
24.341,-69.038,141,50.283
24.339,-69.374,130,46.661
24.207,-69.479,142,53.492
23.762,-69.882,145,52.111
24.801,-71.143,166,64.103
26.167,-71.916,165,59.215
27.485,-72.022,154,51.35
27.994,-71.335,169,71.332
28.036,-71.345,179,61.34
29.389,-72.176,174,57.453
31.445,-74.148,144,67.469
33.667,-75.033,157,48.546
33.796,-75.84,154,54.997
34.497,-75.889,141,48.05
34.6,-75.571,143,45.627
34.649,-75.887,146,52.401
34.816,-75.597,128,46.479
34.866,-75.606,139,51.077
34.851,-75.827,131,47.215
35.222,-75.767,136,50.308
35.334,-75.732,143,58.388
36.078,-76.228,148,52.64
37.538,-77.261,142,49.092
38.665,-78.509,145,51.813
39.619,-78.693,125,51.177
39.518,-80.017,141,66.369
38.587,-80.035,142,58.289
38.566,-80.235,156,63.078
38.49,-80.045,148,62.342
39.001,-80.028,130,59.695
38.647,-80.162,144,57.346
38.829,-80.244,152,53.682
38.8,-80.003,146,54.27
38.876,-80.057,144,55.841
38.673,-80.158,132,54.435
38.328,-80.1,150,54.145
37.474,-80.41,143,60.811
36.408,-80.313,170,63.822
34.991,-80.385,162,60.274
33.481,-80.655,167,64.558
32.378,-80.624,175,56.205
30.922,-79.607,164,62.399
29.58,-78.56,169,61.374
28.423,-77.408,161,65.972
27.801,-77.101,166,61.192
30.588,-76.733,167,65.046
34.125,-74.119,174,60.968
37.837,-73.454,170,59.579
41.606,-74.888,171,56.023
43.296,-76.897,169,54.551
44.571,-78.076,162,57.9
45.658,-80.075,145,59.985
45.676,-78.638,159,63.342
45.143,-78.743,146,58.57
45.268,-78.755,162,62.978
45.429,-78.942,149,61.283
45.107,-78.927,137,59.323
45.394,-79.181,155,52.822
45.257,-78.946,153,53.194
45.307,-78.572,147,58.454
44.44,-78.221,153,56.304
42.174,-78.168,144,70.463
40.019,-78.495,161,71.133
38.217,-79.577,167,75.814
37.668,-80.134,169,58.843
37.247,-78.516,176,61.845
36.294,-75.851,164,80.04
35.408,-75.26,170,68.156
37.289,-74.389,183,70.587
40.603,-75.264,169,58.388
43.223,-75.2,167,60.82
43.441,-74.52,151,60.547
42.445,-75.01,166,62.019
41.422,-78.021,164,77.575
41.279,-81.891,158,77.22
42.332,-83.669,177,70.752
43.59,-84.711,153,63.044
41.779,-85.398,172,61.729
38.813,-85.456,166,65.955
35.355,-86.397,181,63.64
33.355,-87.236,167,70.173
32.145,-86.547,167,72.059
30.743,-85.466,170,66.981
28.032,-84.774,155,59.406
27.019,-84.222,161,64.376
26.582,-83.619,172,68.767
26.501,-83.791,157,58.215
26.478,-83.77,146,62.118
26.436,-83.782,148,52.657
26.512,-83.565,146,58.553
26.717,-83.557,160,59.124
26.882,-83.268,148,55.014
27.142,-81.8,155,54.807
28.431,-81.084,157,60.348
30.53,-79.982,160,65.699
32.679,-78.501,179,66.245
34.968,-77.516,155,57.181
35.089,-75,173,84.986
36.316,-74.163,180,71.48
39.229,-73.493,167,72.241
42.817,-73.209,171,68.503
44.648,-74.846,167,75.615
45.071,-77.214,183,64.078
45.392,-79.886,161,57.429
46.695,-81.913,150,59.993
48.318,-83.374,163,53.145
49.6,-83.374,155,55.105
50.465,-83.84,145,57.446
50.161,-83.929,155,51.731
50.639,-83.712,141,56.602
50.57,-84.016,149,53.608
50.553,-84.12,146,56.511
50.608,-83.86,154,58.868
50.424,-84.217,144,55.477
49.308,-83.888,149,48.075
47.57,-83.151,158,59.033
46.656,-84.233,166,62.225
46.2,-85.422,168,73.283
45.855,-85.275,160,75.549
45.402,-83.534,191,75.533
43.366,-81.083,181,65.782
41.994,-80.577,169,56.494
41.349,-80.59,174,68.048
40.78,-80.373,167,64.566
39.668,-79.836,166,66.427
37.997,-80.084,176,65.12
37.644,-79.827,173,74.002
36.252,-78.908,166,59.414
36.756,-77.343,167,70.173
36.544,-76.695,159,52.392
36.105,-76.934,168,64.277
36.603,-77.257,177,57.602
38.049,-76.783,170,65.6
39.058,-76.892,165,58.669
40.467,-76.445,179,68.478
41.937,-74.37,165,66.452
42.51,-74.262,174,66.683
42.535,-76.413,155,66.873
43.838,-76.204,176,71.406
43.684,-77.82,164,65.881
43.992,-78.697,190,66.816
45.22,-79.27,178,61.266
45.422,-79.647,178,60.514
45.318,-79.57,164,57.909
44.648,-79.787,167,72.919
45.325,-79.24,169,56.304
44.384,-79.883,174,67.08
45.026,-79.314,164,50.887
44.798,-78.67,158,55.378
44.809,-78.636,174,52.359
46.034,-78.292,165,56.114
46.494,-78.407,180,66.328
47.427,-79.284,152,56.023
47.194,-80.396,180,56.974
46.169,-79.659,172,53.98
45.618,-80.899,171,64.177
46.413,-80.478,171,58.479
45.926,-80.249,154,53.972
46.483,-80.113,164,53.037
46.062,-79.692,164,67.676
45.056,-78.171,181,59.513
44.124,-77.954,182,54.352
43.355,-77.804,173,62.143
43.751,-76.666,169,60.712
43.657,-75.566,172,60.084
43.12,-75.848,170,59.133
43.451,-76.427,167,65.79
42.171,-75.087,196,64.004
42.546,-74.697,178,66.435
41.561,-73.643,165,53.79
41.454,-74.595,171,51.714
42.289,-75.823,181,58.38
42.33,-75.218,162,54.931
43.558,-75.76,177,61.382
43.704,-74.851,172,60.448
43.989,-76.186,164,61.382
44.576,-75.694,185,62.987
44.569,-75.476,168,58.934
45.085,-75.924,167,59.198
44.559,-76.261,162,61.382
44.768,-76.565,167,54.46
45.003,-75.079,176,60.365
45.528,-74.954,179,65.319
44.551,-74.304,178,62.697
43.603,-73.554,169,60.365
41.684,-74.515,173,55.204
42.936,-75.653,148,59.587
43.379,-75.211,169,57.272
42.652,-74.974,158,56.031
42.732,-74.695,159,60.357
43.61,-75.505,157,63.169
44.156,-75.204,171,53.881
45.046,-74.467,165,67.089
43.903,-75.358,157,59.017
44.6,-76.155,155,49.754
44.797,-75.828,163,58.471
44.641,-75.497,164,57.826
43.7,-75.452,168,54.65
44.326,-75.433,172,62.788
46.188,-75.232,168,58.008
46.367,-75.48,165,61.192
46.551,-75.086,148,61.399
46.057,-74.904,158,54.923
42.956,-76.533,163,61.49
42.71,-75.757,180,64.384
42.574,-75.93,164,62.209
42.55,-76.301,154,60.158
42.688,-76.286,159,50.432
42.659,-76.391,171,55.221
42.927,-77.075,173,64.93
43.146,-77.038,153,66.998
43.24,-76.268,174,59.124
42.612,-75.155,179,58.843
42.534,-74.23,167,65.12
42.106,-72.743,169,63.822
40.787,-73.255,162,54.443
40.011,-74.613,154,55.361
40.801,-75.415,157,54.361
42.283,-75.886,154,58.545
43.048,-74.812,166,56.511
42.842,-73.679,152,62.697
41.256,-73.81,162,62.697
39.92,-75.512,168,70.67
40.093,-76.008,172,61.167
39.774,-75.486,174,61.911
39.797,-73.315,181,77.799
38.567,-73.874,165,67.833
38.582,-73.553,167,64.061
38.869,-73.946,171,77.319
38.272,-73.779,169,78.245
38.469,-73.775,167,87.524
38.092,-74.613,160,64.12
38.439,-74.444,154,64.649
39.796,-75.421,177,70.471
41.323,-76.535,155,68.602
42.287,-76.762,161,73.465
43.705,-76.63,177,81.81
45.333,-76.607,182,85.068
46.206,-77.28,168,84.076
45.373,-78.613,163,65.029
43.988,-79.554,169,61.473
44.716,-80.191,166,64.839
45.247,-80.539,177,64.657
46.361,-80.859,175,77.03
46.608,-80.383,178,60.894
46.407,-78.479,172,65.873
45.487,-77.637,167,59.414
46.151,-78.334,172,60.522
48.943,-78.987,182,65.583
51.344,-80.17,183,60.803
54.287,-82.849,161,64.657
55.172,-85.053,159,66.129
57.21,-86.151,145,50.308
58.39,-87.599,141,59.761
59.153,-87.378,149,52.177
60.045,-87.902,142,61.167
59.972,-87.667,149,53.674
59.845,-87.855,149,56.999
60.333,-87.983,135,57.048
60.081,-87.872,135,57.065
60.654,-87.752,137,45.536
60.665,-87.451,142,58.835
61.586,-87.368,147,49.555
60.615,-87.213,150,64.475
60.501,-87.805,151,61.936
59.525,-88.061,165,66.833
59.086,-87.985,156,54.534
58.469,-88.053,175,64.194
56.962,-88.062,178,69.272
55.847,-88.613,183,72.34
54.185,-89.137,183,71.662
52.321,-89.941,177,75.913
49.858,-90.232,181,66.915
49.456,-91.881,168,65.137
49.312,-92.452,187,74.788
47.875,-91.786,196,82.19
46.066,-91.265,270,99.781
44.298,-90.598,262,99.144
42.003,-89.692,239,89.476
42.359,-87.586,256,94.365
43.319,-86.68,253,83.398
43.72,-86.376,241,75.26
43.522,-86.137,233,74.987
43.653,-86.117,238,76.177
44.002,-85.878,241,81.455
43.797,-85.733,249,82.281
44.407,-85.075,266,87.127
45.801,-85.628,269,102.82
46.137,-85.998,262,84.547
48.053,-86.797,255,85.911
50.471,-86.82,266,85.994
54.741,-87.829,269,89.195
57.222,-89.181,264,87.028
58.793,-90.634,242,103.1
60.957,-91.724,216,100.9
63.152,-92.905,202,74.706
64.081,-93.412,219,65.657
64.164,-93.254,231,80.875
64.701,-93.069,228,85.466
64.396,-92.914,219,66.625
64.855,-93.191,218,71.744
64.729,-93.087,211,77.294
65.639,-93.129,155,65.029
64.924,-92.613,167,68.412
64.69,-92.619,164,60.53
63.663,-91.856,169,63.078
62.648,-90.353,181,62.589
61.69,-88.229,185,65.046
59.871,-87.085,182,63.541
59.184,-87.531,170,63.706
59.92,-87.472,184,67.106
60.672,-86.529,167,69.818
59.681,-86.513,181,60.522
58.502,-87.578,170,66.245
60.074,-87.213,185,68.858
60.727,-87.635,180,62.581
60.9,-86.882,167,71.687
60.683,-88.195,177,67.924
61.176,-88.15,173,69.14
61.511,-87.776,166,66.543
60.815,-88.275,163,59.141
61.342,-87.854,162,61.2
62.014,-87.908,173,56.213
62.783,-86.665,173,58.017
62.19,-86.725,170,69.718
64.045,-87.833,168,69.867
63.395,-87.693,175,60.985
62.049,-87.849,157,54.708
61.312,-88.866,162,54.716
61.508,-88.699,163,52.276
61.635,-87.698,164,51.987
61.756,-87.343,152,52.93
60.56,-87.517,156,55.204
60.131,-86.532,161,57.553
59.632,-85.681,177,63.259
58.827,-85.475,159,50.788
58.118,-86.337,152,53.02
58.016,-86.596,174,57.164
58.368,-86.998,156,54.327
59.896,-87.383,170,56.718
60.379,-86.506,169,55.932
59.923,-87.6,153,47.488
59.891,-87.308,164,60.927
59.903,-84.541,166,61.167
60.989,-85.121,175,68.9
61.176,-85.088,179,58.835
58.204,-84.166,159,80.495
51.555,-81.299,185,73.349
48.449,-83.554,170,71.323
49.368,-84.234,153,65.062
50.08,-83.408,171,65.202
51.316,-83.352,180,62.631
52.26,-82.803,179,59.008
53.91,-83.305,182,64.748
53.349,-82.728,165,60.538
54.663,-83.264,175,71.869
54.75,-84.09,172,60.746
54.262,-84.247,172,59.761
56.08,-85.711,193,62.507
57.495,-84.29,186,68.156
59.172,-85.002,180,63.342
60.833,-84.645,157,59.099
62.027,-86.905,171,53.773
63.551,-87.318,173,62.027
64.658,-87.561,175,59.496
63.556,-88.595,169,63.913
63.688,-89.658,177,56.494
63.458,-89.413,175,57.164
64.087,-89.241,172,64.195
65.384,-90.216,169,62.606
66.611,-90.9,160,64.128
67.182,-92.835,162,61.737
65.662,-93.568,179,61.175
62.78,-92.527,174,57.23
59.26,-88.619,158,57.843
60.294,-84.663,180,57.264
61.597,-84.505,186,69.545
61.742,-85.13,178,81.239
61.98,-85.471,176,71.124
61.622,-85.522,165,74.019
62.189,-86.165,163,71.414
61.442,-86.171,172,78.907
60.552,-85.482,183,81.512
59.921,-85.866,182,71.803
59.303,-86.429,174,69.718
60.764,-87.929,171,66.898
61.305,-87.353,181,75.45
61.817,-86.698,199,69.917
61.858,-86.444,183,64.657
61.717,-86.363,188,71.645
61.772,-86.75,175,68.668
62.728,-86.359,185,56.858
62.548,-86.29,186,59.414
59.717,-85.975,188,58.57
58.564,-84.414,196,70.256
58.636,-83.451,192,67.188
58.647,-83.012,188,88.112
58.378,-83.879,173,76.476
58.435,-83.193,188,87.69
58.085,-82.916,152,92.801
58.103,-83.65,163,91.379
59.293,-84.015,179,68.776
59.483,-83.935,171,72.63
60.271,-83.736,178,71.886
60.675,-83.124,178,75.533
60.181,-81.428,184,61.63
59.338,-81.547,182,63.996
58.218,-80.852,176,67.105
59.707,-81.214,173,62.408
60.865,-80.751,188,72.522
60.765,-80.367,183,57.173
59.858,-80.035,173,55.551
59.818,-80.116,177,65.021
59.917,-81.062,178,72.539
59.668,-81.035,185,72.721
59.393,-81.129,159,81.082
59.274,-81.119,174,62.234
59.858,-81.862,181,77.964
59.94,-81.995,183,75.905
59.959,-82.47,182,78.171
60.484,-83.789,170,63.169
60.93,-84.044,174,71.951
62.054,-85.854,166,74.656
62.601,-85.963,183,69.264
63.606,-84.781,179,66.989
62.371,-83.645,186,67.163
61.474,-83.434,184,67.477
61.459,-84.532,172,59.422
60.786,-83.99,204,73.184
62.316,-82.8,182,72.349
60.956,-81.602,188,94.563
60.077,-80.869,191,72.886
60.492,-80.339,168,90.833
59.919,-79.594,156,79.287
60.7,-79.952,165,77.294
60.168,-80.342,155,80.842
60.4,-80.1,156,87.508
60.255,-80.837,161,75.624
60.065,-81.36,186,71.315
60.667,-83.029,173,72.158
61.846,-84.884,177,67.279
62.758,-83.628,196,69.255
62.228,-82.124,182,78.419
62.706,-81.472,185,60.803
61.491,-80.857,176,57.627
61.669,-81.841,175,58.454
62.401,-82.733,175,61.953
63.43,-80.989,173,65.203
63.606,-80.881,183,68.966
64.366,-80.224,175,65.79
64.534,-80.643,167,59.397
63.872,-81.954,176,69.065
65.331,-83.66,171,70.835
65.957,-86.788,171,80.892
65.257,-87.038,174,77.22
65.481,-86.965,182,73.837
65.788,-88.119,164,82.711
65.427,-86.659,194,74.226
65.576,-87.715,167,78.56
65.782,-88.093,150,69.983
65.507,-88.204,164,57.048
65.037,-87.743,154,72.076
64.247,-86.217,177,61.349
63.314,-85.095,172,65.328
62.527,-84.571,168,77.683
63.153,-83.478,178,66.22
64.435,-82.693,175,64.012
63.433,-81.27,178,60.067
61.711,-80.699,174,57.255
60.99,-82.015,189,61.018
61.93,-82.741,179,69.909
62.064,-82.272,179,65.526
62.28,-82.63,174,59.422
62.916,-82.763,173,55.295
63.686,-81.257,163,69.801
63.879,-81.928,168,54.526
64.169,-81.571,167,73.002
63.734,-81.041,166,57.255
62.913,-81.062,140,50.01
63.367,-81.729,153,62.209
64.536,-81.555,132,65.302
63.957,-80.406,144,50.217
63.165,-81.396,132,61.217
64.42,-81.23,128,49.059
62.633,-80.352,151,60.175
62.898,-80.946,137,70.19
64.603,-79.669,141,72.737
64.736,-81.03,150,59.769
64.618,-80.966,138,68.23
63.807,-80.112,147,60.638
63.944,-80.286,141,54.526
65.163,-80.366,151,69.917
63.769,-80.638,154,59.422
63.585,-81.321,149,56.329
63.854,-81.425,147,58.471
64.235,-80.782,142,63.441
62.88,-80.724,149,65.228
64.017,-80.057,134,64.558
63.84,-80.72,137,59.323
64.016,-79.789,142,65.509
65.038,-80.56,138,64.194
66.84,-82.216,137,55.361
65.698,-82.937,138,67.37
65.281,-83.133,158,64.012
66.518,-81.847,141,67.957
64.916,-82.224,159,60.985
67.063,-83.387,145,62.226
66.519,-82.552,137,50.242
66.004,-82.535,135,47.041
66.99,-82.547,154,57.255
66.205,-80.64,137,57.826
65.794,-81.635,145,52.839
66.958,-81.752,161,55.179
65.018,-81.495,143,65.989
65.555,-82.297,137,59.116
66.177,-81.933,140,48.637
65.282,-81.597,151,58.851
65.182,-81.995,135,71.505
66.19,-81.399,137,58.198
66.83,-81.35,141,67.378
65.55,-80.683,146,59.505
65.828,-82.568,138,54.923
66.359,-81.794,136,52.293
66.79,-82.683,133,52.591
65.319,-80.874,142,50.589
65.374,-80.44,144,66.08
65.891,-80.526,140,63.921
66.227,-81.733,141,65.484
67.297,-80.994,145,55.477
65.483,-80.726,141,70.471
65.621,-81.751,148,61.854
65.074,-82.495,154,71.232
66.493,-82.972,135,63.325
66.869,-82.662,137,57.909
66.774,-81.661,135,68.495
65.325,-81.114,130,61.241
66.456,-81.283,150,61.663
66.027,-80.163,144,59.695
66.47,-80.312,140,58.389
65.359,-79.264,155,57.991
65.386,-80.259,146,55.46
66.022,-80.363,150,54.046
65.597,-79.866,126,60.845
66.298,-79.46,143,61.167
64.674,-79.958,153,61.845
66.777,-80.741,140,63.359
66.741,-81.303,134,64.674
66.707,-80.869,124,58.471
66.911,-79.493,142,50.697
65.976,-81.301,157,65.484
66.867,-82.992,149,61.482
67.046,-83.452,138,52.938
68.071,-83.779,146,63.442
67.649,-82.183,150,62.416
66.164,-81.396,153,55.014
67.376,-82.53,150,48.331
68.478,-80.839,135,57.164
66.913,-80.43,146,54.923
67.235,-80.592,142,67.634
67.979,-82.292,148,51.367
67.207,-82.996,144,67.668
67.206,-81.854,141,52.194
66.096,-81.933,144,56.048
66.453,-81.545,137,61.746
66.851,-81.256,131,48.91
68.054,-81.374,139,63.987
67.242,-80.414,141,52.475
66.737,-80.549,156,54.642
65.97,-79.751,133,63.623
67.018,-80.309,139,55.551
67.17,-81.362,140,61.473
66.641,-80.98,135,60.257
67.33,-81.239,135,46.371
66.767,-79.984,133,49.299
67.061,-80.079,149,61.763
67.968,-80.623,132,55.568
66.857,-81.299,143,56.685
66.991,-79.776,140,56.395
67.234,-81.691,135,52.723
67.171,-81.676,141,53.128
67.37,-81.704,149,49.936
67.963,-81.757,123,52.657
66.471,-81.869,135,61.936
67.281,-81.014,121,62.044
66.749,-81.212,142,53.335
67.476,-81.544,136,47.314
67.233,-81.526,133,55.014
68.668,-81.889,136,49.266
68.665,-82.321,127,47.223
68.256,-82.453,130,55.849
67.873,-82.262,128,54.625
67.673,-81.109,127,48.357
67.672,-80.857,144,54.071
68.286,-80.386,131,57.164
68.816,-80.771,125,46.777
66.915,-78.949,132,64.401
65.592,-79.6,131,53.657
