0,-0,193,103.52
-0.10818,-1.1732,190,112.36
-0.75575,-2.2735,157,87.425
-1.1013,-3.5131,113,122.2
-2.7812,-5.4715,147,84.647
-6.6083,-6.31,1329,166.78
-6.8865,-11.497,1384,166.79
-9.4158,-16.522,1498,170.34
-12.361,-19.241,1552,155.61
-15.006,-23.301,1594,187.75
-16.217,-26.553,1638,182.96
-17.447,-32.391,1581,177.65
-18.263,-37.342,1560,181.02
-20.49,-40.508,1512,188.41
-20.828,-45.434,1472,191.2
-20.832,-49.452,1626,203.03
-21.902,-54.061,1629,202.93
-20.576,-57.286,1610,212.71
-19.313,-59.947,1618,213.78
-20.249,-64.209,1811,233.64
-21.395,-70.081,1805,233.95
-22.495,-75.013,1866,246.81
-24.855,-83.29,1811,252.55
-23.115,-88.446,1850,232.76
-24.905,-97.288,1723,210.25
-28.464,-105.38,1739,194.35
-28.115,-109.27,1744,211.34
-28.103,-109.38,1898,248.5
-27.432,-116.39,1852,236.21
-26.459,-124.62,1847,242.87
-25.312,-129.26,1880,257.01
-25.877,-136.95,1913,270.04
-25.494,-143.94,1915,292.09
-25.479,-148.64,1821,296.97
-25.377,-156.18,1861,325.8
-25.745,-161.9,1821,329.86
-25.264,-166.82,1743,340.09
-23.088,-171.47,1778,338.46
-22.391,-176.67,1703,293.21
-23.516,-185.49,1684,223.55
-24.815,-190.72,1417,171.38
-27.403,-196.16,1172,145.85
-29.286,-193.23,1097,135.62
-33.376,-193.57,1039,128.21
-31.4,-189.66,1151,142.62
-29.97,-188.55,1146,137.64
-30.11,-187.89,924,120.33
-30.428,-185.53,914,126.6
-29.391,-180.3,982,140.47
-27.272,-178.12,1127,156.5
-26.375,-178.61,1116,147.06
-26.12,-179.37,960,125.53
-23.819,-182.14,964,130.4
-23.677,-187.25,1023,132.01
-26.497,-190.42,985,138.23
-31.726,-200.51,993,141.66
-31.703,-207.68,1077,154.27
-31.325,-213.56,1213,162.87
-30.865,-217.36,1202,169.15
-26.468,-222.73,1280,166.71
-27.646,-227.08,1432,178.8
-28.91,-233.81,1421,167.01
-26.264,-234.58,1384,160.79
-25.4,-232.73,1530,170.38
-27.438,-227.57,1536,162.08
-28.893,-225.2,1475,160.95
-26.667,-223.83,1457,160.04
-29.25,-231.58,1508,160.9
-29.732,-241.98,1501,168.48
-30.798,-251.62,1516,179.26
-38.047,-256.88,1483,154.3
-38.244,-262.11,1476,163.88
-36.714,-266.14,1391,162.98
-39.032,-271.52,1234,134.95
-37.53,-274.93,1293,147.41
-34.374,-275.89,1154,139.92
-35.237,-279.08,1221,146.76
-37.746,-282.33,1376,171.81
-35.961,-286.39,1335,166.84
-39.229,-294.91,1410,159.93
-43.621,-300.79,1459,215.81
-45.066,-304.32,1492,165.82
-52.699,-305.7,1567,184.24
-48.815,-308.57,1601,189.02
-47.774,-310.72,1515,193.44
-46.298,-316.99,1521,184.35
-46.857,-324.12,1447,191.22
-46.857,-324.12,1447,191.22
-46.857,-324.12,1447,191.22
-52.44,-340.78,1410,193.94
-53.672,-343.94,1557,204.46
-54.804,-349.33,1535,202.47
-52.681,-358.24,1380,168.14
-55.649,-367.7,1386,159.43
-57.453,-375.98,1448,170.61
-59.155,-381.33,1535,186.65
-61.15,-382,1451,174.67
-64.78,-379.02,1426,169.61
-66.608,-380.63,1245,158.8
-67.728,-384.07,1265,157.5
-66.899,-388.09,1116,169.43
-63.405,-384.8,1038,146.55
-55.623,-388.84,1272,229.19
-46.224,-385.45,1280,191.29
-38.825,-382.93,1326,208.85
-38.047,-379.1,1551,221.46
-35.008,-378.47,1743,250.26
-30.705,-371.61,1664,206.48
-35.533,-367.15,1822,242.28
-44.878,-363.24,1776,239.26
-47.804,-363.76,1566,188.99
-45.414,-357.13,1479,168.41
-50.907,-345.38,1480,190.55
-53.472,-337.73,1396,184.48
-51.917,-327.38,1319,160.74
-50.065,-315.48,1239,155.03
-47.203,-302.95,1293,163.11
-50.414,-299.75,1445,209.91
-51.406,-291.75,1531,175.56
-45.942,-285.98,1623,178.45
-46.983,-273.36,1657,172.99
-47.846,-265.36,1617,177.71
-46.873,-252.64,1613,173.12
-45.452,-242.83,1643,173.64
-45.319,-233.36,1618,165.94
-43.413,-222.23,1508,156.82
-39.072,-213.5,1676,173.13
-37.396,-206.06,1750,194.8
-35.368,-195.12,1667,180.91
-34.307,-182.55,1621,168.61
-30.221,-167.23,1722,164.87
-31.688,-154.3,1757,188.88
-31.428,-140.03,1923,210.92
-34.804,-125.41,1906,203.88
-33.629,-110.82,1931,222.99
-31.097,-93.991,1939,217.18
-26.236,-79.927,1957,213.23
-24.622,-66.634,1961,205.38
-32.126,-60.424,1879,183.64
-35.068,-46.406,1812,189.01
-39.651,-32.887,1777,192.06
-40.961,-18.71,1764,200.48
-41.371,-6.7992,1828,202.92
-41.512,-1.8514,1899,211.11
-39.568,8.6647,1865,199.89
-44.04,14.55,1710,168.95
-42.687,17.251,1572,153.29
-41.485,8.7186,1549,155.64
-45.199,3.379,1262,135.98
-49.143,-7.0376,1249,142.29
-50.81,-10.222,1117,129.32
-45.595,1.2001,1091,128.49
-44.963,20.062,1238,146.57
-41.188,26.76,1305,150.92
-43.547,28.966,1141,133.68
-36.75,31.397,1154,127.03
-29.79,32.568,1136,135.69
-20.799,38.324,1141,140.97
-19.129,37.484,1047,127.77
-20.706,38.501,1082,121.18
-22.436,35.666,1107,134
-28.248,34.253,1119,139.81
-33.516,36.662,1007,125.81
-38.72,32.501,1130,133.68
-41.178,26.967,1157,136.57
-41.178,26.967,1157,136.57
-50.104,16.302,1632,163.15
-45.051,3.8552,1643,175.39
-41.235,-3.6839,1594,162.36
-43.551,-5.517,1756,199.19
-45.491,-7.9052,1587,175.24
-44.969,-1.8302,1555,169.15
-43.127,-3.2839,1409,146.53
-48.92,6.016,1352,137.87
-51.84,18.599,1220,136.79
-52.793,30.549,1117,131.95
-47.769,39.281,979,122.73
-46.09,42.269,899,122.05
-52.245,35.064,1094,133.54
-48.421,34.882,1355,150.73
-42.045,43.809,1462,155.29
-39.524,42.903,1443,144.19
-37.267,38.186,1379,146.19
-31.244,39.652,1453,161.56
-18.464,42.153,1421,150.07
-23.671,52.382,1512,156.91
-22.799,56.951,1645,188.99
-14.473,66.375,1516,159.31
-11.773,82.704,1579,161.7
-3.921,90.697,1717,184.91
-0.21752,102.29,1691,175.18
-0.48369,113.83,1640,157.42
-4.3892,122.04,1618,160.34
-8.614,126.09,1498,148.81
-10.652,133.31,1571,155.01
-4.7203,133.13,1556,156.79
-6.1684,136.14,1614,156.97
-9.3823,130.5,1356,141.56
-4.9225,125.79,1296,136.05
-5.0957,121.16,1515,157.52
-4.5636,124.23,1493,171.54
-7.4083,130.82,1319,143.92
-12.346,129.69,1276,139.58
-13.117,128.92,1132,127.73
-12.866,129.98,1134,132.2
-11.117,133,1172,134.29
-10.43,133.3,1164,131.21
-12.318,137.12,997,117.62
-14.56,137.31,946,113.57
-13.565,133.17,1045,150.5
-13.514,130,1047,136.49
-13.43,127.64,1148,137.64
-14.431,123.92,1159,130.88
-10.807,120.06,1094,124.56
-13.268,129.21,991,135.61
-12.484,130.92,1182,141.49
-8.5369,134.68,1291,142.07
-7.4248,136.55,1368,148.57
-5.4441,137.43,1405,192.1
1.3187,139.15,1539,203.94
5.6261,135.8,1667,232.74
9.8758,130.55,1823,231.43
12.265,121.06,1899,212.01
13.156,113.03,1879,228.12
12.985,98.889,1864,226.48
10.791,83.982,1804,195.38
6.9929,69.853,1723,185.54
3.1554,57.649,1778,204.94
8.3638,50.536,1879,229.89
13.068,34.004,1842,215.29
17.897,20.106,1827,201.37
23.879,8.5637,1779,192.9
28.23,-1.6819,1773,182.44
26.248,-13.159,1661,186.91
21.532,-19.876,1678,187.65
10.763,-25.357,1877,208.12
2.6746,-21.444,1841,198.23
-0.11528,-14.392,1724,184.48
-4.0239,-9.7554,1854,221.75
-5.4418,-10.852,1848,233.72
-4.259,-18.14,1858,221.05
-5.6034,-18.859,1786,203.76
-3.2528,-28.88,1781,200.7
2.7355,-39.434,1840,202.49
10.991,-40.189,1887,204.52
15.934,-36.901,1875,219.41
22.332,-25.813,1881,216.47
21.406,-13.629,1944,221.14
20.235,2.2815,1883,193.83
15.232,17.396,1816,180.71
11.296,32.218,1754,174.8
10.281,49.496,1753,188.81
6.807,65.185,1748,178.85
7.447,78.483,1869,185.58
5.291,89.171,1950,203.7
1.2403,94.287,1893,188.75
-5.6572,109.19,1899,191.8
-8.9737,124.38,1834,175.19
-10.002,135.47,1655,158.13
-4.2998,136.5,1664,156.13
-5.2705,132.25,1788,173.7
-1.6171,133.71,1708,163.37
-2.478,137.45,1804,162.58
-1.9281,136.2,1786,175.73
-4.7426,139.46,1649,171.87
-8.3016,141.87,1442,148.95
-4.1838,147.31,1644,158.27
1.3618,152.6,1497,149.91
0.7557,153.84,1448,152.71
4.007,155.19,1305,141.25
-1.4071,155.34,1499,154.78
-3.1767,151.44,1481,143.9
0.8997,152.87,1389,139.29
8.6774,153.88,1080,120.14
7.8508,160.2,1073,123.94
6.5859,158.57,1122,133.7
2.3528,157.57,1101,125.63
0.47521,161.97,1188,129.4
4.8974,159,1184,126.37
11.304,156.35,987,114.69
13.112,156.82,887,107.59
11.052,152.33,937,114.59
3.5892,135.55,1013,142.05
10.901,131.47,1153,150.14
12.201,144.29,1412,190.64
4.9941,154.17,1477,156.05
-3.5639,149.99,1548,161.97
-5.2446,160.27,1526,154.31
-5.2812,158.23,1400,151.23
-2.9192,157.84,1557,174.8
-6.6678,154.14,1436,161.25
-8.6264,147.02,1391,145.42
-9.0901,147.15,1307,133.49
-4.1748,151.55,1319,147.66
-4.8177,155.87,1444,150.94
-5.5293,160.21,1559,163.26
-7.6391,166.02,1431,150.44
-6.9121,171.41,1341,138.61
-6.2099,173.19,1346,137.39
-6.6,165.92,1371,143.73
-13.719,169.93,1505,145.54
-13.865,174.82,1632,162.65
-15.929,178.57,1560,156.95
-21.373,185.82,1327,139.39
-27.001,189.58,1204,131.47
-34.259,197.7,1082,122.95
-38.819,201.96,889,115.05
-46.656,206.28,952,122.9
-53.513,214.88,810,114.27
-59.569,219.68,857,116.96
-59.231,223.98,1086,144.24
-60.054,229.22,1276,152.36
-64.095,237.38,1400,162.49
-65.33,243.86,1615,164.12
-64.52,250.15,1652,171.46
-62.124,250,1592,167.52
-63.16,257.35,1509,148.95
-61.082,255.84,1462,145.43
-63.875,260.11,1394,139.25
-62.41,260.56,1423,141.24
-66.217,265.49,1434,143.97
-63.74,265.52,1339,140.06
-64.938,262.65,1412,149.77
-69.057,263.86,1167,128.69
-72.596,270.65,1120,127.23
-73.639,274.26,1004,123.42
-78.543,277.61,715,102.43
-85.881,276.62,1201,140.5
-96.829,279.14,1307,141.22
-103.03,280.74,1287,140.89
-108.93,281.93,1126,132.62
-111.97,284.6,1188,141.26
-105.39,283.54,1194,156.76
-101.39,280.34,1086,133.73
-100.03,275.97,1171,143.57
-97.824,279.46,1259,137.35
-103.68,281.29,1309,152.99
-97.647,275.6,1023,130.24
-92.674,274.48,1023,123.42
-91.128,270.92,897,120.08
-91.678,269.7,943,117.11
-94.295,275.09,1125,132.38
-94.194,272.05,1069,131.18
-91.914,274.48,1118,136.9
-93.21,273.69,1186,137.57
-93.344,275.48,1151,138.39
-104.15,273.83,1155,138.61
-107.97,276.15,1180,160.13
-112.76,278.67,1318,184.22
-114.41,283.11,1458,191.59
-121.26,289.25,1636,205.99
-124.72,294.56,1830,218.18
-131.45,303.67,1695,181.02
-140.22,309.09,1702,182.76
-151.17,309.86,1631,166.5
-159.93,312.62,1584,170.67
-169.16,313.85,1568,154.88
-175.63,311.52,1517,176.12
-175.85,314.82,1476,164.92
-174.58,306.14,1459,175.71
-175.95,315.77,1537,160.91
-178.41,314.83,1356,144.4
-180.63,320.87,1395,149.02
-180.66,323.48,1382,140.5
-181.24,323.85,1421,144.4
-187,321.36,1325,144.84
-190.15,323.99,1312,149.68
-187.08,320.36,1324,139.68
-184.79,322.45,1386,144.8
-185.31,325.91,1352,136.27
-188.7,330.17,1334,137
-191.78,336.07,1291,138.25
-195.37,336.68,1286,140.21
-194.73,339.4,1255,133.07
-196.28,336.92,1264,132.18
-202.01,330.42,1338,153.51
-202.68,326.94,1176,135.08
-208.49,325.38,1275,142.62
-207.3,321.08,1153,136.66
-214.42,318.51,1188,133.61
-211.99,319.64,1256,137.55
-203.86,318.95,1290,151.92
-208.06,322.04,1369,146.84
-199.48,330.16,1469,168.84
-198.43,332.38,1514,156.31
-190.27,339.49,1519,168.65
-190.65,342.67,1587,158.74
-194.22,346.22,1517,166.69
-188.32,355.81,1583,174.43
-185.7,366.07,1598,184.04
-180.03,369.5,1415,147.22
-183.52,367.56,1390,141.69
-186.9,367.85,1518,152.95
-182.71,371.77,1544,151.79
-182.94,373.73,1581,150.41
-181.63,378.04,1521,151.48
-176.91,382.87,1478,155.96
-173.04,381.42,1499,171.26
-170.22,387.57,1494,162.26
-167.61,392.28,1603,177.98
-160.42,398.92,1342,152.31
-154.21,400.07,1204,129.96
-151.6,402.28,1184,132.6
-151.87,398.48,1103,125.73
-154.57,398.41,1021,118.73
-148.41,403.91,1034,121.09
-152.09,399.54,1122,123.52
-153.69,401.11,1164,129.07
-152.07,404.2,1192,137.04
-146.86,408.47,1244,129.44
-144.32,409.32,1400,145.99
-147.19,409.78,1367,144.67
-154.9,407.66,1410,151.03
-157.03,405.14,1274,142.46
-156.46,409.41,1033,116.78
-160.85,408.21,1065,123.23
-163.03,404.42,972,116.4
-164.54,400.85,999,121.59
-159.76,397.33,1125,138.96
-167.61,398.86,1137,127.96
-164.28,408.4,1072,127.01
-159.45,415,831,106.02
-161.04,415.66,772,105.22
-160.57,409.27,904,112.64
-163.21,407.93,797,109.54
-164.25,412.34,739,109.04
-162.12,410.2,852,108.22
-158.17,404.62,1059,126.99
-154.9,398.21,1130,137.09
-149.7,390.06,1147,134.5
-148.55,378.76,1486,159.73
-150.9,369.54,1809,195.56
-157.92,360.02,1873,206.39
-162.07,348.61,1992,236.44
-158.29,334.24,1972,201.37
-149.2,317.04,1978,203.78
-134.45,301.49,1924,203.02
-118.36,292.07,1884,190.07
-105.69,282.03,1944,234.21
-93.21,274.49,2023,211.24
-83.221,262.58,2141,256.19
-68.485,255.21,2107,291.32
-58.265,239.68,2080,265.12
-49.016,225.25,2072,268.02
-31.344,212.66,1938,225.96
-22.795,210.04,1770,194.03
-20.888,198.69,1814,196.28
-9.547,189.29,1859,224.29
4.9124,178.6,1813,192.38
12.641,166.01,1842,209.19
25.749,153.2,1758,178.93
36.576,147.72,1761,169.87
49.117,141.07,1771,183.24
62.163,138.45,1742,192.56
75.869,132.86,1704,181.37
83.234,134.58,1805,207.53
89.861,132.35,1894,215.95
96.86,119.16,1774,187.67
98.053,106.01,1749,176.74
96.209,100.98,1885,231.33
97.424,91.758,1656,185.11
89.445,85.907,1608,171.29
90.109,78.946,1513,148.44
81.616,74.02,1465,149.19
72.871,78.544,1565,156.12
65.883,82.329,1644,172.85
56.505,89.286,1594,162.53
49.952,86.165,1622,173.77
40.74,74.742,1905,214.17
23.92,58.896,1885,210.25
10.488,45.361,2039,241.25
0.90379,38.432,2024,260.13
-4.3371,20.708,2144,261.84
-9.1061,-0.70125,2112,247.45
-6.6495,-15.407,1921,228.58
5.2057,-25.328,1819,205.28
20.914,-29.675,1627,184.51
28.625,-34.115,1380,162.62
31.425,-41.183,954,125.23
29.747,-48.526,500,94.313
31.066,-49.876,526,111.86
23.251,-46.257,580,110.71
16.11,-52.897,1756,191.76
11.668,-63.723,1931,224.76
-0.12646,-73.368,1885,207.68
-4.9893,-86.877,2001,256.39
-9.8419,-104.34,1862,236.41
-6.8173,-123.33,1789,203.9
-0.55654,-137.2,1801,205.75
2.9986,-150.75,1751,203.08
4.5581,-165.79,1720,201.09
-1.9481,-178.4,1704,183.42
-5.755,-186.69,1616,197.18
-13.091,-198.1,1059,150.75
-16.426,-219.35,1566,235.38
-18.177,-235.68,1576,229.25
-16.166,-250.08,1458,313.62
-21.818,-266.74,1576,212.16
-18.443,-274.96,1464,209.43
-9.6445,-283.96,1575,220.04
-1.3874,-286.13,1627,245.5
4.2791,-297.87,1532,234.88
3.8628,-313.9,1455,256.5
1.6177,-332.33,1919,288.19
-0.80243,-347.15,1733,311.08
-2.2823,-362.41,1880,286.69
3.4131,-372.09,1815,276.07
7.212,-385.62,1790,266.38
16.774,-396.73,1642,185.29
24.462,-403.94,1538,186.95
32.921,-407.29,1714,222.92
37.459,-407.98,1663,218.19
50.698,-409.97,1766,204.8
59.972,-406.82,1743,210.51
73.844,-411.66,1733,199.34
85.324,-418.17,1685,202.42
97.925,-424.28,1674,192.1
108.88,-426.82,1752,228.98
120.55,-428.75,1790,224.29
134.74,-429.12,1768,232.74
144.4,-429.08,1877,229.23
154.34,-420.52,1810,222.75
159.49,-409.61,1683,195.37
153.24,-400.81,1758,229.1
149.67,-393.22,1799,225.94
141.53,-386.89,1753,213.92
130.6,-376.9,1646,189.89
126.83,-365.82,1631,175.2
129.33,-359.26,1648,182.57
135.94,-346.01,1604,168.12
138.69,-332.02,1652,189.78
140.46,-318.22,1664,171.12
138.53,-310.9,1560,168.89
134.9,-303.43,1664,173.77
133.77,-292.05,1649,169.18
130.85,-281.9,1692,188.97
126.43,-271.17,1603,179.77
127.74,-263.52,1500,165.26
128.96,-270.57,1460,167.12
126.51,-277.4,1197,140.71
129.42,-279.18,1226,135.89
125.43,-280.44,1152,136.09
125.49,-277.98,1138,129.16
119.42,-271.61,833,107.17
115.18,-269.32,795,107.87
113.96,-262.64,1067,125.28
120.24,-257.62,981,116.32
121.01,-256.49,998,116.51
116.73,-257.55,1052,123.46
115.42,-255.51,962,119.98
120.84,-259.05,1032,120.62
117.77,-267.44,1039,125.69
117.64,-267.62,1112,137.2
119.11,-269.12,1213,133.13
116.15,-259.44,1178,134.88
116.01,-259.64,1105,132.94
115.13,-256.08,1174,137.8
115.02,-256.38,1012,121.61
114.06,-260.57,1094,125.9
118.1,-262.92,1153,132.38
117.39,-257.08,1279,134.35
119.73,-254.82,1357,142.83
119.65,-260.26,1542,178.04
124.85,-273.92,1700,208.83
125.7,-284.07,1886,225.11
128.42,-298.88,1876,220.96
131.74,-314.14,1913,220.93
138.88,-327.63,1842,206.13
142.79,-343.4,1892,222.13
145.01,-360.47,1850,228.18
151.62,-374.94,1883,258.5
161,-391.64,1869,263.26
170.12,-404.6,1780,214.98
175.03,-418.22,1826,266.23
182.85,-427.01,1807,243.44
187.61,-441.51,1768,242.02
188.92,-452.1,1887,256.68
194.12,-462.36,1954,275.2
195.71,-475.62,1898,252.42
198.37,-484.06,1816,237.8
198.57,-492.93,1234,268.09
194.63,-506.67,1678,239.65
189.37,-517.58,1712,253.47
189.2,-525.52,1549,260.38
183.86,-537.83,1619,328.5
173.55,-547.93,1273,386.49
167.92,-562.05,679,235.71
166.49,-565.91,655,237.25
166.49,-565.91,655,237.25
166.49,-565.91,655,237.25
192.15,-618.13,1621,235.94
182.72,-631.72,1526,278.04
174.28,-640.69,1101,209.13
162.54,-647.95,1130,221.85
144.4,-653.48,1383,209.11
129.1,-654.27,1422,200.4
117.36,-650.01,1527,194.76
115.14,-650.97,1530,238.61
119.55,-649.7,1540,270.36
102.88,-649.08,1769,355.83
93.908,-642.58,1681,298.95
84.585,-637.53,1798,267.35
69.148,-635.87,1935,381.33
55.85,-628.05,1605,214.54
49.253,-626.28,1275,204.8
48.235,-622.99,883,221.1
54.826,-623.18,562,257.34
46.006,-611.7,1970,333.33
45.183,-603.57,1867,269.16
49.285,-602.67,1960,330.72
47.488,-591.2,1952,336.92
44.79,-583.99,1755,322.06
45.718,-580.53,1187,315.1
43.509,-582.9,959,185.49
37.115,-570.29,858,228.66
29.117,-562.75,624,165.71
39.149,-564.49,759,165.4
42.514,-569.57,984,168.59
40.816,-566.82,892,150.33
35.971,-561.35,666,145.21
29.066,-548.81,1944,319.06
24.677,-536.06,2055,381.87
16.579,-518.58,1832,247.3
15.709,-511.8,1642,266.96
11.893,-507.4,1664,265.72
9.0599,-502.55,1090,228.51
7.9525,-500.43,1046,195.47
1.8382,-500.78,1184,216.97
-4.6752,-506.39,1361,230.44
-18.267,-506.63,1819,240.91
-30.057,-514.39,1909,289.79
-40.177,-524.79,1808,290.01
-47.06,-536.82,1783,250.98
-43.947,-549.66,2000,328.06
-38.105,-567.27,1847,255.59
-47.646,-580.36,1845,253.47
-56.04,-592.5,2047,424.95
-63.261,-604.91,1941,345.34
-67.388,-614.01,2041,410.63
-66.4,-633.01,1733,253.65
-68.09,-643.73,1847,279.64
-72.214,-664.18,1672,206.21
-77.576,-680.57,1615,180.17
-81.75,-692.73,1679,189.45
-89.479,-709.09,1685,217.82
-91.438,-721.86,1528,169.27
-96.19,-735.73,1473,203.02
-95.41,-747.85,1121,366.67
-95.41,-747.85,1121,366.67
-89.633,-784.42,782,459.17
-87.398,-799.79,1467,263.57
-84.619,-811.37,1100,339.91
-82.707,-823.74,1196,228.23
-79.167,-830.61,1195,234.25
-72.673,-830.15,1068,197.11
-66.811,-830.48,1269,244.39
-72.972,-828.8,1258,250.49
-80.703,-821.79,1234,243.44
-88.116,-812.49,1084,281.38
-93.373,-805.02,1158,248.67
-98.525,-803.94,1166,307.7
-106.22,-803.61,1098,333.92
-113.24,-805.02,1098,252.59
-118.49,-805.98,1115,239.71
-122.04,-810.61,1036,250.87
-124.72,-817.74,948,200.51
-128.11,-813.21,1030,242.68
