0,-0,104,49.663
-0.046814,0.84798,137,61.201
-0.80543,1.3127,157,71.224
-0.66546,2.3253,192,82.711
-1.1011,5.8351,295,127.55
1.2057,1.7083,165,64.384
1.8704,2.333,152,69.256
3.3797,-0.41138,199,77.839
3.1719,-2.461,210,85.275
0.07287,-3.9617,242,98.094
-4.2382,-3.9119,248,90.51
-6.9448,-1.386,280,86.209
-8.9674,-0.22792,324,104.59
-11.24,1.4794,274,105.14
-9.9867,7.8101,402,105.51
-8.1865,8.4115,260,122.09
-4.3251,11.171,268,128.75
-7.5994,10.148,678,116.93
-10.787,5.5708,691,125.63
-11.686,2.9829,680,117.87
-7.857,9.6757,685,132.62
-6.8953,12.703,636,129.95
-1.3809,11.925,662,105.79
-0.082547,15.945,689,108.76
3.7072,20.342,707,118.42
1.1861,20.468,732,109.27
5.1567,23.244,681,105.21
4.8714,28.203,730,111.2
4.7032,34.433,722,111.59
10.721,38.853,700,130.79
10.593,45.964,637,117.39
11.256,49.497,616,123.2
16.013,54.183,622,112.3
15.221,62.19,617,115.68
17.397,67.079,647,106.3
21.572,70.649,664,103.99
25.49,73.674,588,97.639
30.868,72.718,505,83.835
33.475,77.841,581,102.98
36.753,75.878,613,115.63
43.989,74.41,659,105.86
48.81,74.436,648,123.56
51.872,77.934,618,130.35
55.602,83.003,589,119.85
58.868,90.22,583,106.31
61.753,96.22,590,96.762
65.713,99.564,579,98.565
69.129,100.87,541,96.903
64.881,100.89,593,106.55
62.77,100.8,647,132.76
64.183,101.23,602,118.91
71.618,102.29,551,110.95
73.054,105.45,545,97.117
71.621,105.6,564,111.81
74.341,99.498,522,139.9
72.945,110.36,425,216.32
74.777,107.07,564,128.09
76,103.68,419,160.34
75.016,106.59,411,225.67
73.76,103.11,312,260.19
74.314,108.03,308,218.88
74.656,107.04,1237,150.76
74.989,111.23,1226,151.32
81.731,116.68,1246,173.49
87.459,118.51,1165,124
92.918,121.74,1155,132.52
103.96,126.23,1173,128
115.53,129.12,1176,129.87
126.81,131.49,1127,126.14
134.59,135.31,1131,126.91
141.97,139.48,1172,130.55
152.55,145.95,1148,129.71
162.93,149.54,1174,128.83
172.57,151.81,1133,141.35
180.1,154.1,1150,147.05
192.98,155.12,1114,129.23
203.5,157.48,1134,144.98
213.6,159.31,1089,142.3
218.15,161.45,1145,150.61
227.06,167.6,1135,128.87
233.52,176.54,1214,137.79
241.45,183.32,1184,137.72
246.91,192.92,1183,138.57
255.78,199.99,1194,132.65
261.68,205.8,1199,149.48
270.16,215.42,1187,138.09
279.03,222.27,1146,137.07
286.24,227.8,1087,140.02
294.54,232.19,1077,146.99
297.14,230.94,1126,157.9
289.61,223.88,1170,155.49
280.29,222.81,1092,136.46
281.78,228.42,1033,124.33
285.82,230.84,1015,118.36
287.96,235.43,975,117.06
291.48,245.12,1059,140.52
301.81,247.1,1040,126.6
305.76,249.47,961,118.42
305.54,259.08,842,110.33
307.13,267.01,821,111.95
312.61,273.89,685,93.768
312.76,277.3,710,99.003
307.5,276.69,741,98.622
303.13,277.35,752,103.21
302.5,273.32,736,99.557
300.43,268.07,673,93.561
302.76,268.14,678,96.596
305.17,268.8,724,107.55
308.34,270.83,756,100.51
308.53,271.08,793,104.66
311.04,275,883,113.84
313.08,277.07,905,115.04
316.29,285.27,777,111.28
318.82,288.17,784,112.76
321.54,286.69,879,123.27
321.08,289.24,888,131.46
325.48,288.58,869,126.58
325.79,291.03,869,129.13
322.19,290.85,859,133.13
329.47,292.34,809,125.53
324.83,294.96,822,121.73
327.87,292.5,816,125.53
331.15,290.85,781,143.36
326.65,292.98,867,123.02
315.67,285.37,936,153.11
309.44,278.96,999,132.54
301.27,274.12,948,125.48
297.71,267.06,908,124.47
292.92,266.34,908,113.76
290.91,268.71,883,110.79
288.22,262.33,931,119.24
282.9,253.69,960,120.98
284.17,248.14,964,114.7
286.34,243.52,1001,122.83
278.66,238.99,1053,125.31
273.88,230.39,1074,126.91
266.22,219.71,1231,133.22
258.49,206.54,1212,134.96
251.16,192.08,1256,139.26
244.01,179.47,1250,137.15
234.58,170.01,1271,134.7
225.19,161.08,1274,134.66
213.73,154.56,1313,136.83
202.66,152.49,1326,149.01
192.82,154.3,1310,138.04
188.45,151.76,1375,149.92
174.53,151.17,1401,154.97
163.9,146.4,1484,156.99
152.81,139.17,1474,173.77
142.14,135.2,1520,166.27
132.69,127.95,1474,160.39
126.39,126.3,1521,168.33
115.44,121.7,1453,156.52
112.29,122.72,1424,151.3
113.01,123.1,1423,144.99
116.16,133.3,1396,145.8
113.39,138.45,1404,148.97
109.92,146.16,1363,145.41
108.43,148.36,1392,154.02
109.39,159.42,1350,143.94
108.08,170.65,1329,138.3
110.12,178.86,1317,140.22
109.74,187.45,1348,140.42
106.97,194.92,1306,137.28
105.05,201.43,1242,132.07
103.99,208.94,1196,130.96
99.779,216.14,1139,121.48
98.265,221.09,1097,119.15
103.63,218.89,987,117.62
103.27,217.52,922,110.24
103.2,219.67,920,115.57
104.53,215.33,875,106.14
106.79,214.93,908,111.7
107.56,214.09,983,113.62
106.61,212.27,1038,114.55
103.84,211.47,1125,123.26
101.6,212.29,1177,125.19
103.09,212.68,1142,121.11
106.37,213.93,1158,124.26
100.98,217.21,1054,119.19
103.32,220.3,920,109.84
101.36,224.62,726,99.102
98.393,225.88,682,94.521
97.189,226.09,736,97.398
97.375,226.32,737,98.887
100.94,228.31,680,93.412
100.55,225.57,706,101.04
94.452,226.95,684,97.159
97.945,227.66,681,97.018
99.685,225.79,736,102.15
100.67,226.48,740,103.86
97.718,227.67,799,104.83
99.808,227.92,768,98.796
99.123,226.79,778,100.59
98.46,226.76,799,103.52
97.368,227.89,803,104.46
94.72,222.17,936,110.7
95.875,227.36,1041,118.33
101.15,226.49,996,115.15
103.43,218.37,1000,120.25
106.56,216.02,923,112.89
107.93,207.57,728,97.258
111.55,208.64,696,94.826
113.94,205.42,687,93.379
110.98,204.08,793,101.53
111.7,205.24,969,118.12
104.35,203.59,1192,132.04
106.03,192.59,1260,130.61
104.4,179.33,1231,131.54
101.29,168.1,1238,129.78
98.877,162.05,1283,136.97
97.969,158,1193,137.97
102.64,148.09,1167,136.16
110.41,136.31,1298,146.85
110.27,126.59,1334,147.54
109.93,113.46,1301,135.94
104.49,109.85,1149,129.15
104.64,106.66,1111,124.37
106.74,110.16,1046,118.91
107.74,114.88,1071,118.55
108.19,116.76,1021,114.05
109.43,116.21,1034,115.39
113.08,118.52,1143,124.02
114.47,117.04,1213,127.54
113.47,117.39,1234,134.12
111.27,118.16,1177,127.19
115.98,121.02,1299,147.19
130.64,132.52,1413,153.93
137.54,142.46,1359,145.56
139.81,151.78,1284,136.38
143.55,154.9,1311,147.04
143.94,157.72,1459,170
157.42,155.01,1457,172.56
175.52,154.77,1448,160.24
193.13,157.79,1396,152.17
205.68,164.67,1447,162.42
217.16,173.03,1431,144.69
225.78,187.21,1326,140.59
232.14,198.74,1316,142.41
233.19,206.46,1318,149.29
244.52,206,1304,169.01
249.67,211.42,1380,159.81
251.18,223.32,1316,155.25
259.54,235.06,1374,167.56
270.89,246.19,1308,146.28
286.09,250.26,1312,161.35
284.87,259.14,1341,165.22
283.83,253.62,1240,160.13
293.49,264.54,1166,151.09
295.99,275,1150,139.01
300.91,278.34,1244,145.03
289.99,274.91,1483,144.47
283.84,277.59,1490,151.71
285.31,274.29,1491,148.57
287.25,269.44,1414,140.2
286.52,262.99,1431,140.62
279.46,251.82,1491,149.94
270.28,238.81,1507,146.66
263.17,224.37,1494,146.82
262.51,208.28,1481,146.5
262.53,195.26,1513,148.37
259.15,194.8,1424,141.42
255.08,185.57,1477,145.48
252.27,176.96,1496,149.19
246.64,174.93,1686,170.32
232.62,163.93,1678,161.26
224.59,152.68,1596,153.24
216.76,152.67,1554,153.77
214.04,151.09,1477,144.63
210.49,145.86,1410,140.08
209.99,147.56,1447,144.9
215.22,149.66,1365,141.64
218.99,146.53,1334,137.6
226.65,148.42,1361,138.57
231.98,151.38,1363,139.06
237.79,153.52,1330,143.77
242.11,159.54,1242,134.91
240.48,156.78,1103,127.47
236.53,147.35,1149,126.59
240.44,154.08,1229,129.73
246.19,156.18,1082,123.88
246.97,160.51,1034,119.8
242.86,165.57,1060,122.24
240.69,161.17,1091,128.2
235.65,150.02,881,110.96
231.89,140.18,845,117.81
232.72,142.3,830,113.06
230.15,145.27,890,123.15
230.76,145.49,1016,122.88
235.96,151.26,1251,139.07
238.01,156.72,1313,140.39
233.89,154.21,1425,147.14
220.47,146.3,1425,143.3
206.08,140.77,1547,152.34
193.62,144.65,1582,159.14
175.43,147.13,1557,156.97
166.65,152.53,1673,161.41
160.71,150.36,1731,176.81
149.74,147.7,1791,187.24
149.49,151.72,1830,178.28
143.72,156.15,1840,196.36
139.51,152.96,1689,191.57
144.26,152.59,1470,165.25
145.88,137.48,1247,152.73
140.44,128.92,1165,136.17
135.51,115.68,1186,137.8
127.82,106.17,1383,165.43
122.85,99.89,1390,153.26
125.73,105.33,1106,126.01
124.73,112.06,1133,135.02
126.34,114.3,1132,151.59
132.22,114.31,1178,130.13
137.68,116.31,1219,135.61
130.94,118.58,1164,126.95
128.72,121.45,1196,128.81
120.97,119.88,1277,140.46
117.06,124.92,1472,148.99
116.34,135.74,1666,168.03
126.31,149.06,1760,181.56
139.28,155.2,1697,174.83
146.65,151.7,1625,167.65
149.47,161.98,1740,179.91
159.52,166.96,1715,171.3
175.13,170.96,1772,188.23
186.95,175.6,1782,178.77
199.39,185.29,1712,175.81
210.49,195.73,1755,177.76
214.5,207.46,1731,170.1
217.72,216.65,1590,162.82
220.11,222.34,1648,178.99
211.3,216.68,1549,167.63
208.28,206.61,1763,198.58
201.09,192.52,1679,185.65
194.77,178.4,1619,172.43
193.26,173.55,1646,163.1
181.41,167.88,1522,147.88
176.78,157.55,1565,149.85
168.99,149.02,1582,149.63
163.13,146.77,1591,152.29
153.47,139.73,1649,167.05
143.44,127.68,1624,161.83
142.32,118.95,1637,158.17
136.98,117.02,1479,151.99
131.79,106.08,1464,153.74
127.71,98.826,1441,151.29
124.57,94.422,1443,151.79
132.25,94.555,1337,138.72
132.74,90.075,1193,135.36
135.75,87.092,1113,136.76
134.72,88.397,1178,129.73
128.41,86.695,1265,134.08
129.59,83.598,1295,137.23
123.15,85.724,1372,143.7
112.71,88.608,1515,158.56
104.76,97.981,1447,155.12
102.41,114.54,1535,162.46
106.15,130.54,1739,202.74
102.26,133.27,1699,179.78
91.166,126.15,1720,174.48
78.871,114.67,1975,229.37
64.322,107.26,1728,168.38
55.56,94.186,1759,167.37
53.375,79.409,1826,192.01
56.366,73.7,1936,184.32
45.917,66.451,1841,180.72
44.567,57.654,1829,188.78
37.758,46.034,1891,197.92
29.161,34.662,1938,200.89
23.267,23.665,1858,192.6
16.47,10.471,1879,203.79
12.528,13.332,1836,195.99
21.826,19.731,1777,193.32
15.517,17.039,1580,171.58
9.1233,8.9387,1302,138.43
-2.7209,10.94,1277,142.86
-12.389,12.484,1271,151.03
-11.106,-0.95614,1262,134.49
-15.399,-12.375,1400,157.64
-20.465,-19.053,1387,151.93
-11.705,-20.788,1488,149.82
-16.807,-11.066,1473,169.38
-16.174,3.1641,1486,157.24
-18.05,-0.8068,1422,160.09
-24.602,-13.429,1463,150.48
-27.024,-12.165,1469,145.69
-32.527,-15.856,1468,151.39
-35.673,-17.073,1496,153.39
-33.215,-16.736,1500,160.89
-32.118,-21.735,1459,143.79
-31.713,-22.381,1447,144.1
-36.199,-19.249,1433,155.73
-32.25,-20.28,1273,139.34
-36.004,-17.101,1316,152.44
-41.217,-21.199,1259,144.17
-37.197,-15.602,1207,142.91
-33.197,-16.186,1182,138.13
-28.213,-17.154,1293,162.12
-24.155,-19.249,1209,132.38
-21.399,-20.442,1191,134.99
-18.315,-13.825,1314,159.09
-16.565,-8.3194,1374,144.85
-14.802,-3.1827,1255,144.22
-14.996,-2.0993,1376,139.06
-7.1338,-2.8011,1479,154.1
-1.377,-1.5705,1548,150.62
6.4414,-4.5567,1472,156.41
7.9712,-5.1351,1483,148.01
4.1296,-2.3538,1398,140.41
5.104,-3.1707,1484,154.91
9.3854,-3.0132,1491,148.2
13.147,-5.3615,1501,156.68
9.427,1.9767,1499,153.88
10.698,-5.6757,1455,151.74
10.192,-10.497,1401,158.17
10.754,-9.1828,1319,155.7
9.6715,-5.0335,1280,150.03
7.1531,-1.0171,1219,133.65
10.274,1.2463,1299,139.53
11.474,0.38614,1238,138.26
13.672,1.5015,1448,149.96
11.401,10.586,1485,161.32
11.201,7.7673,1499,178.75
0.86425,15.833,1496,157.5
-2.6166,13.61,1485,169.71
-6.168,22.03,1583,154.16
-10.076,16.596,1406,146.28
-7.0408,15.336,1508,161.33
-2.791,16.638,1460,148.88
-1.6514,22.069,1404,145.63
0.24195,23.23,1403,140.69
0.79676,28.633,1520,149.25
-0.58797,37.087,1720,188.2
0.46455,51.603,1688,171.09
3.9744,66.762,1752,170.9
8.486,75.722,1779,181.5
-1.3554,80.315,1730,175.25
-3.9577,86.059,1718,174.24
-5.1217,99.628,1561,163.68
-3.4671,108.87,1479,152.36
3.4649,116.95,1341,147.89
4.0169,125.5,1410,152.93
-1.3806,120.04,1367,143.74
-0.63241,119.97,1302,143.12
-0.91755,116.91,1222,142.59
-1.1688,116.82,1139,141.49
-3.2608,116.62,1269,147.63
-5.3652,112.06,1171,131.36
-5.2339,111.56,1273,137.65
-11.939,105.53,1408,140.29
-7.605,110.42,1450,144.5
-12.441,107.39,1528,156.48
-10.513,110.87,1557,158.77
-12.506,111.95,1558,156.99
-15.782,105.44,1514,150.96
-13.416,109.73,1538,146.99
-12.908,108.74,1599,166.72
-13.561,105.61,1508,145.27
-13.707,108.76,1580,157.45
-17.013,104.28,1546,146.92
-17.442,102.02,1547,155.34
-19.977,99.623,1533,149.72
-15.753,103.58,1521,148.85
-22.055,101.92,1548,154.36
-19.114,99.269,1495,146.97
-18.882,102.64,1459,146.68
-17.842,102.93,1391,138.45
-12.088,109.18,1355,145.66
-15.761,108.92,1426,145.71
-20.044,105.59,1412,150.67
-21.449,100.27,1468,153.55
-16.652,108.61,1436,148.86
-17.925,103.62,1374,146.96
-12.963,102.47,1302,139.94
-18.491,104.95,1204,132.45
-22.689,100.24,1211,140.73
-18.896,104.09,1335,132.15
-26.498,111.42,1270,135.23
-21.952,111.44,1148,135.61
-22.789,115.35,986,127.35
-21.914,114.23,958,125.7
-30.129,108.89,1009,120.83
-26.08,108.26,1051,139.9
-28.866,100.02,1048,169.94
-34.687,94.594,807,149.91
-30.67,96.88,851,132.31
-32.479,99.816,920,115.15
-31.14,99.856,884,141.13
-33.727,99.32,964,114.88
-28.774,100.73,972,156.92
-23.204,97.992,1035,154.16
-23.99,97.384,1183,144.9
-22.624,93.091,1212,132.94
-33.494,97.894,1217,136.34
-33.36,93.975,1034,130.64
-34.772,102.45,1228,136.94
-34.099,91.736,1360,141.79
-25.507,84.656,1371,148.1
-32.733,93.295,1386,149.29
-35.308,92.531,1209,139.53
-35.952,88.56,1150,146.61
-36.604,84.408,1145,126.91
-37.228,81.001,1251,142.96
-38.17,76.084,1149,134.96
-37.794,77.662,999,129.44
-39.442,75.361,934,133.47
-40.605,75.811,810,121.24
-42.246,78.434,846,114.96
-38.565,80.728,796,115.4
-38.34,79.94,819,126.91
-35.293,89.287,938,122.53
-25.811,98.651,1087,133.57
-17.242,103.31,1312,143.57
-12.344,112.26,1655,174.13
0.19793,121.65,1735,188.18
8.3086,126.85,1731,174.25
11.091,122.47,1810,182.02
21.674,128.29,1736,182.14
29.522,128.54,1825,196.84
33.953,123.85,1969,211.83
43.307,115.74,1960,203.87
46.357,108.15,1937,207.38
44.756,94.806,2021,223.15
39.027,88.804,1969,215.1
37.383,73.015,2016,237.62
52.962,75.134,2030,205.91
56.679,61.642,1959,211.53
54.477,45.659,1773,172.98
58.163,54.773,1937,239.32
58.563,58.858,1867,215.97
61.157,42.265,1676,161.94
58.462,37.582,1782,173.12
54.564,44.529,1715,186.63
60.269,37.07,1557,156.25
62.026,36.327,1586,159.03
67.085,34.786,1443,143.07
63.902,32.331,1290,134.82
64.804,31.07,1164,127.32
65.664,33.897,1350,141.03
65.629,43.246,1574,158.01
68.758,39.291,1457,150.44
69.225,35.427,1455,144.6
71.933,31.311,1272,130.71
73.716,23.128,1115,123.24
75.906,25.804,1227,133.56
72.842,30.376,1211,136.53
78.549,32.174,1055,124.76
72.029,40.704,1116,124.52
76.891,39.413,1159,130.98
80.951,38.903,1131,138.34
87.464,36.469,1357,139.3
91.434,31.683,1499,152.16
85.679,37.841,1628,174.72
79.084,29.251,1707,190.16
63.425,20.762,1594,167.39
68.58,22.283,1631,175.22
83.451,29.428,1466,157.16
87.528,31.814,1149,139.91
76.566,23.232,1146,133.81
63.92,16.91,1197,131.21
70.847,26.604,1104,141.83
73.28,31.724,1105,153.53
69.511,26.68,1087,132.61
62.477,15.718,1098,131.8
66.474,15.975,1067,131.11
66.124,13.988,1033,121.56
62.12,14.484,1352,146.4
60.059,17.513,1435,140.17
62.551,21.768,1399,145.53
61.508,21.486,1471,144.93
43.747,19.252,1583,157.75
30.243,13.304,1885,215.8
7.961,12.985,1884,189.01
3.7638,7.1883,2030,209.9
10.184,-6.4131,1846,177.36
-2.0892,-15.774,1923,191.83
-4.8475,-22.389,1896,206.23
-3.9372,-19.987,1900,192.59
-9.6464,-35.972,1771,172.1
-10.767,-30.361,1926,203.26
-14.466,-29.139,1784,185.43
-11.947,-35.598,1508,152.94
-8.6932,-43.414,1569,154.15
-12.089,-44.254,1426,152.66
-12.593,-48.434,1386,141.26
-12.32,-46.209,1442,150.68
-8.1922,-39.451,1523,159.99
0.66121,-29.061,1569,163.62
5.1052,-26.096,1471,164.3
9.0883,-24.981,1267,141.04
9.4446,-24.389,1039,122.51
9.0537,-24.5,895,114.25
7.6197,-18.757,901,114.81
5.2529,-21.29,947,114.87
7.555,-24.661,1162,128.27
7.2354,-36.69,1121,130.95
8.5999,-43.278,1323,140.23
10.607,-44.433,1461,161.93
8.6759,-51.872,1271,139.46
5.2682,-49.422,1145,134.5
2.8654,-57.055,1106,138.55
7.7064,-55.643,1153,131.39
8.6027,-54.725,1208,139.95
8.4375,-59.54,1207,139.32
9.4887,-60.057,1196,131.58
-6.5291,-59.412,1405,147.2
-8.763,-57.651,1535,167.84
-14.436,-49.289,1496,172.8
-23.051,-30.858,1644,171.15
-36.315,-18.329,1704,166.8
-37.822,-18.89,1738,178.95
-46.267,-14.698,1632,163.06
-34.111,-20.847,1595,170.76
-34.206,-24.689,1552,172.47
-37.79,-21.032,1274,142.1
-43.279,-17.348,1029,132.11
-45.633,-21.706,994,120.74
-43.911,-20.232,1039,130.77
-35.985,-17.723,1003,124.62
-40.011,-8.9777,962,118.66
-42.811,-15.973,900,120.86
-43.191,-22.096,1215,141.33
-43.203,-20.263,1208,140.52
-40.907,-32.214,1186,131.07
-42.348,-34.488,1271,147.86
-45.875,-39.862,1183,132.15
-51.772,-36.962,994,136.67
-55.953,-33.418,903,123.52
-55.178,-27.639,870,115.43
-55.872,-28.947,972,120.82
-51.781,-27.753,798,110.31
-50.716,-24.253,882,111.16
-44.724,-27.672,968,128.43
-40.295,-32.598,1071,127.41
-41.815,-33.928,1150,128.61
-40.797,-37.414,1342,158.74
-49.347,-33.571,1284,139.45
-40.562,-46.383,1200,140.93
-43.352,-44.678,1198,142.39
-32.573,-46.423,1441,150.77
-22.646,-59.716,1354,142.19
-23.807,-67.202,1403,154.15
-29.137,-74.476,1329,140.66
-29.269,-78.782,1219,142.61
-31.868,-79.622,1134,149.88
-37.837,-89.049,919,125.38
-40.477,-86.79,1041,127.73
-39.033,-87.288,737,121.03
-33.598,-90.774,760,117.46
-30.086,-89.413,686,111.17
-25.716,-86.168,670,104.38
-22.345,-86.103,692,113.16
-20.23,-89.201,777,116.58
-17.692,-93.604,909,152.11
-13.432,-95.117,919,126.1
-13.378,-98.244,892,117.81
-13.152,-100.23,873,129.15
-14.923,-101.1,906,141.93
-19.135,-99.572,914,127.62
-18.813,-87.777,838,142.19
-18.79,-67.65,909,133.13
-16.771,-51.504,1024,137.29
-9.3245,-39.716,1307,152.27
-6.8319,-25.734,1541,166.2
-23.66,-21.384,1553,178.31
-18.816,-10.649,1513,166.26
-17.491,-6.319,1662,188.8
-28.836,-12.096,1809,202.31
-35.565,-15.059,1836,181.08
-40.023,-25.158,1733,171.44
-38.945,-28.232,1889,198
-28.908,-34.79,1855,185.87
-23.699,-40.578,1636,164.85
-26.202,-55.455,1530,156.13
-25.081,-60.466,1674,163.9
-23.698,-60.986,1696,190.27
-21.388,-65.001,1633,187.89
-17.294,-64.822,1426,150.44
-5.0865,-67.232,1479,149.88
8.0252,-67.911,1488,157.8
15.969,-65.998,1359,145.93
15.283,-73.315,1334,144.06
9.4135,-81.601,1300,141.59
9.7323,-86.884,1273,145.54
9.7653,-90.553,1390,154.61
10.422,-93.397,1376,170.67
8.0627,-100.03,1166,140.45
10.782,-101.07,865,130.33
8.4417,-104.98,752,136.7
9.1896,-103.59,777,123.08
8.4798,-101.28,732,116.06
8.5827,-99.99,780,114.48
5.6384,-99.849,764,114.85
5.6933,-97.075,730,113.81
3.6202,-91.992,839,132.06
2.6399,-91.221,762,124.45
-3.8151,-85.24,753,112
-4.6592,-82.508,755,104.59
-5.1159,-83.773,915,118.75
-7.5743,-79.108,1083,135.16
-7.7089,-72.236,1177,131.75
-10.814,-83.436,1373,155.7
-5.6342,-82.045,1599,173.49
-7.2519,-66.386,1630,173.14
0.76848,-56.207,1681,173.43
12.971,-48.418,1604,164.4
8.3149,-49.226,1623,165.6
20.428,-48.686,1580,154.04
19.249,-45.689,1708,182.56
18.367,-31.168,1758,189
15.022,-16.49,1698,181.27
20.528,6.5012,1807,187.73
29.622,26.487,1880,198.5
28.19,47.918,1938,206.41
21.472,69.021,2029,221.42
7.5766,81.025,1998,215.34
-2.7526,96.216,2102,228.91
-6.4344,95.664,2029,205.79
-12.62,99.967,1999,231.3
-14.675,107.79,1929,212.99
-28.974,109.59,1814,196.03
-30.26,102.93,1944,210.96
-34.516,93.369,1831,192.45
-41.008,81.189,1649,167.11
-34.82,79.533,1730,174.91
-39.14,74.894,1676,164.69
-46.359,75.297,1620,163.94
-47.59,81.061,1536,171.4
-42.011,73.454,1580,163.08
-38.279,69.417,1598,159.32
-44.093,68.97,1520,147.47
-50.006,67.418,1446,149.96
-46.921,57.179,1392,152.66
-51.903,58.529,1365,149.54
-52.566,63.188,1365,144.8
-62.283,62.805,1495,151.53
-62.963,63.579,1477,163.25
-60.356,55.042,1306,142.61
-64.698,56.067,1186,140.4
-69.003,51.984,983,119.49
-74.703,46.074,779,102.9
-76.416,42.086,707,103.44
-76.452,41.742,678,100.6
-74.163,40.671,799,106.48
-73.13,38.15,912,111.85
-69.04,44.854,1112,133.03
-71.26,51.108,1215,139.58
-72.972,41.907,1051,125.71
-75.293,29.445,769,113.29
-76.476,35.474,681,101.88
-77.711,38.765,598,94.453
-74.267,42.111,747,105.46
-72.173,37.977,796,107.85
-71.887,40.87,890,116.21
-70.381,52.005,820,105.52
-65.599,53.55,873,116.53
-65.194,57.795,955,124.62
-65.754,60.385,1230,139.34
-60.811,61.732,1217,139.86
-58.157,62.704,1342,143.77
-50.021,67.568,1495,169.36
-37.884,76.457,1586,163.24
-33.603,83.833,1503,152.96
-31.144,100.9,1522,154.17
-13.693,111.78,1531,154.79
1.0026,119.91,1606,159.46
15.403,122.1,1715,171.71
37.248,120.4,1969,243.71
43.498,123.2,2069,244.62
59.972,118.94,2077,232.08
59.336,119.65,2119,240.41
54.673,104.89,2038,225.59
52.885,82.897,2083,240.91
61.637,64.214,1982,222.36
72.216,49.95,1893,196.84
67.696,46.463,2041,204.08
79.693,31.697,1971,189.99
83.395,26.793,2045,211.88
75.576,19.573,1889,203.23
65.929,12.754,1710,179.24
71.298,18.996,1864,212.06
84.633,25.546,1595,167.28
90.22,25.178,1671,171.11
99.877,30.536,1577,174.71
92.463,21.644,1759,201.18
85.216,10.681,1916,215.61
91.781,9.9703,1827,212.13
94.301,6.4577,1820,208.78
94.955,0.76524,1789,198.98
101.95,-3.2625,1553,166.98
104.14,-7.3674,1454,150.24
103.09,-1.7124,1269,159.93
105.24,-4.5439,1089,124.95
103.45,-7.036,999,122.7
105.42,-3.0155,815,118.4
105.18,0.5827,855,121.3
108.76,-3.8986,765,107.59
106.82,-0.82061,829,116.74
107.51,-1.251,870,110.51
106.91,-4.6685,820,107.51
106.69,-8.2062,807,106.07
107.12,-9.5203,764,111.93
110.34,-8.251,772,111.45
107.45,-13.3,659,97.092
108.07,-18.116,613,92.535
113.15,-16.093,645,99.739
118.03,-11.747,661,114.83
121.3,-12.129,684,109.71
122.45,-11.99,758,125.84
119.64,-13.967,791,124.89
116.29,-11.16,706,114.12
114.03,-13.057,764,112.91
111.39,-12.684,758,114.21
101.3,-15.102,833,109.65
102.67,-11.676,903,113.33
106.14,-9.8009,845,115.1
110.81,-4.5332,858,106.76
112.27,4.1707,885,117.36
109.11,17.107,947,125.51
98.853,34.693,1026,135.73
92.139,38.826,1414,166.43
82.437,37.346,1600,185.23
79.733,35.88,1828,215.82
67.211,47.735,1784,195.37
53.722,42.768,1762,183.55
56.938,37.442,1963,219
55.097,19.28,1925,205.32
64.632,12.883,1898,203.13
52.717,7.1012,1790,189.23
51.52,-0.19707,1637,171.41
43.626,-4.8089,1790,204.59
36.509,-16.456,1709,182.42
34.654,-28.375,1776,190.51
34.539,-41.464,1728,185.39
27.678,-55.439,1745,193.63
31.217,-59.437,1616,169.6
27.648,-50.396,1614,171.57
29.94,-64.194,1551,167.44
23.251,-79.483,1531,163.05
15.449,-96.228,1634,168.12
13.316,-108.26,1499,158.04
13.143,-117.93,1526,159.3
10.236,-124.62,1504,155.39
9.252,-130.51,1383,148.45
7.1943,-137.29,1245,143.72
1.9346,-140.39,1295,137.39
1.3357,-148.43,1248,141.29
-3.2968,-153.9,1476,168.21
-7.9563,-159.76,1369,172.2
-8.7585,-157.52,1184,172.43
-12.218,-161.84,846,121.89
-13.996,-160.94,923,126.15
-12.428,-155.1,869,117.37
-4.7611,-148.41,896,127.61
-5.9508,-141.68,927,124.99
-5.7172,-150.31,980,132.09
-10.854,-156.24,1008,124.75
-16.213,-159.4,1051,132.18
-20.578,-157.79,1063,124.93
-14.716,-157.06,980,132.63
-13.672,-155.66,1213,139.68
-4.2017,-144.73,1137,135.61
3.3323,-143.08,1073,132.15
-2.505,-138.63,1159,134.43
-3.9078,-129.46,1336,174.15
-2.666,-135.19,1336,160.64
-3.3545,-146.69,1416,154.57
-13.086,-155.75,1503,156.37
-14.475,-155.96,1566,157.89
-12.75,-157.49,1443,148.73
-12.451,-150.06,1509,162
-9.1564,-151.06,1345,154.53
-21.431,-155.67,1268,142.5
-32.229,-153.98,1085,127.25
-39.202,-152.69,1017,133.27
-43.557,-152.92,1114,137
-53.412,-162.25,1027,120.69
-59.388,-169.2,938,131.75
-63.013,-169.33,983,138.51
-66.349,-171.13,1008,135.04
-73.233,-179.96,898,117.71
-76.109,-189.34,695,110.87
-79.32,-185.51,503,93.594
-91.921,-189.6,673,111.48
-87.784,-191.87,877,118.36
-92.121,-191.28,872,123.12
-98.228,-190.59,749,122.79
-96.353,-190.31,725,124.12
-99.673,-189.12,783,108.84
-99.491,-195.89,816,110.52
-97.192,-187.42,1009,125.78
-103.16,-191.04,914,118.26
-108.96,-189.79,630,95.256
-114.88,-187.76,1227,182.78
-115.45,-184.34,1317,189.97
-122.61,-181.25,1126,142.31
-122.48,-182.99,1138,147.73
-119.87,-177.42,1168,171.38
-122.25,-180.61,1079,149.92
-118.56,-178.84,1397,169.27
-122.61,-185.34,1075,132.19
-128.56,-185.2,890,126.74
-127.89,-182.67,861,120.82
-118.48,-177.9,1284,186.01
-118.96,-182.59,1176,164.4
-126.13,-189.33,907,115.79
-127.67,-184.35,770,121.22
-121.77,-181.08,1126,160.62
-121.87,-182.13,1167,158.9
-118.85,-185.88,1277,152.79
-121.49,-184.13,1244,142.34
-125.21,-187.75,926,116.78
-123.55,-186.98,973,125.42
-117.93,-181.47,1245,172.4
-118.68,-178.83,1278,197.18
-120.48,-184.14,1065,169.39
-119.61,-183.89,1067,158.06
-122.36,-184.66,1054,142.16
-127,-184.78,947,134.95
-119.02,-181.93,1442,180.46
-116.2,-189.27,1453,177.89
-122.95,-192.34,1129,130.86
-125.13,-189.26,993,119.51
-120.88,-181.87,1197,162.59
-117.09,-184.67,1284,179.1
-122.74,-190.64,1096,134.5
-123.34,-188.65,1105,134.02
-122.11,-189.64,1183,138.39
-122.41,-187.26,1151,139.67
-121.29,-182.98,1239,165.15
-120.2,-183.91,1272,157.39
-121.06,-186.66,1249,163.87
-121.01,-190.93,1211,136.87
-123.11,-190.6,1126,127.09
-124.15,-188.38,1133,129.75
-121.15,-186.55,1106,142.07
-119.03,-181.55,1147,167.51
-115.55,-175.94,1305,200.27
-110.98,-181.57,1466,206.39
-103.89,-186.12,1700,225.95
-91.496,-184.5,2064,277.42
-75.616,-180.38,1552,191.64
-63.895,-175.94,1535,173.89
-51.258,-169.66,1586,179.37
-33.467,-160.79,1547,178.45
-21.665,-155.38,1677,208.44
-0.018724,-150.48,1730,202.3
11.36,-154.93,1667,172.81
15.755,-155.79,1689,193.59
22.794,-145.78,1656,200.43
32.156,-133.24,1478,174.3
38.108,-132.94,1390,168.02
43.471,-127.14,1249,154.11
52.296,-125.77,1108,149.5
57.127,-126.76,1009,154.38
59.073,-133.16,894,125.84
58.37,-133.14,951,141.88
59.914,-133.25,908,146.94
67.384,-138.05,832,113.17
72.986,-137.91,870,116.51
70.359,-142.01,898,110.59
69.331,-144.29,808,117.43
69.393,-146.99,653,105.72
67.389,-148.14,752,104.62
62.66,-147.77,788,107.89
60.914,-146.85,751,102.76
63.796,-147.93,661,101.35
68.227,-145.19,670,98.912
69.103,-145.58,687,96.472
67.101,-141.51,851,109.51
66.304,-138.31,838,116.54
69.316,-135.48,739,114.68
70.369,-137.52,657,109.48
69.018,-140.55,656,98.812
69.141,-143.95,622,90.244
67.201,-143.74,723,98.548
65.819,-143.36,870,107.03
64.569,-142.83,940,120.43
64.59,-142.7,942,114.24
61.615,-136.92,1155,140.16
52.614,-135.24,1228,172.47
42.061,-132.07,1305,201.36
30.405,-123.59,1555,220.16
22.186,-109.62,1651,205.35
12.666,-95.495,1722,213.38
8.0035,-79.951,1766,199.56
2.0233,-59.905,1816,216.4
4.6491,-42.547,1890,228.81
9.9708,-22.59,1852,201.75
7.6894,-2.4712,1872,224.78
9.28,22.325,1916,241.15
8.721,41.434,1764,210.66
6.418,53.728,1441,193.18
5.6259,65.191,920,129.69
-2.4895,84.188,1950,224.11
1.8124,92.85,1911,228.13
-0.40151,102.44,1767,198.95
1.5981,111.48,1807,215.8
-0.14988,117.64,1700,194.67
16.198,115.34,1645,179.6
37.93,111.01,1678,177.26
60.452,109.4,1796,197.94
69.34,102.76,2022,230.5
83.078,100.79,2067,221.13
96.475,89.309,1801,214.26
111.02,99.486,1966,243.43
119.76,113.28,1833,206.04
136.21,133.56,1823,202.83
129.53,153.98,1803,203.96
126.05,176.43,1767,192.86
123.96,199.92,1720,171.59
130.75,197.59,1717,174.58
137.76,181.38,1750,187.93
128.76,179.98,1685,191.01
136.74,170.98,1709,193.46
140.14,151.62,1611,175.29
146.15,131.94,1615,167.84
161.58,123.38,1767,187.06
167.3,106.88,1695,161.11
158.16,83.888,1692,166.29
146.73,65.455,1726,166.17
145.71,62.621,1727,189.38
152.18,55.13,1525,153.03
151.34,47.275,1518,152
153.82,36.086,1470,150.72
150.17,27.437,1437,150.8
143.37,20.993,1349,152.08
141.58,18.73,1234,133.84
146.46,25.473,1238,130.88
154.19,30.889,1088,125.46
162.37,26.717,1105,127.07
157.5,21.301,1100,129.45
152.05,18.781,1148,132.71
156.68,21.958,1115,126.54
162.32,24.608,975,115.63
157.03,18.688,1007,119.79
162.35,19.65,855,118.81
155.78,21.368,857,109.84
154.77,19.014,1022,121.27
147.49,13.186,1010,125.52
153.39,18.526,1088,126.55
158.97,19.584,936,117.09
159.55,21.843,866,110.82
160.06,17.998,978,116.58
164.76,15.911,1087,123.81
168.18,20.519,1070,125.91
163.98,14.227,1138,129.32
162.84,10.693,1106,126.06
164.38,7.1842,1036,119.42
167.89,4.4254,971,119.5
171.49,0.23037,1007,120.48
178.22,-3.0131,1000,124.89
182.29,-4.5216,958,124.17
183.95,-9.1276,1050,127.11
182.5,-6.6599,1091,129.44
185.33,-8.8584,1049,123.47
181.22,-13.843,916,115.5
179.95,-14.609,927,120.39
185.5,-5.6796,1185,145.54
191.22,-4.9258,1183,137.55
188.97,-10.113,1116,133.41
184.24,-8.4206,822,106.66
185.34,-3.372,838,118.01
185.87,-12.311,744,109.05
183.78,-14.33,693,116.09
185.29,-8.6739,691,121.42
186.96,-11.076,773,129.23
184.27,-6.1104,746,119.67
187.83,-4.2733,825,116.38
187.45,-6.9187,843,108.36
187.21,-8.7619,952,117.61
188.47,-4.2556,985,116.63
189.91,-8.671,1063,129.79
192.93,-19.641,929,122.32
189.32,-21.699,956,115.11
186.32,-27.198,1074,124.1
177.03,-30.783,1328,146.87
177.05,-30.039,1238,134.3
171.37,-21.52,1090,125.14
174.05,-24.324,1068,120.41
175.22,-26.996,1045,119.03
173.19,-29.16,1070,123.12
170.9,-28.718,1157,132.34
169.7,-31.137,1108,124.08
165.39,-26.518,1102,134.51
166.29,-25.844,1200,132.23
171.76,-23.69,1252,131.79
171.03,-21.03,1406,148.74
171.91,-5.8943,1425,155.5
161.54,-4.0578,1573,183.09
155.27,11.331,1698,193.16
137.24,21.036,1689,179.4
124.52,22.117,1947,219.95
113.04,9.5905,1965,211.98
103.23,3.7459,2168,223.05
104.19,2.9306,1989,216
84.149,-6.3849,1871,195.45
80.137,-18.637,1995,220.97
76.746,-28.059,1902,201.62
64.45,-47.642,1794,194.18
64.412,-54.199,1750,225.88
57.628,-67.263,1353,171.97
53.524,-76.578,770,125.09
47.868,-73.665,854,129.64
38.408,-98.895,1644,174.66
41.736,-115.76,1869,256.06
45.634,-122.65,1647,195.17
53.879,-125.86,1581,183.55
64.318,-139.51,1498,158.76
63.683,-144.65,1614,164.63
57.151,-156.24,1667,189.55
41.735,-164.49,1578,171.27
33.257,-164.33,1431,172.61
35.687,-165.62,1302,150.33
47.04,-168.32,1243,141.73
47.538,-170.87,1147,143.15
48.13,-174.66,1146,147.33
49.792,-175.06,1175,133.31
55.439,-181.81,1277,135.86
53.718,-189.66,1232,141.82
54.853,-194.69,1154,127.52
53.647,-196.4,1033,128.7
54.506,-191.23,1100,129.37
49.795,-183.69,918,119.24
50.583,-176.99,979,118.36
47.85,-169.84,800,120.36
50.29,-162.47,899,121.94
53.201,-166.11,1007,126.06
45.327,-158.35,1046,132.99
31.772,-155.45,1172,141.59
19.953,-165.14,1168,146.76
8.5261,-162.34,1305,149.95
-4.1188,-166.35,1668,176.52
-27.452,-170.38,1569,162.22
-45.895,-182.31,1553,167.3
-60.918,-193.25,1420,161.96
-68.137,-193.5,927,130.73
-78.367,-194.83,2116,285.31
-84.98,-191.66,2112,249.58
-91.757,-190.08,1893,221.95
-88.632,-194.92,1729,211.13
-99.324,-197.36,1284,152
-93.841,-194.03,1401,155.26
-97.364,-194.28,1175,132.86
-99.451,-196.19,1061,127.92
-101.69,-196.82,976,134.22
-100.63,-195.85,992,131.65
-100.54,-195.79,999,132.74
-100.56,-196.42,1046,134.95
-99.991,-198.12,1150,136.64
-100.35,-197.5,1111,139.72
-99.57,-197.55,1161,133.07
-98.32,-198.18,1223,135.98
-97.734,-196.25,1206,134.96
-97.81,-196.59,1228,136.21
-96.016,-196.04,1354,144.16
-98.322,-195.5,1213,130.35
-98.453,-195.27,1180,129.74
-98.512,-192.49,1209,139.7
-96.915,-191.55,1238,143.71
-96.094,-191.69,1360,155.51
-95.168,-190.91,1497,172.03
-94.05,-191.14,1553,187.1
-93.632,-190.47,1607,186.99
-94.051,-190.49,1526,181.26
-95,-191.52,1435,162.71
-95.176,-192.16,1406,164.6
-95.276,-192.23,1376,165.25
-95.846,-192.48,1349,158.89
-96.015,-193.57,1343,151.55
-96.367,-194.86,1407,156.36
-96.58,-193.99,1429,163
-96.065,-192.51,1521,159.67
-97.226,-191.07,1498,152.22
-94.71,-194.71,1611,168.65
-93.214,-193.25,1739,175.85
-92.171,-192.49,1777,188.2
-91.41,-191.6,1815,211.74
-90.947,-191.99,1866,198.51
-91.492,-192.58,1779,200.3
-91.958,-192.24,1746,196.13
-92.45,-192.4,1669,206.05
-92.598,-191.57,1646,195.61
-92.89,-191.42,1653,194.9
-92.97,-191.76,1676,190.13
-93.14,-191.5,1718,180.12
-93.772,-192.11,1859,187.68
-93.411,-191.55,1908,197.26
-91.58,-189.51,2011,211.58
-92.207,-192.77,1901,206.82
-91.585,-192.34,2051,204.92
-91.602,-192.03,2106,230.64
-91,-192.04,2147,202.44
-90.535,-192.66,2098,227.79
-90.663,-193.2,2038,216.12
-91.188,-192.72,1908,210.57
-91.553,-192.07,1781,205.84
-91.893,-190.44,1696,187.66
-92.189,-190.94,1681,204.77
-92.245,-190.76,1644,186.71
-92.106,-189.69,1599,194.37
-92.487,-189.64,1621,181.27
-92.189,-188.72,1806,193.94
-90.771,-185.98,1989,214.51
-89.977,-185.87,1949,251.7
-89.86,-189.03,1912,202.3
-91.349,-190.13,2117,206.17
-90.023,-189.35,2065,212.66
-89.663,-189.62,2145,217.95
-89.061,-189.28,2160,220.27
-89.635,-190.28,2100,224.83
-90.426,-190.53,2038,223.33
-90.769,-191.18,1944,216.22
-91.39,-190.94,1918,218.7
-91.99,-191.68,1877,220.26
-92.333,-192.23,1825,211.34
-93.089,-191.19,1771,199.6
-93.787,-190.95,1816,200.13
-93.357,-190.49,1891,228.8
-92.592,-191.57,2006,202.42
-90.332,-192.18,2174,232.24
-88.888,-192.08,2352,223.69
-90.022,-192.18,2220,257.32
-89.497,-191.96,2223,248.15
-88.76,-191.56,2281,262.81
-89.468,-192.46,2332,223.89
-89.569,-192.62,2272,221.34
-89.813,-191.49,2166,232.76
-89.768,-189.92,2060,225.46
-91.227,-191.78,2095,215.27
-92.549,-191.92,2039,211.18
-93.4,-192.8,1988,192.21
-93.798,-193.29,2022,187.43
-94.707,-194.5,2059,224.08
-94.976,-195.83,2141,238.08
-94.137,-197.7,2251,222.39
-91.161,-196.65,2243,226.22
-90.11,-193.39,2386,231.79
-89.733,-195.21,2331,236.5
-90.178,-194.65,2301,236.29
-89.548,-194.68,2457,232.55
-89.562,-194.63,2460,228.7
-89.444,-194.85,2409,233.35
-89.112,-193.88,2310,220.39
-88.91,-193.32,2256,231.45
-88.621,-193.15,2226,230.45
-88.937,-193.57,2244,224.19
-89.146,-195.31,2238,223.15
-89.373,-194.92,2270,214.37
-89.432,-195.38,2348,229.92
-89.236,-197.41,2434,228.4
-89.524,-199.76,2434,245.76
-89.568,-200.08,2340,242.53
-91.109,-199.15,2293,215.07
-92.05,-199.25,2377,212.12
-92.444,-197.85,2290,231.08
-89.326,-198.68,2318,220.17
-90.085,-199.62,2266,211.42
-89.768,-199.5,2371,227.32
-88.734,-199.13,2395,231.43
-88.322,-199.45,2376,229.27
-88.289,-199.9,2312,235.6
-87.877,-198.52,2229,254.13
-87.619,-198.41,2187,259.44
-88.058,-198.88,2228,233.41
-88.686,-199.62,2209,229.52
-89.505,-199.65,2227,224.19
-89.842,-200.01,2191,223.6
-90.441,-200.37,2168,226.89
-91.374,-201.92,2391,238.49
-90.702,-200.22,2403,262.61
-90.122,-198.89,2407,240.91
-88.613,-195.87,2392,239.41
-85.244,-196.68,2367,242
-82.22,-198.31,2406,251.66
-85.946,-201.26,2340,253.35
-90.111,-202.11,2255,237.64
-91.297,-204.15,2210,225.03
-93.393,-202.9,2222,214.42
-94.192,-201.3,2011,208.91
-93.563,-201.53,2063,197.57
-94.548,-201.05,1860,179.4
-96.409,-203.46,1761,174.84
-95.936,-200.16,1639,165.9
-95.107,-196.86,1649,180.56
-96.985,-196.46,1485,177.91
-98.27,-195.76,1462,173.73
-98.942,-196.13,1568,177.92
-98.364,-197.22,1640,193.88
-98.83,-196.96,1602,193.27
-99.185,-197.02,1538,191.88
-99.528,-197.27,1450,198.36
-99.88,-197.05,1368,202.27
-100.52,-196.99,1319,218.57
-100.72,-197.37,1329,208.52
-100.61,-197.78,1336,189.82
-100.32,-198.78,1317,184.8
-99.928,-200.2,1346,186.91
-99.568,-199.63,1507,193.01
-100.97,-199.04,1503,203.89
-102.86,-196.99,1395,186.88
-103.33,-194.41,1289,173.29
-101.25,-196.41,1412,165.56
-99.289,-201.96,1564,169.9
-98.678,-206.79,1707,179.46
-99.533,-204.26,1513,160.47
-100.32,-204.56,1461,165.6
-101.27,-205.1,1413,174.27
-100.99,-206.13,1446,178.83
-100.87,-205.95,1439,178.16
-101.41,-204.97,1356,194.09
-101.55,-204.61,1317,185.75
-101.9,-204.85,1254,183.28
-101.94,-204.11,1206,189.9
-102.16,-203.37,1167,189.97
-102.41,-201.92,1121,192.09
-102.86,-200.56,1037,175.1
-103.03,-200.16,1003,214.83
-103.22,-200.92,995,177.95
-103.41,-202.55,1035,174.91
-103.16,-204.51,1169,177.36
-102.45,-205.68,1295,183.47
-102.04,-207.67,1387,182.1
-102.45,-207.68,1353,185.48
-103.1,-204.46,1136,168.36
-102.83,-200.93,1069,147.48
-102.37,-201.46,1146,148.9
-101.22,-202.5,1288,153.25
-99.546,-202.85,1484,160.22
-95.719,-203.96,1692,172.52
-92.496,-204.08,1808,200.76
-89.937,-203.73,1977,219.04
-87.266,-201.73,2125,244.86
-86.318,-197.47,2066,229.71
-87.629,-194.83,2124,237.54
-85.57,-190.44,2233,267.29
-84.206,-183.9,2302,262.03
-82.987,-177.58,2439,289.6
-83.039,-169.93,2383,295.6
-80.158,-162.2,2576,321.73
-84.097,-149.52,2875,403.17
-85.576,-147.06,2811,394.8
-88.141,-139.76,2064,250.29
-93.713,-133.3,1747,218.19
-94.397,-127.5,1593,211.37
-89.82,-129.84,1557,188.57
-93.385,-134.71,1513,190.25
-94.29,-139.04,1565,197.68
-94.502,-140.37,1617,196.24
-95.712,-141.79,1592,202.33
-99.321,-137.78,1676,209.18
-96.631,-141.72,1485,196.6
-98.682,-139.44,1363,181.44
-97.048,-141.21,1370,213.96
-98.407,-140.61,1389,186.22
-99.303,-142.94,1369,203.37
-98.104,-141.65,1367,194.93
-97.024,-143.2,1479,213.59
-95.783,-144.86,1440,249.59
-96.606,-143.55,1438,227.37
-96.533,-144.08,1393,212.54
-95.673,-157.9,849,113.36
-99.32,-142.18,1274,240.23
-100.06,-154.28,805,117.14
-97.682,-142.24,1182,210.14
-98.32,-142.23,1251,204.04
-98.608,-143.39,1299,217.96
-99.025,-139.98,1234,186.05
-96.634,-141.35,1220,226.75
-96.633,-151.46,798,120.91
-95.044,-140.57,1250,206.29
-95.294,-156.89,745,108.72
-96.265,-150.92,739,114.58
-95.939,-155.64,797,115.68
-97.129,-140.23,1217,201.76
-98.728,-139.98,1201,202.31
-97.801,-152.2,782,120.85
-98.191,-158,647,106.63
-95.476,-165.23,544,93.387
-93.068,-158.9,824,119.58
-92.389,-156.51,711,138.01
-96.333,-142.8,1058,227.25
-97.446,-141.3,1070,229.23
-98.656,-138.8,1013,188.44
-100.29,-151.79,626,106.75
-101.59,-156.09,634,106.28
-102.45,-138.73,953,192.37
-97.848,-149.01,604,101.83
-96.612,-140.24,1183,239.37
-100.66,-136.83,1050,186.59
-103.42,-134.33,1138,200.33
-105.1,-128.72,1175,193.66
-106.89,-127.79,1195,188.09
-110.1,-123.34,1191,177.12
-113.88,-123.7,1207,193.24
-117.52,-126.96,1270,210.72
-121.86,-128.91,1444,214.35
-122,-130.13,1455,231.81
-119.81,-129.11,1473,236.52
-116.47,-127.14,1275,214.31
-117.02,-126.16,1383,247.59
-115.53,-123.62,1432,202.3
-108.74,-121.19,1464,183.95
-95.814,-120.83,1548,188.63
-87.167,-123.2,1760,218.87
-76.016,-126.61,1799,215.41
-73.362,-131.66,2027,247.1
-68.754,-137.28,2074,282.35
-63.77,-140.23,2085,306.79
-47.406,-147.42,1637,173.77
-37.747,-152.63,1511,151.96
-23.214,-159.25,1645,184.15
-5.2949,-165.64,1749,208.24
16.362,-168.15,1764,223.25
38.895,-165.15,1883,238.21
45.708,-152.98,1946,242.29
58.8,-132.41,1818,213.73
61.751,-114.97,1972,243.25
54.125,-121.22,1858,207.09
45.929,-131.72,1896,207.4
33.684,-125.16,1877,205.85
16.897,-113.81,1753,183.74
3.7942,-106.86,1735,189.32
-4.4259,-95.496,1761,188.92
-13.576,-86.588,1771,193.74
-15.673,-67.969,1708,197.61
-12.78,-50.263,1707,198.78
-16.611,-46.228,1680,211.26
-15.245,-59.083,1671,204.04
-18.029,-82.762,1611,181.6
-18.507,-100.98,1495,165.1
-22.527,-106.03,1396,159.28
-31.401,-120.4,1377,157.15
-37.459,-128.56,1303,153.3
-33.171,-136.8,1168,137.66
-35.721,-145.99,1079,125.78
-45.438,-139.24,978,120.98
-54.654,-134.57,1002,124.29
-48.694,-133.98,1095,133.02
-40.713,-140.76,882,114.72
-45.786,-146,830,109.85
-62.134,-135.99,852,114.86
-61.269,-133.19,831,112.67
-67.225,-134.62,1045,128.63
-64.566,-136.27,1201,153.73
-60.78,-127.58,1147,149.7
-61.914,-132.55,1121,134.52
-68.72,-139.31,1133,131.42
-76.785,-146.77,1028,129.49
-89.954,-157.12,1241,144.99
-95.73,-142.3,1546,203.75
-98.516,-129.85,1296,151.74
-104.8,-119.51,1146,143.41
-108.15,-120.26,1283,148.91
-102.08,-115.03,1300,158.64
-92.677,-115.64,1482,169.44
-98.171,-120.23,1557,173.97
-103.25,-128.45,1527,184.81
-109.8,-118.92,1455,170.12
-116.06,-118.68,1601,195.55
-119.96,-115.53,1710,222.68
-120.94,-107.88,1854,261.66
-127.01,-93.374,1390,154.07
-125.65,-80.282,1348,144.03
-123.12,-71.444,1267,135.5
-116.36,-61.163,1268,138.36
-116.03,-52.055,1319,144.14
-110.81,-42.953,1295,137.4
-107.21,-33.607,1294,136.45
-106.96,-26.24,1216,130.7
-104.61,-21.638,1252,135.07
-102.36,-11.945,1222,132.12
-102.54,-4.6826,1263,141.59
-105.29,3.1588,1392,156.55
-101.73,16.96,1340,146.31
-102.22,28.481,1338,142
-107.53,40.302,1304,138.85
-111.54,50.256,1387,157.36
-116.44,58.702,1366,147.84
-119.16,60.825,1306,150.33
-127.65,69.575,1365,147.14
-138.65,76.573,1370,147.07
-148.09,78.501,1358,151.57
-150.34,82.054,1333,150.58
-160.34,84.793,1247,141.68
-171.24,80.991,1149,136.78
-174.53,84.12,1256,151.46
-183.23,80.283,956,127.23
-189.77,75.425,623,112.98
-197.2,68.093,1350,140.89
-200.24,64.847,1317,148.38
-199.68,61.417,1169,134.22
-205.46,59.795,1040,142.95
-201.56,62.283,963,137.05
-205.39,53.846,1034,137.55
-201.08,46.976,882,128.5
-200.8,45.839,1015,122.32
-200.87,36.617,1163,142.07
-199.2,30.964,1068,137.72
-196.09,35.474,1117,145.18
-197.69,40.978,838,127.11
-198.49,35.865,895,120.78
-200.83,34.701,897,140.54
-201.74,32.159,907,122.73
-195.47,26.489,1047,134.88
-196.79,25.821,915,121.75
-194.68,28.691,833,121.85
-195.44,26.972,754,125.46
-199.2,31.577,801,112.43
-206.44,31.566,806,121.75
-199.64,29.908,789,115.13
-202.81,24.871,821,126.28
-195.6,30.237,870,120.13
-192.7,32.566,737,115.96
-193.36,32.581,767,114.76
-195.19,34.013,721,108.63
-193.41,33.919,712,102.31
-194.44,38.214,767,121
-197.2,45.845,902,138.42
-205.88,54.972,1006,138.25
-211.85,59.568,1104,145.64
-207.96,62.967,1115,138.72
-209.48,61.621,1121,134.8
-206.31,53.481,1268,147.47
-197.46,58.409,1430,151.71
-189.9,69.941,1423,162.09
-183.72,75.692,1587,183.36
-165.04,85.154,1582,167.74
-146.69,84.654,1675,183.05
-132.2,79.483,1800,201.02
-117.17,70.677,1840,202.22
-104.55,62.209,1826,195.54
-103.48,53.856,1892,202.46
-95.974,38.159,1761,190.59
-96.591,25.5,1765,198.71
-94.178,6.3373,1710,192.46
-96.548,-2.6958,1785,204.35
-92.236,-22.135,1727,187.78
-93.078,-28.329,1774,203.88
-81.853,-37.51,1635,174.19
-81.124,-48.43,1605,185.07
-70.022,-47.609,1541,177.9
-57.716,-50.365,1327,161.37
-45.686,-57.535,1244,144.31
-34.105,-63.385,1356,161.85
-19.225,-58.105,1464,173.67
-13.865,-60.037,1331,153.4
-1.9504,-58.08,1617,179.8
20.908,-53.351,1744,179.55
41.838,-58.635,1894,188.63
61.875,-59.301,1975,208.79
77.637,-49.221,1933,206.96
90.823,-36.209,1970,213.84
106.69,-21.428,2041,219.62
122.78,-3.4205,2126,239.5
135.78,15.397,2136,243.76
151.86,30.452,2081,244.26
165.87,49.276,2119,248.31
174.9,74.228,2222,266.32
185.83,96.393,2218,262.94
196.87,115.8,2169,254.92
216.43,131.56,2083,229.45
235.62,144.47,1985,216.48
260.68,154.43,1983,232.07
275.62,172.97,2074,219.12
290.7,187.92,2094,228.49
309.78,196.66,2120,231.01
324.39,208.11,2107,219.14
320.57,209.03,2053,229.74
335.43,228.36,1920,213.74
347.14,251.59,1887,223.51
361.3,269.56,1747,204.45
372.69,276.44,1103,162.98
376.42,270.07,847,131.78
378.41,279.1,630,121.52
373.41,273.03,813,138.82
376.14,263.31,673,110.42
376.85,262.12,669,100.68
378.79,264.88,512,92.709
383.36,262.61,1018,129
386.76,257.03,923,113.23
384.91,256.88,830,110.79
383.4,259.19,879,114.62
382.76,265.96,916,130.37
381.32,265.95,1062,140.67
386.28,257.33,1175,131.88
375.83,255.59,1068,127.76
370.01,253.6,954,133.19
362.64,253.37,982,128.88
360.63,254.4,985,126.9
360.17,249.61,1035,126.51
361.09,248.74,985,123.41
362.54,248.98,1052,130.11
357.06,251.26,1109,139.07
352.1,250.29,1216,162.87
344.63,247.45,1271,168.81
339.79,241.64,1406,193.47
332.3,235.21,1536,208.41
329.23,232.69,1708,217.4
321.92,220.2,1742,212.46
314.19,211.89,1910,226.61
304.33,202.22,2031,232.37
307.39,194.66,2048,216.7
304.02,183.55,2129,243.28
302.9,173.28,2107,221.4
299.73,163.09,2065,235.29
294.63,144.63,2019,208.27
290.63,134.32,2035,214.45
288.31,125.26,1939,205.94
283.67,120.73,1739,194.34
277.86,116.52,1725,191.46
270.11,111.69,1609,169.89
268.83,105.41,1670,176.4
264.34,97.161,1726,173.62
262.45,88.89,1579,155.2
260.6,85.093,1482,149.63
263.72,86.085,1377,141.34
262.4,82.065,1322,152.25
263.95,78.405,1287,138.99
258.71,78.273,1321,149.56
261.91,76.978,1299,146.71
261.69,72.465,1351,157.34
261.23,74.193,1290,136.17
260.84,72.474,1237,138.34
260.34,71.443,1261,132.95
259.77,70.572,1200,132.84
261.29,73.711,1115,124.37
262.34,74.825,1037,121.03
264.73,78.792,932,116.59
262.08,71.379,749,105.6
263.61,70.521,923,114.1
259.89,73.788,982,113.95
263.37,79.308,914,114.56
260.92,74.325,895,112.94
265.31,80.16,858,112.01
263.46,71.87,923,114.71
262.09,76.024,982,121.38
262.94,75.975,1165,130.59
264.22,73.668,1280,152.77
264.14,73.935,1260,145.26
270.44,71.001,1329,152.88
269.23,64.789,1376,144.31
275.31,74.741,1276,138.8
278.52,73.018,1216,148.16
279.14,60.496,931,116.81
274.15,52.231,754,106.42
277.55,57.117,726,120.49
271.41,59.941,734,134.7
271.13,55.237,777,133.19
274.2,49.923,847,132.31
282.28,48.89,893,130.45
285.14,47.747,877,138.47
288.33,51.427,724,117.78
287.07,50.516,653,106.88
288.15,51.837,638,103.15
292.26,58.575,741,108.23
291.67,61.381,728,119.59
289.75,64.771,706,113.39
287.85,68.492,683,120.43
284.66,73.458,685,106.12
281.98,82.319,951,137.76
279.59,99.251,1177,145.35
282.27,115.36,1542,170.49
288.21,130.62,1864,189.31
290.78,149.04,1970,200.2
299,166.71,2069,210.97
292.63,178.06,2101,186.05
292.39,188.63,2102,209.1
295.77,201.86,2203,239.57
293.66,203.13,2286,256.6
289.3,210.35,2198,254.27
294.83,215,2178,257.68
296.22,219.72,2187,270.44
318.96,224.54,2100,256.52
329.1,241.99,1901,204.59
337.26,258.3,1889,210.79
341.03,274.24,1680,180.53
347.25,284.52,1636,178.74
364.29,287.71,1618,185.74
381.7,280.77,1617,168.4
386.73,265.97,1583,161.71
381.53,251.66,1558,163.06
377,241.7,1567,173.93
374.17,251.96,1339,145.51
377.27,266.47,1381,145.32
382.45,268.18,1277,137.64
381.35,283.11,1352,141.53
387.38,283.17,1342,141.06
382,287.04,1312,145.81
386.83,285.6,1149,134.66
386.7,289.83,939,120.46
382.31,278.95,906,113.23
388.23,272.83,1054,125.13
390.27,280.44,931,119.89
385.03,273.59,1153,132.12
387.65,272.74,1188,131.11
384.78,272.66,1182,139.49
385.9,270.4,1091,130.27
389.67,277.57,1034,122.19
387.22,283.02,909,117.86
383.04,265.53,1020,130.85
385.81,274.64,1010,126.37
391.72,277.25,961,114.33
381.26,277.25,920,122.58
380.17,276.83,918,112.67
386.87,267.24,881,110.07
386.09,260.1,1005,122.41
386.42,260.82,1139,130.7
386.47,266.66,1117,128.57
389.95,269.97,1160,132.16
390.01,265.51,1223,135.15
394.26,266.95,1316,138.91
399.58,261.05,1065,126.87
397.64,262.02,945,118.88
400.29,263.82,973,117.99
397.28,262.03,920,115.96
393.82,268.15,1086,130.12
397.54,265.5,1137,128.24
397.86,264.11,1171,134.26
396.31,264.22,1084,128.53
403.52,262.3,951,115.23
399.14,267.83,940,113.57
410.22,262.33,844,111.74
409.38,265.3,842,122.01
417.3,257.39,803,117.92
415.62,261.49,825,123.53
422.96,264.35,791,118.86
428.88,272.01,726,110.13
436.95,273.1,828,111.93
445.17,273.46,1000,124.58
450.53,275.12,1059,134.73
454.29,276.72,1225,146.92
468.09,279.22,1037,127.12
475.07,280.48,911,116.86
481.02,282.52,859,115.96
485.51,288.82,784,115.87
493.03,289.33,773,108.21
504.46,290.7,661,107.74
510.03,291.12,652,114.2
508.81,290.72,689,104.37
516.09,292.7,788,114.57
520.85,294.49,773,122.47
531.92,293.27,674,153.68
533.8,295.21,627,145.52
546.34,297.79,905,119.72
551.84,298.83,1027,140.25
552.5,298.89,1104,147.62
566.3,302.5,1022,156.11
574.98,302.77,1067,177.45
572.35,304.52,1053,168.11
580.2,309.94,1012,178.06
580.67,308.57,946,173.34
578.03,305.15,885,150.83
580.99,303.62,905,138.4
576.41,305.54,898,135.92
578.38,305.96,933,149.63
579.84,307.93,925,147.68
578.31,310.15,984,166.79
582.06,312.47,910,153.74
579.15,306.79,885,146.39
582.59,312.43,836,144.94
576.27,306.86,877,139.8
577.27,310.8,907,141.29
581.67,310.76,877,159.6
579.76,304.06,958,146.33
582.24,312.76,906,146.04
585.15,312.34,853,167.47
579.37,312.76,948,189.39
582.05,312.1,830,139.25
579.48,304.65,856,130.5
580.23,301.85,760,130.09
577.67,303.4,785,122.85
584.46,308.55,763,122.62
579.01,304.52,829,124.16
583,311.78,759,135.88
584.61,309.22,835,142.9
587.48,312.78,793,146.78
589.23,302.09,848,147.2
585.66,307.77,838,161.74
584.07,304.04,879,146.63
587.3,313.02,743,128.21
587.65,304.74,792,142.48
583.77,306.26,748,139.92
591.02,312.3,632,122.47
588.81,307.32,801,122.26
591.12,310.02,706,128.11
590.08,307.06,774,125.2
592.12,307.71,788,141.02
587.18,302.89,789,128.54
592.38,310.89,729,126.8
589.87,307.48,648,129.8
589.87,307.48,648,129.8
594.86,311.94,581,106.41
589.4,311.73,585,116.91
591.61,312.95,610,107.44
586.37,313.74,660,107.55
585.11,313.74,615,124.24
586.26,318.02,573,100.16
584.86,314.9,728,117.31
581.18,312.32,699,129.45
579.11,309,737,112.09
580.64,306.96,732,118.48
579.91,311.67,633,113.38
579.21,310.11,698,137.9
578.48,311.71,676,134.23
581.71,308.06,714,116.14
582.7,300.95,660,107.22
581.08,304.24,658,102.58
582,305.88,711,110.93
580.68,300.4,636,112.04
579.86,304.84,671,105.45
577.08,300.22,824,126.72
576.52,299.3,734,121.66
579.36,299.35,837,119.03
580.4,290.59,843,116.83
581.08,284.32,769,112.24
577.54,278.92,709,104.1
570.11,278.65,679,106.81
566.25,278.32,633,103.9
566.5,276.86,640,115.71
567.86,272.2,664,113.05
566.77,269.1,625,120.53
566.77,274.47,613,111.35
567.17,271.8,572,114.64
570.72,266.73,635,110.1
578.66,264.7,585,107.84
582.38,263.17,608,111.09
584.65,264.11,573,100.88
575.47,276.15,649,106.4
575.01,284.84,612,106.22
572.29,288.7,762,125.33
561.96,296.75,968,142.24
543.9,296.97,1058,127.3
528.19,290.58,1237,137.22
512.64,286.82,1438,157.3
501.47,286.15,1769,200.64
491.44,283.73,1882,187.3
483.92,282.56,1984,191.47
481.38,280.94,2047,191.67
485.34,282.5,2031,200.02
477.47,280.34,1868,196.22
470.04,277.35,1903,224.11
476.54,276.65,1958,252.68
468.56,271.81,1966,254.84
448.57,264.37,1888,237.03
426.82,258.47,1820,219.51
407.14,249.49,1804,213.75
384.92,240.89,1853,214.61
364,225.92,1915,212.93
345.84,206.68,2010,230.5
329.38,185.46,2019,239.99
318.52,168.42,2092,238.91
308.28,149.85,1879,204.41
302.04,139.42,2168,253.45
300.44,135.07,1938,213.83
302.77,127.63,1984,234.78
298.58,123.61,1887,198.08
289.33,111.17,1703,182.43
302.48,119.56,1793,178.54
308.64,113.88,1618,167.22
302.31,102.62,1679,190.63
299.14,97.728,1679,171.21
307.12,98.365,1639,163.74
299.1,100.76,1636,173.85
299.05,103.3,1654,166.01
300.49,100.93,1744,178.84
302.59,100.1,1740,198.87
294.04,89.24,1802,189.3
287.06,87.817,1699,214.03
279.74,79.356,977,170.41
265.6,71.749,1941,214.44
263.56,73.323,2067,236.58
272.09,60.86,1936,197.55
266.59,68.093,1926,217.87
276.57,55.041,1837,191.12
267.94,55.382,1833,207.42
272.26,46.598,1719,183.42
267.99,53.14,1605,169.51
272.42,45.557,1471,158.1
277.64,39.777,1380,150.55
270.3,40.9,1453,165.25
272.7,47.737,1410,148.88
275.96,43.857,1375,141.68
263.13,52.216,1364,148.29
272.04,50.507,1327,150.41
266.14,51.006,1354,152.24
265.86,62.934,1416,163.31
276.99,54.928,1505,172.53
267.63,54.279,1568,175
265.2,63.202,1397,148.63
272.99,50.427,1478,160.35
273.53,39.959,1489,151.46
276.59,32.594,1455,152.73
266.34,33.173,1309,134.61
267.32,34.11,1103,122.01
269.18,41.466,1112,129.37
272.35,43.019,1080,129.01
272.31,38.772,1108,129.06
270.08,44.614,1113,128.21
274.15,41.019,1139,126.38
270.44,33.853,916,115.08
271.73,38.863,937,118.81
269.08,34.148,948,114.91
270.8,36.637,1056,122.41
272.07,40.071,1009,119.58
270.12,36.083,1150,123.8
271.13,34.733,1095,123.21
272.99,37.619,1090,129.83
273.01,41.842,1129,136.44
276.47,49.621,1107,132.7
274.06,46.332,1167,145.37
277.09,52.549,1088,137.04
277.55,70.561,1324,160.42
278.06,97.552,1401,155.25
270,121.64,1487,157.99
259.52,137.52,1700,204.13
244.46,148.73,1801,212.97
231.63,153.33,1834,203.46
229.07,154.68,2073,221.79
220.61,153.87,1997,230.75
209.44,148.76,2161,253.13
194.9,140.7,2153,230.15
178.42,130.18,2123,228.27
163.19,131.49,2222,223.82
152.91,131.73,2231,221.97
138.81,129.41,2217,225.78
125.15,115.78,2259,265.54
105.03,102.54,2151,235.98
88.61,91.087,2189,257.26
92.658,91.381,2176,277.51
72.747,76.712,2044,242.89
56.646,62.978,2031,232.93
63.949,65.99,2042,243.02
43.371,57.352,1934,199.66
24.528,52.954,2032,205.98
4.6801,42.05,1938,192.04
-11.051,31.571,2095,208.43
-20.036,22.347,1968,191.79
-31.798,16.071,1868,201.76
-35.34,6.3845,1836,190.4
-43.211,7.1411,1762,174.09
-52.573,-0.56822,1818,194.71
-68.123,6.2837,1881,215.64
-86.805,18.201,2043,231.8
-100.64,38.211,2035,232.96
-117.35,59.056,2009,223.39
-137.87,74.843,2059,216.17
-152.46,77.297,1971,202.77
-171.29,76.144,1935,201.62
-186.45,67.538,2066,217.85
-190.95,60.988,2079,225.35
-194.54,44.354,1985,214.61
-193.13,51.617,1934,216.14
-198.71,39.56,1931,200.48
-199.92,37.816,1958,215.84
-204.84,27.581,1634,180.66
-203.15,31.989,1811,192.23
-209.67,45.043,1466,171.78
-207.74,59.805,1544,169.23
-197.52,71.29,1655,172.63
-182.6,79.154,1771,187.01
-161.29,86.199,1780,180.51
-152.82,84.694,1943,217.22
-135.88,86.059,1829,191.71
-124.14,78.776,1960,214.06
-113.04,68.215,1848,186.2
-101.7,63.468,1872,207.31
-108.53,64.02,1752,190.32
-91.871,63.05,1657,173.39
-86.573,54.893,1701,181
-84.545,43.51,1714,171.43
-75.671,47.648,1759,186.88
-74.98,34.984,1715,185.18
-69.708,28.993,1757,178.07
-73.757,35.972,1649,165.18
-66.886,32.961,1576,164.35
-67.603,39.253,1774,202.45
-72.561,26.376,1539,164.59
-71.173,39.635,1640,175.2
-72.504,51.189,1465,151.15
-70.135,44.732,1578,176.1
-69.429,51.775,1504,159.37
-66.168,45.717,1360,148.01
-66.335,38.382,1522,161.48
-57.58,22,1487,167.17
-48.318,16.169,1703,175.49
-43.45,14.102,1829,190.47
-31.657,11.479,1683,192.94
-36.994,5.8593,1763,191.93
-44.616,10.207,1796,192.51
-46.016,18.96,1794,191.51
-33.506,18.129,1686,168.12
-29.938,15.868,1595,173.4
-21.638,30.323,1744,189.86
-6.6727,48.664,1820,193.4
10.529,64.23,1942,214.08
24.203,77.59,1983,207.05
35.018,94.841,2051,219.85
41.869,109.46,2113,224.2
47.585,115.26,2122,231.04
53.87,115.15,2118,243.46
55.46,118.96,2152,258.22
73.511,119.06,2211,266.33
97.691,120.55,2092,222.76
112.64,120.48,2113,260.78
131.37,124.13,2118,234.38
137.03,129.37,2306,274.86
153.34,146.94,2311,264.54
162.37,171.25,2234,241.12
165.64,191.46,2153,237.5
171.23,192.82,1976,219.4
170.19,209.89,1698,177.03
169.8,202.97,1603,179.5
180.08,186.27,1661,175.83
180.87,183.29,1795,202.6
191.21,179.31,1803,209.79
208.1,170.72,1820,222.86
227.69,171.48,1884,211.55
246.36,181.89,1897,206.51
262.57,200.83,1861,208.8
274.76,212.4,1838,197.4
292.44,211.87,1808,204.28
307.26,211.39,1849,195.11
321.71,222.85,1798,206.83
328.23,241.52,1773,205.91
341.08,262.81,1716,182.15
353.62,276.81,1626,184.69
377.64,282.03,1682,196.74
379.31,275.37,1721,198.61
373.66,273.92,1720,193.14
369.82,285.24,1663,193.78
363.77,291.2,1578,168.89
375.54,285.21,1750,200.77
383.1,281.56,1733,199.7
401.04,270.8,1726,193.82
408.55,264.74,1750,208.11
414.74,259.96,1667,197.87
427.7,262.21,1498,165.72
436.57,257.7,1427,165.79
446.52,260.95,1541,195.23
467.4,271.16,1462,192.86
481.22,280.9,1198,187.84
492.03,290.14,753,130.12
505.24,295.5,540,194.42
530.43,295.66,1074,218.52
537.12,295.15,784,237.41
554.04,302.38,1241,243.31
568.91,296.39,1174,295.03
576.76,299.77,882,240.58
583.76,300.21,773,222.65
583.26,298.72,751,265.34
582.52,290.81,956,173.68
582.32,297.68,892,175.97
588.2,292.13,849,174.86
587.04,279.98,997,184.97
588.67,278.02,984,185.15
584.56,287.53,948,159.62
593.56,295.27,752,141.6
582.82,294.01,889,159.64
571.53,294.28,1364,172.04
556.24,294.85,1564,203.92
533.08,291.57,1717,207.02
509.76,287.55,1842,213.46
489.15,283.33,1861,195.25
479.29,281.38,1986,226.78
458.01,275.53,1883,209.62
438.99,269.56,1950,202.51
419.61,265.95,2001,207.87
401.56,273.68,2002,223.57
382.99,280.64,1944,205.11
371.35,292.3,1921,196.16
362.01,293.06,1848,179.97
358.78,301.78,1771,178.67
351.35,306.18,1846,196.38
345.47,297.1,1956,207.95
333.72,287.42,1932,193.41
327.81,266.48,2035,202.32
318.19,246.41,1951,194.71
312.66,235.91,2101,228.18
310.46,218.77,2268,223.46
295.54,213.23,2349,272.98
287.32,201.53,2375,271.3
271.73,199.1,2041,223.95
273.25,188.4,1990,218.81
263.01,184.24,1425,205.21
261.77,172.08,879,196.33
246.66,167.44,2112,226.63
228.91,158.82,1973,214.42
215.4,155,2112,216.05
211.68,153,2202,243.57
207.85,137.91,2222,257.34
210.09,144.36,2147,248.3
211.01,130.07,1963,214.69
209.55,135.67,2136,245.82
193.47,124.63,1949,211.85
171.25,118.59,2045,229.36
146.97,113.37,2150,248.17
129.96,106.67,2452,298.56
120.27,104.04,2329,274.12
108.36,90.943,2559,307.37
104.25,89.287,2310,251.89
102.49,75.876,2336,270.29
106.88,66.573,2240,251.94
106.38,43.662,2177,218.35
108.9,48.78,2201,289.83
114.84,31.782,1946,201.19
112.39,19.618,1953,214.28
113.99,9.1475,1652,164.02
116.26,4.1559,1578,164
116.63,3.5885,1682,163.14
117.07,2.2677,1883,177.65
115.65,1.5635,1988,194.43
115.15,1.2582,1930,184.53
114.79,1.8426,1912,193.44
114.34,1.3006,1916,187.2
113.86,-0.49759,1982,193.89
115.31,0.18619,1968,190.46
114.79,-2.0654,2046,192.04
112.81,-3.2972,2098,188.54
112.49,-4.6798,2182,195.27
105,-5.4274,2219,199.81
102.84,-8.993,1948,184.26
96.028,-10.787,1913,175.49
95.771,-13.269,1725,169.54
100.45,-13.332,1638,162.55
98.512,-13.386,1518,157.16
99.02,-12.248,1685,161.14
99.458,-12.168,1749,164.98
99.274,-13.057,1738,162.22
99.459,-13.536,1714,168.03
99.579,-13.203,1696,167.02
99.558,-13.35,1642,164.24
99.553,-13.454,1629,165.5
99.829,-13.254,1631,165.4
99.598,-13.788,1599,163.9
98.519,-14.56,1536,156.19
97.327,-13.07,1691,156.64
96.687,-10.933,2101,178.31
100.59,-14.13,1970,186.9
103.86,-18.036,1540,175.25
99.039,-20.699,1366,178.45
100.34,-19.966,1280,180.17
99.497,-20.232,1286,168.42
100.14,-20.066,1341,169.12
100.26,-20.353,1330,171.47
100.22,-20.459,1309,163.23
100.25,-20.765,1264,165.97
100.25,-21.078,1217,159.47
99.832,-20.965,1190,163.16
100.19,-21.195,1178,163.35
100.74,-21.274,1150,158.3
100.44,-21.336,1140,154.57
99.009,-20.785,1200,151.53
97.096,-19.666,1363,154.35
95.785,-18.675,1364,150.53
94.656,-16.902,1277,157.09
95.262,-17.802,1128,164.96
96.302,-18.738,1006,146.56
97.778,-20.007,1016,146.19
98.027,-20.006,1075,148.75
98.392,-20.026,1083,147.89
98.616,-20.427,1019,149.51
98.403,-20.448,987,154.35
98.285,-20.674,949,150.45
98.524,-20.593,937,155
98.432,-20.407,943,149.58
98.615,-20.306,944,148.28
98.208,-20.835,885,144.21
97.704,-20.372,955,163.22
98.94,-18.887,1187,146.35
96.615,-18.481,1284,155.03
94.005,-16.017,1402,168.26
94.875,-13.53,1260,164.94
93.916,-17.371,1053,157.01
94.379,-18.192,1113,159.66
93.71,-17.248,1158,160.81
93.949,-17.563,1141,164.42
93.843,-17.662,1104,159.25
93.678,-17.854,1078,158.86
93.767,-17.798,1070,157.42
93.652,-17.974,1046,163.53
93.778,-18.123,1035,159.95
92.314,-17.866,960,138.02
92.898,-18.16,1012,163.81
92.457,-18.401,1045,164.72
92.18,-18.366,1155,166.05
92.522,-16.292,1315,169.71
94.94,-13.67,1361,167.9
93.986,-13.885,1323,146.36
92.335,-17.19,1149,138.56
92.982,-19.421,998,126.5
92.874,-17.278,1056,135.76
92.853,-16.79,1000,134.75
91.018,-17.442,969,127.28
90.986,-17.461,1005,136.71
91.228,-16.737,1018,138.79
91.701,-16.689,1019,149.39
91.702,-16.838,987,150.4
91.356,-16.969,957,135
91.434,-17.522,901,134.95
91.376,-17.505,904,131.67
91.177,-17.637,902,133.34
90.772,-18.039,876,132.52
91.275,-18.758,802,134.59
91.759,-19.147,769,118.87
91.188,-18.044,945,129.49
92.396,-16.891,1138,140.01
94.252,-14.102,1301,151.43
94.535,-10.893,1416,161.27
93.598,-12.421,1415,151.76
94.597,-16.323,1168,134.03
94.601,-19.421,991,123.13
95.529,-18.129,968,139.13
96.781,-20.722,1007,155.44
93.448,-21.02,897,138.67
90.863,-20.132,804,138.68
93.147,-19.165,965,152.62
87.761,-23.235,918,143.52
83,-24.948,832,162.12
83.697,-24.194,881,180.16
88.49,-26.271,717,170.15
84.259,-33.952,2581,287.6
85.333,-39.971,2658,315.13
89.023,-42.384,2621,301.84
96.024,-45.644,2804,337.3
100.39,-54.354,2651,328.65
101.69,-61.911,2629,333.26
101.65,-71.669,2733,346.41
100.48,-81.269,2658,344.08
99.395,-85.537,2469,335.72
101.28,-93.612,2149,328.62
104.16,-95.848,1664,317.54
107.61,-100.79,1265,218.56
110.98,-108.83,1116,191.99
113.4,-115.72,912,179.7
113.71,-117.95,604,121.22
111.29,-128.65,2868,354.25
105.55,-137.04,2801,347.74
105.46,-137.97,2600,327.13
101.63,-140.22,2618,346.23
102.44,-145.16,2509,314.76
107.29,-140.38,2381,293.42
113.54,-139.67,2262,281.2
120.57,-141.06,2100,254.52
129.56,-138.41,1960,230.6
130.92,-136.66,1875,229.76
135.09,-132.82,1598,197.12
138,-131.62,1430,163.39
142.63,-131,1433,172.47
138.74,-134.73,1420,163.92
136.78,-130.78,1176,140.75
131.76,-129.77,1049,134.25
141.01,-130.94,1017,132.36
144.16,-139.64,1223,145.76
147.13,-145.35,1116,144.33
147.16,-148.58,1094,138.4
150.65,-154.33,923,121.48
154.65,-158.18,660,104.91
154.71,-158.81,715,123.62
156.92,-159.07,723,106.31
155.53,-163.79,773,112.59
151.72,-158.81,729,120.56
151.67,-157.11,642,111.17
157.55,-156.06,592,114.81
161.27,-155.24,665,134.69
160.87,-155.88,560,109.2
156.38,-155.68,581,109.89
156.02,-154.49,565,121.22
156.34,-151.99,569,114.98
157.42,-153.15,540,101.55
156.96,-153.23,546,115.39
155.9,-154.76,530,99.656
155.15,-154.59,441,85.233
156.57,-155.98,422,97.076
158.9,-156.86,503,99.863
157.14,-156.93,580,114.82
156.06,-157.43,510,110.32
154.34,-154.46,512,101.06
149.56,-157.35,501,97.779
144.09,-158.34,467,88.888
143.43,-156.69,438,84.48
146.59,-158.04,465,93.379
147.04,-156.21,478,96.009
148.96,-157.61,481,92.039
151.22,-159.35,429,86.655
152.64,-169.48,459,91.816
154.73,-173.46,492,95.455
154.23,-174.64,492,89.715
155.01,-176.91,514,107.28
155.85,-176.14,437,95.132
154.95,-176.01,483,102.97
156.48,-176.16,504,117.48
161.69,-175.23,548,98.722
167.66,-169.35,659,111.67
167.26,-168.5,655,111.67
166.88,-176.83,578,105.83
160.78,-174.46,691,116.92
164.02,-174.92,655,102.02
166.33,-176.45,693,108.19
168.82,-173.81,687,118.75
166.74,-171.87,657,120.65
160.15,-183.85,651,111.35
155.14,-188.75,638,105
157.24,-191.08,613,110.18
156.3,-191.46,691,121.38
158.6,-188.48,726,129.59
160.34,-188.06,770,134.27
158.57,-191.4,790,124.91
157.3,-190.87,772,124.05
158.44,-189.77,703,125.96
155.47,-190.25,616,113.62
153.82,-191.24,649,115.84
147.87,-192.54,709,121.44
145.82,-192.5,702,118.71
148.03,-194.51,764,115.04
143.78,-196.71,733,123.38
150.48,-196.18,776,131.14
149.23,-196.49,784,124.47
148.96,-194.93,792,124.46
152.6,-193.52,767,123.36
151.46,-191.45,682,118.29
154.26,-192.94,695,118.12
150.53,-192.85,765,116.96
151.32,-193.07,836,129.94
150.57,-192.73,819,123.53
151.6,-190.05,806,129.01
150.24,-190.88,706,125.84
150.34,-191.6,691,112.48
153.05,-193.27,702,120.07
151.05,-193.49,739,119.17
150.67,-191.89,763,128.78
151.1,-193.03,762,118.22
156.4,-189.32,778,122.8
161.09,-186.03,920,139.74
166.59,-188.83,843,140.04
172.33,-192.54,704,138.59
180.21,-195.31,946,161.09
188.55,-204.18,968,128
192.82,-208.39,1241,143.16
193.69,-215.06,1093,134.64
190.29,-214.83,1039,141.77
185.95,-218.86,1008,150.74
182.17,-212.47,1209,152.99
191.4,-214.56,982,140.12
184.37,-215.1,1182,162.19
191.5,-208.97,1067,146.41
193.34,-206.07,1135,167.87
187.32,-206.66,1242,176.5
192.97,-197.25,1501,177.04
197.38,-189.24,1543,178.75
197.17,-174.62,1575,187.87
194.66,-161.71,1514,171.56
190.91,-150.4,1578,173.06
179.98,-152.85,1721,205.71
159.26,-146.4,1688,199.59
141.49,-137.93,1837,212.24
121.73,-135.84,1977,223.1
104,-135.82,2071,264.12
91.139,-132.98,2121,259.59
79.897,-142.94,1993,226.64
68.899,-137.61,1695,227.18
63.979,-143.18,1222,237.96
61.802,-131.15,606,158.96
42.592,-125.52,2058,204.6
23.199,-125.56,2027,202.98
7.4383,-127.25,2271,254.59
-0.057359,-124.77,2031,259.74
-7.1904,-124.55,1524,194.52
-14.095,-126.01,406,111.33
