0,-0,154,45.635
-0.90137,-0.061176,190,52.276
-1.0014,0.57519,209,61.655
-2.2325,0.18161,217,67.824
-1.16,0.60305,216,63.11
1.2698,1.2821,211,65.318
2.9076,0.46711,214,65.608
3.8982,-0.95591,209,69.156
5.9519,-1.0418,204,63.995
7.9283,-1.3238,205,62.135
9.002,-2.506,206,58.826
9.8019,-3.4794,202,59.397
11.048,-4.0103,213,73.985
10.468,-7.6659,184,68.114
11.212,-9.2711,176,70.19
11.293,-11.121,159,65.757
10.175,-13.289,155,69.412
9.8926,-14.837,142,54.319
11.424,-14.796,147,58.661
12.223,-14.726,168,65.674
12.836,-16.052,164,77.013
13.829,-18.182,142,53.418
13.563,-18.184,135,79.188
14.305,-19.804,129,71.885
14.616,-21.948,123,61.002
13.995,-22.758,129,72.241
14.719,-25.817,208,60.869
15.279,-26.393,319,83.356
16.65,-27.591,304,73.291
18.23,-27.018,310,78.898
18.277,-28.525,289,71.769
18.079,-29.496,316,82.389
15.536,-31.515,301,74.209
14.969,-31.546,305,82.198
16.696,-32.227,311,74.961
16.967,-34.683,299,73.672
15.104,-37.342,287,64.913
14.769,-39.052,278,66.294
14.07,-38.531,291,74.374
13.208,-40.018,287,73.911
13.793,-41.536,283,71.753
12.172,-43.613,265,61.672
10.986,-43.041,289,74.92
9.965,-43.118,288,82.372
10.753,-45.019,268,68.742
12.235,-45.884,267,63.507
11.362,-47.581,260,63.507
10.361,-46.226,264,68.75
10.265,-45.54,267,68.932
10.755,-45.769,258,67.237
10.827,-45.904,260,70.512
10.743,-45.742,266,68.841
10.647,-45.572,269,72.406
10.438,-45.446,272,66.964
10.263,-45.245,289,70.702
10.024,-44.854,299,69.495
9.0235,-44.593,311,73.82
7.3283,-45.678,312,75.085
7.682,-43.051,320,78.328
10.374,-41.539,318,81.04
11.159,-45.08,310,79.121
10.524,-48.307,300,70.446
9.5518,-49.215,288,70.843
8.1907,-46.458,311,83.389
8.8173,-44.819,321,83.083
7.0811,-41.854,307,86.771
7.7213,-40.71,298,83.248
8.6055,-40.481,311,89.459
8.9001,-40.565,319,87.491
9.1134,-40.414,316,88.533
8.8878,-39.885,324,85.125
9.3214,-38.953,331,90.774
10.104,-38.674,334,86.448
11.156,-39.701,327,90.22
12.671,-40.421,342,88.897
11.867,-43.121,333,91.345
11.766,-45.996,317,79.733
11.847,-44.659,319,78.848
11.752,-41.919,321,79.452
11.482,-41.828,307,73.531
11.546,-42.131,292,71.645
11.31,-42.246,291,70.239
11.188,-42.459,299,72.712
11.373,-41.981,308,73.613
11.901,-41.746,315,73.175
12.157,-41.27,322,75.673
12.494,-42.277,331,75.64
13.294,-43.577,300,72.042
14.139,-45.591,281,66.6
13.174,-48.426,285,68.213
13.148,-51.391,274,65.881
12.897,-49.079,280,62.746
10.639,-45.931,286,63.3
9.4197,-43.139,323,80.585
8.2787,-44.097,309,72.77
9.2311,-45.077,283,63.143
9.3759,-46.008,261,60.803
9.5187,-46.058,270,60.133
9.5391,-46.113,278,64.657
9.7706,-46.407,300,65.484
10.352,-46.803,315,73.556
10.74,-46.217,330,72.431
11.928,-46.22,330,73.928
10.888,-45.856,347,71.645
9.447,-43.531,341,74.573
11.016,-40.242,340,79.924
13.038,-40.934,347,75.028
14.864,-44.373,312,68.304
15.441,-47.784,317,72.108
14.453,-50.992,298,68.006
12.492,-52.84,278,65.649
12.07,-53.332,264,67.279
12.078,-53.16,268,65.211
12.059,-53.046,266,64.938
11.718,-52.756,275,67.088
11.866,-52.158,290,63.647
12.317,-51.692,315,71.273
12.906,-50.983,324,70.074
13.551,-50.085,329,70.818
13.159,-47.747,328,69.23
10.543,-45.925,321,70.52
9.2868,-48.116,328,76.88
11.375,-50.583,325,75.532
11.457,-51.388,320,75.78
11.291,-50.727,316,77.385
11.156,-50.404,327,71.091
11.075,-50.354,342,73.44
11.2,-50.265,352,79.94
11.481,-50.787,363,81.851
11.749,-51.088,349,83.935
11.692,-50.306,362,73.307
10.889,-49.605,358,86.879
10.981,-50.163,343,80.808
11.061,-50.224,324,81.512
8.8447,-49.555,328,76.467
8.962,-48.82,296,68.759
11.693,-50.019,321,74.598
12.825,-50.402,330,86.243
15.643,-50.177,380,98.656
19.487,-52.818,365,88.343
23.322,-55.544,339,109.21
27.81,-56.179,259,103.53
32.637,-57.873,274,131.48
37.038,-56.116,305,129.42
40.199,-52.75,347,111.55
42.047,-48.991,335,93.404
44.762,-44.891,322,95.654
48.409,-43.032,315,104.93
53.619,-40.124,322,99.872
57.188,-37.773,333,97.341
59.857,-37.068,332,92.933
65.829,-35.112,302,83.017
68.836,-35.359,299,92.263
72.696,-32.687,294,90.039
73.503,-29.513,308,85.233
71.962,-28.449,331,84.083
70.543,-29.642,330,90.725
72.207,-26.805,309,101.28
76.527,-22.722,312,92.072
80.535,-18.645,297,91.444
82.402,-15.766,295,83.884
85.887,-11.734,291,84.199
89.313,-6.7661,272,78.089
92.569,-1.88,273,72.604
95.381,1.434,281,71.968
98.867,2.8298,291,69.073
99.43,5.2234,297,70.942
103.76,6.6352,282,69.42
108.7,6.4255,268,71.761
112.21,5.4218,290,75.789
115.91,5.3423,285,84.613
119.14,2.7574,250,67.27
121.77,2.7722,228,64.657
123.56,0.17638,222,63.888
124.88,-1.6941,198,60.009
125.57,-3.2688,220,66.782
125.92,-7.7278,228,82.049
126.21,-13.851,218,74.275
125.83,-15.471,200,73.341
125.88,-15.335,196,74.201
125.95,-15.269,196,73.573
125.94,-15.569,199,74.565
125.72,-15.519,205,66.882
125.96,-15.526,197,67.37
125.97,-15.078,202,74.309
126.1,-14.725,199,75.516
125.58,-14.578,216,87.235
123.56,-12.695,232,74.945
125.05,-16.056,219,72.911
126.69,-16.881,197,66.253
124.59,-19.851,192,56.031
124.03,-18.331,200,54.981
123.66,-19.303,188,53.782
123.47,-19.84,180,58.67
123.3,-20.026,183,57.247
123.31,-20.248,186,59.405
123.59,-20.234,188,58.272
124.06,-20.614,186,57.991
125,-20.07,187,64.112
123.79,-19.437,198,60.704
125.21,-21.295,198,65.311
124.6,-23.23,190,65.989
122.17,-21.901,197,59.695
123.14,-19.249,201,54.137
122.43,-15.76,209,60.53
121.93,-11.229,251,72.985
121.42,-6.1332,269,80.842
122.08,-0.8898,281,69.412
123.19,4.0458,309,78.377
124.36,10.101,312,69.486
124.91,15.204,329,75.127
124.91,15.204,329,75.127
