0,-0,127,50.523
4.3781,4.4832,216,73.804
4.2084,4.3519,174,91.436
5.7425,2.6262,240,76.053
4.4998,2.8939,206,79.336
8.1269,3.6659,228,75.292
5.6898,2.5357,220,67.444
3.5338,0.5868,227,59.488
1.1913,2.0551,224,57.585
0.95514,1.0808,218,55.841
-0.50986,0.73129,238,57.585
2.1207,-0.32607,212,59.289
2.0567,0.37318,221,55.989
1.2631,0.18615,234,61.762
2.68,-1.5493,251,62.862
4.1126,-1.9098,220,72.158
5.1538,-2.321,246,66.501
4.9169,-2.6103,241,63.391
5.5267,-2.9201,249,72.125
4.2032,-4.1248,241,66.683
4.8328,-3.8889,229,64.177
4.3081,-3.4337,233,67.154
3.747,-1.4603,243,61.439
1.4208,-1.6367,228,68.072
2.0959,-1.1725,219,55.336
2.3171,-0.69613,220,54.889
2.3983,-1.3735,225,56.957
4.2068,-0.66666,239,57.776
3.4959,-1.2833,243,58.479
2.6787,-1.1036,226,58.553
2.6669,-2.3954,229,66.27
2.9019,-3.3611,238,67.543
2.8409,-3.3433,231,66.642
3.011,-2.8865,234,67.179
3.5499,-3.5816,221,75.243
2.3277,-2.8261,241,70.843
2.7552,-2.4849,243,66.253
2.3857,-2.7464,228,65.674
2.4325,-2.7214,230,61.845
2.1917,-2.5286,219,66.708
2.9275,-1.7546,231,57.9
2.721,-1.9033,217,60.133
2.7134,-1.7546,223,59.86
3.2219,-1.5122,231,68.296
2.8511,-1.7892,214,61.291
2.8937,-2.7019,213,60.538
2.908,-2.7163,198,63.987
2.921,-2.5408,221,66.319
1.5511,-2.3164,195,56.924
1.4533,-2.5932,223,55.46
1.7065,-2.7361,215,60.877
1.5561,-2.4743,218,57.131
2.1408,-2.5088,214,54.724
1.5029,-2.5718,227,56.105
2.6022,-2.5347,236,58.777
1.8079,-2.7309,221,57.073
1.504,-2.0728,213,55.758
0.86086,-2.4296,213,55.369
0.82406,-3.0897,229,56.957
-0.24559,-3.4814,232,64.632
0.49688,-3.7428,222,64.64
0.121,-3.5919,229,76.103
0.092228,-3.2727,209,72.721
0.40022,-4.4732,210,81.81
0.54998,-4.0331,203,76.285
1.1353,-3.5705,187,72.059
1.3972,-4.8851,211,75.309
1.4696,-5.6392,245,65.103
1.9033,-5.5796,243,63.391
2.1361,-5.5602,236,68.403
2.2053,-5.5638,226,59.24
2.3253,-4.8672,233,71.124
2.1743,-4.6507,231,63.441
2.1467,-5.1369,224,63.598
1.9866,-4.9948,214,59.215
2.1065,-5.0156,218,61.282
2.2806,-4.6369,224,60.439
2.5931,-4.6324,224,63.35
2.214,-5.0554,217,62.118
2.105,-4.7205,216,62.06
1.9964,-5.3321,218,64.384
1.4533,-5.2928,223,69.156
0.58678,-5.378,238,60.621
1.254,-5.1036,226,61.456
2.4272,-4.7081,209,74.3
1.4571,-4.7723,213,68.693
3.4521,-4.1666,194,56.337
2.509,-5.5162,217,60.902
2.9367,-5.118,200,58.727
2.1494,-5.8357,225,61.175
3.5173,-4.049,228,58.198
3.0618,-4.4896,224,59.769
3.5075,-3.194,212,57.991
3.7769,-2.5082,192,55.096
3.7359,-2.4188,196,55.179
3.1697,-3.3581,201,55.981
3.5973,-3.6669,218,56.097
4.0395,-4.0833,224,59.38
4.3679,-5.2747,213,57.139
4.5787,-4.7508,228,65.674
5.5071,-4.9229,189,71.48
3.4227,-5.8832,192,69.313
4.3506,-6.2536,209,80.007
3.3726,-6.073,223,65.947
2.7232,-5.0872,227,65.98
3.0847,-4.7345,230,56.097
2.1124,-4.1346,226,54.435
1.7852,-3.0069,221,62.391
1.4556,-2.4817,212,53.881
1.5842,-2.3869,224,52.549
2.1803,-2.0655,208,56.974
2.7617,-2.2685,201,67.08
3.7846,-2.5771,231,59.959
3.7852,-3.8757,221,60.621
3.6019,-4.5569,218,63.598
3.1499,-5.2693,230,67.245
1.6533,-7.3698,245,76.839
1.7483,-7.7165,257,70.165
1.6865,-7.4077,235,68.304
2.062,-7.265,248,66.617
2.6898,-6.7874,232,61.357
1.905,-6.928,240,66.361
3.3489,-7.4105,246,63.325
3.4829,-6.3823,232,71.596
3.3024,-5.8253,228,64.45
2.6366,-6.2514,237,68.378
3.2998,-5.7373,231,72.44
3.2291,-5.7815,223,70.289
3.0817,-5.605,229,65.128
3.2601,-5.8388,217,68.097
2.8408,-6.272,217,66.534
2.9842,-6.2717,207,73.01
3.0882,-6.3688,218,69.619
1.8828,-6.7051,162,66.162
2.0763,-6.464,151,86.292
2.4055,-5.8005,142,90.7
4.6009,-5.2854,486,81.164
4.0477,-5.3534,489,80.635
3.7573,-5.2239,487,81.007
3.8051,-5.6243,479,80.271
3.1453,-5.8174,471,77.922
3.2957,-5.8706,479,79.336
3.3162,-5.674,483,79.427
3.1674,-6.8855,465,76.582
2.7117,-6.5402,450,76.375
2.4231,-6.4277,482,82.214
1.9585,-6.8605,487,85.142
1.1113,-6.9581,474,83.182
2.3644,-6.9933,442,81.164
4,-6.6063,451,80.271
3.6369,-7.0606,460,76.698
2.0266,-7.0468,459,81.131
1.9045,-6.3374,444,75.739
2.5089,-6.3244,411,73.886
2.4884,-6.6033,466,79.973
2.7512,-6.4916,440,75.929
1.3441,-7.3659,414,77.765
1.3726,-7.4953,426,74.415
1.6178,-6.89,455,79.973
2.3585,-5.7465,426,74.258
2.501,-6.7247,473,83.372
3.0778,-8.6086,490,84.679
2.6102,-8.9564,446,78.385
1.0735,-7.1821,434,75.499
2.7107,-6.9658,410,75.474
2.9253,-8.0439,449,76.954
2.3795,-7.9597,459,79.865
2.2848,-8.6142,419,77.442
2.2987,-6.8599,444,76.764
3.1515,-6.4649,437,74.258
2.2976,-7.3631,405,74.415
1.8559,-6.5385,380,70.917
2.2865,-5.8313,439,78.509
1.9152,-7.6985,418,78.939
2.2835,-6.5746,422,79.882
1.7913,-9.0397,408,75.341
1.5166,-7.7963,392,74.556
3.1067,-8.548,400,74.457
2.3103,-7.747,401,76.987
1.3627,-9.2771,357,75.829
0.66054,-7.6312,387,73.233
1.776,-8.636,465,83.819
2.2037,-8.5585,493,87.184
0.63529,-7.2581,484,84.29
1.802,-6.655,462,84.91
1.434,-6.6472,468,95.38
0.5987,-8.1895,451,81.404
3.1953,-8.7449,406,84.761
3.55,-7.3024,397,83.943
3.5707,-6.4967,438,79.419
2.1266,-5.2964,417,78.013
2.3872,-7.7372,437,81.47
2.55,-7.8792,415,75.821
2.8277,-7.9994,428,76.582
3.3667,-8.3553,442,77.326
2.5531,-6.8364,517,92.618
4.4136,-4.9856,525,89.434
4.7717,-5.8918,506,89.723
5.7593,-7.9057,487,87.441
4.1043,-9.0935,457,87.144
1.7462,-6.5395,551,87.333
-0.79866,-7.3721,512,87.565
1.4649,-7.5968,489,79.551
2.1228,-7.8962,467,80.387
3.5585,-8.4439,455,79.601
6.288,-9.2837,488,92.75
5.701,-7.2216,467,97.415
5.701,-7.2216,467,97.415
3.0346,-7.5517,426,82.098
1.6789,-7.2893,485,85.696
1.4261,-6.6828,492,85.704
0.19841,-6.4077,471,80.643
0.58881,-6.1929,443,77.922
0.34877,-6.4153,402,75.093
-0.52422,-6.2541,436,80.478
-0.5064,-7.4097,410,76.673
-2.4683,-6.6838,425,76.64
1.6054,-6.9385,421,80.394
2.4063,-4.7663,479,86.531
0.68444,-5.3121,516,87.499
-0.26722,-7.1188,463,90.857
-0.80562,-7.0189,440,80.577
1.6291,-5.4832,456,82.231
1.4739,-4.3377,497,88.309
-0.5721,-3.3975,512,100.42
0.19988,-3.7089,411,87.648
0.52099,-4.9373,379,81.387
0.23302,-4.1153,453,84.852
2.9821,-3.5127,423,83.231
2.824,-6.6613,420,82.032
2.6319,-8.4769,465,80.643
1.9612,-7.678,480,82.62
4.5748,-8.8312,503,83.306
3.5878,-9.9338,457,88.971
5.1647,-7.5595,402,80.808
5.7193,-7.3483,439,84.083
7.9619,-6.4323,515,100.78
8.9984,-8.4084,591,114.17
9.0286,-9.4235,615,129.42
5.92,-9.0917,573,109.89
2.8494,-9.6677,566,108.26
0.29868,-7.1308,518,93.544
0.57078,-6.533,458,78.989
-2.3988,-7.3615,487,80.808
-3.251,-8.8157,530,93.635
-1.4912,-5.9333,506,89.351
-3.2455,-7.3985,583,98.663
-2.3468,-9.908,532,89.227
-1.4799,-9.084,660,129.46
-5.523,-8.1535,655,119.64
-4.3893,-7.2576,640,118.45
-1.1609,-9.7455,623,110.61
1.1278,-10.777,629,125.81
1.2881,-12.921,637,119.29
-1.6356,-11.442,582,107.71
-1.8553,-7.9834,512,91.436
-3.7102,-11.464,440,91.609
-1.5977,-10.678,444,88.078
1.3733,-12.671,477,86.068
0.69253,-11.914,455,80.212
1.2012,-10.009,461,79.584
3.7188,-9.619,473,81.718
5.4955,-13.368,507,90.766
3.0346,-11.347,483,81.503
3.6566,-9.2066,426,75.284
3.9666,-7.7889,477,82.396
2.4044,-8.1689,550,89.889
2.4482,-7.2363,473,82.62
1.7326,-11.265,512,89.831
1.0785,-10.018,541,100.97
3.6603,-10.347,512,91.345
1.1794,-8.7372,515,91.956
-1.0977,-11.698,490,88.111
-3.7212,-9.2368,489,97.878
-0.22368,-9.0773,429,84.538
-3.0691,-9.659,402,81.685
-3.069,-10.09,389,83.472
-2.7646,-11.619,414,86.92
-2.339,-13.575,452,94.884
-2.4967,-10.82,462,90.633
-3.6002,-11.669,484,91.601
-1.9014,-9.6808,416,77.525
1.0285,-7.5665,366,74.085
0.71711,-7.365,385,72.67
2.611,-6.071,417,81.205
-2.9476,-7.1529,431,84.629
-3.9924,-8.7144,428,75.474
-4.2597,-8.9939,414,76.127
-4.2014,-10.755,408,75.391
-6.0014,-10.224,423,80.064
-6.5394,-10.518,479,88.69
-6.2019,-8.0226,529,99.912
-4.1858,-6.5928,540,91.948
-6.5981,-1.8938,568,92.643
-11.746,-0.3975,665,115.87
-8.7487,-4.8498,640,102.13
-7.4439,-9.5902,603,97.895
-1.3797,-9.9948,535,102.81
-4.1193,-10.38,550,94.198
-1.1936,-7.488,518,85.969
2.8845,-8.3638,567,101.24
13.458,-11.264,692,103.05
19.122,-14.492,753,142.84
18.315,-23.345,708,120.22
24.999,-29.999,681,102.93
26.549,-34.706,664,103.04
37.529,-38.035,708,114.42
44.064,-44.009,718,112.31
42.67,-52.88,717,127.33
43.282,-63.651,713,113.7
44.704,-72.909,670,99.963
44.094,-82.982,664,100.41
41.714,-88.944,661,102.05
41.695,-95.135,675,105.07
41.405,-90.094,606,94.322
42.011,-88.065,597,106.21
46.381,-94.135,637,110.05
51.829,-96.764,658,125.66
57.411,-103.24,698,130.8
60.808,-113.1,659,97.919
57.822,-121.79,637,111.02
58.506,-127.46,613,100.88
62.505,-135.59,597,93.743
63.599,-137.84,579,88.028
63.164,-139.03,535,84.654
62.171,-142.68,508,85.596
60.042,-139.98,544,83.645
52.248,-138.3,447,79.973
49.99,-136.74,398,73.952
58.429,-140.02,461,82.421
58.793,-140.7,510,90.65
64.625,-145.55,553,99.721
61.014,-151.09,503,94.14
66.971,-156.75,541,118.64
70.367,-166.21,549,119.29
73.876,-175.14,567,104.66
78.099,-184.37,523,97.919
80.287,-188.54,557,103.28
79.351,-186.87,611,130.12
83.284,-191.55,588,105.28
84.12,-200.08,605,108.99
85.316,-206.14,606,105.17
89.522,-206.01,580,99.325
92.005,-215.42,544,94.967
96.266,-217.79,546,91.882
95.172,-221.8,455,81.867
94.111,-225.94,412,75.556
94.999,-226.74,335,68.287
94.936,-232.86,298,62.812
97.236,-238.46,291,65.955
103.12,-235.51,307,66.484
106.28,-231.58,365,72.869
109.83,-225.94,404,77.459
114.36,-222.48,469,77.508
119.76,-219.43,570,94.496
123.3,-225.31,602,107.71
118.28,-223.3,540,103.41
120.2,-221.27,491,102.98
122.18,-217.12,403,76.64
125.08,-210.28,395,77.368
131.62,-202.66,436,82.371
136.86,-193.96,454,81.081
139.87,-194.42,413,95.645
130.5,-190.87,440,93.561
129.43,-185.42,445,89.385
129.53,-175.51,411,77.599
126.01,-170.25,431,82.338
118.4,-167.76,456,93.189
111.2,-163.96,477,93.519
107.55,-161.78,526,93.561
112.66,-163.43,430,81.561
112.87,-164.9,436,76.119
110.9,-168.82,486,79.609
114.77,-165.06,512,80.394
113.31,-167.3,481,82.818
113.86,-171.62,461,84.125
115.51,-171,430,75.201
114.04,-173.19,449,78.782
113.58,-178.42,357,74.415
106.72,-177.3,407,73.63
108.87,-183.06,371,70.305
116.66,-185.27,380,72.017
126.93,-181.32,448,80.105
137.62,-182.61,540,92.212
143.56,-185.56,543,86.093
144.79,-186.95,582,105.54
150.65,-179.92,627,110.58
153.61,-171.76,608,95.645
159.29,-163.08,590,93.859
160.38,-155.78,594,88.21
160.95,-151.62,611,101.75
167.41,-153.93,563,89.658
161.79,-154.63,576,94.901
161.28,-157.2,481,77.947
158.6,-152.29,504,84.703
160.23,-152.48,525,89.55
163.3,-150.21,493,83.529
167.97,-150.22,463,81.594
171.78,-146.04,430,81.677
179.85,-145.93,416,82.322
190.51,-149.07,423,80.924
195.72,-153.87,431,87.35
196.81,-158.89,431,94.115
202.29,-154.42,402,84.158
209.55,-150.58,459,82.264
207.58,-151.22,388,78.989
203.51,-154.98,371,76.582
198.4,-163.39,382,72.579
195.57,-167.83,428,75.342
202.14,-168.18,445,79.518
203.67,-165.14,395,77.765
205.05,-163.3,438,93.222
207.84,-156.57,528,97.605
214.12,-158.71,541,95.521
221.56,-161.49,535,92.825
231.52,-161.64,472,87.631
232.43,-160.36,481,93.528
232.19,-162.99,528,94.016
232.97,-167.31,556,86.589
230.46,-165.31,527,87.838
230.75,-167.96,564,92.734
232.67,-165.44,556,98.622
236.38,-165.29,552,91.559
230.74,-168.14,576,100.97
228.37,-172.33,566,95.686
226.8,-174.84,597,96.158
235.95,-180.51,583,94.529
235.85,-184.64,586,90.931
239.54,-192.16,615,103.49
236.96,-202.63,625,98.887
230.54,-205.47,619,96.364
222.76,-203.03,602,104.41
217.31,-198.99,549,97.142
211.61,-197.11,490,80.709
210.79,-198.3,383,72.687
203.94,-200.72,301,72.298
203.08,-200.42,329,75.201
201.74,-202.8,361,71.446
202.37,-201.83,351,74.258
204.46,-202.66,334,75.772
203.15,-203.4,325,74.837
196.86,-197.75,315,73.861
196.64,-199.48,331,72.505
194.8,-198.26,360,81.089
192.26,-191.77,401,90.286
185.3,-191.71,450,98.25
180.49,-194.84,432,103.29
175.68,-194.88,532,96.083
169.84,-192.44,599,104.65
160.82,-185.28,643,115.19
159.24,-173.4,662,131.62
165,-158.37,679,115.06
161.1,-155.88,630,95.438
155.79,-150.89,557,88.227
159.96,-149.7,536,85.423
159.04,-154.69,503,79.212
155.18,-153.08,440,74.647
156.96,-154.29,478,78.335
157.29,-154.8,471,77.55
160.74,-154.13,448,78.17
157.93,-155.1,443,75.73
153.33,-148.86,412,74.258
154.32,-148.35,445,82.057
156.43,-150.9,429,80.114
155.13,-150.91,387,80.089
152.6,-148.73,379,85.216
153.79,-153.24,360,72.364
152.86,-156.81,360,77.74
150.95,-155.76,327,77.227
156.3,-155.19,287,70.148
155.77,-154.77,292,70.611
155.67,-152.04,300,71.421
152.26,-152.77,326,71.38
152.19,-151.36,362,71.537
155.06,-146.27,352,70.818
156.45,-143.4,292,65.219
157.66,-146.45,275,62.655
154.95,-149.63,307,68.568
155.81,-152.94,304,67.361
154.1,-147.51,311,68.833
155.46,-149.22,276,68.469
153.37,-149.96,294,71.744
152.36,-147.69,307,68.932
155.74,-145.17,361,74.738
152.96,-144.61,449,84.224
150.76,-143.45,473,81.197
149,-140.25,494,96.257
151.25,-140.12,495,93.908
153.47,-141.67,379,76.971
155.11,-146.3,312,75.085
154,-148.65,325,70.586
153.92,-146.48,292,65.599
156.42,-140.52,266,62.589
155.23,-145.51,292,64.615
153.39,-143.85,324,67.336
160.67,-141.02,393,89.062
157.06,-142.59,380,82.421
157.64,-141.17,342,81.577
153.59,-140.7,304,67.501
156.02,-139.49,361,75.945
155.93,-138.78,454,83.719
157.35,-140.02,373,79.336
154.61,-141.7,325,70.239
154.79,-139.98,302,65.856
154.73,-136.1,323,68.064
156.88,-139.19,390,86.25
156.72,-138.16,361,76.474
156.99,-138.35,379,92.916
157.75,-136.98,388,79.65
157.17,-137.81,338,68.717
154.96,-137.41,303,61.894
156.42,-138.39,305,63.366
154.25,-138.86,290,72.985
155.13,-137.77,282,62.68
156.74,-137.34,309,70.247
156.42,-141.36,278,69.552
159.43,-141.42,313,71.529
161.83,-142.24,397,83.711
169.32,-149.68,482,99.193
167.79,-159.65,565,102.89
168.2,-160.57,571,121.91
162.65,-161.25,652,159.11
158.61,-161.32,614,151.96
151.47,-165.06,576,143.52
151.16,-172.08,542,165.95
151.68,-174.11,508,162.7
152.33,-180.48,500,168.5
149.43,-181.57,574,173.7
152.04,-177.2,572,161.44
156.33,-176.13,593,168.89
158.95,-174.8,646,182.7
164.69,-177.2,635,173.81
166.8,-183.46,602,163.97
166.73,-186.38,571,149.05
164.61,-183.45,487,115.49
167.12,-186.66,378,89.434
168.44,-186.78,391,91.783
166.7,-190.26,407,96.795
165.89,-192.43,425,81.263
164.8,-190.52,296,69.065
162.58,-188.58,359,79.377
160.27,-186.02,352,81.867
157.86,-186.89,400,85.051
159.04,-186.73,373,78.476
156.78,-185.66,481,89.343
154.66,-191.35,569,124.09
160,-195.51,606,100.73
162.54,-198.43,582,124.8
163.02,-200.47,614,113.72
172.07,-201.46,551,92.411
177.32,-195.09,586,116.52
185.32,-188.43,601,123.96
199.4,-193.3,622,122.84
210.63,-194.74,609,116.77
227.85,-195.04,591,128.19
231.68,-193.45,612,128.51
231.14,-206.18,678,128.54
234.39,-216.56,626,112.2
237.43,-223.5,630,119.08
244.18,-228.8,651,131.88
254.56,-233.45,553,109.97
251.09,-236.76,530,100.6
249.38,-242.49,484,96.489
255.05,-246.25,455,88.4
250.54,-255.84,441,92.477
253.66,-263.29,434,85.489
252.75,-269.35,382,79.882
252.34,-271.47,397,76.814
254.9,-271.18,371,85.886
257.28,-271.06,365,80.155
255.4,-272.27,396,80.113
254.07,-272.94,352,74.051
253.25,-275.18,342,76.574
252.58,-275.79,296,69.106
250.39,-273.27,286,96.472
246.6,-274.98,254,99.689
243.97,-274.95,332,87.59
250.02,-266.5,360,102.46
255.54,-261.7,379,112.2
255.39,-265.24,308,79.584
257.74,-265.75,330,86.994
257.08,-262.38,347,89.632
255.83,-262.16,335,86.514
252.79,-263.36,342,80.37
252.51,-269.26,291,75.482
249.89,-266.72,287,72.761
248.14,-265.98,273,65.26
251.23,-264.96,227,85.216
259.58,-263.65,273,82.776
257.22,-265.22,284,78.865
257.59,-264.45,288,83.901
257.53,-262.84,394,82.933
262.73,-263.87,374,82.603
264.44,-268.37,387,92.783
262.63,-263.69,377,99.648
260.55,-261.36,368,104.53
264.06,-257.79,311,90.286
267.14,-255.61,326,86.109
267.38,-255.44,366,93.618
270.9,-254.62,389,88.582
276.33,-256.68,368,81.875
275.82,-260.39,414,78.856
278.91,-257.85,446,85.299
280.17,-260.27,366,72.389
278.72,-256.12,394,73.82
276.64,-257.52,363,77.823
271.81,-262.35,340,70.727
273.51,-263.22,336,75.797
267.73,-261.41,269,64.582
266.64,-254.98,334,69.387
262.85,-254.37,320,68.618
260.57,-254.54,299,66.873
259.93,-258.04,331,68.651
262.25,-258.33,337,73.448
263.06,-258.52,303,85.043
261.55,-267.65,364,80.66
263.75,-272.41,330,82.148
267.43,-270.63,384,80.395
262.57,-267.88,343,83.835
260.3,-267.5,465,116.81
264.81,-268.85,439,110.64
267.1,-268.11,358,94.992
265.28,-266.61,326,87.557
272.42,-269.24,296,77.74
276.02,-263.18,312,78.848
272.25,-260.94,327,80.295
269.8,-266.88,280,76.516
270.94,-266.54,266,68.287
269.35,-265.64,294,73.621
268.82,-264.42,251,69.279
265.85,-259.96,244,66.435
264.62,-261.35,268,75.524
268.02,-261.44,283,73.34
265.14,-263.51,301,75.755
266.78,-262.64,324,68.552
265.68,-262.21,344,80.949
264.71,-262.04,334,75.763
259.23,-264.9,415,87.143
260.01,-262.57,337,72.596
254.49,-260.77,332,74.829
254.52,-255.83,387,84.191
256.55,-255.26,394,94.512
260.82,-254.53,363,82.082
259.12,-254,368,89.153
259.17,-256.1,328,94.652
263.28,-258.53,340,101.62
264.23,-261.54,342,96.794
267.05,-263.39,335,103.28
272.82,-264.73,363,100.9
277.58,-265.93,396,103.48
280.83,-266.78,397,98.697
286.41,-265.69,437,99.871
291.46,-265.85,482,101.28
295.05,-266.09,488,113.66
294.92,-269.76,549,122.71
295.21,-264.57,525,123.99
300.19,-269.15,405,98.945
299.29,-265.52,384,86.002
302.69,-269.54,417,99.193
311.64,-266.78,438,89.062
321.63,-264.65,480,85.969
324.3,-267.8,404,80.668
325.87,-258.33,401,85.77
333.87,-258.1,434,88.474
339.2,-258.4,428,85.886
335.58,-259.71,483,110.5
344.35,-255.47,476,107.43
348.49,-249.99,421,83.694
348.11,-249.51,353,75.408
347.08,-248.99,348,69.139
354.23,-251.46,421,84.001
355.75,-251.2,475,94.785
357.47,-252.03,358,88.847
361.25,-252.35,316,78.195
367.72,-257.78,216,55.592
371.19,-265.57,561,110.44
371.09,-277.42,517,108.21
375.7,-278.03,461,88.872
374.5,-275.8,436,79.03
372.73,-281.93,369,72.712
372.6,-283.75,344,68.8
368.01,-284.01,330,76.632
373.53,-282.5,314,63.408
366.94,-279.82,294,64.615
367.07,-281.28,327,78.542
365.5,-282.24,370,79.303
361.61,-287.02,352,80.296
363.16,-288.15,364,82.231
360.48,-286.31,327,75.615
360.2,-282.59,308,69.039
362.06,-283.04,297,70.371
364.19,-284.14,262,64.987
368.31,-282.99,302,71.446
371.35,-283.46,365,94.529
377.88,-285.53,390,97.109
383.72,-292.14,381,94.504
389.23,-300.64,375,98.614
395.87,-307.67,397,97.316
398.71,-312.77,367,112.15
393,-317.52,426,106.66
395.08,-315.36,412,95.645
395.68,-314.78,429,111.95
393.07,-321.41,425,105.4
393.41,-312.47,416,95.265
392.67,-306.21,440,93.313
390.01,-301.11,431,91.725
396.98,-297.08,386,78.956
400.09,-298.78,395,80.949
401.22,-296.95,410,81.561
408.01,-294.82,361,111.17
411.78,-289.99,262,98.011
417.9,-281.59,401,117.46
423.1,-281.99,413,107.08
426.73,-278.39,379,80.577
426.26,-276.45,398,83.753
428.93,-273.87,339,145.04
434.94,-271.44,372,107.22
439.81,-264.58,288,104.25
436.18,-273.44,237,152.96
434.95,-275.43,251,85.275
447.93,-268.66,372,139.24
441.51,-267.48,420,129.41
434.53,-268.44,424,108.7
444.33,-268.67,367,110.99
445.24,-269.13,357,87.069
443.03,-270.55,315,86.59
439.74,-268.88,275,66.989
440.02,-272.78,264,63.813
441.83,-277.79,312,68.725
444.3,-279.06,271,69.023
446.35,-282.99,269,72.34
448.44,-281.68,252,82.512
452.64,-278.84,241,77.277
458.05,-281.09,206,102.13
463.35,-284.19,327,112.11
474.79,-286.04,337,111.92
474.7,-282.01,306,135.64
469.45,-285.06,312,126.45
467.12,-286.05,264,77.964
460.79,-284.41,245,65.748
460.13,-283.36,287,93.47
464.54,-284.17,296,96.654
464.98,-284.26,299,93.66
467.12,-287.47,272,85.539
468.88,-288.62,279,90.096
470.65,-293.88,235,82.876
473.33,-297.03,286,71.744
475.09,-299.89,321,108.88
476.83,-299.36,315,123.66
476.1,-290.37,317,117.67
475.47,-281.73,348,118.96
476.06,-281.43,399,120.58
475.52,-277.12,420,110.18
472.22,-266.5,417,105.61
464.3,-263.32,392,108.07
457.46,-261.65,408,82.355
447.29,-266.33,438,80.569
441.31,-270.67,475,97.944
432.7,-280.94,496,89.335
428.38,-289.14,524,104.51
429.25,-300.27,571,108.66
432.21,-305.82,614,160.13
436.29,-306.87,612,124.28
441.39,-310.36,556,120.66
436.18,-313.45,560,128.2
446.62,-311.91,504,118.68
453.93,-310.09,465,133.11
447.96,-310.92,488,132.38
453.67,-312.42,456,135.76
460.79,-318.12,399,147.31
458.48,-330.37,429,130.03
459.43,-339.73,408,134.54
459.48,-348.65,373,132.95
454.39,-350.71,422,135.07
455.62,-352.59,392,115.59
452.76,-348.63,445,111.73
448.56,-347.58,408,104.26
438.75,-349.72,400,89.848
430.69,-355.2,432,95.108
424.61,-355.05,460,94.992
425.96,-355.27,415,95.521
429.47,-351.74,389,92.536
426.45,-350.07,402,95.951
421.42,-349.03,443,97.853
414.42,-349.2,515,101.69
407.74,-347.32,463,95.472
403.43,-346.68,469,100.69
392.37,-349.17,404,81.85
386.86,-356.27,399,83.041
384.87,-355.54,379,95.935
381.71,-348.82,366,90.121
375.69,-350.53,391,87.292
376.6,-358,407,111.05
377.32,-363.01,388,116.12
376.79,-366.22,412,136.7
373.35,-367.02,452,125.35
366.91,-365.82,480,134.39
358.63,-364.22,483,131.15
353.8,-358.6,458,116.05
346.9,-353.68,438,110.43
342.41,-352.43,471,116.8
332.18,-357.11,431,107.8
326.32,-360.32,484,121.51
320.52,-362.52,540,139.74
313.98,-362.06,576,132
309.56,-361.49,550,122.22
307.66,-360.77,445,114.23
300.55,-363.77,446,122.39
301.72,-362.85,405,94.47
305.53,-365,387,92.783
305.14,-365.52,370,73.812
303.84,-366.77,443,85.572
299.4,-364.5,421,83.835
297.14,-363.3,424,96.538
298.07,-361.47,489,107.03
300.03,-358.73,458,112.38
298.53,-357,550,144.94
291.59,-352.78,612,141.64
283.8,-351.99,640,175.24
275.34,-350.68,582,137.18
274.24,-354.52,603,141.1
271.18,-360.78,574,127.47
266.26,-366.02,635,150.91
261.21,-360.9,723,172.18
261.47,-362.57,731,169.86
259.99,-364.58,687,151.1
251.69,-370.31,662,140.74
243.81,-374.02,679,135.17
241.84,-377.17,716,174.67
234.49,-386.5,717,141.71
235.22,-392.08,735,139.54
231.57,-394.96,692,138.25
233.89,-389.57,724,127.21
236.98,-386.01,759,154.74
237.05,-387.57,605,111.76
233.94,-385.35,463,91.609
230.71,-381.64,434,88.698
222.96,-376.33,345,78.137
224.43,-379.26,412,95.397
223.66,-386.57,416,86.738
223.97,-384.27,324,70.628
223.3,-384.9,290,68.626
226.06,-382.96,305,79.427
225.23,-382.15,392,90.071
228.55,-380.74,415,90.939
232.14,-381.2,407,87.846
232.77,-386.17,435,88.698
236.86,-385.52,504,93.007
236.96,-388.39,587,109.09
239.36,-388.23,588,110.22
244.66,-387.57,594,120.99
251.93,-383.99,704,134.37
265.99,-381.22,795,147.41
279.04,-381.76,726,143.4
283.86,-382.97,691,131.28
284.37,-385.08,650,109.17
279.08,-391.9,563,93.379
282.34,-398.96,620,107.06
289.32,-407.35,576,96.58
290.62,-419.04,574,95.058
294.44,-431,585,116.5
298.07,-438.91,485,126.39
297.3,-444.7,277,68.899
290.76,-449.62,604,136.77
281.3,-457.76,645,138.15
272.19,-464.56,687,124.76
268.69,-465.59,701,145.33
259.12,-468.12,673,105.08
261.72,-465.84,635,130.28
262.75,-461.91,745,195.84
257.49,-468.74,756,167.76
253.87,-475.54,756,178.58
251.79,-468.93,724,175.47
250.24,-463.04,638,146.44
245.76,-461.35,576,116.67
235.6,-462.87,547,120.98
225.3,-457.97,606,129.37
221.5,-453.05,691,156.77
220.48,-454.65,620,117.35
217.39,-450.18,626,144.91
217.04,-441.33,601,107.06
217.49,-438.57,586,102.37
213.64,-438.38,523,118.08
209.38,-436.38,533,98.25
203.02,-437.99,683,136.64
198.11,-438.53,729,160.83
187.17,-439.76,758,157.76
172.45,-439.71,722,137.96
166.83,-438.8,756,165.77
167.37,-435.59,732,170.61
161.14,-433.25,696,175.77
155.12,-434.49,759,212.03
151.98,-442.62,708,182.16
149.82,-451.68,705,174.16
146.59,-452.98,681,184.7
138.47,-457.41,496,99.275
135.38,-459.14,258,74.911
132.52,-457.38,678,154.15
121.36,-455.74,667,124.62
117.47,-455.5,737,179.46
108.29,-451.05,723,142.68
100.13,-443.7,900,168.18
94.564,-438,877,173.27
87.255,-432.19,762,148.08
84.744,-433.25,730,150.8
73.246,-431.76,473,106.47
72.585,-434.44,466,126.81
71.619,-442.28,531,177.68
71.067,-453.96,725,184.87
71.469,-464.49,719,187.96
76.048,-478.92,656,186.99
79.681,-491.89,668,180.85
79.804,-505.65,667,178.22
77.58,-506.37,659,153.31
74.952,-511.27,468,170.38
75.428,-524.22,446,159.44
67.892,-524.31,396,148.59
63.8,-526.53,389,135.5
57.849,-525.5,211,97.664
54.079,-525.42,374,134.17
48.521,-523.65,708,190.08
45.12,-521.25,796,225.85
41.026,-520.27,861,218.09
28.454,-514.75,786,191.39
21.43,-510.12,708,145.44
14.213,-501.71,669,151.1
9.8459,-489.01,711,185.34
17.072,-476.55,740,169.25
18.11,-464.86,825,209.05
19.702,-458.75,794,157.35
26.425,-460.49,638,129.49
24.793,-458.69,588,130.07
29.969,-450.38,559,147.5
31.977,-445.2,736,216.18
30.445,-441.14,851,265.26
30.702,-454.45,721,148.56
38.944,-456.06,692,144.79
47.692,-453.29,693,119.93
50.846,-443.74,901,213.87
53.591,-448.11,770,146.73
54.611,-443.75,722,117.74
52.098,-439.71,879,169.08
53.848,-437.43,982,197.14
52.389,-437.23,867,172.21
49.418,-432.21,851,159.99
46.876,-427.88,763,146.81
45.029,-425.83,643,127.53
43.25,-418.74,592,117.13
47.91,-413.41,640,150.54
50.367,-410.32,693,170.18
55.133,-402.93,478,148.49
51.869,-404.28,626,235.73
56.855,-390.88,531,112.91
58.461,-384.55,635,136.24
53.315,-392.58,727,164.57
53.359,-394.99,709,153.36
53.285,-389.29,724,179.93
51.74,-389.8,799,201.95
50.731,-384.74,822,239.73
46.255,-381.85,774,193.03
43.955,-375.76,840,224.06
35.97,-372.68,822,236.32
29.972,-370.88,866,213.83
23.954,-368.92,835,230.72
27.749,-361.22,762,151.91
21.093,-354.65,855,174.29
20.172,-353.45,765,166.09
15.662,-348.81,836,208.95
5.9668,-344.83,879,259.07
0.40455,-342.17,883,233.35
-0.37664,-340.81,700,166.52
-8.2923,-336.39,713,160.34
-10.681,-338.42,763,186.07
-23.262,-341.87,551,152.07
-28.783,-352.91,1068,281
-30.053,-357.01,1106,295.46
-27.727,-371.4,1173,341.95
-30.177,-376.43,1059,256.1
-27.813,-377.76,1169,268.27
-32.436,-375.41,1180,315.64
-36.116,-373.73,1249,365.27
-41.897,-369.13,1271,362.35
-51.707,-362.64,1157,298.83
-51.261,-367.95,1405,389.74
-63.216,-350.37,1055,306.62
