0,-0,153,56.576
-0.15268,0.54603,164,60.141
0.018548,1.0538,185,63.995
0.71414,1.1468,228,81.503
1.7985,1.111,259,93.859
3.3869,-0.36928,234,97.043
6.1639,-2.0841,209,93.495
9.6965,-4.9544,167,67.642
8.5031,-8.3611,211,114.82
11.738,-9.7246,202,105.02
12.112,-12.8,224,101
13.637,-16.427,221,86.763
12.942,-17.415,267,138.85
13.658,-20.089,276,127.65
14.472,-22.118,337,104.16
16.336,-26.211,312,124.64
16.281,-28.305,342,123.78
17.195,-30.231,340,110.59
17.347,-32.558,365,125.72
18.216,-34.063,371,96.977
19.446,-36.835,401,91.634
20.316,-39.217,394,108.9
21.524,-41.528,397,92.66
21.325,-44.147,396,88.855
21.774,-47.116,399,95.77
22.953,-49.399,400,112.47
23.662,-52.849,383,119.85
24.68,-55.753,389,110.05
25.814,-58.76,399,84.117
26.136,-61.35,384,85.432
27.277,-64.176,386,77.393
27.867,-66.835,382,103.43
28.482,-69.194,385,88.888
28.574,-72.113,373,98.672
29.814,-74.336,358,105.49
30.484,-76.994,360,104.35
32.554,-79.503,359,108.47
36.131,-81.043,403,133.57
36.672,-83.513,402,135.48
36.114,-85.513,392,136.22
36.113,-87.862,405,124.87
35.42,-88.998,424,138.89
36.799,-89.402,408,143.57
38.282,-91.35,415,132.61
38.338,-92.098,398,122.52
38.127,-91.956,383,125.14
38.44,-91.592,363,125.05
38.496,-91.367,354,123.91
38.587,-91.045,346,121.57
38.885,-90.955,357,118.18
38.733,-90.829,365,115.68
38.684,-90.787,378,119.72
38.21,-91.588,386,133.23
38.06,-93.245,381,136.28
36.737,-94.524,409,132.94
36.406,-94.269,399,135.53
35.789,-94.894,405,134.99
35.97,-95.328,412,138.9
35.118,-94.553,393,128.39
35.269,-93.811,380,128.31
35.5,-93.706,365,132.27
35.724,-93.874,362,122.8
35.451,-93.623,356,127.1
35.388,-93.748,334,126
35.628,-93.988,338,134.35
36.136,-94.253,365,135.37
36.196,-94.442,389,137.3
36.782,-94.944,408,139.73
36.492,-96.803,413,146.04
35.608,-97.57,402,163.99
34.932,-96.727,428,161.85
34.481,-96.296,440,165.36
35.463,-97.239,427,165.22
36.456,-97.606,435,183.01
35.257,-101.76,351,134.67
35.593,-101.94,331,118.42
35.901,-101.7,318,117.06
36.325,-101.64,302,111.17
36.844,-102.48,295,111.38
37.181,-103.58,278,107.72
37.054,-104.27,295,96.563
36.23,-104.24,299,107.48
35.064,-103.86,326,105.25
34.867,-104.96,329,114.52
34.396,-107.17,325,118.31
33.962,-108.95,325,133.81
33.498,-109.6,341,144.02
34.702,-110.06,343,139.68
36.547,-110.88,355,137.1
38.202,-113.54,289,120.8
37.431,-114,295,142.38
36.47,-113.43,260,118.98
33.919,-112.24,301,134.1
34.304,-111.96,307,129.83
34.468,-112.34,298,116.82
34.083,-112.56,302,109.38
33.904,-113.28,285,110.23
33.237,-113.66,267,114.92
34.007,-113.8,268,110.25
35.176,-113.73,302,98.176
36.33,-113.21,322,86.184
37.652,-113.73,334,94.893
38.98,-115.04,350,96.233
38.916,-116.79,344,102.25
38.587,-118.27,359,105.37
39.194,-119.99,373,113.6
39.492,-119.58,365,107.76
39.63,-118.76,346,108.01
39.482,-119.63,322,104.38
39.438,-120.19,311,98.961
39.055,-120.6,308,98.639
38.309,-120.3,310,103.18
37.985,-120.28,298,99.788
37.72,-121.01,301,107.65
37.605,-120.42,293,110.86
37.32,-119.69,314,105.4
38.004,-120.06,333,102.26
38.457,-119.64,333,107.6
38.184,-120.37,326,105.08
38.424,-119.92,334,113.24
38.648,-120.24,330,112.8
38.242,-120.47,321,112.05
37.27,-119.97,304,109.97
37.411,-119.86,324,123.91
37.826,-119.64,328,121.2
37.491,-119.87,322,126
37.098,-118.51,306,122.63
37.747,-116.52,324,146.14
37.944,-117.13,357,131.83
40.27,-120.1,393,126.89
42.133,-121.38,412,121.47
43.039,-121.17,415,125.03
42.768,-120.98,394,124.1
42.367,-121.39,370,124.82
42.396,-121.43,365,117.88
42.368,-121.74,362,114.87
42.583,-121.67,355,120.3
42.124,-121.2,364,123.45
41.851,-120.44,365,118.12
41.219,-120.43,371,123.33
41.602,-121.15,378,115.5
40.286,-122.92,382,108.51
41.155,-124.26,385,95.744
40.584,-125.45,405,107.89
40.284,-123.61,396,113.33
40.59,-123.59,367,105.38
40.865,-123.37,360,104.59
41.103,-123.3,356,102.76
41.187,-122.94,364,105.2
41.491,-123.12,373,107.42
42.215,-123.27,356,108.37
42.557,-123.34,357,109.77
41.765,-123.82,388,120.39
43.084,-120.34,332,80.751
41.476,-122.93,394,127.51
41.135,-122.33,402,121.28
42.381,-123.42,400,110.61
44.01,-124.81,429,124.11
45.39,-128.55,446,129.74
46.878,-130.78,454,143.79
49.666,-133.45,484,136.72
53.002,-135.75,514,148.54
56.971,-138.6,519,151.73
61.21,-140.37,540,157.35
65.855,-141.16,517,155.89
70.12,-141.41,511,149.74
74.335,-140.73,507,144.93
78.445,-141.02,509,146.52
81.972,-140.02,499,150.49
86.085,-137.5,516,158.72
89.781,-137.48,524,154.9
91.509,-136.83,517,173.84
93.758,-135.88,511,158.66
95.939,-135.9,496,145.23
99.033,-137.39,493,140.18
100.95,-141.05,477,129.26
103.06,-145.66,490,118.13
104.78,-149.23,486,129.06
107.27,-153.8,486,147.11
110.32,-157.15,491,150.47
113.8,-160.85,492,121.75
115.45,-165.41,487,136.33
117.18,-170.17,469,119.07
119.28,-174.47,453,124.8
120.26,-178.24,445,123.93
121.31,-182.88,460,132.67
122.37,-185.92,459,126.11
122.65,-191.42,447,121.02
121.48,-195.64,446,153.01
122.04,-202.02,457,137.92
122.87,-207.37,409,140.18
122.94,-213.59,395,169.39
125.04,-217.94,411,161.52
126.95,-218.38,208,112.74
126.46,-224.39,186,89.087
126.04,-230.78,497,112.97
126.99,-235.08,511,122.85
129.41,-241.46,490,123.51
129.54,-248.78,465,116.92
126.59,-255.61,452,108.84
127.08,-261.82,454,116.24
125.03,-267.56,437,121.59
126.49,-269.01,400,90.087
123.99,-266.59,432,100.7
121.97,-265.6,425,119.32
124.63,-267.75,418,126.85
125.53,-274.09,403,117.19
124.38,-280.97,388,107.73
121.15,-287.15,391,121.61
117.45,-290.07,370,125.92
115.61,-296.86,282,131.72
117.94,-298.33,229,134
117.38,-305.92,214,142.88
115.65,-314.11,416,98.912
114.83,-314.77,415,102.66
115.42,-321.24,427,119.65
116.07,-327.81,421,109.41
116.91,-333.44,409,100.11
118.28,-336.9,412,105.84
117.82,-338.37,390,100.95
116.69,-336.81,395,115.66
116.51,-335.77,420,127.1
119.25,-336.58,421,124.47
120.11,-340.84,404,137.22
120.69,-346.23,410,180.75
119.99,-352.74,368,160.67
119.87,-355.58,299,143.18
118.86,-360.18,223,112.52
118.86,-360.18,223,112.52
