0,-0,110,39.342
1.1587,0.82179,126,42.997
0.78571,0.35671,105,37.356
1.9404,1.0284,109,38.481
2.3131,0.97451,107,39.788
1.81,1.0691,100,38.2
1.3713,1.523,101,39.606
0.48077,1.5341,104,42.236
-0.20536,1.5966,112,42.244
-1.2323,1.6099,127,41.682
-1.5175,0.82137,114,39.151
-0.5,1.6994,124,42.145
-1.303,1.7727,132,40.921
-1.5149,1.9315,134,39.912
-2.0303,1.7197,132,39.515
-1.1581,1.2168,117,39.887
-2.7703,1.6456,148,44.014
-2.5753,2.4502,146,43.443
-1.9488,2.287,127,40.466
-2.0344,2.7488,131,41.111
-1.8583,2.0508,120,38.87
-2.0878,2.7672,148,44.94
-2.3129,2.1393,139,41.037
-2.58,1.8771,125,41.318
-2.7814,2.0648,167,47.661
-2.2799,1.5506,159,47.57
-2.3029,1.7485,137,41.897
-1.75,1.2727,132,44.8
-1.5658,1.2644,152,48.116
-1.7268,1.0947,194,54.203
-1.1194,1.1349,155,51.714
-1.1329,1.3331,158,49.911
-0.72628,0.88719,137,47.38
-1.3743,1.2025,167,51.581
-2.9236,1.3771,203,54.236
-3.5444,1.2196,248,59.628
-3.3244,-0.0013034,279,62.076
-3.1997,1.1896,303,64.929
-3.1422,1.4014,327,68.353
-2.413,0.73183,299,64.822
-2.3449,0.75403,316,68.949
-2.1581,-0.49091,310,68.006
-2.306,-0.31833,299,63.672
-2.3441,-0.42989,295,65.467
-2.039,-0.52597,308,64.499
-2.1519,-0.44927,293,64.549
-1.7969,-0.39466,293,64.896
-1.5848,-0.68455,283,63.3
-1.966,-1.2168,294,66.476
-1.8312,-0.90763,311,65.376
-1.55,-0.61091,300,64.359
-0.94371,-0.60415,302,63.011
-0.79412,-1.19,323,65.93
-0.56422,-0.79733,327,65.558
-0.40351,-1.2722,342,71.281
-0.98406,-1.0851,345,70.462
-0.55217,-0.31989,345,67.336
-0.42264,-1.3803,349,69.222
-0.87534,-0.32105,365,71.562
-1.4588,-0.054827,388,75.763
-0.34182,-0.69949,373,72.381
-0.67689,-0.02723,424,81.288
0.85945,0.14642,434,80.527
0.36634,-0.83348,404,76.292
0.021411,-0.47882,397,74.986
-0.015385,-0.48322,390,73.795
0.80645,-1.6931,372,77.178
1.6471,-1.5596,367,72.852
2.2219,-1.9011,374,73.489
2.3671,-2.351,346,68.188
0.42228,-2.2153,386,77.326
1.5797,-2.348,389,77.178
0.70113,-2.7906,353,72.869
1.7368,-2.7014,380,76.781
2.0249,-2.8704,381,74.63
1.9461,-2.7776,399,78.013
1.5124,-2.3459,404,75.292
0.98267,-1.977,404,74.903
1.201,-2.1866,418,78.104
1.1587,-1.7281,419,78.443
1.3284,-2.3189,408,72.662
1.6841,-3.0461,402,73.63
2.1077,-3.1757,413,76.971
3.5,-2.6771,377,72.48
2.0721,-1.7804,409,76.797
1.6253,-2.0197,407,76.764
1.8539,-2.7746,373,73.034
1.3531,-2.8744,388,71.926
1.4584,-2.8342,409,76.698
1.296,-2.9599,397,76.971
1.4951,-2.7313,406,75.954
2.2753,-2.7921,405,75.085
2.8532,-2.5086,419,77.136
2.0232,-2.954,409,80.271
1.6061,-2.583,443,79.948
2.8326,-2.5844,460,81.321
1.5278,-2.0932,432,83.546
2.0424,-3.2289,413,75.73
2.0144,-2.5135,381,72.844
2.7961,-2.8228,358,70.851
2.9849,-3.6635,365,68.767
4.0216,-3.6125,393,72.463
5.0037,-3.6919,401,76.243
4.7792,-3.6975,394,72.753
4.266,-2.8542,376,69.114
4.3713,-2.6754,373,69.933
5.1371,-3.292,383,72.488
4.9474,-4.2512,418,76.88
4.6792,-3.8125,413,72.546
3.3726,-2.9282,424,80.047
2.1233,-2.7188,430,76.582
1.0197,-1.4615,456,83.711
0.87116,-2.2942,423,75.151
2.1445,-1.899,422,77.227
2.6576,-2.8495,406,74.903
4.6966,-2.7608,412,73.63
5.6179,-2.7297,407,74.812
5.895,-2.1159,400,73.34
4.6303,-3.0007,399,72.571
3.8119,-2.9201,404,71.546
4.0063,-1.9162,395,71.901
3.1404,-2.4333,406,72.199
3.0012,-1.2058,409,72.174
3.1723,-0.92101,412,71.554
3.1105,-1.3096,439,75.201
4.1928,-1.6007,459,80.237
3.0876,-2.5987,451,79.063
1.8659,-3.0953,451,77.393
0.42157,-3.0364,459,77.004
0.8443,-2.6304,456,78.575
1.728,-1.3505,443,79.502
1.3439,-1.9251,410,71.537
1.7377,-2.0468,408,73.241
1.2922,-1.961,385,69.387
3.0824,-2.2079,376,72.083
4.1986,-2.7344,418,77.707
4.602,-3.007,441,77.558
4.3695,-3.9357,406,73.125
4.6401,-4.193,421,74.093
4.4089,-3.8859,439,76.698
2.6862,-3.8069,419,73.398
2.8939,-3.8695,429,74.804
2.7725,-4.1502,422,73.886
2.6827,-3.667,427,74.482
2.2639,-3.415,432,77.269
2.3804,-3.4656,443,76.484
2.8855,-4.2781,454,78.203
1.6096,-4.8881,429,73.522
0.9561,-4.6091,467,78.377
1.0643,-4.3654,459,76.913
1.4978,-4.2949,446,75.664
1.4844,-5.4776,450,74.275
1.5495,-5.7981,444,75.093
2.4828,-5.8184,466,78.542
2.7472,-6.6055,445,76.632
2.4717,-5.6465,459,76.119
4.2746,-5.0552,448,80.982
6.0612,-5.4096,433,73.812
6.716,-5.938,412,76.21
5.1204,-7.2004,411,73.133
4.8213,-6.6925,389,69.685
3.0596,-6.7089,411,73.324
5.2984,-6.7266,387,69.966
3.657,-5.7583,433,76.979
2.9827,-4.2964,404,72.745
1.4563,-3.8628,412,76.979
1.5558,-2.5211,430,75.689
3.2457,-4.5139,409,73.026
4.0865,-3.877,416,73.704
3.4432,-3.5318,440,76.839
2.9289,-3.7661,471,77.864
4.1319,-4.4815,489,79.03
3.5604,-4.9856,513,85.191
2.6147,-5.355,462,78.567
2.303,-4.4464,467,77.508
1.4714,-4.864,454,77.732
1.1124,-4.4624,498,84.521
2.3513,-4.9911,511,82.297
3.1345,-5.6212,528,83.033
3.2191,-6.1606,502,80.552
3.2255,-5.8478,510,81.734
3.7327,-5.0672,507,82.925
5.3436,-4.8751,505,82.032
6.3068,-5.3062,497,81.776
6.3617,-5.2652,528,81.958
5.344,-4.8992,532,82.512
4.5636,-5.5021,535,89.153
2.3394,-5.1652,498,81.354
1.2396,-5.1742,480,83.67
1.3121,-5.2251,447,74.374
2.3987,-5.9228,464,76.996
2.0602,-6.0411,482,80.047
2.3973,-5.7525,526,82.148
3.0678,-5.7618,553,86.275
3.434,-6.4831,561,85.183
4.4613,-6.471,542,86.242
4.5405,-7.5666,494,81.362
2.6261,-6.488,476,78.484
2.7045,-5.9909,440,76.078
2.1435,-6.0953,460,78.402
2.5086,-5.3754,464,76.88
2.1872,-5.8909,470,78.294
1.3074,-5.9421,457,76.822
1.6388,-5.2688,461,79.518
0.45643,-6.8938,482,80.113
-0.72037,-7.3466,481,81.809
-0.57678,-5.6802,521,83.711
0.57168,-6.0927,572,87.747
0.71503,-7.2657,572,84.935
2.2404,-7.4869,601,89.343
2.7787,-8.1909,610,92.031
4.4553,-8.9745,627,95.785
2.7128,-8.7155,658,100.02
2.2985,-9.0632,650,97.258
0.49536,-8.9796,647,96.29
1.2145,-8.5234,585,87.135
0.71017,-8.979,590,90.749
0.84653,-10.005,606,93.95
0.61842,-10.474,608,90.385
2.211,-10.322,571,89.244
2.9715,-11.728,526,82.148
3.6211,-11.142,512,81.867
2.6377,-11.413,494,79.923
1.5888,-11.314,484,82.942
2.7491,-10.596,562,88.508
2.8698,-10.809,557,86.506
2.2622,-10.175,534,82.396
1.8693,-9.7819,631,91.766
3.8297,-8.3646,643,96.215
4.0826,-6.8027,642,97.853
6.0827,-7.4135,623,94.851
6.6474,-7.5917,631,92.85
7.5393,-8.3921,611,92.502
6.1353,-8.9142,617,92.022
5.344,-10.205,596,92.353
5.4842,-10.297,631,92.982
5.2398,-10.403,615,90.377
4.7412,-10.975,622,91.286
4.8726,-11.728,636,97.804
5.4142,-10.874,641,96.356
4.6373,-8.8388,714,107.07
5.4127,-9.567,710,103.16
4.7235,-8.3195,783,109.89
5.2194,-8.2478,816,116.47
4.9377,-7.2434,859,119.89
4.8774,-7.3232,848,120.65
5.263,-6.4756,772,115.01
3.7884,-6.5753,735,106.74
3.6012,-8.5201,692,101.03
4.2433,-9.4313,705,99.987
4.0231,-11.27,671,94.917
3.5969,-11.024,702,98.465
3.2395,-9.8926,691,98.904
3.5884,-9.6161,735,100.33
3.8219,-9.2315,761,101.52
3.3673,-8.6615,829,105.13
3.0974,-8.1157,847,106.4
3.275,-8.4525,791,103.22
4.5877,-9.1465,684,98.895
6.6302,-8.5497,691,102.53
8.3532,-11.392,695,107.79
10.099,-12.192,661,95.678
8.9548,-11.703,631,90.732
7.0647,-11.14,657,100.67
9.1912,-11.844,693,104.61
9.6886,-12.862,737,118.53
11.883,-14.314,754,118.86
13.668,-15.667,793,129.43
15.76,-17.658,810,137.63
16.38,-18.408,841,140.11
17.702,-20.155,816,136.83
17.91,-20.669,856,140.2
18.763,-21.696,816,137.72
18.355,-22.425,890,139.59
19.027,-22.025,884,144.12
16.507,-20.014,862,138.75
12.933,-15.859,786,114.59
10.171,-13.821,711,100.99
11.099,-13.498,619,96.646
11.521,-12.676,622,95.248
14.341,-15.23,710,110.81
16.253,-17.275,821,128.79
19.357,-21.259,900,134.67
21.641,-23.639,928,145.39
24.253,-26.45,920,149.44
25.458,-28.278,918,155.89
26.546,-29.702,963,164.58
25.083,-28.345,1020,179.9
21.323,-24.987,955,162.92
18.535,-20.111,904,143.34
17.089,-16.848,864,126.54
17.276,-16.549,845,118.38
17.681,-16.708,844,117.04
17.219,-16.13,839,110.78
17.527,-15.311,769,107.24
15.923,-14.409,719,105.2
16.473,-13.829,672,100.72
19.328,-15.245,715,111.87
20.186,-18.735,830,130.31
22.591,-22.319,911,138.92
26.597,-25.03,920,142.97
28.057,-26.047,951,161.14
26.751,-25.264,914,155.44
24.904,-24.925,868,138.63
22.342,-24.935,853,128.95
19.519,-21.292,807,117.83
20.654,-22.097,797,112.81
21.471,-22.002,780,114.3
22.981,-24.253,779,109.51
25.16,-27.894,767,103.6
25.999,-30.456,789,113.34
28.667,-32.606,849,128.07
28.052,-33.412,832,124.43
26.558,-33.3,779,123.29
23.924,-31.092,728,116.06
21.098,-27.722,734,114.02
20.097,-26.52,762,113.91
23.07,-28.395,775,123.94
27.367,-31.349,847,132.31
28.312,-32.878,933,142.02
31.363,-35.06,982,156.87
33.87,-36.788,929,150.12
35.526,-37.649,891,136.22
33.621,-36.921,820,134.98
31.588,-36.708,731,113.51
30.922,-35.536,663,97.432
33.566,-36.72,701,108.08
38.423,-40.979,718,120.33
41.125,-44.077,658,116.57
43.345,-45.723,699,117.11
43.504,-47.72,738,119.11
44.937,-49.294,742,127.3
47.186,-51.219,688,114.1
46.449,-50.83,691,116.15
46.567,-50.77,583,97.291
46.738,-50.445,709,115.85
50.284,-53.414,635,98.813
51.68,-54.284,615,93.065
51.518,-53.825,601,92.072
50.568,-52.975,604,95.314
51.557,-52.636,583,94.033
51.277,-54.873,588,92.635
49.467,-55.074,599,98.143
47.753,-52.453,580,93.718
50.626,-52.224,517,81.47
50.047,-51.293,486,85.059
52.791,-52.494,464,83.918
50.716,-53.348,487,83.43
48.832,-49.455,470,85.39
47.427,-48.923,370,67.402
50.437,-49.922,443,79.816
50.858,-49.625,461,80.147
50.151,-48.906,427,77.434
48.557,-48.836,419,77.996
49.028,-49.768,436,76.789
49.953,-49.832,433,80.163
48.352,-51,440,81.709
50.162,-50.676,465,88.417
49.903,-49.039,461,85.804
48.428,-46.136,442,79.237
48.317,-45.774,410,74.374
47.816,-45.628,367,71.298
47.061,-46.851,387,75.226
50.691,-50.846,409,80.692
52.506,-51.481,477,103.29
53.776,-53.55,486,101.49
55.699,-52.499,534,88.806
55.802,-53.983,577,99.648
58.415,-53.122,575,102.67
60.429,-53.27,536,102.07
57.258,-53.177,512,97.671
56.704,-56.418,593,97.556
56.406,-56.701,669,105.18
57.24,-57.167,735,104.88
57.66,-56.813,717,111.19
58.516,-57.342,674,108.2
59.765,-59.404,675,120.08
61.919,-62.233,632,111.19
61.717,-63.839,626,112.11
61.533,-65.711,643,120.32
61.07,-66.478,633,113.21
59.165,-64.034,630,110.56
58.08,-64.536,622,102.33
55.737,-61.819,611,100.85
56.643,-61.16,637,112.93
58.858,-60.866,573,97.671
57.32,-60.366,473,85.034
59.426,-61.442,475,83.893
62.312,-62.11,469,83.513
62.818,-61.331,421,77.666
62.541,-60.28,418,72.571
60.513,-60.028,477,81.693
60.165,-59.401,490,78.749
58.806,-59.581,484,82.876
57.09,-59.499,590,101.04
57.825,-59.714,652,114
60.907,-61.838,641,112.28
63.936,-64.757,587,103.06
63.441,-66.048,541,87.772
62.758,-66.17,547,98.341
62.653,-64.268,549,95.091
62.395,-64.383,589,93.181
62.358,-64.277,635,98.656
62.064,-63.59,677,105.97
61.109,-62.964,741,112.98
59.861,-60.873,729,114.96
59.885,-61.197,519,89.17
60.357,-62.453,470,83.538
62,-62.209,442,81.074
64.386,-64.655,500,88.789
63.166,-65.996,590,99.64
61.954,-64.035,500,85.77
59.913,-62.991,409,76.177
58.72,-62.236,359,69.304
60.074,-61.426,418,75.176
60.454,-60.946,475,89.095
60.921,-61.274,572,106.51
62.151,-63.724,611,107.87
62.757,-64.6,599,100.58
63.636,-65.502,523,82.785
63.742,-67.305,508,87.648
63.833,-67.689,483,84.315
62.653,-65.612,535,94.248
65.072,-66.142,563,99.086
63.894,-66.935,540,85.936
62.881,-66.703,536,86.531
61.317,-64.406,552,87.747
60.315,-65.704,599,94.173
59.04,-64.598,617,104.34
59.883,-63.042,692,112.78
63.323,-64.236,564,100.6
65.092,-64.178,574,93.478
64.793,-65.486,539,85.216
62.794,-64.243,521,87.474
64.431,-67.202,520,93.329
65.111,-68.292,571,95.976
60.596,-65.325,560,98.73
60.502,-65.486,494,84.935
61.858,-67.025,489,88.07
61.615,-66.924,546,94.487
62.946,-65.296,536,85.878
64.698,-63.416,560,96.777
62.768,-66.908,503,81.023
63.846,-69.268,491,87.929
63.85,-69.486,448,82.512
62.852,-67.893,469,77.988
62.993,-66.549,495,84.29
63.522,-68.221,460,80.18
62.379,-68.721,471,78.65
63.255,-66.097,527,88.855
62.81,-67.315,581,90.211
63.928,-66.686,605,91.253
63.947,-68.12,553,85.108
65.062,-68.294,502,86.217
64.874,-67.926,430,75.664
64.174,-67.084,426,76.582
64.549,-68.006,448,83.339
64.019,-67.679,420,75.755
65.2,-68.186,444,83.273
64.171,-67.127,492,87.598
64.635,-67.95,510,97.026
63.96,-65.967,459,85.969
64.461,-67.669,410,75.358
63.857,-66.515,420,76.317
63.238,-65.027,497,89.128
63.287,-66.794,498,86.44
64.549,-67.134,513,88.905
65.36,-68.8,485,85.985
65.724,-68.915,541,90.137
66.543,-67.615,515,83.62
65.92,-69.14,510,87.358
65.489,-68.965,554,90.939
63.224,-69.711,497,82.404
62.33,-66.065,423,73.985
62.907,-64.562,393,74.539
64.118,-63.088,398,75.143
63.674,-63.763,402,71.81
62.945,-65.373,429,78.55
62.048,-65.411,431,79.766
61.41,-63.184,420,78.269
59.995,-60.26,408,75.152
59.029,-58.884,333,66.12
59.848,-60.131,328,64.772
64.591,-62.744,482,95.818
66.058,-65.973,609,101.14
63.099,-63.273,648,112.97
61.228,-59.583,677,126.5
59.237,-56.906,654,118.44
58.862,-56.531,686,116.54
61.132,-60.918,554,101.75
63.913,-64.464,533,100.19
63.073,-65.352,562,93.933
62.35,-62.962,506,86.035
63.338,-61.602,493,89.335
63.796,-62.413,490,83.504
63.718,-64.937,436,82.553
64.086,-66.455,437,86.134
63.374,-62.207,414,79.981
62.591,-60.717,342,68.237
62.716,-63.316,333,70.793
63.249,-62.105,343,75.185
62.874,-62.562,329,66.848
60.946,-62.763,466,90.393
63.281,-65.478,525,90.369
67.923,-68.433,532,93.263
65.535,-66.28,545,88.483
66.433,-66.401,642,97.39
66.158,-66.005,699,101.23
66.211,-65.929,778,108.42
65.31,-65.749,815,112.91
64.38,-64.657,834,114.71
64.657,-64.501,741,113.78
65.574,-64.057,593,92.271
65.331,-63.443,474,84.216
64.875,-61.994,435,73.729
62.907,-59.132,464,76.309
62.076,-61.064,550,85.886
62.244,-61.218,628,89.897
62.176,-61.765,715,98.06
62.133,-62.073,783,104.16
62.216,-62.513,777,104.24
62.001,-63.629,706,102.73
63.072,-65.617,570,92.717
63.689,-64.641,529,83.967
63.632,-64.871,637,106.06
65.531,-65.096,646,109.32
66.819,-65.433,655,113.76
66.163,-64.736,617,97.448
67.337,-64.997,553,99.111
66.201,-62.014,482,88.607
64.091,-59.899,421,76.011
61.941,-59.08,447,78.84
60.965,-58.863,561,96.853
61.646,-62.57,706,121.59
63.201,-64.384,639,106.97
64.876,-66.035,695,104.22
66.636,-67.543,708,118.48
69.175,-67.081,741,110.52
68.331,-65.675,752,107.55
68.918,-67.207,730,106.07
68.022,-66.321,661,107.88
66.937,-64.574,604,98.25
67.61,-64.777,563,99.557
67.582,-63.417,644,102.91
66.816,-64.618,727,129.83
66.796,-65.63,787,133.75
65.454,-64.563,982,191.8
66.57,-63.957,1048,195.04
71.186,-67.501,995,185.15
74.064,-71.261,942,182.22
77.873,-76.573,857,170.53
77.982,-81.428,903,173.61
79.612,-83.371,987,192.6
82.709,-86.374,942,184.58
82.614,-85.267,971,192.6
82.428,-83.83,1023,206.26
82.205,-84.265,1084,198.54
85.192,-87.458,1039,174.65
82.794,-83.388,1020,182.13
83.839,-84.169,832,136.26
83.679,-83.76,722,123.41
89.405,-90.414,781,131.88
91.851,-95.469,843,143.05
84.185,-86.304,441,89.525
93.891,-100.2,805,133.42
92.397,-99.741,767,124
93.717,-100.43,706,113.52
93.034,-100.26,766,135.16
91.044,-98.255,834,167.69
93.81,-97.959,888,166.2
97.166,-99.113,820,127.37
99.543,-102.14,767,108.81
101.68,-105.33,646,95.008
103.16,-110.13,532,85.448
102.22,-110.42,490,82.487
101.64,-108.35,475,78.352
102.29,-108.17,522,88.764
102.67,-108.8,509,80.941
101.31,-107.85,583,90.667
99.175,-107.16,702,102.14
100.64,-107.13,610,92.734
103.3,-108.28,494,81.875
102.31,-108.22,521,86.299
102.11,-106.38,485,83.777
102.48,-107.8,533,88.806
100.64,-106.33,550,89.707
100.38,-105.8,537,90.832
100.66,-106.24,544,85.688
98.519,-102.91,586,101.53
98.094,-104.05,564,98.597
99.544,-104.04,542,87.226
100.24,-107.95,539,85.001
99.644,-106.35,625,100.73
98.419,-105.98,568,100.23
98.878,-106.99,587,90.501
99.052,-109.2,572,89.707
99.684,-109.44,512,84.149
99.195,-108.93,456,79.129
97.929,-106.82,403,72.025
97.333,-108.54,426,73.803
99.006,-108.7,421,79.956
96.954,-107.77,416,74.986
97.607,-105.24,448,78.683
95.25,-104.01,460,84.861
95.6,-105.61,450,75.275
95.956,-106.2,511,85.812
98.994,-109.49,464,82.884
99.869,-108.84,469,82.073
97.074,-107.33,472,84.208
95.478,-101.79,582,101.78
93.593,-101.88,549,86.639
93.89,-102.15,713,125.81
91.789,-98.237,841,168.12
90.533,-96.332,842,171.33
93.763,-96.374,791,146.42
97.122,-98.663,761,137.79
99.691,-99.503,740,130.51
102.75,-101.59,585,108.84
103.39,-106.11,519,91.187
102.91,-110.69,421,78.485
101.26,-110.05,358,70.727
100.04,-107.12,353,68.998
99.184,-105.02,405,72.497
99.778,-105.79,510,86.019
100.27,-105.53,643,93.792
99.974,-105.14,768,102.91
99.536,-104.49,872,109.55
98.879,-103.42,918,117.84
99.036,-102.67,918,114.91
99.954,-102.06,727,100.97
101.62,-104.67,611,93.412
100.9,-106.32,580,96.745
99.316,-105.17,570,89.566
100.32,-105.43,651,94.495
99.993,-104.9,754,105.27
99.057,-104.64,857,109.47
98.551,-103.98,919,115.13
97.765,-102.96,923,114.83
97.408,-101.7,888,113.33
97.692,-102.5,728,101.15
97.708,-105.07,678,99.904
97.916,-105.58,712,101.98
99.158,-105.19,808,104.77
99.02,-104.32,894,109.7
99.192,-104.19,930,112.67
99.087,-104.13,957,115.48
99.369,-103.55,918,114.72
99.587,-105.28,813,106.43
100.02,-107.72,716,97.109
100.02,-105.74,686,96.166
99.026,-105.37,662,97.051
99.577,-104.97,715,99.912
99.664,-104.98,825,107.81
99.539,-104.34,882,109.31
99.897,-103.9,916,114.37
100.36,-104.78,910,114.82
100.34,-106.93,817,107.08
101.14,-108.39,690,96.952
101.64,-108.32,719,103.43
102.48,-109.34,708,109.96
101.23,-110.06,699,99.268
100.65,-110.54,692,96.654
99.855,-109.81,664,98.002
98.2,-106.7,731,103.76
98.876,-105.69,859,109.75
98.772,-104.38,936,112.3
98.445,-103.78,974,114.57
98.136,-102.91,1026,120.69
99.71,-103.06,973,119.62
100.59,-103.74,905,133.38
99.396,-104.71,819,125.43
98.859,-103.36,874,124.77
98.473,-102.36,840,123.65
98.292,-104.02,816,118.26
99.844,-105.91,759,103.48
100.39,-109.35,680,94.04
100.32,-110.82,691,103.51
100.91,-108.43,684,103.63
101.75,-110.41,648,102.34
100.67,-109.5,615,100.02
102.22,-112.24,673,99.672
102.51,-111.83,656,106.82
104,-110.62,738,129.81
103.46,-110.89,703,113.72
103.57,-112.9,661,108.55
101.54,-110.78,672,117.88
98.162,-104.33,699,107.74
95.989,-102.71,730,124.55
93.109,-102.55,767,140.68
90.133,-99.583,915,175.64
85.417,-96.665,1035,187.68
81.363,-91.653,1076,207.57
78.176,-88.666,1124,224.07
101.57,-107.74,326,74.06
103.82,-110.19,355,85.093
104.23,-114.03,394,98.201
102.67,-115.5,395,92.37
101.57,-114.54,364,82.743
99.776,-113.58,365,76.88
98.505,-110.71,346,72.43
99.842,-108.09,323,73.679
102.34,-106.2,338,69.892
103.04,-108.08,340,67.543
100.96,-106.46,299,63.019
98.785,-104.82,265,57.784
96.589,-104.61,257,60.042
96.682,-101.89,319,91.899
101.21,-104.14,319,63.672
104.53,-106.98,311,68.577
100.65,-109.59,338,84.596
99.817,-106.31,336,71.372
97.937,-104.8,299,70.744
96.365,-104.36,307,71.372
98.942,-105.58,298,68.478
96.842,-106.08,351,67.427
97.691,-106.38,377,75.234
98.065,-105.76,357,85.085
99.714,-106.71,286,78.6
100.64,-108.29,308,94.239
101.49,-110.35,376,104.45
102.63,-111.87,422,85.861
101.56,-109.36,355,72.414
98.755,-106.09,366,78.121
98.26,-104.51,297,66.319
99.263,-103.22,267,64.549
99.267,-103.39,392,87.789
99.294,-103.57,408,94.438
99.667,-105.7,343,82.818
100.66,-106.69,313,80.677
101.71,-105.55,457,101.52
102.21,-106.46,506,105.19
101.8,-107.06,404,73.531
102.97,-105.49,438,80.039
102.78,-106.85,422,73.142
103.44,-110.88,424,82.942
104.53,-111.32,481,92.808
104.65,-111.45,523,92.635
104.07,-111.93,567,96.637
103.08,-112.03,580,99.077
101.46,-111.27,578,97.952
99.298,-109.58,543,95.463
99.192,-107.02,504,109.75
99.979,-113.06,360,74.267
104.15,-114.99,429,81.544
106.09,-114.69,425,94.057
98.15,-109.17,628,176.79
98.875,-111.75,876,134.43
100.27,-115.61,743,128.91
101.51,-117.78,747,147.4
102.36,-120.06,777,147.68
108.1,-123.41,844,150.29
111.44,-128.68,861,171.47
115.68,-136.42,909,188.15
119.23,-140.43,937,203.19
124.23,-151.53,483,108.55
128.89,-160.21,517,119.72
132.35,-172.08,496,110.62
136.04,-179.64,465,92.916
135.64,-182.68,483,107.22
129.7,-169.62,511,116.04
122.12,-147.99,630,146.97
117.69,-138.52,542,115.82
113.42,-133.89,380,82.785
112.25,-130.71,288,74.787
111.15,-128.65,242,61.034
114.16,-136.47,400,88.234
120.68,-148.27,498,107.37
126.73,-163.8,504,108.32
131.07,-174.72,529,115.34
136.19,-185.53,475,109.5
139.62,-196.03,422,95.546
137.45,-196.93,456,113
142.37,-208.44,454,107.88
143.82,-215.47,408,106.14
144.99,-225.97,400,94.305
147.54,-234.76,365,80.345
143.71,-228.66,533,149.82
144.53,-224.83,487,134.75
148.16,-242.57,302,72.505
145.62,-241.34,347,91.278
142.74,-227.36,403,104.87
139.8,-213.94,413,105.06
137.23,-204.78,250,77.21
134.69,-196.47,878,196.57
131.86,-186.71,803,163.11
130.35,-183.2,626,133.17
129.84,-183.2,558,117.78
130.26,-180.75,590,117.85
132.94,-188.6,713,160.33
137.85,-199.66,471,106.25
141.94,-215.52,497,108.19
145.98,-230.98,499,108
148.88,-245.48,501,103.41
152.35,-258.76,477,99.581
155.49,-266.2,419,81.974
154.87,-270.02,390,78.137
156.16,-271.94,345,71.529
155.95,-269.54,341,75.656
155.28,-273.51,331,64.607
151.95,-272.08,391,71.81
150.25,-271.79,423,82.115
148.74,-268.17,437,94.346
146.76,-261.98,424,102.52
144.28,-250.06,447,93.982
142.55,-237.74,379,87.217
144.51,-242.42,620,126.47
145.7,-248.03,529,110.01
146.57,-252.51,538,131.67
146.51,-256.08,680,185.68
142.98,-266.5,284,112.47
142.79,-272.68,273,111.34
143.15,-275.27,243,103.55
144.52,-276.92,192,61.497
148.82,-272.59,242,62.101
143.87,-277.24,194,56.105
