0,-0,326,95.827
0.17158,1.1711,370,84.597
-1.182,3.1533,394,78.592
-1.8597,4.7355,399,74.184
-5.1113,5.8012,324,72.199
-7.2919,7.3299,499,81.461
-7.8848,8.3931,540,87.937
-10.094,8.8736,497,85.166
-11.427,11.768,536,87.821
-12.851,13.515,538,91.89
-12.564,16.143,594,96.364
-12.465,17.325,575,89.963
-13.936,18.684,534,84.886
-13.265,19.377,561,85.506
-12.582,19.274,579,89.682
-12.103,17.657,600,88.45
-11.572,16.231,566,87.094
-8.8889,15.827,601,89.922
-7.4999,14.75,594,96.48
-5.8334,12.838,602,99.888
-4.6763,11.545,576,89.823
-2.3452,9.5238,628,94.156
-1.849,8.7125,601,92.105
-1.049,6.3578,616,93.751
-1.2409,5.1936,608,95.546
-0.3208,4.534,605,98.176
-0.92859,2.4394,584,95.529
-0.1489,1.4282,605,99.904
1.1391,-0.38868,598,91.882
1.1625,-1.3824,606,91.758
-0.34861,-2.9329,595,88.558
-0.59231,-3.8539,595,90.501
-0.42971,-5.403,602,90.848
-2.0114,-5.1734,587,90.187
-2.1444,-5.2148,612,92.792
-1.5408,-4.6642,604,89.062
0.10517,-3.5556,623,96.645
0.36927,-2.3031,608,92.097
2.9154,0.32166,600,93.238
4.9239,2.2849,587,88.88
5.6054,4.2282,544,85.522
7.1583,5.2656,538,88.83
5.9569,5.223,527,87.78
6.1224,4.0184,564,90.096
4.8585,2.4448,622,93.47
5.7691,1.2818,599,88.607
7.5949,-0.65791,621,97.233
8.0386,-2.3406,612,96.58
6.8331,-4.2068,638,95.091
4.72,-6.1239,596,92.263
3.5,-7.0327,622,92.445
2.585,-8.4363,605,92.354
3.2086,-8.5788,649,100.57
3.7618,-7.2974,605,97.489
6.5012,-6.4648,646,102.09
7.3894,-4.1075,658,106.6
7.8849,-2.3537,635,101
9.7949,0.4943,651,97.191
8.6252,2.5415,667,108.74
8.363,4.3147,650,102.26
9.1846,3.9651,653,99.375
10.064,2.1398,626,94.893
10.668,1.1911,633,100.73
12.64,-0.015758,642,94.396
13.012,-1.9326,617,91.675
13.102,-3.8665,614,89.558
12.668,-6.0244,610,92.354
10.97,-7.2752,608,90.576
10.561,-8.0679,669,99.06
10.841,-7.6641,668,105.06
9.8768,-7.5831,653,104.81
10.644,-6.0363,625,104.8
10.967,-4.9323,660,103.98
11.417,-3.8051,658,94.181
11.947,-3.0653,639,97.861
14.415,-3.5019,625,94.148
15.786,-4.4176,642,95.62
16.367,-5.3887,648,94.967
15.537,-6.7487,631,91.303
14.667,-6.9963,630,92.188
12.353,-6.4617,649,93.123
14.365,-5.3658,639,101.33
17.835,-4.6225,633,99.003
22.108,-4.0756,665,98.093
24.031,-4.0706,620,95.662
24.92,-4.4855,644,101.54
24.572,-5.2306,597,92.933
22.535,-6.0651,625,96.265
19.678,-5.8306,639,94.14
18.048,-6.7707,682,97.787
18.258,-7.9294,645,97.208
19.851,-9.9083,675,102.14
18.831,-10.899,643,101.13
19.225,-11.267,668,105.1
18.859,-11.291,648,98.564
18.993,-11.41,647,102.17
19.358,-11.693,639,102.55
19.489,-11.721,652,105.2
20.169,-11.734,661,106.92
19.514,-10.576,649,92.916
16.599,-10.548,661,103.4
15.345,-10.291,684,102.73
14.287,-9.7869,685,101.47
15.407,-9.7869,692,98.374
16.581,-8.778,674,99.07
17.492,-9.2247,644,100.92
20.296,-9.3743,698,108.31
21.098,-11.695,665,101.93
20.965,-12.868,666,100.41
21.845,-14.116,701,99.714
20.141,-14.079,692,97.158
19.519,-13.347,687,97.365
20.004,-11.787,704,104.69
20.403,-10.905,675,106.79
23.529,-9.3403,703,96.108
25.776,-8.7127,674,97.125
27.174,-9.2928,670,98.465
28.567,-8.5632,693,99.309
28.328,-6.9624,695,99.101
26.665,-6.0317,641,95.223
27.137,-5.6302,683,100.14
29.655,-5.6059,685,98.738
28.87,-8.0514,631,94.727
28.877,-10.935,690,98.101
28.847,-12.425,674,97.308
27.015,-11.941,700,103.27
26.278,-10.309,687,104.32
27.973,-8.524,696,99.574
31.21,-7.0342,716,98.506
33.199,-8.9366,661,93.528
34.199,-11.839,676,96.108
34.034,-14.949,664,95.19
31.947,-16.615,682,95.686
28.988,-15.451,694,103.43
26.092,-14.016,672,98.853
24.846,-10.458,669,107.91
25.601,-7.28,718,109.64
25.703,-2.6332,696,105.16
24.745,0.21615,667,99.573
26.617,0.53364,705,99.838
26.721,-1.5875,677,109.2
27.644,-3.8562,707,101.15
28.765,-5.0527,696,96.828
29.759,-5.7313,684,99.102
31.32,-6.3356,698,103
33.975,-9.2807,652,95.132
34.726,-11.939,696,99.151
34.562,-12.27,697,98.961
33.849,-12.581,689,105.84
34.863,-10.612,730,105.92
34.892,-9.0176,698,102.81
33.681,-8.1641,684,100.15
35.857,-8.812,675,94.909
36.183,-13.189,639,94.95
35.862,-15.773,701,96.149
33.469,-16.552,742,105.06
31.507,-14.987,710,102.67
32.464,-12.058,712,107.12
33.916,-10.706,667,102.91
37.54,-7.7334,691,106.06
40.912,-7.9498,706,101.42
40.355,-12.514,666,97.283
38.571,-17.652,697,102.48
35.419,-20.299,672,107.2
35.267,-14.166,731,108.99
37.071,-8.811,705,102.33
39.389,-6.973,693,100.62
39.603,-9.5731,697,99.399
43.292,-14.441,686,96.91
43.657,-18.152,655,96.745
42.926,-20.897,653,99.474
42.434,-21.656,695,118.17
42.723,-22.982,752,119.63
38.334,-22.323,690,109.33
35.25,-20.329,672,102.72
32.595,-17.275,652,107.79
33.819,-15.709,730,115.58
33.995,-13.862,702,108.78
36.896,-11.205,713,105.69
37.921,-9.0935,721,108.07
38.881,-10.588,703,104.92
43.077,-14.744,653,94.198
44.084,-18.785,649,95.595
44.206,-21.037,643,96.265
43.805,-25.808,646,97.58
41.818,-29.594,622,97.779
41.356,-29.468,669,100.15
42.991,-28.953,739,106.55
41.302,-25.415,772,115.39
40.938,-24.694,765,116.55
40.412,-23.09,750,115.58
44.202,-23.873,742,113.68
47.177,-26.016,698,120.7
50.519,-31.203,702,118.53
52.115,-37.036,704,115.37
50.283,-41.157,767,113.88
45.856,-41.436,698,107.56
40.913,-35.949,686,105.92
37.309,-29.947,667,107.84
34.696,-25.899,686,105.35
32.868,-23.914,717,110.5
37.036,-22.714,723,117.11
40.383,-21.497,696,107.91
44.399,-22.452,698,107.59
48.835,-26.127,658,105.19
52.015,-30.05,696,106.38
53.93,-33.519,699,108.66
56.328,-34.95,762,114.97
55.339,-37.412,707,111.99
53.386,-39.804,645,97.671
55.717,-43.232,699,106.38
57.779,-44.645,692,99.209
59.112,-44.407,645,97.82
58.754,-42.389,641,93.329
58.128,-41.569,660,98.06
57.87,-40.688,676,106.53
62.069,-42.464,727,105.69
62.98,-45.03,712,100.55
62.838,-48.207,714,109.69
59.386,-50.731,703,98.291
58.873,-47.229,728,108.32
64.553,-44.177,666,97.729
69.288,-45.353,675,98.002
74.384,-46.603,681,96.546
76.066,-50.527,642,97.133
78.199,-54.107,700,102.63
79.068,-55.547,700,103.55
76.743,-53.919,636,103.1
72.296,-54.47,673,97.324
69.176,-58.536,654,99.019
65.585,-61.95,620,91.642
60.72,-62.178,498,82.272
58.044,-63.699,461,77.831
59.301,-63.468,615,91.692
62.669,-61.156,723,106.88
65.338,-58.073,720,113.11
71.715,-49.678,740,110.73
76.547,-45.652,680,99.929
81.086,-45.98,695,101.2
84.699,-47.009,694,97.87
85.747,-49.917,632,97.183
87.004,-54.719,617,91.229
87.208,-58.631,630,99.276
88.545,-58.445,609,102.21
88.3,-57.202,679,105.07
89.222,-58.019,751,113.04
86.102,-60.873,734,118.52
86.132,-62.631,745,108.56
84.35,-63.905,747,109.9
83.205,-64.755,722,111.28
82.965,-64.695,758,112.58
81.948,-65.496,724,107.15
82.044,-65.625,760,116.04
81.397,-66.242,748,117.71
79.894,-66.09,722,113.97
80.892,-66.074,697,104.17
87.171,-61.521,766,114.45
90.092,-59.791,724,105.93
89.92,-61.51,727,108.15
89.986,-61.722,750,103.47
90.354,-63.35,716,100.67
93.526,-64.227,690,101.67
95.529,-63.751,705,100.52
96.615,-63.146,680,95.413
98.684,-61.631,693,97.705
97.415,-62.781,649,95.612
96.193,-64.028,631,97.597
95.165,-63.388,702,101.89
98.091,-64.495,710,95.174
99.215,-63.914,652,93.751
99.905,-63.205,614,91.105
99.908,-63.577,673,93.817
102.56,-64.247,597,88.764
103.07,-63.648,599,93.544
100.91,-64.302,646,97.961
97.369,-64.778,657,94.868
94.793,-66.423,671,98.325
94.926,-64.155,786,122.75
98.168,-60.917,686,106.31
103.41,-59.998,749,106.72
108.78,-59.171,743,104.04
110.94,-57.739,724,103.33
111.71,-57.951,725,113.35
112,-59.982,701,102.49
108.13,-63.697,708,107.88
107.8,-66.554,748,122.85
105.92,-69.905,697,118.1
101.37,-71.79,693,119.22
101.32,-71.902,715,109.32
100.12,-69.486,679,104.33
100.73,-67.335,675,100.38
102.27,-65.181,612,100.92
105.81,-63.841,702,105.67
108.83,-63.074,718,107.5
109.59,-62.853,768,108.56
109.11,-62.694,794,118.55
109.52,-64.828,756,108.44
113.25,-63.014,753,106.87
117.08,-64.756,703,103.09
116.75,-68.952,678,98.391
116.23,-73.864,662,97.795
114.74,-73.163,743,123.85
112.25,-76.958,742,104.66
106.64,-78.485,693,103
102.22,-75.833,710,102.34
94.841,-71.523,664,107.06
91.385,-72.641,660,116.1
90.939,-75.683,710,137.49
93.145,-75.128,766,160.69
93.824,-72.81,786,149.28
95.468,-66.699,770,134.28
100.03,-64.053,738,126.67
107.93,-60.887,769,138.79
114.46,-61.544,779,117.59
119.12,-64.229,729,115.8
122.97,-68.292,722,119.97
124.69,-67.993,812,138.34
127.02,-68.516,726,130.01
130.47,-65.355,706,127.18
131.1,-60.761,766,139.16
133.35,-61.584,695,108.49
136.01,-65.581,691,120.94
138.21,-66.26,700,119.07
135.3,-67.08,675,109.24
132.57,-65.848,725,111.55
134.32,-61.083,638,100.07
140.1,-57.715,641,97.481
145.91,-57.556,625,94.016
148.55,-59.191,634,94.801
147.27,-64.547,700,99.044
143.13,-70.427,593,92.924
139.04,-74.841,647,102.19
131.11,-79.084,657,112.37
125.06,-81.25,669,127.43
119.5,-83.229,696,130.01
116.13,-81.28,730,117.52
113.06,-81.692,656,101.79
109.12,-83.015,729,105.35
102.48,-82.524,693,129.9
95.615,-82.604,753,125.4
87.528,-82.189,717,112.22
78.764,-81.037,752,120.27
71.951,-77.733,777,126.59
67.108,-76.345,737,125.49
62.549,-75.996,723,122.05
57.837,-73.095,743,135.53
53.813,-66.562,770,116.86
53.465,-59.85,745,137.2
61.531,-52.767,715,123.88
65.721,-45.67,751,135.5
63.58,-42.557,751,124.18
62.462,-41.942,754,123.66
62.636,-42.788,716,127.26
62.09,-45.258,773,117.81
63.752,-48.043,734,110.43
68.217,-49.601,726,112.18
72.201,-48.468,740,109.47
74.958,-44.924,750,105.49
74.007,-44.814,700,106.65
74.463,-44.605,735,120.41
75.185,-46.356,729,111.04
75.728,-48.954,778,117.78
76.872,-50.261,724,108.24
83.155,-49.715,750,104.3
84.705,-48.867,760,111.89
84.378,-46.881,747,107.76
82.973,-44.732,728,105.01
86.722,-46.579,689,104.41
92.612,-50.991,796,116.48
96.562,-50.657,767,124.58
93.73,-54.047,758,123.36
88.768,-56.217,716,109.4
86.414,-60.616,726,113.12
90.534,-62.88,751,118.16
95.359,-64.067,740,115.31
99.819,-63.214,728,106.32
101.52,-63.27,747,111.12
101.47,-62.572,715,108.14
102.82,-62.254,782,114.76
101.93,-63.755,773,116.67
104.33,-66.935,743,105.29
107.69,-68.132,739,123.43
111.1,-69.215,699,106.46
115.15,-69.076,738,111.8
121.76,-71.63,772,114
124.89,-69.058,734,119.74
129.35,-63.798,763,128.27
137.54,-60.244,720,119.06
144.21,-59.202,737,112.67
144.89,-62.519,634,98.622
145.71,-64.926,653,96.141
149.94,-64.163,673,96.588
152.08,-70.102,717,108.77
151.28,-74.628,674,122.23
152.27,-75.524,643,112.65
152.36,-70.32,773,130.59
153.62,-64.513,679,123.44
158.41,-60.13,693,109.69
162.71,-60.698,675,117.02
166.91,-67.29,616,106.6
165.18,-73.573,668,99.707
158.5,-79.321,709,117
150.05,-83.62,700,110.75
143.31,-83.364,736,123.94
133.77,-85.068,712,134.09
125.28,-89.404,705,149.09
115.11,-90.93,791,151.05
103.28,-91.876,699,150.23
92.546,-91.28,735,146.43
81.688,-88.811,715,138.01
73.312,-87.374,768,139.19
62.631,-84.837,789,135.5
53.338,-86.238,752,123.41
51.234,-91.245,811,114.99
50.076,-92.236,758,124.77
49.77,-91.697,690,127.29
50.357,-91.605,689,127.85
55.125,-88.41,756,131.23
54.452,-83.146,767,126.67
55.886,-78.863,750,119.89
64.367,-77.762,797,134.53
76.005,-79.662,766,117.48
87.268,-80.251,763,125.86
98.326,-77.06,784,133.33
110.77,-74.629,736,131.18
120.5,-73.624,725,124.43
125.56,-74.459,750,122.42
126.57,-76.894,730,117.82
129.94,-78.907,700,119.22
135.89,-73.571,765,114.64
145.79,-71.02,759,116.62
148.78,-63.494,694,106.67
147.36,-58.104,722,115.63
148.01,-59.218,745,120.5
156.32,-64.111,766,119.68
163.55,-69.188,754,117.25
167.42,-73.973,704,98.473
162.14,-79.944,650,94.859
154.79,-83.51,637,94.917
149.36,-87.285,648,103
142.29,-90.605,601,95.629
134.55,-92.164,522,98.382
130.68,-91.757,512,91.46
130.86,-93.508,614,120.76
124.21,-92.355,731,138.52
115.6,-93.303,723,127.14
108.7,-95.59,753,124.8
101.73,-100.13,733,128.68
97.925,-104.99,708,121.8
96.617,-110.02,661,123.35
99.275,-114.29,684,124.44
100.43,-119.75,710,112.18
101.17,-126.72,658,106.11
99.227,-133.02,662,117.73
102.33,-137.35,700,120.82
105.53,-140.64,693,118.75
108.01,-144.7,678,119.17
109.72,-153.15,647,99.648
108.78,-156.18,671,109.8
105.5,-157.07,671,111.23
103.83,-153.35,673,120.52
96.6,-150.79,690,107.62
91.973,-153.11,680,103.78
92.743,-160.22,639,117.64
92.212,-165.7,678,107.81
92.741,-171.19,706,111.59
91.568,-172.62,634,107.2
90.62,-168.95,699,118.23
87.972,-167.03,669,129.76
89.43,-158.72,701,109.77
98.108,-156.37,671,112.15
98.612,-158.72,688,120.74
100.78,-160.36,700,136.9
101.17,-166.79,686,123.72
101.82,-170.98,742,125.79
103.32,-175.47,641,101.33
102.32,-179.65,630,102.51
105.79,-181.59,712,113.3
110.28,-182.94,646,96.935
112.51,-186.03,663,116.75
112.4,-189.1,704,111.07
106.51,-187.88,702,132.63
105.97,-189.33,663,118.69
112.33,-194.22,635,111.04
116.95,-200.67,636,103.75
118.28,-208.15,611,103.99
118.8,-211.87,610,109.94
121.51,-216.71,555,111.84
124.35,-222.6,602,104.17
122.61,-225.35,496,97.481
125.43,-226.32,524,93.594
125.77,-225.62,517,99.466
126.2,-225.79,562,89.93
125.99,-227.9,641,100.62
127.92,-230.8,646,99.094
127.5,-231.33,603,97.349
123.86,-232.96,507,103.25
122.52,-228.52,649,117.86
117.65,-224.79,671,122.61
114.19,-215.52,682,131.45
111.15,-206.85,697,132.1
107.31,-197.49,669,127.2
109.52,-192.23,728,121.27
109.5,-192.11,689,131.68
113.39,-194.4,737,148.77
112.73,-188.98,756,138.06
108.26,-183.57,743,127.11
105.24,-177.46,726,125.09
102.49,-175.5,770,137.86
99.048,-174.55,679,124.09
97.181,-177.01,722,106.3
97.888,-178.46,722,122.3
104.1,-179.75,726,112.14
112.02,-178.94,737,105.79
113.18,-183.52,704,119.79
115.48,-188.02,717,107.81
113.93,-191.23,646,103.76
112.05,-190.77,686,99.607
115.16,-193.38,668,101.54
116.76,-199.57,630,103.29
120.29,-203.44,692,113.92
122.02,-208.52,638,114.8
121.64,-211.89,620,104.77
123.9,-213.49,708,118.77
121.86,-213.21,584,116.31
120.14,-213.08,755,119.98
119.41,-214.7,700,107.71
122.86,-218.8,649,101.04
128.18,-226.31,649,97.862
130.92,-233.1,558,84.182
129.96,-235.32,443,87.763
130.65,-238.28,548,92.668
132.01,-241.8,454,79.692
133.34,-241.51,438,80.676
132.15,-238.12,504,80.345
128,-236.38,590,93.842
125.23,-237.89,669,108.25
126.83,-236.25,665,97.547
127.45,-239.34,627,100.16
126.9,-239.64,676,99.83
123.12,-237.76,670,99.466
120.41,-234.08,715,118.04
116.41,-227.42,671,113.63
111.03,-218.82,683,119.39
106.16,-207.65,629,119.22
100.1,-197.06,679,129.73
92.442,-186.29,723,137.77
85.703,-175.46,727,133.79
80.999,-165.4,688,117.55
77.704,-156.87,671,115.45
75.297,-153.58,698,106.92
71.615,-150.18,680,101.89
77.685,-152.76,720,135.37
85.125,-163.79,734,145.39
91.315,-172.04,739,118.42
93.251,-177.83,728,132.5
98.458,-182.9,749,121.57
103.88,-187.33,739,126.82
112.04,-190.8,735,125.91
117.65,-195.02,730,114.87
124.1,-195.06,675,122.75
131.5,-195.07,622,119.54
136.11,-194.42,710,129.62
138.69,-194.7,647,139.13
143.84,-195.5,671,113.61
148.71,-197.75,662,135.27
152.94,-200.17,661,115.89
157.11,-203.31,648,121.82
161.37,-207.91,707,136.89
166.15,-212.03,667,137.05
171.62,-216.93,659,138.09
177.26,-221.58,630,121.32
178.07,-221.46,436,97.779
171.43,-217.69,379,99.11
162.29,-211.66,513,104.01
153.97,-208.79,593,106.49
146.09,-206.48,565,95.537
134.05,-209.49,643,108.61
127.99,-215.83,706,99.647
133.45,-218.8,682,121.34
134.25,-223.57,693,133.82
136.48,-228.48,675,134.76
136.78,-234.42,611,112.83
134.31,-240.99,613,113.28
133.7,-235.64,683,121.9
137.26,-232.97,686,133.57
135.76,-236.87,674,120.98
130.47,-235.6,716,130.24
128.35,-235.86,725,146.56
126.28,-239.84,683,115.04
130.5,-242.21,627,116.24
130.95,-246.67,615,97.895
132.55,-243.68,650,114.82
132.63,-238.43,642,108.84
133.97,-236.1,620,110.13
126.51,-236.53,624,99.764
127.3,-236.69,554,110.01
131.16,-242.64,725,101.86
130.45,-243.38,735,114.54
129.86,-246.45,668,103.77
125.27,-241.79,702,100.31
125.25,-242.99,709,114.18
118.69,-238.31,726,141.36
111.45,-228.32,723,137
104.56,-216.88,626,133
99.37,-205.25,672,126.25
96.65,-194.26,704,132.35
93.786,-191.23,754,143.45
84.561,-182.27,662,132.27
76.668,-171.23,669,133.31
70.074,-160.21,701,131.49
63.481,-151.11,697,109.21
64.994,-144.43,675,114.94
65.927,-143.58,648,110.32
69.862,-144.97,724,116.85
76.4,-142.69,770,116.2
89.726,-140.26,780,116.44
100.22,-134.97,713,111.06
104.38,-133.81,684,100.38
106.42,-138.43,683,103.94
109.25,-141.2,763,120.07
107.27,-144.28,759,129.54
102.31,-145.56,684,115.02
102.64,-146.73,749,113.69
104.41,-143.92,716,117.46
111.26,-149.02,679,105.64
116.29,-158.43,737,111.74
117.77,-158.38,686,127.11
117.86,-161.17,703,139.59
118.35,-163.51,734,131.44
113.46,-162.52,714,146.07
112.61,-164.61,755,134.35
115.69,-168.76,787,128.5
122.3,-170.37,791,124.24
129.96,-176.31,760,115.08
138.09,-182.6,683,107.55
143.31,-187.93,703,136.32
144,-190.69,694,144.64
143.22,-192.66,720,143.74
144.39,-193.89,805,150.86
148.36,-199.57,749,133.09
159.11,-206.8,732,124
168.65,-212.47,660,122.7
176.83,-219.37,540,117.88
180.88,-220.23,715,122.13
183.05,-219.97,676,110.43
188.07,-223.66,703,110.3
189.15,-228.33,672,111.65
189.02,-229.07,661,130.79
189.25,-225,674,121.94
195.17,-229.06,621,112.23
200.68,-234.46,610,105.95
200.39,-235.9,643,131.08
192.81,-233.02,641,110.89
181.78,-227.21,690,126.31
171.16,-223.51,618,123.02
164.52,-221.92,658,133.77
162.83,-224.2,590,142.4
161.01,-228.9,639,151.92
161.23,-234.06,615,163.44
155.32,-237.86,661,138.98
149.67,-243.52,419,146.24
148.78,-248.93,574,117.07
145.9,-253.11,484,98.639
149.74,-250.3,452,107.88
153.01,-257.75,289,97.664
153.53,-259.94,369,93.015
152.85,-259.23,474,100.42
151.26,-257.01,609,114.94
148.45,-253.87,636,124.19
143.77,-252.66,575,97.506
144.99,-256.93,657,140.27
149.25,-257.44,703,130.64
148.56,-259.77,640,112.95
153.15,-259.42,621,104.37
156.55,-261.4,509,106.44
154.75,-265.69,662,112.94
148.71,-266.76,589,118
147.11,-263.06,607,107.16
151.38,-256.25,635,111.23
151.19,-258.5,709,111.62
155.11,-263.31,230,146.4
155.6,-258.69,662,108.92
156.24,-261.88,656,111.81
156.99,-264.91,658,116.87
150.92,-269.36,603,109.08
147.36,-268.42,555,117
155.16,-265.18,209,91.543
157.3,-263.9,342,119.59
156.94,-264.16,693,114.91
155.21,-265.55,487,100.8
158.7,-263.91,577,100.02
158.49,-263.86,526,94.388
155.65,-266.43,533,94.206
156.41,-268.33,564,114.24
154.14,-272.05,587,114.34
152.42,-277.82,476,112.67
151.93,-282.9,618,107.21
149.56,-285.44,650,108.69
148.53,-285.34,603,106.53
148.57,-288.58,543,95.355
148.4,-290.86,537,91.559
147.29,-290.94,588,109.56
147.69,-292.03,573,128.18
146.72,-290.9,589,126.39
144.97,-289.45,620,131.81
145.94,-290.58,578,116.75
145.34,-289.58,564,110.38
147.98,-285.66,589,118.24
152.21,-276.81,580,117.47
156.21,-272.23,423,100.81
160,-271.61,553,122.42
158.72,-279.71,572,120.41
155.87,-288.91,620,126.37
154.62,-290.66,516,120.23
154.26,-296.7,502,113.32
155.89,-300.3,575,132.93
157.22,-301.7,611,135.1
158.32,-300.77,587,133.93
159.99,-303.19,502,127.33
159.06,-304.21,549,132.61
154.62,-303.61,522,132.39
152.62,-300.43,614,132.41
152.9,-302.8,603,122.12
150.7,-299.36,657,139.13
151.16,-298.29,580,141.49
150.65,-287.73,574,108.88
157.76,-287.02,603,124.18
160.27,-292.4,616,131.78
160.42,-300.49,588,132.26
158.46,-304.29,722,135
157.2,-304.94,815,144.2
156.16,-296.78,827,153.51
156.48,-289.51,809,127.34
158.69,-294.96,782,131.47
158.8,-302.4,842,147.79
157.06,-310.09,803,162.73
158.36,-315.52,847,176.05
158.39,-319.66,825,180.15
158.99,-326.27,816,190.78
158.33,-332.53,758,186.02
158.14,-342.47,697,171.38
158.73,-346.8,726,136.59
156.27,-354.45,641,116.65
154.26,-357.89,624,99.929
152.85,-355.18,609,132.53
155.21,-353.96,591,106.22
159.59,-355.55,709,114.22
151.7,-362.21,628,94.992
150.24,-358.03,584,99.011
151.49,-352.25,648,101.59
155.98,-347.7,599,95.132
156.85,-345.22,623,103.12
155.88,-343.64,764,141.92
151.25,-336.6,790,149.45
152.62,-329.15,740,123.21
153.49,-328.92,770,140.01
155.31,-344.05,805,141.77
159.05,-351.18,772,115.18
157.26,-357.6,765,113.4
158.37,-357.37,777,119.5
162,-361.91,702,114.97
158.77,-356.62,700,115.44
162.36,-359.87,736,124.01
157.16,-363.95,702,103.03
155.74,-359.09,733,127.52
154.57,-354.1,730,103.01
156.02,-344.08,717,114.72
153.89,-338.31,720,113.23
153.01,-329.45,726,116.2
154.88,-325.67,813,124.63
157.39,-321.39,781,108.34
155.31,-326.24,737,112.87
157.28,-337.05,769,122.92
161.08,-347.71,775,117.33
158.07,-352.33,752,118.16
157.93,-349.54,768,114.16
160.09,-352.89,764,116.49
164.89,-359.77,733,101.32
162.5,-360.38,728,113.74
164.1,-360.8,718,106.59
163.82,-362.51,733,114.17
158.04,-362.76,741,109.55
164.16,-356.59,745,107.77
166.02,-358.06,729,112.85
166.46,-359.08,700,99.202
166.1,-358.38,706,103.87
167.17,-358.47,755,117.38
157.03,-360.08,696,116.01
161.33,-352.27,808,131.86
163.67,-351.99,798,135.14
168.46,-356.67,766,109.35
164.62,-360.71,716,104.06
164.91,-362.28,715,110.03
163.23,-361.93,773,117.45
168.98,-365.68,726,110.99
166.67,-366.21,741,122.7
167.09,-356.86,825,138.97
167.57,-350.11,808,127.62
168.3,-347.28,786,123.79
165.14,-351.02,785,117.28
161.14,-350.93,781,108.6
166.47,-352.57,767,117.53
167.17,-356.68,778,111.51
170.06,-357.85,767,115.73
171.87,-366.2,749,105.89
171.33,-372.09,729,113.08
171.63,-370.99,672,114.24
172.14,-372.3,566,98.572
175.09,-375.66,478,83.578
171.89,-378.46,424,77.451
175.34,-377.54,560,103.52
168.9,-372.28,641,103.39
161.51,-367.73,700,111.47
154.87,-359.59,813,118.69
155.57,-354.87,840,142.78
151.77,-348.05,800,153.13
147.74,-336.53,827,147.33
147.48,-321.05,788,127.93
144.59,-307.31,773,119.93
141.31,-294.65,717,110.07
142.27,-289.48,711,122.26
139.74,-283.46,778,133.75
133.46,-268.08,799,132.31
126.35,-257.52,825,137.49
121.83,-242.33,858,142.11
119.37,-231.95,820,122.7
117.68,-220.43,811,124.38
116.17,-210.58,804,113.86
110.58,-197.37,852,155.13
101.76,-185.05,862,163.62
97.371,-180.57,854,134.51
92.535,-177.21,832,120.64
85.493,-176.2,811,134.31
75.037,-169.21,799,132.29
66.609,-160.93,806,138.44
62.595,-150.74,778,127.89
60.405,-139.96,709,110.72
58.286,-130.22,655,108.96
59.477,-122.33,701,105.69
54.912,-113.51,756,119.85
44.213,-102.74,819,135.77
36.394,-88.061,782,117.52
32.408,-79.963,779,120.69
25.082,-73.819,757,120.27
24.998,-69.07,754,129.97
38.172,-66.698,833,154.26
54.632,-67.098,861,156.49
63.358,-65.303,836,141.37
63.802,-67.345,821,123.7
60.44,-70.743,910,162.75
65.274,-72.695,869,138.74
69.739,-64.677,886,162.39
69.788,-52.645,846,148.23
61.443,-52.781,875,126.21
53.28,-56.063,866,134.11
50.072,-60.369,845,128.53
48.652,-59.89,838,140.5
49.719,-56.67,820,121.63
55.405,-55.312,886,144.98
67.308,-52.83,909,134.95
76.61,-45.447,865,117.65
85.176,-45.247,824,125.9
88.761,-45.139,811,120.82
88.248,-45.497,833,133.07
91.098,-45.327,859,141.62
89.36,-46.401,858,152.41
91.231,-46.174,858,143.27
93.26,-50.919,868,140.73
97.082,-47.871,879,139.98
104.25,-52.379,857,123.43
114.3,-55.443,836,123.9
108.08,-53.88,883,151.39
103.85,-53.375,882,151.23
103.8,-50.846,888,153.65
101.87,-55.375,888,150.14
95.888,-60.089,839,118.95
97.007,-66.956,879,139.2
99.631,-70.877,857,130.29
98.009,-69.697,857,131.06
99.343,-65.362,856,133.37
111.18,-62.779,848,113.16
124.41,-59.938,838,121.65
133.2,-56.413,834,126.84
143.42,-52.702,837,116.26
155.49,-53.665,808,117.37
164.02,-63.255,844,133.12
163.07,-76.457,849,125.56
155.27,-83.621,801,111.92
147.55,-89.508,803,118.43
144.17,-92.58,800,122.42
140.5,-91.209,782,131.23
146.99,-82.421,814,123.35
155.85,-68.413,883,132.04
163.19,-66.635,869,136.85
161.11,-61.067,873,148.38
159.39,-64.379,835,132.99
165.34,-64.507,817,129.25
169.01,-73.388,825,132.51
163.76,-80.026,851,121.45
158.49,-79.109,792,129.39
160.53,-69.4,821,135.54
160.73,-67.553,828,135.43
156.56,-71.628,846,120.36
153.49,-73.342,865,120.61
157.07,-69.307,816,120.89
160.71,-64.118,840,131.74
166.21,-62.575,817,118.2
170.15,-70.716,843,111.43
168.78,-75.086,854,118.23
170.22,-79.008,774,106.51
162.8,-74.051,816,116.97
163.04,-66.519,758,115.27
169.57,-71.549,784,110.89
168.38,-80.851,747,108.98
163.8,-84.202,772,121.33
160.56,-83.995,819,141.25
159.22,-90.656,809,142.98
149.09,-95.941,779,128.77
140.95,-100.83,756,126.11
133.71,-103.32,757,132.8
126.14,-101.3,805,141.31
122.98,-98.675,797,147.62
123.19,-100.18,837,155.64
113.84,-94.446,824,173.17
108.04,-97.431,845,147.22
102.15,-103.98,823,132
107.96,-111.54,841,140.12
110.14,-123.16,821,131.46
112.49,-135.35,812,139.94
117.61,-151.42,810,137.57
123.59,-159.92,800,123.95
130.64,-168.88,795,122.32
140.58,-180.07,767,115.36
150.31,-191.69,728,104.71
157.45,-199.51,735,112.41
167.16,-203.88,782,128.45
176.7,-214.02,731,112.46
184.43,-217.6,748,118.13
191.49,-226.52,732,114.73
196.4,-229.17,823,142.17
200.13,-232.11,804,134.78
196.41,-230.68,765,116.03
197.97,-229.83,788,133.66
207.29,-234.82,766,121.1
211.55,-237.19,660,104.13
205.34,-235.73,653,108.78
202.45,-234.31,737,122.74
205.67,-236.64,771,123.13
200.04,-236.71,736,121.38
199.14,-236,768,126.58
207.64,-235.43,776,125.25
211.06,-237.26,732,113
206.45,-237.71,746,122.28
215.21,-236.43,781,124.36
216.34,-240.72,756,113.86
209.15,-238.73,778,129.23
218.05,-239.51,750,110.17
216.93,-243.76,724,116.34
218.36,-239.89,781,132.69
226.17,-246.16,730,106.67
227.14,-244.3,698,101.81
226.61,-245,684,100.96
212.26,-240.12,732,120.7
201.18,-237.97,764,127.86
193.1,-236.19,796,135.13
184.01,-225.47,835,127.53
177.18,-220.05,829,128.08
162.53,-220.96,876,133.01
152.07,-225.84,815,135.4
150.93,-233.74,797,130.32
154.94,-240.66,776,131.04
159.3,-253.92,775,114.48
157.06,-262.22,764,128.58
158.3,-261.61,685,110.08
160.12,-264.15,717,116.68
157.44,-271.43,742,115.91
158.42,-280.05,772,137.11
160.99,-285.76,774,129.64
161.46,-291.38,820,145.92
162.07,-294.11,808,129.38
159.48,-289.59,759,109.24
160.59,-290.72,790,134.23
164.37,-283.77,709,123.51
164.42,-281.28,767,144.02
165.11,-282.31,639,111.25
165.76,-292.65,718,118.08
164.54,-305.06,735,116.03
162.78,-318.02,774,126.39
164.66,-328.3,756,116.39
168.57,-336.06,759,126.58
172.25,-349.83,772,128.91
173.95,-359.32,805,139.97
172.43,-363.23,761,130.55
168.46,-362.1,752,119.42
165.39,-364.64,791,118.3
160.51,-359.03,792,136.01
166.46,-356.48,741,116.93
172.96,-361.48,712,109.7
175.79,-373.65,732,114.02
170.43,-372.19,774,117.59
173.61,-364.96,762,123.94
179,-372.7,729,109.71
177.36,-376.11,727,119.72
173.89,-375.07,754,119.58
174.85,-370.24,747,109.84
174.93,-362.7,754,121.66
179.92,-369.74,734,107.96
178.03,-373.45,730,116.79
180.19,-370.57,632,95.637
177.15,-363.61,774,118.94
181.71,-367,698,106.04
180.93,-367.81,684,112.26
183.53,-373.53,631,97.348
179.42,-378.15,674,101.91
177.65,-373.3,769,118.39
179.34,-378.56,661,114.53
182.26,-377.26,711,114.25
179.45,-381.96,655,106.08
173.28,-380.3,707,110.7
174.08,-384.13,720,112.07
171.77,-389.53,705,107.64
173.44,-391.83,716,104.59
172.41,-392.05,654,103.15
175.36,-393.44,653,99.722
175.85,-397.93,512,86.622
172.2,-391.25,576,93.279
170.62,-394.24,694,114.82
167.01,-386.49,745,126.58
166.59,-388.33,727,128.25
160.5,-377.94,769,141.92
151.21,-362.95,766,127.36
148.56,-351.76,723,116.95
149.34,-338.57,720,120.34
146.66,-322.69,676,117.01
146.49,-304.35,795,134.24
140.39,-293.18,742,121.31
136.83,-277,728,114.25
141.81,-272.08,769,113.84
142.6,-266.15,775,122.33
130.54,-260.7,794,152.41
121.28,-248.32,761,123.38
115.35,-235.02,792,126.51
109.08,-222.17,751,124.62
104.09,-212.31,782,125.04
97.103,-198.25,773,125.89
88.457,-185.53,780,117.73
79.983,-172.52,819,142.09
70.927,-164.82,779,134.55
61.945,-155.23,720,122.78
59.45,-144.47,762,133.99
62.211,-138.56,805,139.14
65.757,-137.82,798,120.02
60.59,-132.85,797,134.14
65.94,-135.41,819,138.05
65.861,-135.78,770,121.28
64.962,-131.66,764,117.73
66.761,-127.61,707,96.745
65.729,-127.24,774,124.38
72.861,-130.23,807,121.38
77.44,-126.68,812,127.86
83.905,-123.95,848,139.91
85.93,-120.99,783,118.4
85.592,-117.83,783,111.79
88.81,-112.72,789,117.24
89.299,-107.1,828,114.44
86.461,-106.88,811,122.97
81.691,-102.78,816,126.62
81.998,-103.78,782,117.89
79.662,-103.8,817,136.42
84.749,-95.571,887,170.17
88.903,-85.606,889,169.11
87.784,-76.744,887,162.33
87.992,-64.882,864,137.72
81.138,-63.351,811,121.26
77.351,-61.552,833,128.04
71.609,-64.999,835,128.36
65.19,-68.117,837,136.05
56.501,-72.858,853,138.97
55.3,-71.89,823,128.89
52.056,-74.306,831,134.72
56.398,-71.968,875,129.13
59.663,-65.133,836,140.69
57.388,-64.94,805,137.78
63.448,-62.808,852,143.29
77.482,-62.858,856,145.34
85.367,-55.51,834,151.87
81.188,-50.492,865,158.72
72.635,-46.518,892,158.59
64.484,-49.995,909,156.09
55.488,-55.397,869,145
54.959,-66.863,846,134.23
58.811,-61.321,820,115.77
64.947,-62.959,842,141.06
74.193,-67.271,833,135.27
84.081,-69.823,797,134.37
94.079,-68.103,822,134.92
110.59,-62.753,857,133.9
119.21,-55.275,871,134.71
126.33,-52.563,813,127.41
121.49,-51.409,844,138.96
122.11,-49.17,808,126.6
123.13,-48.932,800,131.01
125.99,-52.153,850,145.86
129.2,-49.224,785,135.86
135.09,-49.49,784,114.57
142.53,-49.977,817,126.42
152.37,-51.94,809,122.39
157.44,-53.254,762,120.17
160.53,-52.188,671,100.48
168.32,-61.185,736,108.78
173.2,-72.507,743,107.86
171.24,-81.958,731,107.71
161.78,-78.228,715,109.4
160.91,-66.917,705,106.78
162.84,-61.801,783,131.28
172.51,-69.447,749,107.4
168.86,-78.345,805,127.75
163.73,-81.171,779,120.65
160.08,-82.995,754,120.05
158.96,-85.455,814,152.05
157.5,-90.538,811,154.63
160.52,-83.805,792,140.76
156.63,-85.203,766,139.54
153.73,-84.589,806,127.53
143.54,-92.96,710,109.37
138.68,-101.6,715,116.9
136.72,-107.35,663,108.69
134.88,-102.36,648,98.722
141.09,-98.9,727,110.58
141.56,-105.38,642,116.87
134.63,-113.31,656,109.17
134.22,-111.37,745,128.39
134.15,-117.68,716,114.14
134.36,-109.09,733,118.06
134.9,-112.91,674,102.75
137.37,-117.36,615,97.456
138.26,-122.98,673,112.01
139.06,-124.94,690,111.71
143.33,-129.61,702,104.93
148.19,-134.84,661,105.73
147.03,-138.12,518,86.978
141.39,-139.2,596,97.828
138.31,-139.03,683,117.53
138.68,-147.84,729,132.27
143.15,-158.94,784,151.66
146.84,-171.05,763,146.24
151.24,-175.07,699,119.49
155.82,-177.49,626,99.49
150.87,-178.34,743,141.06
160.12,-180.6,685,116.22
162.77,-182.89,665,122.3
166.57,-192.42,678,119.83
172.63,-199.73,728,131.4
181.75,-209.72,710,105.72
192.47,-218.67,686,99.308
203.33,-226.53,756,120.23
212.06,-235.12,701,121.29
203.68,-235.92,742,124.44
203.02,-233.88,736,118.5
212.69,-229.1,762,135.8
222.58,-235.88,717,108.63
228.88,-240.73,732,115.21
231.95,-248.02,605,96.398
225.98,-247.05,693,104.86
218.51,-241.97,761,120.45
214.07,-235.49,741,121.84
226.14,-238.51,696,113.56
230.91,-248.88,664,100.71
231.37,-251.9,711,114.46
229.85,-247.33,700,109.73
225.49,-241.48,746,130.95
230.04,-246.25,729,119.76
235.36,-250.7,704,104.52
233.99,-254.43,613,95.066
230.42,-253.59,705,113.33
227.11,-245.63,733,123.44
234.23,-248.57,685,112.78
237.08,-250.54,682,107.84
236.41,-253.37,654,111.01
241.55,-252.38,668,111.76
236.81,-254.85,632,101.45
238.98,-253.77,659,108.65
239.46,-254.53,651,101.71
246.11,-256.77,628,103.2
237.36,-257.93,640,104.46
238.27,-256.26,727,117.09
240.69,-260.84,669,107.36
239.26,-262.93,721,129.34
232.67,-261.15,704,125.44
240.35,-259.74,747,139.52
239.49,-266.13,715,112.15
238.91,-265.82,713,116.93
240.63,-260.13,692,106.6
243.35,-265.18,724,126.9
239.73,-267.63,732,132.42
243.88,-262.12,715,113.98
245.42,-263.5,743,116.1
242.82,-269.88,748,135.22
242.68,-265.83,742,131.55
247.66,-268.78,732,131.4
240.25,-270.54,708,124.77
243.78,-264.22,718,124.17
246.54,-270.92,750,122.17
242.46,-266.92,738,109.15
248.9,-265.91,656,105.96
241.2,-271.1,690,107.73
237.75,-262.53,693,108.39
238.71,-261.49,740,134.47
230.21,-263.22,725,132.5
228.81,-252.38,785,145.51
222.78,-250.68,760,143.65
211.89,-244.67,782,141.02
197.47,-241.22,769,127.39
187.36,-238.14,767,116.49
182.46,-239.61,748,118.94
174.3,-250.57,743,118.4
166.85,-259.64,720,127.29
160.4,-270.42,667,104.84
157.06,-274.13,623,110.21
156.23,-276.63,670,113.13
154.07,-278.3,657,109.29
149.38,-284.85,628,104.3
148.78,-285.02,594,101.97
148.27,-285.1,586,98.705
149.32,-284.37,678,107.15
150.62,-284.84,737,118.47
152.62,-285.63,794,115.87
152.75,-285.56,798,108.36
152.96,-284.66,793,109.8
154.15,-284.96,811,111.89
155.43,-286.29,847,115.66
155.65,-284.82,823,111.88
157.52,-286.21,871,119.38
157.62,-289.08,890,122.49
157.7,-292.3,931,131.63
155.16,-290.89,886,122.94
155.29,-289.06,824,117.62
157.42,-289.93,846,125.7
156.36,-289.4,785,117.77
155.12,-287.61,786,118.49
155.21,-286.6,802,113.96
154.98,-285.32,806,113.67
156.24,-285.5,786,114.58
157.33,-283.98,841,119.56
156.76,-285.48,776,116.48
155.86,-285.84,784,112.2
157.1,-287.39,780,107.27
158.5,-288.76,841,113.09
158.74,-289.8,881,123.83
160,-289.89,912,131.02
159.75,-290.64,896,139.05
156.92,-290.1,864,137.6
154.57,-287.52,834,122.71
153.89,-284.71,837,117.83
157.5,-285.16,812,116.17
157.12,-288.42,864,123.51
160.75,-290.63,891,137.46
164.19,-293.57,913,133.17
163.75,-298.23,884,118.7
164.71,-301.91,843,119.5
163.9,-302.04,858,120.82
165.44,-303.27,874,122.74
164.8,-302.53,881,132.95
159.72,-303.19,904,133.15
158.24,-302.21,928,147.24
160.45,-303.37,890,134.76
164,-311.78,856,118.2
162.07,-317.22,856,132.94
157.91,-321.12,896,125.09
157.17,-331.52,880,138.89
161.71,-335.47,836,125.21
165.6,-339.65,818,131.33
170.73,-341.7,862,149.87
176.82,-352.89,806,137.05
180.94,-365.4,787,113.76
182.41,-376.62,786,124.04
184.83,-379.77,764,118.22
184.52,-380.89,768,131.29
183.55,-381.62,807,136.54
181.32,-379.89,772,138.81
183.17,-376.41,722,132.6
184.84,-375.68,684,104.22
186.9,-380.23,642,99.788
183.67,-376.43,739,132.5
181.04,-383.72,762,143.48
180.51,-391.87,773,127.53
177.01,-393.07,758,120.15
178.66,-381.45,760,126.77
173.09,-372.53,791,134.19
166.41,-373.95,823,146.65
174.33,-379.95,782,135.39
175.73,-395.12,728,111.66
177.31,-401.44,723,114.39
174.78,-403,696,120.55
167.28,-397.23,712,129.18
157.47,-383.66,707,119.76
149.23,-368.49,678,117.14
146.69,-356.62,684,117.32
146.68,-342.49,708,131.02
148.07,-330.2,704,113.38
145.39,-310.01,741,127.2
139.62,-293.43,737,124.19
135.61,-277.62,768,130.57
132.53,-261.28,781,134.72
126.12,-245.95,769,122.95
134.39,-244.4,836,148.71
136.86,-244.17,816,141.64
135.36,-235.46,785,134.25
130.48,-219.18,777,134.25
133.44,-219.46,780,141.67
135.88,-220.21,810,154.79
150.17,-224.9,845,162.96
163.86,-222.53,796,150.87
176.36,-223.81,740,128.93
184.39,-227.75,791,158.17
201.15,-236.17,816,165.96
215.11,-236.83,859,180.39
227.75,-237.88,787,147.18
238.56,-242.88,797,119.57
244.28,-255.5,762,121.54
237.17,-255.78,734,127
238.39,-254.41,774,141.12
245.11,-251.96,790,148.19
250.82,-265.01,702,108.6
246.71,-270.36,682,111.49
241.7,-277.49,591,96.654
240.86,-269.08,673,104.2
243.25,-261.95,754,138.76
254.86,-267.89,675,100.5
254.14,-271.56,725,114.62
254.61,-273.4,708,114.04
256.72,-273.01,694,120.19
259.5,-275.05,697,130.2
266.89,-273.4,708,121.6
272.74,-269.52,633,108.79
273.74,-262.61,642,107.07
272.28,-260.88,586,98.523
272.44,-262.74,664,122.39
278.38,-267.41,704,118.71
277.63,-265.48,720,129.16
275.78,-264.63,732,134.04
278,-263.16,725,134.6
280.13,-273.66,722,133.01
283.22,-276.84,687,124.98
287.04,-278.68,716,146.24
296.05,-287.12,693,139.3
305.81,-294.06,641,122.66
315.68,-299.82,609,115.67
323.76,-300.88,591,107.12
329.02,-295.69,621,115.34
329.7,-301.73,570,93.271
327.4,-298.02,618,109.8
334.78,-297.38,614,104.34
327.89,-298.4,601,116.72
333.6,-292.7,587,94.686
338.26,-292.02,513,81.908
337.17,-288.91,447,99.374
334.98,-299.27,505,114.18
332.88,-299.31,658,108.56
325.97,-297.06,710,123.39
321.69,-296.39,729,141.44
308.37,-297.79,670,119.13
305.89,-294.64,724,137.96
299.82,-291.62,666,110.64
310.95,-296.14,690,129.92
313.38,-299.9,647,116.9
315.83,-299.04,674,138.32
318.92,-302,680,100.57
310.79,-299.58,653,118.01
305.77,-296.64,721,141.1
294.55,-293.1,675,106.03
297.76,-295.39,717,131.39
302.87,-296.73,642,130.18
307.3,-295.43,662,116.66
304.77,-293.64,718,119.3
291.08,-287.97,649,110.7
280.36,-277.82,717,122.13
278.46,-266.69,695,111.56
270.99,-257.56,716,104.64
273.21,-255.27,612,93.817
267.62,-256.79,598,92.428
264.13,-258.62,641,104.31
258.17,-267.51,712,120.66
259.54,-264.41,668,100.18
260.32,-268.43,697,109.85
269.85,-267.81,709,115.73
276.88,-273.25,670,120.32
284.63,-277.93,718,142.88
277.99,-279.66,729,127.82
280.86,-275.36,711,119.69
276.05,-269.64,762,150.61
275.46,-271.83,757,130.88
273.25,-273.46,649,129.01
271.87,-275.83,775,124.92
279.03,-275.17,735,129.1
291.24,-284.45,737,120.55
288.32,-287.17,724,123.71
283.6,-283.82,731,125.9
295.39,-285.1,690,133.59
305.08,-285.17,725,150.34
304.9,-291.07,744,116.18
314.45,-297.12,628,115.88
306.95,-299.74,638,110.28
294.55,-294.55,639,97.811
293.94,-285.94,664,120.4
291.65,-285.8,638,101.84
293.47,-284.58,663,100.23
294.14,-286.08,710,110.52
301.7,-288.28,734,136.72
309.28,-299.63,681,116.78
302.13,-297.34,657,105.37
295.63,-289.72,689,111.81
305.23,-291.31,646,96.265
311.7,-300.49,685,116.77
300.66,-296.42,640,99.598
302.36,-293.19,666,105.18
300.19,-293.24,685,108.71
306.56,-293.92,711,113.64
318.43,-297.83,741,113.71
322.77,-294.97,695,114.64
330.27,-292.81,710,124.61
333.33,-284.5,634,115.75
337.34,-280.81,522,95.405
340.11,-280.13,542,103.22
334.83,-270.98,589,103.59
331.2,-266.13,557,93.743
331.54,-263.19,582,99.83
336.46,-260.17,563,94.95
334.41,-256.9,584,99.011
339.57,-257.73,547,91.642
339.1,-265.56,568,117.25
336.29,-254.17,563,93.544
343.75,-258.27,443,92.725
344.64,-265.32,398,86.473
339.71,-264.9,506,102
341.24,-261.48,519,96.968
342.64,-264.39,385,84.348
341.34,-260.87,330,80.882
343.68,-259.55,226,62.134
349.96,-250.42,466,83.273
348.32,-250.19,467,95.24
349.16,-248.03,532,90.203
347.25,-243.92,519,102.17
353.26,-239.23,518,98.961
352.09,-242.12,519,122.81
344.63,-252.16,550,103.46
345.43,-247.74,537,105.81
349.03,-247.68,545,109.73
345.42,-261.5,455,84.017
344.61,-259.69,457,91.204
343.93,-256.51,487,86.035
345.25,-255.55,543,94.049
347.11,-252.94,597,98.441
349.5,-251.64,682,101.71
349.36,-253.04,689,105.56
348.78,-252.55,644,102.93
348.93,-252.12,622,102.96
349.67,-252.96,611,106.78
350.79,-253.16,613,99.111
349.38,-251.62,645,102.74
346.13,-252.52,697,109.32
347.53,-251.95,647,101.31
348.5,-250.84,642,102.56
344.9,-255.29,614,103.97
347.39,-251.23,575,103.99
349.1,-252.85,583,90.749
344.64,-256.18,163,85.002
348.28,-253.21,594,96.265
348.75,-252.85,590,98.457
349.59,-251.63,626,100.67
351.75,-251.29,630,101.56
352.17,-252.48,603,99.946
350.07,-253.54,620,94.272
347.81,-249.73,624,91.948
349.02,-247.51,636,97.944
349.52,-249.66,642,98.647
349.67,-254.1,599,94.437
346.38,-250.8,635,101.53
348.67,-248.14,624,107.61
350.44,-250.48,631,106.74
344.53,-252.46,658,118.93
343.36,-248.42,546,104.9
345.86,-243.93,670,128.37
347.78,-250.24,634,117.62
339.74,-251.44,684,102.11
337.73,-248.87,682,114.69
338.28,-243.79,657,118.29
339.51,-242.76,693,130.74
342.6,-241.28,630,115.25
342.12,-242.34,667,122.75
336.39,-242.95,671,129.25
335.01,-243.89,642,108.74
335.88,-247.76,670,116.6
336.35,-251.51,649,130.7
331.01,-255.86,644,117.92
324.5,-266.72,569,132.25
327.79,-271.44,629,126.54
324.71,-277.8,556,123.29
316.47,-277.68,584,118.4
314.24,-273.83,608,118.72
314.48,-281,330,188.39
313.43,-297.43,666,144.46
302.77,-304.55,618,127.93
306.88,-294.89,654,133.75
305.29,-292.87,650,151.11
312.39,-299.06,654,117.87
303.25,-303.46,646,107.16
296.59,-307.99,585,91.038
305.25,-296.85,586,100.8
309.78,-303.94,617,120.36
300.51,-314.46,615,117.18
295.87,-312.56,607,104.82
298.57,-304.36,556,119.32
299.4,-313.1,624,113.86
293.91,-311.65,676,130.66
284.5,-316.64,587,115.23
279.87,-321.3,566,113.4
274.68,-326.31,546,109.02
271.49,-335.46,576,108.26
269.62,-345.73,549,97.225
268.91,-353.61,540,115.4
266.78,-358.37,544,107.77
271.41,-356.83,585,119.31
273.53,-364.04,532,92.428
276.7,-368.48,443,91.246
275.33,-373.46,450,96.009
274.47,-371.28,517,104.25
282.5,-375.2,519,93.817
284.13,-377.65,509,98.796
283.48,-374.81,527,96.315
291.89,-375.7,544,96.538
294.3,-378.94,565,108.75
300.87,-374.07,536,115.63
308.02,-373.61,525,105.73
314.68,-374.51,513,101.51
316.76,-369.91,584,103.4
312.2,-373.48,556,111.32
313.76,-366.92,267,132.99
310.64,-371.99,453,102.93
309.68,-373.24,614,132.74
308.11,-367.28,605,123.85
312.73,-357.93,600,112.47
315.81,-361.37,610,120.32
312.38,-367.69,639,130.51
302.83,-371.68,612,115.22
306.57,-364.47,614,116.62
314.24,-360.15,631,119.9
323.1,-363.69,604,103.68
317.07,-370.19,593,110.97
310.22,-365.35,605,124.61
318.4,-356.1,611,111.75
321.36,-363.52,611,127.17
315.78,-363.44,567,112.75
319.76,-359.96,608,113.17
318.87,-358.93,637,123.18
318.46,-361.41,536,96.506
317.16,-357.8,600,97.481
316.09,-354.55,574,95.637
322.57,-356.8,539,93.908
321.77,-363.43,629,135.87
317.61,-358.79,648,145.65
319.7,-348.97,733,124.68
322.65,-344.95,605,119.1
325.08,-339.02,632,111.9
320.23,-338.62,550,109.5
318.22,-338.57,646,128.16
317.79,-322.61,633,137.8
325.43,-317.88,600,116.99
335.37,-307.97,604,114.99
339.16,-312.43,613,114.32
335.83,-313.46,607,107.73
335.45,-314.08,632,127.48
338.45,-311.51,562,104.97
333.95,-299.96,605,98.457
334.65,-288.99,660,136.65
335.67,-272.89,669,139.11
344.07,-264.71,611,100.4
341.17,-253.93,650,109.02
326.99,-251.22,638,107.87
325.44,-246.16,563,95.273
330.09,-242,567,100.91
344.41,-233.09,604,113.31
348.16,-239,634,116.23
357.09,-239.24,669,114.48
357.28,-250.3,608,110.44
358.56,-240.54,615,117.73
361.57,-247.97,574,95.339
356.33,-244.04,596,102.3
359.85,-241.71,574,98.374
363.31,-249.01,554,104.81
362.75,-251.29,537,90.848
360.83,-238.15,608,107.56
359.14,-243.62,595,114.99
350.68,-246.18,593,102.95
332.97,-244.62,631,100.37
325.48,-252.91,625,111.25
320.09,-256.77,646,121.62
317.57,-269.71,550,103.09
323.14,-270.22,608,116.46
334.88,-264.47,611,120.97
344.67,-263.19,639,132.98
349.81,-255.64,576,111.97
353.26,-249.28,667,119.51
347.78,-245.63,658,128.92
348.19,-241.37,608,100.8
336.38,-245.67,635,109.1
330.01,-240.09,647,121.73
334.96,-237.13,602,97.828
337.69,-244.86,639,117.88
327.36,-246.8,594,100.68
327.22,-240.77,639,113.5
324.56,-248.21,629,123.92
317.58,-257.32,626,109.54
318.92,-266.96,621,100.56
314.28,-263.74,582,116.92
314,-260.58,502,93.015
317.01,-259.87,570,95.703
318.8,-259.24,665,103.51
322.04,-259.6,744,116.27
323.06,-261.08,833,124.74
322.3,-261.87,873,126.83
322.17,-262.76,869,137.88
322.12,-263.63,859,138.81
322.69,-264.89,861,140.16
322.38,-267.16,870,141.14
322.57,-267.48,848,139.91
320.84,-271.99,609,125
320.11,-276.53,680,117.1
320.65,-282.44,712,122.45
319.87,-280.48,688,121.87
319.74,-275.95,671,113.91
319.76,-274.63,695,127.85
321.07,-275.71,689,130.91
320.97,-278.72,593,112.52
322.5,-278.37,599,128.86
322.16,-276.59,668,124.17
322.12,-276.53,740,126.53
322.84,-276.81,799,130.35
323.49,-277.39,821,131.69
323.53,-276.33,846,132.62
323.07,-274.85,900,137.71
322.12,-276.96,863,133.77
320.24,-278.09,790,129.27
318.75,-279.15,782,116.73
322.81,-282.57,673,105.84
324.68,-280.63,730,122.93
319.62,-275.98,694,110.83
318.97,-272.51,694,122.93
319.42,-276.72,693,119.06
318.63,-278.56,631,111.33
321,-277.39,636,103.31
321.2,-277.7,692,107.54
321.99,-277.95,737,112.97
324.96,-277.68,873,121.51
325.97,-278.92,833,123.69
326.56,-277.36,915,132.71
327.27,-278.48,892,134.46
326.32,-278.21,847,125.68
322.59,-278.26,779,116.56
322.92,-277.89,734,98.589
326.97,-277.16,743,103.86
327.64,-278.65,740,113.45
330.06,-277.63,688,112.37
330.99,-279.78,663,103.34
327.54,-279.63,713,116.4
330.67,-275.01,711,119.24
331.82,-274.86,784,117.48
330.97,-274.57,799,134.64
337.5,-270.06,744,116.06
335.52,-270.11,760,125.97
340.14,-271.16,687,125.77
337.77,-273.6,697,128.16
335.91,-266.53,696,122.66
336.92,-266.32,711,132.25
332.63,-268.38,698,130.34
325.8,-271.47,699,128.74
322.66,-273.44,681,122.12
318.93,-275.07,681,120.82
312.84,-281.06,723,133.7
301.36,-291.49,684,112.98
299.89,-295.53,677,123.49
299.02,-300.21,674,130.01
304.73,-300.17,682,125.09
314.15,-293.7,687,138.19
331.69,-297.32,589,106.05
337.3,-291.81,648,120.85
348.49,-288.37,645,124.28
352.03,-288.52,598,113.98
359.14,-285.18,572,111.28
362.11,-286.85,581,114.24
364.68,-285.07,539,101.38
372.21,-288.62,502,88.433
369.19,-287.33,518,104.59
361.09,-300.94,535,113.89
357.27,-308.41,527,107.06
366.04,-307.02,466,115.36
370.1,-305.14,552,130.91
373.1,-311.18,541,119.97
376.57,-316.97,517,111.05
384.32,-313.66,489,101.59
388.01,-309.45,484,96.844
385.7,-308.6,417,94.694
390.07,-307.58,445,113.74
388.61,-310.58,457,105.16
387.22,-301.95,486,105.28
380.83,-311.74,444,103.94
383.37,-309.7,507,100.33
375.29,-303.18,522,109.31
380.6,-298.69,541,116.35
365.19,-292.32,552,114.24
367.88,-284.22,524,104.06
370.35,-283.71,552,95.075
373.38,-283.4,561,101.9
381.18,-282.5,504,93.528
385.3,-282.67,608,101.31
379.27,-288.51,564,107.42
367.48,-286.02,560,116.6
364.96,-273.14,593,114.46
364.6,-262.69,611,135.61
360.49,-250.22,564,110.27
357.73,-246.84,440,114.98
349.51,-235.32,532,106.96
345.28,-243.91,633,119.4
339.74,-247.79,605,116.36
329.23,-256.72,605,126.39
323.53,-263.8,592,115.16
312.76,-260.61,572,100.76
311.64,-265.48,616,128.22
316.48,-272.04,570,110.33
306.04,-275.25,565,103.52
301.18,-289.07,601,114.54
307.35,-291.83,581,111.63
296.61,-305.38,398,107.63
291.11,-314.14,591,128.88
284.53,-323.13,294,114.48
288.67,-330.47,613,127.81
292.83,-329.55,570,102.56
293.49,-331.27,552,145.21
307.02,-329.87,594,149.79
320.03,-321.89,571,145.09
325.33,-302.51,523,121.98
336.98,-289.21,556,140.48
339.84,-284.29,585,124.91
326.3,-288.87,216,97.258
342.1,-285.48,600,121.48
346.41,-282.76,548,130.44
351.86,-273.27,589,116.04
346.01,-271.92,565,102.03
346.38,-267.42,553,113.42
338.71,-267.33,588,120.67
328.88,-264.97,585,107.33
317.25,-262.33,613,115.15
303.8,-269.52,610,105.33
295.11,-277.6,607,110.42
287.36,-293.28,627,111.17
287.36,-293.13,568,99.035
287.35,-310.21,530,98.564
289.45,-314.04,614,125.94
280.2,-321.21,560,114.92
280.11,-331.21,574,112.87
282.86,-333.43,594,102.72
280.46,-334.49,582,118.57
278.23,-333.94,548,105.4
282.03,-334.7,546,115.77
293.69,-339.15,568,115.44
308.22,-343.93,531,104.53
319.18,-342.54,552,98.184
327.32,-347.98,532,103.69
323.37,-335.24,567,117.17
327.29,-331.17,514,100.36
329.16,-334.61,493,97.572
325.33,-333.03,579,105.9
320.33,-332.54,527,118.4
316.89,-321.98,548,103.61
320.89,-316.46,550,117.17
323.23,-296.95,547,111.24
328.83,-285.84,554,101.16
325.27,-281.82,551,129.28
333.92,-284.65,552,110.38
340.46,-282.8,532,109.31
344.58,-275.78,570,137.22
340.76,-270.89,559,109.32
336.4,-270.48,559,117.92
328.67,-267.45,573,127.58
313.38,-259.63,592,114.62
307.97,-259.06,584,107.08
310.54,-263.8,516,88.417
308.79,-265.62,498,88.532
300.59,-275.83,555,105.17
293.02,-289.6,581,101.84
285.62,-289.26,599,121.02
284.35,-289.52,585,116.83
271.36,-289.63,568,118.29
259.96,-288.57,582,115.2
245.7,-281.65,573,111.93
230.53,-281.32,554,103.79
223.2,-273.92,533,96.166
218.73,-261.42,524,103.88
215.34,-260.41,510,103.03
211.99,-249.97,550,117.11
195.5,-242.7,526,104.41
196.96,-249.23,552,115.73
200.09,-251.39,563,102.62
209.87,-245.9,537,107.64
220.19,-244.06,513,94.222
219.25,-242.77,554,119.12
215.53,-235.62,531,101.14
213.68,-232.73,544,119.58
200.13,-229.66,532,112.15
187.92,-240.35,538,101.45
180.22,-247.95,541,109.36
171.33,-256.39,557,100.99
161.14,-263.44,521,95.091
152.4,-272.4,539,111.25
155.91,-277.11,509,104.12
150.55,-268.24,526,110.3
142.8,-268.62,558,123.08
131.54,-279.41,517,104.32
128.13,-283.23,530,105.54
134.62,-284.23,548,103.02
141.34,-282.62,537,119.28
153.12,-289.41,528,100.03
159.03,-302.25,511,113.12
163.35,-302.02,499,97.514
159.53,-297.29,515,109.62
158.61,-294.54,479,83.43
159.81,-290.45,515,100.32
164.67,-280.66,509,89.434
164,-286.07,504,100.67
164.78,-297.58,472,97.415
161.82,-310.47,507,89.806
163.92,-298.69,511,103.63
166.52,-301.63,533,105.95
167.23,-310.51,481,94.396
167.81,-320.27,488,100.67
169.26,-320.8,490,108.86
170.5,-312.24,492,104.35
176.11,-311.85,456,85.605
183.34,-308.65,424,82.884
180.69,-314.49,477,91.651
172.13,-315.88,497,98.159
159.99,-309.75,469,97.828
168.8,-314.57,486,117.41
173.69,-311.11,539,127.68
175.82,-313.19,504,113.24
180.15,-308.88,522,96.952
176.79,-311.66,487,106.58
175.38,-316.33,488,100.42
179.69,-314.73,485,106.07
173.25,-322.31,478,93.164
172.69,-322.35,510,120.74
173.51,-332.25,410,82.677
172.49,-330.52,379,79.005
172.76,-327.11,351,76.309
172.71,-326.32,374,77.698
173.82,-325.06,386,85.861
176.06,-323.42,417,87.267
176.68,-323.07,444,89.26
175.11,-323.74,427,85.878
175.76,-324.1,469,87.846
177.35,-324.47,498,86.688
176.94,-326.47,445,82.404
177.49,-326.86,452,86.25
176.22,-328.95,442,84.662
173.81,-329.6,471,87.292
171.12,-331.33,484,88.301
172.93,-329.93,480,94.851
172.11,-330.09,465,82.421
175.98,-330.77,474,85.903
171.62,-333.88,424,75.962
168.97,-334.33,425,87.582
168.53,-332.76,460,87.747
168.18,-331.8,473,85.398
169.04,-330.84,524,89.963
169.47,-329.85,517,93.66
170.77,-328.21,524,96.381
172.45,-326.6,527,91.494
174.39,-323.83,559,96.29
177.21,-321.62,560,98.523
180.03,-321.04,578,111.44
177.55,-322.58,530,94.223
179.88,-329.27,521,92.279
180.54,-328.03,558,110.4
181.37,-323.72,519,101.54
183.92,-326.6,479,90.377
182.63,-330.58,512,102.44
185.69,-332.52,504,109.36
182.74,-335.25,501,90.567
186.61,-332.91,543,111.21
186.38,-336.94,507,90.121
188.69,-337.53,466,98.449
184.63,-335.25,549,94.942
189.86,-338.89,501,102.54
185.54,-337.18,531,103.87
188.08,-332.26,507,94.231
184.18,-335.79,573,111.2
177.7,-335.11,550,115.15
178.98,-335.66,525,115.22
181.18,-329,531,108.07
188.11,-331.98,551,110.26
192.5,-337.34,523,98.796
187.3,-340.14,498,90.22
181.24,-348.65,479,90.22
178.6,-351.42,531,115.53
182.4,-359.46,447,99.714
182.42,-360.54,462,93.569
184.14,-358.04,474,98.366
186.67,-361.86,483,100.67
191.9,-363.43,473,102.44
193.81,-368.08,472,104.41
199.35,-369.67,446,94.603
202.15,-373.55,452,97.481
208.16,-374.96,444,98.622
214.75,-374.69,465,91.311
221.43,-372.62,439,94.504
218.01,-374.46,430,91.121
215.6,-380.41,471,106.18
213.47,-377.09,448,93.445
220.02,-369.47,445,99.946
228.64,-367.49,437,81.66
227.92,-376.89,457,92.461
226.09,-378.14,508,103.01
231.7,-376.18,400,92.635
231.74,-378.4,433,89.161
233.09,-373.7,460,105.07
234.09,-378.93,410,83.761
235.51,-373.54,502,105.1
233.73,-375.82,467,93.726
239.55,-381.88,412,94.62
236.78,-384.18,451,111.71
239.28,-389.16,442,96.009
242.43,-394.64,416,88.483
243.05,-399.34,404,94.14
244.04,-398.26,398,94.082
239.93,-397.38,392,88.21
247.7,-394.19,395,94.644
256.13,-395.36,378,96.291
248.41,-400.09,432,85.911
242.62,-398.32,422,81.247
249.96,-397.68,389,83
250.4,-404.82,424,85.059
251.24,-406.64,414,83.711
244.97,-410.05,381,79.17
248.08,-406.19,459,93.85
252.07,-403.48,424,84.191
252.46,-403.13,425,96.77
254.1,-393.88,417,93.214
259.15,-394.09,423,90.848
261.14,-399.92,410,89.757
262.29,-401.2,417,96.208
262.68,-395.77,405,80.204
268.12,-397.29,443,88.88
270.15,-395.14,454,92.544
276.67,-396.63,389,82.694
280.06,-394.53,418,94.984
278.5,-394.54,398,96.331
284.1,-394.95,357,80.982
281.96,-400.88,456,97.68
271.55,-402.73,394,83.273
273.34,-398.74,382,87.391
277.04,-397.71,386,82.305
280.93,-389.79,414,92.908
279.2,-385.44,428,97.514
273.71,-374.26,449,97.117
268.51,-364.47,431,88.541
275.4,-358.21,439,106.78
277.27,-360.08,422,95.984
284.57,-352.75,457,100.55
282.35,-349.27,408,98.944
287.78,-343.85,426,97.233
281.49,-339.75,407,102.32
284.6,-333.64,428,98.341
283.79,-330.01,437,93.504
291.19,-318.88,433,97.646
301.68,-309.7,443,88.077
304.25,-306.32,424,96.248
296.85,-300.81,440,110.92
282.82,-306.28,426,104.53
280.06,-309.87,414,91.973
285.62,-309.76,409,95.265
290.35,-319.09,423,104.93
289.65,-323.96,440,89.36
294.46,-326.39,452,91.882
305.56,-334.85,410,97.307
318.75,-336.75,429,102.7
321.42,-329.2,412,94.553
319.53,-321.01,422,95.413
325.65,-311.51,377,92.163
326.92,-296.33,447,106.73
323.22,-289.67,434,107.19
328.71,-283.22,257,93.231
327.33,-277.98,405,83.538
318.82,-272.73,424,87.557
312.32,-270.81,431,109.21
309.41,-273.71,426,102.69
301.42,-267.19,356,89.31
300.4,-260.14,422,98.846
306.08,-251.64,344,85.514
309.32,-244.39,424,89.6
312.93,-239.87,426,100.33
321.7,-233.83,385,80.023
328.63,-227.36,480,108.99
330.5,-228.51,398,98.407
335.98,-222.56,336,85.373
346.48,-224.42,398,88.003
355.73,-226.64,373,86.581
359.02,-233.99,387,92.635
368.57,-240.08,365,76.797
372.12,-245.66,386,79.096
367.15,-256.22,395,81.635
367.09,-260.53,445,87.019
373.59,-270.67,376,77.368
383.29,-276.03,433,86.622
384.28,-284.32,355,80.147
382.75,-286.14,303,92.461
378.78,-295,318,84.364
384.22,-308.55,272,82.884
385.03,-318.99,308,77.203
381.37,-317.36,334,84.96
371.9,-319.61,334,81.296
362.97,-314.61,346,81.081
352.7,-310.69,389,75.681
342.28,-308.9,411,89.963
330.32,-304.59,355,79.212
326.38,-311.13,366,88.64
323.68,-301.98,386,87.681
317.56,-293.19,371,80.254
308.11,-285.01,396,84.389
297.79,-280.78,406,100.05
298.37,-279.42,404,83.844
290.46,-285.98,404,89.74
293.2,-281.04,405,91.121
296.77,-278.03,374,78.658
304.5,-281.61,381,84.91
310.79,-274.65,384,81.04
306.84,-270.9,411,90.906
303.32,-263.04,401,79.22
305.45,-257.59,392,80.188
304.65,-250.82,401,76.954
309.72,-242.58,383,81.577
313,-235.88,384,79.857
317.41,-229.74,372,80.99
319.6,-225.39,379,83.281
319.1,-225.22,391,92.362
326.7,-220.08,378,78.385
335.2,-218.1,371,79.394
341.18,-223.25,360,72.571
347.65,-220.34,329,90.724
353.12,-220.51,360,80.337
356.58,-229.93,330,67.526
364.55,-231.1,363,86.432
371.91,-235.4,394,85.696
375.72,-237.81,339,78.749
376.52,-238.28,345,83.231
376.91,-243,345,77.227
375.81,-248.13,360,93.486
377.73,-253.28,359,86.06
379.89,-251.58,348,94.396
382.88,-255.42,328,80.138
385.93,-257.55,332,79.336
388.46,-260.09,315,82.14
389.72,-270.06,322,78.848
388.84,-282.77,308,81.18
393.01,-289.74,305,71.62
394.67,-299.76,356,77.07
393.01,-308.89,286,74.845
392.46,-318.13,260,63.664
384.51,-320.31,278,84.331
377.45,-323.16,269,63.044
381.34,-324.91,289,87.184
380.17,-328.81,292,79.675
382.65,-322.22,293,65.144
381.74,-324.72,273,71.761
383.53,-328.66,328,73.754
375.86,-329.15,263,72.662
377.51,-330.2,217,67.816
384.84,-334.67,243,62.2
379.79,-337.95,214,63.97
385.58,-332.72,218,67.427
386.06,-338.03,248,69.536
381.87,-338.73,279,71.711
382.15,-339.14,233,64.615
378,-342.24,333,74.771
382.12,-339.38,253,63.623
378.41,-340.91,278,70.115
377.5,-337.1,263,71.909
377.5,-337.1,263,71.909
