0,-0,339,65.508
-1.8667,-0.38878,376,69.296
-1.6384,-0.6526,385,71.066
-1.838,-0.94346,364,69.9
-0.96421,-0.62877,403,73.828
-1.7302,0.32014,438,73.886
-1.9307,-0.2849,371,68.188
-0.52742,-0.23386,442,74.275
-1.0378,-0.56703,370,69.205
-1.1441,-0.5898,417,73.15
-0.55752,-0.38507,428,73.531
-0.49461,-0.034118,364,67.526
-0.48432,0.40557,430,72.414
-0.21271,0.032657,340,68.651
0.030946,0.39828,383,68.75
-0.87272,0.70692,381,69.404
0.70396,-0.27919,353,70.446
0.48005,0.12176,378,71.232
0.56308,-1.2493,312,70.661
0.83565,-0.97806,369,68.304
0.97209,-1.3843,361,77.947
1.5264,-0.98702,421,74.49
0.90745,-1.9808,345,71.016
1.3532,-2.4408,329,69.602
1.2839,-2.5865,332,69.097
1.3112,-2.7007,403,72.778
0.41035,-2.5852,414,74.341
-0.15981,-3.5733,371,70.619
-1.1009,-3.055,417,77.294
-0.77861,-2.5626,431,74.928
0.11637,-3.0994,459,76.979
-0.28778,-3.4368,474,80.56
-0.2776,-3.4993,478,79.311
-1.2499,-3.0089,419,79.254
-0.24995,-3.4174,461,78.683
0.17435,-2.9791,486,79.981
-0.14283,-2.5622,526,88.351
0.05485,-2.5665,542,85.481
-0.4438,-2.0829,548,87.797
0.27974,-1.758,627,90.741
-0.85941,-2.5918,528,95.438
-0.84877,-2.127,569,88.847
-1.1261,-2.3122,568,87.069
-0.39718,-2.1846,542,86.738
-0.2049,-2.7629,523,89.864
-1.8416,-1.4596,398,84.489
-1.4308,-1.8184,421,83.265
-1.5763,-1.3656,369,81.313
-1.3122,-1.1561,320,82.239
-1.3695,-1.5298,417,92.891
-1.2577,-1.584,470,94.248
-2.0894,-0.02856,349,89.484
-2.0235,-1.2275,520,96.745
-3.2446,0.18786,390,93.371
-1.8189,-1.2364,577,93.693
-2.3456,0.33457,415,113.18
-0.70798,-0.99932,546,94.81
-0.0067929,-1.5063,502,92.825
-0.81909,-0.31139,410,95.447
-0.62895,-1.3172,566,92.651
-0.7832,-2.1518,600,100.17
0.7153,-1.9778,543,85.588
0.55923,-0.78229,629,94.265
0.44938,-0.3913,550,91.791
1.4359,-0.91326,606,92.403
-0.83779,-0.0065113,492,99.251
1.0071,-1.0587,642,93.619
1.2778,-0.35115,614,91.626
1.4371,-1.7384,638,94.33
0.70363,-2.635,596,94.14
0.8418,-2.3301,600,97.043
0.69039,-1.9598,587,99.326
0.54166,-1.9353,519,91.129
0.98028,-2.3422,550,101.54
0.99469,-2.1203,604,91.138
0.76006,-1.8429,576,96.332
0.78538,-2.26,636,97.497
1.5456,-2.459,715,101.15
1.3602,-2.0762,663,106.84
1.5304,-2.2413,682,99.565
1.4851,-1.7093,667,96.77
1.0384,-1.3467,589,92.842
1.0265,-1.4507,612,95.29
1.7177,-1.3626,689,99.474
1.7634,-1.5766,659,100.87
1.1378,-0.58269,640,98.83
0.51102,0.010222,645,93.95
0.37465,-0.76546,655,102.03
0.972,-0.39924,603,91.882
0.48281,-0.54224,598,98.904
1.37,-1.2038,671,92.064
1.3046,-0.58288,634,99.185
2.2308,-1.1141,621,106.43
2.1289,-1.5586,686,102.79
1.0979,-0.86482,689,104.99
0.70507,-0.51021,639,98.341
0.93476,-1.796,675,102.79
1.5803,-1.6492,703,103.97
-0.65694,-1.243,644,99.772
0.48135,-3.1211,624,97.878
0.4438,-1.179,652,102.58
1.595,-1.7577,719,108.77
0.93553,-1.6651,708,106.72
1.1639,-1.7175,686,111.7
1.8535,-2.0158,714,104.41
2.4601,-1.6861,655,101.56
2.7489,-2.1292,753,110.44
1.5481,-1.304,744,109.83
3.5165,-1.9545,710,101.77
3.1521,-2.1818,663,99.135
4.4746,-1.3702,716,109.57
4.9885,-1.7501,716,110.15
3.1054,-1.5051,766,109.8
1.774,-1.5172,764,106.18
1.3385,-2.5173,759,109.69
2.1599,-4.1142,837,116.57
2.8656,-4.3152,748,112.98
2.3154,-5.5047,829,116.76
2.5774,-5.2491,772,116.68
2.5077,-5.959,820,116.5
3.4102,-6.3615,850,116.94
1.7421,-3.6358,801,121.2
1.9079,-3.4457,889,123.61
1.6584,-3.3177,848,127.16
0.52184,-4.2835,830,120.76
0.65806,-4.046,784,133.51
3.1717,-5.1663,957,142.68
2.6105,-5.5445,883,136.76
1.6549,-6.4321,891,125.77
1.1067,-6.2504,885,119.88
1.246,-5.6535,888,118.97
3.0486,-6.8085,997,135.26
2.2976,-6.5845,919,122.23
2.6226,-6.7882,949,125.27
3.2674,-7.6283,961,126.49
5.0633,-8.8534,1016,138.97
4.5914,-10.158,930,136.04
4.4533,-8.3545,946,121.12
4.2413,-7.0653,979,124.93
6.3448,-8.4817,983,125.02
6.6286,-10.329,943,125.46
5.9298,-9.8507,955,126.75
6.2087,-8.6906,975,118.93
6.9902,-9.7457,927,118.56
7.9509,-11.709,980,125.08
7.928,-12.137,1026,138.61
6.3207,-11.518,1132,140.23
6.0223,-12.47,1044,138.2
5.6871,-12.649,1044,144.37
5.4023,-11.9,1072,143.62
5.3362,-12.299,1002,138.01
5.1968,-11.767,1011,132.22
4.7484,-12.36,986,143.6
5.7106,-11.942,1058,140.27
3.879,-11.219,1137,153.08
3.493,-11.589,1035,140.1
3.958,-12.92,1023,141.72
2.887,-14.007,935,142.33
2.6204,-13.72,965,140.16
5.8746,-15.141,979,137.55
6.1188,-16.894,963,133.24
7.5248,-17.271,1022,128.87
7.4615,-16.907,1037,132.83
9.4836,-17.228,1098,133.4
8.9396,-16.197,1126,134.63
7.7526,-15.644,1200,153.12
7.1058,-15.063,1170,146.81
6.9659,-14.639,1162,136.14
6.8983,-15.195,1137,141.8
9.8942,-15.699,1219,154.45
10.911,-17.074,1251,152.25
11.719,-19.207,1102,151.11
14.004,-18.373,1254,159.36
14.067,-20.139,1162,146.96
15.561,-19.898,1235,147.3
15.969,-18.864,1109,142.54
17.752,-18.658,1216,139.68
17.338,-19.178,1165,135.79
17.762,-20.416,1168,136.47
18.789,-22.234,1268,143.41
18.728,-22.749,1269,146.25
18.064,-22.573,1267,148.38
18.094,-24.087,1212,153.03
17.596,-23.855,1227,145.43
17.877,-23.723,1278,151.05
16.162,-22.595,1250,166.09
17.796,-21.964,1280,148.77
16.458,-20.095,1289,154
17.008,-21.39,1185,157.05
17.804,-20.549,1313,156.08
18.392,-20.578,1270,161.03
19.077,-21.325,1200,153.73
21.719,-23.779,1270,139.01
21.122,-24.731,1224,149.6
20.993,-25.838,1181,142.37
21.546,-26.337,1264,149.51
21.336,-25.714,1283,147.6
19.654,-24.928,1209,146.04
17.754,-23.027,1198,147.25
15.129,-20.147,1154,137.81
17.361,-20.489,1233,140.48
18.448,-23.176,1266,145.24
18.571,-23.849,1174,156.4
19.756,-26.176,1210,161.85
19.748,-25.002,1307,165.6
18.603,-24.035,1280,163.78
19.291,-23.577,1320,159.33
20.996,-26.187,1244,146.31
20.706,-29.394,1210,145.37
18.781,-28.415,1283,145.42
20.588,-27.962,1232,141.62
21.757,-28.425,1225,147.63
24.048,-28.32,1319,148.83
23.725,-30.616,1213,141.57
24.807,-31.849,1163,154.93
25.835,-31.519,1230,143.85
25.108,-30.672,1207,140.25
26.007,-31.023,1188,134.14
26.709,-31.715,1255,138.95
24.444,-29.834,1171,149.96
24.092,-27.501,1236,161.72
25.57,-28.268,1356,167.12
24.432,-27.516,1231,173.59
23.08,-25.427,1351,168.73
24.979,-26.89,1307,172.92
25.79,-28.924,1264,161.6
25.163,-29.305,1289,162.02
23.636,-27.56,1282,167.02
23.534,-25.486,1383,186.73
19.084,-18.918,1433,199.86
14.175,-11.724,1471,206.48
10.763,-8.3455,1268,249.22
4.3309,-3.9507,1410,196.95
0.04748,-0.058023,1420,186.26
-2.5931,2.7935,1414,171.22
-5.3934,4.6958,1335,157.97
-6.2331,9.4904,1289,155.95
-5.5015,12.851,1167,154.13
-4.6189,15.632,1278,141.06
-2.9183,15.425,1235,136.06
-2.9074,14.25,1188,140.03
-0.57153,11.574,1220,155.92
1.3001,8.5841,1229,161.53
2.4262,2.4714,1217,204.21
2.5103,2.1593,1374,167.68
1.0861,-0.8557,1364,171.95
2.0304,-3.371,1145,201.84
8.4388,-7.9448,1456,182.74
13.992,-16.528,1450,189.83
20.707,-24.849,1426,178.95
24.216,-29.145,1340,189.07
28.034,-32.569,1283,156.65
26.64,-33.492,1341,164.97
26.928,-34.911,1292,160.59
24.839,-34.501,1240,205.59
23.844,-33.439,1441,156.95
24.003,-33.65,1405,177.55
24.152,-34.654,1479,162.88
23.585,-34.468,1301,173.63
23.874,-35.109,1343,161.53
21.062,-33.284,1475,166.72
16.248,-27.976,1380,193.95
15.518,-26.095,1392,186.18
13.386,-21.042,1427,195.72
11.486,-21.224,1237,213.22
12.981,-25.097,1483,186.15
16.508,-31.994,1241,220.29
20.385,-32.274,1270,213.99
23.449,-34.51,1485,205.94
27.4,-36.845,1253,210.55
25.88,-35.695,1390,182.57
27.644,-34.473,1337,187.15
26.282,-31.711,1511,189.74
24.393,-29.497,1487,171.25
24.895,-29.932,1485,180.61
24.486,-31.349,1510,164.31
24.016,-31.558,1409,162.73
24.978,-32.457,1265,184.69
27.403,-35.977,1320,181.36
27.779,-36.206,1364,166.02
28.892,-35.333,1488,169.2
28.182,-36.666,1231,167.4
26.667,-34.8,1440,170.57
26.357,-34.607,1467,181.9
25.378,-37.044,1239,202.47
22.805,-35.198,1508,192.42
23.314,-37.148,1475,178.38
24.423,-37.926,1331,177.06
25.209,-38.844,1508,179.18
26.175,-39.228,1386,188.46
29.324,-40.903,1489,175.73
28.942,-41.387,1352,182.42
31.768,-41.185,1320,182.26
31.489,-38.645,1481,162.77
30.154,-39.815,1264,189.2
28.771,-38.042,1491,198.88
29.015,-37.915,1553,181.18
31.441,-39.36,1530,183.37
34.334,-42.997,1370,206.84
33.533,-41.71,1247,186.91
31.064,-38.871,1423,180.41
31.625,-35.955,1541,174.12
30.892,-36.508,1500,169.97
29.475,-35.214,1310,193.33
30.891,-36.548,1493,178.72
29.419,-37.396,1585,194.52
28.344,-35.713,1538,196.49
26.254,-35.071,1454,218.25
23.693,-32.971,1634,222.63
21.295,-32.005,1436,251.6
22.825,-32.887,1395,243.39
23.751,-35.234,1275,272.79
24.767,-36.814,1033,304.95
26.649,-39.105,1575,189.62
26.931,-39.586,1459,188.78
30.357,-40.321,1363,192.59
36.118,-44.974,1216,215.49
38.371,-47.448,1535,171.01
37.376,-50.765,1112,244.06
35.634,-50.446,1210,175.5
35.454,-48.397,1404,158.5
35.249,-47.583,1404,161.96
33.726,-45.894,1502,163.91
32.642,-46.187,1278,217.46
32.985,-44.474,1628,170.45
30.678,-43.125,1498,203.97
31.71,-44.14,1447,195.79
33.549,-47.051,1291,219.29
31.853,-47.01,1354,191.99
31.712,-46.471,1627,194.06
26.031,-44.766,1442,220.46
18.792,-39.796,1333,253.78
11.772,-31.424,1540,220.68
18.964,-40.837,532,158.68
11.303,-35.302,434,149.17
-2.9411,-1.368,1598,228.74
-4.5987,5.1457,1555,251.38
-5.6099,11.404,1328,230.24
-6.6444,14.601,1242,163.2
-4.9903,19.228,1126,148.61
-2.3783,17.355,1321,146.7
0.85697,17.871,1098,210.39
0.38078,15.905,1384,167.95
1.2774,11.848,1561,168.03
1.0994,13.14,1561,170.85
-1.3333,13.824,1279,181.42
-0.73075,15.385,1454,162.95
1.8289,14.279,1416,177.53
1.7214,10.643,1537,188.21
1.862,6.6025,1324,203.49
-0.79711,0.037596,1310,189.45
-2.1437,-3.6208,1406,184.32
-5.5815,-5.3143,1485,192.78
-2.427,-15.069,1119,190.97
4.7182,-21.497,1587,214.44
15.229,-29.332,1610,208.55
24.321,-35.105,1574,195.12
31.386,-41.922,1600,185.12
36.824,-47.475,1528,178.92
40.576,-50.018,1472,168.74
40.676,-48.792,1485,169.76
38.157,-46.662,1382,154.25
38.731,-44.865,1503,174.65
40.76,-48.71,1551,169.66
41.108,-49.412,1561,166.19
40.552,-48.438,1381,181.67
43.341,-50.604,1396,151.16
44.959,-51.188,1475,164.48
45.673,-51.684,1491,161.11
45.989,-48.808,1495,165.88
45.516,-49.47,1498,174.44
42.504,-48.089,1579,181.22
38.722,-47.437,1545,185.8
36.903,-47.216,1290,199.21
37.929,-48.153,1403,177.8
42.075,-49.562,1617,162.91
43.581,-52.97,1304,174.24
43.525,-53.597,1523,181.19
42.004,-52.365,1543,162.25
42.607,-52.872,1477,186.54
42.58,-53.341,1571,165
43.305,-54.389,1413,157.13
45.363,-55.221,1506,171.59
47.914,-57.467,1382,153.37
49.525,-57.682,1394,178.12
52.277,-59.492,1474,177.98
50.126,-57.554,1397,172.27
51.488,-54.098,1352,178.77
52.66,-56.397,1363,187.87
50.374,-55.438,1412,182.81
49.487,-52.629,1473,172.03
50.343,-51.019,1577,175.67
49.446,-48.56,1525,181.29
51.308,-52.29,1573,169.68
51.236,-53.244,1571,171.95
49.379,-55.728,1590,170.77
48.529,-54.294,1503,187.54
48.392,-54.247,1336,195.06
51.638,-56.34,1542,168.52
54.542,-58.849,1374,184.86
58.052,-61.039,1503,158.47
60.56,-63.089,1531,166.42
62.268,-69.35,1378,172.22
63.364,-70.585,1452,179.32
62.914,-72.937,1397,177.16
64.09,-73.31,1487,174.37
63.215,-72.716,1542,184.19
60.038,-69.844,1469,187.9
58.731,-68.022,1401,195.79
53.553,-62.821,1303,225.64
46.79,-57.61,1490,183.49
44.46,-53.989,1550,185.46
47.265,-54.932,1616,216.71
56.009,-61.77,1567,229.27
64.222,-69.471,1192,248.57
64.315,-71.513,1221,205.64
65.172,-73.251,1504,171.25
65.698,-74.238,1514,162.27
66.446,-78.861,1215,205.92
65.709,-75.474,1581,177.73
64.894,-76.257,1496,175.61
65.982,-75.195,1564,178.74
65.699,-73.747,1492,167.3
65.025,-72.797,1374,202.78
69.273,-77.09,1408,188.07
72.102,-81.702,1400,167.42
72.336,-80.008,1584,177.34
71.154,-82.141,1599,169.47
68.963,-80.052,1464,172.01
72.782,-81.692,1559,180.41
71.755,-82.847,1514,177.33
73.813,-86.82,1521,179.18
73.045,-85.436,1620,179.35
72.01,-86.193,1483,181.23
73.482,-85.306,1631,173.19
70.946,-86.662,1430,174.92
71.075,-84.762,1538,171.75
73.192,-85.522,1586,169.66
72.237,-84.189,1554,171.25
72.753,-84.911,1470,163.2
68.894,-82.676,1392,157.6
69.882,-81.239,1179,142.47
67.052,-78.198,1093,178.15
66.362,-77.161,1137,183.11
65.77,-73.782,1210,208.54
64.785,-73.248,1474,225.49
57.906,-64.892,831,234.81
58.542,-62.225,701,223.55
58.542,-62.805,1111,277.52
64.813,-73.521,1857,310.52
66.046,-75.326,2155,237.23
66.283,-76.095,1516,470.64
66.731,-76.707,1978,218.79
63.916,-74.596,1886,212.78
62.66,-71.673,1839,191.99
62.444,-68.457,1777,185.45
64.095,-67.804,1762,181.88
65.047,-68.243,1766,187.67
67.9,-72.315,1939,199.06
72.399,-78.68,1872,198.7
75.504,-82.213,1943,204.94
77.126,-83.221,1941,219.87
81.48,-87.865,1892,221.72
87.384,-92.831,1987,234.79
93.241,-99.011,1987,240.96
99.303,-107.19,1924,240.82
104.97,-113.42,1918,244.92
112.09,-121.3,1913,237.36
118.69,-128.01,1843,232.26
125.36,-135.94,1903,222.85
129.36,-141.42,1770,223.41
133.75,-147.47,1634,198.3
134.5,-151.67,1575,185.49
134.64,-151.69,1547,171.14
136.56,-157.56,1541,173.86
139.29,-161.86,1448,164.2
143.44,-166.43,1470,177.98
148.92,-175.52,1389,159.81
145.44,-177.29,1569,168.82
138.42,-175.12,1452,171.36
134.4,-169.46,1449,182.06
131.82,-162.66,1372,185.3
130.51,-152.4,1358,157.25
125.88,-143.97,1367,176.84
118.69,-133.49,1480,168.53
111.65,-125.43,1600,195.09
97.36,-111.45,1696,219.82
82.474,-96.512,1765,233.58
70.218,-81.886,1768,238.61
67.64,-75.795,1720,215.05
65.806,-76.074,1602,177.62
67.551,-79.388,1580,194.61
72.928,-86.178,1620,165.4
79.472,-89.554,1651,192.2
89.675,-100.17,1700,194.58
101.33,-110.07,1655,206.91
111.53,-120.4,1708,206.88
118.39,-126.53,1683,227.06
130.9,-139.03,1753,233.07
140.28,-151.31,1619,222.83
144.59,-160.4,1751,225
147.63,-165.88,1680,196.91
144.52,-163.23,1713,197.89
136.76,-156.42,1764,206.57
126.67,-143.45,1746,201.43
115.85,-132.44,1641,213.12
106.87,-121.21,1694,218.48
93.614,-107.96,1773,220.11
79.836,-95.551,1760,225.62
67.084,-82.606,1801,226.34
59.272,-70.37,1847,229.88
48.048,-56.185,1912,221.63
32.649,-44.193,1830,228.79
19.449,-32.593,1864,222.02
6.8637,-21.748,1886,213.13
-5.692,-10.763,1769,196.72
-10.423,-6.9922,1636,203.65
-15.035,3.7593,1695,195.27
-11.603,11.381,1621,184.09
-6.0273,19.117,1508,153.69
0.037339,19.43,1594,185.34
5.4622,21.812,1458,165.59
8.6343,21.164,1498,168.37
11.42,17.081,1483,165.49
16.324,9.9046,1503,188.78
21.421,1.0046,1497,192.25
28.62,-10.044,1505,192.19
36.159,-21.444,1494,191.94
46.527,-34.813,1538,194.23
55.468,-47.099,1629,205.61
64.706,-59.128,1731,198.2
71.18,-70.584,1719,208.95
79.813,-82.06,1741,202.48
85.981,-92.618,1671,189.81
92.606,-100.08,1725,195.53
101.12,-110.38,1681,200.5
110.26,-119.56,1730,206.33
120.35,-131.97,1663,212.52
132.42,-142.14,1765,238.59
140.03,-155.64,1694,217.63
139.93,-155.89,1751,219.66
132.9,-152.95,1787,234.49
124.17,-144.6,1788,244.12
111.24,-131.11,1776,234.67
98.914,-118.36,1810,235.71
87.061,-106.8,1773,237.37
76.12,-96.506,1718,225.86
60.835,-83.608,1707,228.21
44.919,-68.178,1757,226.84
30.179,-53.173,1754,240.09
15.086,-36.514,1777,232.01
-2.0076,-21.543,1695,223.95
-11.027,-6.1596,1712,208.05
-14.737,3.0071,1542,208.22
-15.975,8.8625,1542,176.08
-10.648,11.874,1533,172.28
-0.5816,19.987,1550,188.21
0.42107,18.294,1601,216.28
0.73353,14.866,1544,190.8
2.613,13.208,1586,199.16
10.358,4.0719,1536,195.14
18.144,-6.0674,1620,202.93
27.305,-21.181,1671,211.89
37.505,-34.395,1644,186.25
45.319,-45.915,1689,217.12
56.758,-58.028,1684,207.53
65.749,-69.414,1618,210.88
74.61,-79.448,1766,226.62
84.536,-91.432,1701,226.13
95.976,-101.46,1701,212.6
103.23,-109.25,1656,221.76
113.51,-120.89,1652,219.51
123.46,-130.17,1702,218.34
137.07,-144.62,1768,229
144.18,-155.36,1732,229.66
147.68,-166.09,1711,220.24
146.22,-173.75,1644,165.04
146.13,-178.01,1683,187.87
147.97,-181.98,1670,194.73
151.47,-191.26,1580,165.49
155.54,-196.8,1518,172.25
156.17,-206.75,1429,172.38
162.23,-209.52,1466,171.99
166.68,-220.59,1332,167.21
173.1,-227.7,1391,164.31
175.34,-236.11,1304,151.28
170.9,-232.64,1279,157.28
164.31,-223.57,1358,159.38
158.32,-214.59,1434,186.96
148.85,-198.07,1536,182.74
140.45,-183.51,1543,180.56
133.71,-172.35,1522,188.83
123.91,-156.59,1503,179.23
113.31,-139.74,1534,182.52
104.76,-126.92,1540,189.74
91.543,-112.19,1632,198.07
77.443,-96.773,1575,196.53
62.648,-82.669,1595,202.47
48.314,-69.228,1564,201.39
32.81,-53.805,1640,208.63
16.813,-37.056,1655,217.37
0.8035,-18.984,1703,220.17
-6.6347,-6.7114,1624,195.72
-11.96,8.0202,1563,190.16
-10.72,13.539,1619,194.46
-2.3112,23.77,1477,183.7
0.39739,25.996,1502,188.4
-2.1991,22.343,1495,177.15
-11.528,13.356,1474,183.12
-12.644,9.209,1610,202.47
-14.171,1.8699,1549,196.97
-15.425,1.3169,1548,214.98
-12.757,-2.8287,1461,221.49
-7.6503,-1.3049,1529,201.69
-8.446,-2.3387,1475,186.29
-9.37,-5.3907,1482,183.12
-16.525,-4.6131,1492,171.06
-16.459,-7.9623,1444,178.45
-6.1193,-15.002,1493,188.39
5.6941,-24.953,1567,182.13
19.275,-36.792,1509,172.56
34.473,-48.008,1583,184.06
45.049,-53.905,1515,182.77
56.759,-57.395,1430,164.68
64.673,-63.038,1457,163.36
72.342,-70.077,1340,151.17
79.516,-76.307,1477,175.16
83.108,-80.416,1465,177.25
77.059,-75.957,1582,196.29
72.39,-74.463,1485,188.89
72.707,-70.899,1473,163.67
73.146,-71.087,1387,159.34
69.56,-66.92,1376,160.65
71.585,-66.732,1449,181.76
70.076,-70.501,1448,203.12
65.7,-72.184,1505,179.99
57.982,-72.899,1515,155.94
51.927,-73.909,1561,181.81
40.4,-66.921,1482,177.92
27.387,-52.981,1532,197.14
14.787,-37.184,1701,208.36
-0.021342,-22.066,1652,224.98
-12.055,-7.7077,1730,229.66
-19.919,1.3798,1637,218.99
-24.711,3.612,1544,197.28
-22.607,4.4617,1491,173.86
-26.774,2.8072,1430,159.82
-24.026,2.2127,1348,162.33
-18.686,9.3582,1357,179.03
-11.978,19.316,1430,170.97
0.53795,24.65,1503,160.2
10.344,24.136,1367,172.5
18.335,14.773,1458,170.07
22.416,9.5232,1578,203.88
29.178,-4.5136,1464,194.89
37.139,-13.189,1472,194.37
43.408,-26.635,1432,182.29
49.645,-40.532,1602,198.47
53.747,-55.187,1631,221.51
62.066,-67.602,1697,226.34
72.695,-78.263,1679,213.38
79.317,-87.272,1635,200.8
84.998,-93.045,1560,185.23
86.983,-98.174,1644,191.15
93.949,-102.53,1525,157.08
101.71,-110.35,1416,164.69
106.92,-118.57,1371,163.26
108.67,-125.47,1150,143.89
110.62,-127.26,1055,131.81
111.77,-126.25,1297,153.91
110.94,-125.78,1415,160.04
111.46,-122.59,1700,172.33
111.55,-124.55,1652,190.27
111.19,-123.02,1860,211.49
110.72,-123.34,1671,228.3
113.61,-125.93,1770,229.25
114,-124.9,1841,221.39
115.07,-125.24,1892,210.89
115.65,-125.54,1908,201.85
115.22,-124.55,1946,209.08
116.02,-126.11,2076,195.59
112.52,-129.07,1532,302.25
106.15,-123.05,1261,286.28
109.65,-123.12,1845,275.14
111.43,-122.23,1844,334.87
108.5,-119.39,1858,288.64
108.6,-115.88,1840,208.69
106.82,-115.95,1721,226.83
110.15,-116.26,1739,185.55
113.57,-119.51,1735,195.14
118.51,-123.85,1734,201.61
125,-128.37,1706,205.52
131.13,-134.3,1923,230.73
138.49,-142.4,1803,232.46
144.85,-153.98,1903,233.09
147.3,-169.2,2100,261.03
148.39,-182.53,2210,252.17
150.96,-191.42,2197,250.94
156.8,-203.39,2055,231.88
161.94,-214.07,2094,244.34
165.27,-224.01,1926,218.42
165.7,-228.64,1836,212.7
169.77,-233.83,1627,185.15
166.89,-234.81,1532,177.63
159.1,-233.86,1407,162.98
156.19,-225.53,1431,167.6
152.41,-218.26,1246,149.29
147.91,-204.07,1257,155.66
140.37,-188.97,1259,157.12
132.93,-177.1,1357,190.65
122.08,-156.94,1430,176.47
109.22,-142.1,1382,177.69
98.006,-128.03,1417,175
87.384,-116.7,1462,181.65
74.93,-103.45,1390,181.82
60.484,-92.465,1380,176.31
47.214,-80.195,1395,176.04
34.278,-65.725,1419,175.35
23.947,-48.397,1561,194.47
9.5865,-30.741,1544,188.23
-4.171,-16.64,1583,193.66
-11.431,-6.1781,1581,193.18
-16.59,1.7731,1450,180.63
-12.105,4.1861,1705,228.86
-2.8748,13.559,1594,210.67
10.114,19.842,1538,169.46
13.024,14.308,1588,170.55
23.589,9.0681,1489,200.15
31.847,-3.995,1503,193.35
40.189,-16.023,1452,184.74
50.348,-29.157,1436,185.62
57.638,-40.745,1417,178.08
66.171,-53.194,1460,181.06
75.357,-67.787,1488,195.45
81.31,-71.8,1561,207.54
89.434,-81.196,1521,180.41
97.413,-89.011,1564,211.47
110.14,-100.65,1567,186.09
122.42,-115.25,1505,187.35
129.65,-122.55,1567,202.23
134.74,-125.81,1659,219.58
146.01,-139.96,1611,206.91
151.46,-151.07,1519,201.54
159.69,-166.06,1620,202.64
162.79,-184.78,1534,198.15
166.12,-201.58,1670,197.46
172.7,-222.75,1587,185.72
176.15,-237.88,1633,193.41
179.44,-243.7,1611,185.24
173.03,-237.88,1602,216.52
159.49,-228.89,1641,198.49
151.54,-224.3,1528,200.88
158.32,-223.11,1729,262.16
168.39,-233.3,1663,267.2
177.11,-242.09,1503,219.01
171.2,-241.76,1343,168.6
164.85,-233.35,1441,180
157.06,-229.33,1502,178.08
162.85,-230.37,1340,176.91
176.81,-236.92,1473,203
188.97,-248.32,1394,173
178.82,-245.44,1411,172.73
169.37,-237.09,1231,158.33
162.67,-233.05,1350,156
155.71,-226.78,1119,139.83
148.56,-222.58,1246,148.72
142.58,-212.91,1261,156.89
137.96,-195.67,1391,182.8
132.16,-178.1,1619,204.18
122.09,-156.93,1687,212.25
109.78,-138.41,1670,210.46
97.727,-125.35,1678,206
82.031,-112.71,1633,204.92
65.779,-100.18,1559,207.55
51.605,-84.499,1653,211.25
37.977,-69.982,1604,207.53
24.39,-51.936,1629,211.48
12.677,-35.131,1620,196.82
-2.2472,-21.654,1526,201.73
-18.939,-11.178,1533,188.66
-23.268,-2.1765,1577,210.7
-20.748,-3.3045,1573,190.83
-19.749,6.0893,1421,181.42
-21.572,9.9017,1493,178.29
-16.949,14.633,1458,199.75
-2.5332,26.693,1540,186.31
10.155,21.89,1642,177.71
20.276,10.661,1593,203.04
29.003,-2.6794,1466,201.88
39.376,-14.781,1528,209.5
52.842,-28.41,1560,220.82
60.905,-40.467,1473,226.07
70.993,-55.287,1562,204.8
77.374,-64.968,1601,218.76
91.538,-77.475,1583,201.26
105.97,-90.798,1595,206.67
118.06,-101.03,1477,189.53
122.32,-107.96,1429,182.95
114.48,-104.6,1592,186.92
113.17,-101.87,1569,196.81
116.61,-103.27,1557,196.77
130.01,-114.99,1603,210.4
145.47,-128.46,1602,219.09
157.6,-140.6,1577,207.5
166.45,-152.53,1440,191.63
164.34,-151.61,1523,207.02
177.06,-162.66,1316,172.7
169.15,-159.88,1371,166.98
167.33,-155.65,1289,147.94
173.72,-157.85,1286,164.18
166.55,-151.65,1317,168.89
153.45,-145.52,1358,165.11
148.45,-152.14,1502,188.97
148.51,-165.84,1612,187.58
153.36,-184.1,1685,194.88
156.34,-204.8,1648,209.43
161.37,-223.87,1649,182.9
167.58,-234.66,1672,200.57
178.21,-246.83,1561,187.48
182.05,-250.59,1551,180.71
183.27,-252.96,1416,176.44
188.3,-252.9,1314,164.35
190.21,-255.27,1112,129.72
195.55,-261.3,1048,129.35
189.77,-260.79,1174,143.41
187.32,-257.07,1111,132.8
187.37,-256.05,1099,154.15
180.38,-254.22,961,127.77
173.24,-254.34,931,153.97
169.81,-254.2,899,145.15
163.68,-250.17,941,150.54
151.54,-238.83,963,158.43
143.13,-228.97,1050,163.75
136.94,-215.95,1144,164.44
132.77,-202.05,1354,186.81
128.62,-185.56,1431,195.3
121.67,-171.05,1487,209.88
112.51,-155.47,1463,208.99
98.979,-139.01,1455,212.6
84.353,-122.49,1450,218.15
67.583,-106.74,1486,221.76
49.836,-89.44,1443,229.29
33.035,-70.459,1507,233.97
16.738,-51.88,1486,228.57
0.97958,-35.348,1485,228.19
-16.446,-22.191,1414,212.05
-19.942,-19.293,1407,192.12
-6.3206,-26.947,1472,216.13
-7.8593,-14.959,1528,227.37
-8.5385,5.3471,1544,213.57
-6.4796,17.338,1471,199.81
2.0601,25.884,1496,187.76
5.3813,28.41,1343,157.76
7.9658,29.676,1340,162.23
17.94,22.069,1379,193.99
26.097,8.9799,1410,186.5
34.857,2.097,1446,196.93
44.011,-12.185,1377,186.91
48.747,-20.306,1278,171.61
52.413,-29.903,1219,148.53
54.446,-32.05,1195,150.44
56.611,-35.94,1152,148.01
57.065,-35.695,1356,155.63
57.717,-35.995,1412,166.26
60.009,-38.832,1596,196.1
58.435,-41.697,1386,234.16
59.526,-44.06,1481,254.41
58.729,-45.146,1586,308.69
68.13,-52.466,1224,255.77
74.216,-54.983,1120,213.31
69.138,-48.628,1590,302.41
72.221,-47.703,1375,221.92
70.692,-44.311,1290,259.86
68.548,-42.357,1393,289.84
65.077,-39.349,910,387.46
60.924,-43.263,1623,284.94
56.838,-42.558,892,395.1
64.882,-51.366,1451,289.69
66.378,-55.454,1011,274.78
57.139,-60.669,504,264.71
62.29,-45.674,1323,269.39
60.86,-39.353,1500,234.19
59.425,-35.516,1551,199.21
62.724,-39.961,1605,218.77
68.037,-44.566,1628,209.32
67.797,-44.736,1658,207.97
68.813,-47.522,1598,185.19
68.661,-47.413,1572,197.91
68.763,-48.756,1527,258.99
67.334,-50.992,1597,320.93
63.257,-46.362,1307,326.54
62.568,-44.724,1630,335.5
66.183,-47.214,1662,397.45
68.874,-47.977,2079,321.93
71.474,-46.489,1801,285.5
67.375,-47.403,1983,272.64
69.61,-46.294,2105,247.02
71.612,-45.679,2033,236.66
73.09,-46.117,1860,208.96
74.089,-49.362,1762,201.31
74.643,-49.923,1794,199.36
75.412,-50.676,1872,207.89
75.335,-49.439,1985,249.91
73.549,-47.297,2154,234.18
73.431,-44.919,2166,253.05
76.439,-48.352,1798,377.35
78.117,-54.441,1953,326.9
77.615,-57.447,2056,260.75
77.354,-60.774,2013,241.24
76.169,-61.082,2071,234.53
78.53,-63.17,1929,203.78
81.524,-61.543,1851,210.77
81.837,-60.306,1911,231.78
81.587,-57.483,1784,222.06
80.534,-56.482,1828,262.76
78.061,-53.388,2144,211.86
75.136,-50.977,2135,235.13
75.117,-52.079,2071,234.35
79.739,-52.127,2149,225.4
82.473,-54.672,2115,216.95
85.896,-58.308,2106,210.75
90.083,-60.104,2015,210.77
92.292,-61.716,2111,264.52
95.565,-62.447,2039,235.99
95.74,-64.693,1947,245.05
91.931,-66.327,1784,204.43
90.025,-66.685,2013,221.2
91.925,-67.622,2160,250.25
93.421,-63.638,2163,251.51
84.771,-54.293,2133,263.91
82.514,-51.057,2080,245.49
84.934,-51.521,1969,215.45
88.412,-54.012,1930,223.03
94.963,-50.298,1733,183.44
95.521,-54.156,1668,188.33
97.927,-54.415,1885,227.3
103.09,-63.56,1722,233.58
108.09,-67.882,1678,236.25
106.65,-69.114,1742,233.63
100.04,-72.601,1758,211.66
95.662,-80.58,1916,263.05
94.756,-82.058,1996,272.21
91.429,-71.578,1964,280.79
83.075,-65.414,1728,241.88
73.303,-50.801,1770,239.05
59.735,-51.041,1766,229.21
52.463,-52.482,2051,287.94
36.128,-49.553,2133,302.33
19.578,-44.668,2098,289.87
-0.78168,-30.618,2022,292.41
-14.961,-19.464,1857,263.17
-21.004,-10.18,1715,227.48
-7.7307,-12.452,1987,240.44
3.9239,-12.253,1738,197.68
25.414,-10.204,1941,234.88
38.509,-17.697,1931,209.29
47.54,-20.064,1745,212.34
63.344,-25.911,1761,252.58
77.692,-37.063,1882,244.06
85.31,-42.165,1893,206.68
77.535,-39.996,1877,238.18
59.366,-31.358,1692,233.01
56.562,-25.636,1774,255.82
50.847,-23.188,2019,329.64
29.46,-6.5344,1879,305.95
12.643,4.1752,1920,261.9
-1.4368,10.269,1837,240.47
-6.8333,10.609,1923,235.72
-13.355,4.3558,1909,241.05
-15.691,-1.6424,1714,206.89
-21.724,3.1312,1628,204.93
-23.171,-5.8627,1586,182.4
-15.124,-10.894,1804,242.12
-5.2392,-24.705,1580,193.99
7.5424,-35.226,1690,221.49
24.026,-42.574,1681,228.08
40.666,-55.687,1652,217.72
46.1,-57.968,1700,218.13
65.027,-67.02,1696,219.87
81.662,-81.519,1753,222.87
96.291,-91.911,1715,222.13
95.397,-87.541,1846,234.01
97.688,-72.155,1857,221.59
95.239,-57.904,1746,218.17
81.574,-41.317,1735,210.72
65.874,-27.082,1776,229.71
48.591,-12.295,1736,231.59
34.673,0.80903,1883,227.47
23.515,15.054,1822,219.07
11.669,27.184,1712,217.17
-1.1011,26.986,1704,192.71
-8.1188,17.501,1826,184.81
-8.6179,-0.49893,1922,232.88
-15.558,-9.7074,1841,202.07
-25.761,-10.602,1671,199.29
-28.324,-9.418,1522,177.48
-33.389,-9.8141,1507,177.81
-24.502,-1.6454,1563,196.98
-26.017,-0.65911,1552,199.44
-26.37,-1.3288,1550,207.56
-31.927,-5.7459,1522,193.24
-17.468,-2.8112,1525,181.86
-4.6037,-5.8145,1572,181.11
6.2745,-8.3794,1519,182.81
5.331,-7.5232,1691,234.98
8.9293,-1.3541,1617,232.53
17.319,13.594,1614,217.09
22.565,19.675,1602,199.07
25.887,19.646,1593,208.58
15.177,19.468,1765,251.05
-2.6964,22.521,1726,203.84
-4.05,17.343,1749,222.71
-13.909,12.862,1740,204.83
-23.81,1.2584,1578,181.82
-21.244,0.099071,1757,223.9
-21.095,-6.0343,1639,196.33
-19.186,-12.4,1493,154.41
-32.18,-13.339,1566,189.48
-30.444,-11.971,1652,210.42
-26.337,-12.416,1638,198.49
-16.376,-12.512,1493,183
0.03642,-16.471,1575,185.59
19.025,-24.633,1580,182.57
35.129,-33.973,1688,212.41
53.444,-46.134,1644,202.04
68.662,-51.27,1687,213.75
86.951,-62.643,1747,206.14
100.36,-72.256,1699,202.84
112.15,-80.631,1723,204.34
124.14,-91.462,1748,216.43
132.03,-104.02,1869,254.96
144.92,-113.52,1807,251.13
156.68,-127.29,1712,214.55
167.23,-144.29,1645,213.14
179,-159,1606,197.99
179,-170.78,1719,210.58
178.59,-185.7,1763,185.09
172.4,-203.46,1688,189.96
169.33,-223.78,1814,201.83
174.78,-237.57,1763,193.03
183.94,-250.44,1801,195.23
185.26,-258.25,1653,185.97
184.94,-253.03,1550,189.64
172.72,-243.83,1622,203.9
160.68,-232.15,1662,215.71
148.75,-229.66,1725,208.96
142.33,-219.66,1560,177.42
144.99,-225.59,1660,209.39
136.63,-224.56,1590,194.8
138.74,-229.52,1596,204.94
129.32,-224.46,1358,173.1
133.42,-222.61,1265,161.68
148.21,-226.79,1427,178.1
162.92,-233.05,1631,218.18
180.28,-235.29,1544,184.72
194.03,-248.9,1510,176.39
191.12,-255.7,1576,171.67
197.86,-258.69,1472,163.65
197.62,-261.98,1435,167.37
195.92,-267.59,1423,161.38
190.77,-271.07,1345,157.46
187.12,-260.96,1419,175.13
183.28,-254.12,1426,148.14
177.15,-247.51,1520,184.37
161.84,-242.33,1547,176.79
147.2,-231.56,1643,197.6
130.38,-222.29,1549,183.06
126.24,-222.42,1415,159.76
123.9,-220.77,1383,162.62
118.81,-217.62,1250,156.47
119.32,-206.23,1312,164.01
124.58,-188.1,1442,182.68
123.98,-168.81,1606,207.27
119.27,-148.09,1717,211.57
109.06,-132.81,1758,192.58
94.436,-120.44,1714,175.68
81.701,-111.84,1669,175.47
66.484,-99.365,1541,193.47
52.627,-85.23,1531,187.51
39.075,-71.889,1535,199.12
27.317,-59.249,1670,196.81
12.823,-46.563,1576,202.54
-0.50397,-34.951,1558,181.06
-15.329,-29.836,1633,192.09
-29.218,-24.376,1579,191.03
-36.109,-18.502,1595,185.73
-37.11,-8.1466,1505,180.15
-22.721,-0.99786,1708,216.8
-4.8726,8.894,1634,194.91
-0.22696,15.446,1785,199.98
6.2393,23.25,1793,211.56
12.001,17.77,1745,189.45
20.856,17.963,1674,199.87
30.205,2.4928,1665,213.74
38.247,-10.237,1696,208.35
46.575,-18.696,1718,216.22
60.48,-20.322,1546,188.72
68.954,-23.655,1621,180.19
83.283,-31.167,1645,216.61
98.207,-41.415,1673,215.61
103.34,-49.911,1605,196.72
101.38,-53.265,1435,179.5
97.605,-47.274,1489,166.84
94.599,-39.448,1544,194.73
80.417,-33.225,1461,169.01
71.476,-34.9,1676,198.99
59.22,-45.481,1896,254.15
48.348,-60.002,1863,228.53
48.848,-73.399,1992,241.11
60.551,-85.532,1782,210.19
68.447,-96.123,1850,236.72
83.407,-109.9,1831,234.7
97.229,-121.79,1830,226.22
111.75,-134.44,1922,242.61
120.56,-150.19,1875,236.69
132.42,-163.76,1916,257.93
145.64,-176.64,1976,252.99
160.83,-186.06,1961,243.33
167.29,-196.79,1823,231.75
169.66,-210.2,1794,204.81
171.37,-216.23,1860,258.2
181.48,-226.09,1791,216.63
187.05,-227.43,1644,204.46
192.58,-234.75,1621,190.74
198.34,-240.84,1715,230.4
204.53,-253.16,1638,200.83
204.7,-263.23,1624,209.48
202.23,-269.68,1586,193.28
202.6,-270.27,1676,206.72
199.39,-276.29,1545,179.04
198.65,-281.86,1420,166.61
192.38,-274.56,1543,184.42
182.76,-263.46,1580,197
179.48,-261.84,1564,173.65
183.99,-261.26,1583,191.61
186.57,-269.73,1628,198.83
195.08,-272.86,1437,177.7
195.42,-283.69,1332,144.9
186.37,-280.94,1346,162.9
184.7,-277.04,1398,160.43
186.98,-278.71,1395,168.77
196.42,-282.59,1390,169.61
194.21,-289.03,1436,170.95
184.49,-280.41,1528,196.48
177.29,-272.56,1487,175.9
172.05,-268.75,1384,158.6
184.25,-276.4,1460,168.99
184.11,-280.62,1538,168.61
192.84,-288.26,1536,169.38
196.54,-290.56,1338,153.59
202.38,-293.06,1357,162.66
210.69,-295.25,1360,160.33
211.15,-300.41,1394,163.47
212.14,-302.18,1414,160.06
221.52,-309.45,1356,165.62
223.5,-317.48,1411,170.04
229.03,-319.47,1384,166.9
232,-323.15,1244,157.07
232.54,-330.14,1037,127.87
228.88,-331.03,1096,138.25
224.74,-326.59,1036,123.4
225.06,-329.68,1151,141.68
223.75,-329.38,1268,152.13
221.61,-332.34,1174,137.74
221.82,-335.96,1139,152.4
219.02,-337.5,1161,162.38
223.04,-337.88,1093,151.63
223.57,-343.9,907,114.66
224.64,-337.67,892,123.52
224.57,-344.18,865,121.2
225.31,-346.79,857,114.86
228.72,-347.32,888,126.44
230.56,-344.55,952,123.63
233.29,-347.19,1023,130.38
229.06,-345.91,1036,126.44
223.95,-340.88,1048,118.85
221.15,-341.49,1076,130.04
224.05,-346.99,1129,134.25
227.77,-350.99,1167,143.45
225.19,-349.31,1208,147.81
230.8,-347.79,1251,149.77
231.3,-351.47,1367,155.5
226.75,-351.1,1346,158.76
227.2,-350.64,1330,149.11
229.74,-348.58,1473,179.6
237.31,-348.66,1450,160.7
231.86,-344.1,1578,193.22
228.09,-334.06,1468,184.33
218.59,-324.71,1688,214.24
209.72,-313.84,1666,202.46
195.23,-302.5,1583,182.86
186.74,-294.43,1559,198.68
182.85,-293.22,1331,157.23
179.48,-288.69,1497,179.5
172.43,-275.17,1559,199.75
165.36,-262.19,1592,194.04
155.6,-248.82,1718,203.18
142.91,-229.72,1763,203.68
129.25,-217.49,1745,189.59
124.52,-214.23,1626,188.48
117.38,-210.63,1570,171.62
116.85,-201,1591,180.52
116.21,-188.53,1702,215.31
114.15,-170.27,1730,220.62
107.47,-155.61,1775,244.42
96.388,-135.09,1778,251.11
83.049,-115.71,1811,242.68
68.161,-99.174,1740,220.17
52.407,-85.297,1765,227.66
35.856,-71.857,1688,211.19
20.018,-57.103,1643,209.86
8.2772,-43.285,1715,208.05
-6.3584,-31.039,1717,206.7
-21.666,-22.296,1800,196.9
-31.844,-14.678,1644,184.74
-37.617,-15.522,1574,174.62
-41.166,-13.01,1521,170.16
-39.705,-20.111,1605,185.79
-33.463,-23.575,1612,206.35
-33.153,-20.297,1529,181.25
-36.022,-23.295,1426,168.62
-48.233,-19.927,1350,152.96
-42.331,-14.506,1497,167.08
-37.247,-6.4301,1632,200.52
-24.337,7.2116,1664,211.14
-10.313,17.33,1742,213.93
3.5027,22.833,1679,206.31
11.691,23.905,1643,199.02
13.604,28.182,1453,174.79
7.7621,29.36,1544,200.09
-7.7427,28.928,1408,163.25
-15.12,21.32,1417,171.7
-16.459,18.105,1428,185.59
-14.7,17.989,1389,180.56
-15.192,18.43,1578,193.71
-15.979,17.176,1687,207.75
-15.143,16.179,1901,238.05
-14.169,15.972,1957,263.57
-15.479,16.432,2045,237.51
-14.986,17.2,2177,253.08
-16.999,13.282,1952,305.44
-14.799,12.414,2137,267.08
-10.769,10.31,2028,242.49
-9.6762,6.3951,1750,192.8
-11.466,3.2398,1538,172.53
-10.54,3.7707,1552,191.63
-12.594,2.4751,1660,191.51
-13.328,1.8465,1695,214.67
-13.627,3.3531,1946,223.16
-14.902,4.9283,2139,225.77
-17.619,2.869,2025,287.98
-17.48,5.0871,2197,234.89
-17.721,6.8942,2351,254.54
-19.108,5.3842,2334,271.68
-16.505,1.2977,2308,264.49
-16.224,-2.4389,2211,288.87
-18.54,-3.7877,2314,238.44
-23.138,-5.2009,2102,237.17
-24.708,-7.585,2086,243.38
-27.32,-7.8186,1966,222.11
-25.526,-7.3653,1965,213.08
-25.8,-7.9077,1994,243.21
-25.47,-6.8602,2166,220.05
-25.343,-5.5575,2231,216.09
-25.438,-3.8824,2247,214.52
-26.412,-2.9091,2135,255.07
-26.253,-0.28016,2371,262.65
-28.637,-1.8842,2201,280
-28.257,-2.1909,2374,280.46
-30.602,-5.2776,2267,239.75
-34.54,-9.3228,2073,228.47
-33.951,-8.7553,2000,227.51
-31.208,-8.2075,2068,205.87
-29.754,-7.5168,2084,222.36
-28.026,-9.0526,2106,253.22
-25.42,-8.5675,2163,277.34
-23.451,-14.621,2215,282.47
-20.792,-19.322,2236,291.97
-19.655,-18.972,2075,290.99
-18.544,-19.234,1905,259.02
-20.424,-18.243,1964,258.51
-20.981,-18.414,2135,254.6
-21.171,-19.084,2292,277.35
-22.282,-23.797,2091,326.81
-23.175,-25.181,2076,342.32
-24.525,-22.202,2281,356.36
-25.803,-20.541,2267,380.04
-24.034,-21.192,2198,522.95
-19.549,-23.205,2556,347.41
-15.204,-26.187,2314,310.9
-13.267,-27.004,2339,339.19
-15.12,-22.621,2348,289.26
-17.215,-18.575,2191,266.27
-19.866,-14.624,2127,295.62
-18.085,-12.765,1988,282.28
-18.254,-13.797,1970,256.23
-19.677,-13.226,2142,255.17
-20.48,-13.506,2223,281.98
-22.745,-13.276,2203,294.83
-25.059,-13.658,2226,283.75
-28.445,-13.266,2080,318.88
-30.777,-10.33,2120,358.21
-30.028,-8.8247,2336,341.92
-28.305,-9.161,2428,281.77
-26.977,-13.469,2400,255.36
-25.695,-16.429,2293,264.97
-25.155,-15.522,2002,238.51
-25.009,-16.819,2149,272.71
-21.291,-20.264,1989,244.6
-17.286,-22.483,1982,234.3
-13.732,-21.981,2084,273.87
-7.6839,-28.784,2084,274.75
3.2013,-31.902,2282,309.12
14.63,-38.351,2319,296.76
22.198,-48.407,2299,300.22
29.005,-55.139,2335,337.26
41.013,-63.575,2231,323.36
50.982,-67.12,2234,331.37
59.351,-71.1,2273,373.03
71.856,-77.209,2415,384.6
82.476,-87.088,2439,367.23
94.337,-96.702,2277,347.71
105.75,-100.18,2342,326.88
106.14,-96.118,2084,275.43
106.06,-88.859,2021,257.11
104.62,-83.443,2015,262.08
105.52,-76.903,1949,236.49
108.55,-71.974,1887,225.73
106.71,-68.938,1995,296.51
99.168,-61.763,2137,335.58
83.433,-47.639,1992,299.91
68.901,-40.007,1993,278.01
51.689,-30.847,1836,268.5
34.741,-27.426,1890,273.03
21.003,-23.712,1921,293.98
3.4992,-17.806,1856,276.05
1.9567,-26.338,1898,221.54
-6.3456,-33.367,1745,231.14
-11.85,-38.389,1997,250.77
-14.58,-41.754,2071,313.6
-24.908,-32.773,2020,284.6
-34.078,-24.069,1954,257.63
-35.146,-9.6582,1861,235.19
-23.073,-0.085472,1789,228.21
-10.288,1.3834,1680,204.55
-0.91217,10.112,1671,208.22
5.8283,22.238,1706,203.22
12.68,27.271,1642,193.31
22.754,23.37,1498,172.5
26.474,21.009,1629,202.91
28.568,17.612,1672,218.61
28.797,14.584,1602,229.85
30.617,12.826,1449,194.46
27.287,5.4444,1587,204.65
33.094,-9.1395,1650,214.16
46.67,-20.275,1825,233.38
62.746,-27.551,1825,252.38
76.991,-33.415,1736,224.68
91.66,-41.694,1760,236.35
99.748,-45.631,1677,208.38
107.47,-52.749,1666,220.53
114.53,-63.468,1630,235.46
116.97,-70.894,1648,191.28
108.96,-76.694,1726,234.01
111.47,-88.814,1794,251.55
120.4,-93.68,1915,293.69
130.14,-106.47,1862,266.61
137.63,-114.46,1779,246.36
141.95,-125.28,1746,246.16
146.88,-136.4,1734,209.38
152.35,-151.58,1744,203.4
152.35,-170.55,1744,192.67
155.1,-188.19,1824,214.22
159.57,-200.6,1821,207.49
164.76,-211.66,1872,232.48
170.21,-221.21,1852,217.8
180.52,-227.43,1713,210.09
180.8,-226.56,1658,215.03
176.56,-233.35,1700,201.94
180.64,-248.93,1757,243.71
191.49,-259.53,1879,224.47
201.28,-271.45,1816,233.41
209.91,-278.03,1740,209.28
216.67,-280.35,1745,217.78
223.87,-294.21,1631,208.27
228.71,-306.69,1718,223.37
233.35,-317.9,1558,193.2
237.49,-326.32,1501,175.15
244.84,-335.81,1503,193.84
241.22,-338.93,1619,203.7
241.68,-341.18,1502,176.71
240.46,-338,1619,201.42
249.34,-340.27,1573,191.02
251.63,-348,1411,175.35
245.92,-354.05,1316,164.03
235.83,-346.63,1534,207.09
229.12,-345.44,1713,223.18
221.54,-342.39,1660,201.24
220.9,-339.33,1737,218.65
211.53,-334.42,1700,225.52
200.26,-321.62,1677,221.44
187.98,-304.14,1701,218.33
176,-286.78,1658,238.43
164.88,-268.42,1769,230.38
153.24,-249.23,1826,229.5
140,-231.26,1834,223.59
129.03,-222.05,1779,210.3
118.88,-212.05,1662,200.45
119.41,-198.28,1748,216.27
121.61,-191.12,1786,220.48
125.17,-183.31,1827,230.28
123.87,-182.27,1706,216.76
128.46,-165.35,1691,207.75
121.33,-161.13,1597,206.07
115.77,-166.4,1805,256.83
106.75,-160.61,1940,309.57
96.907,-140.57,1811,256.06
86.313,-126.17,1658,230.5
75.763,-112.8,1553,220.93
63.956,-101.71,1588,209.2
54.145,-89.825,1633,229.23
42.134,-80.215,1700,231.28
27.475,-68.631,1630,216.18
12.349,-58.305,1674,224.36
-1.4022,-49.753,1742,238.15
-18.399,-39.869,1720,223.55
-31.607,-34.021,1685,179.75
-37.129,-34.42,1686,198.25
-42.973,-35.187,1504,188.59
-49.877,-24.095,1466,171.74
-45.577,-13.251,1472,184.24
-47.131,-3.2264,1538,206.78
-36.577,13.798,1513,185.77
-18.865,25.444,1492,180.86
0.71798,30.185,1664,202.31
14.076,32.013,1587,196.04
20.283,20.647,1545,185.97
18.391,18.639,1358,165.82
20.176,16.838,1149,137.78
22.266,18.636,1308,145.61
21.641,18.917,1509,168.17
21.153,18.774,1754,177.17
20.264,18.572,1894,191.79
19.837,17.53,1945,208.96
19.991,19.041,2054,208.13
20.126,18.914,2134,251.95
19.458,19.97,2106,234.16
18.762,24.394,2068,222.67
23.294,23.437,2081,204.63
24.303,23.813,1983,215.01
23.092,25.11,1906,201.36
24.275,22.482,1747,195.02
25.09,23.783,1690,191.37
26.308,23.323,1696,208.14
27.263,22.394,1714,199.63
27.361,23.054,1880,211.55
27.096,23.17,2035,210.6
27.786,22.994,2158,226.97
26.667,21.227,2182,252.54
24.466,21.909,2158,260.57
20.787,25.847,1802,329.75
26.657,24.347,2199,305.64
27.062,23.307,2216,271.78
29.79,21.218,2029,338.72
28.128,18.264,2328,253.2
28.809,19.546,2144,270.89
26.172,20.645,2144,247.69
27.653,23.746,2065,235.52
27.894,24.884,1911,290.63
27.391,25.753,2060,249.08
26.199,25.177,1905,250.78
25.556,26.56,1773,321.65
27.026,26.659,1972,282.07
27.267,21.886,1861,356.53
24.501,20.507,1949,328.33
23.175,20.363,1922,290.13
23.133,21.597,1955,291.61
24.276,22.926,1892,292.69
29.049,21.508,2098,227.75
33.011,20.955,1817,226.11
33.228,19.432,1750,218.85
31.265,20.788,1725,192.66
32.191,19.02,1772,268.11
32.113,19.134,1868,218.74
30.605,20.158,2011,256.96
27.632,22.566,1952,282.26
24.257,25.735,1616,318.46
28.201,23.455,2062,226.52
31.58,21.491,2103,238.65
32.806,19.403,1852,313.25
34.215,18.153,2199,217.58
31.232,18.564,2033,224.13
33.217,21.107,1931,216.26
34.557,21.742,1817,192.59
32.326,21.657,1679,201.9
33.465,21.029,1677,205.89
30.227,24.536,1875,225.86
26.878,22.294,2004,230.89
23.174,16.338,2129,276.52
19.875,6.8952,2181,282.62
18.396,0.74894,2229,300.79
18.256,-3.6044,1954,294.31
17.485,-1.5499,1828,283.53
15.013,-1.9032,1854,280.45
13.468,-3.3532,1944,289.78
14.308,-2.3809,2165,308.66
9.7296,-4.4936,2012,402.85
6.8653,-7.6844,2030,357.09
5.1724,-7.7356,2013,382.07
7.3206,-8.4518,1994,420.77
7.5335,-11.885,1878,373.74
9.9887,-13.816,1958,384.69
11.779,-12.801,2194,458.13
11.529,-15.495,2026,311.66
15.359,-15.291,1868,324.96
20.28,-15.662,1977,304.2
18.553,-23.988,1937,312
17.701,-33.76,2044,308.79
18.489,-45.502,2033,322.27
24.248,-49.754,2118,305.53
28.896,-51.904,2150,301.1
39.486,-57.255,2142,298.48
51.324,-61.036,2198,306.26
60.352,-66.071,2164,296.54
69.479,-75.365,2195,262.85
73.905,-88.218,2095,273.04
73.156,-94.213,1988,195.25
73.234,-101.52,1854,203.18
77.595,-111.6,1820,221.09
88.189,-114.62,1843,225.27
98.997,-111.86,1989,240.48
113.21,-113.04,1973,255.07
123.92,-120.34,2092,277.1
126.89,-124.01,2110,296.57
133.52,-125.58,2136,300.23
138.69,-123.03,1984,280.78
141.67,-119.03,1912,258.87
145.62,-114.01,1900,227.58
151.94,-116.61,1655,187.63
150.11,-115.16,1658,200.04
148.82,-116.79,1835,248.73
157.05,-125.03,1795,247.16
169.92,-135.59,1700,208.01
178.33,-143.34,1642,203.41
179.91,-145.61,1683,222.56
181.89,-146.35,1689,227.1
191.51,-150.22,1772,225.37
201.11,-158.78,1869,234.24
211.04,-164.37,1725,203.6
218.59,-167.85,1759,229.14
226.94,-167.1,1595,210.2
233.51,-171.9,1586,195.99
235.21,-180.13,1652,200
241.07,-186.21,1444,183.72
235.94,-189.64,1551,219.01
234.08,-191.44,1683,229.65
235.84,-195.26,1722,222.45
241.33,-199.25,1698,211.23
239.34,-191.86,1712,215.91
245.49,-194.4,1621,186.09
248.9,-203.24,1575,188.88
255.57,-211.43,1710,207.96
260.03,-206.93,1640,195.94
263.76,-212.88,1624,210.95
267.13,-218.36,1651,194.37
274.2,-221.43,1701,214.39
281.85,-228.82,1546,184.77
284.6,-235.58,1560,187.27
287.75,-243.31,1509,201.92
281.85,-245.1,1442,178.15
288.49,-243.9,1581,227.43
284.79,-251.73,1536,194.07
285.39,-258.68,1672,211.82
287.39,-266.64,1724,213.53
291.49,-275,1597,188.88
296.41,-272.47,1518,189.01
294.12,-274.68,1585,200.16
293.61,-278.05,1472,194.48
290.55,-274.91,1515,225.34
294.43,-277.37,1524,173.99
291.57,-280.58,1618,222.94
290.83,-287.75,1607,208.28
288.34,-296.32,1616,200.24
285.14,-303.7,1563,191.3
278.41,-305.8,1549,199.65
273.01,-314.35,1672,232.12
269.77,-327.37,1781,224.86
266.86,-337.73,1726,230.6
261.64,-349.79,1724,208.56
257.73,-359.16,1638,199.59
251.98,-367.03,1633,200.29
246.61,-375.51,1610,223.69
236.37,-373.85,1471,186.23
234.94,-375.29,1635,211.37
243.72,-376.13,1573,197.14
247.56,-380.32,1457,174.14
248.61,-384.68,1423,180.58
244.02,-388.46,1494,183.24
242.36,-390.12,1474,191.17
239.4,-394.65,1471,217.72
235.51,-393.89,1549,209.33
235.16,-393.4,1581,212.03
224.47,-386.64,1512,219.14
217,-376.58,1501,212.31
209.04,-364.93,1561,216.98
204.19,-353.16,1534,187.91
200.69,-341.94,1555,210
199.05,-324.75,1710,214
196.13,-309.44,1692,218.42
191.39,-299.95,1714,205.9
183.11,-288.91,1731,206.9
174.62,-280.24,1602,200.51
164.79,-270.88,1561,185.43
164.45,-273.33,1539,191.32
172.94,-276.66,1658,209.55
174.93,-278.31,1772,249.59
175.25,-279.52,1832,271.25
166.63,-273.02,1865,261.73
155.82,-261.02,1729,236.27
148.48,-256.75,1806,239.13
140.44,-251.08,1794,260.9
131.68,-242.17,1740,248.65
123.7,-228.38,1698,242.66
118.65,-212.62,1704,226.53
118.43,-196.21,1731,212.49
117.88,-179.83,1778,239.83
113.02,-162.71,1740,243.21
103.56,-148.29,1746,237.34
93.279,-134.61,1712,237.98
84.577,-123.33,1749,219.74
85.009,-117.77,1593,211.35
90.203,-102.33,1619,206.07
97.163,-88.139,1671,230.48
101.31,-69.629,1649,211.34
106.85,-56.523,1620,213.38
108.51,-47.316,1562,194.27
106.42,-39.894,1600,192.7
100.2,-33.095,1569,198.83
86.151,-26.572,1620,233.29
73.777,-29.803,1671,234.27
61.032,-40.301,1788,220.23
49.364,-53.988,1791,230.92
45.166,-66.911,1832,249.13
48.837,-80.702,1780,212.05
52.849,-90.399,1690,220.86
59.928,-94.979,1642,204.99
71.215,-99.19,1666,226.38
81.445,-103.17,1684,230.59
94.424,-109.07,1696,219.39
103.59,-119.42,1822,258.62
116.4,-125.66,1722,227.79
129.21,-133.57,1802,235.51
135.49,-136.05,1737,227.8
137.16,-139.94,1823,255.48
147.95,-148.63,1917,249.8
161.78,-156.93,1923,249.06
173.74,-162.8,1824,225.21
186.91,-162.69,1769,225.83
193.99,-163.19,1702,215.95
197.03,-164.71,1666,208.74
199.83,-158.36,1697,213.17
204.71,-159,1657,226.21
206.67,-151.76,1659,201.43
203.25,-142.75,1605,188.32
198.23,-139.51,1639,219.63
194.42,-142.65,1681,225.48
189.18,-149.93,1588,189.66
186.9,-154.33,1638,197.74
196.99,-157.17,1644,196.72
206.21,-169.6,1664,188.3
216.11,-177,1647,206.02
224.03,-185.81,1680,205.51
233.72,-190.65,1655,216.1
248.27,-197.72,1734,224.29
256.83,-203.46,1626,192.06
259.6,-204.14,1626,212.04
271.68,-204.75,1624,206.87
283.79,-209.84,1604,198.39
286.73,-214.89,1569,199.99
286.39,-212.23,1552,214.06
291.97,-204.58,1612,208.48
293.78,-206.06,1484,186.53
296.65,-195.93,1420,184.52
299.33,-196.67,1662,224.28
301.75,-195.71,1502,196.95
301.88,-192.39,1569,216.89
304.3,-183.61,1522,191.28
305.6,-179.64,1526,185.77
306.84,-181.79,1493,188.07
298.77,-177.13,1545,202.62
296.38,-180.83,1661,238.05
291.02,-175.15,1650,259.81
290.6,-174.66,1649,230.36
297.62,-168.22,1580,204.5
303,-161.46,1555,205.13
300.16,-160.32,1620,234
297.61,-148.7,1539,202.16
297.48,-141.02,1377,194.19
297.28,-142.62,1523,209.72
296.57,-136.92,1382,190.07
294.04,-132.04,1443,189.35
292.51,-133.88,1506,214.51
293.6,-131.08,1474,167.01
293.58,-129.36,1526,222.12
290.05,-129.4,1575,217.81
283.05,-121.58,1426,185.11
288.51,-122.49,1479,204.57
289.95,-128.12,1489,193.65
286.41,-122.85,1541,219.13
292.71,-121.01,1535,202.69
292.8,-122.33,1488,200.95
292.14,-128.55,1476,209.81
293.45,-128.89,1417,176.57
293.42,-128.12,1472,176.23
292.45,-128.47,1722,189.59
292.01,-128.96,1884,216.09
292.04,-129.95,1902,239.71
291.9,-128.74,2077,226.98
292.25,-130.38,2107,235.57
291.94,-130.44,2050,241.23
292.9,-129.42,2060,247.05
292.26,-128.62,2062,218.99
291.61,-129.57,1965,211.7
293.84,-129.66,1826,182.25
293.97,-124.45,1678,176.88
295.61,-125.3,1861,213.26
295.11,-127.66,1875,209.38
295.7,-127.57,2130,221.09
295.18,-127.86,2157,245.49
295.74,-130.14,1999,322.44
294.69,-130.33,2252,286.93
291.45,-128.88,1407,589.08
293.5,-128.21,2260,264.84
291.92,-128.92,2211,295.02
294.01,-128.89,2263,234.76
297.22,-127.53,2127,261.45
296.26,-124.8,2228,226.58
294.62,-122.97,1942,220.44
295.75,-121.79,1924,200.65
297.05,-121.55,1896,203.41
297.18,-122.51,1993,204.89
296.13,-124.3,1893,284.08
297.18,-124.68,2067,269.93
299,-126.89,1871,395.12
299.19,-127.64,1935,348.86
294.64,-126.69,1978,353.88
295.9,-124.83,1816,417.02
297.42,-124.79,2226,326.04
298.27,-122.56,2261,305.09
301.35,-123.65,2204,254.28
302.38,-126.72,2024,252.27
298.16,-128.23,2055,213.21
294.74,-127.91,2056,242.87
296.68,-125.93,2003,224.88
296.1,-125.49,1893,321.28
296.84,-126.55,2076,250.93
297.59,-126.88,2272,267.33
299.18,-128.99,2093,398.25
299.23,-128.96,2131,356.02
291.25,-143.82,984,211.97
291.76,-127.55,1679,347.45
290.22,-126.71,1793,355.08
289.71,-125.95,1871,368.71
291.13,-122.96,1927,245.67
292.86,-119.72,1917,218.92
294.13,-116.72,1857,191.7
296.38,-114.1,1662,187.71
296.72,-118.46,1658,200.75
298.23,-119.62,1686,210.8
298.21,-119.31,1616,205.52
296.15,-122.19,1684,215.61
297.09,-120.86,1732,221.46
298.02,-119.38,1657,185.47
301.52,-122.31,1815,229.69
300.84,-124.51,1579,192.57
299.7,-125,1593,187.93
299.44,-124.93,1750,194.39
299.36,-126.22,1941,208.9
296.92,-131.28,1932,269.58
294.64,-131.69,2053,270.88
293.09,-129.97,2091,333.81
292.7,-127.08,2133,257.06
294.05,-124.81,1822,313.68
296.93,-124.18,2127,267.33
299.16,-124.09,2038,222.72
298.82,-125.96,1859,228.75
296.74,-127.69,1929,196.99
295.62,-125.95,1797,211.34
298.2,-122.95,1648,190.27
296.56,-127.19,1585,189.63
300.47,-130.9,1479,188.96
299.81,-129.31,1566,214.84
300.98,-132.28,1524,202.14
299.15,-137.95,1693,233.42
301.87,-143.14,1695,243.17
304.69,-150.18,1769,243.91
306.49,-153.3,1786,238.45
310.28,-160.52,1798,233.72
311.09,-163.76,1751,234.32
314.63,-171.27,1664,209.67
315.15,-178.84,1655,208.2
315.19,-176.23,1634,217.95
310.99,-172.46,1677,232.13
313.87,-177.04,1638,228.12
312.68,-179.63,1648,219.13
314.96,-176.75,1510,184.77
313.27,-174.8,1621,225.42
312.61,-174.29,1647,199.26
317.14,-170.59,1628,207.57
315.69,-163.96,1688,202.68
317,-155.61,1661,220.14
320.21,-145.48,1674,227.19
318.29,-136.72,1664,217.66
310.75,-125.78,1712,229.21
306.54,-120.85,1859,225.61
301,-116.85,1764,223.05
297.7,-110.43,1690,210.09
294.21,-105.62,1620,212.59
294.07,-100.23,1546,191.87
287.9,-100.92,1645,214
280.81,-97.927,1518,187.56
279.44,-95.538,1614,211.22
272.82,-95.72,1623,212.19
261.79,-91.964,1532,184.24
251.32,-88.148,1506,189.9
247.28,-80.758,1476,173.94
252.91,-84.036,1370,158.47
255.54,-78.863,1422,181.37
263.2,-78.482,1466,193.55
265.22,-80.905,1480,175.65
265.52,-80.124,1532,203.91
258.43,-76.111,1599,224.16
251.03,-71.087,1530,190.09
249.07,-66.233,1641,218.76
244.98,-64.546,1576,194.89
244.95,-68.45,1453,185.1
248.37,-65.433,1567,224.81
242.32,-61.291,1585,194.91
240.75,-62.012,1583,202.5
236.51,-59.204,1591,226.89
230.79,-59.054,1481,190.41
230.68,-62.304,1518,186.76
229.2,-61.108,1614,209.27
229.69,-61.613,1661,206.85
231.5,-61.452,1512,206.09
230.55,-60.604,1574,216.11
234.54,-65.919,1560,209.82
225.5,-69.722,1572,201.92
226.85,-62.746,1566,207.44
234.96,-60.719,1564,208.98
237.94,-69.257,1577,202.32
235.44,-66.778,1655,232.96
227.8,-65.518,1500,200.42
224.25,-66.931,1643,228.45
215.74,-68.688,1538,184.23
214.35,-69.074,1538,182.74
208.98,-73.581,1483,191.3
213.07,-76.315,1482,190.14
214.5,-82.487,1392,165.59
211.69,-84.037,1414,187.8
214.44,-80.419,1386,191.54
216.53,-87.997,1419,182.62
218.14,-94.201,1404,188.82
215.8,-99.151,1503,211.47
216.16,-108.92,1545,227.89
222.78,-121.1,1526,213.92
226.82,-132.45,1567,235.73
233.06,-140.79,1507,239.27
239.81,-149.22,1509,213.66
241.68,-150.24,1400,182.89
239.93,-147.31,1422,205.55
245.49,-147.5,1521,226.79
251.01,-157.99,1456,218.71
258.01,-163.16,1537,225.5
256.14,-159.92,1517,227.29
267.29,-165.56,1487,212.78
276.37,-174.51,1467,210.23
282.15,-182.26,1546,227.56
286.66,-193.21,1565,230.56
290.43,-207.51,1623,230.09
293.21,-218.36,1656,233.43
297.2,-230.2,1608,226.52
296.8,-240.11,1611,222.2
297.04,-248.57,1580,198.31
295.52,-260.95,1683,186.2
294.53,-272.44,1579,185.21
295.55,-286.51,1589,177.59
296.85,-292.99,1578,187.08
295.48,-301.41,1478,181.36
291.72,-310.11,1517,190.98
285.32,-320.28,1457,180.33
279.01,-329.02,1495,196.1
277.25,-333.27,1459,195.77
275.73,-340.5,1423,181.21
277.57,-340.81,1458,203.17
280.53,-343.39,1381,188.65
282.41,-346.21,1322,177.26
284.05,-350.45,1216,159.73
279.99,-359.52,1240,160.54
275.84,-365.52,1286,165.33
279.01,-371.12,1415,191.27
278.19,-376.06,1402,178.65
275.93,-384.87,1427,199.25
269.43,-393.13,1489,214.99
265.83,-401.5,1434,187.12
264.64,-402.76,1310,180.22
270.98,-401.62,1363,198.45
270.06,-409.04,1208,175.02
270.96,-411.56,1190,158.06
274.98,-407.25,1330,190.62
281.93,-406.05,1400,195.53
283.04,-410.42,1264,192.19
284.49,-413.54,1180,169.33
278.22,-409.32,1327,188.06
278.35,-405.41,1326,167.4
282.16,-411.38,1310,172.91
277.89,-405.98,1388,198.06
277.27,-406.3,1478,191.99
282.97,-414.61,1414,175.28
281.84,-419.97,1152,149.29
280.61,-422.9,954,138.83
285.89,-424.89,771,142.9
287.26,-427.07,524,110.66
286.57,-426.49,588,127.1
288.87,-431.58,1221,190.69
288.83,-428.06,1165,157.22
285.08,-429.16,1186,171.47
276.41,-433.08,1138,146.12
278.38,-436.12,1144,166.17
280.88,-437.55,1210,203.86
277.32,-440.01,882,250.09
270.96,-443.6,1215,190.93
270.62,-441.51,1265,178.49
273.87,-439.61,1208,187.56
272.41,-445.23,1243,180.53
271.64,-448.38,1243,189.83
268.07,-455.18,1145,170.15
265.93,-457.04,1113,158.44
264.9,-457.96,1201,172.79
263.62,-460.11,1144,156.75
268.89,-459.39,1167,162.04
254.77,-463.72,554,235.33
256.37,-462.98,1093,155.3
254.74,-465.76,1174,175.17
252.22,-468.68,1145,182.32
254.46,-470.25,1180,185.68
258.91,-467.61,1158,164.15
264.75,-465.16,1146,179.75
266.64,-464.71,1252,165.22
273.72,-460.73,1177,185.9
277.09,-453.05,709,264.23
273.68,-456.88,1244,164.59
269.15,-461,1203,178.41
268.62,-466.72,1200,172.43
266.39,-469.42,1118,184.65
266.62,-470.28,1163,152.32
268.42,-469.34,1190,169.99
260.11,-476.23,1170,154.58
256.17,-478.45,1163,161.76
258.59,-476.62,1140,172.23
259.41,-477.62,1208,187.12
254.89,-481.05,1187,196.04
255.2,-480.97,1306,185.12
249.71,-482.71,1122,144.73
255.39,-476.77,1214,169.52
247.42,-484.18,814,245.24
243.8,-485.4,1132,156.7
240.17,-478.75,1131,174.74
242.99,-472.41,1137,160.07
245.76,-477.94,1223,184.57
250.36,-476.67,1210,186.88
252.66,-473.85,1266,183.88
249.85,-479.69,1239,177.96
249.41,-479.74,1261,178.74
253.88,-479.32,1278,174.86
248.01,-486.31,1197,162.59
242.63,-487.58,1215,184.32
244.39,-487.35,1146,167.08
241.46,-489.61,1184,174.89
236.33,-489.48,1169,168.13
234.54,-488.44,980,188.59
232.27,-485.36,1158,163.31
230.36,-484.61,1158,166.63
230.37,-484.35,1192,172.48
231.6,-482.12,1182,170.39
239.98,-488.87,1200,176.7
239.09,-494.33,863,232.07
248.33,-488.61,1137,160.98
251.36,-487.42,1220,192.73
247.14,-491.35,1149,175.14
246.12,-494.6,1169,182.78
240.09,-498.44,1115,160.8
237.67,-496.27,1120,152.94
235.56,-492.08,1151,163.09
228.97,-493.67,1151,166.07
226.27,-491.32,1115,160.22
227.08,-488.22,1120,167.88
233.14,-487.05,1102,170.58
242.39,-491.45,1224,181.1
247.33,-494.24,1203,167.41
250.84,-490.6,1164,168.26
255.59,-486.71,1180,169.64
254.13,-483.12,1180,175.44
253.52,-485.66,1136,159.32
257.2,-486,1137,149.78
260.17,-479.58,1101,156.75
252.08,-484.08,1249,179.22
253.91,-487.93,1182,169.21
254.62,-492.71,1213,172.59
252.8,-497.43,1118,146.76
251.04,-501.89,1118,153.6
247.57,-504.1,1030,161.62
253.44,-500.92,1013,163.51
255.49,-496.91,1059,147.65
258.25,-492.82,1139,174.4
258.47,-495.05,1161,167.35
261.55,-491.95,1162,159.61
263.07,-491.95,1095,154.07
258.68,-497.94,1128,159.8
263.16,-498.07,1077,156.58
261.3,-500.3,1055,171.09
261,-502.54,1045,155.06
255.56,-506.37,902,129.77
254.44,-504.32,1014,144.5
