0,-0,297,75.152
1.5674,0.046195,307,80.296
1.3866,-0.0085659,329,75.755
1.0895,-0.33426,328,76.268
0.56555,-0.52568,285,72.298
-0.72944,-1.5322,294,97.912
-1.4301,-1.2203,286,84.076
-2.1481,-0.81065,326,85.655
-2.4984,-0.95611,319,77.385
-3.224,-0.42339,356,99.723
-0.91932,-0.056818,320,85.159
-1.7532,-0.23896,245,71.579
-0.90944,0.0711,257,72.439
-0.15503,-0.97646,224,77.757
-0.24523,-1.6062,205,85.829
1.3566,0.46818,260,68.494
1.0391,0.37632,172,71.034
2.0182,1.3356,230,72.82
2.2761,1.4163,214,56.023
2.6506,1.2318,191,56.966
2.8838,1.3209,183,57.321
3.122,0.6916,158,48.24
3.5641,1.4001,122,54.162
4.145,2.6025,153,60.315
5.3621,4.1973,182,55.559
5.4803,4.8182,148,51.077
5.2327,4.3774,152,55.063
4.694,4.0294,161,53.864
3.8801,2.5261,113,53.864
3.2256,3.1462,189,61.729
3.8182,2.9064,204,68.296
3.9823,2.5002,195,63.524
3.5867,2.2395,216,65.897
3.9322,1.7871,193,58.975
3.2476,0.80642,170,60.48
2.7844,0.94379,207,62.961
2.3272,0.94992,167,58.554
2.3708,1.8077,190,58.19
1.8627,1.833,202,69.049
2.2364,2.0848,165,68.321
3.0698,2.9837,151,66.915
2.9336,2.872,130,75.251
2.9023,2.3322,107,62.309
7.5335,13.577,727,123.8
8.9052,14.374,781,120.34
11.01,13.909,781,131.21
12.983,12.375,815,146.69
14.514,11.125,894,149.89
15.195,10.741,922,158.51
16.594,11.219,898,194.83
18.125,11.888,936,192.98
19.069,11.553,949,214
21.096,11.902,1018,199.28
20.462,11.873,979,211.4
20.757,12.517,979,186.78
20.66,13.32,1027,173.99
20.136,12.754,925,178.77
20.127,12.419,900,174.48
20.653,12.011,892,193.7
19.804,8.4169,628,198.18
24.35,8.5482,652,241.43
26.45,10.078,811,167.59
24.54,11.774,857,185.07
22.449,13.906,963,196.27
23.228,15.999,1065,191.21
25.782,15.691,1102,184.46
27.726,14.351,1075,187.23
26.024,14.488,1001,200.33
21.607,12.722,1009,220.29
17.606,9.6387,1081,202.69
13.616,8.9768,1122,225.36
10.141,9.1404,1083,196.59
10.577,9.0666,1131,164.07
9.5938,7.6626,958,197.56
11.853,9.062,964,208.63
14.83,9.3926,968,232.91
15.452,8.3958,902,219.89
17.604,9.1251,958,213.26
2.7051,3.9403,557,138.26
4.3453,5.4206,571,131.48
20.734,13.134,817,232.14
26.926,16.762,951,257.55
30.834,17.606,931,250.34
31.74,16.126,847,269.18
33.615,17.134,948,275.11
35.042,17.045,1056,186.84
41.644,17.863,940,175.09
39.334,17.6,1039,209.24
36.748,16.519,887,269.01
19.9,9.8725,571,148.96
26.292,12.634,880,272.96
20.952,12.271,1145,185.85
18.121,9.1768,1043,230.04
17.099,9.8948,1070,217.07
14.302,10.815,1104,191.22
15.481,13.263,1163,157.18
16.548,14.584,1145,156.79
17.213,15.376,1169,145.1
17.003,15.982,1059,155.13
16.736,18.136,1125,168.27
16.811,19.272,1166,149.93
15.581,18.957,1003,164.51
15.25,18.961,1166,174.72
15.037,18.148,1194,147.18
16.185,16.727,1169,145.83
15.677,17.079,1129,175.45
14.729,16.365,1134,167.95
13.984,16.54,1039,171.34
13.128,16.306,991,185.58
10.473,15.701,782,161.53
7.2818,13.722,604,121.71
5.8489,12.136,651,142.12
4.7683,10.253,621,183.59
3.7848,9.4693,688,167.29
3.592,9.1633,849,168.68
7.8997,9.8226,1129,243.52
9.312,9.795,1381,180.86
8.0051,13.262,1289,206.93
12.695,17.807,1307,215.51
16.414,21.209,1299,201.01
18.216,22.307,1152,279.96
22.545,25.85,1195,262.13
26.554,27.902,1251,267.65
29.434,30.165,1183,313.03
29.542,31.729,912,290.4
31.564,33.29,1312,302.3
31.372,23.428,567,174.92
40.774,40.808,1036,288.3
44.791,42.986,946,247.55
46.364,44.625,881,189.12
48.098,46.811,685,185.26
49.253,46.942,759,278.43
47.364,42.109,1138,214.83
49.402,38.466,1220,281.5
49.178,33.18,1458,225.09
46.36,28.865,1633,211.67
42.259,28.905,1768,221.76
41.24,29.259,1843,241.43
45.296,30.875,1905,255.3
48.469,35.163,1863,299
50.565,39.378,1818,357.71
51.883,39.445,1596,264.93
52.066,41.851,1636,267.33
50.191,46.119,1651,310.84
47.833,44.393,1718,214.95
46.599,40.243,1807,282.98
46.055,35.123,1801,231.72
43.366,31.454,1852,214.67
37.501,31.514,1967,243.63
31.323,32.471,1952,234.83
28.058,34.757,1804,193.68
27.734,38.016,1625,178.52
27.199,40.395,1474,171.93
27.07,42.602,1540,174.53
28.31,44.209,1583,182.09
27.672,46.055,1725,195.41
26.745,51.823,1766,200.35
27.907,59.19,1822,231.91
30.686,66.981,1697,216.15
34.881,71.541,1662,230.33
39.774,69.366,1713,213.31
41.238,67.64,1647,229.52
42.837,67.543,1575,237.38
43.743,67.518,1575,253.56
45.912,70.385,1248,309.12
47.252,73.893,1066,239.97
50.766,74.598,978,243.44
50.559,79.724,832,174.37
55.979,70.151,1172,288.09
59.64,61.473,1354,288.99
59.942,56.974,1376,281.34
54.935,54.071,1729,248.35
46.56,53.613,1700,327.11
39.347,53.761,1593,504.84
33.16,55.789,1769,324.95
28.056,59.808,1723,267
23.305,62.092,1600,271.02
20.181,68.358,1529,283.07
18.74,75.01,1565,245.39
15.593,86.117,1165,234.21
18.259,90.347,1283,263.47
18.504,92.281,1565,180.38
18.268,94.057,1476,242.34
22.352,96.524,1406,284.08
30.599,98.582,1442,254.68
37.199,100.98,1386,210.2
43.524,99.381,1399,204.97
47.583,99.54,1552,191.37
49.678,100.15,1523,195.56
50.557,101.34,1393,205.41
51.085,104.37,1238,247.72
55.11,106.21,1064,247.04
59.481,103.3,1025,279.05
62.908,96.546,1111,273.4
64.039,90.189,1288,265.02
67.103,84.879,1500,283.22
70.095,81.717,1590,292.05
69.177,80.124,1383,307.25
68.569,76.919,1710,226.63
64.557,83.294,1711,300.1
58.614,91.057,1672,301.09
52.085,99.216,1804,258.06
48.041,106.16,1669,231.24
45.376,109.21,1609,211.39
46.378,121.76,1040,185.52
49.922,119.12,1316,325.34
52.587,127.84,1128,172.15
64.242,121.84,1475,190.51
70.934,121.25,1389,174.46
75.533,116.51,1398,186.57
78.893,109.93,1474,255.43
78.554,100.77,1609,244.41
83.581,93.055,1681,212.5
86.42,87.776,1679,208.77
87.501,88.064,1642,202.37
89.398,87.7,1533,199.31
96.062,91.946,1225,211.88
97.407,92.014,1133,180.92
97.836,90.956,1177,173.28
97,89.917,1101,160.31
95.566,89.548,1237,226.13
91.212,87.681,1404,271.69
90.533,84.448,1520,178.84
89.769,84.58,1585,182.65
90.316,86.149,1702,199.53
89.821,87.179,1719,226.59
89.354,87.297,1636,221.18
94.073,101.57,781,163.4
86.82,104.89,615,227.32
82.381,104.1,643,182.51
77.457,86.565,1118,266.49
80.266,73.435,1605,201.78
80.739,70.96,1674,228.33
76.677,75.773,1674,243.49
73.282,84.116,1907,249.7
71.988,91.591,1811,238.12
71.288,99.136,1615,407.84
71.293,100.69,1654,428.98
67.605,97.201,1685,372.37
69.885,90.842,1620,335.63
72.967,87.785,1669,339.19
72.981,82.932,1367,517.4
67.532,83.577,1323,408.83
59.261,88.217,1392,414.65
60.259,96.346,1351,413.44
57.923,106.42,1595,386.57
51.652,108.27,1629,300.52
51.399,100.43,1728,280.76
55.61,95.278,1365,418.02
47.18,101.13,1092,251.13
36.25,102.35,1040,218.77
69.588,99.431,1619,335.32
81.198,97.868,1570,327.91
87.938,96.597,1674,197.92
91.473,91.582,1724,194.59
92.244,90.298,1710,184.57
92.852,90.127,1643,203.6
95.954,89.718,1498,299.6
103.09,91.703,1203,233.88
105.93,94.382,1129,212.46
101.88,96.62,1157,269.96
96.288,95.858,1235,245.73
90.151,99.169,1440,287.55
90.912,104.15,1451,229.43
93.269,106.22,1374,169.58
100.62,104.43,1469,176.65
106.57,104.09,1344,226.78
110.79,102.59,1396,254.52
115.49,101.19,1207,320.52
123.23,99.359,1048,206.33
126.51,99.052,1066,199.56
129.15,99.614,992,212.35
125.12,96.57,1195,284.08
122.86,90.676,1374,345.22
120.03,91.792,1668,351.9
112.06,91.226,1693,274.38
103.14,90.358,1664,351.29
92.698,92.127,1748,241.04
85.977,92.193,1754,285.37
82.272,89.038,1913,271.6
81.034,93.683,1939,235.3
79.401,102.1,1796,192.15
76.054,110.34,1762,207.51
75.518,115.06,1774,220.95
82.57,113.87,1818,214.7
93.288,108.59,1821,251.8
106.49,102.77,1696,399.16
116.69,96.615,1520,318.02
118.74,96.575,1585,454.44
120.96,94.91,1725,395.89
130.05,93.451,1636,461.75
133.93,94.315,1593,223.8
133.93,97.026,1564,185.67
133.37,100.08,1452,203.35
120.57,96.227,1606,185.86
111.77,96.848,1731,213.52
101.43,96.041,1688,240.54
95.813,99.358,1620,264.05
91.669,98.771,1662,384.27
92.175,100.31,1547,250.9
95.075,100.66,1334,278.81
99.58,101.45,1162,283.98
103.23,101.37,1018,262.98
103.33,104.31,1011,432.03
104.09,105.48,950,327.06
107.34,102.08,943,301.86
105.86,98.927,1268,256.18
118.12,95.381,824,218.15
107.41,97.833,1740,274.03
116.35,96.993,1794,252.53
119.98,101.54,1559,563.02
113.51,97.566,1760,460.47
104.74,97.756,1556,395.11
96.844,101.3,1465,333.55
94.035,100.17,1633,232.47
91.158,106.9,1666,320.13
88.909,111.83,1734,365.7
72.926,106.71,1153,249.7
84.859,116.12,1618,365.41
67.19,115.55,843,174.44
63.057,116.55,611,162.11
60.06,113.76,493,136.16
122.13,125.91,498,178.7
129.59,121.16,521,155.17
100.7,117.57,1327,404.01
102.51,116.98,1407,331.95
100.25,117.87,1277,351.56
91.929,114.33,1464,324.13
87.897,113.18,1562,177.03
82.05,118.56,1583,227.45
68.722,121.9,1709,177.84
59.836,121.38,1505,183.72
61.628,122.56,1526,198.25
60.818,126.59,1460,184.66
60.122,132.06,1570,201.04
66.532,135.16,1541,211.25
73.586,136.32,1533,253.12
80.663,138.66,1488,386.04
97.546,135.45,1496,239.93
115.01,130.24,1598,242.84
127.86,123.59,1441,217.71
124.87,120.72,1592,205.3
112.95,111.62,1587,212.64
95.225,107.33,1536,206.64
91.003,105.71,1469,185.15
95.45,104.44,1506,213.6
112.26,101.86,1590,205.47
126.53,107.39,1645,205.53
134.54,121.2,1550,215.41
130.97,125.51,1574,206.05
131.04,130.95,1601,197.27
127.88,128.46,1610,232.49
118.68,122.53,1819,258.4
108.92,119.92,1734,255.65
102.19,127.45,1564,201.24
107.85,133.92,1513,168.24
117.48,140.88,1547,172.95
125.3,146.67,1484,179.11
135.61,149.2,1477,177.8
147.09,153.43,1461,164.31
154.67,157.95,1433,171.31
155.18,159.84,1524,202.4
157.47,168.3,1374,166.48
158.59,172.89,1252,147.42
156.48,174.41,1198,139.29
155.95,180.63,1236,156.62
162.01,183.12,1303,145.37
171.89,181.37,1258,150.67
177.49,173.18,1301,158.05
180.54,166.5,1439,194.51
180.83,166.12,1505,216.86
181.89,170.81,1546,232.4
182.61,177.78,1616,224.94
183.7,185.72,1422,184.09
186.7,189.61,1301,181.14
189.72,191.94,1275,167.69
194.21,190.56,1392,175.62
194.3,186.99,1402,147.39
195.51,187.1,1453,156.83
199.36,183.53,1536,169.35
206.77,181.71,1367,147.46
205.76,177.58,1321,151.68
199.12,178.21,1485,166.51
195.87,177.27,1364,154.3
192.93,176.79,1216,137.8
190.33,177.97,1235,140.3
185.01,188.07,1334,142.78
188.78,196.71,1297,139.67
198.35,202.35,1305,145.88
206.57,204.71,1261,147.31
209.95,204.51,1326,156.72
215.8,211.02,1243,147.52
216.03,215.76,1232,149.71
217.55,217.03,1283,153.79
218.75,213.94,1200,147.23
222.21,212.52,1219,154.34
220.8,214.25,1232,155.16
221.05,218.1,1207,155.52
224.64,220.62,1154,155.12
227.6,219.37,1267,150.25
229.75,214.21,1285,161.24
228.09,211.86,1333,147.09
229.08,210.02,1312,138.82
228.34,202.15,1349,166.54
230.27,194.47,1189,142.85
230.22,188.72,1076,128.36
234.5,187.07,1244,150.78
236.41,188.97,1224,157.64
233.72,190.78,1222,148.22
232.34,190.15,1267,163.64
232.73,189.41,1230,142.98
234.86,189.7,1123,129.66
237.12,189.53,1015,125.33
238.69,192,852,129.85
238.09,195.13,760,116.44
237.31,193.9,757,114.17
238.02,194.74,696,111.85
236.32,197.39,663,114.45
237.47,203.22,822,157.9
239.53,201.95,788,121.89
238.44,196.76,772,128.88
238.41,196.39,791,144.2
237.62,206.9,881,168.53
241.13,211.78,975,152.12
240.85,215.81,1087,160.1
243.72,222.55,1252,181.26
249.49,224.04,1365,200
258.78,230.74,1380,181.57
269.42,233.07,1293,166.07
280.3,235.04,1189,154.46
290.9,236.79,1115,146.69
300.14,239.76,1100,158.51
310.37,243.63,1042,161.96
315.81,248.48,787,241.16
324.04,254.65,810,147.43
326.99,260.37,553,180.37
334.14,256.01,555,225.33
333.92,246.85,762,259.1
323.76,238.48,877,174.19
317.62,241.93,958,152.09
315.12,248.96,919,156.65
315.61,256.38,806,260.63
315.36,259.19,342,161.58
323.84,270.6,244,118.71
