0,-0,113,37.737
3.7482,1.8255,116,38.316
0.9292,-2.7317,114,39.788
-0.89072,-0.059607,261,63.788
-3.6339,-2.1736,293,73.009
-9.5655,-4.4725,283,68.527
-11.975,-3.4275,260,78.774
-9.5477,-10.686,281,65.839
-8.1538,-16.695,265,64.367
-9.0478,-22.807,261,64.152
-7.6939,-28.012,260,63.706
-4.489,-32.51,275,62.465
-7.3533,-34.219,269,64.499
-3.0671,-38.062,274,62.374
-0.83636,-42.782,273,62.977
-1.301,-48.733,265,60.579
0.18014,-56.124,267,61.076
3.6389,-57.142,248,59.835
8.37,-56.514,245,55.22
9.6692,-65.532,250,54.972
9.9718,-67.772,188,50.357
11.355,-68.484,162,45.329
13.653,-66.807,174,48.902
15.754,-69.012,188,49.158
14.218,-70.921,204,53.748
12.622,-74.629,202,52.657
15.011,-72.517,207,51.763
19.796,-73.94,210,50.845
19.857,-78.906,194,48.513
23.591,-78.806,195,50.655
25.38,-77.489,204,50.729
27.506,-82.343,220,55.253
33.521,-86.955,228,55.344
36.952,-90.81,221,50.961
36.903,-96.605,227,53.169
32.758,-102.02,240,54.327
27.987,-105.98,241,57.792
24.478,-110.22,226,53.748
19.42,-115.19,216,50.175
20.425,-116.36,226,52.748
21.258,-118.23,216,60.629
19.522,-122,248,62.498
22.898,-123.32,227,55.998
26.781,-126.81,209,52.251
25.261,-130.72,217,55.361
28.702,-129.76,220,61.746
28.771,-135.58,202,58.851
30.365,-138.25,204,56.122
30.403,-143.67,213,57.503
26.641,-147.56,208,57.131
30.607,-150.89,202,53.285
32.225,-155.13,216,56.014
30.508,-159.04,197,53.583
29.983,-160.62,204,55.154
32.038,-160.91,202,56.676
34.612,-163.31,227,53.657
34.436,-166.09,221,52.896
35.44,-169.26,225,54.236
36.904,-173.38,202,49.613
38.311,-172.18,199,49.828
38.934,-173.77,215,56.262
40.287,-173.28,218,57.37
43.35,-168.12,209,56.353
44.365,-165.53,234,59.264
45.924,-168.26,212,54.393
44.67,-172.24,220,61.431
44.312,-174.25,217,60.968
42.531,-176.89,226,62.283
41.669,-176.34,227,65.053
42.431,-179.48,227,62.564
45.724,-180.54,229,63.499
47.69,-184.56,222,55.807
49.386,-187.99,230,61.034
49.502,-190,232,57.693
50.166,-192.42,224,55.253
49.846,-196.24,205,51.226
49.878,-194.65,236,60.141
47.784,-200.78,221,54.79
45.984,-203.89,221,55.758
51.493,-205.29,229,58.727
45.788,-207.35,226,57.23
47.171,-211.02,227,57.378
44.647,-213.98,216,71.025
42.404,-217.49,215,73.556
41.582,-216.78,213,79.651
40.261,-219.31,214,65.873
37.112,-223.86,175,51.788
33.303,-224.16,171,51.904
33.367,-225.31,169,51.416
29.084,-223.43,168,54.699
25.761,-224.68,166,61.638
24.878,-226.17,155,46.644
28.411,-227.68,162,47.388
23.882,-229.13,169,62.118
24.508,-235.42,164,46.727
21.729,-237.13,155,53.881
20.472,-235.64,153,46.462
21.708,-234.48,158,48.24
19.432,-237.93,155,50.109
15.908,-240.71,139,41.599
15.782,-242.89,136,40.929
16.413,-245.44,157,45.602
14.872,-251.1,141,50.192
12.759,-255.1,129,40.557
10.606,-258.09,130,46.338
8.2895,-256.24,136,40.739
8.155,-258.63,124,40.251
4.5883,-259.17,132,42.526
6.1754,-263.07,130,39.532
6.6008,-261.04,134,40.747
5.6034,-265.36,132,40.375
4.0366,-270.71,121,39.54
-0.10441,-273.74,119,38.572
-4.4691,-275.28,118,38.225
-6.7157,-274.23,107,37.464
-9.1234,-276.38,114,38.498
-7.1225,-276.86,116,36.397
-7.8654,-278.4,112,36.538
-5.7497,-277.8,109,39.168
-7.7001,-277.91,116,37.257
-9.7405,-280.16,109,39.532
-11.549,-280.3,117,40.673
-14.13,-281.6,118,39.887
-16.367,-282.82,125,41.963
-16.759,-282.84,106,38.87
-14.114,-282.76,93,34.95
-13.721,-281.85,83,35.942
-13.721,-281.26,103,39.449
-14.334,-281.38,110,41.781
-15.114,-281.85,117,43.468
-15.755,-281.21,117,43.625
-15.48,-280.85,110,43.261
-15.833,-281.67,105,42.145
-14.498,-282.46,110,45.437
-15.247,-282.44,108,37.927
-15.415,-280.08,90,36.993
-16.68,-283.09,87,36.306
-17.844,-282.31,75,33.155
-17.571,-280.97,78,34.371
-17.746,-279.07,77,31.898
-18.18,-279.11,73,33.056
-16.963,-282.89,74,30.128
-16.992,-281.97,76,29.69
-14.941,-282.97,77,30.244
-13.511,-282.2,75,29.682
-14.071,-281.95,73,29.996
-14.381,-282.09,71,30.815
-14.614,-282.46,70,28.557
-13.733,-280.48,74,30.36
-13.53,-280.56,74,30.062
-12.831,-282.35,71,30.244
-12.485,-281.44,70,29.136
-12.218,-282.3,68,29.392
-11.95,-282.96,66,30.79
-11.919,-283.86,79,33.792
-13.155,-286.66,83,34.445
-15.992,-286.63,101,36.91
-18.737,-287.01,93,35.115
-22.009,-283.71,81,34.644
-21.499,-279.34,84,35.289
-19.817,-278.21,67,28.59
-15.986,-276.99,71,29.756
-11.299,-277.84,70,28.168
-6.1562,-282.42,82,30.244
-3.5708,-283.72,92,32.204
-3.2953,-284.24,98,45.494
-6.4782,-283.96,108,50.953
-4.4378,-285.88,109,52.367
-4.3838,-278,115,52.342
-6.3848,-269.44,121,44.196
-5.3987,-262.96,122,39.796
-4.9003,-255.16,129,41.409
-10.279,-250.48,120,42.426
-14.258,-245.1,123,43.253
-18.274,-241.15,118,37.1
-22.43,-239.01,128,38.961
-15.135,-244.17,124,38.804
-13.191,-244.58,116,38.87
-20.462,-240.95,115,39.995
-13.554,-247.66,116,36.215
-13.133,-251.9,112,37.001
-16.584,-247.61,115,39.458
-16.647,-244,125,41.756
-15.788,-252.73,113,36.678
-10.816,-258.93,114,37.282
-9.1651,-270.88,106,34.652
-7.0708,-280.78,116,37.944
-7.6924,-281.79,111,37.646
-5.617,-288.42,119,37.712
-6.697,-290.71,107,37.232
-9.1821,-296.92,127,43.088
-11.749,-300.13,128,39.722
-16.754,-305.13,118,41.202
-18.018,-307.74,126,38.655
-19.463,-306.89,117,38.134
-11.857,-303.05,116,39.614
-8.4751,-308.65,137,47.397
-10.529,-310.11,131,46.454
-8.7205,-300.98,132,45.354
-6.3043,-303.48,124,41.409
-4.9326,-307.64,132,40.466
-0.19948,-311.03,124,39.358
2.2119,-315.69,122,38.407
1.8254,-319.13,74,34.297
0.94617,-321.91,66,29.508
-4.0204,-322.02,58,35.785
-7.848,-320.66,58,28.375
-12.69,-322.92,66,28.756
-8.4023,-325.95,33,23.14
-11.296,-325.44,64,44.312
-12.628,-325.59,89,37.464
-16.456,-331.99,91,32.113
-18.688,-334.69,92,35.14
-23.639,-339.37,89,37.191
-29.665,-339.67,84,32.113
-32.587,-341.16,86,34.164
-33.341,-338.68,79,31.625
-36.13,-343.73,78,31.667
-34.458,-342.66,74,36.257
-36.039,-347.77,74,33.627
-40.261,-347.63,71,32.32
-40.851,-352.62,92,32.51
-44.463,-354.21,72,32.519
-48.594,-355.37,74,30.914
-48.958,-355.27,74,35.661
-50.028,-355.39,69,31.766
-51.241,-356.61,72,32.411
-54.783,-357.92,75,30.153
-52.13,-354.68,57,39.242
-56.035,-354.72,67,30.542
-57.956,-356.72,69,38.705
-64.005,-358.83,72,33.155
-66.982,-360.42,70,30.633
-66.73,-359.06,60,28.954
-69.532,-362.04,72,29.599
-73.439,-361.51,56,33.544
-75.759,-364.64,54,37.398
-79.263,-365.35,45,24.43
-82.266,-370.55,49,24.728
-86.796,-369.19,44,23.686
-84.196,-373.2,35,20.601
-85.23,-375.18,30,21.552
-87.302,-376.37,41,34.859
-86.632,-376.09,101,36.819
-91.614,-369.47,81,45.329
-93.512,-374.03,89,37.58
-93.118,-369.58,92,37.961
-91.319,-371.83,66,39.35
-89.912,-374.01,41,39.441
-96.138,-373.91,66,43.741
-91.826,-375.78,96,34.644
-97.406,-371.53,57,39.912
-97.562,-373.64,66,57.122
-99.394,-374.81,101,36.703
-102.15,-376.61,100,37.39
-100.87,-375.71,88,35.62
-104.19,-375.48,88,32.965
-103.35,-380,73,35.504
-107.46,-376.65,98,42.815
-108.46,-380.83,107,41.392
-113.56,-379.09,98,34.189
-114.37,-380.82,102,36.331
-115.61,-375.87,91,36.083
-113.73,-381.91,99,35.314
-120.02,-381.32,94,37.754
-117.41,-386.48,96,34.925
-121.76,-387.22,101,38.316
-126.53,-388.7,90,35.876
-128.89,-386.57,91,33.246
-130.06,-386.7,94,32.576
-131.16,-386.8,81,34.189
-128.21,-390.4,89,35.595
-131.99,-382.86,88,40.764
-133.83,-388.99,83,33.999
-139.84,-388.03,95,33.147
-144.41,-389.87,95,35.521
-142.2,-390.1,78,32.783
-146.34,-393.64,79,38.614
-147.54,-391.54,94,39.532
-151.38,-389.4,96,40.367
-150.94,-392.9,90,38.043
-153.67,-392.52,90,35.661
-153.6,-393,82,31.948
-156.99,-391.79,90,32.965
-159.38,-392.85,93,38.316
-160.45,-389.84,72,46.09
-163.08,-389.47,89,34.371
-166.48,-389.18,84,36.455
-168.18,-390.86,91,36.058
-169.38,-390.89,81,33.61
-169.71,-391.64,76,38.754
-174.03,-392.61,87,32.874
-174.83,-394.5,84,32.874
-176.04,-395.12,83,32.477
-181.31,-393.85,79,32.138
-181.82,-396.04,79,32.502
-182.42,-395.3,70,32.783
-187.68,-395.39,82,34.834
-187.16,-393.5,71,39.259
-186.27,-388.3,80,37.183
-185.95,-391.07,74,32.758
-184.89,-392.19,80,35.612
-186.54,-388.58,83,33.147
-188.15,-392.15,78,34.288
-188.06,-385.59,80,44.13
-187.5,-391.79,68,31.005
-188.11,-391.25,41,25.58
-184.08,-389.92,66,30.633
-187.04,-394.22,72,29.872
-187.7,-388.57,72,29.781
-189.48,-390.36,72,34.189
-186.35,-384.8,50,33.635
-186.55,-389.29,66,35.107
-188.96,-390.82,70,36.993
-189.05,-388.04,70,30.244
-191.29,-388.49,59,27.705
-190.87,-387.13,71,31.559
-187.9,-383.51,68,31.741
-188.19,-385.66,83,32.8
-190.97,-390.99,73,33.743
-191.86,-387.01,68,34.016
-190.98,-387.43,61,39.515
-187.59,-386.32,58,27.341
-192.35,-383.76,81,30.153
-193.31,-384.58,65,32.022
-190.04,-384.91,72,38.134
-188.21,-381.65,71,37.853
-190.43,-384.73,68,37.481
-191.94,-381.8,78,39.168
-190.65,-389.8,44,36.819
-193.15,-386.33,69,37.737
-188.12,-384.68,79,35.686
-193.06,-392.03,77,32.965
-189.95,-386.47,77,34.834
-193.2,-388.6,66,28.863
-196.64,-381.09,71,31.65
-192.98,-375.46,78,34.834
-193.46,-373.45,94,37.927
-195.48,-368.53,92,35.76
-196.03,-368.2,79,37.671
-193.94,-373.75,76,35.504
-193.24,-373.45,60,33.362
-198.47,-377.54,80,32.8
-198.39,-377.44,70,33.056
-201.05,-374.21,73,36.083
-197.88,-374.11,48,33.916
-199.47,-376.38,80,31.493
-195.79,-378.95,60,28.673
-201.92,-379.07,68,32.155
-201.96,-375.27,56,24.496
-200.57,-378.24,60,31.741
-200.8,-374.08,87,41.591
-200.11,-376.26,73,34.189
-199.14,-378.26,70,34.28
-203.35,-371.88,85,36.455
-198.81,-373.65,58,27.929
-200.91,-378.69,72,36.174
-202.11,-372.88,66,31.485
-204.3,-374.91,76,36.24
-203.78,-368.97,85,52.748
-201.67,-371.32,52,32.411
-205.84,-369.43,92,37.191
-206.26,-366.28,83,31.104
-207.92,-366.84,86,34.47
-204.15,-362.61,77,36.447
-204.06,-362.33,92,35.231
-210.05,-363.39,97,35.107
-206.72,-360.08,81,35.711
-206.74,-357.31,81,46.462
-204.06,-362.78,67,47.223
-201.3,-361.22,63,40.185
-209.46,-361.98,82,33.817
-207.92,-358.4,81,33.238
-205.26,-358.9,91,36.157
-201.8,-357.67,104,39.217
-199.31,-359.98,104,40.483
-197.97,-363.56,108,45.337
-199.18,-364,123,49.274
-200.57,-364.07,119,61.621
-198.58,-366.82,62,37.944
-208.29,-359.03,11,13.216
-204.08,-366.96,38,33.246
-204.08,-366.96,38,33.246
-204.08,-366.96,38,33.246
-140.73,-350.74,34,34.95
-146.29,-357.07,61,53.699
-146.89,-351.75,69,49.274
-151.02,-356.32,90,33.618
-152.58,-352.32,87,32.485
-154.35,-347.82,83,34.859
-153.23,-351.23,93,35.479
-152.31,-346.09,98,34.189
-151.22,-340.99,91,35.405
-149.69,-336.24,90,35.115
-152.33,-333.25,97,40.673
-150.88,-331.99,89,41.69
-152.43,-333.49,85,41.318
-159.75,-332.67,95,35.041
-154.87,-330.48,89,34.007
-161.88,-328.02,83,35.322
-160.14,-326.55,36,25.472
-161.63,-330.14,94,35.504
-164.03,-326.23,101,35.57
-168.34,-327.02,93,37.009
-167.68,-321.38,97,33.982
-163.86,-324.59,73,43.113
-166.9,-321.23,97,36.538
-164.96,-326.32,91,35.115
-169.32,-322.04,91,34.371
-169.97,-324.71,100,36.811
-174.95,-321.27,99,39.614
-172.19,-325.64,70,46.28
-174.54,-320.88,94,35.595
-173.99,-321.63,91,35.595
-171.41,-323.56,66,29.88
-178.28,-323.28,92,32.088
-176.17,-322.3,86,41.773
-176.9,-320.18,81,38.688
-176.76,-319.78,96,36.075
-179.74,-323.27,88,32.593
-182.23,-318.66,102,36.174
-182.13,-316.23,96,34.379
-182.08,-323.72,98,35.041
-184.1,-315.27,102,37.208
-187.07,-315.18,99,35.686
-183.65,-312.25,92,35.777
-189.28,-314.25,108,35.686
-186.24,-308.94,86,36.075
-189.81,-314.06,99,33.635
-189.11,-312.23,94,33.61
-191.99,-311.46,97,36.811
-190.9,-308.17,99,34.553
-196.24,-309.9,99,35.024
-196.92,-304.91,99,36.496
-198.06,-304.38,97,33.792
-200.24,-304.66,96,35.595
-200.13,-304.95,105,39.912
-202.44,-300.66,111,37.729
-200.33,-296.34,97,35.694
-205.83,-296.44,97,33.428
-204.84,-293.11,100,36.629
-208.57,-292.09,99,36.637
-205.91,-288.68,99,36.976
-207.9,-295.86,92,38.134
-205.75,-297.64,89,34.867
-211.41,-297.5,98,35.595
-209.39,-300.15,93,48.166
-215.51,-301.94,101,40.359
-217.75,-307.7,105,37.927
-219.25,-304.41,106,37.555
-223.22,-303.41,106,37.1
-224.52,-308.09,87,33.164
-228.55,-306.46,102,38.035
-231.36,-301.19,100,36.728
-233.22,-305.89,86,33.056
-237.36,-299.55,96,33.817
-236.58,-306.56,89,32.014
-241.33,-306.4,104,43.857
-244.57,-308.86,112,40.574
-247.55,-306.17,104,35.967
-245.56,-305.09,90,35.198
-244.2,-305,86,33.982
-249.5,-303.93,92,34.189
-249.35,-303.77,94,34.346
-246.13,-309.11,92,35.413
-250.58,-306.99,98,35.612
-245.41,-306.54,87,33.701
-251.27,-307.59,102,35.479
-245.31,-306.42,95,37.53
-252.63,-309.07,91,32.874
-246.6,-305.09,94,35.314
-254.1,-308.43,104,38.043
-256.41,-307.74,101,36.149
-254.43,-307.81,96,32.965
-254.94,-309.16,100,37.58
-255.88,-311.32,110,40.731
-260.3,-311.37,103,36.083
-259.13,-311.29,89,32.32
-260.82,-310.5,94,34.073
-265.98,-312.26,100,36.521
-260.26,-311.01,86,31.931
-269.69,-311.84,95,33.817
-266.47,-311.98,101,35.033
-272.09,-313.59,101,37.1
-275.18,-314.41,101,35.388
-276.43,-309.87,96,38.572
-271.62,-311.76,89,32.667
-274.48,-307.89,92,40.739
-279.23,-305.78,107,37.902
-274.58,-305.34,84,33.726
-274.11,-305.36,91,35.595
-274.37,-301.26,90,41.781
-277.64,-308.14,82,34.578
-282.13,-303.34,93,33.585
-282.98,-301.68,93,35.612
-280.79,-306.14,89,32.965
-282.67,-305.22,95,37.166
-282.27,-304.05,94,33.329
-279.51,-308.91,85,35.314
-285.16,-302.65,90,37.001
-283.33,-301.92,90,32.485
-280.6,-305,75,32.866
-277.74,-309.84,85,34.214
-286.04,-303.62,95,35.479
-287.95,-301.69,90,33.999
-282.74,-300.47,81,33.561
-290.23,-298.58,101,40.003
-288.62,-298.58,91,40.665
-289.85,-294.36,101,36.538
-289.36,-299.33,80,31.741
-290.91,-295.33,98,33.908
-291.18,-291.18,109,38.862
-285.15,-290.88,93,36.819
-280.47,-295.68,79,38.018
-271.12,-302.14,90,33.908
-259.67,-304,86,36.513
-261.6,-304.95,94,43.824
-264.52,-312.82,88,31.997
-268.93,-316.19,89,36.331
-264.82,-313.87,94,34.834
-271.17,-318.35,91,32.94
-273.28,-318.91,98,43.187
-274.28,-315.83,97,36.976
-276.34,-309.8,96,34.007
-284.15,-304.08,92,33.544
-283.12,-303.02,88,34.379
-285.3,-296.78,85,31.948
-283.87,-302.18,79,34.197
-288.74,-301.02,96,34.073
-289.47,-301.75,92,39.813
-290.67,-299.33,104,38.225
-288.98,-295.39,72,30.451
-290.55,-291.73,89,33.329
-289.85,-288.42,90,38.399
-290.74,-290.41,90,35.049
-293.18,-292.75,94,33.701
-293.67,-298.82,89,33.155
-292.37,-290.46,91,32.601
-292.93,-293.93,85,31.766
-293.43,-296.91,103,35.132
-295.93,-295.56,96,37.464
-286.55,-301.42,91,32.692
-279.39,-309,74,32.965
-283.28,-306.57,93,36.265
-286.52,-305.3,97,35.777
-289.5,-303.5,101,36.728
-287.66,-311.13,106,38.291
-289.52,-302.25,91,33.238
-286.93,-305.96,101,35.76
-287.55,-306.82,90,37.87
-288.5,-307.28,96,34.354
-285.95,-310.95,87,35.868
-281.97,-308.56,73,33.834
-291.47,-308.02,91,33.908
-283.76,-306.87,94,35.314
-283.19,-307.21,88,35.504
-287.15,-311.66,102,36.43
-292.74,-311.07,105,38.2
-290.62,-309.86,91,32.022
-288.12,-313.7,95,33.238
-294.38,-307.08,95,35.587
-294.68,-306.36,98,37.183
-296.94,-311.77,102,35.595
-299.89,-305.48,117,39.705
-300.5,-303.24,107,34.925
-296.97,-288.74,93,33.817
-285.95,-287.35,84,34.95
-281.74,-293.37,90,35.595
-280.49,-289.97,78,34.652
-267.85,-294.93,81,35.694
-252.07,-298.13,74,34.189
-240.93,-296.18,56,31.088
-230.01,-302.95,69,31.005
-218.91,-307.08,87,40.367
-220.83,-309.98,100,43.551
-212.18,-299.42,87,37.646
-204.09,-300.38,75,46.76
-200.08,-301.3,39,25.679
-192.85,-308.19,63,37.117
-181.11,-321.82,77,37.439
-170.06,-329.89,44,30.451
-161.89,-333.97,51,30.542
-153.26,-351.29,66,42.31
-143.02,-357.19,45,29.326
-134.5,-368.19,56,44.701
-133.22,-365.1,88,38.299
-140.59,-367.67,102,38.316
-141.04,-375.14,100,35.959
-140.63,-373.17,107,37.646
-135.64,-368.29,75,39.722
-142.03,-374.46,94,42.327
-134.47,-376.58,99,36.257
-141.81,-374.67,93,43.179
-143.11,-382.64,104,39.515
-144.81,-386.57,103,38.382
-148.51,-382.61,101,37.299
-150.55,-388.07,99,34.371
-148.35,-387.57,104,37.018
-155.24,-387.93,102,35.413
-149.78,-392.3,92,35.314
-155.38,-388.47,100,34.925
-157.35,-392.43,102,37.762
-161.95,-391.93,97,34.652
-158.99,-391.93,91,35.504
-161.13,-394.25,100,37.555
-166.2,-393.41,94,34.437
-165.92,-387.85,92,37.348
-166.79,-395.01,86,31.931
-169.27,-391,100,37.72
-174.38,-393.19,96,35.752
-169.32,-395.34,88,30.773
-174.43,-400.19,92,33.073
-174.16,-404.54,107,37.927
-174.46,-404.9,94,34.073
-177.28,-400.55,77,37.274
-174.84,-408.14,94,33.908
-172.92,-399.43,97,39.424
-179.37,-405.94,89,33.726
-172.89,-404.37,91,35.198
-175.21,-411.45,101,35.893
-176.27,-420.48,95,33.403
-175.13,-427.78,95,35.967
-175.48,-430.16,104,38.895
-173.92,-435.6,93,38.87
-173.09,-442.79,95,34.073
-174.74,-448.09,88,33.073
-175.87,-449.65,86,34.95
-175.91,-454.32,46,26.183
-179.7,-457.92,84,33.064
-174.68,-457.74,80,30.914
-177.74,-456.92,48,43.386
-176.54,-464.87,88,35.595
-177.76,-472.01,81,35.322
-179.97,-470.75,73,32.138
-184.15,-473.75,77,33.635
-186.6,-472.33,51,26.878
-183.51,-479.34,82,31.005
-184.44,-479.42,77,31.625
-186.89,-475.99,68,31.369
-188.87,-483.02,60,29.045
-185.84,-478.61,49,34.859
-190.11,-485.08,84,30.997
-189.68,-484.22,73,35.314
-195.42,-486.98,72,30.087
-193.82,-488.97,74,30.269
-189.79,-484.83,62,32.866
-191.55,-485.17,64,29.045
-193.41,-491.89,78,33.726
-191.32,-493.9,78,32.419
-195.34,-491.98,81,33.635
-192.24,-497.1,81,32.138
-190.53,-496.06,71,36.356
-195.28,-494.9,77,33.635
-194.82,-501.81,73,29.301
-198.39,-501.4,72,29.111
-200.24,-502.82,70,29.136
-201.35,-505.75,84,31.956
-201.66,-503.27,76,34.206
-200.31,-507.69,77,33.445
-206.38,-511.81,66,35.363
-201.81,-511.4,66,31.493
-205.74,-512.65,69,35.711
-205.97,-513.6,66,29.946
-209.09,-518.71,77,31.584
-209.24,-516.81,74,29.227
-212.3,-519.67,62,30.707
-212.85,-517.11,66,31.832
-214.74,-516.42,46,34.024
-204.56,-509.45,32,26.713
-200.74,-508.18,71,33.536
-211.38,-515.62,61,32.138
-207.96,-511.12,30,22.859
-210.23,-519.46,64,31.005
-209.78,-520.22,65,30.84
-210.93,-522.79,74,30.079
-211.69,-527.75,61,30.17
-213.32,-530.77,42,28.764
-214.8,-534.53,54,26.787
-213.97,-534.09,51,28.739
-219.56,-534.4,43,26.986
-217.28,-538.22,50,25.762
-218.25,-536.06,49,24.893
-216.79,-541.51,52,25.654
-220.4,-536.08,31,22.561
-220.04,-544.53,42,24.174
-220.66,-544.42,34,17.508
-220.59,-547.5,48,23.876
-219.19,-545.35,41,25.762
-223.59,-551.31,43,28.466
-223.68,-551.61,36,20.419
-227.6,-550.59,52,23.785
-225.51,-555.38,47,24.364
-230.68,-548.47,36,22.098
-227.28,-552.02,37,19.195
-228.93,-551.24,37,20.229
-234.44,-557.32,42,22.404
-230.21,-549,45,23.041
-228.08,-553.49,40,24.364
-228.32,-553.59,59,25.58
-227.64,-556.72,78,33.676
-232.8,-553.42,78,34.445
-228.14,-551.21,85,38.506
-225.16,-551.68,88,40.003
-224.45,-552.53,89,43.46
-224.33,-550.24,86,43.741
-223.42,-549.06,77,37.183
-224.66,-550.37,59,30.335
-227.33,-549,37,26.614
-222.72,-549.62,44,27.54
-226.27,-548.61,36,23.711
-222.54,-548.31,33,20.601
-218.43,-539.84,27,18.36
-214.89,-543.8,43,29.318
-211.79,-538.4,31,18.062
-208.61,-549.81,46,24.356
-202.17,-553,47,22.933
-198.66,-551.18,46,25.001
-196.86,-552.22,40,21.544
-199.63,-558.07,32,19.104
-198.58,-554.76,25,17.88
-199.09,-563.09,46,23.413
-194.06,-570.04,49,24.339
-197.35,-571.82,43,22.677
-199.95,-573.1,38,31.667
-197.52,-576.61,43,33.47
-197.3,-577.34,56,24.711
-202.26,-578.97,53,26.779
-198.32,-582.94,47,25.489
-201.78,-575.27,40,23.967
-200.8,-586.75,48,26.316
-201.44,-584.68,42,24.637
-201.32,-586.33,39,21.362
-201.32,-586.33,39,21.362
