0,-0,111,34.9
0.18076,-0.36829,109,34.528
-0.17032,-0.43655,116,36.538
-0.41118,-0.10742,117,35.752
-0.431,0.5588,113,36.488
-0.043659,0.77293,117,37.811
-0.41441,1.027,111,39.126
-1.1679,0.97115,109,38.795
-1.1774,1.846,115,40.78
-0.22514,1.5672,103,39.581
0.34508,1.7953,112,39.002
0.88972,2.9114,112,41.839
1.8986,3.0536,108,39.242
2.726,2.953,168,47.694
3.3214,2.363,165,46.28
4.6996,2.2058,157,45.445
6.3049,2.1846,160,44.858
7.04,1.6746,161,46.289
7.2528,0.84291,144,43.287
7.0669,0.69299,153,42.36
7.0461,1.6618,156,42.244
7.3174,2.1346,160,41.872
7.1915,1.8721,175,45.164
7.1115,1.8606,175,45.71
7.3414,1.7592,179,45.445
7.2562,2.0129,186,46.388
7.2306,1.5297,177,45.999
7.3284,1.6283,178,46.578
7.2201,1.638,182,45.809
7.3542,1.6887,180,46.181
7.3921,1.8836,191,47.116
7.0653,1.5665,180,45.9
7.1459,1.3781,183,46.636
7.2247,1.3873,184,46.181
7.3397,1.6113,191,46.826
7.2652,1.4192,193,47.314
7.2771,0.9901,183,45.602
7.482,0.78175,186,46.851
7.7615,1.2003,195,48.902
8.2832,1.3817,197,48.513
8.2426,1.8386,197,50.291
8.5955,1.9657,188,49.274
9.4673,2.2699,182,49.671
10.433,2.4091,181,49.365
10.782,1.7221,180,50.407
10.431,0.8956,170,47.57
9.5066,0.42434,176,46.28
8.5266,-0.34653,172,49.2
7.7282,-0.44497,176,45.056
8.4245,-0.054365,174,44.957
9.5722,0.82501,170,45.031
10.697,1.1986,166,44.684
11.872,1.1865,166,46.156
13.388,1.723,169,47.198
13.694,1.5495,155,43.807
13.011,0.96582,160,45.833
12.838,0.65744,164,45.858
12.802,0.94854,170,46.073
12.832,0.8058,169,45.974
12.879,0.99736,174,45.486
12.984,0.88771,179,46.321
12.841,0.96473,177,46.048
12.844,0.94358,179,46.321
12.931,0.90258,177,47.752
12.722,0.93724,178,46.04
12.825,0.99821,176,46.23
12.857,1.0547,173,46.619
13,0.8468,182,46.784
12.98,0.94286,178,46.321
12.832,0.92921,175,45.858
12.449,1.2832,180,45.304
12.571,1.2875,181,46.156
13.121,1.616,182,47.744
13.944,1.3678,186,48.604
13.506,0.9402,182,48.389
12.732,0.40356,181,47.19
11.546,0.38457,176,45.974
11.022,0.34219,174,46.834
11.277,1.1942,172,46.131
12.345,1.4522,171,47.686
13.428,1.2472,177,45.792
13.777,-0.031586,164,44.287
13.766,-0.9691,170,46.28
14.545,-1.617,164,44.866
14.488,-2.3353,162,45.809
13.764,-3.3522,165,45.809
14.049,-3.5582,165,44.196
13.343,-2.0896,167,44.874
11.965,-1.2261,161,44.312
10.997,-0.40535,155,44.014
10.171,1.4243,159,44.022
10.419,2.3516,161,45.147
10.357,3.5565,161,45.048
9.9186,5.0475,163,44.171
10.274,4.8942,163,45.891
10.693,4.8189,158,44.725
10.642,6.7113,158,46.09
10.925,8.2104,159,47.496
11.266,9.7511,162,45.701
11.572,11.174,157,46.545
12.364,12.902,165,46.917
13.509,14.199,165,46.909
12.744,14.403,157,46.082
12.431,12.935,161,44.659
12.296,12.194,156,43.534
11.324,13.86,160,43.923
9.4703,14.887,157,43.65
7.9334,14.926,151,42.029
6.8208,15.522,151,41.574
5.5514,15.947,144,41.384
3.8323,15.963,147,40.995
2.0653,16.155,144,40.35
0.69974,17.203,137,39.995
2.0096,18.019,133,39.052
1.771,17.878,139,39.614
1.9864,18.476,151,40.706
1.8208,18.383,151,41.475
1.8373,18.21,159,42.029
1.8688,18.122,159,41.847
1.8894,18.325,162,42.955
1.8709,18.196,162,42.608
1.7968,18.27,162,42.302
1.8059,18.28,159,42.31
1.795,18.225,164,42.484
1.7089,18.102,166,43.344
1.7536,18.146,162,42.219
1.7029,18.307,166,43.534
1.7492,18.67,169,43.625
1.6371,18.529,173,43.89
1.5789,18.392,172,44.287
1.3329,18.979,171,44.287
0.83859,19.603,179,46.644
0.99922,20.417,174,44.75
1.0236,21.328,176,45.784
0.2273,21.269,178,45.42
-0.72562,20.821,171,43.824
-1.2892,19.891,177,44.742
-1.287,18.628,171,44.858
-0.52194,18.549,170,44.014
-0.0084942,18.461,175,46.479
-0.019923,18.804,175,46.553
-0.59686,18.06,167,45.701
-1.5434,17.202,177,46.644
-2.0367,16.527,178,47.388
-2.469,15.254,170,45.767
-3.5742,14.349,166,46.644
-4.8574,14.699,166,45.04
-6.4632,15.06,161,44.494
-8.1668,15.638,168,46.371
-9.8855,16.252,161,44.965
-10.714,16.853,160,43.435
-11.192,18.435,157,42.492
-11.945,18.595,155,42.583
-11.608,19.553,156,44.378
-12.048,21.395,158,45.048
-12.978,22.819,158,45.164
-13.832,24.694,156,44.403
-14.241,26.281,163,44.75
-14.462,27.656,154,42.972
-13.987,29.615,162,42.972
-14.381,30.572,166,43.923
-15.295,30.764,159,42.972
-15.95,32.206,157,43.642
-17.744,32.92,158,43.27
-18.902,34.351,158,42.699
-19.473,34.559,156,43.758
-19.874,36.304,155,41.665
-20.495,35.976,146,40.16
-21.397,35.954,152,42.724
-23.124,35.582,145,41.31
-24.967,33.899,156,44.006
-25.983,32.375,152,43.369
-27.227,30.726,153,44.792
-28.945,29.359,150,44.295
-29.264,27.685,160,44.113
-29.442,25.721,154,42.054
-28.558,23.778,160,44.122
-28.536,21.69,157,42.542
-28.946,19.275,153,41.963
-29.206,17.085,158,43.642
-29.358,17.282,162,43.733
-29.681,16.855,161,44.684
-30.682,15.344,151,41.475
-31.358,13.903,148,40.739
-32.025,12.086,141,40.259
-32.873,11.646,136,39.722
-32.421,11.553,129,38.944
-32.351,10.693,132,40.367
-33.801,12.196,129,39.234
-33.988,12.875,132,38.382
-34.072,12.962,136,40.549
-33.987,13.015,140,40.185
-34.139,12.812,146,40.83
-33.966,12.944,148,41.5
-33.848,13.024,147,41.384
-33.907,13.066,153,41.475
-33.591,13.212,150,41.599
-33.685,13.213,156,41.963
-33.7,13.018,149,42.906
-33.572,13.137,154,42.244
-33.603,12.971,159,42.335
-33.592,12.768,158,42.691
-33.358,12.416,157,42.426
-32.781,11.884,149,41.012
-33.1,11.02,155,42.997
-33.851,10.875,162,42.236
-34.99,10.765,166,43.46
-35.322,11.596,168,44.378
-34.932,12.707,167,44.403
-33.979,13.414,161,42.418
-32.922,13.239,156,41.384
-32.111,12.399,162,42.509
-32.723,11.548,164,42.972
-33.294,10.508,156,41.26
-32.512,9.6215,162,42.583
-31.685,9.0478,165,43.832
-32.058,10.21,167,44.188
-32.122,11.619,161,42.517
-32.396,12.861,156,42.112
-32.491,14.327,165,44.295
-33.412,15.711,166,45.048
-34.796,16.118,173,44.568
-36.388,16.211,165,44.295
-37.832,16.825,158,44.428
-39.018,16.126,168,45.982
-38.526,15.647,160,45.304
-37.083,15.941,160,46.181
-35.225,15.977,158,45.834
-33.489,15.922,153,43.46
-31.358,16.989,157,45.147
-30.553,18.475,159,42.724
-29.45,19.735,163,43.94
-28.363,20.557,167,45.147
-28.026,22.553,160,43.716
-28.061,24.479,162,45.147
-28.25,26.351,158,43.65
-27.52,28.247,154,43.071
-26.596,29.383,151,41.566
-25.469,29.646,162,45.147
-24.62,31.206,164,46.454
-22.918,32.861,166,45.908
-21.321,34.017,163,45.122
-21.043,35.38,159,43.46
-20.993,37.183,162,44.088
-20.514,38.729,166,44.262
-20.455,37.859,155,43.071
-19.822,36.543,153,41.384
-19.498,36.206,157,42.889
-19.923,35.858,168,44.378
-19.97,35.506,173,45.329
-20.049,35.467,172,45.304
-20.035,35.394,177,45.494
-19.984,35.394,177,47.198
-20.087,35.162,178,46.528
-20.002,35.28,183,46.346
-20.11,35.28,178,46.255
-20.047,35.265,181,46.255
-20.132,35.072,182,46.925
-20.289,34.936,191,48.05
-20.283,34.945,189,47.388
-20.115,35.57,195,49.067
-19.939,35.557,194,48.306
-20.013,34.608,183,47.297
-19.335,33.909,184,46.735
-18.813,32.61,184,46.553
-19.268,32.105,180,46.346
-19.873,32.869,182,45.701
-20.55,33.088,186,46.9
-20.604,34.165,182,46.9
-19.843,35.398,187,47.686
-19.186,36.986,175,45.908
-18.306,37.444,175,45.792
-17.279,37.251,179,47.124
-16.116,38.147,174,46.851
-15.039,39.176,173,45.602
-13.917,39.888,168,45.139
-12.828,40.376,168,46.297
-11.227,41.386,169,45.784
-10.346,42.555,172,47.314
-9.1537,44.096,167,47.008
-7.8165,45.374,172,48.72
-6.3054,47.055,174,49.655
-5.518,48.618,174,47.124
-4.8196,50.315,173,47.984
-4.6542,52.484,175,47.678
-3.9324,54.413,179,47.562
-3.8427,55.309,173,44.684
-2.2068,55.283,166,44.105
-1.1255,54.349,155,41.682
-1.6936,53.877,149,41.012
-1.4176,54.026,151,41.798
-1.8273,53.891,166,44.221
-2.1379,53.847,178,45.726
-2.3294,53.687,182,47.777
-2.3062,53.931,177,45.718
-2.3406,53.836,186,47.033
-2.3785,53.697,184,46.073
-2.396,53.726,179,46.942
-2.509,53.735,184,45.602
-2.427,53.721,185,46.09
-2.6607,53.564,181,46.388
-2.604,53.389,186,46.76
-2.4724,53.919,190,47.579
-2.495,53.593,188,48.348
-2.6255,53.427,186,46.834
-2.3149,53.609,192,47.595
-1.7303,54.135,190,46.735
-1.1157,54.784,191,46.735
-0.67596,55.559,191,47.016
-0.42389,55.269,193,46.925
0.082511,54.363,189,46.718
0.61181,53.404,190,49.911
0.38958,52.652,193,48.05
-0.54921,52.404,187,46.338
-1.3461,51.848,192,46.255
-0.36739,51.762,187,45.883
-0.23771,53.021,176,44.75
0.83362,54.656,173,44.659
1.3846,55.555,178,47.479
2.9209,55.611,180,47.38
4.4332,56.696,181,48.232
4.7915,57.836,182,52.202
6.9459,58.975,185,50.126
8.8959,59.578,182,50.2
10.248,60.794,187,50.961
11.265,62.326,185,50.291
12.043,64.112,175,47.231
11.927,65.39,176,47.976
12.043,67.278,175,47.868
13.063,69.138,181,47.587
14.178,71.301,170,47.405
14.847,72.066,161,45.528
14.781,70.714,159,45.321
14.745,70.434,166,44.295
14.284,70.05,181,46.437
14.08,69.835,181,46.619
14.053,69.689,188,47.843
13.968,69.569,191,48.794
13.786,69.475,196,48.794
13.713,69.271,186,48.025
13.428,69.056,186,48.149
13.397,69.104,187,47.198
13.408,69.192,183,47.661
13.429,69.154,182,48.05
13.076,68.572,178,46.619
13.057,68.42,181,46.528
12.911,68.127,183,46.156
12.859,68.629,185,46.983
12.994,69.48,191,47.38
12.659,69.383,190,47.959
11.991,68.452,187,47.562
11.024,68.061,181,46.462
10.302,68.351,179,45.908
10.494,69.402,188,47.314
10.268,70.712,189,47.099
10.485,71.569,189,47.471
11.724,71.922,186,47.678
13.303,72.108,194,48.819
14.132,72.98,184,47.951
15.643,73.37,181,49.084
17.199,73.381,178,47.38
18.483,74.181,175,46.09
19.843,75.283,180,48.24
21.149,75.974,174,49.456
22.879,76.796,174,48.976
24.746,77.802,174,48.786
26.763,78.832,175,48.786
28.4,80.35,173,49.894
29.319,81.523,173,47.297
28.61,80.365,157,45.585
28.446,80.115,163,46.545
28.412,80.159,173,46.925
28.067,80.066,177,48.24
28.115,80.123,178,47.777
28.093,80.005,180,48.331
27.782,79.733,180,47.107
27.799,79.837,179,48.414
27.85,79.798,179,47.107
27.649,79.775,182,49.845
27.627,79.663,186,48.24
27.829,79.706,183,47.777
27.895,79.772,183,47.686
27.75,79.79,177,47.107
27.61,79.772,183,47.934
27.143,79.333,184,48.149
27.294,79.175,175,45.395
27.522,79.764,182,45.883
28.286,79.877,179,45.304
28.865,80.322,176,46.131
28.05,80.834,172,44.08
26.949,80.881,173,44.783
26.298,80.208,177,46.272
26.637,79.422,177,45.238
27.991,78.978,181,45.056
28.485,79.422,183,47.678
28.317,80.707,181,45.974
27.308,81.987,176,46.644
25.959,82.434,177,46.917
25.143,83.347,178,46.851
24.487,83.692,179,48.058
24.887,83.996,172,46.553
24.502,84.055,171,46.181
24.053,85.03,168,44.75
23.984,85.389,167,45.908
23.442,87.238,169,45.908
21.913,89.196,170,45.238
20.75,91.149,168,44.204
18.775,92.721,174,45.519
17.442,93.262,174,45.42
15.958,93.533,178,47.777
16.851,94.721,168,46.454
16.405,97.251,168,45.602
15.957,99.657,159,42.898
15.031,101.76,170,44.006
13.488,103.63,162,43.948
11.903,104.44,169,43.576
9.8668,105.68,165,43.204
7.4781,106.57,170,43.832
7.1021,106.34,172,45.081
5.5126,106.97,169,44.105
3.6701,107.22,140,39.217
3.088,107.68,86,29.756
3.7599,107.22,64,25.282
3.9987,107.43,56,23.785
3.7111,108.04,65,25.927
3.3952,108.72,83,29.475
3.407,109.16,105,33.42
2.9934,108.88,111,35.504
2.6951,108.61,112,35.388
2.7321,108.2,111,35.297
2.7995,109.39,104,33.676
2.7338,109.67,96,32.295
3.7326,109.95,83,31.187
4.2455,109.45,73,27.614
4.7442,108.85,64,26.597
5.2331,109.31,62,26.018
5.5735,109.15,69,26.663
5.8944,109.11,62,24.91
6.3138,108.9,62,26.117
6.7259,108.75,58,24.157
6.5425,108.22,66,25.927
6.0795,108.21,59,25.034
5.0166,108.1,63,26.597
3.9778,107.77,59,24.521
2.7943,108.86,63,26.688
2.7626,110.46,63,26.233
4.1277,111.62,63,25.381
6.379,111.01,67,26.39
7.4005,110.19,64,25.836
7.6974,110.52,64,25.745
8.5047,110.49,60,25.398
8.8849,111.74,64,25.464
9.213,113.63,64,25.745
8.9516,115,66,26.233
8.6041,115.53,62,25.472
8.6349,116.29,64,26.225
9.2308,116.46,70,27.151
9.4062,116.54,66,26.233
9.6188,116.93,65,25.927
10.08,116.99,63,25.836
10.302,117.24,63,25.166
11.096,117.19,63,25.745
11.427,117.32,62,25.563
11.62,117.48,62,25.77
11.459,117.45,70,29.5
11.921,117.59,66,27.151
12.197,117.57,69,27.242
12.037,117.42,69,27.523
11.689,117.5,69,27.267
11.484,118.16,67,27.54
11.835,118.56,73,28.764
12.31,118.84,72,28.4
12.858,119.19,74,28.284
13.588,119.22,76,29.02
13.985,119.59,73,28.466
14.718,119.88,77,28.929
16.173,120.29,82,29.508
17.149,121.03,82,30.335
17.921,121.3,81,30.815
18.509,121.76,76,29.293
18.87,122.4,78,29.409
19.351,122.68,76,28.466
19.443,123.1,76,28.375
19.698,123.45,73,28.656
20.473,123.79,78,29.392
20.319,124.1,78,29.971
20.081,123.9,75,28.582
20.037,123.63,78,29.599
20.075,123.59,78,28.929
20.525,123.79,80,30.145
20.485,123.7,78,29.111
20.738,124.13,80,29.111
20.648,124,83,29.384
19.913,123.64,83,29.971
19.77,123.79,77,29.301
19.5,123.88,80,29.574
19.809,123.98,77,28.375
19.575,124.13,79,29.119
19.744,124.02,77,28.557
19.539,124.08,82,29.483
19.405,123.9,82,29.69
19.267,123.99,84,29.872
19.317,124,85,29.872
19.371,123.94,83,30.062
19.317,124,85,29.872
19.326,124.03,84,29.69
19.258,123.95,88,30.517
19.374,123.94,84,30.517
19.262,123.92,86,30.517
19.332,123.86,86,32.601
19.379,123.93,86,31.187
19.453,123.84,89,31.096
19.267,124.05,84,30.153
19.204,124.26,86,30.616
18.945,124.39,84,30.451
19.071,124.67,87,31.195
18.948,124.62,86,30.823
18.829,124.21,83,29.599
19.17,124.1,79,29.318
20.212,123.77,85,30.145
20.816,123.91,79,28.648
20.925,123.28,80,29.69
21.362,123.28,84,30.037
21.986,123.27,83,30.335
22.271,123.1,82,30.335
22.838,122.47,92,31.832
22.655,122.81,90,31.741
22.6,122.86,85,30.451
22.372,122.93,88,31.187
22.19,123.17,83,30.451
22.471,122.97,77,29.07
21.891,122.52,76,28.094
21.912,122.52,74,29.98
22.004,122.49,77,29.227
21.921,122.29,81,30.914
21.724,122.39,81,30.724
21.946,122.5,81,30.261
21.868,122.56,82,30.36
21.677,122.44,79,30.087
21.889,122.45,83,30.732
21.764,122.6,85,30.732
21.6,122.51,81,30.269
21.75,122.46,80,30.17
21.624,122.57,84,30.633
21.588,122.61,85,32.13
21.479,122.57,92,33.9
21.373,122.33,93,33.544
21.011,122.19,97,34.007
21.057,121.91,96,34.164
20.886,121.52,94,34.272
21.296,121.11,96,34.098
21.4,120.6,101,35.603
21.658,119.95,100,34.76
22.007,119.21,105,35.413
22.654,118.28,122,38.498
23.94,117.24,142,41.5
25.5,115.78,148,43.584
27.995,114.08,150,42.79
30.523,113.21,154,43.46
32.945,112.8,154,44.378
35.391,112.88,152,44.221
37.772,113.18,152,43.915
40.184,112.41,156,44.775
42.626,112.97,157,43.981
45.28,113.86,156,44.775
47.175,115.55,155,45.354
49.226,117.41,152,44.676
51.413,119.02,154,44.676
52.825,121.26,156,44.502
52.621,123.5,153,42.98
52.476,125.12,152,42.534
51.398,125.89,158,44.221
52.046,125.89,155,46.206
50.085,125.39,153,43.824
47.865,123.81,155,45.329
45.655,122.56,150,44.866
43.406,121.9,154,44.94
42.307,122.83,146,43.137
39.879,124.25,148,43.253
38.623,124.27,144,41.202
35.303,124.34,144,42.244
33.338,126.01,140,41.103
31.972,127,146,42.815
31.238,126.9,143,40.764
30.938,129.94,140,39.887
32.241,130.77,144,41.078
35.264,132.54,148,41.756
36.336,135.25,147,41.293
38.184,137.66,151,41.202
37.874,140.33,147,41.078
37.475,141.38,133,39.432
36.675,141.45,126,38.01
36.728,141.69,129,37.828
36.682,141.76,138,39.614
36.609,141.52,143,39.73
36.622,141.55,145,42.162
36.616,141.49,145,39.912
36.392,141.47,148,40.648
36.426,141.31,148,40.648
36.365,141.3,148,40.466
36.404,141.43,147,40.747
36.145,141.23,149,40.747
35.94,141.28,145,40.251
35.752,140.87,152,43.27
35.887,140.63,154,41.938
35.654,140.61,151,43.179
35.197,141.06,151,40.524
35.548,141.91,151,41.26
34.936,142,155,41.938
34.457,141.47,153,42.029
33.511,141.29,155,42.302
33.454,142.22,157,41.748
33.919,143.31,160,42.401
34.689,144.19,159,42.219
35.678,143.72,156,42.79
36.287,143.83,156,42.12
34.561,144.03,151,42.418
32.751,144.02,153,44.122
32.192,142.64,149,41.566
31.391,141.38,152,41.359
32.863,141.47,149,40.871
34.809,142.4,145,40.226
36.622,143.12,148,42.426
38.726,143.42,145,41.384
40.037,144.04,156,42.12
41.034,145.12,157,43.824
42.45,147.15,159,43.526
43.112,149.13,166,46.065
43.588,151.75,162,43.782
43.98,153.88,166,44.386
43.413,156.5,154,42.418
42.156,159.1,148,41.111
41.311,161.75,148,40.458
40.831,164.56,144,41.227
42.052,164.03,138,39.904
42.469,164.21,143,40.367
41.98,164.23,143,39.424
41.93,164.11,152,41.194
41.913,164,154,41.558
41.84,163.59,163,42.244
41.72,163.56,167,43.642
41.74,163.58,164,43.344
41.625,163.6,162,44.221
41.557,163.59,164,44.494
41.467,163.5,165,42.608
41.781,163.5,166,43.435
41.688,163.44,170,44.196
41.326,163.43,168,43.642
40.871,163.05,166,43.071
40.846,163.16,159,42.244
41.135,163.53,170,44.543
41.274,163.27,169,45.147
41.109,163.26,167,43.642
40.505,163.13,168,43.592
40.37,164.19,170,45.635
41.097,165.28,167,43.923
41.533,166.43,165,44.006
42.293,167.59,166,43.071
43.227,167.92,166,44.113
44.076,167.05,166,43.162
45.533,167.51,164,44.105
45.896,168.57,169,45.602
47.546,168.96,167,45.991
49.04,169.92,168,45.329
49.927,171.12,168,46.644
51.539,172.23,164,44.568
52.332,173.87,160,45.048
52.827,175.65,155,43.733
52.575,176.9,156,44.014
51.85,175.96,149,44.287
49.876,175.17,146,40.896
47.812,174.13,156,44.196
47.055,173.3,152,42.716
47.931,173.89,137,39.722
48.89,173.95,139,41.401
49.308,174.29,143,40.549
49.33,174.2,151,42.319
49.161,174.16,157,42.972
49.302,174.07,154,42.608
49.221,173.98,158,42.244
49.123,173.81,155,42.236
48.946,173.55,159,42.699
48.675,173.46,160,43.923
48.122,173.39,161,42.426
47.519,173.18,160,42.98
46.999,173.23,158,41.756
47.335,173.8,154,43.245
46.832,174.06,164,42.972
46.112,174.15,164,42.98
45.219,174.35,160,42.393
44.656,175.07,161,42.418
44.921,175.84,168,44.568
46.115,175.82,169,44.055
47.676,175.06,159,43.617
49.12,175.5,154,43.94
49.866,176.89,158,43.898
51.421,176.98,162,44.105
52.835,177.77,154,42.608
54.608,178.63,149,41.566
55.851,179.07,156,42.12
56.45,180.38,159,43.923
58.25,181.31,157,43.832
59.809,182.74,154,42.211
60.956,183.51,152,43.551
62.615,184.81,148,40.739
62.776,185.92,149,40.83
63.184,187.77,146,42.162
63.581,189.93,142,39.912
63.789,191.02,154,43.485
64.286,193.26,149,42.145
64.561,195.77,151,43.46
63.684,197.47,156,43.733
62.32,197.88,149,42.029
60.924,199.22,149,43.824
59.438,201.42,153,43.832
57.997,203.88,154,42.79
56.554,206.34,148,42.881
54.983,208.56,147,43.179
53.303,210.67,151,42.236
51.295,212.73,157,42.972
48.934,213.08,153,41.384
46.326,213.32,149,40.83
43.702,213.14,149,41.955
42.298,211.05,145,40.739
40.919,208.55,148,41.409
39.237,205.93,148,40.83
39.754,203.67,145,40.64
40.486,203.57,147,41.558
40.71,203.62,148,41.111
41.362,204.02,146,40.83
41.367,203.71,131,38.506
39.963,204.66,136,39.052
39.624,205.83,138,40.458
40.085,205.65,153,42.327
40.152,205.66,156,42.145
40.335,205.85,158,43.088
40.413,206.28,160,43.46
40.668,206.79,163,43.749
40.923,207.33,170,45.792
41.283,207.36,167,46.008
41.545,207.4,163,45.627
41.471,207.08,162,44.039
41.804,207.29,162,44.312
42.509,207.48,164,43.559
43.115,208.06,165,44.783
43.829,208.05,162,43.46
43.961,207.75,161,42.591
43.478,207.16,163,44.006
42.481,207.23,168,43.278
41.393,207.65,174,45.536
40.806,208.69,170,43.923
40.741,209.84,170,43.46
40.431,210.97,166,44.891
39.177,210.87,163,43.642
37.849,210.7,165,45.048
36.96,210.23,164,44.113
36.305,209.29,166,43.642
34.952,208.46,165,43.435
33.381,208.18,164,43.137
31.968,207.77,163,43.559
30.894,207.88,160,43.46
30.296,206.93,161,43.94
31.032,207.48,153,41.872
32.202,208.22,153,41.847
32.827,208.23,155,41.549
35.081,208.88,150,41.334
35.213,209.71,152,41.566
38.496,210.22,152,42.492
41.341,211.22,154,41.963
43.795,213.2,150,42.906
44.876,215.47,156,42.12
46.83,217.89,153,43.063
48.235,220.69,156,42.401
49.843,223.02,161,43.162
51.683,224.1,148,40.805
53.024,226.41,149,40.805
53.11,227.2,134,38.448
53.15,226.58,137,39.424
53.659,226.16,140,39.697
53.266,225.97,149,41.781
53.104,225.87,157,42.699
53.191,225.69,156,41.665
53.206,225.66,157,41.574
53.033,225.22,155,42.128
52.866,224.74,158,42.583
52.575,224.4,154,42.36
52.646,223.94,155,41.64
52.329,223.55,162,44.204
52.16,223.08,152,41.45
51.991,222.52,159,42.426
52.021,222.58,157,42.881
52.062,222.94,152,43.344
52.433,223.11,155,42.881
53.15,222.58,162,42.98
54.07,222.52,164,43.27
53.984,222.12,169,44.378
53.044,222.41,169,44.014
52.107,222.98,160,42.691
52.63,223.79,166,43.278
53.917,224.67,161,42.881
53.917,226.12,152,42.418
54.871,225.49,159,42.418
55.35,223.78,147,40.069
56.078,222.46,153,41.384
57.242,222.09,153,42.608
59.407,221.83,155,44.221
61.809,222.1,154,43.46
63.711,221.94,154,44.386
65.729,222.79,156,44.75
68.054,223.45,148,43.989
69.824,224.76,148,42.244
71.693,226.06,153,42.881
73.781,227.71,150,41.475
75.15,228.94,146,40.64
76.414,230.73,144,41.012
77.429,233.07,145,40.64
78.123,234.97,142,39.887
77.428,234.82,144,40.069
78.877,234.38,135,40.276
79.012,233.86,139,39.234
79.022,234,145,39.796
78.665,233.87,155,41.202
78.745,233.75,153,41.872
78.708,233.72,158,42.153
78.483,233.67,152,40.83
78.366,233.72,153,41.384
78.377,233.65,152,40.83
78.209,233.76,161,42.724
78.12,233.73,156,42.054
77.952,233.79,154,41.384
77.881,233.79,157,43.948
77.653,234.33,155,42.244
77.297,235.23,151,41.293
77.261,236.4,153,41.012
77.224,236.85,151,40.83
77.333,236.34,153,41.012
77.721,235.62,150,40.805
77.458,234.45,154,42.335
76.484,234.33,154,42.228
75.588,235.16,158,42.219
75.524,236.12,156,41.756
74.282,236.48,157,41.657
74.19,237.34,161,42.517
74.822,238.37,158,43.551
75.943,239.41,155,41.864
76.723,240.65,155,42.145
76.107,241.43,154,41.963
75.726,243.03,152,43.832
76,245,148,42.112
76.588,246.55,149,41.93
77.793,247.58,146,42.492
78.479,249.27,147,41.574
79.517,250.6,140,39.515
80.741,251.47,144,41.202
82.461,252.44,142,40.251
82.93,254.38,146,42.815
83.622,254.93,145,41.384
84.998,257.27,144,40.342
84.731,258.95,140,41.128
83.748,259.14,144,40.185
82.154,260.28,143,41.682
79.883,262.22,139,40.185
77.532,262.28,143,41.475
74.924,263.4,143,41.591
72.488,263.56,140,40.16
71.376,264.46,99,33.999
71.706,264.21,68,27.73
71.588,264.03,86,30.55
70.946,263.72,109,35.595
71.155,263.29,120,36.24
71.145,263.42,122,36.422
71.104,263.2,124,36.703
71.045,263.06,127,36.794
71.131,263.19,129,38.192
71.119,263.13,128,37.464
71.034,263.14,130,37.439
71.027,263.09,132,37.712
71.223,262.78,137,39.242
71.491,262.79,144,40.069
71.454,262.58,142,39.242
71.324,262.83,140,39.978
71.414,262.57,144,39.614
71.818,263.07,152,41.5
72.248,263.43,156,41.566
73.002,263.06,157,42.492
73.421,262.49,162,43.741
73.423,261.95,158,42.12
73.409,262.81,162,42.302
72.32,263.14,153,41.293
71.435,262.54,144,41.409
71.848,261.72,150,41.293
72.451,260.79,146,41.682
72.602,260.84,144,40.458
71.017,261.81,140,39.424
69.61,263.04,138,40.003
69.214,263.28,139,39.052
68.41,263.78,135,38.754
66.633,265.65,134,38.936
64.896,265.95,143,39.672
63.343,267.76,143,39.97
62.006,269.19,153,42.236
61.954,270.89,145,43.088
61.313,272.27,142,41.475
61.112,273.97,143,40.929
59.889,275.93,143,41.086
57.95,277.26,138,39.49
56.088,278.24,142,40.259
53.884,280,142,39.887
51.941,281.28,136,38.87
51.154,283.61,129,37.927
52.84,284.43,127,38.68
52.564,284.22,126,37.257
53.11,283.74,134,38.192
53.469,283.45,143,39.705
53.443,283.36,145,39.978
53.453,282.93,148,42.029
53.478,283.01,146,42.691
53.314,282.82,146,40.995
53.316,282.64,147,41.657
53.171,282.55,151,42.029
53.004,282.45,149,42.211
53.039,282.45,153,41.566
52.875,282.39,150,42.029
52.4,281.93,149,41.665
51.93,281.35,155,41.483
51.243,281.23,148,41.5
50.512,281.18,157,41.913
50.034,281.87,157,42.699
50.229,282.47,156,42.881
50.992,283.62,151,41.682
52.349,283.52,155,41.756
53.333,284.45,153,41.665
52.702,285.56,149,41.012
51.574,285.62,146,42.997
53.225,284.92,146,40.623
55.04,284.44,146,40.623
55.369,285.55,146,41.31
56.937,286.38,146,40.739
58.699,287.08,144,40.549
59.843,288.6,145,42.054
61.114,290.02,135,40.549
61.449,291.46,108,36.604
61.963,293.62,142,40.648
61.424,295.65,146,40.714
59.911,297.19,138,40.929
59.098,296.24,143,41.194
58.574,297.22,146,42.906
59.288,300.38,138,41.128
60.694,302.46,138,39.705
61.454,305.03,133,39.813
62.531,306.64,136,40.367
61.371,304.68,134,41.31
60.984,302.2,131,40.16
61.297,298.54,131,39.978
61.244,295.09,135,41.475
60.468,292.11,134,39.027
58.895,293.36,132,40.251
56.5,295.31,137,40.226
54.171,296.98,137,39.424
51.73,297.5,138,39.217
49.162,300.04,135,40.251
45.723,300.21,138,39.796
42.091,300.86,137,38.754
39.781,299.1,138,38.845
36.816,297.76,140,39.953
35.357,296.14,143,40.648
33.776,294.45,147,40.16
33.876,291.58,146,40.83
33.654,290.14,147,40.946
34.073,290.59,135,39.904
35.394,292.34,141,41.492
36.013,292.53,142,39.904
35.845,292.73,152,41.566
35.802,292.85,155,42.98
35.954,293.03,157,41.657
35.905,293.04,158,42.327
35.819,293.29,161,42.98
35.952,293.54,156,42.236
35.76,293.6,156,43.733
36.04,293.74,155,42.509
36.09,293.73,153,42.815
36.11,294.05,154,42.335
36.102,294.17,158,42.517
36.324,294.29,156,42.236
36.635,294.84,152,41.864
36.913,295.34,153,42.608
37.633,295.98,161,43.369
37.434,296.79,161,42.906
37.569,297.69,162,43.063
36.75,298.18,159,41.748
35.824,298,165,44.593
35.134,298.72,166,44.502
36.013,299.61,162,43.071
36.126,301.26,157,41.872
35.741,302.43,160,44.411
35.595,301.78,161,43.551
34.138,300.72,156,44.039
32.079,300.58,150,42.335
30.239,300.38,148,41.475
28.24,300.57,152,42.401
26.681,299.75,152,45.23
24.57,299.94,148,45.048
25.134,299.56,151,41.756
25.602,300.94,137,38.564
25.412,302.52,144,41.21
24.752,304.7,138,39.308
25.041,306.56,142,40.466
23.245,308.85,142,41.583
21.573,311.01,140,40.276
19.698,311.03,146,41.599
17.067,310.6,146,40.557
16.759,310.11,146,43.642
15.759,309.8,138,40.929
16.119,312.01,129,38.473
15.938,312.34,137,39.242
16.252,312.31,144,40.648
16.393,312.39,150,41.194
16.325,312.25,152,41.293
16.571,312.27,154,42.335
16.769,312.04,151,41.69
16.608,312.02,149,41.69
16.87,311.95,154,42.699
16.769,311.76,151,40.921
16.743,311.76,151,41.483
16.825,311.69,145,40.094
16.779,311.61,152,42.054
16.869,311.73,151,41.773
16.443,311.62,147,40.458
16.246,311.11,151,43.493
15.542,310.75,156,42.509
14.775,311.08,161,42.236
14.546,312.34,157,41.963
15.387,313.29,149,41.864
16.773,312.88,146,40.615
18.233,313.17,151,41.293
17.892,313.86,147,40.458
17.692,312.23,141,40.946
16.802,310.32,138,40.276
15.81,308.23,147,41.219
15.903,306.01,146,41.69
15.871,303.71,152,42.997
16.979,302.5,157,43.832
17.886,300.25,158,44.411
19.279,298.01,156,42.327
20.247,297.12,158,42.782
21.565,297.93,154,41.847
21.159,299.91,150,41.177
21.485,301.83,151,40.714
21.739,300.95,146,41.963
22.93,300.06,140,40.268
22.724,300.15,131,38.473
23.814,300.61,135,39.515
22.954,300.9,138,39.614
22.54,300.96,146,41.384
22.419,301.29,157,44.403
22.233,301.88,152,41.475
21.799,302.46,150,41.566
21.319,302.92,152,42.418
21.003,303.72,156,42.426
20.595,304.5,149,41.872
21.052,304.86,154,43.551
21.032,305.43,154,41.847
20.931,306.36,158,43.733
21.044,307.16,153,41.756
21.532,307.34,158,42.054
22.222,307.64,158,42.699
22.69,306.62,158,41.665
22.055,305.94,166,43.741
21.373,307.09,159,43.27
20.946,308.78,153,41.963
20.5,308.95,154,41.5
21.414,308.58,156,44.221
23.412,309.19,151,41.864
25.21,309.59,143,40.458
26.777,310.48,141,40.325
27.557,310.58,141,40.532
29.252,311.13,144,41.004
29.863,311.95,139,40.731
28.259,313.2,133,39.234
27.572,314.38,134,39.234
27.793,316.88,129,38.39
27.105,319.1,124,36.786
27.381,321.04,122,37.373
27.419,323.11,118,36.331
27.446,325.69,122,38.316
28.627,328.05,108,37.373
30.142,329.92,105,36.24
30.142,329.92,105,36.24
