0,-0,100,34.164
1.165,-0.25068,103,34.28
2.2396,-0.34625,96,33.453
3.0194,-0.48369,103,33.618
4.2818,-1.0855,110,36.885
5.725,-1.1067,120,39.978
6.9845,-0.9245,129,40.044
8.5177,-0.23787,141,45.511
9.6056,0.68676,142,45.213
11.693,1.7201,153,47.479
12.914,1.1718,152,47.454
13.374,0.16204,147,44.725
13.167,-0.3759,156,47.446
11.064,0.088571,140,40.896
9.8552,1.1979,145,41.665
9.0738,2.6707,149,42.699
8.5782,4.5702,147,42.98
7.7945,6.3545,146,43.361
6.8933,8.4333,150,42.765
5.8759,9.7428,145,45.238
4.8027,11.148,147,43.989
3.6389,12.414,144,45.23
2.8129,13.7,139,44.13
1.5703,14.037,128,40.367
0.59829,13.855,117,37.092
-0.24272,13.507,103,34.28
-1.3505,12.792,97,33.999
-1.6024,12.012,83,29.847
-2.2125,12.523,80,28.648
-2.3038,12.414,79,28.557
-2,12.774,77,29.045
-2.2237,12.323,76,29.781
-2.0875,12.472,80,29.318
-2.1585,12.511,82,29.5
-2,12.566,81,30.451
-2.1081,12.574,74,28.681
-1.963,12.529,81,29.417
-1.988,12.65,83,29.69
-1.9024,12.426,82,29.318
-2.175,12.398,80,29.624
-2,12.453,84,29.5
-2.1566,12.494,83,30.633
-2.3205,12.573,78,28.557
-2.4568,12.603,81,28.929
-3.4302,12.165,86,33.337
-3.8889,12.582,90,35.876
-3.48,12.473,75,29.318
-3.325,12.472,80,28.747
-2.9231,12.791,78,28.929
-2.3415,12.987,82,30.815
-2.1264,13.198,87,31.17
-2.4659,13.844,88,31.187
-3.4516,13.727,93,31.65
-4.1957,13.636,92,33.329
-4.3444,13.238,90,33.172
-4.8391,12.439,87,30.798
-5.2093,11.746,86,30.823
-5.5227,11.901,88,30.707
-5.4667,12.527,90,33.999
-6.0319,12.943,94,32.204
-6.4854,13.41,103,34.677
-6.2157,14.04,102,33.908
-6.6283,14.733,113,37.001
-7.3103,15.405,116,37.952
-7.712,16.324,125,40.673
-8.0082,16.601,122,39.416
-7.8934,16.322,122,38.986
-7.0167,15.76,120,38.49
-5.5172,15.181,116,37.555
-4.4,14.524,125,37.166
-2.7218,14.609,133,39.697
-1.6573,14.235,143,41.219
-0.40559,13.228,143,40.251
1.8514,13.094,148,41.566
3.2569,12.734,144,41.012
4.7368,12.014,152,41.781
5.2484,12.47,161,44.659
6.5385,11.936,169,46.371
8.5361,11.277,166,46.173
8.1429,10.613,161,43.857
8.25,7.7978,164,45.312
7.6438,5.7037,160,45.999
7.7853,3.06,163,48.348
7.9877,0.38515,163,45.395
6.6375,-2.1962,160,44.568
5.7273,-5.1764,165,46.28
5.4269,-9.4722,171,49.001
5.5114,-13.457,176,51.052
6.0058,-16.267,171,50.424
5.8976,-17.452,166,55.477
4.5229,-17.777,153,48.877
3.3766,-17.661,154,44.039
2.4062,-16.315,160,47.041
2.2959,-12.904,169,48.042
2.5,-10.41,166,47.198
3.8848,-9.443,165,45.238
6.4568,-9.8844,162,44.171
8.4353,-8.6224,170,46.503
9.6564,-7.8234,163,45.42
11.36,-8.5924,164,46.371
13.559,-10.275,170,48.803
16.246,-10.285,171,47.041
18.482,-8.9812,170,45.949
20.212,-7.0282,170,45.122
21.512,-4.8745,168,45.536
22.976,-2.1753,170,48.149
24.144,0.92207,174,47.86
24.864,4.6111,176,47.008
25.069,7.9336,174,46.644
25.174,11.67,172,46.462
25.249,15.013,169,46.007
25.207,18.504,169,47.471
25.044,21.393,159,44.196
24.2,23.577,145,41.103
23.919,25.972,148,44.386
22.331,28.048,163,45.767
21.452,28.591,177,50.845
22.047,31.307,190,56.196
23.246,32.792,179,53.103
25.745,33.93,184,53.492
27.78,34.732,177,52.384
29.815,36.5,184,51.912
30.989,38.842,188,53.682
32.201,41.207,184,51.54
32.347,43.951,193,51.507
31.603,47.145,199,52.078
30.306,49.963,186,51.234
29.716,53.57,194,50.672
28.292,57.244,185,48.24
26.531,60.649,175,44.874
25.025,63.742,157,43.071
24.959,67.046,147,41.467
25.695,69.847,141,41.955
26.551,72.444,138,40.921
27.651,74.393,129,42.17
28.74,76.28,127,41.318
28.833,77.995,108,36.885
28.47,79.144,83,32.27
28.412,79.398,68,29.847
28.372,78.945,78,29.847
28.632,78.397,95,32.758
28.915,78.496,94,32.849
28.89,78.46,100,34.321
28.765,78.397,98,33.701
28.735,78.427,98,34.627
28.837,78.315,98,33.42
29.08,78.17,100,34.627
28.87,78.22,100,33.61
28.881,78.218,101,34.255
28.912,78.099,102,34.156
29.482,77.656,114,37.224
29.202,77.812,109,35.661
29.165,77.61,109,34.809
29.243,77.474,111,34.809
29.509,77.7,114,36.587
29.679,78.069,109,36.033
29.352,78.298,105,34.619
29.192,78.108,104,35.752
29.645,77.733,107,34.71
30.803,77.342,117,36.397
31.383,77.399,115,37.803
30.623,77.777,106,34.718
30.237,77.788,114,35.909
31.01,78.477,96,33.213
30.758,78.324,91,33.031
30.826,78.169,92,32.733
29.817,78.608,93,34.164
29.042,78.302,95,33.676
29.284,78.418,95,33.006
29.075,78.791,93,33.213
28.52,78.158,102,35.272
28.19,78.12,100,34.139
29.106,78.975,94,34.42
29.548,79.048,84,32.543
29.952,79.143,84,33.494
29.822,79.093,90,33.403
29.375,78.987,96,35.082
26.979,78.966,96,35.181
25.585,79.028,94,37.34
25.831,79.541,77,32.452
26.281,79.779,64,28.714
27.095,79.584,63,28.623
27.022,80.386,46,25.439
27.125,82.295,183,47.769
26.744,84.523,189,47.959
26.099,86.953,195,49.15
25.805,89.388,202,50.663
25.268,92.238,201,53.475
24.082,95.027,221,56.725
23.58,97.781,224,59.835
23.093,100.42,216,55.898
21.867,101.28,204,53.103
20.329,100.41,198,50.308
18.18,98.489,204,50.498
15.87,96.719,143,42.906
13.019,94.952,145,43.088
9.8651,95.101,146,42.236
6.7088,96.17,144,42.17
3.9199,98.122,133,38.845
1.1116,99.817,124,38.779
-2.1564,101.37,125,39.234
-4.7946,102.9,128,42.145
-6.0909,105.08,121,44.295
-6.4126,107.53,124,45.585
-5.4136,109.86,119,44.386
-3.5044,111,112,43.659
-1.4193,111.56,97,38.589
0.67614,112.35,93,39.631
0.30574,113.28,85,35.132
-0.81861,114.97,86,37.109
-0.82272,117.03,99,40.392
-1.5676,117.92,106,39.929
-1.9866,116.73,112,38.498
-3.3007,115.64,114,37.274
-4.4149,114.05,113,36.033
-5.4154,114.47,111,37.001
-7.4229,114.78,116,35.851
-8.6384,116.04,112,34.925
-11.499,116.59,108,36.033
-14.578,118.28,116,40.847
-18.117,120.21,118,41.616
-21.742,121.97,116,42.815
-25.318,123.62,114,44.32
-27.379,125.94,112,42.426
-28.737,129.47,112,42.054
-28.71,133.13,115,43.716
-27.499,137.25,117,44.543
-25.256,140.73,121,44.775
-22.288,143.99,129,45.817
-20.109,148.07,129,46.578
-19.963,151.04,127,40.722
-21.222,153.23,126,39.035
-24.036,154.94,122,40.135
-26.168,157.28,118,40.441
-27.164,158.9,116,43.096
-27.863,159.89,120,42.079
-28.293,159.78,126,40.648
-28.535,159.78,123,38.101
-28.551,159.1,123,37.828
-29.661,160.09,121,36.422
-30.684,162.07,115,36.124
-32.432,161.5,115,36.728
-33.552,159.3,116,36.786
-35.181,158.35,116,38.589
-35.792,157.08,119,38.308
-34.713,158.29,114,39.557
-31.534,159.25,117,39.978
-28.619,159.68,117,37.464
-25.208,160.8,122,38.382
-22.227,163.52,136,41.111
-20.599,166.56,133,42.699
-19.114,170.05,131,44.378
-18.829,173.96,127,43.964
-19.771,177.83,136,45.701
-21.803,180.74,135,46.255
-22.852,184.5,136,46.346
-24.961,187.91,131,46.156
-26.985,190.17,129,45.784
-28.037,191.71,128,40.64
-27.76,192.45,129,40.557
-26.109,192.05,118,40.251
-23.181,192.83,130,42.79
-19.672,193.81,134,41.128
-16.284,194.63,134,41.69
-13.033,196,138,41.5
-9.3671,197.44,141,41.128
-6.2387,199.41,147,42.542
-3.5231,201.42,141,39.722
-1.9734,203.32,147,43.278
-1.3284,206.97,150,41.963
-2.5696,207.52,149,43.485
-2.935,207.36,150,44.08
-3.4884,207.67,150,44.295
-3.555,206.83,150,44.858
-3.4303,205.31,143,44.767
-2.1087,202.65,143,42.236
-2.055,201.92,141,42.699
-4.4675,201.71,139,41.128
-7.403,200.26,137,39.705
-10.048,200.06,135,41.359
-12.999,200.54,136,44.75
-15.22,202.85,131,42.914
-16.785,206.77,131,42.633
-17.805,211.08,132,41.219
-18.045,215.27,131,41.194
-18.009,219.87,124,42.236
-19.213,223.9,131,41.475
-21.85,225.69,130,41.111
-24.888,225.81,126,39.862
-27.655,225.3,124,40.731
-30.492,226.14,125,42.98
-33.14,225.45,121,38.39
-34.675,224.11,122,41.798
-36.98,222.2,115,39.035
-38.841,223.69,115,40.722
-42.414,225.35,116,41.02
-45.552,227.62,110,39.614
-48.073,230.49,111,38.39
-49.622,233.9,107,36.215
-49.921,236.95,107,37.373
-50.433,240.44,111,41.756
-50.851,243.33,108,41.839
-52.7,246.19,109,35.752
-55.634,247.65,110,37.811
-59.052,248.45,107,37.555
-62.206,248.96,93,34.958
-64.963,248.09,94,33.246
-67.573,247.73,92,34.189
-69.411,246.63,90,35.595
-71.679,245.19,93,35.992
-72.546,243.9,89,37.481
-74.047,243.42,82,37.39
-76.672,243.78,81,33.056
-77.965,245.62,78,29.781
-78.971,247.24,79,28.929
-81.113,248.19,80,30.798
-82.469,249.09,74,28.466
-83.545,250.72,64,26.316
-84.799,252.8,56,25.282
-86.814,254.32,47,22.28
-88.766,255.46,45,24.257
-91.674,256.54,42,22.859
-94.803,256.83,41,20.601
-97.388,258.23,33,19.468
-98.508,259.86,25,15.176
-97.979,261.06,58,24.728
-97.132,260.91,50,23.413
-97.533,260.9,46,21.825
-97.972,261.36,40,20.047
-98.25,260.71,44,21.064
-99.759,259.74,39,20.717
-101.65,258.46,42,21.362
-103.64,258.53,38,20.237
-104.47,259.44,41,21.064
-105.08,260.44,42,19.931
-106.04,260.9,38,20.51
-108.01,261.66,46,21.618
-109.48,262.21,43,22.189
-109.3,262.48,39,19.286
-110.77,262.19,38,19.212
-111.49,262.16,37,18.823
-111.98,260.92,34,19.675
-112.38,260.4,38,19.286
-113.19,260.14,38,19.195
-114.22,259.86,37,19.584
-115.05,259.84,36,18.641
-116.11,259.95,36,18.525
-117.19,259.97,37,18.525
-118.14,260.13,37,19.104
-118.15,261,41,20.419
-117.91,261.85,47,21.362
-118.11,261.35,50,23.049
-118.41,260.97,50,22.561
-118.33,261.13,56,24.827
-118.61,260.8,54,23.504
-118.7,260.37,56,25.472
-118.71,260.47,53,22.95
-118.76,260.92,53,23.206
-119,260.76,52,23.413
-119.1,259.73,41,20.601
-119.77,259.33,34,17.88
-120.27,259.31,36,18.459
-121.44,259.73,36,18.55
-120.97,260.4,37,18.914
-121.69,260.46,38,19.377
-122.09,259.74,43,20.51
-122.97,258.73,40,20.692
-124.68,258.66,39,20.899
-125.68,259.05,39,19.377
-126.61,259.84,45,21.362
-128.29,259.8,51,22.95
-128.87,260.33,45,20.692
-129.72,260.29,45,21.817
-130.32,259.38,39,19.749
-130.4,259.01,38,19.17
-129.53,258.74,35,18.434
-130.16,258.45,35,17.996
-130.27,258.51,37,18.36
-130.11,258.59,37,18.641
-130.25,258.81,37,19.104
-130.92,258.58,42,20.229
-131.1,258.79,35,18.732
-130.88,259.18,36,18.823
-130.87,259.27,37,19.493
-130.25,259.21,37,19.104
-130.43,259.46,38,19.104
-130.71,259.32,43,21.155
-131.27,259.27,42,20.51
-132.2,258.16,40,20.419
-133.86,258.36,41,20.51
-134.57,259.86,40,21.37
-135.55,260.89,39,19.956
-135.27,262.51,39,19.286
-135.21,263.77,50,23.206
-135.21,265.44,47,22.586
-135.17,266.72,57,24.538
-134.36,268.07,57,24.43
-134,269.23,51,24.083
-133.06,269.91,42,21.635
-132.76,271.09,55,24.058
-132.75,271.63,59,25.282
-132.14,272.34,66,26.969
-133.08,273.94,69,27.432
-133.55,273.61,76,31.303
-132.97,272.34,77,30.079
-132.58,271.59,58,24.339
-131.66,271.79,39,20.229
-131.56,272.31,31,16.772
-131.49,271.78,37,19.402
-131.51,272.01,42,22.677
-131.37,271.18,43,20.328
-131.04,271.25,43,22.396
-130.96,270.98,42,21.271
-131.16,270.62,43,20.022
-131.04,270.79,47,22.288
-131.45,271.31,46,21.916
-131.55,272.08,47,22.379
-131.53,271.38,47,22.561
-131.34,271.98,47,21.246
-131.34,271.47,46,21.825
-131.4,271.83,46,21.734
-131.19,271.6,46,22.098
-131.09,271.53,44,21.916
-131.03,271.59,49,23.901
-130.54,271.75,57,25.001
-130.48,271.64,62,25.836
-130.68,271.58,66,28.557
-130.61,271.88,73,28.4
-130.62,271.79,74,28.375
-130.61,271.56,77,29.773
-130.53,271.87,78,29.872
-130.66,271.91,77,28.375
-130.58,272.1,80,28.747
-130.56,272.07,82,29.02
-130.43,272.36,80,30.178
-130.36,272.21,77,28.83
-130.66,271.8,78,28.656
-131.18,271.92,78,29.69
-131.48,271.81,80,29.872
-131.49,271.99,75,27.796
-131.32,272.35,82,31.253
-131.28,271.8,85,30.914
-131.6,271.58,86,30.054
-131.4,271.45,86,31.749
-131.54,272.07,85,32.32
-131.52,272.33,86,31.187
-131.2,272.7,83,29.665
-131.21,272.19,78,28.623
-131.4,272.02,78,29.599
-131.67,272.11,87,30.732
-131.87,271.98,83,30.219
-131.33,272.54,87,31.948
-131.49,273.17,86,31.286
-131.63,273.02,86,30.699
-131.58,272.86,89,33.354
-131.49,273.12,86,34.28
-131.5,273.06,87,31.832
-131.29,272.88,89,30.914
-131.13,273.2,85,30.542
-131.27,273.23,85,30.641
-131.14,273.19,88,32.32
-131.41,273.39,88,32.221
-131.5,273,83,30.426
-131.58,273.04,85,30.517
-131.59,273.3,86,31.741
-131.38,273.59,87,31.369
-130.9,273.49,89,31.443
-131.09,272.96,86,32.039
-131.45,272.63,88,30.798
-131.55,272.44,87,31.65
-131.69,273.18,90,34.462
-131.77,273.74,88,31.369
-132.09,273.71,89,31.369
-131.97,273.79,93,32.775
-132,274.43,99,32.874
-132.5,274.42,100,34.578
-132.76,274.76,102,35.595
-132.45,275.35,99,34.007
-131.91,274.7,102,36.05
-131.59,274.02,102,33.891
-131.2,273.41,95,31.468
-130.6,273.14,89,31.187
-130.54,272.27,77,28.565
-130.3,272.42,68,29.111
-130.01,272.52,62,27.085
-129.8,273.1,63,26.506
-130.03,273.41,61,26.316
-130.64,273.85,62,25.654
-130.61,274.09,76,31.965
-130.81,274.79,82,29.318
-131.02,275.54,87,33.536
-131.53,276.45,99,33.701
-131.48,276.73,101,33.61
-130.95,276.64,100,32.692
-129.89,276.19,100,34.578
-130.26,275.03,100,35.132
-130.07,274.69,102,34.859
-130.6,275.05,99,34.09
-131.47,276.28,116,35.967
-132.09,276.99,122,37.927
-133.57,277.76,129,38.382
-135.01,277,131,39.631
-135.33,277.12,131,40.342
-136.41,278.14,135,41.409
-137.33,279.89,132,39.54
-138.84,282.29,133,40.094
-140.13,284.41,137,40.756
-141.4,286.93,146,42.153
-141.1,290.28,143,43.568
-140.38,294.29,157,48.166
-142.38,297.6,154,46.826
-145.42,300.23,149,45.726
-148.96,301.63,153,45.147
-153.36,301.84,153,43.369
-157.84,302.19,138,41.756
-161.68,303.58,134,40.45
-164.61,305.91,135,42.145
-165.64,307.28,141,45.122
-166.56,307.62,135,46.702
-166.17,308.16,137,42.716
-164.88,308.04,134,42.153
-163.27,307.12,133,46.09
-162.38,306.43,132,42.79
-163.21,307.15,134,38.382
-164.62,306.59,135,42.236
-165.24,306.29,140,43.551
-166.04,306.07,140,42.426
-166.95,304.62,141,40.557
-167.16,302.19,140,42.079
-169.12,299.54,141,42.269
-171.06,296.95,143,45.139
-173.33,294.37,142,46.371
-176.61,291.94,147,47.686
-180.23,289.66,147,48.405
-184.23,288.2,149,49.323
-188.58,287.38,150,48.736
-193.11,287.27,148,50.357
-196.96,288.33,136,47.033
-199.12,289.68,187,48.298
-199.75,290.93,178,48.124
-198.83,291.3,178,49.282
-197.44,293.37,178,48.596
-195.57,296.35,177,48.695
-193.44,297.84,164,47.223
-193.67,300.35,162,47.173
-192.42,303.79,169,47.76
-190.82,305.16,162,44.866
-190.19,305.48,145,43.344
-189.83,306.12,146,41.872
-191.01,304.63,166,46.338
-192.47,301.28,174,45.792
-195.4,300.38,165,44.709
-196.28,300.72,174,48.993
-198.55,300.75,166,45.139
-200.1,300.46,167,45.238
-201.75,299.93,170,48.538
-204.82,300.85,176,49.067
-207.16,301.65,176,49.936
-210.99,304.47,189,52.276
-213.17,303.88,178,47.496
-214.45,302.16,182,46.999
-214.97,300.49,178,46.735
-215.71,298.73,179,51.143
-214.99,297.91,178,47.099
-213.16,297.69,175,44.874
-210.54,298.64,81,30.426
-207.78,297.75,85,31.377
-204.2,296.08,88,31.195
-201.71,293.32,87,31.187
-202.35,292.2,78,28.838
-205.05,293.1,70,29.988
-207.97,295.79,77,34.669
-210.35,298.75,75,32.965
-211.77,302.64,82,33.172
-214.82,304.31,77,34.305
-217.51,306.52,80,34.272
-220.16,309.45,86,32.94
-222.96,310.24,83,32.99
-225.36,307.93,84,33.056
-227.33,305.94,79,30.724
-229.69,304.71,72,27.358
-231.19,305.58,67,28.656
-232.41,305.46,61,26.299
-233.12,305.35,52,28.929
-232.08,305.81,61,33.701
-229.9,306.33,66,29.417
-228.19,306.61,60,26.506
-227.94,307.08,52,24.455
-226.05,307.71,49,22.859
-224.41,308.62,55,27.73
-223.03,310.01,60,25.472
-221.37,311.5,63,31.948
-220.68,313.84,74,33.122
-219.98,314.35,71,32.138
-217.86,315.31,80,33.42
-217.32,317.02,85,31.195
-219.41,317.13,79,31.948
-221.1,317.34,87,33.081
-224.32,318.78,84,31.65
-226.12,320.97,80,32.502
-229.34,323.88,74,31.923
-231.73,326.66,86,33.61
-231.76,328.99,81,30.128
-233.75,331.41,86,31.741
-235.42,333.77,82,30.906
-235.69,336.57,79,29.136
-236.14,338.59,70,26.663
-236.08,341.52,69,27.151
-236.44,343.3,69,27.614
-235.16,345.26,66,27.217
-234.27,346.58,55,24.43
-231.66,347.13,58,27.73
-229.37,349.83,67,30.36
-228.6,353.28,69,29.326
-229.12,357.09,57,25.654
-229.12,357.09,57,25.654
