0,-0,532,97.159
-0.5844,-0.26233,542,93.098
-0.44556,0.50457,561,99.384
-1.4658,-1.3368,554,107.2
-2.2493,-1.5216,558,106.07
-3.6341,-3.6922,556,105.97
-4.1546,-4.9292,576,118.09
-2.5135,-5.7283,619,106.13
-0.68069,-2.659,640,116.44
-3.251,-1.8007,598,118.09
-5.2927,-2.9037,603,128.63
-3.0051,-3.959,687,135.03
0.47556,-2.8313,728,120.49
1.8934,-2.8782,739,140.59
2.1465,-2.5299,746,129.98
3.5711,-7.6471,803,129.41
1.1061,-8.1511,749,136.63
-2.7695,-5.1333,606,138.82
0.046744,-0.21391,576,154.72
5.5049,-3.638,716,144.55
5.9351,-4.7679,816,131.58
2.1924,-7.0397,724,126.21
-1.5888,-5.7921,668,141.1
0.56983,-1.9859,732,129.07
7.5907,-1.6184,786,137.19
8.3796,-1.7129,815,157.91
9.0284,-5.3395,710,153.05
6.1095,-3.8983,586,170.55
5.2811,-0.65656,603,175.47
11.056,0.79274,484,154.84
15.55,0.55687,599,115.35
14.29,-1.0784,574,134.99
12.526,-7.8827,681,181.52
13.602,-4.0725,795,167.89
14.104,0.36652,664,160.22
14.205,3.3222,421,169.01
13.435,2.6975,478,164.1
15.923,1.2025,603,175.98
17.179,3.4455,704,168.75
15.427,0.94121,654,155.56
10.816,-5.4576,485,164.08
7.8787,-2.8409,418,145.26
9.145,0.43677,453,144.23
14.237,-2.4802,557,144.31
9.8004,-9.4532,708,161.45
2.3891,-15.058,740,145.35
-2.6142,-16.349,721,170.3
-3.0397,-7.7754,771,151.01
-1.1811,-6.7603,761,139.09
-1.0524,-7.8684,716,159.79
-0.96898,-7.313,825,139.04
-1.1289,-8.1766,756,159.67
-1.761,-7.8959,746,147.04
-1.0127,-8.0025,703,121.24
-0.81551,-8.1552,706,159.59
3.7063,-10.028,466,187.45
12.617,-5.5283,111,99.715
16.816,-2.844,133,78.907
19.4,-2.1244,166,74.945
19.629,2.1823,281,149.01
21.523,2.2355,178,91.353
14.748,1.8207,271,129.33
11.17,-1.0399,223,104.02
9.9244,-7.6395,332,171.73
10.801,-7.0885,451,171.98
10.496,-7.3064,375,152.84
9.3216,-8.8106,458,246.33
9.2245,-14.311,455,212.42
10.752,-14.704,572,177.46
12.049,-13.134,677,174.62
13.903,-11.083,670,166.56
16.817,-7.3452,593,158.09
18.034,-8.0779,753,175.95
15.288,-6.6281,726,147.05
14.857,-6.4413,717,166.68
14.463,-7.067,749,166.95
14.001,-6.1132,760,149.52
14.104,-6.8092,713,166.33
14.093,-8.1559,681,134.89
13.766,-5.6118,751,156.28
13.103,-6.4,696,177.79
11.942,-9.9093,471,145.15
12.13,-12.479,453,143.93
9.5895,-14.492,316,127.12
13.075,-10.872,383,153.53
14.143,-12.657,443,180.81
15.955,-12.205,418,145
13.453,-13.985,169,135.79
4.6251,-16.835,199,149.4
11.98,-12.557,393,156.96
13.883,-8.8823,629,220.78
18.748,-6.4129,360,143.75
17.405,-4.1822,431,156.75
17.19,-5.9568,396,140.26
16.092,-4.9208,420,122.47
16.076,-5.2567,434,145.5
16.443,-4.5088,456,146.54
17.582,-3.2905,433,138.06
18.227,-1.3825,479,129.84
16.573,-2.3007,491,208.14
16.271,-3.0275,418,191.42
19.56,-8.5698,597,201.73
19.201,-14.312,572,163.11
12.282,-17.333,203,94.504
0.51738,0.248,1662,164.61
5.689,-2.1898,1694,174.53
12.288,-6.0146,1797,165.32
10.444,-10.643,1738,162.94
11.719,-18.84,1705,158.29
10.612,-21.329,1629,156.43
4.4288,-21.375,1540,153.22
5.6139,-21.088,1541,154.92
5.6739,-21.398,1510,151.84
6.0635,-20.854,1536,157.9
5.8663,-21.5,1542,157.71
6.1182,-20.116,1546,155.44
6.2475,-20.857,1527,159.02
6.5258,-20.287,1552,161.41
7.3479,-19.52,1631,162.62
8.7904,-17.723,1728,163.59
8.5777,-15.642,1724,166.73
8.082,-12.555,1661,162.09
10.071,-7.6042,1693,164.34
11.985,-5.7015,1733,172.32
10.102,-4.5775,1760,172.62
11.599,-2.2912,1745,159.7
11.685,-0.086989,1718,159.81
12.568,-0.34699,1750,162.89
17.594,1.2413,1739,161.93
18.859,-7.096,1803,168.46
15.08,-15.225,1805,163.05
13.275,-21.453,1785,161.87
7.9183,-15.249,1764,176.32
1.4787,-9.6512,1770,167.19
-5.5021,-9.0749,1722,167.12
-5.7211,-6.0275,1726,168.15
-2.1823,0.53011,1737,169.94
6.4576,1.1003,1735,172.65
11.327,-3.5891,1771,168.6
14.196,-5.1409,1711,164.11
11.851,-9.4585,1676,163.31
8.7719,-12.286,1685,168.01
6.5223,-12.133,1702,172.65
4.7007,-13.504,1691,175.11
6.0239,-19.363,1743,164.93
4.9194,-19.294,1666,161.05
4.631,-19.891,1713,161.15
5.4501,-18.33,1710,169.1
5.15,-19.38,1713,166.27
5.4569,-18.36,1686,160.24
5.2178,-18.745,1684,168.41
5.5311,-17.65,1687,170.77
5.8093,-16.809,1660,160.89
7.3538,-15.118,1684,174.42
7.1843,-14.419,1720,169.53
9.9418,-15.751,1753,174.27
14.277,-15.032,1720,171.76
12.96,-11.655,1642,169.19
6.1749,-9.7886,1669,165.84
-1.564,-12.479,1675,155.59
-1.8814,-18.698,1646,157.23
5.2516,-15.473,1669,158.96
10.337,-10.14,1727,172.68
11.319,-3.0602,1734,168.3
5.355,-6.3683,1735,171.66
3.1335,-15.954,1809,171.71
1.3342,-20.651,1832,179.44
-3.5785,-17.105,1707,165.36
-0.9143,-11.569,1741,168.63
7.455,-7.9497,1826,174.39
13.412,-10.225,1760,165.48
13.078,-16.174,1760,160.95
5.1195,-19.794,1810,166.88
-2.1768,-12.987,1751,169.45
1.1729,-3.5047,1777,165.23
5.7035,2.347,1679,160.22
3.5461,3.8083,1666,162.77
4.6176,5.9632,1611,152.04
4.6028,3.5398,1662,171.18
4.2813,3.2812,1643,170.21
4.0663,4.8986,1582,166.43
3.8276,4.6921,1578,176.55
4.2274,4.8278,1600,157.08
4.3756,4.0201,1566,159.22
5.4478,2.6478,1645,164.74
6.6076,-0.2308,1713,175.3
9.2278,-1.8909,1754,170.47
11.76,-0.67058,1764,185
15.511,-1.8867,1864,184.71
14.523,-5.499,1801,173.35
11.643,-10.922,1774,163.13
5.133,-8.8896,1755,161.18
-0.35246,-3.5583,1679,158.87
-3.3272,-2.7519,1648,157.02
2.1954,-0.45214,1726,162.22
10.682,1.9258,1753,161.88
16.304,-0.078857,1744,161.29
13.788,-5.925,1706,161.37
7.6402,-9.1836,1734,166.77
1.3111,-12.389,1771,166.24
-2.455,-11.712,1739,169.11
-2.0562,-10.284,1750,168.03
-5.7119,-6.8436,1710,167.19
-0.42719,-2.9802,1689,158.37
8.1614,-2.9932,1753,164.63
7.9222,-1.8689,1729,164.7
7.679,-0.76497,1740,159.65
3.0593,3.5785,1711,161.75
-0.012787,0.42997,1674,151.62
6.1028,-7.1826,1723,157.72
7.4162,2.5569,1694,159.76
-0.92401,1.5409,1638,155.41
-3.4039,-6.7165,1692,160.08
-3.2162,-8.015,1750,161.97
-2.3799,-7.2634,1735,168.49
-0.72086,-5.3887,1680,168.32
3.6012,-2.1667,1689,156.77
-4.5018,-2.3541,1623,160.85
4.4851,-6.8335,1655,153.03
3.049,3.2475,1648,154.44
-6.7687,-1.3637,1574,155.1
-0.099217,-7.5089,1598,153.84
0.72618,4.6686,1613,161.61
-5.8254,-0.81213,1590,153.32
5.8882,-4.0747,1648,165.22
4.2947,6.8319,1641,168.27
-3.0265,0.2532,1589,153.16
5.7163,-8.9333,1718,158.16
12.018,-3.3858,1754,167.41
8.4118,-1.7785,1699,159.63
3.2232,-1.99,1666,158.26
-1.1713,-1.6147,1629,155.17
-1.7697,-2.3868,1593,155.61
1.0986,-4.5128,1638,155.69
-0.33961,4.0225,1565,152.44
-2.2206,-0.16935,1561,153.63
0.99423,-1.1143,1567,159.16
3.0299,-3.1983,1597,156.54
4.0385,-3.3011,1601,150.44
4.5996,-2.8846,1612,149.01
2.5755,-5.2017,1579,153.52
0.86916,-3.0337,1553,151.94
-0.89838,0.32498,1537,149.38
7.3403,0.63345,1604,155.35
-1.1961,-6.4287,1608,161.01
-5.6036,-10.622,1607,155.06
3.7979,-2.5099,1576,156.76
3.2081,2.0128,1486,147.04
0.14964,0.81195,1429,149.32
4.4885,-1.4783,1434,143.94
7.9543,-3.0171,1460,146.73
9.7803,0.26171,1535,149.06
-2.973,-2.7475,1526,162.01
-12.249,-8.2859,1636,164.15
-12.486,-3.5805,1634,164.93
-0.38467,4.4597,1651,170.43
1.572,3.2225,1634,167.42
6.1592,-1.3835,1605,158.76
5.6363,-4.6002,1591,154.18
2.9365,-5.6824,1579,151.19
-0.43769,-3.2776,1611,164
1.8654,-5.5175,1645,161.78
1.5952,-8.0358,1641,157.37
2.166,-10.268,1644,158.68
-1.1273,-4.3206,1652,154
-6.3785,0.61516,1644,166.67
-5.7157,-0.80967,1600,164.24
-2.9556,-0.56146,1615,161.56
0.92358,0.081144,1611,159.05
3.8921,1.2503,1645,163.39
2.6925,1.8849,1633,161.25
-2.8493,-4.3788,1644,164.96
5.3451,-2.4192,1611,151.14
2.8008,-1.9162,1528,147.8
0.15376,-4.6058,1511,145.13
1.3772,-0.70004,1556,146.83
1.5693,-1.6917,1638,156.36
2.0473,-0.27898,1638,154.71
2.2127,-1.5237,1636,153.34
1.761,-1.5163,1636,158.61
0.67353,-2.7105,1672,160.49
-2.0776,-3.5494,1666,164.67
-4.1079,-2.2676,1693,158.8
-1.346,-2.1292,1676,174.73
0.16692,-4.8734,1620,180.28
0.91695,-9.0369,1625,179.14
2.6597,-10.474,1685,170.38
5.903,-12.66,1747,170.37
6.9231,-6.9341,1752,166.56
0.96062,-2.299,1706,167.08
-5.155,2.3146,1658,158.94
-7.9596,-2.4141,1693,160.34
0.58552,-7.4709,1728,160.92
4.6912,-2.9296,1716,160.89
-2.4336,3.1792,1665,154.47
-7.675,-0.64268,1690,167.17
-5.5133,-4.5461,1687,153.55
-4.3313,-6.4573,1670,160.48
-1.8591,-3.5997,1707,166.37
-1.7634,-3.7155,1679,161.61
-3.1891,0.13763,1652,163.01
-4.0727,-1.9481,1656,161.5
3.7614,-2.1035,1645,153.12
0.97665,-2.7406,1613,157.46
-0.20706,-2.8436,1603,160.92
-0.63453,-3.372,1619,163.16
-1.0091,-5.8309,1647,154.67
-0.47298,-7.2699,1647,154.4
-0.13377,-7.4145,1692,158.79
-0.46691,-6.0466,1621,153.04
0.68679,-3.2855,1625,157.85
2.9274,-7.5027,1625,151.93
-6.0534,-2.3766,1629,160.33
0.2558,5.2881,1637,154.24
3.826,-4.7956,1693,163.27
-8.1465,-9.4995,1657,166.35
-11.739,-2.9288,1611,156.51
-2.2625,6.8307,1592,155.02
4.7378,-0.53606,1712,169.32
4.6284,-0.93854,1740,174.75
-7.8316,3.5665,1574,155.23
-6.3492,4.9202,1565,147.8
4.0313,8.0204,1606,155.31
5.4486,7.0228,1625,156.97
4.9297,4.4857,1739,164.63
-1.9776,-6.2715,1715,165.28
-0.44034,-11.806,1742,164.26
-1.7039,-10.934,1765,159.43
-4.339,-5.814,1687,169.56
-3.5343,-3.0592,1620,170.24
-3.9259,0.11333,1644,171.41
-7.5493,-4.4939,1630,165.73
2.4984,2.8329,1633,159.84
-6.4182,-0.50773,1572,154.47
-0.71841,-9.338,1651,157.93
1.6038,-7.9624,1692,172.09
-2.7251,0.98333,1602,163.71
0.27325,7.1343,1468,145.8
4.5622,-1.0115,1628,161.1
-4.3352,-3.9135,1596,161.98
-8.7203,-3.0585,1570,151.82
-2.569,5.0755,1575,157.12
2.8754,6.4088,1582,151.17
-0.28282,3.9335,1551,148.71
-0.365,-0.25178,1601,151.72
-2.9088,-3.8003,1671,158.77
-4.5749,-8.8875,1654,158.47
-3.971,-6.6768,1628,157.28
-7.932,0.71904,1615,165.77
-10.922,-2.5774,1562,149.79
-5.1565,2.9383,1586,157.79
-5.9797,0.23963,1571,157.38
-2.3187,-3.6442,1627,154.91
-1.1534,-4.3482,1636,157.31
1.173,-2.7547,1636,155.45
2.3829,-1.4661,1602,153.31
0.99261,-9.3223,1584,168.03
-6.4207,-2.2299,1614,165.88
4.6354,3.0879,1597,159.08
-1.9552,-9.2431,1604,156.34
-5.6086,-12.512,1574,156.19
-3.1609,0.78729,1612,164.74
0.28426,6.7727,1593,156.73
-5.3693,0.15402,1582,160.27
1.1318,-8.7761,1706,163.19
-0.17668,4.4208,1606,151.7
-2.3538,-6.8008,1639,155.97
7.396,-10.621,1675,161.32
0.32407,2.0219,1604,162.23
-3.1391,-5.1768,1626,159
3.4757,-17.116,1629,154.3
-0.56401,-4.9877,1630,159.45
-7.9497,1.8253,1598,157.43
0.73987,-8.828,1608,163.3
8.3777,-10.592,1650,160.13
-1.1801,1.328,1548,163.74
-2.579,-7.9732,1553,156.04
8.1228,-10.415,1664,166.22
-2.6116,0.51745,1575,162.69
-7.3797,-1.0908,1539,156.36
5.5435,-3.0636,1615,158.22
4.6207,-3.9445,1506,153.38
-4.1745,0.50767,1491,148.04
-7.4191,-8.0699,1555,160.48
4.1393,-10.141,1588,152.6
-2.6203,1.6088,1567,161.3
-10.485,-2.9088,1546,157.9
-4.5023,-11.515,1593,165.73
-0.28058,-5.0226,1628,164.07
0.67219,1.8491,1630,173.37
-0.80232,0.66295,1578,159.19
2.1876,-4.5717,1606,154.31
2.7131,0.67048,1523,152.01
-6.4743,-3.9931,1556,153.58
4.408,-9.1813,1631,155.42
1.1262,1.0542,1555,156.1
-6.104,-5.8564,1555,148.42
4.0841,-9.9195,1651,159.88
-0.55416,4.2595,1573,156.98
-7.2476,-4.9472,1603,160.39
0.69454,-10.23,1644,158.56
0.85915,2.2542,1602,164.6
-8.6997,-2.2208,1592,158.9
-0.62257,-9.6768,1577,148.74
-0.86159,2.4719,1572,166.3
-9.8426,-1.1853,1556,154.72
-0.96992,-9.7055,1573,148.47
-0.70553,3.4717,1531,157.46
-8.2915,-1.5279,1525,156.53
2.361,-7.1798,1580,153.36
1.261,5.2278,1580,160.39
-6.2567,-1.6083,1576,158.93
0.006456,-12.682,1659,168.94
4.7498,-1.0895,1609,158.86
-5.3853,1.6045,1588,161.58
-9.2079,-2.9537,1548,153.23
-5.6336,-6.2815,1576,163.52
-3.2884,-1.2417,1574,155.56
-2.8406,0.18779,1579,164.36
-4.7618,-1.0602,1580,163.82
-4.491,-3.6591,1621,158.13
-3.7897,-4.9553,1603,155.6
-2.6473,-1.4754,1601,155.83
-7.7114,-4.5965,1554,153.58
-2.3917,-4.2296,1561,153.29
-2.5485,-4.4842,1587,152.83
-3.6824,-2.6549,1564,149.73
-4.0314,-2.4335,1547,154.9
-3.3382,-3.9586,1552,151.96
-4.2088,-7.0694,1570,154.47
-3.6004,-6.4175,1583,157.87
-2.3994,-5.9568,1584,153.81
-0.71304,-5.0811,1580,150.02
-1.726,-4.7576,1559,155.75
-3.5499,-4.5352,1550,153.21
-3.5744,-5.0334,1540,151.43
-1.7285,-5.4805,1566,147.32
-0.42151,-6.5097,1591,157.17
-0.078605,-4.8161,1583,151.49
-0.097966,-4.0789,1581,156.84
-0.5163,-5.6465,1567,152.86
0.0032717,-6.4188,1588,154.26
0.33071,-3.6856,1593,153.29
1.7037,-3.7363,1603,157.85
1.2692,-3.0063,1637,163.55
3.3397,-1.5716,1643,161.62
1.6556,-10.057,1701,169.01
-0.12884,-10.698,1669,170.31
0.17271,-11.156,1684,173.13
-2.3218,-10.929,1709,162.49
-3.275,-9.9837,1752,177.25
-3.6035,-9.8806,1720,166.69
-2.6497,-5.7014,1687,164.2
-1.3831,-3.3186,1601,160.49
-1.7952,-1.7657,1636,167.49
0.42285,-0.47001,1698,168.26
2.0455,-1.5592,1722,167.94
8.7777,-2.2962,1744,175.2
9.1639,-4.5802,1727,174.31
1.1311,-7.3233,1684,172.27
10.373,-17.214,1809,175.57
15.37,-7.7574,1799,177.44
1.9257,-0.8082,1644,177.62
-6.8069,-1.0222,1632,165.92
-9.1482,-0.79268,1624,158.01
-6.5413,-0.45106,1679,161.67
3.1537,0.16182,1670,162.54
12.781,-7.7553,1709,171.56
13.55,-15.422,1786,171.47
1.044,-11.748,1809,182.31
-2.883,-12.607,1768,168.02
-0.32222,-16.994,1737,167.99
-0.32322,-5.5232,1681,167.52
-7.6938,4.683,1569,159.28
-1.8025,-0.97085,1606,159.86
12.312,-7.1692,1763,169.53
10.901,-10.673,1692,175.58
9.6717,-20.055,1728,171.32
-2.2065,-18.52,1694,179.06
-0.64412,-9.2931,1715,160.98
0.50898,-7.8529,1676,162.33
0.045862,-5.6879,1611,171.19
1.301,-4.0962,1618,168.98
1.7653,-4.0582,1685,162.3
2.0511,-4.0073,1705,159.71
2.8875,-2.5109,1674,160.37
5.9142,-1.1818,1665,167.41
1.411,-1.2432,1583,166.57
-6.2318,0.2798,1572,162.97
-4.615,0.41489,1621,161.78
-2.2732,-1.993,1666,154.89
-0.091848,-4.83,1654,156.95
2.0801,-5.1598,1633,155.31
2.9037,-3.9053,1600,156.79
1.8251,-5.471,1587,157.85
1.2641,-4.6408,1610,155.3
2.7433,-4.5091,1638,156.7
3.9093,-2.3356,1676,158.66
3.7425,0.17772,1658,156.85
3.4492,-0.8631,1643,166.4
2.5748,-1.3156,1585,155.22
0.63245,-4.4775,1611,156.92
-2.1345,-6.4229,1637,155.03
-1.1066,-2.3836,1627,158.23
5.466,4.666,1649,160.19
11.512,-0.74621,1659,163.34
-0.53802,-7.1491,1730,164.76
-5.1768,-2.116,1680,162.82
-2.9194,-4.8362,1676,162.94
-0.58893,-2.6995,1628,159.05
-0.31125,-0.52517,1630,162.08
-1.0788,-0.082577,1646,165.33
-0.82648,1.7284,1710,172.77
-1.2739,2.6212,1707,172.63
0.59974,2.496,1669,170.99
5.4097,2.1079,1681,172.1
5.1149,2.2428,1636,162.7
-0.40637,-3.1178,1622,166.9
11.003,-8.2523,1778,175.06
9.8374,6.1367,1699,179.92
-2.5153,7.5045,1586,161.73
2.1883,-3.8571,1651,164.45
11.08,-10.247,1737,167.81
15.865,-6.2081,1762,169.01
1.4165,3.5485,1618,160.19
-6.5644,-2.5327,1645,166.14
7.2722,-8.6149,1727,157.9
8.7573,-1.2333,1672,157.53
-7.3333,0.49422,1598,162.81
-7.8194,-6.9811,1602,156.29
5.6007,-7.7596,1594,161.17
0.52224,-5.8928,1505,155.36
2.5173,-11.151,1479,149.13
-0.89851,-7.2707,1487,146.74
1.4815,-8.521,1561,159.86
0.99236,-8.0365,1593,172.07
2.3353,-8.4404,1635,162.12
2.5285,-7.6604,1690,177.02
2.5614,-6.2083,1724,187.73
0.62238,-3.946,1725,172.77
1.633,-5.7268,1697,183.19
5.9299,-7.2795,1723,184.45
6.5564,-4.1055,1702,208.05
4.4968,-4.5747,1670,182.09
5.5813,-3.1465,1587,166.08
4.1458,-0.88245,1568,177.87
4.7784,-1.0982,1534,164.05
3.8712,-4.1165,1572,176.76
2.5414,-4.15,1537,163.75
0.5877,-4.8262,1574,162.59
-0.33459,-4.9425,1546,155.15
-1.804,-4.0197,1520,156.03
-4.5199,-2.7376,1544,157.18
-1.1534,-1.7195,1553,154.31
3.4037,0.99917,1569,158.71
-0.86663,2.9546,1562,162.1
-4.7165,-1.0985,1606,157.91
0.78061,-6.0447,1635,153.26
6.089,-2.0088,1670,159.28
-1.7844,3.6648,1610,163.82
-9.111,-1.7879,1634,160.41
-2.8348,-6.8509,1665,160.47
3.8159,0.80543,1694,172.72
-2.0249,6.4438,1639,160.81
-7.7838,0.54875,1663,159.36
-2.8449,-4.6167,1718,174.79
3.9047,3.1805,1775,181.08
0.047226,10.9,1685,155.31
-6.284,4.0337,1670,158.61
-0.012398,-4.2634,1786,173.92
6.8978,-1.3549,1829,172.17
1.125,6.6415,1735,163.79
-7.9645,3.6831,1665,165.12
1.7821,-0.84441,1770,172.24
11.177,7.7992,1779,166.82
2.7291,9.5929,1718,171.23
-5.1726,3.5912,1670,179.35
-2.6388,-5.0516,1773,202.16
5.4005,4.1246,1763,174.4
1.9128,10.496,1682,164.43
-2.7257,-2.8817,1671,171.57
4.5398,-10.619,1782,174.35
11.907,-0.062365,1775,170.57
4.5822,7.3519,1653,167.78
-3.732,-0.77569,1685,165.98
4.8701,-6.8025,1771,166.7
10.597,1.0994,1779,172.05
2.2007,4.983,1646,163.23
-5.4949,2.2745,1606,166.11
-7.6036,1.255,1659,159
-5.399,3.9,1686,163.44
-3.5387,5.1313,1714,173.58
-4.5204,6.8774,1805,185.3
-2.1229,4.9439,1782,173.42
1.4871,9.4148,1774,185.97
1.9363,2.5505,1746,193.9
10.733,8.5154,1764,176.34
-0.62094,6.7945,1671,176.4
-8.571,-2.4585,1676,171.31
-10.787,-8.5138,1672,163.08
-5.8637,-2.441,1702,171.91
5.8831,6.1427,1733,161.65
4.6111,9.9063,1721,183.68
-5.1484,1.9787,1643,173.77
2.8166,-2.1146,1691,176.79
3.2277,10.397,1657,159.8
-8.6913,0.12613,1605,156.11
-9.7607,-9.9014,1643,155.03
3.0878,1.2901,1662,159.53
-2.4705,9.6137,1663,159.54
-10.37,-0.077964,1619,168.76
-0.14215,-4.7176,1663,168.49
5.0636,0.44248,1757,174.35
4.0405,1.6478,1724,160.6
3.1175,4.1642,1753,160.05
1.147,4.9949,1668,162.71
-0.8138,3.5089,1626,160.64
-0.5443,7.2542,1649,164.49
-4.9419,9.1493,1705,175.57
2.9678,12.285,1746,172.51
-7.3689,10.775,1672,166.76
-11.547,-1.9759,1667,168.22
-2.6347,2.4347,1732,176.77
-2.9053,15.434,1631,168.85
-4.7622,4.895,1636,165.74
-4.8797,-3.6574,1644,168.88
-3.7641,-0.96854,1648,172
-2.029,0.277,1683,166.43
-4.0779,5.2129,1613,161.62
1.5327,5.5883,1509,157.92
-2.3611,9.7257,1200,144.54
-6.4511,3.706,968,135.91
-13.564,1.0341,964,139.55
-14.456,-3.3805,1076,134.95
-8.171,-7.2208,1353,141.21
-1.295,-7.0898,1606,159.44
-7.7228,-5.4599,1628,169.13
-3.3775,7.8743,1581,158.75
13.642,6.2183,1697,172.73
10.712,9.655,1675,165.41
-2.6,8.6222,1671,174.76
-1.0212,3.4154,1536,160.2
-2.4718,7.6584,1510,168.84
-1.0412,11.136,1552,160.85
-3.0886,7.8216,1534,158.62
-5.8201,5.593,1490,159.9
-4.8224,5.7223,1438,166.08
2.132,1.9195,1491,155.45
-0.24563,3.968,1458,147.64
-2.2384,6.0416,1500,149.87
-1.1434,4.3034,1587,168.64
-0.58863,5.7437,1585,168.41
-0.16558,4.8088,1580,173.86
-0.78394,3.5482,1578,167.5
-0.70446,4.9248,1572,167.06
-1.182,3.8216,1591,170.04
-1.0358,3.1799,1567,170.98
-2.3761,3.2811,1593,182.97
-1.3013,1.7167,1638,180.67
-1.5018,2.5623,1627,183.74
-1.9176,4.3318,1586,183.81
0.4576,3.7656,1698,183.98
1.7867,6.3728,1717,204.53
2.5859,3.6297,1761,207.76
3.1005,3.5182,1771,192.14
4.6512,2.9105,1762,170.97
3.3185,5.5982,1717,163.3
4.9488,7.6989,1702,163.07
7.2608,7.0068,1689,160.76
11.03,3.3304,1719,164.52
11.985,-2.1193,1787,171.49
13.319,-5.0549,1851,178.87
12.8,0.74596,1836,171.71
7.544,6.6264,1740,162.51
1.4212,4.5787,1735,174.98
6.0578,5.0617,1788,179.08
10.504,1.1442,1799,169.42
10.163,-0.11485,1821,178.56
14.353,-1.2036,1808,174.95
12.589,1.5184,1725,165.59
8.6442,-1.0787,1660,153.59
10.873,0.70946,1711,158.94
10.101,0.32558,1768,171.31
10.628,0.24847,1788,166.27
10.6,-0.24658,1783,168.06
10.705,-0.30299,1750,170.68
10.516,-0.65563,1747,174.34
10.28,-0.83077,1733,172.1
11.31,0.30926,1756,191.38
12.6,0.38597,1822,185.38
11.402,1.8374,1764,220.39
9.5581,2.2637,1756,198.99
9.9652,3.6425,1828,224.92
7.9547,1.2719,1741,226.6
5.0802,3.884,1658,177.71
5.2018,8.2301,1789,198.98
3.0157,6.4931,1758,197.02
9.9836,1.2552,1891,180
17.058,2.6335,1909,174.48
17.827,4.6417,1884,170.48
9.7141,1.4281,1829,175.75
3.8863,-4.0996,1860,175.35
9.4303,-5.0158,1920,174.87
16.785,1.3076,1893,171.22
15.702,5.7857,1836,169.98
7.4878,2.8166,1855,186.72
3.1652,-4.744,1856,183.68
11.39,-5.1742,1936,184.4
13.388,4.8848,1870,171.58
12.183,7.5605,1850,176.16
17.079,4.2418,1838,180.13
17.805,8.2205,1813,174.96
18.504,2.202,1782,172.49
11.575,-0.94942,1858,185.09
12.35,-3.7915,1826,183.05
13.929,0.86082,1782,168.98
4.7994,6.976,1706,177.5
3.4376,0.79676,1792,186.27
17.281,0.78808,1845,186.07
23.261,5.0805,1797,173.9
13.189,1.2374,1734,172.93
12.305,-6.9293,1853,174.53
16.396,-15.735,2000,192.28
23.811,-9.7547,1886,184.52
14.4,-6.2931,1872,197.2
7.01,-8.5856,1828,185.91
4.54,-10.44,1811,172.9
10.415,-6.8058,1857,175.36
16.137,3.7293,1849,173.67
6.874,2.2297,1738,171.73
19.354,-0.14911,1792,168.84
14.544,11.123,1715,169.25
2.33,5.8854,1681,164.45
5.0158,-0.41257,1778,182.61
17.553,-2.0111,1742,178.41
18.559,4.8597,1782,178.18
5.8462,3.9601,1675,165.29
17.069,-3.0259,1794,169.18
21.358,-0.88855,1751,182.27
16.65,-3.2349,1653,156.66
14.509,0.059633,1727,160.52
10.912,-1.1608,1687,164.69
9.8265,-0.99765,1714,165.53
10.181,-5.0483,1689,160.98
12.505,-9.7546,1718,161.33
10.016,-10.712,1761,164.27
8.737,-1.8965,1751,162.58
18.759,-3.0597,1788,170.43
12.093,-15.087,1776,164.25
6.439,-24.119,1797,166.16
9.2542,-10.047,1695,162.06
1.7522,-3.9074,1765,168.85
-2.5309,-5.7847,1708,162.67
1.13,-5.0905,1758,176.97
5.9,-3.8833,1835,164.93
9.2196,-1.2779,1844,164.12
11.46,3.9161,1841,172.43
7.6894,0.046714,1741,162.88
17.395,-0.99831,1740,163.53
11.501,-1.2965,1699,161.76
5.0302,-3.6966,1740,176.55
3.5127,-5.1576,1710,171.36
0.49826,-4.6094,1663,161.39
-0.73597,-5.0498,1690,166.27
1.1168,-3.441,1674,156.3
1.0452,-0.77343,1658,160.65
11.823,-2.4815,1709,155.55
10.79,-5.7269,1733,160.93
8.8432,-4.8948,1708,167.12
8.1973,-2.3095,1696,163.5
3.1699,2.049,1699,167.03
4.1827,4.4406,1761,172.27
7.9338,4.4877,1772,165.97
13.797,7.6456,1841,164.68
12.906,1.659,1766,175.27
11.082,-5.1748,1774,172.42
8.6225,-6.1403,1688,154.65
7.9683,-3.5603,1652,156.31
8.7153,-3.5646,1654,158.11
8.0202,-4.4058,1646,156.54
5.67,-6.5018,1655,156.86
-0.81858,-7.962,1665,161.5
-7.3547,-8.4768,1645,162.34
-0.47312,-3.4352,1676,167.76
2.402,-1.3465,1703,160.86
2.024,3.301,1749,171.88
2.2883,3.2724,1777,176.37
5.868,6.0097,1826,182.8
7.1958,2.0547,1799,186.51
9.7082,-0.52807,1782,178.15
6.9911,0.75349,1702,163.32
8.1121,-1.1592,1679,166.73
4.4416,-1.2903,1655,169.06
-1.6343,-3.1637,1623,174
-1.7648,-4.8188,1652,168.47
-4.7091,-5.9169,1675,168.17
-6.8435,-6.2403,1592,156.63
-2.2548,-3.9914,1630,157.1
4.0492,-3.7875,1644,159.08
7.2675,-3.3448,1670,168.04
6.489,-3.5237,1699,159.61
5.0151,-2.242,1727,168.14
6.1734,-2.4238,1773,172.15
7.8791,-0.79425,1746,171.97
4.678,1.4083,1682,164.22
-5.6949,5.6412,1591,158.04
-7.1406,2.539,1607,169.79
-7.2138,0.87976,1648,158.7
-4.8033,-1.6281,1647,155.57
-1.7067,-1.4014,1742,160.11
0.79121,0.52514,1630,157.56
2.3729,1.7025,1636,159.6
4.0641,1.1237,1660,162.39
3.5506,2.4095,1686,166.21
3.7337,6.2209,1712,166.9
3.3083,7.5412,1673,164.65
11.535,3.8321,1767,185.13
17.109,-0.076663,1820,172.91
14.464,-2.0404,1834,179.47
10.144,0.66934,1887,188
7.0074,11.023,1856,182.61
6.9184,12.053,1789,177
5.002,13.991,1711,173.13
5.0169,2.7558,1809,202.5
1.5614,7.0092,1748,207.15
-9.8155,3.1351,1643,173.17
-12.078,2.6948,1539,163.12
-4.462,0.49851,1642,167.63
10.723,2.542,1764,184.65
7.9314,12.263,1705,162.41
-2.6179,0.90717,1680,170.86
-3.9152,-3.7512,1581,162.19
-2.4868,-4.2878,1573,158.04
-0.29142,-0.59598,1649,178.26
0.74485,7.2249,1711,196.72
15.668,9.9312,1723,176.65
15.432,13.329,1679,177.7
5.831,3.8207,1717,191.68
2.8918,6.5154,1696,195.76
7.9031,0.22381,1724,182.5
12.226,-3.1231,1825,201.26
22.517,-5.7998,1897,195.91
16.103,-13.735,1970,206.61
8.8361,-2.5122,1836,197.13
15.496,11.87,1758,181.36
15.112,5.6991,1751,189.61
12.921,4.4506,1783,201.59
6.8449,9.892,1777,200.36
15.62,2.9265,1793,188.37
26.709,2.51,1775,172.08
13.236,4.1431,1757,186.44
-4.6666,3.7579,1642,188.79
-9.5813,-3.6689,1685,170.57
8.2703,1.1764,1764,189.09
19.25,-1.5928,1797,182.38
18.896,-0.84183,1786,179.91
8.9879,-3.0368,1788,202.84
12.056,-14.984,1803,205.51
22.915,-13.613,1852,184.22
13.111,-3.2826,1766,185.77
-2.0643,1.071,1642,173
-7.0134,3.6477,1586,156.26
5.5201,11.351,1679,183.25
14.068,3.0547,1747,191.6
9.3045,0.88215,1760,185.37
8.0786,4.1293,1776,182.06
9.3056,9.6747,1750,182.38
9.3518,10.858,1766,177.54
8.5419,12.144,1775,173.54
11.905,8.9232,1804,185.45
22.806,9.1394,1755,171.54
23.311,2.2613,1813,174.21
20.91,0.2825,1837,186.39
13.904,3.3293,1739,182.34
8.3395,6.7416,1689,180.62
7.5405,4.6684,1670,177.36
14.157,2.6072,1746,182.95
17.822,1.5318,1737,176.73
20.026,-0.1047,1713,167.1
19.244,0.83661,1701,172.77
14.276,3.7819,1656,166.77
6.3162,13.229,1622,165.01
19.523,6.0203,1683,162.91
22.502,-9.4324,1742,180.89
21.13,-20.962,1761,176.75
11.145,-13.244,1825,205.37
-1.643,-1.3186,1731,198.92
-8.2751,0.82665,1602,169.04
-0.441,12.555,1663,180.42
12.397,7.3341,1726,185.32
16.24,-1.1449,1778,177.99
12.195,-0.8023,1762,172.7
5.7729,0.59842,1734,169.37
4.7689,2.7507,1685,168.08
3.5367,7.5098,1731,161.76
4.2789,12.499,1659,164.33
5.6066,13.476,1689,181.73
9.1918,7.2502,1735,172.57
9.6847,5.1391,1687,171.9
11.897,4.4806,1677,167.95
12.847,7.4704,1633,165.04
4.8425,5.1358,1676,186.98
3.4984,7.3974,1642,169.12
5.794,7.2664,1667,170.33
6.9967,2.3548,1715,168.17
8.5726,4.3596,1680,159.98
12.212,6.3371,1662,163.95
17.086,5.7752,1674,163.01
19.999,0.82743,1736,172.13
5.3546,6.4748,1717,184.32
4.7678,17.518,1635,171.48
7.928,12.938,1665,177.14
9.6599,13.921,1736,173.72
8.9516,13.608,1845,177.22
7.2315,14.115,1846,181.67
10.32,13.369,1761,172.57
10.441,12.668,1717,188.25
21.273,11.016,1743,174.93
12.379,15.369,1666,173.47
-3.4965,12.687,1639,168.85
-13.682,2.9963,1604,160.37
-11.924,4.6819,1625,175.5
-2.6066,8.3921,1707,187.05
11.142,1.492,1721,170.13
8.3102,-2.8378,1796,186.43
2.9871,4.8948,1740,176.55
6.4861,5.1565,1733,176.5
4.7931,8.8842,1703,190.45
6.242,13.393,1733,182
8.5483,14.58,1692,169.78
5.3161,15.367,1761,182.21
12.541,14.795,1676,158.72
14.47,10.547,1774,168.64
19.171,2.8724,1803,193.2
17.446,-6.2143,1873,209.66
14.018,-2.5614,1790,206.07
-1.6755,3.3594,1668,203.92
-10.219,5.479,1632,175.55
-0.9575,13.256,1606,195.37
13.247,9.9745,1764,203.82
18.606,2.8472,1830,213.38
20.375,1.1016,1811,200.41
16.572,0.019134,1832,198.72
13.618,6.6374,1841,204.47
13.159,9.1264,1838,189.5
13.593,5.7815,1788,178.81
11.724,10.138,1768,183.57
8.7956,12.657,1742,180.84
10.422,12.462,1757,184.58
6.3413,12.476,1762,194.5
4.3464,11.013,1759,176.73
3.0326,14.397,1736,192.22
9.5012,14.414,1743,176.06
15.862,14.816,1692,169.24
12.299,10.965,1725,177.82
10.646,10.171,1725,177.65
9.9004,13.478,1687,188.02
8.3593,10.722,1682,187.6
5.3999,7.9188,1692,182.93
-0.49812,5.1866,1672,185.3
-6.7941,-9.5168,1703,186.6
-13.882,-19.202,1757,190.6
-10.644,-4.9995,1653,193.18
3.6548,8.649,1709,188.83
15.918,9.4338,1741,191.64
13.468,7.3023,1715,175.78
13.588,6.4178,1823,200.08
10.466,10.656,1751,190.67
7.1729,1.2227,1737,201.27
11.017,7.381,1744,219.84
-0.059585,8.992,1643,210.69
-7.5697,4.2436,1653,209.02
-1.9017,12.086,1650,170.31
12.235,10.438,1751,195.47
19.975,4.1347,1823,194.99
15.723,0.84023,1862,207.58
14.045,7.5148,1801,200.88
-2.5871,9.5079,1615,180.77
-9.0048,7.5939,1554,168.41
-1.8654,13.388,1660,177.26
-1.0107,15.028,1638,177.69
-8.2725,6.8183,1557,173.08
-13.869,-1.8362,1506,167.6
-7.6776,3.1407,1503,158.76
-7.3968,1.1871,1512,158.19
-6.47,3.3197,1631,174.71
-6.1227,1.703,1621,173.76
-5.8037,2.1622,1623,188.7
-5.213,2.7525,1596,178.86
-3.9173,2.4441,1599,182.62
-1.8556,4.3054,1602,182.47
-0.51143,4.332,1595,181.66
1.3053,4.7186,1611,178.41
-1.5982,5.221,1563,181.42
1.9248,5.7508,1606,184.19
5.5437,5.2721,1644,183.66
8.8988,6.0266,1634,199.7
11.678,2.5194,1654,184.92
11.097,1.9884,1643,176.91
10.222,3.4892,1636,163.97
13.597,6.5592,1616,169.62
12.555,9.4797,1611,162.86
12.492,11.906,1629,159.39
14.012,10.776,1685,175.89
12.679,10.186,1700,165.4
6.9723,9.1389,1698,172.5
8.526,12.37,1689,174.55
12.413,12.566,1688,170.19
13.617,15.14,1708,162.84
18.442,11.847,1740,173.03
21.048,5.9943,1774,176.12
10.065,3.9563,1801,180
-1.579,4.4187,1750,184.55
-9.1572,2.2265,1689,174.73
-11.053,2.4515,1701,176.49
-10.942,4.7744,1731,200.3
-1.6923,10.348,1790,193.07
10.429,9.442,1870,198.66
18.196,8.4261,1865,177.49
10.48,10.114,1806,180.66
11.465,10.291,1795,187.64
13.137,8.9136,1782,173.01
11.15,13.367,1729,170.2
7.2987,17.576,1710,174.8
3.4849,22.379,1641,180.13
4.2572,20.276,1674,171.14
3.5515,17.079,1683,176.2
-0.85478,15.448,1699,175.43
-6.0742,17.933,1668,177.53
-12.853,12.465,1631,197.45
-12.109,14.258,1656,198.06
-4.196,18.297,1722,195.25
6.6219,12.281,1804,211.45
16.71,5.7097,1807,187.19
15.217,12.454,1727,171.34
0.58934,19.119,1637,173.07
-11.324,14.758,1565,174.35
-16.112,5.546,1606,177.97
-20.814,2.8513,1603,174.98
-25.269,-1.9293,1560,187.69
-26.39,-7.5383,1548,201.17
-15.485,0.41392,1608,206.45
0.29923,7.7308,1724,179.02
11.68,6.5493,1771,180.13
13.531,14.045,1731,177.48
19.893,18.053,1723,178.07
10.414,21.954,1710,181.44
-0.65825,20.354,1631,171.03
-7.2558,11.306,1663,173.25
-13.232,9.8427,1659,188.58
-18.683,6.5668,1625,196.96
-23.222,5.4754,1556,197.49
-15.782,11.328,1601,218.78
-2.9957,15.459,1690,208.74
5.0514,16.873,1740,189.62
5.8001,20.705,1677,186.44
7.45,29.206,1597,173.58
-3.3196,24.462,1550,171.53
-9.106,10.238,1597,188.16
-10.926,7.1442,1580,179.01
-2.0804,11.902,1381,173.41
2.1803,13.805,1159,163.71
3.5376,17.376,1080,156.22
-3.4474,17.747,1156,157.99
-3.1932,11.832,1391,173.08
-2.2964,3.5954,1590,176.51
2.3334,8.2987,1581,164.73
1.3824,8.7746,1664,172.34
-1.7447,8.147,1748,171.15
0.23958,9.9172,1712,173.96
3.0559,8.6054,1792,179.22
3.709,5.2551,1747,192.65
0.63587,5.9016,1650,173.1
-2.0024,12.965,1658,168.04
-0.95673,17.103,1621,182.97
0.50543,16.61,1649,174.86
-1.8274,7.5102,1680,182.38
-12.818,14.257,1605,169.73
-4.3366,16.109,1642,168.32
9.1938,10.253,1717,178.66
10.992,6.3974,1710,181.84
13.492,16.669,1661,180.12
2.5993,24.578,1537,169.31
-5.1216,18.765,1446,187.78
1.6688,21.842,1479,154.16
2.1442,21.358,1555,153.78
1.1185,20.843,1639,168.92
1.838,20.664,1655,166.6
2.0202,20.644,1656,174.61
2.3669,19.725,1603,170.94
3.0449,19.715,1616,175
4.2132,19.206,1612,173.52
4.9815,16.445,1602,171.51
6.6843,16.262,1648,180.48
7.2051,14.21,1612,172.71
7.1637,12.143,1680,177.06
5.774,10.726,1712,173.08
7.2064,9.747,1724,183.14
9.3654,6.6219,1677,162.16
10.765,6.5423,1680,166.55
10.554,6.0701,1679,166.67
7.0392,4.9391,1661,162.99
6.1202,6.0825,1685,167.5
7.2636,12.948,1617,168.42
2.9058,19.062,1609,170.24
-2.7482,17.728,1617,183.74
-0.55363,13.579,1644,167.86
-1.0348,16.764,1648,167.69
0.63791,22.401,1620,164.59
2.68,24.579,1624,173.67
5.1104,16.582,1684,174.15
4.7174,8.6096,1719,191.67
3.3133,14.512,1635,180.41
4.1553,13.168,1673,179.55
3.8579,15.877,1632,174.52
4.2889,14.509,1681,178.49
4.6537,15.499,1628,173.03
3.9973,14.702,1590,174.22
3.6958,14.886,1611,167.85
3.8612,14.825,1593,179.54
3.7144,14.127,1617,197.14
3.4418,12.759,1646,195.43
2.6028,14.293,1621,188.54
3.2803,14.287,1653,175.94
1.8142,14.315,1714,185.22
0.6244,14.017,1720,181.37
1.7045,13.611,1663,192.31
0.69114,14.727,1656,203.93
-2.8895,14.114,1634,168.96
-4.9369,16.178,1677,176.48
-4.2876,18.197,1676,195.06
-3.2491,17.12,1738,183.04
-2.1904,12.245,1737,179.65
2.4175,13.164,1756,182.11
-2.168,22.391,1738,170.67
-8.7246,26.152,1704,185.34
-5.7201,28.231,1730,192.1
-7.7194,24.874,1764,187.68
-6.9663,26.042,1759,199.36
-7.3329,28.854,1746,203.6
-9.8288,26.452,1766,209.12
-4.533,29.491,1775,209.2
-3.5934,38.118,1718,176.43
-1.6718,42.407,1641,174.63
-0.51866,33.322,1732,207.27
7.6455,27.586,1887,209.35
7.7234,34.274,1825,196.13
-3.2458,41.573,1710,189.54
-5.819,44.181,1671,179.49
4.7887,47.358,1662,172.7
12.757,45.5,1699,177.4
14.127,42.488,1727,186.19
1.4663,40.499,1674,195.31
-10.605,45.111,1622,183.72
-5.8702,48.406,1623,172.86
4.5449,51.225,1633,187.21
13.295,51.196,1683,187.28
16.551,47.809,1651,181.89
13.057,43.235,1654,199.06
5.2234,53.154,1597,183.74
9.1804,53.848,1649,195.99
19.154,53.355,1638,192.19
28.023,52.559,1698,191.36
36.988,53.511,1662,182.66
40.823,56.741,1705,203.83
39.168,57.72,1739,212.44
37.469,52.254,1766,201.95
40.12,52.082,1793,199.45
38.885,51.254,1776,196.3
33.233,53.685,1685,186.22
25.36,60.022,1674,194.52
14.112,63.797,1646,208.24
5.3173,59.752,1624,176.88
-1.231,54.095,1567,184.64
-0.26043,60.832,1571,189.83
8.3406,66.979,1574,181.42
19.764,71.762,1579,175.98
28.632,76.946,1587,181.82
39.129,79.188,1550,166.27
49.81,78.594,1618,173.65
50.816,65.349,1654,174.35
38.854,60.978,1542,168.84
27.757,58.933,1572,197.22
30.605,60.26,1572,169.03
31.749,59.885,1654,168.14
31.867,59.653,1655,185.98
31.484,59.414,1687,182.29
31.843,59.33,1644,171.61
31.733,59.684,1621,173.88
30.643,59.076,1597,164.52
28.658,56.103,1625,164.97
23.528,55.382,1648,184
18.792,53.906,1633,171.24
13.722,54.208,1623,173.19
9.4145,51.842,1575,167.25
5.2074,52.231,1596,169.29
1.3377,52.866,1578,166.76
-2.4087,52.371,1549,159.33
-1.7671,58.48,1498,172.94
1.9951,60.738,1547,169.41
6.5056,63.517,1641,185.78
11.546,64.184,1674,196.19
18.33,60.908,1693,184.27
14.61,63.722,1639,182.8
3.6549,62.03,1585,177.79
-0.69539,53.685,1613,182.66
2.9009,52.725,1671,203.24
4.3214,63.094,1670,185.4
4.9634,69.471,1682,187.37
17.058,66.56,1707,171.42
25.506,59.889,1749,174.36
20.174,55.244,1748,180.99
6.051,57.764,1696,185.98
-4.5477,56.591,1588,185.57
-1.4615,57.875,1598,182.57
1.4164,56.908,1585,171.62
1.2766,56.168,1608,171.22
1.291,56.246,1581,187.49
1.5287,56.215,1554,178.54
1.5587,57.16,1540,167.4
1.3863,56.259,1524,165.17
0.56195,56.815,1528,164.35
0.97034,55.874,1483,166.39
0.85872,57.103,1517,166.92
2.2205,60.676,1473,166.55
4.5837,61.039,1509,162.53
0.81094,61.64,1511,170.24
-2.9938,60.346,1461,162.94
-2.3657,60.439,1468,168.84
-1.4173,63.643,1463,168.03
1.7598,67.41,1491,173.42
6.693,68.533,1597,191.73
11.543,66.487,1666,208.9
5.1211,63.904,1613,195.39
-2.1969,59.654,1560,172.91
-4.4394,56.969,1540,173.06
-7.0169,58.462,1561,175.06
-4.0469,62.124,1582,192.5
2.733,71.168,1608,188.89
11.57,73.171,1663,175.26
13.14,73.972,1654,185.78
12.67,78.725,1679,191.46
17.636,81.832,1771,214.39
27.185,84.935,1780,213.27
35.816,88.223,1773,210.11
43.591,90.085,1825,207.99
51.296,88.708,1852,200.83
46.251,87.518,1843,212.97
30.75,84.107,1778,222.6
15.79,75.933,1668,206.66
5.6289,64.69,1645,204.66
-3.6419,61.205,1611,214.52
-5.1741,66.702,1555,188.97
7.717,76.162,1640,217.9
21.901,83.626,1704,207.07
37.402,87.876,1773,212.26
47.144,94.516,1759,207.59
56.595,95.417,1774,203.39
60.006,92.649,1789,200.16
64.224,90.472,1774,201.6
69.971,86.637,1814,188.73
71.22,82.333,1844,195.56
70.051,77.159,1951,203.45
64.7,70.485,1978,207.91
64.596,63.316,1988,209.69
57.647,61.192,1951,211.24
52.282,65.11,1905,223.98
47.433,80.641,1867,213.87
58.717,90.057,1828,212.05
72.172,89.595,1843,197.4
82.227,86.903,1832,181.99
89.263,85.261,1850,178.7
92.638,83.301,1909,198.1
99.396,82.335,1847,178.57
106.29,90.874,1793,181.1
113.28,91.34,1785,178.5
120.54,94.961,1771,170.51
125.6,103.44,1783,170.68
126.01,110.06,1784,179.88
129.07,101.38,1839,203.21
124.08,90.542,1844,193.57
124.83,81.971,1850,186.36
117.66,79.922,1899,199.54
117.03,77.665,1945,193.28
116.08,80.024,1912,184.01
112.89,84.695,1823,167.14
108.85,89.452,1855,168.55
108.46,94.756,1858,190.6
115.08,108.07,1799,184.61
115.05,120.45,1753,178.2
112.26,126.49,1734,176.59
111.47,132.28,1787,188.83
112.89,134.13,1727,170.26
115.98,131.15,1726,166.04
118.96,126.67,1749,176.63
124.94,117.87,1827,202.26
128.42,122.57,1780,184.86
126.67,123.27,1758,183.42
129.77,126.52,1782,198.54
127.31,128.35,1783,188.98
124.32,129.57,1765,182.56
125.56,128.01,1766,180.14
133.13,131.66,1722,170.43
138.77,133.94,1711,172.1
140.88,132.66,1672,161.03
142,117.49,1666,164.56
140.42,102.89,1624,168.08
136.79,92.348,1737,180.61
130.08,89.952,1867,188.54
121.36,95.903,1837,188.76
118.38,112.34,1885,190.83
112.04,129.22,1809,187.63
111.27,131.2,1730,177.7
113.66,127.35,1678,165.49
108.57,124.46,1785,171.74
111.13,126.42,1817,176.9
110.39,126.56,1843,181.15
110.91,126.12,1841,188.32
110.99,126.57,1828,180.58
111.55,126.2,1843,175.7
112.2,123.33,1880,194.44
113.6,122.25,1908,189.07
112.85,123.48,1899,198.16
112.2,120.04,1906,198.1
109.86,116.77,1928,197.48
111.45,113.92,1943,204.07
111.44,115.65,1975,202.98
107.45,115.28,1950,195.98
103.19,115.04,1924,192.65
101.81,119.49,1897,188.09
105.75,122.94,1940,190.77
113.78,126.31,2016,180.97
120.88,129.23,2006,179.71
113.1,127.72,1947,187.41
109.43,118.09,1904,176.35
119.78,117.58,1986,179.89
125.34,125.73,1991,190.36
116.65,131.76,1940,190.91
108.86,129.84,1909,179.65
114.47,129.03,1919,180.31
121.23,138.65,1912,179.01
122.75,142.53,1933,187.98
120.7,134.47,2030,203.69
111.85,128.68,2042,210.42
101.14,128.66,1983,189.88
102.13,125.64,1956,182.94
111.76,133.2,2028,204.22
110.69,141.35,1906,193.23
105.7,136.38,1964,201.2
100.85,129.22,1973,211.2
99.919,136.97,1984,203.02
100.25,145.7,1923,193.48
100.08,149.69,1848,193.95
102.9,151.58,1867,193.51
108.4,151.41,1880,208.12
115.29,147.36,1942,211.98
113.94,135.45,1988,217.01
101.61,138.29,1906,211.67
92.722,149.38,1811,195.65
84.943,152.83,1723,182.83
88.043,158.11,1770,201.34
93.382,159.38,1863,238.36
99.639,149.8,1891,238.98
112.14,142.5,1884,215.32
117.51,147.06,1850,205.23
101.33,149.93,1866,232.99
85.374,152.67,1776,207.4
73.267,157.96,1700,191.6
65.351,162.74,1582,183.44
72.792,168.06,1662,201.07
87.447,165.09,1707,198.78
102.37,154.87,1763,200.69
117.05,152.84,1813,192.83
128.02,148.9,1757,175.36
128.38,149.86,1771,197
121.31,144.9,1867,221.86
123.44,146.1,1834,200.41
117.81,157.1,1821,190.09
113.02,163.67,1839,200.66
117.95,166.51,1800,186.06
119.95,168.45,1760,190.84
112.78,168.66,1765,187.49
110.25,172.26,1723,179.32
107.43,171.13,1667,171.01
104.21,166.03,1760,206.84
88.881,167,1809,222.25
71.047,173.37,1709,203.78
60.215,172.38,1634,196.82
61.363,176.95,1636,206.3
63.31,183.39,1647,213.69
65.618,190.92,1588,195.2
68.832,196.69,1572,188.73
68.332,196.36,1578,173.41
61.867,191.34,1504,167.64
46.32,188.12,1497,178.1
35.022,192.17,1479,171.33
27.92,192.78,1396,180.85
26.662,195.91,1404,173.82
32.953,202.31,1433,196.95
45.423,208.44,1446,193.9
61.494,207.07,1483,179.95
76.359,199.85,1544,171.82
83.166,202.58,1559,180.64
85.876,200.72,1628,194.2
86.181,202.84,1623,202.84
80.769,204.87,1548,164.91
75.014,205.03,1439,162.62
72.489,202.03,1371,149.29
77.502,201.69,1373,145.44
84.42,207.4,1558,176.83
74.938,209.35,1601,202.26
61.623,212.47,1509,182.35
54.675,218.2,1483,190.44
51.487,219.7,1507,194.85
50.909,224.37,1431,174.53
50.729,227.24,1419,167.81
53.521,230.67,1411,169.22
50.595,237.72,1405,183.07
44.64,238.33,1360,168.24
49.934,242.45,1321,163.65
60.048,241.05,1334,163.65
66.601,245.55,1376,172.19
63.93,248.31,1343,168.56
52.249,245.63,1239,161.01
48.063,243.94,1281,179.46
52.817,244.93,1321,158.67
52.576,245.38,1347,160.69
52.104,243.39,1354,164.31
52.048,244.25,1327,159.11
52.077,243.87,1304,160.3
51.749,245.12,1304,154.5
51.673,245.75,1282,152.19
51.754,244.46,1311,158.04
51.258,244.76,1315,160.77
50.617,245.06,1330,178.11
52.799,246.97,1299,149.88
53.941,248.94,1323,161.27
51.53,248.33,1327,153.64
52.818,246.3,1287,162.44
56.003,246.37,1343,171.57
58.428,246.97,1394,183.14
61.608,249.88,1400,179.08
60.588,251.83,1421,184.64
59.893,249.89,1430,173.81
60.564,247.11,1451,167.17
60.648,245.2,1464,192.15
59.291,246.06,1467,194.37
59.087,247.01,1483,191.8
51.704,252.66,1422,200.17
48.146,256.73,1402,194.37
47.392,255.07,1401,174.12
45.195,255.3,1374,179.79
45.977,253.57,1374,179.31
48.003,251.76,1444,178.51
46.709,251.96,1411,177.65
47.09,252.37,1402,175.99
46.838,252.57,1394,178.5
47.174,252.48,1355,186.79
47.293,251.85,1365,177.07
47.191,253.11,1361,164.9
48.13,252.84,1345,182.32
47.622,251.85,1365,167.7
48.215,252.63,1401,168.32
49.166,252.26,1387,197.02
51.897,251.79,1365,188.93
56.312,250.5,1373,172.21
60.522,253.73,1402,180.53
65.413,254.7,1404,170.8
64.6,257.12,1461,175.6
62.381,252.17,1470,173.44
59.056,243.23,1486,181.49
60.728,234,1538,208.8
65.599,229.89,1578,188.71
61.09,231.02,1555,178.04
52.157,238.2,1513,188.45
49.756,251.01,1420,202.99
52.8,260.25,1394,217.13
62.957,261.3,1510,182.94
70.076,255.63,1566,174.09
76.921,252.01,1609,199.64
80.067,248.42,1679,196.74
79.572,241.34,1670,194.99
80.175,237.46,1659,193.59
78.616,234.64,1641,203.11
79.082,236.36,1590,196.55
76.807,235.5,1598,190.81
74.339,235.04,1607,195.93
67.575,236.15,1565,191.66
57.426,237.75,1427,253.14
45.408,238.79,1299,355.36
39.688,234.51,1145,312.86
37.937,234.55,2273,229.9
44.807,243.11,2281,238.45
55.113,250.89,2219,212.87
52.75,252.91,2160,213.94
55.161,253.81,2152,208.69
66.565,256.15,2143,206.79
77.163,258.29,2027,191.88
83.079,260.41,1985,194.92
83.517,260.03,2008,197.83
75.725,255.45,2021,204.14
70.518,242.13,2016,197.34
75.386,250.93,1980,177.35
72.369,261.59,2062,198.34
73.162,261.11,2097,208.22
68.833,266.92,2105,215.16
62.269,268.65,2156,222.52
58.548,272.13,2079,224.27
65.304,274.29,2056,233.29
77.574,273.22,2029,216.87
89.5,272.67,1968,198.72
100.88,270.17,1885,178.2
109.89,268.88,1842,177.03
111.73,264.93,1957,205.99
110.89,262.01,1954,200.64
107.18,252.14,1867,190.53
103.08,245.21,1970,185.41
98.422,234.9,2039,207.03
93.382,222.92,2128,212.1
97.454,215.85,2123,223.53
93.369,229.18,2086,213.89
94.016,246.46,2073,219.5
102.14,262.24,2036,214.27
113.98,271.26,1955,200.02
122.43,278.37,1849,177.44
125.22,279.92,1779,179.43
129.09,272.38,1721,175.01
124.24,272.17,1716,174.68
121.81,272.14,1793,173.67
121.2,271.58,1875,178.47
120.38,271.77,1932,179.7
120.47,271.27,1956,187.46
120.22,271.42,1954,181.55
119.59,270.95,1958,180.22
119.42,270.44,1971,181.14
117.94,271.9,1967,180.5
114.35,272.11,1975,176.68
111.21,274.21,2003,180.44
110.32,272.37,2001,182.8
111.11,273.73,1977,181.06
109.5,278.7,2007,182.02
111.34,282.88,2025,185.67
114.66,284.16,2026,189.45
120.44,283.58,2019,185.92
124.76,281.12,1963,175.76
129.62,276.1,1959,173.15
129.12,279.08,1930,175.23
118.85,280.42,1919,172.07
115.13,273.07,2019,189.54
121.24,272.15,2070,198
122.68,282.31,1987,177.93
118.07,287.18,1943,170.73
120.44,278.02,2060,176.69
127.81,270.92,2059,180.34
130.42,277.77,2040,179.53
122.51,276.56,2065,184.67
126.29,275.43,2085,187.27
130.83,273.93,1962,174.25
137.29,273.99,1842,169.89
136.85,276.39,1837,175.98
133.86,274.56,1928,185.09
127.43,276.5,2024,185.07
126.33,274.4,2121,182.18
117.93,275.72,2151,192.7
113.67,265.64,2297,213.82
106.09,252.12,2246,217.56
103.19,239.82,2243,219.81
103.97,233.98,2153,211.38
101.79,233.75,2143,215.64
102.39,247.4,2182,218.23
107.61,262.46,2121,213.89
116.92,274.79,2136,207.14
116.11,280.96,1992,187.46
122.22,275.36,2022,197.21
120.72,273.29,1981,196.5
115.92,276.08,2018,194.41
106.38,276.74,2052,202.35
100.28,285.85,2086,223.07
109.38,285.98,2075,230.23
123.69,282.73,2120,230.06
133.9,279.36,2042,212.75
136.5,272.39,2036,225.33
134.48,269.97,1995,203.22
127.72,263.75,2013,215.7
115.23,268.91,2004,206.79
97.14,262.99,1992,201.78
86.365,256.7,2067,221.82
84.487,249.41,2165,247.64
99.122,247.47,2131,239.71
110.83,240.23,2069,227.55
118.91,232.35,2014,219.19
120.45,220.86,1985,210.26
121.44,206.11,1988,211.68
124.38,188.42,2050,224.7
133.35,174.18,1971,212.75
141.85,163.95,1974,211.03
149.32,151.75,1938,206.35
153.8,141.34,1920,208.86
153.81,137.06,1837,183.13
147.2,147.92,1882,198.16
146.42,155.39,1852,197.75
147.95,152.03,1892,194.33
146.76,151.75,1946,193.35
147.11,151.27,1974,191.6
146.82,151.57,1989,187.91
147.01,151.59,1987,191.42
146.7,152.5,2000,188.15
147.67,150.89,2001,186.34
147.76,152.33,2042,183.82
144.74,151.33,2034,186.63
146.35,146.54,2055,185.53
143.17,141.71,2035,183.55
142.39,137.64,2027,183.52
140.29,132.68,2072,185.09
137.19,128.9,2093,184.57
136.38,123.37,2120,183.23
139.57,120.67,2047,174.86
140.96,126.2,2006,172.63
134.5,131.26,2010,172.83
130.54,138.03,2016,183.74
140.06,140.76,2022,176.63
148.38,140.15,1977,175.11
153.42,139.79,1958,178.02
157.55,132.45,1959,176.54
158.62,123.92,1969,176.15
157.59,115.58,1930,174.86
158.19,117.65,2018,182.46
151.39,122.53,2031,184.95
143.13,124.68,2112,190.36
137.1,131.97,2161,183
143.99,139.13,2111,193.68
142.94,143.07,2146,196.97
138.82,133.2,2062,184.3
147.97,135.05,2119,189.69
147.64,145.27,2060,185.86
137.02,147.26,2110,196.21
125.32,141.51,2169,206.45
112.1,138.92,2126,208.87
100.7,137.97,2097,205.49
94.858,135.35,2175,230.1
90.18,144.49,2106,220.95
84.086,150.96,2105,225.41
74.883,157.35,2107,225.2
62.33,168.29,2114,235.32
48.026,175.26,2113,232.58
39.888,172.5,2040,213.02
29.086,174.62,2047,210.83
20.576,178.93,1986,205.72
12.884,186.63,1969,209.01
5.8838,194.89,1959,211.95
-0.47993,201.99,1966,210.57
-2.2352,211.48,1988,211.34
1.0096,221.41,1954,216.88
7.331,232.14,1992,218.24
20.378,242.59,2069,206.76
34.184,256.65,2085,202.85
25.168,259.6,2008,204.79
16.282,248.23,1980,207.41
9.6443,233.97,1982,208.99
4.7113,219.26,1964,220.08
2.6744,205.6,1916,199.44
-1.4107,204.64,1835,188.05
1.0456,205.55,1834,187.46
3.6529,211.44,1898,205.9
5.4647,206.21,1817,191.03
-0.44434,204.16,1648,183.79
-7.2279,197.86,1419,168.56
-12.876,192.62,1170,145.13
-12.107,199.21,852,139.03
-1.7703,202.19,720,120.99
-2.9703,197.16,582,115.39
-3.576,195.27,630,116.04
2.4861,194.78,643,107.69
3.6977,201.06,646,108.77
2.4821,204.36,538,93.603
3.0165,212.17,684,109.48
-1.0725,208.72,832,114.67
-4.9039,208.21,1147,139.06
-5.1741,209.96,1455,148.24
-7.2762,215.04,1704,161.47
-4.5688,218.19,1814,172.68
-2.6452,229.37,1772,171.32
-9.4225,228.58,1824,176.85
-11.409,229.15,1874,181.84
-15.657,233.2,1830,173.53
-14.148,234.36,1849,165.29
-17.534,241.19,1765,162.44
-21.903,248.81,1767,163.97
-21.026,257.04,1712,155.74
-19.409,256.4,1784,164.34
-14.1,254.89,1799,165.08
-12.924,247.45,1788,185.89
-12.03,246.55,1777,180.92
-23.057,247.53,1740,169.58
-29.034,254.64,1612,153.28
-26.982,259.1,1640,163.6
-26.701,251.31,1618,156.99
-25.948,251.58,1701,157.62
-25.354,251.28,1812,169.07
-25.134,251.53,1843,168.02
-24.834,251.92,1831,168.91
-25.037,251.75,1808,171.23
-25.091,251.32,1791,165.59
-25.009,251.76,1787,167.14
-25.037,250.22,1776,172.14
-24.773,250.67,1797,169.57
-24.845,250.87,1802,169.06
-23.478,249.86,1853,174.93
-22.913,249.24,1856,171.23
-21.85,247.02,1841,174.03
-18.823,243.64,1869,173.1
-16.673,240.89,1913,174.66
-17.155,239.3,1943,183.62
-22.426,239.78,1862,172.43
-26.685,245.77,1866,171.86
-31.58,249.95,1821,171.78
-35.159,253.85,1777,170.36
-37.368,257.28,1781,169.68
-35.187,261.79,1793,171.33
-35.12,260.58,1829,173.79
-34.02,259.29,1839,170.55
-34.865,258.12,1853,168.68
-34.573,258.3,1850,168.49
-34.511,258.88,1838,166.58
-34.53,258.73,1822,166.68
-34.427,260.32,1804,165.12
-34.407,258.58,1794,164.84
-34.417,259.32,1778,163.03
-34.543,259.26,1777,166.3
-34.43,258.4,1774,164.36
-34.447,258.88,1771,167.64
-33.649,257.63,1832,171.29
-30.552,258.2,1882,172.43
-26.027,258.1,1959,185.64
-21.914,254.27,1975,182.09
-18.741,249.19,1950,181.86
-21.668,243.81,1926,173.24
-23.726,239.58,1967,173.69
-23.921,247.21,1911,174.64
-27.447,256.98,1900,168.97
-31.575,263.4,1884,171.39
-32.062,266.06,1848,172.53
-26.729,265.16,1953,185.82
-22.047,256.08,2019,188.17
-19.607,246.68,2067,194.61
-26.004,241.81,2022,188.05
-30.123,235.83,2066,186.83
-38.577,237.85,1993,187.49
-44.861,243.42,2054,186
-46.607,250.16,2085,187.58
-43.518,258.97,2055,198.81
-37.82,260.15,2021,194.57
-27.381,267.3,1950,186.25
-24.757,260.66,2002,207.01
-28.879,253.64,2057,214.11
-28.372,247.68,2033,192.82
-36.413,248.6,1987,186.16
-49.906,245.26,2038,183.74
-50.188,244.91,2077,203.47
-50.507,253.07,2113,216.39
-53.903,257.82,2083,211.14
-53.97,259.8,2059,198.15
-46.292,257.91,2075,203.4
-33.592,252.77,1996,185
-29.501,239.18,1940,175.1
-36.838,229,1870,170.29
-47.778,228.37,1820,167.62
-56.196,222.79,1820,164.62
-63.622,221.62,1813,167.5
-65.669,230.41,1841,176.76
-66.848,235.36,1807,186.63
-64.108,250.1,1927,194.98
-56.646,264.75,1945,188.11
-47.309,277.63,1878,185.02
-37.535,283.58,1853,183.18
-37.577,285.36,1951,204.26
-41.279,288.23,1915,207.56
-48.529,294.63,1934,210.5
-58.857,296.08,1909,202.97
-70.166,297.09,1817,194.58
-76.083,296.07,1866,213.62
-68.837,302.44,1834,209.86
-55.274,302.69,1840,208.61
-41.376,301.39,1795,192.76
-30.122,298.34,1689,179.92
-21.241,297.65,1470,159.92
-13.368,299.43,1218,140.17
-12.612,305.99,924,124.86
-8.3302,311.42,556,98.315
-5.1725,313.81,255,71.917
-2.115,312.98,276,67.17
-9.0552,307.25,830,115.37
-18.557,301.17,1539,162.12
-29.869,294.67,1880,184.26
-45.684,295.18,1845,184.53
-53.28,289.55,1905,200.98
