0,-0,127,40.367
-1.8387,-2.9692,130,43.096
-4.5146,-1.3984,123,38.87
-5.3972,1.64,125,38.853
-3.4852,2.96,125,40.921
-1.2126,1.0787,127,44.61
-1.315,-1.9921,127,39.978
-0.88351,-2.7698,126,38.084
1.1999,-1.959,122,39.358
0.14265,-1.018,111,36.058
-1.4635,-0.37607,117,38.415
-2.0681,-0.15455,110,36.447
-2.8605,-0.78333,120,38.225
-4.0863,-1.0091,110,39.83
-5.2557,-1.2562,121,42.716
-3.7445,-1.7885,104,36.422
-1.2789,-1.5575,113,35.942
-0.49859,-0.74107,112,38.225
-0.78828,0.50926,108,35.289
-1.2718,0.31532,111,39.83
0.30498,-1.7411,112,38.035
0.87238,-2.1892,111,39.83
-0.69502,-2.5625,112,37.489
-1.1562,-3.3782,119,37.737
-1.3128,-3.1186,118,38.572
-1.4803,-4.2913,127,39.242
-2.742,-3.2685,108,39.259
-1.9507,-2.812,117,40.293
-5.2248,-0.46032,126,39.631
-4.5723,1.3145,124,41.384
-4.7218,1.2321,112,36.984
-2.7698,0.69444,108,38.796
-2.4823,0.21186,118,38.109
-4.6341,0.90517,116,38.101
-7.4214,1.155,129,40.946
-7.6317,0.23485,132,40.094
-7.2372,0.104,125,40.549
-7.2578,-0.43548,124,37.927
-7.1923,-0.59848,132,42.931
-6.5146,-1.3496,123,38.407
-3.685,-2.5391,128,42.997
-1.2892,-1.1293,116,38.572
1.3599,-0.10185,108,38.324
3.5228,1.2333,120,44.031
3.5395,1.4083,120,37.762
1.5818,1.1871,139,41.682
0.65119,2.3134,134,39.631
2.2362,4.3386,127,40.177
2.7742,5.2566,113,38.854
0.93574,4.9113,124,38.506
2.4055,1.1736,121,38.986
2.7901,2.7757,107,39.168
2.2047,4.3545,110,40.657
1.0312,3.3167,120,41.31
2.8313,1.5424,118,41.128
3.4926,5.5566,106,37.274
2.9228,5.8222,45,21.155
2.1978,4.5,48,23.14
0.92283,2.56,50,22.47
-0.38929,0.63636,66,27.639
-0.80217,2.0417,72,30.749
-2.1534,1.873,63,27.217
-3.8151,-0.12069,58,27.358
-6.4234,-1.8955,67,28.557
-3.0802,1.0746,67,27.358
-3.5053,1.5469,64,27.73
-4.0834,3.2188,64,26.779
-3.7028,6.5897,78,31.551
-6.2824,3.2237,76,29.02
-6.9802,0.060606,66,27.523
-6.6622,-1.5224,67,26.324
-5.0607,-3.5616,73,28.838
-3.4772,-3.7286,70,28.557
-1.4238,-3.0533,75,28.739
-1.1155,-2.9041,73,30.707
-1.664,-2.1974,76,29.69
-1.9343,-2.6714,70,27.424
-2.0343,-3.5714,70,28.168
-2.3705,-4.3733,75,28.954
-2.7476,-3.5211,71,29.897
-3.2049,-4.0417,72,28.259
-3.5595,-3.7941,68,28.557
-4.0301,-3.6471,68,27.333
-4.5105,-3.2917,72,31.212
-5.0938,-3.0417,72,29.963
-5.6772,-2.3944,71,29.111
-6.0434,-1.6197,71,29.136
-6.2529,-1.4091,66,26.481
-6.0715,0.42254,71,28.946
-4.0154,1.25,68,27.548
-3.1911,0.33333,72,28.276
-2.6343,-2.0714,70,27.92
-2.7226,-1.7727,66,27.333
-3.2936,-1.3836,73,29.111
-3.3823,-1.5897,78,29.111
-3.0856,-1.1831,71,28.739
-3.0587,-1.1447,76,29.111
-2.987,-1.1972,71,28.648
-2.9525,-1.3333,69,28.739
-2.6355,-1.4167,72,28.648
-2.7476,-1.507,71,28.838
-2.6909,-1.9589,73,29.475
-2.6635,-2.1096,73,29.574
-2.6057,-2.4714,70,28.284
-2.3087,-1.3816,76,29.665
-1.9566,-1.6618,68,28.251
0.29058,1.0484,62,26.688
-1.0048,3.4138,58,26.597
-1.169,2.2787,61,25.373
-0.48236,4.5714,77,29.417
0.41586,5.2558,86,30.525
0.34753,5.0123,81,29.293
0.76728,4.8889,90,32.502
-0.65108,3.1739,115,36.612
-1.3206,4.6435,115,38.407
0.32283,7.4915,118,36.43
0.91766,8.069,116,37.257
1.7711,7.4828,116,36.811
2.6812,4.8583,120,37.828
1.2185,2.1304,115,36.149
-4.5416,1.2288,118,36.24
-6.2722,7.0579,121,37.067
-3.5479,10.284,116,36.447
2.1194,7.9492,118,35.942
5.6391,3.3846,117,36.538
2.5145,-2.2417,120,36.976
-3.3065,-2.569,116,37.671
-6.993,2.5439,114,36.356
-5.1565,9.1157,121,36.331
-0.7105,11.583,120,36.703
2.5911,10.325,123,37.092
5.9584,7.4661,118,35.752
7.6051,3.8871,124,37.373
6.1507,-1.2459,122,37.944
2.9228,-4.5917,120,37.001
-1.6183,-5.2017,119,36.149
-6.7763,-1.8595,121,39.83
-7.8247,4.623,122,37.646
-5.1938,11.133,120,37.646
-0.48517,11.928,125,37.067
5.1374,8.7419,124,36.91
8.0108,5.024,125,37.927
6.8438,-0.70588,119,36.587
2.5609,-3.7698,126,38.109
-3.9559,-4.7131,122,38.018
-5.9293,-3.0252,119,37.009
-3.7892,-5.824,125,38.283
-2.6295,-6.4286,126,38.043
-2.4897,-6.2734,128,38.39
-1.9352,-5.6452,124,38.771
-1.8479,-5.5772,123,36.24
-2.0855,-6.0333,120,36.612
-3.0296,-5.9836,122,36.331
-3.6446,-5.9919,123,37.191
-3.8755,-6.1818,121,36.331
-3.9881,-7.2521,119,37.456
-4.4671,-5.916,119,37.646
-4.5755,-5.7712,118,38.862
-5.2869,-5.5041,123,37.067
-6.0017,-6.4123,114,35.967
-6.1272,-5.35,120,36.612
-6.8872,-4.6303,119,37.282
-7.2026,-5.0254,118,35.504
-7.2375,-4.5776,116,35.851
-7.8807,-4.6814,113,35.388
-7.3242,-4.1849,119,36.331
-8.0996,-4.8793,116,35.785
-6.6772,-5.4483,116,35.504
-3.8165,-5.459,122,37.464
-3.2557,-3.6364,121,36.422
-3.7102,-2.8926,121,37.547
-7.9086,-0.38017,121,38.225
-9.2951,-5.1057,123,36.703
-3.9229,-6.0932,118,37.944
-5.6368,-1.2177,124,38.01
-11.6,-2.547,117,36.397
-8.978,-5.7967,123,37.166
-3.0562,-3.6048,124,38.225
-5.2659,0.95968,124,36.43
-8.8976,1.4803,127,41.136
-10.206,-0.61983,121,36.794
-8.8212,-3.728,125,37.373
-6.7837,-4.8197,122,37.191
-5.9332,-3.504,125,37.745
-7.4136,-3.5581,129,38.018
-8.2168,-2.246,126,39.722
-8.4352,-0.95161,124,37.555
-9.4522,-0.63333,120,38.688
-10.971,-0.31746,126,37.745
-10.315,-1.4646,127,38.299
-10.388,-1.875,128,39.333
-9.9272,-1.4062,128,37.166
-10.702,0.22131,122,37.191
-11.604,-0.41463,123,38.142
-11.076,-1.0894,123,38.771
-8.4115,-2.2266,128,40.086
-7.2659,-1.2097,124,37.373
-6.5464,0.3,130,39.077
-7.3618,2.1538,130,38.787
-7.2598,3.2126,127,38.018
-7.8787,5.6269,134,39.06
-5.5079,6.9692,130,38.754
-2.8165,7.8033,122,36.761
-0.54493,10.603,121,39.532
0.6063,9.3622,127,38.299
-0.62917,10.096,125,37.745
-0.14058,11.154,123,36.976
-2.578,11.24,121,38.316
-6.4804,8.3525,122,36.422
-7.7094,4.5,124,37.166
-8.0674,3.5041,123,36.976
-8.8555,3.5116,129,39.242
-8.5978,3.127,126,38.134
-9.2803,3.5952,126,38.043
-10.984,1.1969,127,38.978
-10.969,-2.2538,130,38.2
-8.653,-4.5403,124,38.961
-4.5627,-2.8015,131,39.143
-7.8256,4.4844,128,37.646
-12.064,8.0336,119,38.035
-13.817,4.5902,122,36.058
-13.303,-1.4553,123,37.191
-9.126,-4.1811,127,39.449
-4.0268,-0.95122,123,36.918
-4.7162,8.1719,128,37.927
-7.4646,12.724,127,38.109
-0.61656,9.8864,132,40.557
6.4854,9.3577,123,37.919
6.7885,10.954,131,39.325
5.4236,5.186,129,39.35
6.9277,-2.7016,124,37.737
9.553,-1.9762,126,38.688
6.6155,0.80488,123,37.191
-0.37795,-2.9134,127,37.919
3.4357,-6.9597,124,38.597
5.937,-2.4331,127,37.646
9.2205,2.0945,127,37.836
8.9035,6.4839,124,36.819
5.4624,10.411,129,42.327
2.7468,11.456,125,36.794
-0.18898,10.835,127,37.646
-2.6613,10.365,126,37.737
-3.4711,9.7405,131,39.151
-1.7717,9.0315,127,38.787
0.21172,9.5852,135,40.086
-0.91717,10.904,125,38.2
-2.4252,10.331,127,37.737
-3.6772,9.904,125,37.464
-4.8012,8.876,129,37.927
-6.5039,8.4567,127,39.35
-9.5398,7.313,131,39.449
-10.632,3.1591,132,40.83
-6.8346,-3.5354,127,38.018
-1.3438,-1.093,129,38.109
-7.6537,3.1641,128,38.597
-13.738,4.1756,131,38.117
-13.709,0.040323,124,38.324
-8.4968,-3.8525,122,37.282
-2.1496,-2.3228,127,38.498
-3.0338,3.7597,129,37.621
-7.5252,9.76,125,38.589
-11.876,7.619,126,38.134
-8.3332,2.384,125,36.885
-3.2294,2.9403,134,39.333
-1.1554,10.029,138,42.17
-5.7004,11.023,129,39.217
-10.177,8.7734,128,38.506
-12.274,6.0161,124,37.158
-13.616,4.1374,131,39.689
-13.575,2.2756,127,38.407
-13.839,-0.69231,130,39.143
-13.08,-1.6532,124,37.365
-11.197,-3.4016,127,38.2
-6.6852,-5.432,125,38.779
-3.2869,-5.7317,123,36.678
-1.5591,-4.315,127,38.291
-0.58917,-3.696,125,37.555
-3.0551,-2.874,127,37.257
-7.7387,-0.93077,130,39.143
-9.8819,-0.84252,127,38.506
-10.888,-0.53125,128,39.631
-12,-0.26772,127,37.745
-12.315,-0.43307,127,37.836
-12.352,-0.7907,129,37.927
-12.189,-0.44275,131,38.109
-10.946,-1.3538,130,38.2
-10.708,0.81679,131,38.117
-13.097,2.916,131,38.655
-14.277,2.968,125,37.166
-13.346,0.8189,127,38.018
-12.908,0.85385,130,38.299
-12.829,1.52,125,36.885
-13.045,2.856,125,36.794
-12.654,4.6434,129,38.316
-12.169,7.4219,128,38.134
-8.4194,7.6562,128,37.927
-4.7156,9.2923,130,38.415
-2.0511,9.748,123,36.513
0.83077,9.9048,126,37.538
2.4115,7.7903,124,38.688
4.2608,5.3411,129,38.796
5.8588,3.616,125,38.183
6.2459,2.8769,130,38.225
5.2603,3.5547,128,38.804
5.9322,3.125,128,39.904
5.7182,3.0388,129,38.688
4.8887,2.8682,129,38.663
5.4004,2.7209,129,40.756
5.4166,2.0312,128,38.316
5.5197,3.3622,127,37.646
6.1022,4.9191,136,39.904
6.4273,7.1045,134,38.109
1.4244,6.0547,128,38.688
2.3306,0.30469,128,39.052
6.4592,3.9091,132,38.754
-0.34129,7.7176,131,39.143
-5.8576,2.9323,133,38.018
-7.5079,-5.1385,130,39.143
-4.0635,-6.4394,132,41.938
-6.9478,-1.218,133,40.83
-15.48,0.2623,122,37.555
-18.758,1.4634,123,37.464
-16.333,4.728,125,39.267
-12.189,7.656,125,40.086
-9.0481,8.9597,124,37.191
-6.6459,9.5469,128,38.39
-4.5834,9.875,128,37.82
-2.7917,9.4122,131,41.136
-0.96399,8.4031,129,38.597
-1.0958,8.7674,129,39.06
-1.0802,9.0896,134,38.357
-0.84258,8.5188,133,41.335
-0.02831,7.5267,131,39.449
0.78552,7.1269,134,41.682
0.60314,6.6288,132,38.084
0.25666,7.1985,136,38.382
0.18209,5.9852,135,38.754
0.35384,5.093,129,39.449
0.29321,4.9037,135,38.655
-1.6621,5.0301,133,38.779
-4.1925,4.2385,130,38.473
-5.5945,2.5113,133,40.251
-5.6237,0.55725,131,39.242
-7.0512,-0.66412,131,38.779
-8.2397,-0.76562,128,37.282
-9.8518,-0.61905,126,37.927
-9.465,-1.553,132,40.301
-9.633,-1.2941,136,39.06
-9.129,-1.363,135,40.069
-9.3983,-1.1769,147,41.136
-9.346,-1.1391,151,43.857
-9.5011,-1.2201,159,42.426
-8.697,-1.245,151,41.384
-8.174,-1.5732,157,43.121
-7.83,-1.8089,157,44.403
-7.4385,-1.3871,155,43.344
-7.4062,-1.1935,155,41.384
-7.0798,-1.539,154,42.534
-7.4157,-1.5229,153,41.541
-7.7699,-1.2384,151,41.384
-7.4922,-0.91096,146,40.441
-7.5893,-0.94595,148,42.128
-7.5343,-0.73469,147,40.152
-7.2265,-1.0211,142,42.327
-7.6427,-0.53103,145,40.168
-7.9566,-0.33824,136,39.879
-7.8616,-0.36879,141,40.251
-7.8039,-0.11972,142,41.409
-7.1957,-0.27407,135,39.052
-7.7681,0.055944,143,39.887
-7.2887,0.35252,139,39.614
-10.416,0.27536,138,40.003
-8.845,-2.3212,137,39.465
-6.11,0.60448,134,39.813
-8.9629,3.9248,133,38.845
-12.838,2.2774,137,39.424
-10.677,-0.89474,133,38.208
-5.9198,0.24265,136,39.242
-8.4604,4.2587,143,39.515
-13.314,2.9924,132,37.828
-10.825,-0.28148,135,39.027
-7.1116,2.9103,145,40.342
-9.6631,8.5775,142,40.185
-12.24,8.2741,135,39.796
-9.6471,4.7293,133,39.358
-7.5951,-1.9552,134,39.904
-9.7749,-5.1805,133,41.128
-10.655,1.3582,134,39.424
-12.537,7.0515,136,40.64
-12.126,6.8897,136,41.111
-14.515,0.38235,136,40.276
-9.0612,0.094203,138,39.722
-5.8861,4.903,134,39.242
-11.767,5.9776,134,38.382
-14.781,0.88889,135,41.31
-11.886,-2.7015,134,39.614
-7.6847,0.42105,133,38.87
-11.026,5.3636,132,37.836
-14.95,2.4621,132,38.68
-9.8833,0.038168,131,40.665
-9.0247,6.5816,141,39.97
-12.7,10.716,134,39.234
-13.923,5.2692,130,39.788
-12.544,-1.8889,135,39.614
-11.188,-3.391,133,38.688
-11.136,-2.1654,133,40.094
-10.517,-0.94656,131,37.836
-10.326,-1.194,134,39.606
-7.5166,-2.5547,137,39.424
-5.8076,-2.8986,138,39.308
-2.47,-4.0643,140,40.284
4.4243,-5.1957,138,40.466
-1.349,-6.1875,128,40.83
-10.045,-4.1176,136,43.667
-16.091,-3.9766,128,39.333
-14.097,-0.1374,131,39.978
-12.26,6.4394,132,40.251
-16.323,5.063,127,39.631
-11.768,-1.0909,132,39.126
-5.1133,-5.6992,133,38.969
-5.2955,-2.2595,131,39.424
-14.339,-3.3701,127,37.828
-16.838,0.080645,124,38.473
-11.731,6.3769,130,38.779
-12.205,7.664,125,38.018
-10.532,4.0458,131,39.515
-9.2948,0.36029,136,39.333
-8.8334,-4.1641,128,38.407
-8.196,-5.1128,133,38.506
-8.4458,-4.5522,134,40.251
-8.9097,-6.0698,129,39.242
-2.5809,-5.9185,135,40.855
3.0425,-7.0833,132,40.739
3.1228,-4.7692,130,39.217
3.3755,-0.69173,133,39.631
2.9793,-2,131,39.887
3.2608,-4.4341,129,38.01
-2.1014,-8.9242,132,39.515
-5.7559,-8.7165,127,39.143
-11.537,-6.9375,128,38.316
-18.062,-3.6148,122,38.035
-20.545,1.9008,121,38.035
-16.73,-0.097345,113,37.555
-10.586,-4.8364,110,35.405
-8.3022,-3.8646,96,34.652
-7.2541,-1.6923,78,29.599
-9.2698,-0.85185,54,23.785
-9.6002,-1.5846,65,27.755
-10.448,-3.6311,122,37.464
-11.844,-4.4091,132,39.151
-11.203,-1.7852,135,39.606
-9.9384,-1.8881,134,38.018
-10.282,-2.4264,129,39.606
-10.708,-2.4574,129,37.439
-10.569,-2.6462,130,38.101
-10.825,-2.037,135,39.143
-11.463,-1.7176,131,38.663
-12.169,-0.60938,128,39.06
-13.598,-0.65354,127,38.407
-15.098,-0.94737,133,40.375
-16.169,-0.74603,126,38.87
-18.301,0.088,125,38.779
-18.629,2.376,125,37.464
-17.204,4.845,129,37.348
-13.994,8.4146,123,38.68
-9.315,12.535,127,38.589
-2.0648,13.512,129,38.597
5.3228,12.508,132,39.614
7.417,8.587,138,40.185
-0.23356,5.203,133,39.697
-8.6691,11.242,124,38.2
-7.871,16.101,129,38.961
-2.7565,17.778,126,38.771
2.3998,17.323,130,40.367
1.4772,13.574,136,41.012
-8.1657,11.328,131,39.788
-15.085,10.08,125,40.921
-10.106,4.4812,133,38.862
-1.7739,1.9839,124,38.018
0.023689,5.9915,117,37.001
-7.026,9.9302,129,37.745
-14.543,11.346,127,39.143
-10.197,8.7829,129,39.333
-3.631,13.992,130,39.06
-1.3926,19.293,123,36.794
3.2453,17.504,129,39.143
7.4636,13.489,135,40.185
8.8607,8.7576,132,38.961
3.7346,5.2206,136,39.614
-4.5512,10.795,127,38.2
-8.4975,17.93,128,40.21
-4.6693,20.567,127,40.119
-0.90297,18.694,124,36.885
-1.6772,15.28,125,36.885
-2.2962,14.286,126,37.464
-2.0758,12.748,143,40.466
-2.1772,12.715,144,40.921
-2.4758,13.148,149,41.665
-2.414,13.079,152,41.202
-2.3596,12.912,148,42.997
-2.414,13.342,152,41.012
-1.9546,13.723,155,41.111
-1.4629,13.455,154,41.847
-0.98772,13.553,161,43.253
-0.60263,13.46,161,42.236
-0.2721,13.184,158,44.982
0.13812,13.522,157,42.633
0.29752,13.5,158,42.211
0.78246,13.056,161,42.707
0.64988,13.774,159,45.42
0.52029,14.045,157,42.029
0.78035,14.222,153,42.79
0.97868,14.532,154,42.352
2.0044,15.541,157,42.335
1.8695,15.473,150,41.202
1.447,14.855,145,41.02
1.177,14.597,144,39.978
1.0975,14.887,142,42.633
0.50399,14.471,138,40.557
0.78269,14.708,137,39.821
-1.4182,16.266,139,40.185
1.7185,13.518,139,40.251
2.3081,14.779,136,40.16
-0.27291,10.362,141,40.466
-4.47,10.564,140,39.697
-3.918,15.832,137,39.333
1.9725,16.839,137,38.663
3.0623,10.268,142,41.963
-1.7735,7.8074,135,39.052
-3.6917,13.638,138,41.401
0.45519,19.015,136,40.83
4.9243,17.399,138,40.284
2.7567,10.846,136,40.665
1.0674,5.9343,137,39.978
3.7665,11.831,142,39.697
0.81189,16.715,137,40.954
1.8443,11.764,140,39.151
6.425,13.81,137,40.574
1.3381,15.008,131,38.68
-2.4453,8.5725,138,39.697
-1.3757,6.4632,136,39.234
1.0542,5.9478,134,38.572
2.492,7.5294,136,39.027
1.642,8.6383,141,40.276
-0.45574,10.657,140,40.251
-1.3678,10.547,139,39.209
-2.1986,9.8286,140,39.333
-3.2684,9.0438,137,39.788
-4.5045,3.9065,139,39.722
-2.1557,3.7786,140,40.838
-1.2617,3.7817,142,40.276
-0.66976,4.8741,135,39.143
0.45817,5.8271,133,38.845
2.7342,9.3191,141,42.145
2.8613,9.2657,143,41.111
2.4595,9.6475,139,39.705
2.1861,12.209,139,39.978
1.6489,16.217,138,40.458
0.029128,16.413,143,41.665
-0.79773,16.61,141,40.441
-0.67012,16.965,142,39.788
-0.67717,17.092,141,40.069
1.7257,16.331,139,39.697
5.2524,15.289,142,41.5
7.8122,10,141,39.788
4.6468,2.5704,142,40.557
1.4043,-6.0148,135,39.052
4.1344,-5.7826,138,42.815
-2.0082,-7.2324,142,46.801
-10.441,-9.0992,131,43.096
-16.346,-8.5748,127,40.086
-22.301,-8.096,125,38.018
-22.291,-5.2913,127,40.921
-21.303,2.6098,123,37.249
-19.177,8.7692,130,38.87
-12.76,14.053,132,40.83
-5.0415,19.519,129,39.97
4.0858,16.652,135,39.515
4.6288,6.5299,134,39.788
-0.72902,1.1333,135,40.549
-5.7618,8.0077,130,39.333
-14.553,7.8217,129,41.79
-9.4326,0.92086,139,41.566
-2.3925,-5.1971,137,40.648
-3.639,-11.107,131,39.333
-10.062,-10.192,130,38.663
-18.951,-10.016,124,38.109
-23.206,-9.0909,121,37.53
-17.064,-7.4015,132,39.606
-8.6229,-2.2016,129,39.151
-11.692,6.637,135,39.035
-19.132,3.7576,132,38.779
-19.814,-4.629,124,37.373
-16.499,-5.3333,129,38.878
-16.914,-5.3053,131,39.796
-18.453,-5.6418,134,39.234
-20.654,-4.3788,132,39.143
-21.466,-1.2969,128,38.109
-21.394,1.2047,127,38.39
-21.119,2.3411,129,38.498
-21.341,4.0234,128,38.845
-21.221,4.864,125,37.348
-21.314,4.9758,124,37.166
-21.513,4.5656,122,37.282
-22.153,4.0161,124,37.646
-21.621,2.4677,124,36.976
-20.037,1.168,125,37.563
-17.773,-0.768,125,37.828
-14.333,1.384,125,39.532
-12.303,7.6947,131,38.506
-8.1172,17.584,125,38.39
-0.1304,22.05,139,42.162
5.461,21.089,123,41.128
9.5166,15.341,129,37.712
12.069,9.8507,134,39.333
13.063,3.7176,131,38.961
10.452,-2.2803,132,40.276
5.1875,-8.6917,133,38.754
-1.1345,-11.961,129,39.697
-9.1496,-12.205,127,38.291
-17.937,-10.916,131,42.071
-24.423,-6.2846,130,39.73
-23.879,0.87097,124,37.646
-22.344,7.5969,129,40.367
-14.74,11.638,127,39.06
-6.6997,19.789,133,39.904
1.6844,21.008,130,41.335
8.5821,15.519,135,38.779
11.249,8.3704,135,39.697
11.105,0.64493,138,41.219
9.1931,-4.9084,131,38.663
10.548,-6.9774,133,39.515
8.3001,-0.59091,132,39.027
8.8562,7.1333,135,40.086
4.5371,14.764,140,40.16
-2.7206,21.362,138,39.606
-4.0915,22.05,140,40.35
3.9617,18.743,144,41.409
8.1933,19.669,139,42.054
7.3522,16.235,136,39.821
9.7451,7.1333,135,38.597
7.6151,-2.2538,130,38.663
1.5671,-9.6641,131,39.515
-6.0181,-13.288,132,39.242
-12.365,-12.688,128,38.2
-20.91,-11.884,129,39.912
-25.296,-8.2778,126,38.382
-28.157,-3.7355,121,37.811
-32.245,-0.86441,118,37.365
-32.984,1.2835,127,39.449
-34.412,-0.75,132,38.936
-37.295,-4.4472,123,39.333
-32.946,-3.8151,119,38.705
-29.96,-3.325,120,37.737
-24.784,-5.313,131,39.333
-17.334,-6.8806,134,39.333
-6.7801,-1.7426,136,40.458
-8.2173,8.7153,137,41.31
-10.327,14.321,137,41.401
-7.6183,21.846,136,39.523
-1.819,23.97,134,40.921
4.8676,21.187,134,38.87
10.345,15.158,133,39.697
12.735,8.2279,136,39.722
11.484,0.18462,130,38.87
8.7514,-6.4361,133,40.185
4.7921,-10.908,130,38.473
-0.82642,-15.321,134,39.242
1.0577,-16.114,132,38.382
-0.18879,-11.38,129,40.185
-4.6919,-1.5809,136,40.367
-14.531,-6.0923,130,39.449
-14.051,-14.756,131,39.904
-11.654,-17.646,130,39.813
-11.559,-14.882,127,38.018
-19.087,-13.165,127,37.919
-24.606,-10.563,126,39.904
-27.921,-3.189,127,38.961
-26.807,5.4878,123,37.067
-21.685,11.088,125,38.407
-16.869,16.315,130,38.382
-10.384,19.873,126,38.407
-1.3341,21.124,137,41.5
2.8514,20.364,140,43.948
-4.8305,17.015,137,41.781
-10.443,8.6406,128,38.299
-13.648,-0,138,40.16
-22.464,0.058824,136,40.574
-30.11,0.1194,134,41.02
-29.227,-5.313,131,39.606
-26.206,-9.0942,138,43.989
-24.949,-7.2794,136,42.79
-22.416,-3.3231,130,43.948
-19.369,6.1053,133,42.029
-15.526,12.947,132,38.663
-6.2986,10.221,140,40.921
-0.21883,2.1458,144,43.617
4.1366,-5.1862,145,45.065
10.046,-4.777,148,45.494
10.686,-1.6573,143,47.843
5.6943,-5.3571,140,46.363
3.0079,-13.189,127,39.151
5.5921,-14.2,130,39.234
4.9869,-11.516,128,38.01
5.9572,-9.1642,134,38.845
5.7977,-7.259,139,39.606
2.944,-6.8182,132,37.894
0.60751,-8.3285,137,38.746
-4.7809,-14.319,135,42.418
-7.1622,-17.963,134,43.898
-11.316,-15.446,130,43.915
-19.15,-14.674,129,42.443
-23.637,-13.293,123,41.591
-27.732,-9.4844,128,43.65
-33.525,-8.184,125,43.278
-36.72,-5.2966,118,39.821
-40.231,-0.14876,121,39.449
-43.151,-1.7105,114,37.191
-43.305,-6.3717,113,35.868
-43.552,-7.7321,112,36.24
-42.496,-7.6379,116,36.422
-38.181,-8.1849,119,37.737
-32.588,-4.8468,124,38.498
-40.702,-1.562,121,36.794
-46.777,0.016667,120,36.885
-46.488,3.2362,127,41.674
-44.087,3.3934,122,37.828
-35.441,-0.91057,123,37.745
-25.365,-3.032,125,39.234
-14.38,0.13281,128,39.424
-5.5764,6.2734,139,42.666
3.6096,8.7647,136,41.177
11.127,12.353,133,39.978
11.49,14.239,138,42.815
10.859,8.672,125,37.828
10.476,0.98387,124,37.249
7.3073,2.3876,129,37.902
6.9093,2.4511,133,38.316
7.2412,2.7891,147,41.963
7.7694,2.4654,159,42.517
7.8261,3.1677,155,44.693
7.9321,2.7351,151,41.293
8.0325,2.2258,155,41.475
8.2823,1.777,148,41.467
8.2834,1.1842,152,40.83
8.0314,0.57616,151,42.6
7.899,0.059603,151,44.122
7.2228,-0.81333,150,41.475
6.8388,-1.3439,157,43.46
6.5728,-1.4527,148,40.557
5.9254,-1.9231,156,43.088
6.0646,-2.9338,151,41.475
6.9503,-3.0065,153,42.128
7.8886,-2.0395,152,42.724
7.262,-1.9662,148,41.872
5.7475,-3.6027,146,40.441
5.3776,-6.6027,146,41.227
8.5956,-4.5315,143,42.451
4.9426,-2.8944,142,41.02
2.7786,-8.1633,147,42.823
5.5269,-10.415,147,40.623
4.731,-4.4966,147,40.458
5.1228,0.66429,140,41.128
8.2595,1.7606,142,40.367
7.6562,2.1806,144,41.682
8.2806,0.32394,142,39.697
8.5677,-1.2041,147,43.113
8.7144,0.062937,143,40.813
8.927,0.26389,144,40.168
8.9242,0.14189,148,42.79
10.779,-0.69128,149,41.682
8.9187,1.9452,146,40.648
9.155,-4.4196,143,39.887
11.823,-2.137,146,41.756
10.594,4.4786,140,42.071
9.9647,10.77,148,43.071
9.3163,17.13,154,44.841
6.9283,19.918,147,42.906
1.8552,22.59,139,41.219
-4.1772,23.357,140,41.202
-7.6843,20.957,141,42.534
-8.4986,15.857,140,40.83
-10.38,7.3551,138,41.012
-14.451,-1.292,137,41.508
-14.285,-9.6815,135,39.879
-18.839,-8.4692,130,40.276
-16.88,0.18045,133,38.961
-12.112,5.3817,131,38.291
-11.344,7.163,135,38.663
-12.143,13.595,131,38.746
-12.7,19.782,133,40.069
-4.4607,21.388,134,40.483
3.0455,20.883,137,39.796
3.9343,20.396,139,42.352
8.5396,19.804,143,44.494
9.3657,19.393,140,41.773
1.7871,22.1,140,42.236
-4.8105,24.356,135,40.069
-5.6772,22.388,139,39.234
-3.9149,20.636,143,41.5
-2.5836,20.978,139,39.548
-1.0574,21.028,142,41.103
1.18,20.436,140,39.515
1.78,19.579,140,39.424
0.25141,19.4,140,40.532
-4.3683,15.5,136,39.027
-1.3367,6.0071,141,40.35
6.13,5.6714,140,40.623
9.1562,12.964,138,38.845
6.8853,13.861,144,39.788
7.5711,12.034,145,40.714
6.2653,8.777,139,40.549
4.0552,5.4437,142,41.045
-1.3103,-2.223,139,40.946
-5.0843,-10.4,140,41.963
-9.4604,-14.231,143,43.278
-16.299,-8.4963,135,43.187
-18.21,1.5109,137,41.392
-18.003,10.889,135,39.697
-16.552,16.801,136,42.335
-12.757,19.413,138,42.906
-5.4179,24.052,135,41.955
0.89636,26.949,136,39.887
4.2407,26.896,134,38.87
7.6634,23.08,138,42.699
8.9895,13.051,138,42.054
3.8488,3.7926,135,40.756
9.18,-1.4286,140,41.111
11.907,0.3169,142,41.872
4.9605,-5.3116,138,40.756
-1.9234,-13.052,134,39.143
-2.7369,-9.1343,134,39.424
-1.0279,-6.0821,134,39.234
-1.5129,-6.5071,140,39.796
-2.0758,-6.4595,148,41.599
-2.164,-7.1776,152,41.202
-1.3438,-6.9592,147,41.02
-1.2622,-7.8435,147,40.739
-0.92022,-8.8403,144,40.921
-0.41004,-10.288,146,40.466
-0.27176,-11.5,148,40.557
-0.12311,-13.345,148,41.781
0.21025,-14.656,151,41.657
0.80932,-15.811,148,40.714
1.0303,-16.837,147,42.236
1.0544,-17.758,149,41.02
0.10662,-18.128,148,41.02
-1.42,-17.607,140,39.606
-2.8843,-18.079,140,41.409
-3.7279,-19.123,138,39.705
-4.3633,-19.321,137,41.02
-5.857,-19.122,139,40.648
-7.82,-18.992,133,39.333
-9.383,-14.522,136,40.466
-4.1147,-12.139,144,40.458
-0.61961,-17.302,139,40.367
-1.4071,-20.759,137,41.864
-5.8757,-20.963,136,40.466
-6.0816,-16.61,136,38.663
-4.2226,-15.689,132,37.927
-2.5222,-19.965,142,41.781
0.30141,-20.35,140,39.697
-1.5105,-18.797,138,41.781
-2.5434,-19.873,142,39.879
-2.0338,-20.853,143,40.929
-0.84145,-19.671,140,40.185
-2.8064,-20.395,147,40.342
-2.0531,-21.496,141,40.921
0.10701,-19.655,139,39.052
-0.56449,-17.479,142,41.037
-1.2743,-17.46,139,39.515
-0.72646,-15.972,142,41.219
1.2893,-12.577,149,40.623
0.072835,-9.027,148,41.864
-2.4573,-3.1915,141,40.251
-10.691,0.23077,143,41.963
-19.349,-2.5255,137,40.557
-23.994,-7.3931,145,46.851
-29.181,-7.1185,135,41.541
-37.377,-4.6692,130,40.094
-44.208,-1.9385,130,37.993
-47.552,2.5391,128,39.54
-48.038,4.3115,122,37.323
-43.877,4.3,130,41.707
-36.718,1.719,121,37.737
-27.969,-1.3431,137,40.764
-18.605,1.1739,138,42.327
-17.708,10.725,131,39.143
-17.707,16.697,132,39.788
-10.728,18.891,138,40.582
-2.4575,15.311,132,38.663
3.4292,10.553,141,41.409
10.703,9.4,150,41.872
15.704,6.0647,139,40.904
14.837,0.67143,140,42.046
9.5818,-4.223,139,40.946
1.3299,-7.1135,141,41.475
3.3654,-15.908,141,42.608
2.5871,-19.771,140,40.648
-3.7925,-22.231,130,39.449
-10.371,-19.358,134,42.054
-18.517,-14.976,125,41.591
-25.685,-11.552,134,43.849
-32.493,-8.7234,141,46.669
-39.331,-7.5276,127,44.014
-45.063,-5.1102,127,41.963
-50.29,-2.8145,124,38.101
-52.719,0.066667,120,38.754
-50.202,4.4426,122,39.151
-44.544,9.8333,120,37.464
-38.787,9.4915,118,37.555
-33.25,7.6452,124,38.2
-25.217,3.4676,139,40.458
-14.02,2.0448,134,39.242
-4.2145,0.31343,134,40.276
0.29426,-7.6857,140,40.458
1.0501,-16.811,143,42.716
4.2514,-13.864,140,40.185
-0.84505,-8.1533,137,40.532
-10.7,-9.2463,134,39.697
-14.404,-16.609,128,37.828
-7.2948,-19.728,136,42.517
1.1611,-18.007,136,39.217
3.425,-10.679,137,40.921
1.6317,-8.1324,136,41.268
4.2881,-2.2361,144,42.31
7.3708,7.2808,146,45.048
8.9738,17.436,149,47.033
8.4187,23.938,146,47.215
7.3156,26.424,139,44.568
3.5616,28.948,134,42.426
-0.69906,29.628,137,41.128
-5.6466,26.969,131,40.367
-10.625,21.659,135,39.217
-14.927,14.883,128,38.109
-15.661,3.9286,126,40.251
-7.5169,-2.1069,131,39.424
0.087541,2.1176,136,39.614
-1.5142,10.519,135,39.697
-6.758,17.676,136,43.94
-7.6996,24.955,134,38.87
-4.5921,28.071,141,40.342
-3.2712,28.624,133,38.572
-0.044812,29.191,136,40.747
5.0601,31.445,137,39.333
9.5691,30.47,134,39.143
12.624,26.278,133,39.126
14.5,22.015,130,39.995
15.308,19.602,133,38.688
15.365,15.532,141,40.433
16.388,10.568,139,40.375
17.223,4.25,140,41.037
16.659,-1.0511,137,39.887
10.272,-7.0935,139,40.094
1.4585,-14.05,140,40.64
-4.0152,-21.077,142,39.515
0.22509,-18.414,133,38.357
0.53179,-15.351,134,40.665
-2.1983,-11.894,142,41.566
-6.5604,-8.1095,137,39.515
-10.062,-5.6434,143,42.145
-14.843,-7.7986,139,39.697
-18.615,-9.4453,128,38.969
-23.555,-9.9106,123,38.597
-28.512,-6.7008,127,41.864
-36.362,-3.2,130,40.466
-45.551,-3.5714,119,40.557
-51.396,-1.7368,114,39.151
-55.668,1.2456,114,37.762
-53.15,6.5446,112,36.331
-50.113,9.4194,124,37.183
-51.56,6.2583,120,36.612
-51.193,6.6692,130,38.109
-51.169,6.2769,130,38.415
-50.826,6.3881,134,39.234
-51.154,6.3203,128,38.87
-50.895,5.9699,133,38.208
-50.9,5.7385,130,39.151
-50.719,5.6853,143,39.424
-51.099,5.1333,135,39.333
-51.188,4.8444,135,38.572
-51.366,4.4889,135,39.416
-51.857,4.1727,139,40.086
-51.955,4.1606,137,39.416
-51.957,4.1618,136,38.382
-52.722,4.0296,135,38.572
-53.553,4.0803,137,39.523
-53.539,4.4058,138,41.103
-53.854,4.1471,136,38.2
-54.822,4.2901,131,37.927
-55.162,5.5221,136,40.094
-55.188,6.2444,135,38.87
-54.471,6.6947,131,39.151
-53.714,8.1556,135,39.978
-54.653,8.584,125,38.183
-53.912,8.2891,128,38.233
-51.833,6.3438,128,38.101
-46.826,3.7015,134,39.978
-46.234,-1.7218,133,40.069
-50.602,-2.6015,133,41.31
-54.64,-1.7895,133,39.424
-56.003,1.254,126,39.705
-52.238,6.5985,132,39.333
-48.326,10.504,131,39.722
-44.725,9.7143,126,37.53
-40.253,7.2727,132,38.175
-34.476,7.4113,124,36.976
-30.38,4.4783,138,42.236
-30.998,-3.694,134,40.739
-32.677,-10.144,132,39.904
-36.96,-10.496,131,38.291
-41.925,-9.3178,129,38.572
-45.226,-4.1066,122,37.464
-42.362,-1.2205,127,37.737
-41.291,-2.6439,132,39.143
-38.422,-5.0584,137,39.333
-35.088,-5.5597,134,38.481
-32.729,-6.8676,136,41.707
-29.248,-8.0493,142,40.458
-22.376,-10.868,136,40.747
-13.63,-8.1892,148,42.145
-4.6702,-9.5105,143,42.145
2.3853,-15.632,144,42.054
4.2383,-19.958,142,43.94
1.3585,-21.643,140,39.887
-6.555,-18.527,131,38.572
-12.946,-13.261,134,39.887
-16.188,-11.215,135,40.83
-23.601,-12.802,131,40.739
-27.866,-14.409,127,39.035
-29.269,-12.568,125,38.291
-32.639,-7.8092,131,38.936
-38.701,-3.2205,127,38.779
-39.469,-6.408,125,39.929
-33.464,-4.6066,122,36.422
-31.909,-2.3333,108,35.496
-32.906,-1.5,70,28.673
-35.094,-0.64583,48,22.933
-35.626,-2.0508,59,25.836
-37.845,-2.9469,113,35.388
-38.404,-8.447,132,40.177
-36.889,-10.299,137,40.83
-38.163,-10.116,138,40.83
-39,-9.6308,130,39.54
-41.575,-8.8189,127,38.688
-45.169,-8.0484,124,37.671
-48.637,-6.496,125,37.927
-52.694,-3.6983,116,35.777
-57.991,1.3223,121,37.183
-60.267,7.547,117,38.043
-57.404,10.512,121,37.836
-50.798,13.466,116,36.703
-44.975,15,121,37.836
-39.466,14.154,123,37.927
-34.29,7.0403,124,38.109
-37.357,-0.86719,128,39.151
-46.271,-2.75,128,40.185
-49.923,-4.8689,122,38.2
-56.891,-4.3162,117,36.91
-62.775,-3.7168,113,34.809
-65.772,-2.2931,116,37.1
-67.135,1.7712,118,37.067
-65.813,0.47458,118,38.134
-62.694,-6.2333,120,37.464
-60.966,-7.2727,121,37.348
-65.753,-4.5847,118,36.058
-68.902,-2.9167,120,38.87
-65.546,-4.4098,122,38.779
-58.923,-6.5169,118,37.092
-52.899,-6.6508,126,41.293
-45.304,-8.4206,126,38.87
-37.989,-6.856,125,37.555
-38.608,1.8308,130,39.259
-47.407,7.2131,122,37.067
-57.141,10.333,123,39.532
-62.881,7.0678,118,37.373
-65.194,1.275,120,37.373
-63.258,-5.9464,112,36.24
-59.47,-7.0948,116,39.035
-56.206,-5.6829,123,39.259
-51.28,-5.1298,131,41.103
-46.122,-8.1587,126,37.067
-43.948,-10.368,133,40.557
-42.36,-10.472,123,38.481
-35.939,-9.877,122,40.483
-29.637,-9.5317,126,37.927
-23.732,-9.2441,127,38.572
-19.53,-9.1473,129,38.961
-18.058,-8.1587,126,37.811
-18.692,-8.2117,137,39.424
-19.283,-8.5845,142,39.796
-19.539,-8.8414,145,43.179
-19.626,-8.8344,157,42.153
-19.735,-8.9038,156,42.608
-19.737,-9,151,41.02
-20.004,-9.4333,150,42.054
-20.67,-10.028,143,40.375
-21.377,-10.714,140,41.483
-21.879,-11.067,149,41.103
-22.779,-11.534,148,41.665
-23.562,-11.419,148,41.682
-24.293,-11.699,156,45.329
-25.013,-11.45,149,42.145
-25.684,-11.443,149,40.896
-26.193,-11.213,155,44.122
-27.15,-11.703,148,42.054
-27.921,-11.25,152,43.27
-29.134,-11.397,151,42.724
-29.767,-10.674,144,40.714
-30.548,-9.8095,147,42.145
-31.191,-8.4085,142,40.995
-31.142,-6.9028,144,41.111
-30.602,-5.4041,146,43.113
-31.155,-5.291,134,39.813
-31.435,-6.1618,136,38.663
-31.925,-6.2632,133,38.961
-31.384,-6.0752,133,39.333
-31.816,-5.9781,137,39.325
-31.796,-3.5926,135,39.54
-33.403,-6.8889,135,38.87
-30.485,-6.1,130,38.779
-31.273,-6.4809,131,39.151
-30.977,-7.1857,140,40.938
-31.288,-8.5344,131,38.299
-31.573,-8.194,134,39.788
-30.876,-7.1603,131,39.507
-28.698,-5.6479,142,39.68
-26.308,-6.3913,138,40.268
-23.742,-8.8633,139,41.31
-18.731,-12.162,148,42.219
-16.408,-7.3724,145,41.458
-19.979,-2.8529,136,41.02
-21.787,-3.4338,136,39.978
-21.86,-9.9155,142,41.591
-18.601,-11.549,144,41.566
-13.917,-5.5493,142,41.483
-10.789,0.9021,143,42.484
-3.4096,2.0493,142,41.938
3.9695,0.65333,150,43.162
10.075,3.1477,149,45.999
12.477,9.3221,149,45.395
11.02,16.559,152,44.659
8.495,22.927,151,42.542
5.9228,28.607,150,44.957
7.1242,32.026,151,44.849
10.635,30.847,144,41.02
12.861,25.895,143,41.963
11.463,19.633,150,46.661
5.3497,14.893,149,46.752
-3.4063,14.785,144,44.866
-9.7575,19.328,137,40.276
-9.7066,24.199,136,39.523
-4.7867,27.956,137,40.16
0.36539,30.149,141,39.796
5.7329,32.201,139,39.904
11.809,30.747,146,40.458
13.049,24.322,146,41.02
10.25,17.066,152,41.781
6.0513,8.5099,151,45.437
5.6021,-0.17532,154,46.76
7.7704,-7.2378,143,43.41
6.179,-13.203,153,44.502
2.4125,-18.655,145,43.005
-2.7298,-22.481,133,39.424
-7.1192,-23.072,138,44.196
-12.385,-21.315,130,39.515
-17.707,-20.311,135,39.978
-20.405,-18.941,136,40.739
-25.811,-12.739,134,40.714
-35.034,-7.7571,140,41.963
-43.925,-7.9699,133,39.515
-48.439,-11.095,126,40.367
-54.865,-6.6484,128,41.69
-63.088,-0.66667,129,41.608
-67.341,4.448,125,38.291
-66.637,8.9512,123,38.597
-64.643,12.256,117,36.546
-62.38,13.273,121,38.117
-57.181,12.352,125,40.946
-49.048,11.742,132,44.238
-39.586,11.326,132,40.623
-31.925,9.7287,129,42.616
-24.134,7.3858,127,39.449
-13.606,5.8429,140,40.995
-6.1957,-0.096296,135,40.623
-2.0885,-7.539,141,41.773
6.3987,-2.7034,145,43.022
10.78,5.3987,153,42.517
7.8228,13.73,152,44.866
2.615,21.396,154,44.568
-5.9688,24.458,144,40.135
-11.834,22.457,140,41.318
-11.779,15.377,138,41.847
-6.6772,7.6765,136,40.16
0.91724,3.6853,143,42.029
7.1172,6.2199,141,41.872
4.2365,13.489,139,40.367
-0.87435,18.972,142,41.889
-5.9499,24.364,143,42.906
-6.9448,29.479,142,41.483
-1.9453,32.159,138,41.409
4.1464,34.176,136,38.382
10.576,33.556,142,40.375
15.943,31.134,142,40.813
18.498,29.434,143,41.938
19.281,28.937,142,40.747
18.387,29.029,140,40.458
13.217,32.305,151,45.23
7.2282,35.209,148,45.61
3.7755,32.385,148,45.056
7.0382,26.927,137,40.226
10.05,24.315,143,41.682
16.946,26.292,154,45.329
21.157,27.43,151,45.511
20.095,27.711,149,45.925
17.616,32.88,150,45.056
14.228,35.716,148,43.278
11.194,33.453,148,44.568
15.819,25.711,149,42.881
20.87,24.247,150,44.022
19.576,29.647,150,44.874
16.833,35.048,147,45.213
15.485,35.527,148,45.536
13.923,33.393,150,42.418
15.246,31.713,157,46.735
18.29,34.227,154,45.999
17.216,36.967,150,45.354
17.443,38.287,150,44.304
16.289,38.662,148,44.949
14.064,40.238,143,43.369
11.03,40.236,140,41.864
10.196,42.035,142,41.847
9.8776,43.832,137,41.359
5.3666,43.394,137,42.997
1.475,43.449,138,41.177
-0.44744,39.946,148,46.991
-1.0676,32.233,146,46.28
1.9753,21.787,141,42.807
8.2884,11.993,145,44.974
11.586,3.723,148,44.568
8.8332,-4.131,145,42.244
2.5745,-9.7075,147,43.352
-4.0522,-15.912,136,41.293
-8.82,-12.619,126,38.87
-5.5343,-11.677,133,40.574
-3.2536,-11.743,144,42.344
-3.5203,-13.02,153,41.781
-3.4578,-12.355,155,41.475
-3.3877,-12.48,152,40.921
-3.7891,-12.699,143,40.16
-4.5059,-12.459,146,40.251
-5.1201,-11.342,149,40.458
-5.6507,-10.278,151,44.42
-6.2136,-9.0331,151,41.103
-6.7996,-7.9388,147,40.036
-7.289,-6.5329,152,41.955
-7.9038,-5.2867,150,42.344
-8.2611,-4.2013,149,42.054
-8.8238,-2.72,150,41.111
-8.8484,-1.1233,146,41.02
-8.2772,-0.066667,150,41.756
-7.2028,-0.20513,156,41.847
-6.3391,-0.22535,142,42.79
-5.7674,0.70139,144,40.375
-6.3873,0.80435,138,40.086
-7.7605,-0.097222,144,41.508
-7.67,-0.59286,140,40.855
-6.1599,-1.9586,145,39.788
-7.1412,-3.3464,153,41.202
-6.9789,-3.4024,169,43.46
-6.7353,-3.1977,172,45.627
-6.8606,-3.3609,169,43.923
-6.8052,-3.311,164,43.741
-6.7615,-3.0964,166,44.684
-6.8631,-2.6795,156,42.145
-6.7038,-2.56,150,41.748
-6.722,-2.5641,156,43.154
-6.6389,-2.3057,157,42.881
-6.696,-2.3459,159,42.699
-6.76,-2.0637,157,42.906
-6.9143,-1.7564,156,42.054
-6.8514,-1.3935,155,42.608
-6.0809,-0.70186,161,43.65
-4.8407,-0.42138,159,42.211
-2.8785,0.33117,154,43.286
-0.060282,1.2338,154,42.699
0.79544,-1.2877,146,40.251
-1.5875,-3.3448,145,41.31
-4.507,-1.1348,141,41.219
-4.3254,2.7172,145,41.798
-1.7944,2.931,145,40.557
-1.7969,0.30282,142,40.259
-0.81906,-1.2365,148,41.781
-2.0011,2.0282,142,39.424
-4.9843,4.0143,140,40.64
-7.0313,2.5139,144,40.251
-6.6912,0.6831,142,41.111
-5.042,1.3108,148,40.83
-4.6772,0.84138,145,41.765
-3.5689,1.6752,157,44.031
-2.9543,2.5361,166,42.798
-2.7743,2.36,175,45.329
-2.9201,2.0452,177,46.156
-2.8478,2.2706,170,45.329
-2.8612,2.1595,163,42.881
-2.7916,2.2892,166,43.435
-2.9893,2.2484,157,42.335
-2.9702,2.414,157,42.608
-2.9818,2.3709,151,43.568
-2.9451,2.3203,153,42.79
-2.9844,2.3399,153,41.483
-3.1672,2.2649,151,40.83
-3.3983,2.2313,147,40.739
-4.1286,2.6181,144,40.995
-4.9456,2.2819,149,41.384
-5.4609,3.6216,148,40.921
-5.8858,5.4785,163,43.592
-6.7401,6.6352,159,43.625
-6.4885,6.3836,159,44.758
-6.9977,6.3013,156,42.418
-8.5213,8.2338,154,42.707
-10.357,8.1267,150,43.162
-15.017,7.7431,144,41.227
-17.445,5.0423,142,39.879
-14.457,5.8511,141,40.739
-9.6424,7.1181,144,39.606
-5.9487,6.245,151,42.517
-4.053,3.9463,149,42.509
-3.6072,2.6643,143,40.069
-3.6841,2.5278,144,40.375
-3.9966,2.2986,144,41.037
-4.2622,1.2517,147,40.466
-3.2312,0.66216,148,41.02
-2.6023,-0.30612,147,40.739
-1.2662,-0.56164,146,40.094
0.67456,-3.0414,145,40.648
2.7636,-7.4145,152,41.293
5.9107,-6.1824,148,42.881
4.1282,-2.3221,149,41.864
0.0571,-1.2238,143,41.202
-0.85648,2.7586,145,43.931
1.5092,6.7578,161,45.991
4.153,10.333,159,46.826
5.0309,14.646,161,51.276
4.1511,20.233,163,49.861
3.2791,26.35,160,46.446
0.44233,31.352,159,46.198
-2.5138,31.163,153,43.576
0.41067,27.149,148,43.344
6.103,26.27,141,40.102
6.8815,26.517,145,41.756
4.6927,26.801,146,40.557
5.6876,25.522,159,44.775
5.8777,25.486,173,45.238
5.8967,25.574,176,44.965
6.02,25.457,175,44.502
5.7514,25.619,168,43.807
6.0889,25.614,171,45.627
5.857,25.311,161,43.278
5.8916,25.406,160,44.105
5.7735,25.63,162,43.46
5.9787,25.617,154,41.202
6.0291,25.519,160,43.187
6.1509,25.592,157,43.667
5.968,25.632,155,42.583
5.3738,25.726,157,42.881
3.9164,25.994,155,43.568
2.1879,26.362,163,43.923
1.0667,26.854,164,43.46
2.5416,25.812,160,43.716
6.3539,24.671,161,44.866
9.7405,24.176,170,46.181
9.9999,20.422,161,43.733
5.4583,18.652,155,43.758
0.31651,18.475,158,44.031
-1.8087,19.803,152,42.815
0.071222,17.994,155,45.073
5.1428,16.767,150,42.724
9.3738,17.287,157,42.426
8.8457,17.719,153,41.475
4.0323,16.169,148,41.773
-0.65619,17.545,143,41.202
-1.4947,21.466,148,40.929
2.8972,24.946,148,41.285
5.4884,29.437,151,40.921
1.9202,31.662,154,43.187
-1.4321,27.192,151,40.532
-1.7714,22.457,138,44.262
3.6489,20.225,138,44.667
6.7689,23.273,139,42.145
1.8488,26.903,154,43.642
-3.4305,28.773,150,44.494
-2.496,25.926,149,44.014
3.0808,26.293,157,45.056
5.6939,27.893,159,44.775
5.1162,26.967,150,42.699
5.9615,23.581,155,41.864
5.5362,19.409,164,47.777
6.7099,16.69,155,44.014
10.516,12.007,150,43.179
13.329,5.5359,153,43.733
12.204,-1.0132,151,41.665
7.7255,-6.9262,149,44.006
1.4181,-11.361,147,43.179
-5.2438,-16.84,150,43.915
-9.6981,-21.706,143,45.536
-14.545,-21.701,144,44.775
-19.833,-20.763,135,40.35
-24.566,-18.681,135,40.549
-29.309,-16.165,133,41.045
-36.64,-11.485,134,41.086
-44.401,-5.8806,134,41.037
-53.444,-4.1053,133,40.756
-60.573,-6.7111,135,41.293
-66.135,-6.1783,129,40.739
-70.021,-5.536,125,40.375
-68.439,-6.5794,126,38.688
-62.14,-6.7355,121,37.927
-54.093,-3.512,125,39.143
-44.139,-1.9545,132,42.823
-36.814,4.0576,139,45.073
-30.892,10.215,135,44.428
-25.812,13.312,141,42.972
-19.905,13.949,136,41.293
-11.013,8.0584,137,40.648
-6.6847,-0.70455,132,40.086
-2.7466,-9.2292,144,41.682
1.8762,-16.853,150,43.187
3.6336,-22.405,148,43.758
0.85141,-25.8,140,40.276
-3.4947,-26.854,137,40.756
-9.5849,-25.808,130,40.83
-15.463,-25.626,131,40.648
-19.846,-23.507,142,43.824
-24.713,-18.816,141,43.832
-31.701,-17.688,128,40.557
-34.077,-16.169,130,43.179
-32.109,-9.5324,139,46.23
-23.45,-3.9621,132,41.839
-14.01,0.64583,144,41.103
-7.4272,6.5929,140,41.773
-3.4966,14.701,144,41.103
1.958,21.818,148,42.236
7.176,25.217,143,42.162
7.3155,22.146,137,40.458
6.1653,22.973,146,41.773
5.7331,22.59,156,42.236
5.9853,22.481,160,44.304
5.5728,22.531,160,43.46
5.4841,22.71,155,42.79
5.639,22.606,155,43.849
5.768,22.697,155,41.384
5.701,23.032,156,44.13
5.8998,23.321,156,41.847
6.0646,23.49,151,40.929
6.2972,23.673,156,41.872
6.919,23.679,156,41.756
7.1374,23.212,151,43.551
7.8357,22.378,156,41.963
7.8323,21.679,159,44.684
8.0209,20.975,159,43.369
8.4222,20.715,151,42.145
9.2189,20.955,154,42.699
8.7762,20.3,150,41.02
9.4647,21.101,148,41.194
9.9428,19.967,150,41.872
8.7542,22.15,153,40.987
7.816,20.596,146,40.532
11.992,20.752,145,39.978
11.976,24.16,150,42.137
9.5428,20.42,150,42.426
12.959,16.285,151,41.864
13.934,17.188,149,41.963
8.5913,19.007,149,42.517
4.5891,22.701,154,45.585
-0.12311,22.601,148,43.46
4.1043,22.709,151,41.665
9.2762,25.567,150,42.046
13.519,22.712,153,42.997
11.404,16.757,148,42.906
5.3506,11.667,144,39.912
0.77674,6.0567,141,41.103
-0.73311,0.97203,143,41.128
2.3292,-4.4936,156,49.911
8.1596,-7.2313,147,43.816
10.549,-9.2329,146,41.5
7.2165,-13.702,141,41.574
4.798,-18.695,141,40.185
3.2389,-24.804,143,39.788
3.117,-29.243,136,40.83
1.0782,-30.626,139,41.483
-3.2139,-30.588,136,39.796
-7.9802,-29.25,132,38.87
-12.264,-27.714,133,40.557
-15.367,-27.742,132,39.515
-17.662,-25.25,136,42.153
-18.996,-16.73,141,41.31
-17.966,-6.5986,142,41.864
-16.82,3.1497,147,42.17
-16.888,12.02,147,44.113
-20.933,15.869,137,42.542
-26.156,11.979,140,43.253
-29.521,3.1016,128,41.02
-32.435,-6.5662,136,42.137
-35.493,-15,136,42.98
-33.3,-18.522,138,41.475
-30.906,-20.511,131,39.813
-27.462,-17.867,135,39.126
-27.555,-8.4351,131,39.697
-35.677,-2.3806,134,39.333
-45.398,0.31783,129,39.606
-54.445,3.3333,138,43.741
-63.762,4.9308,130,44.229
-69.669,0.17188,128,41.5
-67.877,-6.3917,120,39.052
-63.165,-8.8862,123,41.665
-59.227,-8.8917,120,38.291
-54.476,-9.1371,124,37.828
-47.361,-9.3088,136,43.435
-37.304,-12.306,134,40.921
-29.508,-17.438,130,40.946
-20.996,-16.558,138,40.557
-15.51,-8.9306,144,42.997
-14.297,0.28169,142,43.253
-15.329,9.0652,138,41.483
-21.162,14.706,136,40.739
-27.271,15.812,133,40.094
-28.01,19.22,132,40.739
-27.212,20.395,129,40.83
-24.625,19.331,133,42.162
-19.551,21.719,135,40.557
-19.066,25.259,139,42.352
-22.819,23.404,141,43.799
-25.018,15.348,141,42.972
-21.67,5.2908,141,43.832
-18.606,-5.6738,141,43.758
-17.635,-17.021,142,44.866
-15.863,-26.6,140,43.807
-13.803,-30.304,135,42.633
-13.006,-29.784,134,39.044
-15.692,-26.576,139,41.682
-21.049,-22.512,129,39.416
-29.098,-22.476,126,38.87
-32.966,-22.688,128,38.299
-36.173,-19.205,127,38.597
-41.062,-14.672,122,36.703
-47.726,-12.295,122,38.589
-54.247,-12.57,121,38.688
-60.033,-13.645,121,37.373
-65.435,-11.5,120,37.092
-70.991,-6.0496,121,37.456
-74.603,-0.92562,121,36.116
-75.289,-0.060345,116,37.166
-74.235,0.61947,113,34.652
-72.214,3.2091,110,36.546
-71.825,8.9304,115,35.198
-71.493,12.509,114,35.777
-71.263,15.432,111,34.809
-68.311,18.616,112,35.115
-65.732,22.541,109,34.925
-64.927,26.527,112,35.198
-66.074,30.621,116,36.05
-64.304,32.636,118,37.067
-59.255,32.164,116,36.058
-55.344,28.752,117,37.001
-53.072,26.235,119,36.819
-52.528,24.438,121,37.092
-52.294,25.75,120,36.786
-52.795,28.294,119,38.316
-55.355,23.873,118,36.422
-54.09,17.14,121,37.373
-50.654,7.9147,129,39.052
-46.551,-2.8898,127,39.06
-44.085,-13.415,130,40.813
-44.158,-17.829,129,41.45
-47.197,-19.283,127,39.035
-50.459,-20.311,119,36.356
-54.053,-19.897,117,36.215
-57.064,-17.605,119,38.589
-59.766,-18.319,113,36.24
-56.36,-18.033,123,38.754
-47.405,-17.2,125,38.68
-38.85,-14.744,133,39.614
-31.403,-7.7111,135,39.97
-24.84,0.74468,141,40.813
-21.254,9.7956,137,42.997
-25.237,16.816,141,42.426
-31.523,17.033,123,38.01
-33.05,9.7857,126,39.507
-32.069,-0.31538,130,40.259
-32.151,-9.9259,135,42.79
-26.105,-16.412,131,39.581
-17.089,-14.84,131,39.027
-11.86,-6.7007,137,41.79
-7.8486,2.4643,140,41.881
-4.4016,10.181,127,37.274
-4.8079,13.177,130,38.506
-6.2145,10.119,134,39.424
-6.656,9.2324,142,41.5
-7.0149,10.265,151,41.483
-6.7405,9.6139,158,43.551
-6.8596,9.7162,148,40.16
-6.7515,9.473,148,40.458
-6.7116,9.4069,145,40.16
-6.6346,9.383,141,41.955
-7.0151,9.2828,145,43.849
-7.149,9.2676,142,41.012
-7.4705,9.6267,150,41.591
-7.7248,9.3673,147,40.921
-8.1392,9.331,145,41.409
-8.7806,8.8552,145,40.648
-9.3799,8.3514,148,42.98
-10.486,7.0461,152,42.608
-11.772,5.8041,148,42.054
-13.434,4.2639,144,41.591
-15.12,2.0071,140,41.029
-15.37,-0.77857,140,41.591
-14.265,-0.28676,136,38.969
-13.04,2.6889,135,39.424
-12.64,6.1119,134,41.219
-15.479,7.2574,136,39.73
-15.07,3.4148,135,41.591
-13.692,1.1295,139,40.83
-13.036,2.9793,145,40.648
-13.864,1.9484,155,42.244
-13.49,2.5663,166,43.989
-13.544,2.7025,158,42.608
-13.632,2.7226,155,41.781
-13.618,2.8079,151,41.872
-13.952,2.7183,142,40.35
-13.87,2.7517,145,41.128
-13.833,2.9527,148,40.557
-14.146,3.2552,145,41.682
-14.008,3.5034,145,40.946
-14.281,3.9375,144,43.369
-14.234,3.5775,142,40.276
-13.961,3.3546,141,43.295
-13.296,3.3957,139,42.17
-13.092,2.7755,147,39.97
-13.957,2.4615,143,41.872
-14.195,2.4748,139,41.128
-13.697,2.7297,148,41.773
-14.372,0.89362,141,40.094
-14.344,1.0272,147,40.342
-12.985,1.5137,146,40.284
-9.1067,3.2215,149,41.5
-5.2952,1.9792,144,42.054
-2.7166,-1.4013,152,43.187
-0.95419,-4.3919,148,41.475
-0.43555,-1.5168,149,45.073
-3.8972,0.72,150,41.847
-5.5479,-1.2789,147,42.699
-5.7053,0.60563,142,42.443
-1.6565,2.4276,145,39.788
0.96473,-0.45946,148,42.699
2.8365,-4.1027,146,42.244
2.9339,-6.6875,144,41.773
5.0597,-7.6908,152,43.278
7.1809,-11.697,155,48.042
9.6865,-14.974,154,45.701
10.016,-18.153,150,44.27
8.9045,-21.647,153,45.494
8.5552,-26.099,142,43.46
7.2352,-29.883,137,39.308
3.5498,-30.397,141,40.83
-1.4624,-28.235,149,42.236
-5.5708,-27.73,141,43.278
-8.1038,-25.733,150,43.187
-12.097,-22.66,150,44.965
-16.107,-16.676,142,42.401
-16.149,-8.8944,142,41.756
-14.74,-1.9306,144,44.022
-17.54,1.2014,139,41.037
-13.301,-3.383,141,41.202
-9.5727,-8.4552,134,39.424
-4.0363,-12.345,142,40.739
-3.8501,-12.06,133,38.564
-4.9865,-9.9784,139,40.094
-4.8891,-10.106,151,41.384
-4.7974,-8.8671,158,43.94
-4.2151,-9.2278,158,42.575
-4.0759,-9.2876,153,43.179
-4.0961,-8.9189,148,40.714
-4.2465,-9.0438,137,39.242
-4.025,-8.8623,138,38.87
-4.3049,-8.8978,137,39.333
-4.2654,-8.7647,136,39.333
-4.2294,-8.6493,134,39.035
-4.152,-8.5324,139,39.788
-4.3936,-8.3433,134,39.027
-4.4499,-8.3939,132,38.853
-4.9758,-7.8819,144,41.293
-5.7569,-7.2899,138,39.887
-6.6057,-6.2714,140,40.731
-7.4541,-4.5827,139,40.259
-7.5961,-1.5068,148,41.194
-6.7828,0.92958,142,39.879
-3.6363,1.4966,147,41.318
-2.0275,2.6496,137,40.458
-2.6129,0.18571,140,42.021
-3.7116,-3.5931,145,41.5
-1.5591,-4.3472,144,41.103
-1.2744,0.65278,144,40.739
-1.8486,4.6429,140,40.739
1.5593,6.0878,148,43.733
1.3499,1.4189,148,45.701
-0.99407,-2.9014,142,41.657
-2.0389,-7.4043,141,40.855
-1.824,-11.028,143,43.369
2.2669,-9.1399,143,40.342
6.9202,-6.4832,149,41.665
7.0078,-3.0205,146,43.568
2.9409,-2.6944,144,41.392
2.9941,-6.5411,146,41.285
6.7159,-9.9724,145,44.13
9.8571,-8.0205,146,41.665
10.049,-4.8219,146,42.36
8.7406,-4.2808,146,41.665
7.9201,-3.7222,144,41.5
9.2742,-2.3403,144,40.805
7.0248,-2.5298,151,42.517
7.5573,-7.331,145,40.739
10.217,-9.1338,142,39.978
6.9157,-6.4071,140,41.202
1.9107,-8.0338,148,40.805
-2.1989,-12.246,138,40.094
-6.4123,-16.55,151,43.369
-9.7053,-21.127,142,42.145
-11.753,-27,145,44.204
-10.65,-30.904,146,43.923
-8.5244,-31.507,144,42.004
-6.52,-28.864,140,42.352
-3.6286,-28.111,144,41.839
1.709,-30.469,145,42.608
6.645,-31.94,149,41.21
9.0034,-32.319,144,40.458
8.4302,-27.953,149,43.435
5.4647,-21.567,141,41.227
6.181,-14.362,141,42.716
8.2332,-7.0759,145,41.285
11.746,-2.375,144,41.955
13.64,-4.9085,142,41.31
9.844,-5.9085,142,40.168
9.1504,-5.9724,145,40.739
9.5034,-5.9097,144,40.822
9.6604,-5.7197,157,43.435
9.3802,-5.6242,157,42.997
9.5215,-5.6689,151,41.682
9.5811,-5.6093,151,40.83
9.5009,-5.8904,146,42.244
9.3568,-5.585,147,40.35
9.2705,-5.4183,153,42.054
9.1404,-4.5811,148,41.682
9.2155,-3.7181,149,40.83
9.1349,-2.745,149,42.236
9.1137,-2.3725,153,42.153
9.5828,-1.9267,150,42.633
10.522,-2.0256,156,43.088
10.557,-2.7922,154,43.179
9.6261,-2.6903,155,42.699
10.06,-2.25,156,42.31
10.8,-2.6954,151,41.458
11.648,-2.4481,154,41.657
13.508,-0.86093,151,43.642
10.194,-0.69595,148,40.929
12.166,-4.6531,147,41.872
15.104,-7.2123,146,41.02
14.48,-10.26,146,42.104
11.615,-10.605,147,42.906
8.2475,-9.6301,146,41.591
5.1324,-8.7143,147,40.16
2.3017,-9.1197,142,40.441
-0.46883,-6.3542,144,40.16
-2.1772,-0.97368,152,43.741
-4.0785,3.7075,147,43.923
-8.7438,6.2733,150,44.105
-8.8565,1.8828,145,42.517
-10.263,-2.3793,145,42.517
-11.914,-7.3514,148,42.691
-8.4827,-11.986,144,40.342
-8.6983,-17.986,142,41.657
-8.1841,-24.16,144,40.16
-9.4006,-30.191,141,43.741
-13.857,-30.849,139,39.904
-18.595,-27.619,134,39.126
-22.332,-22.266,139,39.606
-26.384,-16.12,133,40.574
-24.946,-17.108,130,40.574
-24.699,-17.152,138,40.16
-24.62,-17.978,139,39.705
-24.362,-18.189,143,40.284
-24.304,-18.296,142,41.872
-24.198,-17.959,146,44.312
-24.02,-18.212,137,39.672
-24.023,-18.075,133,39.052
-23.893,-17.892,139,41.219
