0,-0,139,45.056
0.87977,0.99064,156,49.845
1.7836,-0.20808,156,44.039
1.2779,-0.36452,148,42.98
0.50754,-0.58953,146,41.111
0.71439,-1.3826,160,46.553
2.5144,-1.2465,156,42.335
2.5434,0.39986,155,44.113
1.8699,0.55537,173,45.056
2.7985,0.8907,176,46.437
2.921,2.3139,182,49.001
3.4969,1.0844,172,46.834
2.1016,-1.2121,172,46.851
1.194,0.22582,167,48.05
0.68318,0.46561,157,48.331
0.87328,0.2544,163,47.835
2.5367,0.038858,157,46.57
3.8652,1.8816,181,49.547
2.3495,2.5558,188,49.944
1.6936,0.21524,159,43.576
3.0424,-0.80249,143,42.426
4.0013,-1.3866,153,44.031
2.6971,0.27839,145,42.997
1.4204,1.0198,133,43.469
1.6876,1.2605,153,43.27
2.5211,2.4945,150,42.997
3.9182,2.8945,156,44.758
3.7164,1.3625,151,48.919
2.7831,0.76523,147,43.352
2.1651,0.75293,146,41.963
1.8326,0.42479,154,44.08
2.0924,0.242,141,41.574
2.2456,0.56115,160,46.851
1.5933,0.87694,171,46.917
2.4315,1.4812,175,48.579
2.8956,1.2049,160,44.949
2.6627,1.1612,145,41.202
4.0212,1.479,146,43.022
3.9299,1.5541,142,43.46
4.0925,2.6158,128,39.242
4.0896,3.5762,133,39.424
4.1863,2.6158,128,38.299
3.1909,1.7082,136,40.458
4.042,2.2922,145,42.244
5.103,1.1371,158,45.164
4.0007,1.2529,146,41.872
2.518,1.8417,139,40.623
2.2522,2.9598,143,43.435
1.8017,4.3313,174,47.703
2.9485,3.5721,182,49.373
3.4345,3.4606,169,44.676
3.5803,4.0886,182,48.174
4.746,2.8559,190,49.919
5.055,2.2566,197,52.624
4.8715,3.6646,203,50.953
4.6229,3.5082,189,49.456
4.484,3.5059,181,46.462
4.6907,2.7403,173,46.826
3.3673,3.1173,187,51.16
2.4863,2.5162,178,48.712
1.9301,2.6623,178,46.925
1.0533,2.25,180,47.124
0.65862,1.9265,208,50.962
1.6662,1.6594,224,58.471
1.611,0.86787,238,60.53
2.3877,2.3478,225,55.568
3.684,3.4183,224,55.014
3.7156,4.2584,251,61.274
2.5254,4.8295,272,61.084
2.4278,3.2659,254,57.04
2.3883,2.9729,238,56.634
0.9511,5.2995,237,55.311
1.3539,7.5649,268,57.759
3.0039,9.112,285,59.306
4.072,10.595,295,62.366
4.0355,10.494,284,58.909
5.0454,7.8232,290,59.314
6.375,6.4234,305,62.266
5.8425,5.0804,285,61.142
3.2413,4.9725,282,62.192
-0.29201,4.4534,297,60.141
-2.8656,4.9278,300,61.663
-3.5604,7.0429,301,59.446
-2.6598,9.1289,310,64.45
-3.3,12.714,334,68.312
-5.904,14.788,331,68.114
-8.4748,15.632,325,67.56
-8.5629,16.76,317,66.402
-7.5756,16.874,300,65.128
-8.2008,17.229,316,67.006
-9.8383,15.978,319,66.807
-9.5527,14.836,328,69.858
-7.7726,15.345,338,75.516
-6.9439,16.258,336,67.807
-7.2627,17.868,332,71.108
-6.3917,20.013,330,68.577
-3.5108,19.763,337,70.446
-0.469,18.359,331,70.909
2.5204,17.63,332,69.362
5.9828,17.892,348,74.672
8.9377,17.549,339,71.736
11.014,18.22,328,65.541
10.117,16.645,311,62.382
7.9854,15.145,310,64.731
4.7955,12.911,329,63.325
2.9036,10.819,334,68.097
1.7173,10.667,340,69.023
0.42221,12.036,358,78.625
-1.1214,14.691,346,69.156
-2.7511,18.259,354,68.676
-1.0932,20.709,344,67.56
0.42464,22.618,351,67.543
0.5609,23.721,344,67.733
1.2246,21.487,352,76.26
0.64811,17.215,344,66.972
0.31381,14.076,344,64.632
-1.2504,11.587,355,68.205
-2.0652,10.598,352,69.412
-3.0001,11.394,346,64.78
-5.464,13.293,347,67.435
-6.4972,15.697,346,66.575
-6.1377,18.798,355,69.503
-7.2513,21.527,350,66.691
-6.8225,22.253,331,64.185
-4.8208,21.053,352,71.463
-2.9578,18.324,359,69.66
-1.3267,17.44,346,67.137
-2.7522,18.913,347,66.509
-5.6225,19.606,358,68.552
-7.7502,21.051,361,69.751
-7.0726,23.422,345,68.585
-5.2462,24.487,353,69.404
-4.7241,24.581,348,68.767
-5.3954,24.071,349,67.543
-6.1626,22.608,339,67.634
-6.8955,22.411,333,65.566
-8.2679,22.765,333,65.384
-8.8059,22.422,345,71.273
-7.725,22.592,353,72.778
-9.1745,23.464,360,70.156
-9.6898,25.823,355,70.909
-8.1128,28.2,346,69.346
-6.4991,29.612,333,69.619
-4.8189,29.823,336,70.281
-2.3025,29.14,325,66.22
-2.8648,27.715,331,66.228
-5.3141,25.675,344,71.505
-8.4441,25.618,349,68.701
-9.8253,27.576,343,66.575
-9.1746,29.419,344,69.412
-6.2157,29.166,339,65.856
-4.2214,29.482,352,71.67
-3.7927,28.356,337,68.511
-3.0554,27.079,344,68.759
-4.4684,28.288,348,70.33
-7.997,29.174,351,69.759
-10.449,27.671,356,72.423
-10.507,26.844,368,74.466
-10.409,27.547,354,73.167
-10.95,26.6,363,75.896
-10.72,27.149,357,72.174
-10.132,27.815,362,70.355
-8.9462,28.978,355,67.849
-8.413,30.63,365,67.154
-6.7652,31.663,363,74.275
-4.3076,32.174,382,79.427
-3.3198,30.33,380,81.759
-2.1044,28.879,362,70.264
-1.689,28.143,354,68.998
-1.9655,26.963,348,68.444
-1.6196,26.083,347,70.537
-2.697,25.561,350,70.917
-2.4841,25.48,331,65.277
-2.7551,25.531,334,68.659
-2.7402,25.434,330,67.336
-2.514,25.433,335,66.509
-2.7185,25.282,337,65.591
-2.7503,25.473,340,65.277
-2.6202,25.391,353,66.6
-2.9856,25.423,368,69.569
-2.7937,25.584,396,74.201
-2.8277,25.683,418,77.773
-3.4044,26.039,425,76.177
-4.2505,26.669,419,74.275
-5.4311,26.067,413,76.566
-6.5614,25.299,396,71.86
-6.9054,25.545,374,72.555
-5.3759,27.076,369,69.536
-5.1179,29.154,378,71.579
-5.4607,30.986,381,76.368
-4.9376,31.537,375,71.38
-5.8904,30.627,378,72.613
-5.9314,28.404,369,72.034
-4.8989,26.64,369,71.066
-3.401,26.233,378,72.017
-3.3867,27.976,374,74.275
-3.2771,29.941,374,71.099
-2.8683,28.929,375,75.243
-2.0173,28.69,379,71.67
-2.2436,28.588,376,70.239
-2.7146,27.964,380,68.973
-3.0225,28.085,380,68.345
-4.7171,28.011,391,72.042
-4.4254,27.543,382,73.076
-4.4751,28.319,380,73.357
-5.505,27.445,387,75.069
-6.1441,25.507,385,74.209
-6.8373,27.073,391,73.216
-7.3102,30.077,382,73.696
-7.2448,32.527,382,74.267
-7.1691,33.535,387,77.856
-5.116,32.917,391,79.651
-5.9468,30.709,386,73.82
-5.4778,27.707,384,70.727
-4.0276,26.994,381,70.735
-3.1285,27.836,378,69.742
-2.975,27.479,377,70.446
-2.3606,27.809,384,71.546
-2.5969,27.741,373,69.065
-4.4392,26.651,377,72.017
-5.9695,26.843,373,70.594
-7.7227,28.39,369,69.486
-7.8149,30.828,375,70.818
-6.6816,33.462,375,71.232
-6.9321,34.561,355,67.22
-4.9774,33.84,366,70.702
-4.5082,32.013,354,69.528
-4.5313,31.83,350,68.097
-4.3066,31.527,352,70.462
-4.4202,31.416,359,67.907
-4.4681,31.451,371,70.479
-4.349,31.498,366,72.249
-4.3522,31.37,371,67.915
-4.6173,31.386,372,69.586
-4.6532,31.252,382,74.49
-4.8165,31.176,408,72.596
-5.1039,30.979,431,75.97
-4.6783,30.851,449,79.428
-3.9292,29.897,461,78.683
-3.3022,28.577,439,80.296
-2.2801,26.965,421,75.689
-2.5591,25.359,415,73.721
-3.0629,24.327,414,76.789
-1.2256,24.039,425,78.939
-1.2866,26.104,422,77.905
-3.7837,27.381,421,80.205
-6.3885,28.542,422,81.081
-8.2573,30.081,427,84.679
-9.323,31.966,412,76.913
-8.7444,32.461,398,71.397
-6.2124,30.332,410,77.649
-3.9758,28.145,406,75.78
-4.6679,26.46,406,82.761
-5.151,25.945,399,75.97
-4.4956,26.434,402,75.689
-3.7812,27.678,411,74.316
-6.2146,28.347,393,71.909
-7.3347,28.511,401,71.281
-7.7592,29.822,402,73.754
-8.1438,30.957,392,72.199
-8.3419,31.559,407,77.343
-9.1816,30.762,403,77.277
-8.8977,30.438,398,77.666
-9.1112,30.36,398,76.905
-9.0658,30.544,399,74.73
-8.9805,30.289,393,75.259
-9.0254,30.402,402,75.243
-9.0382,30.285,399,75.896
-9.0715,30.354,396,75.135
-9.0029,30.181,405,74.647
-8.7507,29.876,413,76.896
-8.5175,29.251,423,75.292
-8.5736,28.721,432,80.916
-8.6148,28.614,453,78.658
-9.1061,29.195,448,83.091
-9.9482,28.971,454,80.345
-10.891,27.575,422,79.915
-10.07,26.235,426,77.277
-7.787,27.379,418,81.115
-6.174,29.126,414,82.297
-7.1194,31.107,396,75.979
-7.4309,32.475,393,71.273
-6.0932,32.703,409,78.882
-4.9021,31.63,419,81.685
-4.8133,28.971,412,79.99
-7.2783,28.017,410,74.763
-9.5629,29.286,414,74.192
-10.358,32.253,406,75.854
-10.429,35.055,395,76.268
-9.2655,36.856,393,72.249
-7.3492,34.361,385,73.911
-6.8134,31.528,389,71.463
-5.1614,28.68,404,72.042
-3.3972,26.352,396,69.825
-2.6324,24.728,402,74.804
-4.4298,26.188,394,72.314
-7.2463,29.105,399,77.335
-9.7067,31.827,398,71.057
-11.367,31.25,399,71.926
-12.273,32.81,390,71.207
-11.532,33.118,395,75.871
-11.126,31.167,393,73.977
-12.096,31.971,373,68.833
-11.614,32.157,374,71.769
-11.49,32.041,373,71.968
-11.444,31.966,373,71.695
-11.441,31.821,369,70.256
-11.333,31.895,371,67.915
-11.435,31.715,383,72.224
-11.359,31.602,388,70.818
-11.044,31.505,394,72.505
-10.766,31.096,419,74.639
-10.969,30.585,427,75.491
-11.155,31.069,449,79.336
-11.346,32.251,455,80.296
-12.001,33.555,457,83.083
-11.57,35.194,436,76.368
-9.4489,35.208,436,80.461
-8.8325,32.114,418,77.748
-9.3582,29.828,408,76.723
-11.617,29.463,388,70.611
-12.76,31.377,386,70.239
-12.466,34.159,383,71.653
-10.787,35.526,372,67.262
-8.3786,34.244,369,69.801
-6.0619,31.84,380,71.579
-5.3628,30.579,395,72.787
-5.041,30.405,397,72.389
-6.9604,32.059,396,71.694
-10.69,33.138,399,71.992
-11.749,34.551,385,70.793
-9.6892,36.667,388,71.753
-8.5106,34.866,400,75.797
-7.8773,31.692,397,74.788
-7.8844,28.045,405,74.763
-6.455,27.444,409,73.721
-9.5484,29.745,398,75.491
-11.673,33.184,387,70.892
-11.456,35.777,376,72.993
-9.0174,34.24,377,74.06
-7.3768,30.629,386,70.553
-8.2721,28.119,391,72.505
-9.9103,26.221,385,73.928
-11.998,24.761,395,75.301
-14.105,25.327,384,72.381
-12.841,30.007,395,73.084
-11.317,35.087,411,77.079
-9.4006,35.981,400,75.565
-7.2717,31.67,395,71.372
-7.5963,26.736,411,75.541
-6.7415,24.992,381,71.926
-9.6205,26.967,367,72.604
-11.687,30.989,365,72.182
-12.88,34.4,361,68.668
-10.502,34.244,372,75.061
-8.1505,29.346,382,71.86
-7.4938,26.026,366,69.073
-11.299,27.353,361,67.543
-14.341,28.152,369,69.941
-14.358,31.49,363,72.431
-14.068,34.81,365,70.636
-13.961,33.753,359,66.476
-13.822,31.542,361,67.336
-13.172,31.663,354,67.543
-13.098,31.416,366,67.361
-13.048,31.455,369,67.551
-12.972,31.308,375,68.56
-12.894,31.344,382,70.264
-12.652,31.368,393,71.389
-12.395,31.514,420,74.97
-12.125,30.812,438,76.144
-11.204,30.984,454,76.061
-11.719,31.062,457,76.954
-11.744,30.743,468,84.795
-12.636,29.789,469,82.074
-12.221,28.036,451,78.137
-10.77,26.73,426,74.556
-10.363,28.775,411,74.945
-11.71,32.08,407,72.571
-12.441,34.399,389,73.522
-13.468,32.636,390,75.135
-12.712,28.793,384,69.966
-11.863,29.213,393,72.869
-10.95,33.218,391,72.133
-11.113,35.812,378,70.636
-12.767,34.9,389,75.209
-12.099,34.142,379,70.768
-11.763,32.527,381,68.535
-11.583,30.697,375,67.592
-11.373,28.927,377,68.916
-12.248,28.717,385,71.496
-13.241,30.727,391,76.757
-11.983,31.612,391,70.644
-8.2633,33.718,407,73.622
-4.6195,32.394,407,74.705
-6.1667,28.701,392,74.134
-6.0806,28.464,421,84.447
-1.6982,28.566,428,87.326
3.9141,26.867,419,92.966
7.1909,24.309,408,88.658
7.784,22.823,408,92.685
7.3178,20.966,445,110.94
9.5957,18.572,449,112.35
13.534,15.867,429,107.02
16.042,12.178,431,105.05
14.634,12.822,410,97.125
10.227,17.596,404,91.452
7.0764,23.355,403,87.508
2.346,28.121,398,88.467
-3.3064,29.729,399,84.696
-8.6666,30.23,395,79.262
-13.595,29.168,402,74.871
-10.687,33.226,388,73.928
-4.7154,35.942,396,73.357
-5.1024,31.178,394,78.799
-9.4987,28.103,382,74.085
-9.0372,30.587,388,76.656
-9.9722,34.588,372,70.38
-11.178,32.838,401,79.99
-10.518,27.93,385,74.854
-7.8573,31.096,374,71.091
-12.448,34.601,381,70.545
-14.036,32.812,375,67.915
-9.0805,28.984,369,68.775
-4.5663,28.056,372,71.463
-8.4109,32.097,388,78.237
-14.659,34.541,401,73.994
-14.78,32.509,399,73.505
-11.293,32.92,407,81.23
-9.1856,36,385,71.86
-12.862,37.332,380,71.653
-13.466,32.737,358,68.353
-8.6089,31.084,369,72.199
-4.4206,34.134,377,72.265
-5.9296,37.977,375,69.395
-9.5818,35.545,364,70.553
-9.2455,28.779,381,73.531
-6.2376,27.925,377,74.97
-0.97231,29.628,376,72.712
0.9986,27.851,380,78.484
3.9579,23.951,372,73.324
6.6208,22.811,376,76.053
1.1011,22.653,392,80.759
-2.9632,27.656,401,81.718
-8.5923,31.998,417,78.757
-12.841,33.073,422,73.977
-9.264,32.468,388,70.446
-7.7752,32.328,347,67.973
-13.097,30.18,304,63.333
-14.599,28.978,269,63.499
-13.608,31.046,233,55.807
-15.275,33.934,204,56.006
-16.614,35.767,199,57.809
-13.026,36.315,175,53.475
-10.344,37.328,159,51.788
-10.778,39.316,159,52.367
-12.288,40.701,172,51.697
-13.055,41.263,188,53.773
-12.064,37.359,242,59.653
-13.931,32.736,314,68.18
-11.659,29.442,337,65.955
-11.413,32.933,358,72.522
-9.2428,31.461,350,68.924
-11.168,31.573,351,68.469
-11.906,33.657,353,66.6
-12.95,35.354,367,71.19
-7.9939,38.05,360,68.081
-8.6532,37.786,361,69.114
-9.1594,33.444,374,74.738
-6.6207,31.548,370,71.356
-2.0307,32.951,377,70.909
-0.23561,30.449,364,72.894
0.20106,27.297,375,73.042
-2.8291,29.145,377,71.496
-7.0704,32.003,389,74.167
-9.0952,32.358,374,70.926
-4.0507,34.721,369,72.158
-1.4261,32.068,361,69.387
-2.4829,28.927,364,72.116
-5.7075,31.997,356,73.167
-8.0173,36.622,347,68.287
-9.9682,37.244,344,66.757
-8.6424,33.31,338,65.533
-7.7816,34.768,348,67.427
-9.5316,34.48,359,69.379
-9.0728,33.556,367,74.383
-9.0452,33.496,386,70.727
-9.0978,33.397,401,72.753
-8.9663,33.308,415,75.78
-9.1495,32.953,421,76.144
-9.3879,32.781,445,74.804
-9.4423,32.291,462,77.144
-9.8869,32.338,476,80.643
-9.6052,31.946,481,82.487
-9.8115,32.407,494,82.504
-9.7604,31.776,484,84.778
-9.7928,31.31,498,81.197
-10.236,31.84,492,82.214
-10.039,33.225,470,80.188
-10.277,34.154,440,77.459
-10.448,33.242,435,75.755
-9.8823,33.385,426,75.598
-9.2861,33.888,416,75.4
-8.8058,35.062,417,72.687
-9.8912,35.956,413,75.292
-9.9442,32.722,411,74.523
-7.1581,34.551,400,74.391
-6.473,37.576,396,71.488
-9.557,36.29,399,74.928
-12.669,34.48,407,75.135
-11.455,37.475,394,75.929
-7.6314,39.069,384,71.645
-5.171,35.686,383,74.556
-8.455,31.607,392,76.988
-12.813,33.66,376,68.833
-12.092,38.036,375,68.419
-8.1862,38.847,364,66.782
-6.7051,35.497,360,67.071
-7.8968,30.783,383,72.133
-12.713,31.59,378,69.759
-13.325,35.639,359,65.235
-9.8232,37.729,351,66.575
-5.8144,35.105,368,69.106
-7.327,29.932,372,70.173
-12.27,31.06,373,69.677
-13.955,35.595,359,70.148
-9.2398,39.431,362,70.421
-3.5824,35.515,372,69.412
-2.5657,30.782,381,70.182
-8.1905,31.599,366,70.454
-12.644,36.506,363,66.79
-10.697,41.04,357,70.843
-6.1879,39.111,351,67.336
-4.1411,34.269,373,70.818
-8.8796,30.471,368,68.014
-14.396,32.423,361,67.915
-14.437,37.993,359,68.287
-9.3431,40.067,372,68.932
-5.2409,35.508,376,69.983
-7.8645,29.84,388,71.082
-12.757,31.502,372,69.784
-12.594,37.895,365,67.535
-9.4178,42.541,354,67.617
-5.2848,37.723,371,71.579
-5.5593,29.99,373,68.816
-4.5079,30.706,381,76.152
-8.2149,37.216,362,69.205
-10.691,36.726,370,68.469
-3.5909,33.019,380,69.875
-1.3609,28.869,373,73.324
-5.8647,33.306,364,69.569
-10.238,38.85,364,67.832
-8.4655,34.001,373,68.924
-1.5582,31.088,372,66.757
-5.2828,31.433,350,67.898
-11.102,34.633,360,68.031
-9.6758,36.721,368,72.315
-2.8237,36.339,383,73.249
-4.8777,30.016,380,74.068
-7.0268,31.164,388,75.433
-8.1791,37.703,367,68.395
-6.3802,40.356,370,71.596
-3.4333,32.867,373,70.603
-2.0927,29.976,383,73.721
-7.2485,35.528,388,74.002
-10.867,37.716,387,71.744
-4.9551,38.036,360,69.404
-3.1303,30.985,380,71.008
-6.1164,28.264,367,69.486
-9.1393,34.235,371,72.505
-8.1686,38.818,377,71.38
-4.9569,37.914,383,73.357
-4.4134,31.803,381,73.084
-11.121,33.339,383,71.935
-13.916,39.516,375,69.991
-11.892,43.833,375,73.423
-7.0058,38.969,397,80.155
-6.6455,30.853,394,73.803
-9.7168,31.835,372,69.106
-11.87,39.143,371,72.059
-12.848,41.353,370,69.966
-10.007,34.37,376,70.901
-8.8163,30.046,384,73.836
-13.653,31.63,379,76.706
-17.791,34.591,370,72.803
-14.846,36.328,373,74.564
-8.6403,37.5,391,75.871
-6.4984,30.887,390,72.125
-11.899,33.226,394,74.093
-16.699,37.003,380,75.598
-11.608,39.205,379,72.372
-5.5144,35.286,382,74.647
-7.9029,30.941,387,72.579
-14.503,32.786,373,73.291
-14.036,37.966,356,67.89
-8.9635,41.567,361,68.742
-4.0418,37.513,374,69.23
-4.9251,31.619,380,71.852
-11.19,33.286,367,68.816
-13.924,39.41,358,68.552
-10.587,42.641,364,70.082
-5.3747,39.441,365,68.75
-4.7951,32.294,378,70.148
-11.525,30.626,369,67.915
-15.243,34.759,358,67.055
-11.823,39.84,351,67.444
-7.9776,40.164,373,73.084
-5.121,36.254,384,74.482
-6.3894,32.103,369,67.518
-12.781,35.578,362,70.049
-11.986,41.467,361,67.799
-8.6631,44.767,369,69.776
-5.2885,39.068,383,75.243
-5.8469,31.948,375,70.14
-10.561,34.886,372,69.379
-14.117,41.184,374,72.017
-12.01,40.635,365,69.478
-6.3435,35.613,366,68.651
-8.5284,32.123,374,69.379
-15.074,35.129,361,68.279
-14.863,37.659,359,70.545
-8.2179,40.012,366,72.679
-3.5781,35.113,373,70.793
-7.7808,31.058,376,70.611
-13.662,34.788,361,69.528
-11.582,40.203,357,68.924
-6.2349,41.745,369,69.478
-4.1834,34.621,369,68.56
-8.8176,32.233,375,68.651
-12.954,37.291,374,69.594
-11.059,42.509,367,69.032
-6.6549,41.002,381,76.93
-5.4895,33.202,381,71.835
-11.558,32.908,386,71.761
-14.425,38.176,369,70.057
-10.935,43.096,357,69.23
-5.3685,40.432,363,68.097
-3.8754,33.386,372,67.981
-8.2759,31.437,372,70.355
-13.505,36.232,352,69.528
-14.008,40.198,350,66.153
-8.5149,42.798,359,68.262
-3.8809,38.04,382,74.582
-7.1063,31.091,381,68.279
-12.786,32.937,370,68.949
-14.831,38.619,362,69.197
-10.817,44.401,362,69.801
-5.1856,40.8,365,71.968
-4.1116,34.396,381,77.095
-9.1106,32.394,408,73.812
-12.469,35.532,381,71.372
-9.8326,41.962,379,72.067
-5.2676,42.156,383,73.332
-3.1574,35.712,390,78.186
-1.4767,33.142,391,73.712
-6.9005,34.089,411,86.779
-12.114,37.152,398,78.22
-8.9856,42.743,374,70.586
-5.6396,42.858,367,71.381
-3.8432,36.497,358,70.917
-7.3426,31.193,367,68.461
-11.859,35.536,362,73.258
-12.553,41.663,365,72.414
-7.4072,43.54,370,69.875
-4.0448,38.533,355,71.025
-9.1455,33.848,369,68.04
-14.722,35.118,379,70.793
-13.685,40.805,369,69.734
-8.4301,42.748,369,69.726
-6.6014,37.711,367,72.224
-7.9482,31.794,374,74.101
-13.41,34.961,375,68.833
-13.786,40.988,375,70.545
-7.5703,38.785,366,68.825
-4.8707,32.7,383,73.307
-10.598,31.06,377,73.266
-16.811,31.72,372,70.983
-14.528,37.629,367,71.711
-8.5702,40.736,390,74.672
-3.9621,37.614,382,73.63
-6.1667,31.569,370,68.262
-12.555,33.175,365,68.899
-15.762,37.582,375,73.754
-11.98,42.967,365,68.841
-6.3485,42.478,372,71
-5.2336,35.201,375,71.099
-9.922,31.205,393,74.581
-14.847,34.545,368,72.968
-12.324,40.337,352,65.078
-7.4344,42.481,361,68.196
-4.4255,40.154,366,70.859
-2.8589,33.001,371,69.759
-8.739,33.306,373,69.412
-14.307,35.02,364,72.017
-13.524,40.984,362,68.717
-8.408,45.744,367,70.256
-8.4433,44.728,378,71.521
-8.9389,36.255,385,69.842
-10.052,31.903,407,74.49
-13.228,37.056,384,72.472
-11.792,43.948,377,73.539
-7.3867,42.736,384,72.422
-7.0184,33.828,397,72.902
-9.1851,30.572,381,71.761
-11.95,37.155,369,68.659
-12.191,42.148,361,70.834
-6.4788,42.283,367,70.222
-3.025,35.454,381,72.894
-6.7115,32.258,383,70.628
-12.807,36.721,370,68.461
-11.013,43.152,369,68.998
-5.1452,44.503,376,71.579
-4.1883,37.369,375,70.289
-9.1609,32.996,405,74.763
-14.291,36.668,393,72.381
-16.72,42.122,380,72.687
-12.491,44.072,362,69.404
-6.7931,39.088,374,72.869
-5.6557,32.282,394,77.095
-7.3712,28.989,402,82.438
-11.826,32.787,358,72.406
-13.122,38.564,359,66.393
-8.5613,42.496,370,68.907
-3.3127,38.433,376,72.852
-1.4525,31.784,377,71.562
-4.1034,30.367,365,73.514
-9.2229,34.561,354,66.757
-10.819,41.496,366,69.023
-6.4992,44.05,368,66.757
-3.1045,38.545,370,68.552
-6.975,34.471,378,69.941
-13.16,37.033,373,71.67
-14.956,41.703,373,71.173
-9.9594,44.784,381,74.308
-5.5458,39.221,382,71.827
-9.4741,32.065,391,73.324
-13.075,34.64,379,71.041
-13.454,41.567,369,68.915
-7.4142,43.852,378,70.975
-3.2699,38.622,394,73.241
-4.7763,31.466,387,69.437
-10.175,33.188,370,70.909
-13.5,39.456,360,69.412
-12.369,46.015,381,73.233
-6.9032,45.848,376,71.199
-4.3301,39.894,360,67.526
-8.1446,33.903,371,69.685
-13.414,35.035,369,67.915
-16.919,40.158,360,66.972
-13.474,43.837,377,71.471
-7.0595,42.123,379,70.173
-5.8458,35.891,379,71.562
-9.9593,32.416,380,74.945
-15.953,34.387,368,72.133
-15.602,40.944,368,71.091
-10.128,45.281,379,72.29
-5.5629,44.064,388,76.847
-4.4382,36.683,369,69.404
-8.3023,33.375,360,68.461
-13.036,37.438,374,71.744
-15.85,43.02,368,68.99
-13.65,45.616,381,71.587
-6.8856,41.072,380,69.958
-7.6038,34.068,385,70.363
-12.764,33.342,374,69.139
-15.505,38.791,352,65.657
-13.575,43.491,373,68.378
-7.7067,42.787,398,73.448
-5.2856,35.389,390,73.398
-7.2078,31.051,396,77.699
-12.622,35.328,369,73.539
-12.791,43.375,381,69.949
-7.6339,46.013,381,70.909
-4.1803,40.406,380,72.042
-6.5459,33.376,373,69.759
-13.047,33.953,373,71.174
-17.005,39.061,362,67.617
-14.228,44.589,359,67.51
-8.518,45.002,370,67.882
-5.9183,40.015,386,73.142
-8.0725,32.769,380,71.455
-12.856,34.375,371,69.685
-15.919,41.223,358,70.247
-11.936,45.589,363,67.882
-7.2692,46.093,395,73.886
-5.1057,38.485,383,72.323
-8.9697,33.225,378,68.114
-14.839,35.71,369,68.949
-16.7,41.844,357,68.163
-11.339,45.652,362,67.154
-5.5861,43.23,383,72.282
-5.722,35.088,387,70.264
-11.535,35.012,384,69.941
-16.109,40.613,366,70.057
-13.385,46.048,368,67.518
-8.1383,47.431,393,77.649
-6.6065,40.793,393,70.702
-10.028,34.795,402,76.905
-13.504,39.32,382,72.332
-15.576,44.026,381,74.581
-14.657,43.699,384,83
-10.724,47.017,386,77.74
-8.2862,45.381,366,70.189
-6.7661,39.334,369,71.281
-12.264,35.385,385,71.049
-15.983,39.935,366,69.643
-13.07,45.888,355,67.444
-6.5217,45.789,360,68.37
-3.8088,40.015,379,67.419
-7.8519,34.738,374,70.446
-13.164,37.997,365,67.452
-13.856,43.688,370,70.057
-9.7628,46.632,395,72.96
-7.2666,43.088,395,74.556
-8.8859,35.083,391,73.142
-13.297,37.161,395,73.365
-14.625,44.658,363,69.205
-14.488,48.171,374,73.605
-8.0105,47.473,361,71.529
-3.6693,42.635,392,74.746
-5.3083,34.417,375,70.123
-10.964,35.19,372,68.254
-12.663,42.176,366,68.461
-10.264,46.333,355,66.286
-6.1206,47.313,363,68.527
-3.8714,41.461,359,67.907
-7.282,35.96,361,72.977
-11.62,39.241,369,68.279
-14.445,44.667,370,70.727
-11.019,47.028,360,69.032
-6.2099,42.274,379,70.313
-8.957,36.101,385,70.81
-13.192,35.987,378,71.488
-17.491,40.134,372,70.338
-14.525,43.069,382,78.195
-10.373,47.52,367,69.404
-5.4975,45.822,379,69.618
-8.3146,40.538,386,70.859
-13.024,39.447,394,75.036
-9.9057,44.636,388,73.539
-7.1918,46.566,388,75.028
-5.3594,44.333,404,83.149
-8.2056,41.41,391,77.939
-10.913,40.511,360,68.568
-9.7448,41.759,353,68.858
-9.7957,40.293,358,67.237
-9.7904,40.989,374,69.486
-10.46,40.605,386,69.503
-10.396,40.806,412,73.522
-10.644,40.739,433,73.415
-11.133,40.483,461,77.641
-11.491,40.235,481,78.865
-12.576,39.818,483,80.362
-12.831,40.338,503,79.394
-12.974,40.027,511,88.45
-13.06,40.033,513,85.895
-13.172,39.202,510,83.132
-12.786,38.708,490,81.081
-11.615,38.547,494,85.531
-11.102,39.708,464,80.486
-12.116,40.453,453,76.88
-11.142,39.977,423,76.003
-11.098,37.359,411,70.222
-14.063,36.305,402,74.829
-14.848,39.469,391,71.165
-12.626,43.366,389,72.431
-8.6388,43.543,395,71.736
-7.4429,39.4,398,72.679
-11.172,36.569,392,71.165
-14.788,37.72,385,69.817
-13.467,42.379,384,69.941
-10.405,46.068,391,73.134
-7.9365,43.047,387,71.446
-9.1274,38.19,388,67.617
-13.669,36.996,389,71.488
-15.67,40.823,390,73.605
-11.82,45.609,399,75.805
-7.2081,43.779,400,72.886
-9.3702,38.005,403,74.019
-14.33,36.964,395,70.958
-15.754,42.004,384,73.613
-12.196,46.227,371,68.552
-6.8945,44.348,384,70.347
-7.9985,38.688,387,73.994
-12.857,35.474,390,72.48
-15.521,38.822,372,67.675
-14.956,45.441,376,71.637
-10.15,47.093,365,68.924
-7.7222,41.631,372,69.486
-10.384,35.96,394,69.759
-15.559,36.737,370,67.228
-14.952,42.334,361,68.858
-8.6478,44.479,376,71.819
-6.3083,39.045,409,73.324
-10.814,34.4,403,74.358
-15.615,37.375,386,73.266
-15.415,44.917,377,70.76
-9.6629,48.45,378,69.023
-4.9459,45.665,403,73.076
-6.8745,38.378,405,72.96
-13.905,36.895,383,68.907
-15.731,43.374,385,71.347
-15.714,47.955,376,72.712
-9.1411,48.762,373,70.429
-6.893,42.744,378,69.015
-9.6268,36.589,393,77.493
-15.245,35.514,385,70.52
-16.153,41.893,395,70.991
-10.589,47.665,403,73.009
-7.3515,45.015,410,77.831
-11.231,37.455,415,75.937
-14.649,34.576,392,72.505
-14.828,42.398,375,69.602
-11.914,48.187,406,75.499
-7.7049,47.052,399,75.54
-7.5008,38.693,394,74.556
-13.292,36.052,389,73.167
-15.113,42.298,376,72.795
-12.574,48.411,367,70.537
-7.4312,47.497,377,69.569
-6.097,39.47,386,71.653
-9.2203,34.992,392,71.165
-14.663,40.012,366,68.469
-12.607,46.571,391,69.478
-6.7761,46.616,401,72.397
-6.557,38.615,406,74.862
-7.2264,34.089,407,73.588
-13.395,37.17,381,73.82
-12.467,45.732,374,72.522
-12.047,50.884,390,74.002
-8.0246,47.023,385,74.705
-6.1711,39.423,399,76.069
-12.711,39.116,386,72.488
-14.993,45.964,385,71.339
-11.427,51.149,381,72.522
-6.6968,47.973,367,68.75
-7.2525,39.879,371,69.611
-13.126,38.497,377,69.983
-17.97,42.075,389,75.135
-16.159,48.241,393,72.497
-10.303,50.114,387,71.653
-6.9359,44.124,382,69.04
-11.298,38.605,387,69.404
-16.93,41.322,377,72.497
-17.736,47.475,373,71.281
-13.554,51.378,366,69.693
-8.2706,49.194,379,72.604
-7.6186,41.673,376,70.975
-8.3856,35.956,390,72.877
-11.177,38.737,387,72.993
-13.938,46.265,382,71.306
-9.5669,49.481,375,70.934
-7.4597,44.162,386,75.036
-9.8316,36.253,422,77.765
-10.064,39.273,410,80.494
-12.086,46.657,407,76.541
-16.159,49.026,404,72.67
-15.658,44.737,403,82.413
-10.257,42.786,423,86.821
-6.2028,39.872,396,76.706
-7.8696,34.654,388,78.741
-11.482,36.319,409,89.294
-12.744,43.815,402,78.385
-13.889,46.897,423,84.373
-12.723,40.222,407,77.137
-8.3851,40.577,378,72.977
-15.142,45.12,390,72.596
-19.35,47.999,384,71.852
-12.492,47.007,363,67.981
-8.2254,41.582,392,72.588
-15.909,38.736,394,75.408
-18.421,42.675,377,73.696
-16.095,48.851,376,69.188
-8.3429,47.391,389,74.068
-7.0886,39.853,398,73.844
-10.671,35.556,394,76.045
-14.628,41.028,366,68.196
-15.771,48.418,363,74.962
-9.3128,48.371,379,76.641
-4.8554,42.79,384,72.497
-9.3199,39.091,368,70.355
-15.146,43.325,373,69.048
-15.413,48.935,374,72.406
-12.716,51.221,397,82.256
-8.6215,46.597,390,71.926
-9.8272,41.094,385,73.059
-16.359,41.404,375,71.099
-16.887,48.011,376,74.011
-10.92,49.335,380,72.1
-7.5938,42.576,393,76.417
-10.783,35.876,394,80.114
-11.517,35.784,403,82.836
-14.824,43.66,396,77.963
-15.226,48.078,383,72.794
-9.9678,49.422,394,74.672
-6.1579,46.277,383,72.414
-8.4263,40.071,388,74.217
-13.256,40.208,385,74.076
-13.884,48.637,394,79.998
-14.232,47.487,377,68.014
-8.3198,39.599,392,69.702
-8.1733,40.904,373,71.769
-14.087,46.502,354,69.057
-12.6,51.735,373,72.968
-7.5126,48.55,370,78.055
-7.3091,41.278,371,68.444
-12.243,41.59,388,74.837
-18.28,47.664,390,74.482
-13.559,51.513,375,70.677
-6.1363,48.275,385,72.232
-6.7066,39.485,405,76.07
-12.2,34.437,388,72.993
-15.522,38.966,395,73.539
-11.716,47.886,400,71.926
-9.2624,50.115,401,76.26
-8.3207,41.628,388,71.049
-8.4921,38.27,385,74.3
-11.306,44.999,368,70.429
-14.595,49.084,392,71.653
-14.651,43.978,391,73.051
-10.817,38.826,385,68.452
-10.688,44.921,383,71.951
-14.542,50.559,388,73.175
-11.242,44.158,382,73.812
-7.8395,40.128,397,72.091
-7.7073,45.381,406,79.717
-13.425,45.726,394,72.29
-8.7253,44.332,388,70.884
-3.3334,44.051,414,78.567
-5.2737,38.336,427,87.003
-3.9787,34.362,431,90.038
1.2703,33.086,469,105.52
5.7249,29.668,449,94.231
11.863,27.319,430,93.884
16.908,25.313,415,87.019
22.109,23.88,401,81.751
24.787,25.042,387,79.882
25.509,27.673,376,74.267
26.934,32.15,375,75.144
26.819,34.481,400,79.717
26.979,29.112,394,77.583
26.927,21.697,389,78.427
25.729,14.624,379,76.715
20.532,9.6737,400,82.049
23.84,5.6987,407,86.25
26.642,9.2103,419,89.095
25.8,15.78,430,90.286
26.096,19.713,415,83.893
25.785,19.303,414,78.782
24.858,20.132,403,80.172
23.926,26.259,394,74.531
26.101,32.413,391,73.497
24.179,35.835,383,71.992
24.715,31.54,384,73.489
30.404,26.737,380,74.937
29.874,21.286,385,74.59
26.065,15.818,358,68.097
23.546,19.627,348,69.801
23.958,22.544,353,67.716
24.327,21.438,365,68.957
23.99,21.817,367,69.776
24.165,22.008,385,71.116
24.068,22.08,395,71.488
24.163,22.133,404,70.702
23.909,22.064,418,74.167
23.239,21.721,437,78.898
22.492,21.079,454,79.138
21.18,21.535,452,82.041
21.335,22.291,462,80.453
21.379,23.207,474,80.883
22.215,23.107,473,83.918
20.767,22.598,485,87.218
20.354,20.901,483,86.995
18.889,20.984,463,84.356
19.074,22.841,454,80.419
20.482,24.002,415,75.755
24.15,24.245,414,74.465
27.425,22.469,402,75.226
25.137,18.746,401,71.306
20.956,16.574,392,70.057
17.758,20.015,405,75.102
19.383,22.769,423,80.825
25.549,24.349,415,76.144
28.236,21.947,410,75.474
23.618,17.853,401,72.323
18.118,18.042,395,72.125
17.588,22.805,394,72.091
23.644,26.308,383,71.289
29.393,27.712,399,73.638
29.263,24.472,403,78.857
26.862,18.035,395,73.919
25.439,15.058,419,78.609
26.659,15.839,436,83.041
28.815,16.663,451,88.086
24.593,22.611,437,85.208
23.23,23.662,445,76.673
28.733,23.749,447,75.474
26.883,24.946,442,84.728
24.828,19.216,435,77.169
27.162,16.663,433,78.385
23.63,19.355,432,84.761
19.786,22.727,416,81.106
22.545,29.45,415,76.83
28.617,32.42,418,82.719
30.805,27.05,450,92.585
26.899,20.451,425,86.514
21.429,19.233,412,77.674
24.083,25.083,406,74.754
30.146,29.194,403,74.531
32.366,25.624,412,82.396
32.014,18.074,400,75.979
28.422,11.733,390,74.192
26.733,8.321,408,77.964
29.288,15.505,443,78.22
30.244,23.069,435,77.343
32.444,25.153,421,75.846
35.068,23.343,408,73.15
36.708,20.33,424,76.434
35.211,20.744,437,87.119
30.85,24.941,437,85.713
23.82,28.067,417,78.262
22.666,28.127,408,81.056
24.647,35.125,408,82.62
21.948,36.238,421,82.14
24.768,27.938,414,83.728
30.06,22.415,418,80.271
25.476,20.223,429,86.482
23.142,19.17,414,80.916
29.315,22.944,402,74.076
31.408,27.216,440,86.159
31.019,21.082,417,79.791
33.345,20.802,420,85.332
30.493,28.514,403,77.26
33.285,31.434,418,81.569
37.574,24.056,400,78.121
33.96,22.339,423,83.422
32.294,22.929,432,91.808
35.205,30.586,398,80.8
35.803,31.855,426,90.038
41.719,31.181,410,81.958
42.283,33.645,417,85.117
38.152,26.161,420,86.085
29.565,24.946,416,82.313
24.738,21.719,405,77.393
28.549,22.414,408,81.412
26.017,30.384,413,79.734
30.516,31.835,409,76.508
36.776,31.437,411,79.072
39.393,30.942,428,89.55
34.756,25.954,425,92.172
25.661,24.418,419,85.175
22.38,22.829,410,80.717
26.267,27.461,400,78.964
30.353,31.849,413,86.06
30.539,29.252,408,81.793
35.196,23.455,407,82.091
31.811,28.592,418,87.987
25.814,23.942,415,85.25
24.682,18.009,400,81.478
22.9,21.264,437,97.175
28.563,21.036,459,99.217
32.226,20.23,459,97.688
29.278,19.109,436,88.392
27.76,20.03,444,91.617
25.635,24.235,435,89.343
28.274,30.29,405,74.266
27.343,32.435,396,77.393
25.757,28.336,377,76.144
25.012,29.797,382,72.687
26.908,30.307,386,73.903
26.32,29.966,403,74.738
26.406,29.783,419,75.598
26.468,29.673,439,82.265
26.42,29.255,454,80.097
26.784,28.474,473,81.04
27.496,27.96,484,82.446
27.875,26.901,503,85.531
27.851,27.067,508,84.985
28.237,26.737,529,86.78
27.946,26.365,530,90.8
28.011,26.409,526,88.26
28.141,25.829,523,89.377
28.075,24.044,510,87.615
27.505,22.003,487,81.892
25.904,22.374,454,79.609
24.211,23.963,428,73.1
24.401,27.09,416,73.679
26.469,29.675,420,74.878
29.139,29.291,418,78.592
27.809,24.41,404,74.333
24.547,21.192,404,72.654
23.982,24.119,405,74.184
26.356,28.687,398,73.142
29.181,32.123,402,76.235
29.413,27.638,401,75.474
26.375,21.816,396,74.647
23.257,23.157,396,71.62
25.117,28.901,391,73.969
28.223,32.997,413,78.964
29.507,31.003,410,83.29
27.492,23.695,410,76.905
25.208,22.877,409,74.283
20.538,28.521,397,73.423
21.01,31.229,434,82.438
25.695,34.467,423,82.388
26.849,37.352,436,84.365
28.339,30.053,435,84.05
26.547,23.13,415,79.618
22.896,24.91,381,70.429
22.642,30.019,395,72.017
26.957,34.844,399,83.017
28.42,28.326,392,77.037
24.638,21.277,412,76.375
22.718,26.209,398,76.028
27.165,33.333,412,80.081
32.508,31.374,438,78.36
28.678,25.004,434,81.18
22.084,22.855,429,75.474
26.409,28.424,408,81.594
27.899,34.942,423,79.22
28.8,29.951,433,82.859
27.42,21.348,417,80.155
25.855,23.036,415,83.157
23.195,29.154,388,74.862
28.026,25.776,418,84.075
29.209,23.775,411,80.081
21.529,24.603,404,73.539
22.444,27.577,433,88.227
27.55,29.163,435,81.47
33.221,27.38,469,80.99
31.133,22.449,447,79.692
26.615,27.893,431,78.046
26.771,25.926,461,93.859
27.933,19.692,428,79.518
24.37,21.329,427,86.284
28.087,25.539,442,99.185
34.123,28.768,440,91.162
39.247,27.317,435,87.871
37.121,26.891,442,89.493
30.173,23.573,434,90.964
29.691,22.814,427,87.284
28.425,29.143,421,79.692
23.028,32.372,429,85.117
29.057,28.723,395,75.565
32.88,24.799,403,72.472
27.297,19.846,397,76.243
24.669,22.158,345,65.558
24.116,25.515,344,70.148
28.391,28.938,324,67.344
28.873,34.354,290,62.746
28.807,34.073,260,60.323
31.246,28.644,242,58.454
27.393,25.795,235,60.53
26.741,26.827,271,64.822
31.311,35.049,320,72.108
26.465,39.191,351,67.733
29.507,34.053,382,73.613
33.072,35.365,397,76.177
27.368,29.948,393,75.598
30.424,27.768,391,76.905
26.906,33.791,378,72.067
25.428,36.993,375,70.454
28.228,37.143,380,72.397
28.166,33.783,397,78.22
25.33,25.655,396,75.209
27.295,29.374,395,76.111
25.747,36.722,404,81.478
21.736,32.782,434,88.574
29.434,31.201,422,84.753
29.029,37.082,409,86.374
23.54,40.825,424,96.009
25.715,44.002,404,79.924
30.718,43.7,411,89.988
29.333,35.498,414,88.557
25.203,27.329,388,73.059
26.038,30.424,380,71.38
24.675,39.012,386,74.895
25.198,41.624,442,98.35
26.863,34.638,443,85.77
22.005,29.326,416,79.121
25.843,31.226,438,91.576
26.169,39.804,420,83.711
23.519,41.407,442,97.018
30.718,36.087,432,91.965
26.163,28.621,436,93.073
25.705,27.301,407,82.677
25.894,35.823,417,91.337
27.246,43.806,405,79.841
27.733,43.419,423,84.58
29.579,34.892,420,90.187
25.45,28.899,411,76.797
26.094,34.294,404,79.055
28.366,42.194,395,75.309
27.314,38.887,417,88.012
32.519,33.024,430,92.221
33.303,32.287,409,88.649
30.425,33.836,385,76.863
30.342,32.138,388,73.489
30.2,31.33,415,78.36
30.501,31.547,411,76.011
30.324,31.452,430,76.855
30.187,31.021,463,83.91
30.027,30.895,482,81.726
30.153,29.954,499,87.119
29.844,29.348,512,87.193
29.741,29.439,531,88.119
29.685,28.171,525,85.026
29.142,28.357,524,86.275
29.641,27.329,530,86.92
29.734,25.992,520,89.567
30.046,25.579,510,85.034
30.062,26.037,479,85.994
28.912,25.041,450,80.345
27.864,25.406,438,80.138
28.431,28.784,430,78.178
29.79,32.272,418,78.493
31.412,32.169,423,77.732
28.837,28.093,423,79.096
27.646,25.27,415,75.267
28.447,29.454,409,75.92
29.475,31.11,406,75.019
27.626,29.745,425,83.463
28.864,31.292,431,77.045
28.876,30.489,455,77.508
28.821,30.651,470,81.941
29.01,30.731,496,84.497
28.983,30.927,509,87.011
29.022,31.329,535,94.719
29.262,31.948,550,92.734
29.329,31.237,553,96.117
29.454,31.342,562,94.537
29.435,31.915,576,97.051
29.452,31.269,576,97.548
29.575,30.76,574,96.886
29.852,30.332,555,91.518
29.951,28.266,522,90.873
30.28,26.329,486,84.563
31.073,25.076,480,87.036
28.405,26.481,451,82.81
27.914,30.635,447,77.897
29.563,34.506,439,79.932
30.072,33.383,433,77.558
29.432,28.663,431,78.22
28.381,27.022,434,81.859
26.438,27.256,456,82.106
28.026,32.566,439,79.411
30.104,36.545,435,77.707
27.718,33.842,435,83.81
29.307,29.515,451,82.396
30.062,28.328,464,84.183
29.275,31.958,418,72.827
27.939,33.501,451,89.153
29.711,28.478,432,79.319
32.035,25.873,433,79.237
28.317,26.314,429,81.759
24.226,28.088,416,76.425
24.203,30.413,439,88.764
29.879,34.433,429,74.647
30.344,33.905,428,81.032
30.699,29.63,463,87.689
32.139,26.697,464,87.259
30.01,27.314,441,84.753
28.439,27.914,431,77.5
27.539,24.348,465,89.434
30.064,31.698,462,92.552
26.158,35.204,459,85.944
27.883,28.941,458,88.267
32.325,25.618,425,81.685
27.519,29.186,402,77.774
23.996,31.566,428,89.732
26.604,26.389,460,103.77
29.072,23.479,414,78.129
22.778,27.116,427,81.305
22.759,28.548,446,92.957
29.082,33.1,427,79.311
30.586,29.786,418,76.954
27.987,27.045,434,91.667
25.564,34.092,420,82.305
28.263,38.349,439,80.668
27.689,38.016,455,93.842
25.825,30.107,460,88.599
31.815,27.161,437,83.802
30.511,32.649,411,75.54
22.947,37.854,430,82.528
24.408,31.926,439,86.647
32.205,26.861,414,80.75
29.904,26.74,424,91.518
25.813,33.018,403,84.009
21.349,34.26,389,77.343
26.605,39.603,410,81.685
29.112,40.131,388,74.928
30.134,30.984,393,75.135
29.246,24.023,398,75.309
26.283,29.186,387,72.398
26.565,37.623,407,75.077
28.98,39.476,412,71.099
33.774,34.467,425,78.212
34.587,28.435,459,86.523
30.537,28.554,450,89.624
28.091,22.824,456,89.352
29.783,17.926,466,100.04
25.178,13.976,465,100.79
28.841,12.611,485,110.97
33.137,12.932,496,112.6
34.5,15.418,482,105.55
30.006,17.196,477,112.05
34.646,19.719,481,114.53
36.71,25.553,489,120.74
36.115,23.631,475,108.41
40.52,17.326,433,97.837
42.579,14.335,455,107.39
43.455,16.888,508,124.3
39.932,21.742,537,132.07
35.282,25.062,489,121.23
28.365,27.194,428,86.299
27.594,24.798,426,85.994
28.163,27.586,404,82.421
26.012,23.494,414,75.664
29.811,23.307,437,91.824
30.277,31.298,426,83.86
23.721,36.059,440,84.356
25.731,40.033,456,95.413
27.258,47.221,444,89.31
25.434,47.321,446,91.195
24.254,44.966,479,114.83
26.274,40.447,509,121.57
28.036,34.732,467,106.09
27.459,34.559,457,92.908
30.545,37.876,445,83.281
26.461,41.047,490,109.13
26.29,40.35,482,103.02
26.366,37.124,458,89.418
22.831,30.079,452,96.969
24.041,30.293,452,100.15
19.068,34.532,451,91.981
17.389,36.156,464,108.58
15.632,42.095,444,93.049
14.838,46.409,453,96.894
16.487,52.138,459,99.648
14.404,54.173,464,105.31
14.748,47.874,454,103.53
22.434,45.707,460,101.14
26.143,41.098,460,102
23.695,33.364,432,88.673
26.106,37.438,439,90.459
22.931,45.666,431,84.943
18.351,49.64,407,81.437
13.185,52.403,423,87.292
13.796,54.082,472,106.65
15.029,55.244,486,112.35
12.761,53.312,438,91.742
11.326,59.723,440,101.48
5.5211,61.312,450,96.464
1.7067,58.381,416,94.711
-0.83987,53.954,446,98.101
-1.0209,43.782,453,101.73
0.47202,36.093,472,108.47
3.8973,30.072,444,104.86
10.25,27.345,463,111.13
7.2671,19.404,459,112.42
7.2512,9.7739,456,106.31
9.2354,4.2307,466,106.05
6.7264,1.0496,434,91.362
3.1712,-4.5457,421,84.398
3.003,-6.2128,438,94.529
6.8537,-3.3789,417,84.803
8.7601,4.3973,409,87.838
0.95159,1.694,414,89.583
-0.28042,-3.7172,424,91.882
6.9097,-5.8219,449,97.233
7.4887,-8.8991,428,99.301
2.3966,-11.778,416,87.267
1.4685,-11.787,425,92.8
3.5144,-10.996,438,97.952
-1.0895,-8.4989,433,101.12
-0.5321,-14.323,441,98.176
-0.61183,-20.036,412,96.688
-7.3817,-21.424,409,81.793
-6.2215,-23.677,424,92.851
-3.4599,-18.976,447,105.41
-1.5338,-11.161,436,97.622
-5.3711,-5.8107,441,101.48
-4.9962,-6.5154,470,115.11
2.7655,-1.0689,446,108.66
6.8812,5.692,428,96.943
-0.39568,4.3885,417,89.897
-4.0211,-0.39824,394,78.402
-2.1997,2.0923,369,71.62
-6.3298,7.3841,401,82.438
-4.4535,2.0543,436,93.925
-4.6821,5.4129,425,81.222
-10.259,4.6815,432,86.664
-12.148,5.7497,419,82.859
-16.49,8.0612,428,84.439
-17.718,14.304,404,85.415
-22.736,18.953,393,77.252
-27.353,22.366,395,78.228
-26.675,29.664,389,79.154
-27.187,36.237,392,84.687
-19.499,37.299,382,77.285
-20.816,35.306,353,76.45
-21.752,35.433,351,71.86
-20.267,36.014,362,74.953
-20.717,35.881,372,74.465
-20.505,35.75,391,76.649
-20.529,36.052,403,81.032
-20.624,35.813,409,80.668
-20.216,36.302,421,80.287
-20.06,37.02,429,80.486
-20.388,37.772,432,82.744
-21.042,37.795,440,81.205
-20.126,39.432,441,80.453
-21.088,39.817,438,81.966
-21.554,40.42,459,83.943
-21.571,41.87,456,83.207
-20.721,41.012,457,83.761
-18.968,41.636,452,84.522
-17.424,42.442,436,81.338
-17.897,41.384,430,81.685
-18.554,37.212,412,80.279
-19.71,32.69,418,84.1
-22.738,33.675,420,83.174
-20.224,34.271,424,87.789
-18.569,39.546,406,79.006
-16.973,38.401,406,76.144
-16.57,35.807,436,93.719
-22.293,33.008,423,87.607
-24.531,30.681,427,91.394
-21.159,33.097,444,106.46
-17.773,38.573,429,90.989
-19.511,40.541,400,80.85
-21.564,33.587,389,76.723
-19.57,29.304,409,80.651
-21.107,35.179,419,84.199
-23.855,36.033,413,79.56
-17.64,32.862,422,85.804
-15.821,36.754,426,83.438
-21.157,40.517,427,85.514
-20.049,34.688,427,85.241
-17.351,30.735,432,82.793
-19.637,33.908,433,87.416
-22.995,37.473,420,91.907
-18.949,39.225,413,88.318
-16.644,34.694,375,75.044
-22.691,32.052,391,76.45
-26.876,27.267,401,86.937
-25.392,28.733,413,91.436
-25.256,35.464,422,89.153
-22.339,35.296,419,75.209
-19.286,36.608,453,95.455
-20.509,33.464,451,95.736
-21.513,25.141,438,86.457
-23.921,19.77,464,105.66
-26.06,16.306,455,103.72
-24.246,15.975,442,94.074
-22.866,15.943,427,90.36
-25.247,14.464,432,87.077
-24.368,11.049,426,91.262
-24.804,15.673,412,87.698
-27.86,22.15,447,103.02
-27.084,29.359,436,92.684
-23.973,26.188,402,76.21
-17.449,24.958,393,81.578
-17.939,19.694,406,88.02
-16.138,13.989,388,78.195
-18.779,12.06,397,81.354
-17.503,6.6899,396,83.091
-14.029,10.086,440,101.71
-14.543,6.3016,443,101.23
-14.946,6.963,433,105.69
-21.87,7.1491,398,87.532
-20.254,13.061,414,96.671
-21.539,22.556,412,86.92
-23.058,26.921,445,95.257
-25.293,27.853,446,95.43
-29.73,27.796,426,76.897
-26.141,27.311,431,81.288
-19.126,31.38,398,77.972
-24.158,35.497,434,88.541
-30.583,34.391,405,79.634
-26.503,30.245,396,73.795
-20.435,32.438,389,76.152
-19.382,40.146,409,78.791
-22.009,44.577,386,71.463
-21.687,37.09,395,80.229
-22.845,30.469,370,70.884
-27.051,35.24,414,86.135
-28.687,35.784,426,87.127
-27.12,33.112,416,84.455
-30.08,31.462,415,83.397
-31.512,29.827,403,82.19
-33.134,36.108,391,79.171
-36.769,36.533,393,79.65
-32.715,39.98,384,85.945
-28.213,44.6,409,87.59
-25.145,38.984,409,93.421
-27.272,30.061,388,79.535
-25.732,27.841,371,74.936
-29.725,35.827,403,81.503
-34.419,36.918,376,79.634
-28.239,36.568,419,93.999
-26.618,40.237,432,88.326
-25.103,36.394,419,80.51
-20.866,35.426,453,98.83
-23.779,31.566,436,92.312
-25.072,27.924,430,88.185
-25.597,32.636,440,94.818
-20.687,40.384,435,90.791
-15.869,45.192,453,96.307
-14.364,47.769,447,100.72
-15.752,40.502,458,104.19
-21.626,35.794,412,84.787
-22.156,35.398,405,87.218
-15.298,40.284,400,81.71
-13.504,45.075,434,95.026
-7.0725,48.554,426,91.709
-4.3417,50.473,410,84.34
-1.5843,44.583,461,99.582
-1.9317,38.647,445,87.863
-2.3746,30.82,437,86.548
-0.75691,23.411,446,86.548
4.9409,20.037,408,78.228
7.1651,13.815,398,78.096
6.5834,6.002,406,80.759
-1.3289,4.9119,402,76.061
-4.743,6.3234,408,83.678
-1.0058,9.0182,396,80.246
6.7047,9.1097,381,72.372
10.48,3.9248,363,72.174
10.612,3.4553,378,72.48
10.01,-2.4437,413,85.696
8.5428,-8.4784,405,74.928
2.1323,-7.953,424,82.305
0.44907,-1.8759,421,85.531
7.2994,1.0062,400,77.798
12.182,-2.3297,394,75.714
11.359,-8.0743,395,75.516
11.091,-6.9782,432,89.624
7.7053,-6.7502,440,90.542
6.1363,-9.5431,451,102.12
2.1559,-11.731,431,88.789
-5.5777,-13.199,429,90.906
-10.111,-18.374,432,88.251
-13.16,-24.388,413,86.581
-11.894,-24.666,435,88.26
-15.7,-21.043,424,88.152
-13.393,-24.108,420,96.712
-14.471,-22.973,367,76.706
-13.66,-23.092,375,78.021
-13.293,-23.463,377,78.799
-13.35,-22.858,379,74.142
-13.327,-23.121,390,77.36
-13.367,-23.103,399,79.195
-13.435,-23.101,403,81.578
-13.234,-23.208,407,79.692
-12.694,-22.687,419,81.396
-12.062,-22.002,444,85.961
-10.913,-22.541,439,82.876
-10.458,-21.193,447,83.356
-10.357,-21.217,450,85.142
-9.8511,-20.844,461,81.842
-10.271,-18.985,452,84.621
-10.916,-18.002,428,75.11
-10.203,-18.157,419,81.338
-8.6742,-19.492,395,76.136
-10.306,-21.004,393,79.535
-14.806,-22.421,385,75.044
-14.364,-24.211,373,75.713
-11.558,-19.553,386,78.6
-8.957,-15.663,384,76.235
-8.0135,-17.968,395,85.374
-12.653,-23.536,391,79.891
-13.797,-28.976,393,78.476
-16.136,-27.35,393,77.07
-17.023,-22.886,396,81.47
-11.209,-17.424,398,83.943
-10.844,-18.867,381,74.779
-7.8696,-22.637,388,74.664
-13.221,-26.965,386,76.136
-16.431,-30.034,415,81.759
-12.258,-25.549,407,78.129
-11.359,-19.223,421,79.187
-12.014,-22.814,424,85.406
-10.834,-30.149,435,82.33
-16.146,-31.42,429,85.927
-14.313,-26.172,464,95.934
-12.428,-21.956,439,84.588
-11.525,-27.387,406,77.451
-10.875,-33.067,398,82.645
-11.527,-36.804,414,83.753
-16.319,-35.468,414,82.529
-16.488,-30.201,438,96.944
-11.142,-23.316,440,91.808
-9.1972,-21.877,397,74.118
-7.1169,-22.146,396,78.104
-7.8492,-28.295,396,77.616
-9.0874,-32.45,452,91.171
-13.354,-37.884,429,90.534
-15.44,-39.502,396,79.907
-18.005,-33.496,422,82.487
-11.898,-26.124,413,81.884
-6.3197,-27.34,416,81.147
-12.325,-33.394,421,83.604
-14.045,-38.961,458,91.535
-9.6573,-36.197,463,95.331
-6.2444,-28.926,456,94.181
-11.904,-25.151,441,94.967
-12.675,-26.953,432,94.802
-3.6409,-28.932,438,88.656
-4.3111,-35.441,427,92.899
-9.3957,-42.397,434,88.243
-9.7178,-45.363,422,89.244
-12.602,-38.653,415,89.286
-15.544,-30.843,421,81.006
-17.448,-35.751,420,86.068
-14.43,-40.412,416,85.927
-8.7077,-36.59,403,82.032
-13.52,-34.257,417,83.29
-13.016,-29.492,434,93.421
-8.908,-23.095,425,88.839
-12.056,-23.906,439,91.072
-11.256,-31.448,425,85.075
-10.426,-39.081,422,103.9
-6.0124,-36.653,411,81.677
-8.6531,-28.816,424,85.233
-10.579,-21.892,435,94.09
-11.658,-17.589,446,105.37
-16.512,-16.434,424,102.72
-13.025,-23.931,437,97.39
-8.8775,-27.993,444,110.18
-15.052,-27.097,451,96.472
-12.864,-23.306,444,102.3
-5.6286,-17.071,451,87.581
-5.1412,-14.95,495,117.1
0.63257,-14.166,495,111.11
3.601,-8.27,462,95.273
8.6051,-6.3105,452,96.108
14.554,-3.2164,454,96.241
22.988,0.54593,460,93.735
28.289,-4.6524,412,78.964
30.274,-7.1399,455,102.37
36.228,-4.845,458,95.645
38.887,-2.4105,424,79.353
35.58,2.2794,433,91.8
36.748,2.3543,440,92.354
44.693,1.6766,407,82.148
51.001,4.9244,446,91.99
47.393,8.5848,465,98.639
39.936,6.2332,433,88.21
39.568,-2.0251,423,84.836
44.81,-3.2238,451,89.227
41.902,-2.9746,420,79.361
42.525,-8.1187,431,88.309
48.74,-9.3249,430,84.091
52.678,-6.1117,434,84.778
53.744,0.8805,429,85.142
56.942,4.7414,416,85.142
62.012,2.9564,425,88.078
63.846,2.0169,452,98.557
60.143,5.7489,442,101.38
56.281,11.209,412,88.235
57.763,8.1423,425,88.268
65.429,8.3684,415,82.603
63.759,13.044,439,92.552
57.142,12.618,439,89.376
53.462,13.838,416,83.273
57.686,14.822,399,77.343
64.766,13.199,411,81.958
70.099,11.72,428,85.241
66.914,7.1958,427,80.279
66.808,8.1961,441,88.831
61.073,6.4953,425,80.924
60.13,0.53285,424,81.214
60.839,1.2533,445,83.256
59.497,-1.8107,398,75.821
64.787,-2.5597,422,86.473
65.677,3.0053,430,87.218
63.058,5.0587,416,85.448
59.903,-2.2034,412,84.207
56.5,-6.2089,387,76.226
57.686,-1.9175,399,82.793
59.264,-3.4688,401,80.238
56.525,-2.3927,390,72.918
57.078,-2.9033,422,82.057
56.674,-2.5901,423,78.774
56.858,-2.3515,435,80.287
56.813,-2.0218,446,84.009
56.045,-1.316,456,80.825
55.512,0.095339,468,85.233
54.721,0.2992,481,86.92
55.483,1.246,495,86.449
54.495,1.326,506,84.935
55.078,2.5592,505,88.607
54.719,2.9643,511,89.269
53.324,3.2043,510,90.311
53.894,3.6274,513,93.231
55.964,3.5774,493,90.154
57.571,2.8213,469,82.14
58.951,1.4085,439,76.359
60.142,-1.4263,400,74.581
57.109,-3.3877,391,73.704
54.339,0.11946,403,77.675
56.981,4.4756,421,84.199
62.232,3.4705,419,80.254
60.738,0.5299,416,83.38
59.083,1.1844,422,76.26
59.768,1.163,427,75.301
59.511,1.3106,447,77.203
59.318,1.264,461,79.907
59.249,1.2364,465,80.114
58.806,1.2264,484,81.222
58.024,1.1458,496,83.173
57.205,1.2847,510,86.531
57.005,1.8213,515,91.626
57.617,2.0127,516,87.781
56.529,1.7754,532,88.914
56.314,1.6975,528,85.63
56.487,2.0996,533,89.939
55.973,1.6027,529,86.358
55.034,1.4562,505,87.334
52.921,0.64999,484,87.491
52.687,-2.096,455,81.197
55.696,-0.50205,443,77.459
58.309,2.8238,434,81.313
55.93,2.6684,429,78.319
53.136,-2.1388,420,75.863
50.077,-2.3114,416,76.235
52.857,1.0635,420,75.838
56.543,3.1066,407,73.597
60.601,-0.10317,426,77.434
63.17,-1.3765,417,74.167
58.38,-4.3138,408,75.102
52.544,-2.9559,410,75.251
49.545,3.0964,411,72.687
52.704,4.4459,425,77.417
59.571,0.82599,438,79.924
61.908,-2.6004,421,75.854
59.364,-5.5421,426,76.996
54.866,-0.5363,431,80.734
51.954,0.034124,444,77.856
55.875,-4.1988,429,79.998
57.854,-4.4319,430,74.746
51.855,-1.5849,445,77.988
53.654,-0.74409,439,79.874
60.505,-1.3503,418,76.343
61.68,-4.3827,445,82.024
57.385,-6.3988,424,78.452
52.517,-0.21304,434,76.533
52.873,2.2872,438,83.248
60.09,-0.86065,422,76.218
59.809,-3.3384,418,77.252
57.885,-6.9316,416,75.027
52.54,-0.95261,436,78.906
54.071,5.1725,422,80.734
62.221,3.1141,425,74.911
64.471,-1.557,440,80.61
57.051,-4.2283,437,84.075
52.715,-4.2804,448,78.906
56.766,0.63807,442,82.785
64.246,1.607,436,79.428
68.108,-0.33194,449,80.933
66.187,-7.132,440,78.501
60.143,-9.4412,428,85.142
52.124,-4.7535,410,80.064
51.905,2.9239,419,80.792
60.192,5.1799,417,79.725
65.33,0.42672,424,80.328
65.482,-6.8509,432,83.355
58.427,-8.4435,434,83.066
53.449,-0.29011,437,86.713
50.53,4.3241,481,94.619
56.539,-0.90072,459,90.724
61.019,2.0456,450,82.148
57.609,6.1845,446,88.582
52.879,4.7753,467,101.23
57.489,1.505,445,92.817
62.726,4.0904,427,81.339
61.855,5.1452,452,98.366
61.475,-0.44956,467,107.88
61.56,0.95831,423,88.913
55.871,-1.3783,446,92.229
48.822,-0.92738,436,84.588
46.926,-3.0174,420,77.038
54.955,-3.3109,422,78.129
59.164,-1.5581,453,93.859
58.261,-3.2558,459,95.066
64.407,-6.6059,443,85.96
66.649,-7.4979,457,92.296
70.529,-7.5607,476,98.176
71.579,-13.876,471,96.877
70.571,-20.507,438,88.334
67.559,-23.334,496,113.52
64.045,-21.342,487,110.18
60.563,-17.227,501,112.8
57.063,-11.223,473,101.8
52.652,-5.3488,444,92.503
55.974,1.172,442,90.377
61.049,-2.7177,434,83.563
62.099,-8.3055,450,88.045
56.624,-5.2536,448,88.4
48.322,-0.89402,435,85.994
45.091,-2.9085,445,93.842
41.621,-4.8493,458,101.94
36.81,-9.7608,441,97.135
34.591,-15.792,439,94.157
36.581,-18.167,452,99.491
39.388,-13.454,455,110.49
41.051,-5.644,468,109.89
46.027,-1.7765,462,108.68
52.409,0.3536,477,115.48
52.899,-1.7001,467,109.66
49.275,-8.0693,433,88.053
40.869,-7.5688,454,94.917
40.863,-10.392,495,112.15
41.926,-4.89,512,113.33
44.536,0.61315,500,104.15
40.904,3.0655,464,100.18
39.399,-2.0652,479,104.85
43.836,-0.59146,498,115.53
42.122,0.027432,519,129.28
44.487,-6.2017,506,135.47
48.181,-13.243,485,118.72
52.755,-18.531,475,108.46
57.648,-23.06,478,110.81
54.838,-28.142,492,116.54
56.266,-33.562,481,103.58
61.715,-35.84,451,96.067
62.461,-41.148,443,97.605
62.699,-44.826,473,103.36
62.691,-45.876,430,82.123
59.493,-50.58,412,82.934
58.438,-52.054,437,88.028
60.074,-49.159,421,92.899
58.836,-48.102,431,94.041
54.9,-46.86,439,90.964
50.086,-42.901,418,83.05
45.661,-38.771,410,81.354
43.038,-39.056,428,90.121
46.554,-45.829,413,89.476
48.667,-51.19,414,84.762
53.389,-51.38,422,84.91
55.186,-46.889,431,90.054
48.024,-44.189,408,86.424
42.076,-39.785,405,86.349
44.777,-34.743,401,85.605
53.349,-38.024,398,84.563
53.813,-46.977,407,78.658
57.281,-46.88,428,83.438
59.303,-39.421,437,85.233
57.071,-42.889,440,86.548
58.911,-50.354,436,89.062
66.007,-46.672,434,87.698
70.866,-43.352,439,92.858
72.559,-48.693,448,95.91
76.578,-51.92,422,87.119
80.449,-51.218,449,95.124
82.882,-52.251,469,107.14
83.975,-52.385,427,87.218
82.264,-53.092,409,81.321
80.408,-55.247,427,89.765
84.251,-55.165,435,91.204
90.741,-53.77,420,81.421
88.373,-53.42,418,77.385
88.933,-56.356,420,84.952
96.171,-57.742,409,80.924
101.1,-57.376,431,86.151
102.52,-56.197,472,101.9
104.24,-51.794,462,92.436
106.72,-47.399,448,86.986
109.27,-46.66,465,93.536
112.21,-44.821,463,95.174
113.46,-42.082,459,85.233
108.22,-38.95,419,82.909
104.75,-41.319,417,83.363
107.55,-43.746,414,89.823
107.63,-43.624,388,76.4
105.75,-45.262,395,74.093
105.92,-44.481,403,76.078
105.93,-45.073,413,77.194
106.07,-44.869,416,79.915
105.96,-44.871,426,82.281
105.81,-44.873,431,78.327
105.19,-44.958,443,82.554
104.77,-45.354,458,80.552
104.14,-45.504,464,83.546
104,-45.525,465,83.554
102.91,-44.725,478,86.176
102.04,-45.356,456,81.768
102.77,-45.151,462,83.546
101.8,-44.775,473,83.472
100.54,-45.912,478,80.916
101.06,-47.835,477,82.677
102.65,-49.118,468,80.841
102.33,-46.963,448,78.567
100.21,-44.931,435,80.172
100.09,-44.982,425,77.715
103.15,-48.629,406,72.943
103.23,-46.471,408,75.78
98.323,-50.257,412,74.655
96.845,-55.141,419,79.022
98.863,-50.587,424,78.286
96.538,-45.384,422,82.827
98.703,-48.613,431,82.049
104.23,-49.006,420,77.484
102.02,-45.344,443,79.899
101.44,-51.809,438,86.408
103.85,-56.413,419,80.279
100.39,-59.752,415,76.789
94.24,-59.733,429,79.072
89.256,-58.999,423,79.559
91.496,-53.439,428,79.353
96.648,-49.715,442,82.057
103.39,-52.437,446,78.112
98.149,-51.09,453,80.469
92.726,-47.727,448,83.066
97.356,-44.163,457,81.478
104.13,-44.901,439,74.25
105.34,-47.52,467,88.301
98.289,-48.477,445,82.901
98.782,-45.632,477,90.344
105.72,-42.642,453,84.836
108.61,-39.605,457,85.1
105,-38.424,466,90.832
98.706,-41.624,444,84.142
94.489,-45.071,440,84.241
96.005,-42.268,445,86.482
94.216,-35.824,446,85.63
93.503,-32.668,428,84.58
96.161,-29.373,442,95.745
99.879,-33.661,464,103.34
101.09,-42.516,439,86.78
101.55,-46.374,433,76.516
106.95,-41.331,445,81.544
110.49,-38.293,466,79.7
104.93,-41.332,470,85.837
102.83,-44.544,467,81.958
105.73,-41.406,459,87.656
103.64,-36.478,460,91.907
103.33,-39.359,513,118
102.55,-43.98,499,110.09
101.27,-46.164,426,84.637
97.441,-48.152,415,83.182
102.44,-45.821,426,86.093
109.51,-48.535,448,86.548
107.92,-44.25,424,86.755
101.64,-46.92,430,82.388
100.74,-46.362,432,87.747
102.24,-40.87,394,77.732
104.5,-38.149,403,78.104
108.8,-41.938,383,79.89
106.21,-45.337,335,73.903
102.25,-49.342,350,73.357
106.1,-46.059,361,73.977
103,-38.428,362,70.537
98.926,-40.566,386,77.575
103.92,-46.382,390,76.896
100.71,-46.134,371,72.563
97.861,-39.999,398,74.705
101.64,-36.231,458,89.054
101.49,-42.831,446,86.44
102.96,-44.316,425,80.097
104.48,-41.762,436,84.241
105.31,-46.824,428,89.343
102.61,-47.389,418,79.436
99.003,-50.27,445,92.974
104.66,-54.797,497,109.12
101.77,-53.167,475,99.301
94.535,-53.473,444,88.26
96.453,-58.18,463,98.085
98.67,-54.704,482,106.73
95.035,-47.869,435,87.979
94.808,-51.997,466,100.88
93.874,-59.213,442,89.559
94.496,-61.966,438,90.096
89.488,-58.392,473,103.81
94.329,-55.632,493,111.56
98.905,-48.544,477,99.64
98.084,-43.558,460,95.265
104.85,-40.456,479,102.76
101.06,-36.717,486,98.697
99.812,-33.769,503,101.01
93.797,-31.822,459,83.918
89.554,-33.696,471,95.952
85.466,-29.019,483,102.74
77.452,-26.872,473,102.12
73.397,-27.16,449,94.446
75.263,-22.91,431,85.994
81.087,-20.455,427,79.766
86.654,-23.169,419,81.992
88.889,-29.686,416,79.924
83.674,-33.27,397,80.006
77.472,-29.742,439,85.812
79.076,-25.214,454,94.165
81.989,-18.934,426,83.967
80.833,-20.846,403,77.939
84.92,-26.62,426,84.762
84.776,-29.45,432,87.706
84.624,-21.285,415,80.097
80.318,-18.285,409,81.387
85.746,-19.78,443,94.454
84.164,-16.155,462,96.96
84.817,-9.3588,450,92.651
89.767,-8.2589,489,106.61
89.624,-8.9118,499,98.895
90.491,-7.361,424,77.235
93.844,-3.74,435,83.256
96.842,0.066482,469,96.481
99.405,3.2235,468,87.722
96.491,6.0937,445,83.62
96.22,9.7301,432,77.715
93.984,10.782,431,80.99
87.39,8.5518,426,81.379
85.171,4.0833,429,90.402
92.345,1.9724,445,95.463
99.141,5.3029,426,89.442
94.523,10.987,444,90.054
89.91,15.707,432,85.928
89.537,18.842,434,83.223
92.536,20.207,454,89.368
93.661,17.848,478,102.29
96.916,13.952,425,78.857
100.56,11.498,426,76.169
102.26,12.01,430,78.658
104.15,15.549,419,74.457
108.21,15.029,430,75.813
111.06,16.852,426,78.972
113.21,15.245,440,82.339
114.15,9.6584,401,78.674
113.78,8.2958,441,88.284
112.41,4.8163,435,87.673
109.22,4.9949,415,79.27
102.7,7.5758,409,79.609
98.508,5.2589,397,78.22
106.52,2.6772,405,82.355
114.06,3.0003,419,83.727
110.57,9.2926,432,82.057
107.25,17.094,435,79.336
111.92,20.799,428,75.78
114.77,20.087,470,87.599
118.22,20.124,457,83.066
118.91,16.432,448,79.394
121.62,10.512,445,85.787
124.8,7.836,462,93.71
128.72,8.9882,466,92.015
131.66,13.382,452,85.655
127.63,15.296,457,85.878
122.38,9.8645,422,81.205
121.97,10.166,407,77.004
124.43,8.7315,405,76.615
122.66,8.7081,415,78.964
123.23,8.8001,431,81.809
123.22,9.0612,440,80.569
122.8,8.8759,448,80.941
122.82,8.9876,462,82.719
122.63,9.0271,470,82.123
122.24,8.9915,481,83.322
121.41,9.107,491,88.533
120.84,9.3679,502,85.423
121.05,9.8991,509,86.143
119.98,9.3553,510,87.499
118.56,9.2819,505,86.275
118.43,10.438,505,87.4
116.91,10.579,506,87.863
116.58,10.857,494,85.936
116.73,11.163,495,83.546
116.41,10.248,482,80.486
118.15,9.5461,465,79.452
119.43,10.828,457,82.603
119.04,11.797,467,92.329
121.07,8.7688,443,84.679
125.23,7.6209,435,78.956
124.15,11.325,437,81.47
119.05,9.6952,440,82.859
114.78,7.1231,436,85.307
116.37,8.2319,410,77.136
122.48,10.377,419,74.829
127.77,13.11,439,80.768
131.86,11.123,438,75.557
131.96,6.8158,432,81.007
125.83,6.4223,432,84.108
120.98,10.538,429,78.419
121.41,17.026,454,80.461
124.92,16.334,458,78.964
130.77,11.659,462,78.385
133.12,7.9874,488,85.605
127.79,10.191,468,79.973
120.97,11.657,471,77.195
124.85,6.1351,453,81.322
130.37,8.0404,457,81.495
130.72,13.701,464,87.292
126.24,9.3313,483,93.925
122.4,4.2552,438,83.372
122.32,7.426,444,88.392
123.2,7.3228,428,83.24
123.49,8.4558,427,79.907
124.04,8.5031,465,82.901
123.86,8.8018,482,84.282
123.65,8.8101,494,87.201
123.46,8.9446,506,88.036
123.09,9.183,521,87.102
122.52,9.4861,533,87.623
122.42,9.6686,540,89.988
121.7,9.8704,553,90.327
122.08,10.289,555,89.872
121.21,10.171,556,92.676
121.38,10.955,556,94.016
120.22,11.359,554,91.832
120.58,12.699,538,90.005
120.75,13.368,529,83.711
121.56,12.323,509,82.148
123.65,10.742,486,81.66
125.36,10.936,496,87.705
124.43,13.395,481,88.235
121.86,10.279,458,81.214
117.72,10.743,456,78.319
117.44,15.807,452,79.08
122.69,16.257,447,79.179
128.08,13.644,447,77.277
131,11.71,451,79.27
127.33,9.6715,453,82.785
121.81,9.2018,448,80.18
117.63,12.73,451,75.25
119.9,17.922,444,78.964
125.31,14.75,450,79.303
129.37,9.1052,465,76.954
126.15,10.82,464,79.882
119.57,10.018,464,80.031
122.47,12.341,490,88.309
126.9,17.129,444,79.361
128.02,16.865,458,81.635
132.54,11.265,487,85.787
131.77,11.507,483,84.339
123.16,11.32,468,81.949
117.13,9.9515,479,85.117
119.99,7.2916,460,82.719
124.76,4.788,454,80.825
128.52,8.8209,462,88.847
132.24,14.714,466,87.284
135.34,9.2779,473,82.859
133.2,2.6732,473,86.341
128.37,2.9672,500,100.44
124.84,8.4708,498,94.074
125.3,15.521,473,83.273
130.23,15.438,455,78.418
131.02,15.426,488,89.178
125.67,12.19,477,87.855
118.36,10.682,479,86.696
112.73,15.956,479,86.556
109.42,18.275,468,81.958
112.31,17.199,486,91.609
112.98,21.391,505,101.33
106.36,19.497,516,104.43
100.81,14.932,512,105
94.576,12.949,493,103.13
90.853,8.8875,478,94.363
89.393,10.129,460,88.277
89.526,12.031,477,93.702
95.047,7.522,460,86.341
100.76,4.5365,447,86.358
96.582,6.7444,453,92.825
90.946,4.3387,409,78.459
93.164,7.5585,374,79.419
91.725,15.066,408,78.559
89.81,14.353,461,91.22
92.403,19.518,466,91.171
86.51,23.808,442,83.389
81.299,23.702,453,92.85
79.74,28.997,445,87.251
75.902,33.591,435,84.596
73.866,32.058,437,83.629
73.598,36.386,440,86.424
71.129,38.639,437,78.112
67.881,35.701,443,81.552
69.036,30.376,458,88.028
68.909,29.73,475,96.794
63.138,30.423,469,99.805
57.504,24.955,472,96.902
51.885,20.3,486,107.97
49.157,13.708,462,95.596
51.621,9.3829,432,84.232
50.595,15.226,436,87.086
44.041,20.723,407,78.038
36.174,23.322,419,82.719
28.863,21.956,430,96.348
28.629,16.099,439,106.08
37.429,15.976,417,95.587
39.796,21.655,417,87.639
34.658,27.317,443,98.929
28.767,31.786,441,94.901
26,25.705,416,83.81
32.863,23.975,416,79.502
38.351,28.289,448,84.803
38.768,27.205,466,100.34
44.511,29.192,441,87.144
50.163,31.434,457,84.125
54.333,35.095,427,81.214
47.885,32.632,424,84.034
44.488,25.377,412,75.896
45.848,26.305,414,79.435
38.854,26.285,405,75.077
34.665,29.951,418,84.704
36.868,35.926,436,86.366
31.829,40.991,426,83.133
24.053,43.936,437,84.96
16.375,48.174,444,92.337
15.203,48.142,461,96.869
14.989,52.954,433,91.444
9.3114,55.395,404,95.538
0.93063,53.439,394,91.783
-2.9431,50.803,376,92.379
-0.043659,52.712,379,87.383
3.4885,57.32,386,86.391
6.117,62.719,419,85.531
6.4252,64.683,443,100.81
4.5476,67.774,437,93.859
1.3273,72.507,441,86.523
-0.26837,75.892,435,86.647
-3.878,77.109,418,81.33
-7.161,78.149,422,81.685
-8.3895,84.427,416,80.767
-8.3049,90.153,404,81.594
-10.145,93.376,421,77.533
-11.692,92.773,415,81.313
-7.7881,90.634,400,86.466
-3.9382,94.716,401,86.209
-0.59965,99.391,399,78.493
0.78589,104.37,407,81.974
3.1295,102.17,417,89.996
4.5272,97.274,390,79.262
3.3307,96.643,392,81.296
1.4947,100.28,431,92.329
0.37654,104.7,428,86.192
-1.2869,108.04,395,73.878
-2.3492,112.85,407,84.389
-6.4983,115.16,394,78.385
-10.285,116.48,361,69.958
-11.208,111.85,374,74.589
-8.4656,105.96,375,79.51
-2.7721,105.62,370,77.417
-5.9182,105.43,371,77.07
-5.9608,106.67,363,73.448
-5.5364,104.24,394,88.144
-4.4893,104.08,409,87.904
-4.1642,104.09,448,87.838
-4.0487,104.54,444,85.787
-4.6126,104.84,445,85.043
-5.0682,104.15,424,80.023
-5.0851,103.96,432,80.899
-4.9428,103.47,444,78.749
-5.1384,103.61,445,80.064
-4.8762,103.29,448,80.932
-5.0669,103.55,455,82.611
-4.5214,103.04,461,83.662
-4.4867,103.08,461,85.39
-4.7078,103.35,468,82.967
-5.2335,104.57,464,80.337
-4.1988,105.71,455,79.634
-3.836,106.17,441,77.856
-2.1875,103.79,431,76.053
-0.19614,102.06,418,78.956
-1.4471,100.44,403,73.696
-5.8924,103.32,397,74.639
-8.6539,107.44,404,74.076
-7.228,112.21,396,76.086
-3.0162,113.36,392,74.391
1.395,109.14,402,74.184
1.9562,103.33,395,74.804
-3.7996,100.26,414,80.271
-6.9081,97.433,413,77.277
-3.4951,104.27,420,79.336
-2.5391,110.49,421,79.353
-7.8871,108.03,406,76.425
-7.6978,103.13,410,75.59
-1.3618,102.26,404,75.499
-4.691,105.28,387,75.598
-4.6106,106.09,392,72.985
-3.8901,105.07,419,76.632
-4.3166,105.02,432,78.692
-4.1597,104.86,448,78.038
-4.2564,104.9,458,79.816
-4.1578,104.86,453,78.7
-4.3357,104.87,457,82.074
-4.4043,104.78,461,79.816
-4.5071,104.73,466,81.883
-4.4301,104.36,468,80.569
-4.4245,104.41,483,82.438
-4.4403,104.82,475,85.647
-4.056,103.81,469,84.778
-4.7121,104.74,490,84.042
-4.4835,104.43,484,86.093
-4.3717,104.12,474,81.032
-5.5586,105.54,466,79.129
-7.0389,104.29,450,79.51
-5.1664,105.61,437,79.121
-4.2677,109.26,436,77.087
-2.6091,109.4,401,72.017
0.16254,109.31,405,74.002
0.25123,104.34,418,74.374
-2.7243,100.19,421,77.567
-8.86,101.69,414,73.704
-8.5594,107.57,420,77.145
-4.4833,111.9,434,76.317
-0.47249,108.16,419,75.565
-0.4625,102.49,411,75.664
-7.2338,102.44,415,72.786
-11.739,107.06,414,79.072
-8.3861,113.09,407,78.485
-4.1641,114.93,409,74.258
0.54395,109.81,406,74.101
1.9072,110.41,420,79.171
-5.8318,111.36,429,76.839
-8.952,110.1,446,81.106
-3.2086,110.85,435,85.787
0.5803,106.5,440,84.381
-2.6644,103.23,467,87.614
-2.8644,101.79,462,82.818
-1.0615,103.39,448,78.509
-4.0056,105.41,450,82.52
-7.6838,102.35,454,85.051
-1.653,103.21,433,82.123
-0.13757,110.14,408,75.507
-5.7851,110.42,409,82.934
-4.5025,110.1,414,81.015
-3.0763,114.06,419,76.814
-4.06,115.35,390,83.157
-3.5273,113.44,384,85.142
-3.8294,115.89,320,69.056
-7.23,116.35,311,68.866
-2.4351,116.89,307,69.635
0.36589,115.47,367,71.711
-0.57281,112.27,453,83.802
-4.9058,108.13,451,82.992
-6.4273,103.21,437,82.769
-5.8595,108.82,436,86.573
-11.154,114.32,397,73.539
-13.766,114.94,391,74.448
-10.459,117.54,334,68.237
-7.7548,121.13,221,54.715
-10.362,120.61,247,57.808
-13.668,116.85,346,68.907
-16.557,113.97,404,83.654
-15.056,113.35,424,88.69
-11.392,116.44,359,78.542
-12.978,119.39,280,66.914
-8.9014,117.43,285,66.641
-7.6416,113.01,375,76.127
-6.4845,109.7,457,92.263
0.14772,108.96,450,79.468
2.5155,104.89,457,89.368
4.832,101.09,466,93.842
7.1114,103.28,464,88.26
7.4343,108.39,443,79.154
6.1033,110.74,461,95.563
4.4664,104.94,438,90.476
4.768,97.542,414,87.838
8.196,97.989,446,101.8
14.759,98.803,439,95.885
19.122,97.831,444,93.412
22.377,97.437,460,98.73
23.074,98.742,470,103.91
26.394,98.449,480,103.59
24.097,98.964,437,82.892
20.497,96.858,458,90.31
25.751,96.4,448,85.514
30.909,95.262,454,85.903
32.364,91.497,455,84.563
35.123,91.403,450,82.619
35.485,95.277,461,86.25
33.577,93.777,412,75.946
35.248,90.06,407,78.873
41.199,89.813,429,89.252
47.136,90.687,421,88.235
50.612,91.492,460,99.119
49.566,93.683,451,94
48.785,98.505,449,94.264
45.934,99.646,448,91.749
47.069,99.832,436,82.256
50.464,102.8,429,85.489
55.028,101.25,437,81.453
57.437,95.744,442,86.457
59.959,92.083,454,84.77
59.587,88.37,454,85.58
55.332,83.698,447,85.481
52.231,82.811,452,91.345
54.136,82.958,451,92.775
52.349,83.671,466,101.32
48.171,79.18,459,98.68
50.133,73.563,431,87.962
55.008,74.981,455,93.743
55.652,82.471,453,92.138
52.391,82.779,454,97.332
54.431,76.884,468,99.698
56.614,72.676,445,90.394
59.388,77.41,450,87.292
62.338,83.841,454,87.011
60.18,88.817,453,85.001
54.618,86.561,452,89.616
56.673,83.363,439,79.171
62.443,88.18,436,85.704
63.284,95.321,442,90.054
58.839,97.114,463,94.33
61.33,94.543,447,92.527
68.269,96.14,416,77.715
69.025,97.597,451,93.834
65.553,91.621,468,97.539
61.663,85.94,441,88.855
59.49,88.943,456,93.47
59.134,95.679,451,86.994
56.07,93.393,465,85.713
57.714,91.853,439,77.104
55.821,94.762,418,75.871
54.497,91.417,450,90.195
61.539,94.01,450,84.381
65.427,96.171,448,85.539
66.401,93.777,473,100.77
71.91,90.974,460,93.669
75.293,86.616,441,86.167
78.679,85.281,453,88.971
78.693,86.447,473,100.21
83.33,84.901,476,97.713
86.179,85.979,426,78.782
83.863,88.801,455,89.203
82.971,90.872,466,95.463
80.657,91.546,456,82.214
79.55,92.882,474,88.21
85.627,91.033,439,80.908
91.624,90.656,441,80.155
88.763,88.193,446,82.165
87.785,81.956,436,76.987
88.353,85.237,463,84.273
85.485,92.365,470,85.117
87.608,97.512,468,86.258
89.019,99.078,470,88.971
89.358,99.535,463,87.284
88.569,99.109,462,90.758
92.527,96.707,460,85.994
96.739,94.706,469,92.899
93.156,97.849,480,105.41
88.925,101.3,470,95.1
87.247,105.46,434,77.897
88.014,105.55,461,90.509
95.417,105.58,455,88.624
98.828,103.42,499,100.02
98.966,99.99,497,98.267
94,99.952,479,99.284
90.746,98.312,481,91.121
93.135,99.648,474,95.868
88.703,106.02,462,90.021
89.087,110.5,456,92.254
92.388,114.91,407,80.882
91.745,113.44,397,79.857
90.311,109.35,459,91.7
94.77,106.02,430,81.933
99.766,111.26,435,82.33
97.262,116.5,384,81.073
92.987,119.52,293,71.041
92.117,120.53,321,75.68
96.114,120.28,321,73.348
100.24,118.83,279,64.292
102.18,114.64,328,68.477
99.741,111.22,391,80.113
97.867,114.19,359,72.645
98.377,115.24,353,72.844
99.585,113.62,384,76.077
98.716,113.45,392,76.813
98.639,113.25,405,76.069
98.713,113.17,412,79.576
98.521,113.18,409,78.269
98.478,113.38,416,77.02
98.215,113.37,424,80.163
97.962,113.23,435,80.221
97.882,113.26,438,79.559
97.625,113.33,447,80.246
97.234,112.96,459,82.098
96.301,113.43,457,81.379
95.905,112.5,467,83.041
95.311,112.96,479,82.503
95.208,112.65,495,83.595
96.759,112.62,474,83.339
99.153,113.03,461,81.436
98.356,114.5,407,77.136
95.953,113.16,410,76.168
96.359,110.46,444,78.765
94.829,109.51,427,78.121
97.549,111.35,425,77.765
99.493,114.75,395,74.887
97.564,114.44,373,72.62
101.42,112.69,413,78.914
98.172,108.58,424,74.721
92.824,108.78,415,74.457
95.123,114.68,413,72.795
99.482,117.51,344,69.899
100.99,114.48,361,72.521
97.643,112.32,447,79.791
94.168,109.89,437,76.723
98.909,110.76,455,81.594
101.39,114.33,406,76.301
96.014,113.95,399,81.677
97.905,111.39,449,80.229
102.93,110.48,424,76.996
98.214,114.17,411,77.434
94.012,114.49,404,74.208
101.02,113.7,401,75.804
103.75,113.43,372,77.674
101.38,112.55,392,81.073
97.776,113.84,402,79.204
102.13,112.37,453,77.484
102.55,114.83,450,79.311
98.98,110.19,463,85.961
97.532,105.44,446,80.85
101.55,106.04,479,92.362
105.05,106.94,517,102.93
102.81,105.76,503,99.937
103.79,104.52,468,81.784
104.86,108.61,488,95.24
103.41,109.2,518,106.43
105.19,104.12,487,94.165
109.93,99.916,476,88.988
114.19,98.793,509,103.41
117.05,95.53,508,98.043
116.68,90.452,494,99.458
116.01,85.037,479,86.134
117.65,81.811,484,91.767
120.26,79.496,489,96.472
122.3,79.17,498,98.085
122.74,74.334,498,95.62
124.56,68.762,462,87.011
124.8,64.731,477,93.288
122.44,63.161,475,99.392
118.09,59.399,468,93.627
119.95,56.909,475,93.354
124.31,61.985,467,88.996
128.82,66.605,481,90.03
134.13,64.035,464,88.351
136.52,59.394,480,93.453
139.36,60.253,467,81.95
139.67,64.836,455,79.493
139.39,64.391,476,86.019
143.41,60.623,455,82.157
148.66,60.022,454,77.765
152.16,61.157,495,92.296
151.44,64.82,468,85.233
147.25,68.116,456,81.966
140.18,67.968,452,78.6
136.42,67.38,470,91.84
139.42,63.409,466,93.942
147.71,61.378,448,85.589
149.77,65.625,471,91.808
155.03,67.248,463,86.63
155.73,69.269,480,89.5
154.37,62.868,509,99.483
155.92,56.761,465,84.869
156.42,51.797,475,93.322
156.57,46.644,471,85.605
160.03,44.018,479,90.633
162.03,45.795,500,99.003
157.8,50.172,486,92.775
151.26,49.842,445,82.603
153.58,43.434,478,90.89
157.52,39.225,452,81.751
161.56,42.146,463,81.817
161.06,45.034,482,86.383
163.28,40.946,463,80.734
165.49,35.868,446,78.964
166.98,31.189,460,82.446
168.56,29.329,492,93.197
168.09,27.092,477,87.102
169.25,22.742,469,84.108
171.57,22.893,491,85.233
174.39,24.356,453,78.956
178.55,25.193,483,86.275
180.89,25.442,497,92.064
185.12,22.028,484,86.391
186.9,17.8,481,86.11
188.94,14.759,480,93.495
191.7,16.084,501,99.35
193.51,20.283,474,94.041
196.73,25.057,454,82.627
199.98,28.931,473,89.872
200.92,32.401,487,93.114
198.33,31.884,498,93.056
195.77,29.627,443,77.169
199.15,25.725,459,79.634
205.8,29.133,469,78.046
207.36,31.221,476,83.257
207.57,29.084,490,89.203
210.11,26.103,491,90.029
213.28,23.413,486,87.482
212.8,20.119,484,83.463
211.84,16.733,477,86.167
210.46,12.903,482,88.491
207.88,10.47,462,84.836
202.18,12.224,477,84.563
200.06,14.092,490,90.633
205.13,14.282,490,93.743
208.36,18.747,507,100.59
204.05,22.523,476,89.451
204.12,19.563,474,93.586
207.82,24.159,505,98.49
204.31,31.236,480,87.301
203.18,35.525,472,81.023
208.41,37.557,484,88.326
210.44,39.398,508,97.944
209.22,36.855,554,104.12
212.86,35.437,499,90.468
214.03,34.241,500,89.715
215.38,28.938,478,86.176
218.11,25.034,461,81.536
217.16,25.321,488,87.466
215.81,30.067,467,91.303
213.73,34.328,484,94.942
212.75,29.903,482,93.586
212.36,29.487,473,90.286
212.42,36.151,471,89.641
212.74,35.636,456,85.704
211.67,33.521,444,79.816
211.59,33.61,473,82.859
211.38,33.301,481,82.603
211.59,33.468,502,83.711
211.58,33.358,506,85.597
211.45,32.915,509,84.141
211.52,32.749,521,86.78
211.4,32.381,526,87.292
211.32,32.059,534,92.503
211.38,31.979,538,88.053
211.39,31.86,535,89.178
211.22,31.668,542,90.874
211.19,31.027,549,93.834
211.13,31.705,535,88.582
210.35,31.764,541,91.229
208.83,30.328,544,89.144
209.23,28.949,528,87.664
211.36,28.223,515,86.556
211.11,29.606,513,84.646
209.84,32.208,478,81.28
210.7,33.302,478,79.973
214.58,34.448,486,87.4
215.69,36.07,478,84.174
212.2,35.563,465,89.013
212.26,29.63,468,84.637
208.25,27.904,289,62.465
207.42,32.027,291,63.226
211.46,36.096,298,65.07
215.62,39.707,304,67.137
214.57,40.218,312,71.587
215.2,33.163,312,68.552
213.96,28.719,305,65.666
208.77,31.545,311,65.682
210.68,34.049,323,70.884
214.42,38.556,326,66.203
214.23,37.257,315,69.511
212.88,35.484,319,66.013
211.8,31.648,311,67.353
212,32.626,290,65.293
213.66,34.345,301,64.93
212.97,33.308,316,65.012
212.91,33.331,344,70.628
212.95,33.2,355,71.926
212.87,33.063,359,71.157
212.86,32.902,362,74.639
212.8,32.795,359,72.224
212.74,32.935,364,72.596
212.77,33.026,364,72.687
212.69,32.952,367,72.497
212.78,33.256,372,74.97
212.62,32.813,381,74.581
212.7,33.193,379,75.326
212.42,32.975,378,74.854
212.06,33.006,383,74.573
211.7,33.651,380,73.167
210.64,34.171,374,74.027
209.98,32.743,356,71.827
211.09,31.83,347,70.909
209.51,30.005,333,69.486
210.87,31.704,328,67.129
210.82,35.913,327,68.461
213.37,39.65,327,68.097
216.92,37.862,322,64.442
215.94,32.996,314,65.178
209.5,31.562,325,67.725
206.69,32.261,317,64.127
211.1,35.826,317,65.674
213.52,38.333,336,71.215
215.88,35.216,347,77.559
213.6,30.387,330,70.934
207.53,32.889,315,65.285
205.38,37.247,305,67.94
209.89,40.994,302,66.989
216.9,40.633,317,71.579
219.24,41.612,329,68.825
218.06,35.007,335,72.125
212.7,31.239,318,70.057
207.84,34.182,312,65.285
210.6,39.439,308,68.023
215.49,42.401,306,65.285
217.68,38.555,316,69.668
218.03,31.442,310,71.074
216.08,28.512,349,71.066
211.48,30.122,336,68.932
211.85,30.768,333,70.057
216.5,29.477,350,71.992
218.33,25.962,342,72.199
216.52,24.699,321,70.239
213.14,21.973,311,74.738
207.94,19.902,307,77.914
208.36,26.567,311,75.449
212.3,32.677,304,69.916
217.36,38.045,325,71.62
215.68,39.435,314,72.017
217.41,45.343,316,74.068
212.32,47.713,337,73.704
210.02,44.935,341,73.026
212.08,40.934,347,82.305
210.93,36.104,340,75.292
206.17,34.189,323,70.446
202.39,36.918,322,69.379
204.61,36.643,309,75.383
211.55,33.793,308,71.67
216.41,37.276,303,71.256
216.35,39.012,298,71.264
223.03,39.245,302,66.203
227.36,37.532,317,70.628
224.07,31.371,319,75.59
217.66,30.461,312,74.523
214.23,33.657,308,72.414
214.34,37.091,314,74.159
213.3,42.848,321,72.802
210.89,42.231,328,78.186
214.81,43.421,322,73.696
211.16,46.835,315,70.322
209.3,46.485,334,85.779
215.53,46.49,339,80.99
220.36,49.883,313,68.957
220.84,51.731,334,83.057
225.38,50.877,360,87.176
227.86,48.195,356,91.212
230.59,44.616,336,86.738
233.58,42.054,340,85.605
235.68,45.415,344,84.447
237.16,47.029,350,92.403
242.52,46.781,342,80.32
243.6,49.622,340,78.476
240.9,50.449,348,90.543
240.52,48.8,357,100.61
243.22,51.487,339,91.254
248.91,56.437,335,88.269
253.66,60.918,344,83.918
255.72,64.807,349,82.098
258.56,66.184,347,81.098
262.37,67.446,349,78.319
265.35,66.152,350,76.657
264.67,65.402,363,76.541
260.9,62.498,341,68.634
256.91,58.989,332,68.27
256.49,57.418,342,72.985
256.45,60.416,339,71.224
251.32,60.46,338,71.025
250.06,56.404,342,76.028
257.24,54.825,335,76.408
261.73,58.548,351,80.733
256.64,61.787,347,77.946
249.34,60.451,339,76.077
250.51,55.703,353,86.341
251.93,49.313,341,79.816
256.14,44.547,336,78.162
255.06,47.853,341,78.112
248.77,49.488,354,88.739
247.25,52.742,367,98.845
248.73,59.116,364,91.112
247.52,64.59,366,81.527
246.75,66.401,337,74.763
246.96,70.485,327,77.351
241.72,71.516,339,70.768
241.83,75.471,331,70.305
244.39,79.981,333,78.294
241.41,82.925,338,77.757
236.96,80.578,324,75.317
237.03,74.287,330,81.793
241.22,71.057,321,79.89
244.67,73.168,320,78.459
240.58,73.254,306,65.078
