0,-0,138,57.23
-1.6725,-1.971,153,48.058
-4.0619,-2.1345,159,51.325
-3.9222,-2.7531,156,50.771
-5.5785,0.94808,206,54.319
-4.5677,7.9507,149,48.629
-4.6301,8.9727,148,46.851
-3.2673,8.6172,102,45.172
1.4427,10.848,757,108.44
0.57659,7.6725,822,115.18
0.38785,9.0072,825,108
0.19821,8.0606,885,112.73
0.59148,8.8312,922,116.1
0.97381,8.0112,957,120.27
1.707,9.5372,997,123.76
1.6821,8.403,1097,133.18
2.5471,8.3326,1143,134.92
2.8841,7.2987,1194,142.8
2.4732,6.8323,1156,138.6
3.1025,8.0988,1141,135.83
3.6126,9.9792,1125,139.2
4.1934,10.077,1128,145.4
3.9913,8.9954,1191,155.98
3.7462,7.8099,1217,151.18
3.7763,7.3198,1192,154.74
6.0078,7.5663,1129,151.4
7.7817,7.8545,1039,142.07
6.5477,9.737,967,126.06
3.5057,11.744,945,124.27
1.5891,9.7902,931,136.69
2.2851,8.0779,913,120.38
-0.034948,9.5554,948,117.83
3.0748,12.511,938,124.38
5.7833,9.6673,951,119.76
2.4115,7.9851,964,123.47
1.6555,8.8474,975,123.71
3.2406,9.6057,967,128.44
2.8212,8.3265,1005,132.03
4.1146,8.3437,969,125.12
3.7373,7.3435,994,124.2
3.5066,7.886,1040,125.43
4.1275,8.2354,1056,128.05
3.9745,7.4354,1068,135.3
4.0814,8.105,1075,132.07
3.8209,7.741,1102,134.11
4.565,8.9898,1139,148.84
5.7091,9.1571,1166,149.4
7.571,8.9154,1156,140.56
6.2482,7.9063,1130,145.18
3.5055,5.3617,1027,132.96
-0.64127,7.77,955,124.09
-0.67349,11.41,924,114.92
4.2441,14.208,954,124.95
11.94,13.09,1040,137.85
13.922,14.461,1024,137.1
16.339,12.793,975,133.27
11.169,11.465,1048,137.15
7.4923,10.52,1068,141.55
4.5023,10.94,1049,131.6
4.2289,13.155,1018,124.94
9.0515,13.851,1046,142.21
15.459,12.047,1009,129.18
15.381,10.073,1010,126.48
12.731,7.8076,974,124.99
3.9185,8.9331,973,121.68
2.9158,14.624,992,134.34
7.9976,21.089,964,140.26
12.675,22.135,963,127.46
19.976,22.236,874,111.9
21.396,18.962,803,103.15
19.293,18.966,787,103.61
19.799,18.202,802,104.21
19.327,18.703,848,105.1
19.23,18.408,893,111.76
18.439,18.972,908,113.91
17.767,18.694,943,113.85
16.4,17.76,1002,138.1
14.133,18.165,1058,126.57
13.574,17.285,1094,124.74
12.923,16.247,1083,123.18
12.711,16.38,1081,122.08
13.839,20.017,1064,124.66
16.583,23.143,990,131.88
20.608,22.666,865,106.07
22.293,19.168,834,107.73
18.883,14.98,871,108.46
12.917,9.6172,956,153.97
6.6365,10.482,962,122.4
4.605,13.928,987,128.92
4.3023,19.976,923,116.32
9.9226,23.258,957,113.71
19.216,22.539,953,119.17
21.613,23.6,942,117.21
24.686,24.483,917,115.46
20.626,22.297,937,116.4
15.614,20.417,965,141.57
13.481,20.961,951,127.29
9.3174,23.675,864,109.23
11.265,28.844,882,119.74
13.316,29.484,909,114.14
17.361,35.823,843,106.78
24.452,31.036,913,129.33
26.732,22.512,895,112
22.213,20.062,888,110.31
11.93,27.451,924,115.06
19.851,37.49,831,106.11
26.777,37.378,806,108.72
28.415,24.94,861,110.89
29.902,20.38,871,111.58
19.642,19.46,871,115.26
9.8994,27.094,909,117.09
9.9729,31.595,893,119.69
16.25,41.988,844,112.71
27.997,46.358,832,106.36
36.376,45.328,829,109.96
39.649,32.784,816,110.76
34.013,28.198,913,122.57
15.093,38.022,848,112.95
18.289,49.906,788,105.67
31.71,50.276,869,110.19
39.39,43.478,890,118.24
41.948,32.084,878,113.72
39.6,28.09,903,118.56
28.298,32.881,895,114.53
27.64,49.391,889,112.85
37.59,41.729,879,109.75
48.997,36.452,855,109.42
55.584,34.63,864,109.43
47.072,34.488,913,119.04
51.405,33.322,907,119.12
52.475,43.697,880,113.06
65.386,39.321,848,105.51
57.248,30.309,774,103.34
39.707,27.21,867,116.54
37.753,23.749,860,110.51
38.362,26.068,889,110.98
49.096,41.571,890,113.4
60.811,41.612,884,106.07
55.531,42.958,869,114.11
39.504,50.592,858,109.82
41.834,55.483,857,110.52
55.684,49.094,884,115.78
67.069,43.377,859,110.24
51.363,41.097,873,114.05
32.684,41.733,857,109.81
13.862,42.198,850,108.56
22.772,51.003,842,111.69
31.963,54.787,861,114.3
34.746,50.616,833,109.08
35.043,50.496,796,101.65
32.414,49.864,853,104.44
32.868,49.192,896,108.2
32.211,48.821,973,114.3
30.358,48.456,1014,116.26
28.247,46.484,1051,121.54
27.957,45.233,1089,119.7
26.565,46.372,1094,120.23
26.6,45.472,1143,121.91
25.735,44.6,1138,123.71
28.431,46.282,1149,120.44
28.901,46.959,1077,119.8
34.818,49.619,1014,117.16
37.19,47.784,929,111.12
27.064,45.788,924,109.85
18.897,45.841,920,110.9
21.218,47.364,889,113.72
34.269,52.706,948,112.86
41.43,52.37,979,120.01
42.345,50.699,1006,126.15
43.049,52.296,1012,126.09
38.624,48.274,998,126.82
34.956,50.315,974,117.25
34.549,53.631,949,114.14
37.615,54.885,941,112.86
39.005,50.917,957,119.85
38.487,52.006,950,116.04
39.857,56.306,905,110.88
44.613,56.355,898,109.39
43.948,52.63,929,111.18
43.055,46.815,949,117.73
40.928,46.68,916,113.34
27.148,47.154,904,111.56
20.817,35.788,867,121.95
17.524,37.262,941,133.08
35.585,35.591,902,116.88
49.946,51.859,954,115.77
57.793,52.373,934,116.09
61.608,46.061,913,120.04
68.971,37.124,883,108.44
59.673,46.763,891,116.03
60.319,41.711,977,125.53
63.015,29.058,954,122.67
51.182,26.789,1037,142.93
63.341,35.573,933,120.92
65.601,30.145,952,120.49
58.952,31.757,935,123.03
50.973,45.639,918,118.38
43.154,47.684,913,121.77
48.564,60.065,872,114.24
56.102,66.025,862,109.84
67.136,58.85,954,121.65
74.285,50.707,854,114.54
71.284,45.6,908,114.92
72.798,45.863,895,114.92
78.253,49.26,887,112.01
83.763,52.698,901,112.19
93.355,52.693,896,111.7
105.06,53.222,843,105.31
112.59,50.288,887,110.15
124.19,51.307,856,110.14
130.97,49.298,847,107.4
133.2,49.144,827,107.17
131.89,47.892,825,105.16
136,46.414,856,107.93
135.65,37.015,842,105.93
130.87,29.279,728,99.838
129.24,31.15,755,101.45
117.85,44.838,885,112.29
121.95,50.643,818,105.45
130.56,54.962,841,105.59
128.5,48.583,823,106.69
112.61,46.629,823,106.7
106.67,46.141,788,102.01
121.95,55.728,841,108.76
135.75,58.043,853,109.49
150.02,57.145,856,107.43
158.57,54.631,857,108.52
166.66,52.992,846,105.73
176.65,52.869,856,108.73
188.98,55.678,858,110.32
195.4,54.436,858,108.48
198.99,48.016,778,110.03
190.5,44.328,674,96.935
189.95,36.209,495,85.977
190.72,35.511,433,77.186
193.39,42.388,621,94.339
194.69,45.96,787,100.79
195.96,40.468,851,108.51
188.86,46.176,851,104.71
198.85,45.138,854,110.92
194.19,39.546,840,107.45
192.45,48.16,861,107.65
195.88,40.113,842,103.24
187.36,42.644,864,110.82
197.4,47.681,835,106.7
188.36,43.574,849,107.7
195.91,47.921,869,110.45
193.97,42.892,859,105
194.76,48.047,856,108.49
194.07,44.858,863,112.14
196.88,51.816,873,110.46
193.47,50.086,872,108.76
193.84,50.88,843,110.01
197.68,54.957,862,108.95
189.96,60.119,860,108.18
186.99,52.892,849,107.89
192.58,57.281,825,107.79
189.98,64.144,814,105.69
190.41,59.451,790,102.26
195.95,58.246,852,110.89
195.74,61.614,823,108.74
194.58,57.556,823,109.57
197.23,55.592,838,109
191.32,56.746,796,107.98
193.68,51.066,831,105.17
183.78,48.393,848,105.04
190.36,59.854,867,108.6
197.2,58.353,858,106.94
209.15,49.104,870,108.28
199.07,44.965,883,111.28
190.32,46.853,838,110.17
178.45,59.94,852,107.93
191.02,60.314,882,111.38
207.1,51.764,866,109.21
204.07,38.716,848,111.43
197.32,58.601,873,109.41
194.15,58.665,827,108.36
208.37,54.204,882,110.05
207.45,41.605,843,104.81
202.42,37.212,865,104.52
200.44,40.208,859,108.17
202.94,37.396,849,106.8
198.23,38.441,865,111.03
180.69,41.173,856,106.78
166,44.881,843,109.46
145.04,54.209,851,111.63
124.72,57.6,872,113.52
115.11,52.141,931,118.95
112.36,49.299,968,121.11
115.05,45.86,962,136.54
133.48,40.909,938,126.11
119.15,42.951,942,127.79
138.39,45.503,910,116.33
145.55,52.92,914,118.67
131.45,51.049,931,116.49
128.41,55.731,903,116.35
149.5,56.787,889,115.93
161.4,59.75,915,116.24
154.21,60.805,898,112.66
171.3,67.886,886,115.51
186.48,72.358,879,110.31
188.02,60.252,916,116.61
196.87,75.492,910,116.91
208.14,81.018,876,109.96
210.01,80.706,873,112.49
215.47,82.148,878,112.49
209.91,80.25,894,113.51
201.52,70.301,776,109.37
197.01,68.414,837,112.34
196.44,81.305,867,107.17
214.01,88.526,876,107.91
217.73,84.631,865,112.3
213.3,81.301,895,116.54
212.29,77.5,880,111.56
199.89,67.432,913,121.44
189.7,75.797,876,114.44
192.45,91.316,879,114.39
212.41,85.91,888,108.72
218.5,83.201,858,112.2
217.43,79.641,837,106.58
221.88,72.292,875,109.67
212.24,72.901,832,108.87
216.37,60.015,888,113.47
213.54,54.32,831,102.63
212.98,55.161,845,105.69
202.39,60.288,888,108.92
193.97,60.919,885,108.95
192.62,62.161,878,111.16
189.75,72.263,885,110.07
194.4,88.891,871,109.99
205.64,84.906,889,111.66
193.44,78.126,891,109.06
188.97,69.139,871,108.27
186.89,73.463,875,109.11
187.02,84.433,878,111.18
196.49,84.461,848,109.47
202.79,87.042,867,106.19
211.49,89.887,835,107.29
191.76,78.826,868,112.7
179.45,60.817,943,114.87
166.75,44.907,949,120.41
153.83,47.012,905,117.26
136.88,49.654,966,121.08
122.99,36.815,964,120.94
120.61,32.387,906,116.55
134.39,35.263,909,112.91
151.07,53.674,923,111.13
170.38,60.898,942,115.32
182.73,48.815,937,116.47
203.21,44.211,965,120.72
215.23,57.005,968,116.16
222.48,55.354,916,116.47
218.9,45.849,914,111.8
218.45,62.929,904,115.8
225.31,69.332,882,109.52
229.24,53.194,847,106.78
228.11,61.358,897,114.64
230.39,55.028,869,110.04
231.21,58.151,850,105.37
223.57,50.919,925,116.96
209.57,57.264,920,115.8
208.04,40.902,893,108.99
192.11,38.096,881,109.89
191.65,44.395,904,111.28
191.83,44.865,927,119.24
194.82,39.746,901,115.23
194.38,39.736,910,110.32
198.44,37.238,876,108.68
196.49,39.226,871,108.35
199.51,36.319,853,107.71
200.42,35.538,873,110.08
198.2,38.708,864,112.74
216.58,41.898,868,106.17
226.76,51.665,910,112.89
234.73,50.406,878,113.22
240.43,57.902,882,114.59
228.39,52.487,905,120.91
236.1,51.848,780,105.21
250.57,52.492,796,104.36
246.46,49.567,788,105.12
247.75,46.378,711,95.893
228.3,51.77,825,108.26
219.17,68.471,833,106.29
215.34,78.394,846,104.73
207.77,86.006,868,110.13
194.07,84.679,803,102.54
193.2,72.303,953,126.36
191.36,52.788,889,114.13
174.07,49.84,859,107.94
158.09,44.843,954,137.34
139.51,38.894,931,130.55
122.26,35.531,892,122.97
126.01,34.762,880,112.1
118.13,38.944,887,116.53
137.77,43.914,924,119.95
124.97,55.276,832,107.21
111.81,61.066,854,116.91
125.84,57.942,870,121.74
152.21,54.725,891,117.82
166.34,63.926,896,116.03
176.57,67.36,926,120.36
197.13,71.41,872,110.34
206.99,81.714,854,111
219.2,78.353,826,106.49
231.76,70.09,835,105.64
230.45,69.033,905,116.93
220.72,69.884,896,116.99
240.46,58.898,829,110.18
252.61,48.464,798,106.27
246.36,46.609,811,110.75
249.01,47.202,808,108.28
231.39,55.893,865,116.63
225.53,73.551,849,109.78
210.02,83.493,816,104.54
223.44,77.174,863,113.27
231.16,76.014,797,106.35
215.88,75.769,873,114.67
237.44,64.095,884,117.9
249.42,55.805,821,111.99
240.46,65.574,879,112.73
235.72,67.178,815,105.66
246.18,58.555,844,111.38
260.92,54.656,805,102.34
268.9,55.199,808,105.4
271.3,53.951,804,108.53
261.94,46.074,821,109.21
259.39,43.761,673,96.075
252.54,49.521,820,108.09
227.39,59.003,848,106.57
203.79,53.451,907,120.26
178.34,45.032,882,116.76
156.97,43.548,912,128.73
136.33,33.294,937,128.43
120,35.1,868,115.87
102.9,48.542,853,106.85
85.358,51.17,851,107.59
66.101,45.178,921,123.36
43.182,45.388,883,121.52
22.448,42.103,891,120.74
9.332,40.895,895,125.59
3.2293,35.1,839,115.49
-2.1101,17.663,852,117.65
-4.0373,0.70167,831,121.35
2.3008,-0.30673,839,128.17
11.335,7.2108,924,134.51
22.991,13.158,920,137.51
34.008,15.05,958,167.78
45.044,21.04,1018,201.68
65.301,28.394,840,115.59
72.728,27.289,755,99.582
58.377,28.727,795,107.82
54.55,47.08,836,114.48
66.897,61.929,822,104.96
64.513,55.899,839,108.84
60.723,44.992,864,114.74
78.897,56.701,876,111.65
94.523,59.635,860,106.66
103.36,58.206,947,132.63
125.74,62.6,856,113.89
148.99,59.789,864,112.08
171.18,64.774,930,126.44
193.18,75.738,950,114.62
212.36,73.327,920,116.69
215.78,73.878,894,110.54
230.03,68.963,886,112.19
249.18,59.803,861,108.86
244.78,60.031,939,127.5
236.15,73.835,864,112.37
252.01,62.518,855,115.52
257.99,61.578,843,113.89
267.53,61.557,843,109.79
275.89,63.093,793,103.55
275.53,56.443,818,105.55
269.5,53.447,801,104.71
260.77,59.729,841,108.36
274.06,66.907,865,111.13
277.7,74.389,757,99.557
283.23,71.869,710,96.96
273.55,74.99,855,109.75
287.03,72.524,808,104.35
270.74,82.259,850,108.57
271.04,79.163,861,112
288.08,66.735,786,102.64
283.7,73.006,679,93.668
276.54,71.819,757,98.598
265.64,63.47,825,106.58
263.59,57.632,894,111.97
276.88,58.304,819,108.04
281.75,78.915,833,106.18
284.74,62.751,773,105.14
275.07,56.055,820,106.66
269.69,51.208,830,106.21
268.26,58.205,817,103.3
275.08,81.061,843,106.29
288.12,81.599,829,110.06
281.82,76.678,835,109.95
281.05,56.794,833,106.25
275.01,62.733,840,112.22
290.83,75.733,850,107.09
293.61,66.884,822,105.18
296.04,70.872,811,106.97
303.59,58.034,804,105.96
307.78,60.165,791,103.39
309.68,62.434,807,106.59
309.92,55.936,786,105.68
304.92,58.387,784,101.65
300.94,57.768,746,99.921
301.68,57.135,797,100.86
307.06,49.826,759,101.14
302.11,57.4,784,102.87
308.44,57.366,809,110.94
302.25,53.328,778,100.41
309.35,54.692,773,100.8
307.53,52.067,790,104.42
309.61,48.392,790,101.9
304.76,53.252,739,98.25
296.65,64.944,623,91.402
288.65,74.922,848,112.02
275.78,74.424,924,122.63
264.63,55.134,885,112.05
257.23,52.092,942,126.67
237.23,50.327,895,122.97
215.61,57.007,920,122.63
194.34,61.24,916,118.87
177.33,63.686,931,119.92
162.03,66.414,863,114.69
140.33,64.139,826,106.65
120.96,58.508,905,120.75
103.75,50.405,923,113.96
91.211,52.697,869,111.03
70.716,52.183,875,114.61
60.372,40.989,899,117.82
42.477,36.717,873,114.29
31.534,27.238,880,115.77
21.688,20.443,798,105.53
24.681,5.0998,819,107.91
12.218,-4.6434,882,123.77
12.553,-2.6813,902,130.17
-3.9242,-6.4789,739,105.05
-10.19,7.5763,813,118.94
-3.8248,23.083,792,110.65
3.9266,39.131,847,125.86
10.964,27.336,862,111.64
12.719,26.232,842,115.42
7.2581,16.813,909,132.23
2.3159,9.6535,782,111.03
7.0202,11.06,823,128.36
7.5005,9.3313,859,117.73
11.217,11.113,954,139.17
12.078,11.219,1073,140.4
13.704,10.742,1114,162.96
12.78,10.638,1136,148.08
10.885,9.3859,1143,146.78
9.2849,8.3401,1108,132.03
8.7272,7.124,1088,129.92
7.7269,8.4026,1133,130.16
7.8665,10.598,1111,131.48
7.4199,11.763,1047,128.23
3.975,8.7121,973,116.67
3.2491,9.0248,951,122.32
12.629,8.6855,887,117.34
11.472,4.497,891,114.95
-2.3699,8.0643,868,116.26
7.8646,15.767,881,118.93
14.18,11.257,873,126.71
12.118,12.725,972,117.35
10.405,10.587,1049,126.69
10.544,10.379,1088,139.01
9.7959,9.8159,1131,144.95
9.4167,9.5437,1112,141.97
8.7362,8.9886,1140,141.22
8.3779,7.3801,1125,146.41
7.3842,7.9975,1153,141.1
6.6404,7.1183,1164,138.98
7.7438,8.1475,1131,145.22
9.3931,6.2861,1111,151.11
4.7009,3.3592,963,135.53
-2.9548,7.9835,886,115.14
8.1873,15.51,933,124.47
20.792,16.948,942,112.09
27.112,6.5972,894,111.19
19.055,7.1443,945,141.46
6.6804,8.9287,931,115.48
16.449,20.854,930,139.58
28.531,24.832,964,121.2
45.823,27.667,1031,130.74
65.163,32.174,977,115.59
71.347,25.948,969,126.72
66.755,21.082,933,125.62
63.623,26.745,956,132.83
71.785,36.874,916,124.19
78.239,27.19,821,113.84
84.577,21.406,770,101.26
83.686,31.32,888,113.08
82.681,39.512,821,104.61
89.108,52.807,944,130.57
106.62,63.328,911,116.17
126.98,61.719,895,117
147.25,60.479,984,125.8
170.06,61.724,972,123.18
195.46,55.674,1022,124.31
214.8,50.761,1003,120.28
235.1,43.364,977,126.66
258.28,48.197,959,127.43
255.54,55.734,953,130.42
237.27,50.396,847,109.19
246.45,65.583,850,107.72
265.42,69.269,885,117.46
290.77,70.038,890,110.41
309.09,58.034,837,105.95
306.94,48.668,801,100.81
302.27,57.295,767,98.085
306.65,70.666,785,102.85
319.63,75.942,785,104.21
327.19,81.756,777,101.99
329.71,85.733,509,83.571
332.67,87.902,465,82.314
334.05,87.916,436,77.74
324.71,91.456,525,86.093
321.63,84.906,390,76.707
317.93,80.446,377,71.116
317.27,80.866,387,76.078
317.67,82.617,380,75.863
316.41,82.549,415,77.509
317.36,82.624,546,91.833
318.08,80.275,511,84.712
322.18,82.509,564,86.192
315.58,79.243,532,84.778
315.63,74.451,662,98.978
313.27,78.458,853,113
314.37,70.39,970,134.67
294.9,72.56,911,116.06
274.4,86.428,878,110.17
274.03,88.787,841,107.87
273.2,85.262,868,112.52
284.89,91.979,830,108.28
297.79,91.369,820,108.63
303.5,85.057,825,110.52
315.19,87.879,822,106.45
326.03,92.058,804,105.81
309.71,79.864,779,105.27
318.71,94.362,779,105.05
328.57,79.233,832,102.15
318.83,72.227,821,109.8
301.42,58.923,843,111.11
292.86,49.68,836,109.61
283.71,53.141,947,138.64
251.58,51.779,917,129.52
220.1,56.655,927,125.61
187.94,64.948,914,122.4
160.85,58.597,889,121.21
134.38,61.029,911,116.39
116.28,66.107,884,112.78
109.49,53.57,945,127.37
103.33,40.135,990,151.76
105.24,30.474,988,160.89
111.53,38.222,973,157.17
93.166,36.372,929,150.86
76.345,30.562,753,106.88
78.901,23.198,673,94.901
74.182,20.565,817,125
67.643,12.277,845,116.61
60.179,10.347,832,112.1
40.034,5.388,858,110.71
20.971,-2.6172,783,102.7
3.3153,-10.59,739,107.26
-1.2997,-11.472,682,98.747
-3.7296,-24.399,741,102.93
-1.0952,-16.877,758,101.65
-4.0036,-14.279,707,108.16
-7.5621,6.1639,788,107.15
6.8074,13.034,884,137.87
29.344,30.393,878,117.55
55.157,35.139,939,126.85
67.304,50.747,924,122.69
87.057,51.433,940,124.13
87.637,39.759,943,133.53
75.181,35.909,902,117.1
91.201,44.278,852,108.69
113.35,36.691,900,117.6
131.09,34.539,910,114
150.62,34.118,872,117.01
142.31,32.286,943,126.29
120.55,34.994,874,121.27
102.55,37.715,877,114.05
113.57,49.778,1015,161.89
139.69,47.808,945,140.11
150.41,46.98,879,111.83
135.15,37.192,876,113.19
129.31,40.716,864,108.8
132.54,31.091,814,105.56
143.94,45.494,884,119.65
130.68,39.77,872,113.4
126.85,38.94,855,112.33
148.32,41.092,838,109.36
155.21,43.442,930,122.79
154.64,32.741,903,120.03
170.9,44.095,871,116.91
197.42,39.826,887,112.7
216.68,40.094,951,115.7
198.98,36.1,893,115.5
177.97,41.131,853,115.45
181.55,46.707,929,127.12
191.94,68.968,867,113
195.71,83.11,920,116.5
195.38,80.402,881,115.98
184.1,72.298,814,112.6
163.25,56.629,902,117.84
135.71,55.784,896,113.48
110.04,62.738,931,117.5
90.024,58.318,900,120.52
67.506,66.568,925,125.91
50.168,61.165,950,130.88
39.125,43.532,983,140.83
23.152,31.263,950,139.15
7.9145,18.514,877,132.7
-3.4007,4.5103,858,124.77
-4.0824,5.422,866,119.56
-5.3063,-13.684,758,103.43
-2.2494,-23.233,717,103.62
-5.496,-18.109,712,104.11
-6.0875,-11.522,725,108.21
3.2972,-4.6747,783,105.33
21.353,-6.2064,766,99.143
5.4338,-11.061,633,95.265
-3.6736,-5.2752,446,78.964
-10.361,-1.9187,433,76.979
-7.2629,-2.94,538,83.62
-11.749,9.8646,657,105.63
0.20699,13.439,529,86.449
3.5712,22.059,545,85.713
7.3304,41.387,783,107.05
30.359,50.3,849,112.21
38.873,50.612,911,125.26
35.375,60.743,872,116.79
54.425,68.739,857,110.81
68.882,61.587,894,117.52
87.144,45.411,945,121.13
107.48,37.537,907,123.84
114.72,29.148,925,134.22
124.66,34.908,990,163.88
138.68,35.475,990,174.01
146.53,30.991,977,155.57
171.99,39.803,897,132.4
200.42,43.718,930,130.19
213.19,42.848,964,131.02
200.3,37.053,903,119.98
216.83,43.135,884,110.08
229.73,35.876,964,132.28
233.33,29.355,887,124.98
251.99,37.942,900,118.68
270.02,47.472,866,115.44
277.35,46.479,949,132.12
298.7,56.462,961,127.97
313.51,63.317,935,122.34
302.36,45.887,884,116.54
310.13,60.81,948,122.62
306.12,73.601,981,133.48
310.44,95.295,892,112.82
316.16,86.922,900,117.24
332.25,99.876,848,106.23
341.73,88.98,849,112
338.53,79.847,871,112.51
318.45,75.774,902,122.71
308.76,66.136,851,108.65
310.02,83.518,850,114.8
312.44,61.416,801,105.56
308.9,45.841,813,106.88
293.64,49.081,802,110.24
265.66,51.273,883,123.15
232.68,49.077,909,116.53
202.39,51.081,926,113.67
177.38,43.194,917,118.79
155.74,36.206,901,115.95
132.07,29.898,893,109.05
122.17,28.654,893,118.64
146.1,32.25,815,106.94
142.6,30.949,837,112.99
122.48,34.664,786,102.81
105.29,41.853,922,131.39
90.608,56.608,894,119.69
73.644,65.903,925,121.73
51.463,66.781,914,126.67
29.083,56.349,941,124.46
14.789,34.298,902,121.67
14.338,19.769,918,136.52
4.6353,-1.0739,881,135.95
-3.0064,-15.7,804,114.55
-3.8216,-14.716,775,108.62
3.5279,6.7476,904,130.39
17.481,19.134,882,125.58
40.964,12.058,889,113.23
63.724,18.064,872,114.45
83.625,21.32,876,112.16
75.808,17.027,863,121.72
85.222,25.054,803,112
97.777,32.734,802,109.6
101.29,38.367,927,131.98
111.91,62.655,893,122.37
135.47,58.767,874,112.03
160.26,62.296,940,121.94
184.01,72.507,996,131.69
207.47,82.805,956,126.89
227.25,72.129,994,137.55
235.86,74.181,896,119.83
259.61,76.722,805,107.69
285.2,81.803,907,117.71
306.37,73.45,997,132.47
299.21,55.884,972,130.96
296.42,72.868,960,131.48
308.51,90.2,900,119.98
317.43,67.302,913,119.44
316.75,66.561,872,115.89
319.34,85.219,803,106.32
328.2,77.684,916,117.67
321.2,67.27,805,105.29
330.02,81.345,876,114.11
321.67,68.591,891,113.87
322.51,71.384,898,117.18
338.91,83.044,848,106.86
325.4,66.431,804,103.13
322.51,62.657,852,111.33
331.8,74.626,793,102.29
324.43,58.781,845,105.42
326.13,67.517,860,108.87
341.96,77.38,795,103.49
326.46,68.314,875,111.67
320.62,71.859,843,109.19
304.39,87.464,899,113.75
276.8,83.186,899,115.15
260.77,68.126,929,121.96
259.6,48.125,906,120.17
237.82,45.947,906,113.53
225.06,39.964,898,110.37
200.54,33.873,861,110.17
176.87,43.276,893,114.13
149.9,37.051,898,119.98
125.93,31.804,887,117.71
121.96,30.387,876,117.07
142.17,41.718,913,126.2
165.76,42.807,921,123.18
159.66,38.787,890,118.2
145.11,33.946,842,109.79
151,36.222,899,116.77
129.32,29.683,845,118.43
134.34,30.456,794,107.37
154.73,42.492,791,108.79
149.88,52.783,932,133.03
134.03,68.566,923,125.71
116.86,60.189,925,122.37
89.733,58.863,921,121.77
65.946,46.259,966,127.24
42.426,44.117,932,129.48
19.356,44.832,899,115.02
9.3743,39.279,871,109.98
2.0675,28.772,841,109.95
-6.3655,5.8662,862,123.22
-1.9373,-14.725,805,112.03
6.864,-15.917,884,129.94
18.286,-6.747,906,140.22
38.087,4.6571,830,112.02
56.27,15.589,868,115.12
68.013,11.638,866,117.22
64.445,8.2058,790,108.71
47.403,5.6738,778,111.13
54.769,11.837,854,113.93
58.572,14.735,842,112.48
79.626,18.612,850,109.75
95.742,26.769,877,110.86
96.022,18.68,841,111.28
110.24,19.282,846,113.86
119.69,12.529,907,128.48
134.72,26.121,929,126.43
148.41,43.203,870,112.14
157.37,63.123,838,107.24
176.03,62.652,902,119.74
185.26,49.667,979,136.1
209.4,40.586,954,117.45
216.03,33.55,918,124.87
209.37,32.234,860,112.15
213.5,43.781,947,131.66
237.13,36.586,900,115
252.71,45.429,880,118.59
275.93,47.649,1016,145.5
301.57,54.62,1005,141.72
321.39,57.594,972,127.79
328.14,73.516,961,121.78
328.37,72.336,971,126.11
334.98,63.346,884,117.07
343.51,76.212,863,112.06
336.03,68.135,858,118.78
335.31,65.641,844,107.17
347.77,81.046,834,107.06
338.89,69.206,800,105.65
341.04,62.194,842,111.2
339.97,76.079,798,105.88
353.74,79.355,840,119.31
341.93,69.131,901,117.95
333.6,67.022,785,110.74
315.77,84.359,903,124.52
288.89,94.947,876,118.13
274.68,80.618,878,115.77
286.1,64.293,925,119.55
303.39,67.612,937,120.46
312.77,50.482,879,111.86
316.13,49.15,879,113
324.24,46.197,875,119.74
322.63,42.447,863,113.93
317.38,53.897,844,108.97
298.77,51.938,917,127.01
284.21,74.757,947,127.01
275.75,78.099,909,122.41
272.1,77.721,883,113.7
252.1,60.808,1006,132.06
238.2,39.79,974,125.95
218.15,32.666,939,121.55
196.28,31.606,888,117.18
170.47,38.46,867,114.47
143.97,32.735,883,110.55
118.23,28.493,877,110.84
109,13.441,879,116.05
96.921,13.745,845,112.39
85.961,24.519,850,114.25
90.774,26.754,855,112.27
93.483,48.84,844,107.73
95.338,30.972,846,107.53
105.33,13.655,865,117.88
93.506,15.007,823,111.13
105.79,34.853,805,104.38
120.86,18.462,847,109.18
107.3,7.8304,846,109.87
94.542,19.305,835,115.14
78.588,34.238,881,118.98
71.091,55.384,959,128.29
76.867,66.377,859,110.13
89.794,62.95,899,118.79
112.4,71.308,926,125.61
138.28,63.444,878,111.78
158.39,65.124,927,122.89
178.57,72.584,933,124.47
198.99,81.559,934,122.26
213.25,83.717,871,115.84
227.31,82.467,857,109.13
240.74,69.122,830,112.28
252.78,58.306,780,105.77
264.28,54.175,812,108.35
257.29,48.236,759,99.375
259.81,51.76,788,102.45
259.77,50.329,864,106.57
259.38,52.384,964,112.41
257.64,54.93,1013,120.78
258.85,58.356,1015,116.34
258.47,58.38,1048,125.62
258.76,59.141,1048,121.85
258.42,57.912,1070,122.1
254.77,58.268,1062,125.6
253.95,59.541,1081,124.04
253.93,57.695,1053,126.56
252,51.509,1013,127.69
247.86,57.349,973,119.86
242.45,61.643,892,111.25
250.96,60.438,853,106.71
262.39,51.435,856,107.64
251.97,60.342,874,109.77
242.38,59.614,858,108.36
260.3,59.329,883,115.04
270.74,54.701,934,117.08
255.13,61.147,951,120.99
245.7,67.299,913,116.73
247.25,74.514,951,123.85
258,73.306,982,124.37
275.23,83.977,977,120.8
293.77,90.967,955,112.75
313.65,94.185,916,116.69
334.62,87.744,896,110.36
347.83,78.601,986,123.11
353.47,79.162,987,133.4
356.33,73.361,976,131.69
349.6,76.903,947,128.9
353.34,73.825,991,131.74
333.13,86.168,837,110
326.57,82.292,834,108.51
313.06,65.592,761,105.1
293.53,65.301,930,132.01
272.56,67.829,1050,148.86
271.89,82.6,965,126.06
255.79,84.843,926,126.04
236.62,79.406,910,122.9
220.91,82.452,957,131.03
200.82,85.43,929,120.44
196.28,86.396,952,121.08
177.41,72.695,976,132.84
181.36,55.77,965,125.43
201.22,56.961,974,134.02
221.14,36.091,939,121.89
239.56,36.411,933,118.78
244.74,33.247,931,125.19
226.19,29.748,877,110.61
230.47,39.609,886,113.88
255.1,38.154,844,107.71
255.03,34.066,807,103.33
251.65,36.035,780,105.29
255.75,38.605,743,102.09
274.96,46.833,843,116.41
300.27,47.575,906,119.44
320.15,50.021,912,121.01
310.85,48.087,948,123.59
330.25,48.699,866,113.39
332.88,52.035,934,123.69
331.64,54.677,915,115.45
321.05,37.624,829,112.95
327.55,57.596,851,107.52
347.77,65.947,869,112.89
338.28,48.588,873,110.26
324.29,42.042,816,105.84
333.21,62.738,808,106.94
353.02,60.249,802,105.58
340.27,55.405,784,103.4
338.28,54.868,818,107.94
332.82,48.372,865,113.37
330.84,51.11,820,106.15
323.71,51.329,781,105.83
308.57,65.513,888,111.58
297.06,90.166,934,116.05
288.27,89.027,895,111.84
282.78,69.541,935,122.32
285.82,44.426,926,129.64
280.6,38.837,939,132.98
263.28,34.962,932,129.09
237.53,28.884,845,119.72
211.37,30.152,848,111.35
203.02,30.67,891,113.72
202.65,52.4,927,122.56
180.56,59.554,962,121.33
163.66,64.077,931,114.77
147.72,64.541,919,120.23
120.29,63.978,925,115.47
102.51,58.504,946,124.24
86.619,60.992,868,109.25
65.981,63.566,888,108.07
46.823,60.278,907,112.87
28.839,53.82,868,112.52
14.574,40.595,901,111.71
5.164,32.532,855,105.75
-3.1507,17.575,821,110.63
-1.8848,-0.45734,902,131.07
2.8122,1.528,853,130.19
23.255,3.0677,938,157.23
45.629,11.856,904,133.42
62.681,15.83,902,118.16
75.679,12.974,914,124.91
84.488,17.6,974,138.24
94.408,32.728,869,115.01
118.87,35.298,916,117.46
135.84,22.957,900,113.6
137.89,17.75,922,125.51
154.86,35.3,935,127.85
182.49,41.941,923,119.97
200.62,35.547,907,113.46
220.6,36.817,904,119.16
224.23,24.643,904,119.66
211.64,35.56,789,106.03
232.75,35.201,871,110.88
232.69,32.525,877,109.61
244.58,30.593,864,112.32
264.73,34.746,840,106.74
249.99,27.905,878,117.22
236.88,30.265,928,129.39
220.09,50.475,958,137.95
204.7,76.652,999,141.1
197.05,90.939,914,118.09
193.19,71.852,936,121.61
178.47,62.089,996,135.07
189.91,43.052,968,138.87
215.31,37.324,938,125.03
210.92,23.927,891,116.52
200.12,41.261,875,111.18
178.27,44.479,906,120.37
169.82,59.631,937,125.48
190.18,51.245,926,124.04
200.89,49.269,996,135.28
214.19,59.17,966,134.13
239.9,57.782,1005,128.41
258.29,53.225,1050,134.68
275.49,66.527,1084,145.88
289.93,77.626,1110,143.78
304.02,88.676,975,119.55
307.89,88.466,963,123.99
325.39,92.74,926,119.52
347.52,80.969,941,114.42
355.41,65.897,900,117.31
348.43,70.89,901,108.46
339.94,72.846,898,113.24
360.97,84.175,840,108.02
353.58,62.771,836,106.69
336.18,71.919,866,108.69
317,63.577,890,121.75
311.02,48.933,847,105.02
331.55,45.305,889,115.57
340.62,48.302,911,116.73
328.89,33.112,817,104.22
337.08,43.714,868,115.45
332.78,44.455,893,115.87
327.59,31.353,816,102.1
316.32,53.166,822,106.19
295.6,73.084,943,121.48
287.6,95.726,912,118.73
282.2,96.644,903,122.62
274.73,72.945,972,129.57
255.17,49.337,972,135.12
249.58,31.138,925,117.74
267.58,40.62,934,120.4
290.87,41.729,903,123.77
287.27,34.031,891,123.61
265.83,37.01,876,117.98
236.22,38.065,920,122.94
211.72,54.107,939,122.61
183.77,66.366,944,115.18
159.94,64.627,907,115.28
133.69,65.071,910,116.28
109.58,69.734,870,114
84.554,64.823,866,114.12
59.666,67.837,880,122.67
37.036,60.757,843,110.13
18.092,42.793,865,120.35
4.9505,32.786,893,130.93
8.3506,17.03,835,119.42
26.396,6.5892,855,116.61
46.58,7.7824,876,119.48
54.271,3.7426,874,115.41
40.341,-5.6748,799,110.56
37.082,7.0957,760,103.68
60.696,2.9621,758,99.4
44.159,0.55491,810,112.81
28.858,6.1879,778,104.99
37.789,20.649,870,122.69
57.958,9.2328,834,112.68
61.135,2.8498,798,108.36
70.057,5.0718,872,119.05
77.907,10.8,940,136
95.242,9.2825,910,127.61
112.53,12.687,883,115.91
92.973,8.6061,826,113.23
86.168,28.864,792,107.04
88.103,37.104,877,143.89
91.103,51.373,897,129.06
81.461,68.755,814,104.83
98.219,67.396,902,120.55
122.84,69.489,890,116.9
148.38,63.206,941,127.4
175,56.207,983,137.25
196.63,55.035,1000,135.85
218.8,44.889,1017,136.59
236.01,43.583,1002,138.24
257.37,50.009,997,144.52
273.61,63.427,1007,134.92
296.61,65.506,1031,140.77
313.69,53.043,999,140.64
325.21,65.208,963,135.8
343.45,66.692,1042,143.65
357.92,64.985,980,126.27
353.85,55.905,968,126.21
342.88,45.424,894,121.4
336.04,41.3,854,110.08
338.37,37.925,924,121.03
330.88,27.248,842,109.51
327.62,30.325,880,119.7
338.56,22.993,825,117.03
333.15,18.997,821,113.51
345.59,9.1693,796,106.68
356.67,-1.0214,767,108.69
364.4,-13.961,702,98.358
368.78,-11.213,769,106.27
366.93,-7.7392,683,93.42
374.07,-4.4877,660,91.857
371.37,-17.285,611,90.857
363.06,-23.662,753,100.74
357.2,-5.5645,788,107.46
358.11,-5.7043,785,103.87
347.24,-10.566,803,108.33
344.41,3.166,759,103.68
332.71,17.834,635,92.974
318.21,40.678,869,114.35
292.3,58.367,929,123.15
273.28,73.927,953,128.2
253.89,82.559,901,117.88
230.55,82.055,882,117.42
211.46,84.416,888,111.56
203.61,66.757,950,128.39
188.64,72.507,900,124.38
184.05,67.339,924,124.68
160.09,50.407,897,113.58
141.49,42.17,925,122.68
158.02,40.503,875,112.26
174.66,44.613,896,114.81
160.84,33.657,856,107.52
155.33,54.89,892,114.99
178.27,60.243,911,115.83
170.65,65.32,891,117.22
188.64,74.629,868,111.42
197.34,87.345,847,112.57
202.09,74.69,932,118.59
211.66,60.629,986,126.2
228.48,47.498,988,121.47
254.53,49.777,983,122.73
259.27,35.8,920,114.52
248.15,32.357,889,110.98
263.62,44.262,909,128.23
287.72,42.728,925,122.85
286.97,36.161,926,126.68
270.09,33.392,911,120.27
248.53,27.881,904,124.95
221.45,26.319,938,131.93
195.88,36.122,957,133.23
168.41,39.768,946,130.16
140.89,37.698,984,132.26
113.1,32.24,964,125.91
88.758,30.658,902,116.77
76.477,26.573,867,114.31
60.776,33.506,832,115.78
59.385,56.214,863,116.81
73.72,54.088,948,130.94
85.453,60.581,966,129.89
95.073,51.431,892,116.88
85.46,44.807,827,109.8
74.124,56.302,716,111.5
90.796,46.96,776,103.63
113.23,51.268,923,126.81
135.45,49.66,925,113.33
143.81,60.857,982,134.65
153.32,68.979,945,129.84
172.08,63.542,912,123.43
189,40.29,936,124.71
203.64,38.149,946,140.16
226.37,37.298,937,130.11
246.59,27.284,902,119.26
242.41,29.242,895,122.04
231.75,28.783,845,109.06
252.86,35.655,892,122.37
247.75,49.729,987,130.26
268.59,60.212,1001,133.61
293.02,66.14,1022,135.18
303.87,77.973,1027,134.99
327.67,87.832,953,125.33
346.92,83.13,900,120.34
357.54,67.754,943,121.08
358.33,69.059,885,111.81
362.57,84.664,844,111.75
364.5,62.716,882,119.93
343.66,57.133,878,116.55
348.95,69.216,894,121.41
359.99,80.492,907,120.13
361.03,62.432,853,110.43
341.17,57.864,914,123.29
354.91,72.038,843,108.17
364.56,66.322,859,110.7
345.79,50.634,805,106.59
339.63,47.485,958,138.66
351.1,59.483,839,109.29
332.64,49.709,903,118.58
310.1,66.674,921,127.35
280.49,70.485,941,121.27
251.33,68.297,968,130.11
227.58,55.902,983,123.88
222.12,41.901,961,122.68
208.11,47.813,941,121.96
194.36,33.075,918,123.09
170.97,33.915,920,130.53
148.26,31.69,964,128.14
127.56,22.292,926,121.5
107.81,11.422,902,121.5
90.449,6.187,863,116.22
73.069,-0.37536,859,116.1
66.097,-7.0661,806,113.82
52.782,-8.5456,796,109.94
36.557,-9.1461,790,113.21
19.472,-17.449,814,122.46
3.4721,-27.622,753,103
0.44955,-19.559,829,127.63
-12.632,-6.9807,788,110.91
-1.3636,13.312,826,117.88
