0,-0,121,41.707
-1.3085,-1.4843,114,41.285
-2.595,-1.5289,121,43.766
-2.9321,-2.0823,129,44.8
-3.605,-2.8184,125,41.475
-3.7383,-3.3627,138,43.832
-4.2599,-4.315,131,51.135
-4.5868,-4.0992,143,54.046
-4.9238,-3.7061,133,50.002
-4.9605,-3.9614,126,54.046
-3.9932,-2.748,102,64.905
-3.7073,-0.98924,129,61.564
-4.3789,-1.4351,115,60.82
-5.2505,-4.2736,123,59
-4.5459,-5.0546,149,54.418
-4.1152,-2.8918,245,68.841
-5.9313,-3.9317,247,69.958
-5.6773,-5.237,246,59.165
-4.199,-5.8608,233,59.471
-3.5256,-3.5735,257,68.94
-5.3022,-3.4114,253,67.427
-6.034,-4.3063,248,60.488
-5.405,-4.2435,235,58.214
-4.1669,-4.0566,252,60.422
-3.5948,-3.9404,237,62.473
-4.3015,-3.917,232,58.255
-5.109,-3.9304,250,59.496
-4.7011,-3.9764,260,62.647
-4.614,-4.4535,244,58.528
-5.1181,-4.0682,244,60.042
-6.0268,-3.1584,238,62.118
-6.537,-4.1304,250,61.638
-6.6755,-3.4147,255,65.608
-5.567,-2.4154,253,61.754
-5.3618,-0.36762,255,64.086
-4.8422,0.48934,247,62.936
-4.4396,-0.74183,260,65.492
-4.2593,-1.8698,254,63.126
-4.8934,-1.9188,260,68.577
-6.3723,-1.4134,276,66.228
-7.0593,-1.8306,243,64.74
-7.0716,-1.4614,252,62.109
-7.4258,-2.0223,240,68.883
-7.656,-1.7218,239,64.566
-7.8102,-1.7956,227,66.617
-7.6135,-1.7269,211,65.989
-7.6087,-1.8126,216,59.497
-7.5403,-1.7566,229,70.173
-7.0701,-2.0237,218,74.755
-7.7454,-6.8371,94,84.423
-5.2536,-1.8584,469,89.368
-4.915,-2.0442,496,90.493
-5.1047,-2.5347,473,84.654
-4.9185,-3.0052,481,85.721
-5.3843,-3.1942,484,84.083
-5.7886,-3.4763,477,88.161
-6.8199,-3.5839,470,88.996
-6.8456,-3.6103,472,86.548
-7.3069,-2.6739,459,85.82
-7.6951,-1.5764,448,88.235
-7.7163,-1.1071,424,80.668
-6.2704,-1.4459,431,78.038
-5.5204,-2.189,433,77.211
-5.9309,-2.305,443,78.708
-6.7756,-2.5304,429,78.369
-6.387,-1.6874,446,83.339
-5.7723,-1.8877,441,79.981
-6.3759,-1.6072,447,79.882
-6.3138,-1.5372,439,82.157
-5.4094,-1.7485,449,80.196
-5.6515,-1.8495,434,78.393
-6.0064,-1.6376,429,79.08
-6.2901,-1.5584,444,80.751
-5.4027,-1.883,442,84.059
-4.1863,-0.8515,439,77.359
-4.3132,-0.15672,436,82.785
-4.6095,-1.0961,445,81.594
-5.1272,-1.5376,450,80.552
-5.0419,-1.8069,460,78.923
-5.6262,-1.3413,470,78.799
-6.6168,-1.2752,439,78.749
-6.0629,-0.70683,418,77.674
-5.926,-0.68392,428,78.41
-5.7019,-1.0331,421,75.3
-4.9657,-1.997,428,78.129
-5.4192,-2.3051,422,77.649
-6.1608,-2.0518,426,79.436
-6.3703,-1.6094,433,78.675
-6.2149,-1.0369,442,83.637
-5.3666,-1.0635,443,79.543
-5.4072,-0.89674,441,83.827
-4.8316,-0.97534,450,88.153
-5.5431,-1.2628,456,89.41
-4.6948,-0.96128,445,84.96
-4.0604,-1.0278,447,88.301
-4.297,-2.1701,454,85.663
-5.5076,-2.905,458,89.475
-6.4096,-2.3011,434,76.499
-6.3368,-2.8424,440,89.137
-5.7368,-2.2188,446,81.404
-5.7413,-1.2915,443,82.975
-5.9472,-1.4709,450,81.594
-6.4408,-1.7682,446,79.055
-7.2379,-0.94449,449,82.611
-7.6189,-0.9841,444,79.468
-7.3802,-0.073637,445,81.867
-6.9118,-0.58562,436,78.567
-7.8601,-2.0151,424,82.529
-7.9128,-2.1128,447,80.833
-8.2936,-1.7492,440,80.279
-7.5462,-0.72107,446,78.112
-6.8936,-1.2719,440,81.966
-6.9016,-2.3827,453,85.605
-8.252,-3.3036,438,80.345
-10.183,-2.72,432,83
-10.013,-1.6661,424,85.225
-9.9926,-1.9845,405,81.387
-10.328,-1.8009,392,81.007
-10.116,-2.0727,402,84.637
-10.264,-1.875,391,78.013
-10.267,-1.8139,399,85.986
-9.7888,-1.9756,409,80.899
-9.4284,-2.0232,427,80.461
-8.9716,-2.0522,443,90.013
-8.5012,-2.0817,478,83.529
-8.6356,-2.0509,490,88.127
-8.8208,-1.8729,517,92.246
-10.124,-1.2984,517,95.587
-10.009,-1.0577,493,85.1
-9.4008,-0.54703,476,88.607
-8.0349,-1.735,481,87.962
-7.7527,-2.131,486,81.412
-9.6798,-2.3017,484,85.398
-9.819,-2.1492,471,87.929
-8.2687,-1.0696,477,79.03
-8.7743,-0.31889,463,87.102
-8.53,-0.64001,472,82.041
-7.1681,-1.1949,494,89.096
-6.5444,-1.9181,502,88.607
-8.085,-2.0024,500,86.846
-8.0009,-2.2958,490,85.522
-7.571,-3.0815,494,85.977
-8.263,-3.2179,493,87.027
-8.353,-2.1324,500,89.806
-8.1308,-1.5119,496,84.753
-7.3791,-1.7906,502,91.675
-9.3765,-1.4179,492,88.02
-9.8449,-1.8093,466,84.985
-10.285,-2.1038,476,85.58
-9.4296,-2.0359,487,90.087
-7.7268,-2.6686,494,88.384
-8.6984,-3.2017,501,92.519
-9.4907,-2.6448,490,104.44
-9.0499,-1.9856,490,89.707
-8.1399,-1.5656,483,90.997
-8.2633,-2.7455,494,88.301
-8.803,-5.2404,500,87.797
-9.9978,-6.5606,474,81.213
-12.387,-6.7269,442,78.145
-13.697,-5.4315,438,83.827
-13.777,-5.6382,478,85.125
-13.339,-5.2728,457,83.413
-12.717,-4.9615,459,88.839
-12.558,-3.6273,482,90.03
-12.19,-1.3834,492,90.542
-11.254,0.17355,496,89.252
-10.045,1.8793,503,94.785
-10.704,1.5154,471,88.4
-9.3469,1.3951,465,87.317
-8.2778,1.5634,472,91.593
-7.905,0.75514,478,93.131
-7.4136,-0.27113,461,79.56
-8.782,-1.4002,488,88.624
-8.7737,-2.0649,499,86.358
-10.988,-2.5178,499,88.996
-12.347,-2.4241,517,88.434
-11.957,-2.373,516,89.004
-12.302,-2.2423,505,95.166
-12.839,-2.4444,479,100.35
-13.03,-2.3659,443,98.54
-13.288,-2.4314,443,99.499
-13.096,-2.4719,440,107.49
-12.788,-2.9806,441,102.31
-12.63,-3.4135,448,127.86
-11.941,-3.8202,481,108.76
-11.818,-4.298,492,110.72
-11.348,-3.6529,507,113.81
-10.243,-4.4247,687,118.67
-9.5332,-4.9789,702,110.9
-9.4065,-3.6419,661,105.89
-11.937,-3.7737,645,99.499
-11.927,-2.2915,615,95.885
-10.808,-2.149,586,94.529
-10.911,-3.7106,587,98.44
-13.105,-2.2138,586,98.945
-13.486,-0.58942,578,94.338
-11.085,0.70105,582,93.206
-9.8287,1.3244,557,90.394
-8.551,-0.036881,575,100.95
-8.8009,-2.7189,586,96.91
-12.609,-4.9025,618,103.96
-13.798,-5.8264,621,109.52
-14.331,-6.2512,598,110.47
-14.693,-6.3917,598,109.61
-14.633,-6.7346,588,116.09
-15.123,-6.964,567,112.52
-14.931,-7.1122,567,127.7
-14.394,-7.5171,569,125.86
-14.123,-7.3851,571,127.11
-13.466,-7.0146,606,117.78
-13.045,-7.6623,597,127.83
-13.102,-7.5298,590,131.35
-12.915,-6.9461,635,121.99
-12.931,-5.7736,643,111.57
-13.368,-6.3979,651,107.42
-13.12,-8.078,660,111.83
-13.096,-8.8983,654,117.58
-15.461,-9.3889,624,109.64
-16.568,-10.084,552,98.73
-18.274,-9.9128,521,105.28
-18.054,-8.8325,498,97.986
-18.829,-7.065,457,91.039
-16.881,-4.5449,483,92.337
-14.569,-2.0793,518,91.543
-11.245,-0.50108,544,96.233
-8.2699,-0.48378,607,103.01
-6.3852,-1.0077,607,103.45
-8.3503,-1.8927,604,102
-9.5304,-1.7111,598,97.605
-11.799,-3.1957,604,99.656
-12.543,-5.5738,558,92.883
-14.213,-5.3479,537,92.916
-12.325,-5.0693,523,86.366
-11.461,-1.8054,569,95.058
-10.005,-0.86761,583,97.125
-10.221,-0.026446,560,90.269
-10.231,-2.4174,511,86.233
-10.12,-2.9757,536,97.2
-9.8779,-2.1098,554,102.67
-11.29,-1.9552,497,79.468
-12.064,-3.4644,511,82.347
-14.378,-4.2179,516,100.02
-13.23,-3.6716,536,104.26
-10.826,0.47237,589,112.36
-7.7284,1.7544,575,102.77
-8.7717,-1.5975,559,98.523
-8.5182,-3.7503,565,109.95
-13.062,-4.9593,572,98.986
-15.731,-5.4833,580,112.62
-14.403,-2.7754,529,96.579
-11.853,-0.62605,504,89.186
-11.223,0.63539,511,87.168
-10.598,-1.9864,519,88.855
-9.1573,-4.1961,541,93.528
-12.23,-5.8576,514,89.947
-14.902,-8.2472,473,86.622
-12.737,-4.7313,473,89.377
-10.611,0.8704,475,85.142
-9.0804,4.9215,496,91.063
-6.6632,5.7828,453,83.207
-7.5191,-0.22814,473,84.852
-8.6736,-4.4598,510,86.333
-14.286,-7.6329,496,82.43
-14.867,-6.1988,470,85.969
-15.908,-4.4412,501,100.2
-13.902,0.81261,507,93.098
-9.2661,2.4713,497,84.712
-8.9796,2.351,496,84.77
-9.6673,-1.6461,488,88.318
-12.438,-4.2761,516,96.324
-12.221,-5.52,496,86.853
-13.936,-3.1458,476,83.736
-14.657,-0.91456,488,85.63
-14.611,-0.34845,500,86.937
-13.11,-0.21637,536,95.504
-12.756,0.089459,547,98.176
-13.385,0.65155,500,79.675
-12.531,-1.1026,525,92.85
-12.894,-2.2145,554,103.08
-14.264,-7.3264,538,95.174
-17.226,-9.5476,502,86.407
-18.565,-7.641,480,89.5
-16.409,-1.6713,477,89.963
-11.069,1.0325,468,79.882
-9.8761,-0.29961,503,91.453
-11.946,-2.5099,458,86.647
-12.37,-2.9209,434,84.415
-14.273,-3.0182,386,82.628
-14.736,-4.2406,396,75.846
-14.407,-3.2739,447,84.77
-13.077,-0.41213,461,83.802
-10.354,0.27902,512,88.491
-9.3445,-0.53344,529,85.812
-7.5741,-1.2205,538,91.485
-7.9577,-2.4598,521,81.908
-6.8793,-5.5241,506,80.8
-5.1081,-4.9905,512,89.74
-8.6584,-3.4229,513,99.458
-10.364,-7.169,508,85.216
-10.438,-7.2796,512,90.17
-12.242,-4.559,516,90.369
-12.314,-2.9718,516,91.113
-12.834,-2.2713,517,83.967
-11.599,-2.138,520,86.986
-14.341,-2.665,483,84.389
-12.562,-2.7372,504,93.933
-12.725,-2.8753,491,81.47
-14.168,-1.3295,493,87.449
-12.018,-2.8227,527,97.233
-9.8324,-3.8002,496,90.956
-11.774,-5.6096,498,87.722
-12.111,-5.5574,513,96.761
-11.231,-3.3024,500,85.506
-12.747,-3.56,503,89.252
-11.694,-3.8523,502,87.797
-13.103,-4.0125,516,90.145
-12.147,-2.5166,497,94.62
-13.771,-4.6914,511,98.284
-16.023,-5.2682,489,82.917
-13.094,-2.1374,476,81.371
-12.362,1.1126,492,88.979
-11.556,-1.688,484,85.704
-13.305,-4.3308,460,81.478
-13.618,-3.4396,455,82.04
-12.644,-2.7876,489,91.047
-15.639,-5.1324,487,85.696
-17.552,-6.3774,461,83.298
-16.67,-4.1831,457,85.969
-13.605,-0.8676,486,85.307
-13.194,-1.2145,469,85.266
-15.648,-6.8791,494,88.351
-19.604,-8.0641,467,84.878
-17.928,-5.4916,430,82.239
-12.206,-1.439,462,80.726
-13.524,-2.4174,506,96.059
-14.238,-2.5824,508,87.218
-13.371,0.60403,525,86.44
-11.788,-0.1997,501,83.943
-11.417,-0.23563,501,83.463
-10.682,-2.3631,505,84.513
-9.5126,0.33598,511,86.523
-9.6507,-2.2057,472,85.58
-12.025,-4.062,484,81.544
-11.799,-8.5288,467,84.977
-10.588,-2.9248,498,86.093
-7.6479,-2.8113,461,80.146
-11.6,-3.6514,457,80.866
-12.732,-5.4653,504,92.428
-10.653,-0.50239,503,85.729
-10.366,-2.4396,517,90.03
-10.544,-3.4066,505,83.571
-13.851,-2.9809,505,91.899
-12.898,-6.7904,471,81.685
-15.883,-3.7465,513,98.341
-17.01,-4.3512,526,90.311
-16.846,-4.0221,506,90.013
-16.06,-3.8399,519,87.846
-17.096,-4.6061,540,93.95
-14.941,-3.7747,483,80.411
-14.156,-2.9732,511,88.284
-14.597,-2.7395,506,90.584
-13.473,-4.081,499,84.745
-13.315,-1.2707,502,84.389
-11.017,-0.68251,528,94.198
-10.037,-0.76308,505,84.083
-8.3229,-0.83391,536,94.628
-8.9997,-2.0342,491,79.84
-7.5769,-2.8264,535,88.698
-10.445,-2.5084,500,87.962
-9.3525,-2.0963,515,93.918
-10.756,-3.149,496,84.985
-10.82,-3.5778,535,94.157
-12.231,-2.9921,513,86.316
-10.735,-3.1249,506,93.007
-11.59,-2.3762,502,89.104
-14.078,-3.9362,492,88.152
-13.002,-4.9581,509,87.077
-12.657,-4.2559,461,82.098
-12.565,-6.2975,501,91.51
-11.454,-5.2574,485,82.76
-10.708,-3.6986,485,84.05
-8.6628,-2.6965,508,86.829
-6.8917,0.012658,491,83.67
-6.1636,-0.66621,518,92.924
-7.4797,0.87658,495,88.963
-9.1834,-0.096488,474,88.186
-10.912,0.063367,481,91.221
-10.611,0.20166,427,79.362
-11.063,-3.177,465,79.146
-13.392,-5.0709,454,78.493
-14.661,-5.8224,492,90.799
-13.706,-6.1292,502,93.015
-11.939,-5.146,507,95.529
-10.958,-4.6104,486,84.621
-9.1966,-1.0392,456,79.791
-7.709,-2.0224,500,90.295
-8.4765,0.36374,489,86.622
-6.2353,-0.82645,495,89.12
-11.143,-5.7755,530,98.722
-11.349,-4.8578,479,84.455
-10.274,-4.6992,495,83.256
-7.0761,-4.5457,520,92.047
-4.2554,-2.0148,515,94.901
-5.9059,-2.8975,507,90.244
-6.2972,-3.4859,464,83.38
-6.5437,-4.4496,483,92.436
-5.4189,-3.189,502,102.63
-1.7946,-2.4099,521,95.504
2.8065,-2.5389,473,84.48
3.6522,-5.5935,455,79.03
5.1641,-8.1852,485,84.852
5.9342,-8.3409,519,94.413
-0.41273,-8.5099,515,102.29
-8.6526,-8.9198,525,93.511
-13.903,-9.812,486,88.558
-18.131,-11.974,500,95.356
-23.411,-11.538,488,91.865
-23.403,-8.6572,508,100.43
-18.345,-5.4168,537,101.89
-16.862,-4.7982,495,89.36
-14.099,-4.8346,490,90.791
-14.651,-4.6584,488,91.675
-16.445,-8.0337,526,99.417
-20.415,-10.246,489,96.258
-24.973,-11.529,433,83.844
-25.2,-11.206,419,73.837
-21.132,-10.562,461,83.066
-16.325,-3.9693,490,91.113
-11.936,-0.20611,482,85.233
-9.371,-1.7224,442,81.238
-11.739,-2.2835,431,76.061
-11.931,-2.0615,468,89.798
-14.301,-4.2856,490,89.641
-18.912,-7.9997,456,82.529
-17.216,-9.7464,512,103.63
-13.003,-4.3771,543,103.72
-9.1267,-0.78008,496,90.956
-10.783,-0.91378,458,80.097
-15.644,-7.7367,468,84.29
-19.271,-14.03,486,89.567
-20.677,-15.918,438,77.641
-22.049,-10.713,466,90.146
-14.154,-6.4362,474,81.958
-7.1763,-1.4995,468,85.216
-0.98508,-2.4918,493,89.624
1.6789,-3.9493,513,92.825
5.8166,-6.3075,474,85.068
6.121,-5.7858,443,86.482
2.4567,-7.2667,477,88.003
-4.8144,-4.9581,486,87.326
-9.3319,-4.9705,479,86.06
-14.064,-11.974,501,86.639
-17.046,-13.385,537,100.04
-15.671,-8.9728,533,100.85
-9.391,-3.4825,503,92.263
-7.1712,-3.2025,492,90.352
-1.8407,-5.5942,521,99.408
-5.5163,-5.3159,476,88.417
-12.526,-6.0951,495,90.931
-17.36,-12.462,508,97.548
-22.692,-17.733,491,92.189
-25.388,-18.005,486,100.63
-20.206,-13.356,487,95.464
-14.63,-5.1605,494,94.091
-11.727,-2.9331,450,79.626
-16.891,-6.9661,444,81.246
-21.002,-14.01,474,89.294
-25.823,-19.757,474,88.169
-27.217,-17.495,447,86.871
-22.021,-13.9,518,104.56
-14.399,-6.2776,512,102.2
-12.038,-4.0867,461,88.07
-9.1712,-8.2517,522,105.09
-5.9171,-6.4521,537,106.55
-8.2572,-4.7037,440,76.218
-13.092,-7.6811,454,91.146
-20.091,-15.286,503,95.943
-25.527,-20.694,482,90.013
-27.171,-22.883,406,78.228
-26.98,-18.926,391,76.235
-22.173,-12.661,418,76.698
-14.926,-7.1001,497,99.21
-8.2362,-0.054841,486,94.711
-6.197,2.1689,428,77.897
-4.8258,-2.316,480,89.649
-12.681,-6.8724,457,83.438
-17.895,-13.564,480,93.189
-21.178,-19.68,533,99.417
-25.298,-20.65,459,87.234
-24.967,-18.592,528,111.61
-17.699,-11.249,551,113.88
-8.6244,-4.4104,524,102.96
-4.2377,0.35964,532,95.248
-3.2802,-3.6066,473,82.52
2.8534,-4.1164,507,87.565
1.3162,-6.8803,538,102.06
-5.0064,-9.8009,547,106.89
-7.6372,-8.602,508,84.869
-6.1555,-1.3594,501,89.476
-9.1798,-1.0803,524,101.43
-8.9624,-7.0711,470,88.119
-9.1853,-6.5386,469,86.962
-7.8561,-1.882,450,77.674
-5.9443,0.60874,432,78.129
-3.383,3.3274,455,82.074
-0.090227,5.5084,448,78.567
-0.80281,-0.045801,465,86.051
-7.4299,-4.4044,481,87.499
-10.017,-5.8895,492,91.833
-7.8842,-7.5982,482,87.59
-1.4428,-7.0533,476,86.565
-2.4927,-5.1146,524,105.63
-9.7199,-8.2866,489,91.411
-12.327,-6.7357,474,89.542
-5.7037,-6.4972,492,90.874
-1.7785,-2.246,522,91.113
3.3014,-3.9455,504,89.31
8.3939,-7.4911,507,87.226
7.8157,-7.7757,512,99.872
-0.16172,-6.1797,518,96.1
-8.6234,-8.8044,499,84.935
-8.5989,-9.6833,531,93.859
-2.0859,-4.2331,514,94.736
-0.17419,-2.5754,494,86.474
-5.1881,-8.157,475,84.29
-11.435,-10.893,497,83
-7.5163,-11.167,476,80.874
-5.0946,-6.3376,493,90.113
-11.422,-7.5258,479,82.157
-11.809,-11.659,490,88.301
-9.6595,-9.6085,491,84.489
-10.001,-4.7703,463,77.525
-11.733,-6.1116,491,98.59
-9.7351,-4.8789,515,87.118
-7.5372,-8.0289,499,86.986
-11.012,-8.0744,484,84.795
-11.095,-4.7776,491,85.241
-8.6644,-2.0403,505,85.366
-7.8933,-3.6763,473,80.395
-8.3257,-5.895,467,78.385
-8.9661,-10.182,458,80.271
-8.5062,-8.2025,484,81.867
-8.3804,-8.4911,489,83.579
-7.7604,-7.4646,467,78.84
-7.0227,-7.8368,484,84.216
-5.9881,-4.7484,487,85.605
-6.7108,-4.0951,510,95.091
-6.5525,-7.601,488,83.86
-10.827,-10.032,471,83.009
-9.1137,-2.8479,467,83.62
-4.5513,-1.4524,540,91.055
-4.6564,0.29256,521,92.486
-6.6722,-2.8077,479,79.254
-6.6591,-4.8577,480,81.983
-6.7555,-3.8388,485,80.478
-4.1545,1.338,535,94.81
-8.4833,-5.0347,485,85.456
-14.018,-9.3461,533,102.59
-17.057,-14.092,564,106.53
-21.381,-20.193,545,107.2
-24.666,-21.862,567,112.34
-20.719,-18.536,574,124.43
-15.952,-10.764,594,125.29
-12.314,-8.1,530,98.168
-14.455,-12.317,461,90.948
-19.721,-18.144,551,105.41
-24.308,-23.663,545,107.64
-27.303,-27.58,490,93.652
-30.279,-32.048,469,89.732
-31.417,-36.238,479,94.338
-31.565,-41.643,470,91.675
-33.714,-43.028,502,102.8
-29.471,-43.857,498,106.92
-30.616,-48.07,469,104.49
-31.714,-54.073,421,82.214
-33.178,-57.889,383,79.279
-35.638,-60.402,438,86.093
-38.512,-63.724,476,91.121
-41.206,-68.074,472,82.462
-42.748,-73.92,440,77.856
-44.479,-76.304,404,77.939
-47.458,-75.695,432,83.083
-45.329,-75.618,407,81.636
-49.719,-75.77,443,88.227
-54.046,-78.719,410,80.37
-59.648,-78.862,419,78.584
-59.172,-80.491,468,95.025
-57.738,-80.389,501,103.51
-62.15,-83.811,448,91.891
-65.598,-85.279,415,76.334
-64.176,-84.013,467,93.396
-57.439,-77.256,505,98.871
-50.277,-69.584,494,93.685
-44.676,-66.958,447,84.903
-39.8,-67.091,435,85.449
-47.205,-73.622,459,81.049
-54.848,-79.075,463,80.271
-61.737,-84.934,464,85.002
-65.4,-90.087,442,78.087
-66.885,-90.66,433,76.359
-66.211,-85.806,398,76.996
-58.895,-81.432,449,89.939
-53.759,-74.489,480,83.901
-49.904,-74.615,449,81.991
-55.716,-78.569,463,88.872
-62.281,-82.131,460,85.415
-62.655,-83.172,507,102.4
-61.826,-86.347,503,90.931
-59.407,-80.315,528,99.872
-54.13,-75.906,516,91.155
-50.556,-72.785,478,81.759
-50.789,-66.545,497,90.419
-46.629,-67.242,428,75.317
-44.561,-66.762,493,95.703
-44.324,-60.39,431,81.991
-41.505,-62.676,459,93.189
-42.372,-67.821,515,103.88
-48.441,-71.56,562,113.45
-53.98,-75.222,577,107.93
-57.824,-81.335,580,110.45
-60.686,-83.199,505,85.522
-56.706,-79.225,542,99.202
-53.619,-71.419,560,104.59
-47.231,-68.146,513,85.969
-47.341,-67.781,487,85.382
-46.614,-72.37,517,100.57
-49.706,-73.484,564,106.03
-54.446,-81.892,532,98.168
-61.027,-86.056,506,89.749
-61.333,-83.829,473,87.193
-57.394,-80.032,535,99.4
-51.826,-71.112,532,95.844
-47.262,-65.921,488,86.176
-48.754,-68.247,473,88.119
-50.173,-74.939,526,100.6
-57.311,-81.993,545,101.63
-62.476,-83.629,491,83.182
-60.627,-81.918,492,87.176
-56.126,-75.599,531,96.183
-51.526,-68.426,552,98.367
-48.846,-62.971,519,89.922
-46.431,-64.314,464,81.544
-49.249,-70.078,532,98.457
-53.858,-77.742,523,92.652
-56.376,-79.51,582,110.36
-59.073,-82.655,512,93.024
-59.392,-83.604,477,85.795
-62.795,-85.344,485,88.26
-58.974,-83.721,513,98.697
-57.458,-77.223,509,90.973
-52.024,-71.407,520,89.823
-52.03,-68.112,486,84.133
-50.751,-73.862,508,91.353
-57.188,-79.397,512,90.179
-57.092,-82.558,543,109.75
-59.08,-84.934,483,86.036
-57.621,-85.711,513,97.912
-61.846,-84.81,481,83.571
-60.08,-87.166,456,82.967
-59.813,-81.727,563,103.4
-55.407,-79.313,526,89.848
-58.271,-81.691,515,90.361
-59.395,-83.681,522,92.412
-60.252,-82.183,561,102.57
-53.605,-75.679,549,96.497
-50.362,-70.024,587,113.15
-44.95,-68.139,547,98.788
-42.545,-63.215,572,111.72
-42.065,-60.613,582,123.19
-39.623,-56.64,579,113.52
-34.873,-54.905,536,104.39
-33.275,-59.229,494,95.786
-38.235,-66.147,524,100.18
-46.181,-72.807,527,94.182
-52.724,-78.998,530,95.836
-55.528,-83.638,553,100.42
-57.56,-81.566,496,89.36
-55.705,-83.192,454,80.345
-50.624,-75.492,520,92.271
-45.847,-67.635,532,96.961
-43.745,-64.126,494,87.755
-40.232,-67.327,479,88.334
-44.736,-69.34,559,105.88
-49.578,-76.596,538,97.457
-55.933,-84.789,536,97.656
-60.459,-86.403,519,93.801
-59.599,-88.863,490,90.229
-63.808,-89.674,472,88.177
-59.294,-84.545,497,86.283
-54.16,-76.568,531,102.11
-46.321,-69.226,533,95.605
-39.521,-64.566,507,89.335
-41.507,-65.592,498,88.136
-46.233,-72.848,472,85.233
-52.739,-79.166,521,91.295
-57.66,-85.864,509,87.409
-62.769,-85.654,453,79.006
-57.435,-85.027,468,80.965
-57.957,-83.068,538,105.76
-56.73,-82.901,550,98.159
-53.923,-82.901,535,95.935
-56.123,-83.715,528,98.06
-57.924,-86.306,482,86.002
-58.221,-84.735,512,94.074
-54.995,-82.008,563,107.43
-54.726,-79.832,549,99.698
-52.673,-82.702,523,96.431
-56.572,-84.923,498,85.977
-58.63,-89.434,525,99.756
-62.361,-86.598,520,92.064
-57.82,-81.569,525,97.316
-52.267,-75.921,538,101.57
-50.823,-72.311,514,88.417
-44.345,-67.365,516,95.504
-41.773,-61.411,494,89.36
-42.071,-66.186,479,83.843
-45.658,-70.366,573,100.44
-51.014,-78.685,530,94.157
-56.691,-83.378,538,98.631
-53.417,-79.639,517,93.802
-47.407,-71.491,552,98.772
-40.839,-69.178,523,89.765
-44.778,-70.739,491,88.599
-46.81,-73.738,553,110.39
-45.629,-75.634,607,128.56
-44.427,-68.688,555,108.7
-40.059,-68.36,512,91.138
-42.167,-68.28,533,104.34
-48.692,-75.559,519,94.975
-54.794,-83.076,516,92.379
-55.853,-82.22,455,82.057
-54.57,-82.14,574,114.3
-46.955,-74.105,560,104.84
-39.864,-67.721,523,93.478
-37.912,-68.385,535,100.5
-44.955,-73.864,531,98.233
-51.522,-80.135,538,93.214
-55.203,-83.476,500,91.469
-55.956,-85.042,544,101.84
-50.937,-77.223,517,94.347
-45.705,-75.256,487,87.863
-50.45,-77.252,508,98.316
-48.813,-75.187,593,123.58
-41.517,-71.894,516,90.228
-39.861,-69.122,460,77.93
-37.419,-72.938,482,87.78
-42.453,-68.086,577,116.55
-48.046,-75.754,576,109.43
-53.041,-82.992,544,98.201
-54.517,-83.03,456,79.436
-48.056,-80.009,450,83.174
-43.116,-73.685,495,87.383
-40.352,-66.767,471,82.71
-35.363,-66.727,454,82.611
-39.945,-64.729,483,89.525
-41.79,-69.315,548,108.7
-47.35,-76.521,531,97.457
-54.967,-83.855,525,94.347
-59.106,-88.844,519,93.429
-57.351,-83.506,555,103.42
-56.98,-81.273,555,104.73
-49.298,-76.636,542,94.083
-43.278,-70.889,513,91.7
-43.254,-70.801,509,87.573
-44.534,-75.585,488,88.624
-51.189,-81.636,504,89.021
-55.998,-88.378,504,85.514
-59.843,-91.878,502,88.855
-59.753,-91.573,486,90.013
-58.087,-88.563,531,99.5
-54.816,-80.432,576,111.14
-48.911,-72.767,537,96.398
-41.82,-72.453,549,102.23
-40.898,-72.535,570,111.47
-42.28,-77.444,559,108.74
-49.784,-82.418,570,104.31
-55.496,-88.255,539,99.574
-58.321,-89.201,550,101.04
-57.915,-91.604,486,83.869
-56.641,-83.807,520,92.941
-47.471,-76.348,546,95.96
-39.975,-70.624,514,91.709
-38.395,-71.196,484,85.423
-45.669,-74.441,535,99.326
-52.437,-82.66,584,109.62
-58.405,-89.497,531,93.884
-60.342,-91.921,478,83.778
-58.677,-85.609,519,95.281
-50.383,-79.36,544,102.99
-44.207,-72.16,552,103.7
-37.351,-73.566,522,95.282
-42.202,-75.859,551,98.341
-49.253,-82.138,565,104.11
-54.747,-88.253,568,99.955
-57.459,-91.182,520,89.567
-59.935,-94.277,464,82.975
-60.937,-88.831,468,89.186
-57.861,-82.693,518,95.157
-47.776,-78.519,523,91.163
-42.206,-72.09,558,102.91
-43.689,-71.522,545,105.45
-41.719,-73.093,526,95.058
-40.148,-70.962,545,102.8
-37.913,-71.772,514,92.486
-39.144,-71.103,517,90.187
-39.869,-71.267,524,96.985
-40.607,-73.312,505,88.26
-43.57,-72.916,492,88.161
-41.608,-73.911,523,94.231
-42.245,-75.106,533,98.796
-40.01,-72.826,517,90.394
-42.024,-75.544,549,97.25
-39.136,-73.851,561,101.67
-39.93,-72.585,509,86.622
-41.324,-73.529,504,91.849
-40.472,-75.222,566,107.67
-40.37,-75.568,565,107.37
-39.155,-71.892,489,84.414
-36.001,-65.499,488,83.488
-34.556,-68.687,496,89.112
-31.97,-70.203,510,94.198
-37.902,-71.795,501,84.108
-43.05,-76.064,518,91.601
-46.115,-76.507,548,99.929
-48.817,-82.902,554,103.63
-52.82,-84.653,593,111.97
-46.778,-78.574,563,105.69
-39.561,-73.189,565,99.59
-36.497,-70.635,521,91.833
-39.409,-74.596,508,88.21
-42.5,-76.698,569,104.95
-46.961,-81.5,543,97.474
-52.012,-85.24,535,95.596
-50.262,-83.461,608,117.69
-42.247,-75.555,583,104.36
-36.382,-71.597,515,90.038
-38.766,-71.362,476,82.768
-40.146,-75.893,544,101.1
-47.548,-81.964,547,98.863
-52.377,-87.167,528,95.364
-51.559,-84.085,487,85.977
-46.935,-78.252,557,103.72
-39.11,-71.589,535,91.816
-36.623,-69.56,496,81.122
-35.109,-65.82,483,82.975
-35.423,-68.459,490,84.48
-38.87,-70.923,488,85.059
-39.319,-71.189,571,95.562
-40.305,-71.742,592,104.38
-40.005,-71.586,640,105.15
-39.918,-71.761,674,109.18
-39.961,-71.468,698,115.29
-39.505,-70.911,719,119.65
-39.738,-70.921,739,122.47
-39.538,-70.469,734,128.37
-39.093,-70.175,721,129.42
-38.977,-69.363,743,128.44
-40.066,-69.809,747,133.79
-39.048,-69.034,770,138.13
-39.532,-69.758,761,134.66
-40.053,-70.47,775,137.6
-39.277,-69.71,763,135.2
-39.781,-70.681,764,138.01
-41.012,-72.002,796,142.7
-41.823,-72.824,778,146
-41.065,-71.926,762,135.57
-39.928,-70.12,729,125.81
-38.389,-69.07,711,120.24
-37.263,-68.677,683,115.8
-35.55,-67.149,647,101.91
-35.817,-66.376,628,110.38
-36.479,-65.904,593,96.076
-38.756,-64.467,606,102.92
-39.777,-66.211,629,107.69
-41.32,-71.117,634,112.69
-43.357,-75.817,651,115.52
-45.583,-78.064,657,121.61
-46.522,-78.228,605,110.66
-43.061,-73.884,593,107.17
-38.408,-68.714,620,104.85
-36.014,-64.391,583,104.44
-34.668,-64.044,543,100.73
-37.375,-61.17,541,102.99
-36.174,-62.03,512,89.045
-32.128,-62.09,512,90.228
-28.452,-62.904,529,101.91
-32.852,-63.486,544,98.754
-35.714,-66.184,593,99.747
-37.877,-65.471,555,92.544
-36.772,-68.081,589,98.366
-37.528,-71.401,593,99.491
-37.355,-70.971,539,93.52
-35.075,-70.162,542,94.504
-37.186,-69.766,599,112.54
-42.624,-74.238,630,123.71
-47.331,-82.504,626,120.94
-52.352,-87.255,623,124.19
-51.71,-88.611,548,101.44
-49.248,-82.13,567,111.12
-43.366,-74.738,591,112.91
-35.583,-66.293,590,112.4
-31.292,-61.293,591,107.59
-27.864,-64.299,495,92.552
-29.916,-67.207,526,104.25
-34.109,-72.295,585,111.12
-41.469,-79.775,561,99.78
-46.537,-85.326,536,98.011
-49.892,-85.469,599,106.32
-48.059,-81.456,599,107.92
-41.637,-74.053,564,103.01
-34.512,-66.002,553,94.19
-32.77,-63.273,482,83.554
-27.935,-64.554,451,81.081
-33.051,-63.328,512,103.96
-31.215,-64.768,511,98.167
-29.462,-63.952,455,85.44
-29.775,-64.317,446,80.99
-34.472,-68.199,504,104.73
-36.691,-69.322,545,106.5
-40.032,-73.978,601,119.17
-44.406,-79.937,654,128.22
-48.685,-85.924,564,99.425
-48.469,-86.093,548,100.82
-45.059,-81.875,618,116.31
-38.445,-72.533,593,107.77
-35.534,-64.047,557,100.24
-30.56,-67.632,510,89.252
-33.48,-73.995,534,92.262
-41.653,-79.518,545,94.413
-47.14,-85.105,582,108.04
-53.601,-89.409,575,108.14
-55.898,-93.295,525,95.174
-53.738,-88.785,526,101.95
-46.124,-83.472,581,105.42
-39.092,-74.528,549,98.25
-35.953,-64.129,533,95.389
-33.548,-61.352,552,104.44
-36.039,-59.299,612,131.07
-36.689,-49.82,619,138.86
-34.586,-39.065,612,136.51
-32.179,-29.268,650,156.67
-26.241,-19.751,660,168.68
-18.483,-9.4439,664,171.56
-10.25,-2.1023,638,153.53
-8.4478,0.078911,560,123.76
-14.349,-3.8639,534,108.07
-19.493,-11.721,559,110.5
-21.037,-21.262,593,118.89
-25.479,-28.452,582,123.01
-25.908,-38.678,574,113.82
-26.889,-48.801,587,123.99
-27.463,-58.355,587,120
-29.641,-65.403,564,108.31
-29.752,-70.054,496,89.269
-28.003,-67.483,533,95.662
-27.211,-69.58,516,89.55
-25.758,-65.587,501,87.21
-24.358,-68.716,489,90.518
-24.561,-67.262,462,83.058
-26.987,-70.233,457,81.379
-26.189,-65.709,478,82.793
-25.83,-63.471,456,80.163
-27.645,-57.771,487,88.417
-26.264,-58.093,469,79.907
-19.805,-63.086,427,75.102
-18.241,-67.793,416,76.028
-21.467,-72.122,480,89.17
-19.549,-70.799,431,77.666
-20.469,-67.599,487,94.248
-17.071,-70.975,464,84.489
-18.678,-75.844,465,89.732
-22.885,-75.18,492,100.6
-34.164,-77.823,515,99.516
-45.357,-84.671,503,89.104
-49.074,-83.789,583,114.88
-52.132,-92.6,561,108.6
-57.818,-92.394,479,81.875
-57.95,-96.779,486,88.053
-52.229,-88.663,490,85.647
-46.376,-81.531,545,100.68
-40.442,-74.367,561,111.63
-34.058,-73.175,513,98.664
-29.294,-67.096,541,103.78
-26.195,-66.796,518,94.777
-26.79,-65.409,520,92.544
-24.302,-71.427,536,99.325
-25.108,-75.439,586,109.18
-29.226,-79.247,630,118.58
-37.97,-81.676,604,112.15
-45.073,-85.73,593,108.41
-49.41,-87.055,586,100.5
-52.507,-87.355,609,116.65
-58.194,-86.921,584,107.45
-53.573,-90.301,577,103.32
-55.804,-88.825,552,99.5
-54.089,-88.253,572,100.42
-47.104,-80.209,525,91.601
-38.179,-74.286,522,93.892
-39.7,-72.067,599,120.65
-38.67,-65.354,584,109.85
-34.806,-58.095,578,110.08
-30.381,-52.403,503,95.017
-33.004,-52.099,539,108.47
-30.197,-61.457,514,89.724
-29.797,-70.664,549,97.729
-35.046,-76.461,566,102.19
-42.691,-81.831,602,105.34
-49.027,-88.387,603,108.2
-54.744,-92.777,602,113.83
-58.802,-90.305,587,108.59
-57.045,-87.585,530,90.956
-61.189,-82.003,589,122.7
-62.658,-82.599,585,112.77
-58.919,-89.792,554,95.951
-63.538,-90.285,502,90.799
-67.302,-86.223,525,108.56
-65.524,-84.214,444,85.076
-60.011,-79.959,444,81.321
-53.831,-74.676,460,83.042
-53.484,-71.102,534,97.878
-52.826,-64.21,527,100.48
-54.152,-59.3,490,101.52
-51.079,-60.952,540,105.01
-46.788,-71.203,577,110.85
-48.018,-82.764,545,94.322
-55.692,-89.995,557,93.652
-64.205,-93.793,531,85.167
-61.38,-93.464,511,83.107
-56.164,-88.918,502,87.292
-55.137,-85.537,529,93.668
-54.132,-90.884,501,92.635
-60.561,-92.597,545,96.712
-57.239,-88.673,555,99.904
-53.31,-86.942,589,113.29
-48.651,-79.178,594,107.62
-47.326,-76.329,519,91.691
-50.952,-80.926,552,102.19
-56.204,-89.589,577,96.307
-64.029,-91.844,567,98.06
-66.671,-90.396,537,93.164
-63.182,-88.518,552,99.755
-61.782,-89.447,501,85.961
-55.505,-85.465,528,94.685
-55.976,-88.568,499,85.208
-54.734,-89.772,495,84.29
-58.114,-89.891,447,76.731
-53.514,-87.311,431,77.533
-46.491,-82.615,474,82.529
-44.092,-77.935,524,88.111
-36.668,-72.17,544,95.041
-29.192,-64.368,526,93.693
-28.231,-62.332,493,86.581
-24.56,-66.007,536,100.43
-32.366,-62.293,564,107.37
-34.613,-69.267,597,113.67
-43.162,-75.506,568,104.56
-50.772,-83.211,572,105.01
-56.765,-89.719,566,99.599
-59.953,-93.203,542,86.796
-63.573,-91.445,559,105.51
-58.993,-86.845,597,108.42
-54.068,-80.199,602,109.88
-50.748,-74.665,595,107.98
-51.777,-70.669,627,125.94
-48.112,-74.714,629,132.6
-44.761,-77.053,632,127.22
-40.313,-73.088,589,107.19
-41.172,-72.334,579,111.54
-41.258,-76.386,577,104.16
-41.001,-81.358,564,94.09
-45.511,-82.264,565,98.333
-45.12,-86.979,526,84.224
-50.172,-85.146,520,89.873
-51.045,-91.862,542,99.252
-57.593,-94.571,517,85.804
-58.263,-95.727,501,91.717
-62.176,-94.34,537,94.14
-58.437,-91.556,506,86.25
-55.476,-86.133,593,106.69
-50.828,-79.343,581,96.944
-56.106,-77.615,586,108.23
-55.873,-77.193,663,139.33
-58.448,-70.249,648,140.65
-59.425,-65.187,636,142.96
-60.053,-57.994,602,136.21
-61.35,-53.422,549,119.74
-60.759,-51.703,503,112.2
-57.814,-53.871,535,117.25
-55.816,-62.606,576,122.66
-53.415,-73.306,607,127.41
-53.763,-84.48,589,116.97
-47.901,-81.335,639,138.74
-43.114,-71.83,599,116.01
-43.838,-65.595,605,115.51
-44.584,-67.55,546,104.07
-43.422,-68.267,534,91.336
-45.078,-63.987,517,107.37
-44.165,-59.826,454,91.783
-43.065,-59.654,435,91.155
-38.279,-64.553,509,100.67
-30.132,-65.548,546,100.72
-28.202,-69.004,478,84.728
-31.086,-72.99,508,89.922
-40.361,-77.732,528,92.255
-47.915,-85.444,551,101.32
-55.035,-93.572,557,103.17
-58.078,-96.301,508,90.873
-58.501,-87.653,552,103.5
-49.943,-79.99,574,106.58
-42.842,-72.323,568,102.12
-38.306,-65.444,586,107.94
-31.958,-59.619,546,98.655
-33.677,-56.251,570,119.31
-31.121,-52.621,545,100.76
-36.709,-49.808,530,92.635
-32.476,-43.836,507,89.062
-30.791,-45.686,490,85.323
-26.069,-48.732,488,98.449
-26.415,-54.136,601,121.91
-23.952,-64.123,587,114.39
-23.825,-71.65,600,122.13
-29.333,-75.05,594,103.29
-32.712,-75.017,631,127.87
-38.014,-79.746,585,116.28
-44.948,-85.545,569,103.73
-47.718,-85.563,604,120.22
-43.116,-78.204,585,119.55
-37.144,-68.644,575,114.28
-34.366,-61.058,539,113.19
-28.174,-61.5,589,120.85
-27.753,-55.354,578,115.2
-31.712,-51.626,514,97.481
-32.064,-54.819,560,114.72
-33.968,-64.258,565,113.74
-38.127,-75.314,572,108.99
-39.637,-80.3,596,111.65
-42.664,-78.652,609,118.46
-39.573,-81.165,594,112.52
-33.495,-79.193,575,114.3
-25.365,-77.511,554,102.69
-26.811,-75.756,567,108.82
-32.75,-80.378,582,112.29
-39.215,-85.778,559,110
-44.553,-85.723,512,92.205
-45.645,-89.405,541,100.43
-39.33,-84.18,523,98.564
-38.033,-76.184,495,85.423
-39.497,-74.241,454,80.825
-34.354,-81.84,453,78.666
-39.169,-85.03,521,97.241
-48.18,-91.181,494,88.525
-53.397,-97.016,495,87.656
-51.144,-89.764,547,103.21
-43.812,-81.097,548,101
-39.496,-76.382,497,85.779
-35.861,-72.317,542,110.91
-37.195,-67.8,610,130.37
-37.695,-58.033,600,119.25
-38.34,-48.03,604,135.75
-37.428,-38.52,601,127.82
-37.367,-31.37,574,119.85
-33.075,-23.425,570,122.86
-26.911,-14.143,587,125.91
-18.587,-5.1823,593,127.74
-6.6869,0.11551,603,135.09
1.1596,2.5505,581,111.58
3.4092,4.6791,538,100.24
7.6171,-1.3765,589,118.5
-0.91045,-7.0206,546,107.18
-5.3573,-13.825,525,98.565
-6.4914,-10.427,613,138.71
-3.4951,-6.7089,621,156.41
2.9994,-0.69557,596,136.27
4.6549,1.4011,501,96.489
6.6079,-6.608,467,87.102
7.9907,-3.0764,556,106.01
1.8626,-1.409,527,99.35
3.4237,-3.2547,432,79.609
-0.067609,-7.8385,498,91.51
1.5034,-7.67,524,100.27
2.6551,-12.326,516,94.512
-1.9945,-19.078,536,102.07
-9.9231,-19.945,550,115.43
-18.936,-19.079,567,115.19
-20.229,-24.699,563,121.78
-21.261,-18.713,547,97.721
-27.731,-24.121,537,104.97
-30.214,-32.3,503,92.965
-31.943,-33.269,517,98.631
-39.809,-35.561,505,96.877
-35.493,-33.973,532,105.37
-31.466,-39.514,560,107.11
-28.33,-47.005,560,103.39
-23.555,-55.345,521,94.272
-25.425,-56.914,502,85.497
-26.883,-57.361,584,117.6
-29.88,-48.788,520,94.76
-31.862,-39.692,521,92.039
-31.711,-31.89,517,88.235
-25.649,-29.469,504,89.501
-18.037,-28.203,481,85.051
-22.297,-34.293,536,103.52
-23.853,-45.836,520,95.918
-22.432,-54.194,476,91.519
-29.731,-55.854,539,98.92
-28.195,-61.976,596,116.43
-28.811,-66.7,633,142.86
-34.193,-75.047,647,133.64
-40.848,-82.495,609,123.36
-45.024,-89.27,588,117.18
-49.091,-95.777,570,106.97
-53.012,-96.881,549,103.96
-53.554,-101.49,522,92.552
-60.384,-101.76,530,91.171
-66.389,-96.318,511,88.028
-68.63,-93.484,494,91.783
-72.077,-86.333,405,77.641
-70.016,-83.975,478,90.857
-63.325,-79.297,561,113.32
-50.209,-75.366,552,105.96
-38.507,-75.521,550,103.05
-40.357,-73.773,580,117.27
-42.899,-67.09,581,118.62
-50.487,-61.684,570,110.86
-45.213,-63.61,569,112.53
-35.62,-65.98,548,94.504
-35.507,-63.952,541,113.71
-30.409,-64.998,564,112.96
-22.022,-66.179,551,94.512
-24.008,-72.062,564,103.48
-32.901,-72.935,569,108.4
-40.997,-67.776,576,106.97
-46.201,-68.003,607,117.78
-48.711,-60.828,592,116.2
-52.209,-57.46,576,115.89
-52.746,-53.15,534,94.115
-56.997,-52.296,532,107.47
-54.096,-51.241,557,122.28
-57.216,-52.604,534,107.98
-48.171,-53.339,492,93.271
-40.625,-59.05,527,95.405
-35.17,-59.167,588,115.42
-25.825,-61.937,559,110.97
-22.714,-60.861,580,119.79
-25.549,-65.988,521,93.817
-22.3,-67.857,522,100.04
-25.101,-69.791,513,86.358
-25.691,-69.766,545,88.83
-27.609,-69.849,617,98.407
-28.828,-69.879,666,103.13
-29.265,-69.585,721,106.45
-29.592,-69.741,748,125.05
-30.188,-69.216,771,137.14
-29.905,-69.242,774,133.95
-29.885,-68.834,750,153.85
-29.878,-68.526,725,140.71
-28.869,-68.446,733,136.17
-28.959,-68.326,711,130.77
-28.85,-68.317,725,129.54
-29.285,-68.277,748,118.78
-29.446,-69.149,711,108.25
-28.961,-70.232,680,107.08
-30.548,-69.958,629,97.597
-33.439,-70.833,590,87.92
-36.401,-69.374,577,90.567
-32.932,-67.157,577,92.792
-27.302,-68.727,601,92.18
-26.292,-71.267,592,99.069
-30.608,-71.685,602,103.41
-31.752,-70.746,681,108.03
-31.877,-70.425,728,113.51
-32.408,-70.503,763,110.89
-32.587,-70.652,774,117.7
-32.564,-70.639,825,135.45
-32.71,-70.737,840,142.88
-33.289,-70.717,848,151.13
-33.844,-70.092,850,150.63
-34.207,-69.988,854,150.19
-34.378,-69.643,857,153.64
-34.546,-68.725,824,155.89
-34.546,-69.488,830,157.13
