0,-0,116,56.966
-5.7168,0.47217,158,47.206
-8.2107,5.6583,571,84.645
-9.0325,12.02,554,82.603
-10.085,18.643,521,80.254
-5.557,20.717,559,87.301
3.2136,20.188,546,84.083
6.1366,16.729,537,85.721
9.5934,19.164,611,89.616
8.842,21.135,485,81.015
37.553,26.151,598,85.679
43.626,24.822,587,86.969
49.841,24.81,592,86.142
57.217,24.707,577,84.728
61.669,21.936,536,82.446
67.488,24.395,472,76.607
72.871,26.591,418,72.579
73.739,28.418,367,66.402
73.609,27.635,425,72.844
73.39,26.022,418,72.662
72.283,25.345,391,69.892
70.527,23.169,402,70.421
73.605,25.341,357,67.543
74.129,24.475,397,70.33
74.305,22.828,461,74.854
77.143,23.339,465,76.814
71.083,20.134,574,88.21
67.248,16.205,525,81.015
69.377,16.139,494,77.624
74.953,18.153,504,78.931
78.13,20.081,507,80.535
69.684,18.101,540,83.893
67.51,15.499,529,79.998
65.477,21.129,489,78.476
67.189,26.058,489,77.235
74.211,30.057,468,74.812
78.503,27.964,474,77.045
78.709,26.394,509,79.336
77.013,23.78,574,84.373
75.415,22.457,576,84.083
73.457,24.862,569,83.802
72.578,26.867,571,84.753
73.568,27.731,573,83.157
75.716,25.227,582,86.962
73.906,23.911,610,87.764
73.306,24.283,587,84.174
71.543,32.131,518,80.163
78.514,32.698,552,82.239
82.623,26.164,574,83.537
79.167,19.715,560,83.157
72.883,22.57,602,88.756
74.86,31.36,575,86.176
83.156,30.347,545,81.354
82.625,25.973,509,78.658
76.722,22.748,542,80.99
72.857,26.375,550,82.901
72.359,34.107,545,80.916
79.329,36.641,603,86.225
82.875,25.494,607,88.202
71.247,24.169,618,89.368
70.225,34.101,582,86.92
69.408,26.671,593,86.134
80.653,20.587,627,88.673
78.728,17.982,619,86.87
76.53,17.497,625,87.474
76.424,18.527,637,91.783
74.956,13.665,647,93.048
70.114,13.369,632,87.796
70.51,12.509,619,87.317
73.718,13.274,658,95.546
65.955,12.483,627,91.229
60.361,13.496,610,88.309
72.211,23.678,641,93.189
84.876,20.603,633,89.417
81.366,14.812,632,88.806
76.721,13.438,643,93.396
74.188,18.857,637,90.418
73.947,31.566,557,84.753
81.886,35.39,623,89.368
76.63,34.541,616,88.698
77.888,24.988,653,92.164
80.531,15.537,647,90.798
76.419,14.57,662,96.563
75.017,14.704,647,90.145
78.445,13.091,654,90.699
73.321,11.873,641,87.904
79.561,11.937,646,93.172
75.386,14.786,656,93.172
75.308,10.72,651,91.477
68.027,11.891,669,95.149
70.86,19.273,625,88.508
81.856,22.676,657,91.295
82.215,29.34,638,90.881
81.452,20.148,656,90.865
82.634,11.848,649,90.369
77.189,23.797,652,92.453
83.771,24.838,646,90.005
77.401,17.424,668,91.369
73.714,11.098,683,94.306
72.184,11.344,673,97.142
73.617,7.9757,660,91.576
71.136,14.199,721,103.44
69.42,7.7499,656,89.004
73.364,10.447,698,97.796
73.171,8.9768,683,94.859
71.777,6.9093,680,94.346
66.159,8.8724,667,90.823
70.402,4.4672,643,88.838
71.431,6.244,662,90.079
70.585,8.1386,656,92.155
67.407,6.0987,661,90.898
68.696,4.6153,674,93.073
58.534,10.16,659,93.767
68.858,11.532,647,91.485
80.533,11.304,666,92.618
80.941,10.307,676,94.189
76.119,4.58,651,91.229
75.884,6.9129,670,92.8
66.221,8.6546,647,93.288
67.844,9.4033,629,87.556
70.17,22.854,685,95.132
79.982,30.831,634,88.582
86.179,25.511,589,87.59
85.891,19.922,648,92.593
79.208,25.017,654,91.593
80.065,33.113,656,91.212
83.495,34.142,641,90.493
85.234,24.495,656,92.081
77.944,22.781,680,95.587
75.328,33.865,633,91.675
81.672,38.885,635,89.128
86.524,31.093,615,86.184
81.109,21.52,654,91.766
73.409,24.95,645,89.426
76.127,37.296,644,89.946
80.119,38.641,643,88.243
84.2,30.572,618,86.614
81.048,28.651,666,92.825
76.132,32.245,652,89.98
80.046,40.528,639,91.204
87.968,32.128,649,89.79
83.371,26.28,655,92.023
75.108,26.859,660,93.007
67.645,25.729,656,90.716
83.476,25.689,663,91.51
78.794,30.616,652,90.526
85.816,32.312,637,92.246
86.214,26.246,624,88.491
87.615,18.117,650,89.31
80.229,26.976,688,94.016
81.021,38.702,639,87.358
86.12,25.592,652,88.466
83.359,16.634,691,97.588
80.958,24.778,673,91.32
77.627,36.773,669,91.436
85.146,42.394,642,91.138
86.619,30.992,659,90.766
81.236,22.351,653,90.997
73.168,29.212,656,90.931
76.49,42.314,605,85.613
80.659,43.906,643,89.831
82.995,36.942,680,94.024
82.679,35.576,662,90.931
79.85,41.54,659,90.608
81.403,38.515,689,93.768
81.513,36.504,679,94.462
78.776,41.175,663,90.352
81.369,49.112,581,86.796
86.8,36.623,623,88.789
85.484,26.769,645,89.855
77.803,32.645,660,91.071
77.948,46.981,658,89.806
82.669,45.36,640,89.012
87.533,34.191,638,92.8
83.319,23.033,650,91.65
75.99,35.558,670,94.529
87.644,37.387,654,91.692
89.04,25.83,642,92.197
80.585,24.277,666,95.066
74.882,32.011,688,94.768
68.206,38.919,650,90.104
83.133,38.923,649,90.145
84.942,44.324,647,90.212
89.495,31.511,663,91.923
85.223,20.749,680,93.734
75.69,22.519,686,95.818
79.742,38.591,651,92.147
85.696,38.07,656,93.743
89.534,26.854,667,91.278
81.923,20.167,679,92.337
72.6,37.337,666,94.487
77.742,44.449,618,89.343
84.221,30.283,672,93.098
87.36,19.604,653,91.51
82.021,22.667,677,95.438
87.803,31.092,702,95.049
89.862,19.139,668,91.89
78.712,23.039,715,96.563
83.5,35.629,685,94.686
81.434,33.97,691,93.553
84.941,20.775,712,97.853
86.14,19.439,718,99.722
86.332,15.071,709,99.73
80.604,5.0734,693,95.992
84.249,10.434,716,103.2
81.42,10.529,693,93.735
78.935,8.855,697,94.041
70.491,2.328,669,91.692
73.595,9.3921,702,96.695
83.45,18.068,676,91.13
81.159,5.9912,668,92.246
83.473,5.7337,726,99.954
82.843,3.4408,695,95.364
77.548,1.5945,668,90.633
77.575,3.0294,666,91.626
76.582,3.6025,691,93.817
79.251,0.16978,681,94.322
77.02,2.7299,706,93.288
76.161,2.0117,694,92.204
72.922,-0.82381,685,92.32
68.097,4.4698,719,103.73
83.385,4.6878,691,93.925
79.606,1.304,698,93.098
71.48,1.0528,678,93.288
73.859,1.3,692,96.819
62.358,-2.2566,667,91.32
63.212,9.702,673,94.992
80.734,10.158,601,84.935
90.717,9.2151,528,82.462
86.609,15.493,561,85.696
82.508,18.91,608,88.078
83.124,22.372,656,97.324
83.706,33.582,663,91.667
85.006,20.475,676,93.098
86.925,25.473,722,97.779
85.328,19.074,709,94.511
80.714,6.1687,704,93.925
76.986,4.3517,694,93.362
79.582,3.4899,699,93.462
79.349,4.5909,722,100.38
74.229,-1.7646,701,97.365
76.03,0.4368,676,96.05
80.555,-0.72584,667,99.176
72.055,7.6093,642,90.973
68.051,2.4758,708,102.98
73.693,-2.5731,674,91.808
73.507,-4.1405,690,95.232
63.692,-5.8641,673,92.718
73.261,4.74,710,103.52
81.369,13.397,589,88.367
83.61,12.756,445,78.749
83.265,9.9222,263,55.981
81.938,10.074,258,57.346
81.591,9.8348,270,56.75
81.492,8.6384,289,60.885
80.617,9.2048,379,68.808
82.74,8.6348,521,81.66
83.367,20.2,531,83.058
88.192,14.62,511,81.222
84.825,13.535,502,78.178
85.218,21.576,533,82.785
85.392,29.275,473,76.698
82.937,27.818,569,88.21
87.736,34.523,640,90.079
93.541,24.835,621,89.633
82.426,21.23,655,90.244
78.747,36.63,660,92.138
84.513,40.22,645,90.394
82.339,44.773,699,105.34
84.783,52.144,659,94.967
86.272,53.174,635,90.162
85.383,50.899,566,87.284
91.971,44.961,628,88.764
91.799,34.044,670,95.719
89.819,22.215,675,98.06
86.743,30.847,643,91.874
83.923,34.403,690,94.768
82.193,25.552,684,94.91
80.184,17.875,686,95.587
80.622,8.721,700,98.316
82.08,13.607,708,97.382
77.822,16.436,737,97.969
78.338,16.85,761,99.879
78.126,16.254,854,106.76
77.885,15.963,947,112.78
77.487,15.593,1004,118.02
76.909,15.381,1050,121.49
76.901,15.347,1059,123.07
77.224,14.754,1064,124.3
77.585,15.995,1069,125.75
77.852,15.308,1090,133.47
79.383,13.747,1031,126.58
82.214,14.463,956,122.3
82.217,19.724,821,104.54
83.917,26.762,772,98.225
83.38,28.38,771,99.904
87.928,23.251,747,97.373
84.74,14.624,736,97.696
79.542,18.764,783,103.06
86.053,26.215,810,105.34
89.372,28.757,824,108.46
89.641,24.774,777,107.02
88.872,13.937,788,104.77
81.468,12.344,752,96.025
85,7.1816,751,97.423
85.897,6.3919,719,94.396
78.808,-1.5206,710,94.95
78.76,-6.6263,692,92.163
86.531,4.3632,726,98.2
85.179,-4.5332,735,96.861
81.288,-10.239,706,96.464
88.686,-12.074,704,96.026
94.643,-17.65,634,91.394
98.031,-20.348,558,84.298
99.935,-22.475,604,87.309
99.579,-20.813,626,90.542
100.67,-22.757,678,96.05
97.673,-25.48,652,88.69
101.19,-22.128,646,89.914
100.26,-19.607,671,91.923
93.784,-30.02,655,90.476
92.528,-28.075,668,92.403
92.185,-21.289,661,91.485
104.4,-13.506,647,89.178
110.74,-23.559,643,91.337
111.4,-26.676,668,93.652
116.33,-31.644,659,90.369
114.56,-34.641,670,92.039
107.56,-36.213,657,93.768
109.23,-29.388,661,91.105
103.06,-29.714,675,93.933
103.54,-26.903,679,92.081
88.57,-29.824,683,94.421
84.069,-11.577,689,91.998
79.537,-11.482,720,102.49
70.074,-17.589,688,98.614
64.099,-1.837,618,87.392
82.567,-2.4425,667,95.43
89.402,-0.49983,750,112.23
98.306,-17.382,708,100.92
102.87,-23.602,578,88.525
96.777,-25.248,691,97.126
95.037,-29.724,635,88.905
95.794,-30.219,686,93.544
92.661,-24.602,746,99.912
95.106,-30.421,691,92.792
98.041,-27.862,717,96.762
94.165,-27.649,713,93.718
95.444,-29.094,720,95.604
90.064,-22.776,754,99.515
89.607,-31.229,676,91.014
96.072,-23.643,685,93.751
98.788,-30.368,684,92.362
104.45,-26.36,710,95.339
96.024,-27.517,689,92.618
94.331,-29.627,714,94.669
99.387,-27.71,729,97.679
93.544,-26.477,738,96.364
94.578,-28.526,720,94.703
95.683,-30.186,698,92.651
93.047,-24.986,699,93.735
94.153,-30.984,711,94.297
90.251,-25.035,729,100.68
78.752,-29.898,676,95.033
73.957,-23.16,671,92.693
71.899,-15.527,687,96.778
73.043,3.9565,709,98.837
88.762,21.265,723,97.746
87.038,27.13,722,96.265
88.411,37.599,738,98.209
89.934,30.863,708,96.604
85.689,42.525,731,96.811
83.295,51.088,723,94.338
82.851,47.239,717,97.804
84.404,46,727,96.191
85.049,46.791,710,98.995
84.662,50.444,692,92.61
87.259,47.934,683,93.123
90.975,46.713,690,92.908
86.082,44.775,708,94.876
86.026,45.427,693,92.544
81.808,47.113,697,94.239
75.18,50.936,686,92.312
76.193,48.478,687,95.232
92.566,46.801,721,98.656
97.492,31.437,699,92.684
90.738,20.203,717,96.298
81.507,18.065,722,98.399
71.608,30.08,714,100.33
80.068,46.834,694,96.679
93.334,44.111,689,94.198
100.32,30.95,694,95.984
99.593,17.431,692,93.073
87.254,18.522,710,97.572
79.569,40.118,752,104.86
91.492,40.38,713,95.546
92.688,21.47,739,100.94
92.634,19.807,741,100.91
87.796,9.8056,774,107.54
91.714,-8.1729,687,92.461
98.19,-8.879,768,102.47
107.59,-18.556,751,99.847
111.5,-20.834,741,99.259
106.45,-26.371,718,96.902
107.99,-16.805,709,96.811
101.58,-26.138,748,101.35
104.8,-30.357,694,93.842
95.732,-31.716,683,93.561
100.82,-26.291,733,102.19
99.344,-27.595,732,97.812
90.19,-32.652,686,93.701
84.444,-17.746,757,110.8
68.283,-13.135,741,100.36
60.749,-7.7223,732,103.57
65.495,10.091,718,98.648
87.785,12.26,700,95.595
91.466,3.6443,771,109.83
101.25,-16.722,812,111.27
109.48,-23.465,777,107.69
105.83,-27.762,771,112.16
91.46,-33.897,710,102.17
88.956,-24.626,689,95.132
80.951,-30.527,698,96.381
95.658,-26.479,716,96.612
110.8,-22.839,703,97.125
102.15,-34.545,582,85.53
98.929,-17.262,666,93.718
109,-11.18,632,90.955
117.95,-12.953,637,89.847
114.15,-24.891,639,91.138
98.465,-30.634,657,92.039
85.201,-20.191,582,89.483
77.118,-12.322,444,72.943
66.379,-8.8969,721,110.83
74.873,-22.504,703,98.284
71.442,-28.874,734,106.62
60.721,-22.84,710,105.79
64.267,-9.1339,674,93.42
78.483,-1.6051,789,112.68
81.83,16.974,776,106.2
90.114,20.207,830,117.53
89.318,29.216,826,122.25
76.281,47.056,759,100.82
80.707,46.733,730,104.27
78.756,46.313,802,117.92
84.328,50.204,759,98.68
87.89,54.914,638,88.326
90.533,44.222,787,112.68
93.272,44.024,712,99.722
92.648,45.798,698,94.537
86.484,28.285,718,96.513
89.148,34.113,727,98.415
78.009,44.205,742,101.01
79.149,35.384,735,100.18
78.883,15.593,727,99.003
87.08,6.6419,717,96.877
89.107,-2.4565,741,98.358
99.411,-6.3957,842,123.04
104.54,-15.19,818,116.78
105.11,-30.177,742,101.77
104.18,-31.885,710,96.39
98.745,-29.679,677,94.495
92.916,-36.127,694,95.091
79.196,-31.066,655,91.344
83.583,-11.63,656,93.453
100.21,-5.7597,683,97.282
109.51,-16.87,724,97.878
113.63,-30.677,690,91.61
107.57,-18.745,770,104.99
113.1,-12.105,707,95.711
111.79,-27.351,698,94.694
96.27,-18.896,711,95.521
100.17,-1.4901,695,95.686
84.057,1.8193,811,115.59
89.096,22.558,762,101.14
84.108,42.949,773,101.01
89.599,53.068,758,101.98
93.145,39.87,781,105.35
97.404,27.658,713,95.844
93.651,35.463,787,107.83
90.294,46.517,666,92.635
93.111,29.862,724,96.935
82.523,16.191,752,101.52
83.881,7.4529,774,106.69
84.977,4.6163,767,107.61
89.509,26.116,721,96.001
91.176,26.094,718,96.563
97.751,24.966,732,104.83
94.808,25.647,778,108.93
93.251,32.232,755,104.2
89.581,38.119,737,101.24
72.165,45.781,745,97.142
75.313,54.787,669,98.523
89.743,50.201,744,100.96
97.669,32.705,702,95.124
90.422,16.877,759,100.4
91.727,-2.6315,797,112.92
83.852,-22.168,786,107
90.994,-22.239,832,118.91
110.56,-20.546,801,108.69
111.12,-29.832,728,100.04
110.42,-26.887,688,92.544
95.478,-14.231,713,98.614
96.501,2.0292,728,103.68
106.11,2.5236,693,96.075
114.05,-15.32,699,94.62
112.51,-12.939,763,103.75
109.95,-14.842,719,95.736
109.47,-31.316,704,94.305
98.989,-26.657,738,98.523
105.05,-5.4515,717,96.356
110.06,-4.2129,765,106.5
118.84,-18.552,746,103.16
118.89,-13.91,787,112.98
109.8,-21.978,756,106.78
95.14,-26.563,764,99.565
97.224,-33.258,757,101.16
108.14,-23.741,754,100.85
95.92,-26.596,789,107.82
94.13,-31.826,758,101.13
97.668,-31.616,741,96.844
98.769,-28.633,777,98.722
94.414,-28.624,777,101.62
105.73,-25.78,712,100.39
93.013,-31.434,706,94.967
87.008,-32.013,703,99.044
77.779,-24.733,749,111.18
64.23,-19.556,700,103.37
58.439,-10.806,651,98.829
69.453,-2.324,765,126.31
92.418,-8.8102,766,121.03
112.19,-8.1848,733,106.77
115.02,-20.785,673,94.09
103.7,-25.892,686,93.312
103.43,-36.576,669,94.95
83.442,-34.267,645,91.014
87.753,-20.622,708,109.83
105.03,-28.029,682,96.348
97.18,-37.373,641,89.988
93.06,-17.141,643,92.593
111.02,-14.954,688,97.704
109.67,-27.882,664,96.456
110.65,-23.186,682,95.504
96.89,-34.122,638,92.874
107.94,-27.807,639,90.931
99.623,-26.395,674,95.43
95.271,-29.302,680,100.77
83.917,-35.152,680,98.035
72.973,-36.518,623,88.772
69.639,-23.853,613,89.36
70.704,-27.253,612,87.681
75.906,-20.772,652,94.272
72.5,0.54685,671,95.091
82.813,12.408,696,107.65
82.368,19.815,724,105.34
92.965,29.063,706,101.16
84.737,40.602,743,112.01
85.629,54.893,616,94.81
92.185,47.129,660,95.231
91.273,29.431,658,95.587
87.603,27.382,669,93.412
74.943,39.589,667,98.54
85.58,50.257,643,96.034
84.756,53.793,610,88.574
95.746,38.972,560,83.223
90.093,35.945,625,90.65
86.525,35.864,616,89.36
83.648,48.322,633,89.756
84.032,53.859,574,87.681
95.776,41.25,604,87.218
92.865,37.673,627,88.301
88.723,39.476,587,84.819
81.727,45.325,595,86.316
77.349,56.405,649,92.113
77.304,42.164,652,102.3
75.78,50.715,676,103.96
80.786,32.689,660,90.037
77.905,47.488,660,93.825
89.88,56.617,628,90.22
96.76,42.893,575,84.671
96.531,34.442,639,90.6
90.401,33.812,616,86.506
81.432,37.056,632,88.491
83.238,43.628,667,91.791
92.798,54.479,617,89.616
96.786,45.763,578,83.992
98.469,34.781,540,82.818
90.551,26.04,653,97.316
84.672,24.036,637,91.304
82.121,34.621,655,93.462
86.064,51.096,668,93.189
80.336,49.747,706,103.31
91.738,39.088,762,115.08
97.74,22.341,671,93.594
103.91,10.755,664,93.131
113.15,-0.43366,711,100.8
110.42,-10.286,652,96.075
106.21,-5.3113,768,106.46
109.23,-26.67,701,99.102
95.292,-36.998,698,97.291
81.909,-32.891,717,106.22
69.439,-26.051,693,103.54
59.781,-10.185,664,99.185
65.965,7.6122,750,109.22
80.626,12.536,735,104.74
81.247,14.257,735,106.2
99.198,2.8596,727,97.2
110.88,9.4624,726,106.61
118.94,-4.7231,689,102.24
116.39,-22.17,634,93.164
101.04,-31.262,677,94.132
98.919,-27.643,690,97.15
110.4,-16.761,728,101.5
113.63,-25.655,677,97.448
112.55,-33.424,659,93.197
110.39,-29.738,675,95.654
91.105,-40.247,643,92.113
79.124,-33.026,667,95.009
68.928,-28.066,661,97.887
75.195,-23.56,699,98.234
78.661,-28.097,682,94.553
82.086,-30.215,697,93.18
81.025,-33.37,685,93.536
88.497,-32.534,673,92.965
91.983,-33.328,671,91.568
89.015,-35.535,649,92.031
91.945,-30.161,695,93.428
83.25,-37.09,601,86.92
94.788,-34.146,655,94.255
95.654,-30.75,670,92.825
90.288,-33.897,659,92.8
98.395,-24.147,631,105.2
101.64,-30.589,392,74.44
104.3,-32.682,242,55.898
103.48,-31.909,226,53.599
104.16,-34.203,229,54.186
104.01,-34.152,233,54.575
104.04,-34.447,242,55.162
106.6,-29.947,293,61.514
110.31,-28.055,359,66.302
105.72,-34.622,336,64.16
104.6,-27.229,386,69.577
101.23,-24.148,394,71.876
104.57,-32.184,469,76.632
110.49,-27.754,552,83.661
113.8,-19.365,600,87.06
106.84,-31.795,589,86.068
111.85,-19.787,583,85.762
105.51,-27.487,624,91.568
100.24,-37.176,588,85.208
88.71,-37.142,626,93.743
77.438,-35.311,591,89.872
82.778,-36.396,622,91.733
65.564,-24.159,632,94.984
54.636,-5.8166,637,93.958
46.373,10.608,659,100.04
31.365,25.816,665,95.306
24.835,33.629,660,93.66
18.288,36.46,648,98.084
14.431,26.825,666,93.371
13.604,10.505,672,105.47
16.732,0.64863,686,107.38
29.233,1.3025,640,93.271
17.553,0.25595,655,105.42
7.5671,11.342,634,98.399
11.847,30.202,621,91.634
19.071,36.846,640,93.528
37.257,37.82,567,86.747
54.123,34.938,670,105.97
78.408,25.656,678,101.24
95.9,21.569,704,107.81
107.13,10.265,637,92.362
115.01,-3.306,627,89.153
109.32,-11.459,635,93.652
100.09,-12.489,663,95.331
102.25,-11.51,711,99.623
101.3,-10.665,819,110.72
100.35,-11.102,927,118.01
99.098,-11.465,989,127.87
98.017,-9.7575,1015,130.15
97.083,-9.1922,1034,131.14
96.517,-9.3509,1037,132.33
96.667,-8.1919,1052,132.07
96.603,-6.3894,1022,129.89
96.64,-5.145,1031,132.22
96.732,-4.0045,1016,130.26
96.548,-6.5316,1019,128.54
97.038,-8.1727,989,126.58
99.834,-9.1847,945,128.22
103.14,-11.584,874,128.01
103.67,-12.675,775,110.68
105.23,-20.457,764,109.14
110.33,-15.914,747,100.49
115.58,-13.724,745,101.38
113.06,-15.735,747,101.24
110.17,-27.078,720,94.214
103.83,-29.039,727,98.002
106,-21.145,733,96.629
116.14,-17.252,728,96.075
114.04,-27.364,685,93.28
110.18,-23.575,747,103.9
109.78,-7.1714,744,102.24
115.94,-2.6875,700,93.975
118.65,-10.921,708,98.25
111.94,-18.801,708,93.95
107.39,-17.067,708,95.976
96.185,-4.2248,710,99.019
107.55,4.8813,698,93.867
117.63,-5.1925,712,99.284
116.97,-21.53,693,93.701
108.02,-27.358,707,99.83
92.712,-27.652,731,107.23
86.384,-35.463,687,98.126
78.492,-34.266,603,87.226
79.486,-33.308,646,91.99
76.181,-28.001,673,93.396
66.617,-17.986,689,95.562
73.489,2.8159,712,104.38
91.342,12.731,722,105.38
99.992,24.585,787,118.45
95.126,39.125,817,123.87
90.986,52.353,732,102.67
96.698,45.457,653,90.749
94.38,38.446,637,87.474
99.354,22.772,733,106.25
112.72,4.4464,735,103.92
116.35,-10.977,750,101.95
115.76,-22.841,642,90.402
106.53,-28.016,704,96.712
111.78,-29.126,705,100.04
105.69,-32.923,710,97.224
90.801,-40.385,671,95.115
75.325,-35.621,633,91.692
78.312,-31.22,692,95.686
79.82,-30.23,681,93.61
80.877,-30.078,694,95.728
81.786,-40.352,659,90.749
100.12,-27.861,704,102.11
107.58,-19.749,707,97.596
112.64,-12.111,706,97.158
104,0.22399,747,109.66
88.342,-0.32833,684,100.05
81.898,-0.72007,680,102.14
82.057,10.304,697,94.686
88.195,29.174,634,88.632
88.205,49.956,696,95.496
91.552,59.528,592,88.648
95.277,48.746,667,95.653
97.18,33.387,648,90.98
90.236,49.932,652,93.602
86.481,51.305,679,95.355
72.555,31.936,714,102.74
61.356,23.087,722,106.59
47.543,4.9015,690,94.735
66.362,3.1905,760,104.86
87.374,0.50369,760,114.11
108.46,-1.5918,764,104.89
117.96,-13.517,768,109.59
114.06,-25.864,718,102.55
108.24,-5.8691,692,94.586
109.26,4.1606,716,103.02
114.45,-10.624,750,112.42
111.7,-22.626,674,91.799
113.02,-24.006,719,99.094
101.24,-37.352,700,102.41
89.274,-23.164,717,100.35
93.861,-20.926,728,102.16
109.01,-25.109,758,99.73
118.73,-18.894,723,95.703
114.2,-31.718,705,97.969
117.11,-22.958,725,100.03
115.1,-26.693,697,94.487
104.57,-27.582,721,98.581
113.47,-32.456,653,93.131
108.13,-24.07,736,95.843
101.67,-31.79,744,100.09
93.774,-40.84,705,103.34
101.21,-34.193,770,112.94
102.06,-33.599,746,98.06
101.35,-35.306,691,93.197
99.161,-39.717,718,99.102
87.009,-28.552,736,100.85
74.118,-30.468,746,113.62
60.324,-14.026,842,137.43
52.936,4.2705,844,127.31
39.982,14.343,830,124.23
26.184,10.674,790,120.65
18.987,4.1864,746,108.99
33.844,3.6669,810,120.26
47.539,4.3688,795,126.76
58.803,-8.4518,782,121.11
67.019,-10.66,693,94.223
66.971,2.5018,689,95.802
85.741,13.938,684,94.57
100.29,11.811,748,102.68
118.17,0.44265,682,99.54
119.4,-2.3454,665,95.984
120.31,-14.207,701,103.33
111.21,-29.071,714,104.83
104.77,-37.59,657,91.27
110.19,-19.051,687,98.382
114.73,-7.7552,641,93.66
103.08,-17.372,739,104.17
107.05,-27.874,718,99.524
109.72,-39.427,640,90.104
105.32,-29.416,671,92.561
118.99,-13.145,677,92.106
118.09,-18.216,705,96.894
116.93,-30.337,659,90.393
108.95,-35.227,723,107.64
113.28,-29.351,696,96.976
120.9,-27.655,663,93.354
120.26,-36.075,644,92.164
119.55,-18.515,664,98.614
122.52,-8.9318,660,90.434
117.91,-24.927,670,96.927
113.69,-28.281,687,105.3
121.18,-7.8277,678,95.935
117.64,-7.8554,615,90.328
114.59,-16.582,619,90.286
109.14,-18.235,656,95.728
100.67,-8.9665,750,111.49
94.802,-5.3236,730,111.02
95.74,14.451,694,97.92
108.37,15.75,716,109.42
106.06,15.683,767,126.67
99.959,19.882,718,109.07
83.857,34.441,729,102.3
84.132,53.484,709,96.513
93.027,55.287,697,100.62
95.319,50.108,700,102.76
94.887,50.656,675,92.403
95.244,41.142,666,95.595
90.455,33.55,752,112.95
86.936,54.642,690,99.333
88.403,56.84,671,96.274
99.717,43.857,671,95.637
104.08,31.03,647,91.253
113.77,26.864,673,92.147
117.52,13.068,700,100.09
122.78,-5.2227,709,104.01
122.51,-18.281,718,106.94
110.68,-30.741,737,113.99
97.794,-32.903,741,106.57
89.511,-37.137,751,114.93
80.516,-23.601,766,111.29
69.947,-3.3821,772,116.98
60.129,10.93,783,122.37
38.403,11.116,775,125.95
14.637,8.1989,794,116.7
6.1742,14.357,731,97.084
8.8455,21.974,758,109.8
25.837,34.387,713,95.868
43.484,34.95,732,105.69
59.106,37.274,708,103.9
77.333,30.782,755,108.33
83.717,36.17,723,102.24
87.102,38.082,709,103.41
95.224,56.857,672,93.453
100.53,55.114,618,87.838
100.4,50.326,625,95.066
102.23,33.697,670,98.068
107.41,23.407,679,101.45
116.79,15.573,701,98.076
123.01,-1.9779,707,98.729
110.54,-14.378,731,97.886
112.67,-18.349,734,105.49
117.08,-24.847,774,112.59
117.49,-26.155,725,102.57
108.27,-39.612,685,93.362
104.84,-42.362,712,106.99
93.475,-38.84,742,111.47
81.405,-25.644,754,116.15
88.725,-28.648,703,97.654
98.14,-13.141,712,102.48
112.55,-9.3778,757,119.6
121.03,-23.46,696,96.927
119.77,-33.894,661,93.387
121.95,-27.239,653,93.222
116.86,-25.431,659,92.362
114.79,-40.024,602,90.005
110.81,-34.445,603,94.487
117.53,-17.502,686,94.148
118.6,-19.856,690,97.481
120.29,-30.438,644,91.204
113.24,-34.308,699,100.9
118.58,-14.835,685,95.604
113.47,-25.579,706,100.14
113.94,-38.059,679,94.652
110.06,-35.349,680,92.453
103.04,-33.178,746,112.95
102.07,-33.534,760,123.54
109.56,-16.811,779,135.83
98.968,-10.091,740,118.76
97.653,-26.338,766,124.52
112.62,-35.546,738,117.28
118.18,-38.877,689,95.951
107.65,-41.273,711,106.45
103.47,-43.228,696,103.33
107.05,-40.599,693,95.686
107.92,-41.875,692,95.438
97.664,-28.53,688,95.785
92.882,-37.041,621,88.946
94.496,-37.89,744,115.62
77.258,-39.5,656,96.075
83.164,-32.341,719,113.88
93.786,-26.948,806,138.41
105.13,-33.165,792,131.58
103.61,-28.645,825,138.6
112,-22.377,758,114.2
114.26,-24.111,739,100.48
116.46,-37.89,652,91.377
111.32,-33.88,647,94.256
106.46,-23.855,697,99.615
107.28,-6.8786,729,110.61
110.62,-20.899,738,117.24
117.46,-6.2957,697,99.863
111.97,-17.967,694,106.19
119.31,-9.6947,727,106.37
115.5,-4.554,793,123.37
117.07,-22.843,827,142.46
118.06,-35.64,777,125.33
109.87,-37.061,698,99.399
95.277,-37.181,721,108.26
75.209,-33.478,751,118.91
66.235,-17.396,759,105.92
58.334,-2.2674,689,100.75
68.314,1.7629,758,114.92
84.372,17.669,758,111.68
97.291,34.97,781,111.35
102.77,39.421,838,135.48
101.05,48.486,745,116.46
99.455,41.629,757,119.99
107.99,24.063,721,108.74
115.47,8.9408,776,118.35
122.07,-8.5723,727,110.87
114.93,-27.26,736,109.8
119.34,-34.884,705,105.22
121.01,-43.285,631,99.259
111.92,-39.768,553,82.338
112.45,-22.035,653,101.38
116.44,-12.177,681,97.448
117.94,-21.63,660,91.998
115.29,-16.496,670,95.248
113.55,-18.319,778,101.67
113.25,-19.04,856,104.03
112.27,-19.338,992,113.14
111.45,-18.875,1076,119.86
111.32,-18.552,1102,125.28
111.31,-19.166,1116,130.16
111.07,-19.351,1124,130.62
111.26,-17.952,1118,129.87
111.03,-18.716,1116,133.17
111.32,-17.974,1118,134.38
112.27,-14.326,1089,132.8
114.01,-12.771,1009,123.48
114.69,-12.433,904,120.8
116.35,-19.133,815,108.38
116.61,-21.937,798,103.57
109.27,-16.777,794,110.12
109.03,-8.6196,802,105.29
111.18,-10.785,869,107.34
111.3,-10.985,945,115.94
110.69,-11.056,1006,116.42
110.01,-12.288,1048,120.44
109.51,-12.6,1067,122.58
108.87,-12.218,1101,126.83
108.6,-11.595,1105,126.13
107.88,-12.154,1098,128.06
108.18,-11.787,1092,127.19
107.36,-11.044,1071,127.64
105.68,-11.254,1060,128.68
104.39,-11.009,1034,126.43
106.42,-12.177,931,118.45
109.55,-13.515,887,114.58
113.71,-14.621,863,108.35
118.02,-18.162,825,105.96
115.65,-23.507,844,106.17
112.41,-28.533,847,113.83
105.61,-20.704,878,113.92
102.24,-10.932,823,101.75
102.8,-8.4789,854,113.7
105.28,-11.072,859,112.67
113.26,-8.7124,926,123.71
118.06,-16.331,846,116.28
120.66,-26.851,824,104.35
118.11,-34.489,807,107.54
114.79,-29.146,843,113.71
117.02,-32.766,828,109.54
118.76,-33.69,820,106.6
114.74,-32.026,839,115.31
102.23,-26.779,826,118.45
107.78,-28.359,768,113.25
109.65,-27.991,771,107.45
112.74,-18.56,735,98.407
105.37,0.70066,837,106.38
96.895,11.706,744,120.12
81.499,19.997,846,134.66
69.335,27.022,892,139
73.235,45.338,854,134.5
74.628,54.319,742,110.56
93.189,57.185,677,92.643
97.325,49.85,746,110.2
100.65,38.489,730,103.9
107.1,29.525,737,102.48
108.07,21.096,662,96.654
119.6,6.9357,734,103.73
125.52,-13.58,732,106.11
123.99,-30.569,671,96.075
107.11,-33.717,762,107.1
105.21,-39.518,730,103.01
109.16,-40.448,722,98.375
100.79,-36.764,744,104.64
88.497,-46.3,704,102.76
72.748,-32.246,695,97.208
58.508,-18.037,646,90.087
55.415,1.0364,699,103.84
48.159,4.7668,736,123.86
34.415,-3.3458,645,100.04
22.041,-3.8011,664,111.81
8.3538,-1.4059,635,100.84
2.4855,12.193,636,95.439
14.618,32.433,678,95.124
30.141,33.728,648,99.887
43.493,26.288,517,90.079
60.007,26.439,368,70.95
69.152,30.175,290,61.63
68.25,31.052,236,53.666
68.013,29.99,262,56.676
67.926,31.576,253,56.651
71.577,31.573,357,65.541
73.8,32.04,386,69.561
79.62,26.801,375,69.569
75.021,28.04,298,60.323
77.636,30.359,254,55.51
78.861,31.442,247,53.632
79.739,31.167,247,53.905
75.824,31.52,266,56.932
74.882,33.272,280,59
72.851,32.541,249,55.129
72.343,33.186,256,57.139
76.048,27.732,263,58.917
80.199,23.761,355,70.834
81.283,27.694,397,76.268
82.298,29.274,488,82.736
92.197,32.182,520,82.628
95.339,42.357,583,89.748
100.8,44.811,560,84.885
105.01,32.715,577,86.432
104.63,20.198,571,86.06
115.63,16.081,608,95.24
124.79,8.9383,576,85.332
117.96,11.079,597,91.948
125.32,15.113,566,85.167
117.31,4.3154,550,81.974
127.54,-2.5686,533,81.362
124.97,-16.545,611,91.453
128.38,-20.867,613,90.584
124.04,-13.232,650,95.595
127.42,-29.171,613,87.218
120.48,-12.84,645,92.668
131.19,-7.3386,646,94.578
131.9,-22.702,598,86.498
122.74,-23.137,640,93.544
109.87,-32.855,667,99.284
121.12,-42.979,614,88.309
116.37,-44.087,606,86.663
107.68,-44.476,642,91.179
119.66,-45.663,581,85.58
113.96,-42.604,587,86.085
115.13,-39.828,663,92.171
114.99,-38.153,729,94.462
114.96,-37.507,780,97.828
115.11,-35.334,825,100.94
115.33,-33.693,853,104.62
115.21,-32.077,874,103.63
115.76,-32.512,893,106.86
115.22,-32.682,898,107.03
115.48,-32.612,912,107.76
115.82,-31.651,918,108.23
118.57,-32.548,896,109.25
120.58,-34.839,857,108.57
121.24,-39.036,844,108.71
122.69,-40.796,766,101.31
123.93,-35.663,760,102.08
121.59,-30.789,752,106.72
116.14,-34.578,804,106.39
119.84,-31.537,881,110.8
119.05,-31.079,936,113.26
118.93,-32.133,996,117.86
118.88,-30.733,999,118.08
119.01,-31.235,1007,119.31
118.77,-31.826,1012,123.55
118.66,-30.6,1023,119.98
117.92,-30.757,989,118.75
116.83,-30.681,967,117.6
117.55,-29.795,949,116.12
118.65,-28.731,968,117.2
121.62,-30.814,939,115.11
123.12,-33.179,894,109.97
121.76,-36.895,888,108.29
123.25,-34.987,874,110.35
123.87,-26.863,848,109
129.61,-33.516,791,100.79
129.27,-38.749,820,103.75
125.6,-38.445,834,102.24
124.47,-42.454,864,110.23
121.17,-42.087,799,104.73
120.18,-38.183,822,108.55
128.08,-37.649,823,104.11
121.11,-45.251,771,103.48
118.44,-40.221,787,100.42
127.12,-34.93,823,108.38
134.62,-36.194,776,101.69
127.71,-42.825,759,99.863
126.27,-33.411,780,100.46
129.28,-21.281,786,103.25
135.81,-22.882,688,92.717
137.72,-34.516,686,94.719
128.02,-45.289,721,95.86
114.11,-36.304,715,97.787
120.6,-19.842,709,97.547
134.44,-22.567,751,105.95
137.08,-36.789,734,96.472
129.27,-47.977,754,103.6
130.99,-37.252,796,103.82
130.6,-40.301,776,98.887
124.43,-42.36,777,103.72
137.2,-26.456,733,95.356
138.14,-37.164,710,96.96
128.35,-44.496,745,98.291
120.23,-43.084,763,104.22
131.37,-34.101,774,99.631
120.56,-51.78,700,93.288
115.8,-37.63,720,94.123
121.46,-17.599,801,118.91
109.97,-5.6603,741,108.41
102.07,15.005,774,109.6
106.09,29.254,754,108.36
98.278,44.368,800,116.89
92.577,59.438,742,101.1
83.259,55.35,760,103.6
84.6,54.069,803,115.21
70.895,49.674,725,101.4
59.835,33.968,762,115.18
55.31,17.847,859,143.88
77.275,11.236,868,147.56
99.463,8.1892,836,129.38
119.09,3.7907,777,111.57
129.1,-9.2353,729,103.24
118.61,-8.3867,762,104.78
121.92,-17.802,775,110.9
127.66,-41.16,792,108.55
118.73,-44.444,823,110.5
117.81,-53.709,731,104.61
110.35,-53.339,757,113.62
97.33,-48.713,741,114.58
77.257,-40.027,697,102.37
71.038,-26.487,714,104.97
82.846,-6.6154,816,135.31
102.87,-16.662,811,126.09
116.97,-30.579,844,131.27
129.85,-36.597,823,123.79
130.8,-40.63,805,118.3
128.57,-39.397,756,100.33
122.07,-55.096,700,96.058
113.92,-42.816,700,101.85
136.36,-35.484,713,96.745
142.03,-33.012,660,93.048
140.66,-44.211,701,104.49
123.28,-46.199,743,100.46
120.98,-60.753,667,94.809
122.95,-46.295,724,99.367
112.56,-57.088,663,91.237
108.38,-48.237,647,92.089
113.79,-29.258,715,99.772
126.71,-16.278,729,105.51
140.49,-27.872,693,96.042
138.29,-40.995,681,96.166
130.72,-39.855,715,106.13
132.96,-43.959,717,103.92
137.31,-27.097,685,93.503
138.61,-41.009,685,96.075
127.71,-47.782,681,96.819
137.18,-27.578,658,89.517
126.03,-33.168,747,112.18
128.73,-38.646,732,98.465
138.55,-24.695,702,95.827
139.72,-38.329,596,91.734
129.05,-43.907,570,88.028
111.33,-47.548,700,98.664
92.908,-41.273,741,116.9
87.246,-44.81,717,114.45
83.215,-23.31,815,130.59
81.597,-0.4433,811,122.95
95.422,18.816,834,122.41
111.26,23.168,790,113.48
121.97,11.742,764,111.19
127.35,3.7804,777,113.81
129.9,-10.969,729,104.73
127.13,-26.882,754,111.23
139.94,-24.99,717,104.22
138.73,-36.984,651,92.271
125,-44.022,702,97.274
114.7,-28.7,716,101.77
124.91,-22.52,760,111.49
136.6,-33.96,729,97.307
138.8,-42.793,703,93.718
141.42,-40.832,752,105.91
135.01,-41.521,650,93.371
133.01,-38.546,657,91.196
124.92,-55.295,643,93.95
113.88,-58.537,642,90.551
114.19,-49.142,771,116.41
106.29,-43.278,774,112.34
115.63,-26.248,789,118.76
125.37,-10.997,751,111.21
136.07,-19.385,694,102.09
138.81,-34.597,639,92.56
139.44,-45.934,614,89.914
131.16,-47.735,598,90.062
133.86,-51.171,558,85.489
129.78,-47.051,614,90.426
130.82,-44.083,632,89.426
123.67,-37.215,755,114.64
131.34,-17.275,742,98.838
136.71,-18.52,749,108.16
143.19,-32.916,691,92.048
139,-26.977,717,98.771
132.71,-37.337,740,104.17
136.1,-35.269,762,105.51
131.27,-41.346,703,98.523
129.76,-50.942,698,98.729
118.56,-55.159,697,103.27
105,-59.133,650,95.86
102,-47.798,755,110.18
94.615,-27.881,763,102.48
94.125,-8.9485,877,132.75
94.447,0.6803,791,114.92
96.682,0.28398,759,102.69
110.92,11.822,798,117.85
112.2,17.619,849,131.46
104.02,27.058,838,136.55
84.327,39.119,818,116.99
72.883,49.044,789,126.1
64.39,32.441,812,123.27
56.009,12.098,834,124.18
70.346,-1.1122,857,127.68
73.135,-18.45,843,134.74
81.077,-34.376,801,120.53
100.21,-38.416,795,119.06
118,-40.05,804,111.52
133.93,-34.042,670,91.386
138.53,-33.477,589,86.622
128.42,-40.793,724,107.31
126.13,-42.362,695,96.579
125.49,-40.75,788,100.3
125.73,-41.143,853,104.59
125.66,-41.392,907,108.7
126.03,-41.244,938,110.94
126.86,-39.046,974,118.01
126.35,-39.7,979,115.67
126.55,-39.81,972,116.13
127.51,-39.606,951,118.42
127.37,-40.055,953,120.37
126.54,-40.643,946,116.04
128.76,-40.51,848,109.47
132.52,-36.915,825,105.97
132.79,-31.282,787,107.58
135.29,-30.948,721,97.316
136.27,-35.327,734,97.944
132.23,-39.466,791,103.23
130.19,-39.414,881,107.06
130.24,-38.092,940,110.03
130.46,-38.541,995,113.36
130.61,-37.824,1035,116.35
131.14,-37.266,1042,118.14
131.13,-38.016,1055,120.6
131.24,-37.207,1062,119.75
130.98,-36.442,1046,118.98
131.46,-35.352,1029,118.53
131.11,-36.628,1002,116.35
129.88,-38.511,939,112.21
127.4,-37.582,907,111.23
126.16,-39.542,924,109.43
131.2,-38.84,907,107.9
130.74,-40.119,920,110.93
134.12,-44.502,863,106.2
130.09,-43.599,859,107.17
127.93,-33.896,841,104.85
139.55,-32.23,831,105.45
138.58,-41.287,828,107.31
131.41,-47.75,829,112.35
124.97,-44.124,844,122.99
130.44,-34.388,847,118.05
137.98,-29.684,768,103.61
140.18,-36.482,749,101.14
140.33,-47.651,779,104.49
127.56,-52.248,771,101.47
121.56,-50.616,819,131.26
110.75,-52.328,860,148.57
100.78,-55.718,801,130.52
86.094,-45.351,820,134.75
71.005,-31.804,851,149.08
65.073,-7.6399,903,148.3
69.671,15.191,915,145.41
81.909,29.107,929,132.83
97.609,39.696,932,135.41
102.18,43.895,854,140.45
97.849,46.581,899,165.49
83.056,50.741,770,128.37
75.652,52.43,748,118.29
71.193,42.381,863,155.82
62.518,19.762,839,140.97
67.431,-2.6646,848,131.27
83.266,-8.2692,776,110.47
101.61,-2.6014,759,99.614
116.18,2.1374,757,107.48
125.5,-11.564,781,116.6
140.58,-23.181,802,114.78
144.47,-33.82,716,101.43
140.09,-36.319,790,111.06
131.49,-36.251,870,139.54
137.95,-34.121,766,117.26
141.07,-30.456,692,93.61
146.74,-34.015,679,91.593
133.39,-46.867,716,99.168
141.68,-41.418,764,107.52
141.27,-37.282,704,94.462
138.02,-49.239,720,98.234
141.04,-37.595,730,98.796
132.26,-51.559,688,95.107
135.67,-50.043,697,97.348
133.49,-44.928,754,104.61
127.31,-55.666,699,94.396
116.54,-55.364,699,97.026
103.47,-59.929,674,95.91
119.77,-53.574,720,107.49
129.19,-38.482,770,109.92
136.34,-29.726,824,126.22
135.35,-44.577,768,116.56
146.26,-40.009,737,100.78
138.63,-27.374,736,102.48
149.22,-34.061,677,93.205
143.9,-44.707,695,96.29
139.49,-48.475,681,95.314
130.66,-49.66,667,94.529
120.94,-44.668,734,112.76
130.54,-21.862,736,104.97
134.56,-5.5693,689,94.272
125.4,-7.609,765,114.38
102.64,-3.2513,822,126.57
93.784,-13.526,987,168.99
106.92,-22.638,917,159.86
115.49,-40.786,909,151.49
129.54,-41.951,815,119.79
128.42,-44.753,814,130.75
120.21,-45.503,803,119.58
108.44,-53.508,774,115.79
104.28,-49.823,735,107.12
112.64,-37.711,662,95.703
131.72,-37.972,774,106.87
145.02,-42.582,796,108.66
145.45,-48.009,704,93.891
141.7,-47.058,730,98.986
142.3,-28.17,653,90.757
134.33,-32.07,780,121.32
142.97,-46.882,719,100.71
143.86,-44.678,711,98.151
138.83,-42.274,743,99.772
130.61,-51.736,702,96.554
122.11,-56.122,643,93.006
110.5,-55.764,710,111.47
120.45,-42.923,781,122.86
140.46,-48.024,767,101.91
140.59,-48.874,717,102.38
137.68,-53.322,612,90.336
128.46,-50.948,676,95.306
126.88,-28.624,722,108.6
129.44,-15.784,716,106.6
111.91,-2.3738,782,117.59
92.544,12.2,851,132.34
74.395,18.109,879,134.43
58.443,26.191,851,121.81
38.732,23.92,806,110.7
19.467,24.566,793,107.24
13.017,25.981,845,129.16
8.0928,17.555,718,98.969
15.119,1.0823,705,98.911
27.962,3.4443,755,111.55
35.098,-5.3145,702,108.27
48.084,-6.3479,685,108.76
62.736,-20.222,738,114.59
81.42,-33.031,688,96.53
84.072,-39.169,771,120.56
74.699,-36.409,718,112.08
89.858,-22.809,701,98.109
112.51,-23.344,711,103.21
132.28,-25.652,788,111.09
146.63,-36.859,732,99.697
149.05,-48.599,692,98.324
141.41,-55.061,707,105.15
137.63,-52.715,717,98.266
129.14,-54.605,703,100.73
122.03,-57.176,669,96.033
118.28,-57.333,758,122.95
138.34,-50.004,738,117.35
148.09,-46.783,602,89.897
147.42,-47.489,600,92.006
135.46,-53.039,482,79.675
132.13,-47.219,351,65.839
139.33,-39.006,325,66.178
138.54,-40.049,281,63.797
134.94,-41.295,277,61.919
134.59,-40.16,278,61.439
133.7,-42.325,310,64.888
132.54,-42.978,394,74.44
126.17,-43.645,539,99.714
120.08,-51.133,508,86.796
126.8,-50.201,565,100.76
121.26,-45.821,641,121.95
111.93,-38.531,617,118.14
100.91,-37.696,648,123.86
88.197,-37.51,703,138.99
75.102,-36.636,707,133.18
63.354,-27.947,665,116.83
53.827,-17.082,634,108.15
39.379,-9.193,631,116.29
20.204,-1.0652,651,108.68
9.7819,15.494,623,95.041
13.194,31.795,676,98.316
27.836,37.129,626,89.492
46.272,28.842,699,98.308
65.991,33.511,737,100.85
84.459,24.505,757,111.62
98.578,32.62,724,102.6
111.49,24.669,676,97.498
117.78,9.7438,656,92.998
123.87,11.431,643,96.654
114.79,2.6724,658,100.33
112.76,7.4673,708,107.31
114,5.672,728,103.54
114.55,5.5331,804,110.48
115.09,5.3818,836,112.09
115.31,4.8798,842,113.78
115.3,4.8608,837,115.12
115.26,4.2564,848,115.01
114.94,4.1594,846,115.64
114.26,3.0458,841,116.42
113.38,4.9162,861,117.13
112,3.2029,873,119.16
109.31,3.0282,921,124.47
104.96,3.8254,908,120.98
108.28,-1.3813,796,108.69
114.68,-1.422,765,102.58
121.6,2.514,712,98.382
124.81,-3.6656,725,102.95
117.11,-2.1919,802,107.04
118.42,-2.8486,908,112.25
118.58,-2.7529,950,114.13
118.18,-2.8748,986,117.52
117.51,-3.8711,1027,120.53
117.02,-3.9903,1037,122.79
116.53,-3.3395,1068,124.27
116.36,-4.2841,1072,125.14
115.94,-4.1867,1075,125.79
115.69,-3.2747,1050,125.58
116.24,-3.6331,1033,124.09
117.6,-3.7985,1035,126.26
117.26,-1.4166,974,123.52
113.92,-0.76939,932,119.22
119.31,-2.8791,937,119.87
125.69,-4.2696,874,109.95
118.87,-3.4796,880,114.72
122.62,3.1438,852,105.65
124.3,2.9982,800,101.7
124.71,-5.9247,866,110.59
119.17,-8.6482,861,119.21
127.54,-17.9,949,133.69
136.15,-27.358,933,126.59
145.63,-36.325,898,122.61
145.54,-42.035,815,108.91
145.1,-38.437,807,107.07
146.33,-44.849,782,109.63
142.86,-56.163,696,97.076
145.13,-42.455,748,105.65
149.31,-37.56,729,96.472
149.85,-41.332,730,101.13
135.88,-24.101,736,100.95
124.36,-4.6963,815,108.36
112.08,13.352,831,112.51
97.566,30.106,850,111.63
80.864,46.308,862,119.43
72.341,51.786,742,107.05
86.12,57.473,752,102.44
90.626,56.19,716,107.59
83.066,50.148,733,106.13
84.055,45.191,741,106.88
84.111,26.448,808,117.42
90.806,9.3012,848,120.72
80.413,-6.3554,858,128.17
67.979,-16.202,899,155.06
63.629,-23.152,864,143.08
46.941,-19.684,884,161.6
31.247,-14.2,822,144.41
16.778,-2.6893,800,144.14
10.635,10.757,761,127.08
21.499,24.855,804,119
40.786,28.896,839,122.97
58.679,34.125,806,127.63
75.407,42.574,791,114.1
87.929,48.421,759,108.02
99.609,40.124,735,103.69
111.07,27.936,740,108.62
121.08,17.239,680,98.639
126.83,1.0759,702,100.03
127.29,0.094407,846,136.26
142.95,-14.936,782,117.85
147.12,-32.598,731,107.06
150.34,-40.564,792,124.57
142.42,-47.648,748,106.57
145.33,-44.716,714,97.572
130.97,-50.146,720,97.506
142.5,-49.307,803,117.56
141.26,-50.351,736,103.83
136.19,-54.661,675,98.383
141.21,-48.892,743,103.67
136.27,-61.194,693,101.62
118.36,-62.264,673,99.656
112.88,-59.604,733,115.85
115.48,-43.968,788,121.5
106.2,-38.182,798,121.2
84.261,-36.554,780,112.97
68.959,-33.401,710,97.052
67.814,-28.448,701,100.54
73.638,-11.539,818,126.29
89.078,-16.364,895,145.95
105.51,-27.415,877,144.24
124.22,-26.234,878,133.56
137.27,-14.899,792,110.9
144.53,-24.345,815,118.12
151.75,-38.372,731,104.13
149.35,-48.777,737,105.54
145.3,-34.018,759,105.45
139.92,-46.067,791,117.41
136.6,-54.876,722,101.18
143.06,-51.467,677,93.842
146.98,-51.909,721,97.605
138.88,-57.401,620,88.458
142.79,-42.546,613,89.666
152.18,-38.803,698,97.762
155.2,-51.444,594,86.912
154.2,-55.302,530,80.916
136.48,-52.641,664,92.378
122.65,-64.73,707,104.15
118.91,-53.361,718,101.26
96.735,-54.886,726,105.63
79.282,-42.793,719,101.62
69.214,-26.822,752,104.92
58.473,-14.061,780,111.38
45.993,6.9515,780,115.34
25.802,12.429,826,118.64
16.931,26.091,826,117.88
26.287,33.979,793,114.53
28.128,36.275,746,105.35
35.189,32.504,781,123.76
54.793,37.895,743,119.49
79.948,40.357,795,108.68
97.701,33.822,862,126.37
111.86,21.268,727,100.14
117.78,16.643,753,105.21
128.03,-3.1963,732,101.39
139.63,-18.506,731,103.63
145.69,-32.365,685,94.71
139.74,-41.663,739,103.93
124.51,-29.745,755,116.08
114.97,-20.425,713,100.93
106.74,-4.2513,772,114.73
100.62,0.76679,726,101.63
98.459,10.803,763,115.4
117.1,14.015,718,101.85
128.31,1.6155,665,92.097
132.67,-5.8223,674,100.32
125.29,-1.1658,530,83.736
114.56,-3.7709,640,98.358
115.29,-5.7231,684,93.916
106.49,3.6757,773,121.29
119.69,12.606,702,99.54
119.68,8.8064,732,108.98
121.83,12.497,800,134.42
108.86,32.424,785,126.68
95.812,46.613,772,118.82
83.713,57.008,745,106.86
79.78,51.141,722,107.07
85.279,49.795,773,114.73
87.984,34.503,819,127.21
84.294,13.083,830,133.23
75.723,-5.4651,866,139.57
71.475,-22.013,875,142.57
76.684,-34.318,822,132.25
91.087,-44.256,828,123.74
98.927,-53.794,821,126.81
112.99,-60.361,706,99.342
118.41,-54.556,747,113.14
125.98,-53.176,732,102.45
137.2,-52.361,755,107.26
130.84,-52.891,717,105.15
125.26,-66.174,662,92.056
122.46,-61.531,676,96.033
137.17,-58.523,689,99.16
134.98,-65.812,670,96.927
127.35,-66.615,659,93.387
128.66,-55.676,766,115.96
147.5,-38.624,714,103.55
136.1,-25.413,719,101.04
118.6,-8.4186,779,107.38
101.18,0.092857,810,119.02
77.437,4.242,802,112.95
55.221,-2.6246,793,113.97
41.134,-15.357,777,125.2
34.105,-16.356,798,141.97
22.503,-12.732,733,130.75
8.1618,1.5796,700,115.46
6.5648,22.182,672,100.82
26.084,33.546,672,96.092
44.875,35.718,693,99.937
67.544,42.99,725,105.1
85.387,51.653,767,111.81
99.802,47.046,721,101.72
108.17,30.521,719,104.16
120.32,15.689,691,103.85
132.36,0.84622,711,105.51
128.23,-0.59153,727,110.77
117.17,3.7023,721,103.45
120.81,-21.863,722,107.27
139.75,-33.919,732,100.11
149.84,-37.748,743,104.52
149.46,-53.202,702,99.565
147.13,-42.848,697,99.383
147.95,-55.535,681,93.487
147.52,-42.113,701,100.57
140.45,-50.778,690,98.953
128.57,-62.096,709,102.61
120.53,-69.013,648,96.703
122.38,-71.672,647,96.629
130.1,-64.498,653,100.22
112.97,-68.284,646,98.44
98.296,-53.277,713,107.35
84.054,-38.034,744,112.13
84.51,-24.34,794,128.44
79.564,-9.4099,845,138.05
93.865,-19.453,792,120.84
109.99,-34.941,798,117.13
124.22,-45.994,755,111.54
139.67,-40.863,777,115.24
144.32,-47.815,731,99.689
147.43,-41.114,736,100.55
148.21,-47.955,695,98.763
145.86,-53.448,716,103.59
153.04,-37.506,686,98.597
147.67,-44.987,793,119.28
149.7,-37.606,738,109.97
149.98,-48.576,758,115.45
142.47,-61.391,698,97.142
128.82,-60.42,770,111.35
110.2,-63.542,753,112.77
96.873,-53.649,768,118.62
76.443,-38.495,748,106.93
61.679,-23.375,756,111.12
44.916,-15.803,715,102.4
25.01,-7.2161,731,102.4
6.8321,1.7426,704,102.29
7.4647,19.509,730,104.71
19.936,35.102,694,98.068
36.621,35.024,763,110.27
58.788,36.919,731,108.42
84.472,42.474,762,104.2
98.225,46.467,769,117.21
109.33,32.218,683,98.3
119.24,20.148,673,94.371
128.76,7.1788,694,99.821
138.38,-10.466,730,106.36
142.4,-27.553,743,107.19
147.4,-35.658,808,124.89
146.49,-53.245,671,92.659
142.45,-44.695,729,97.001
134.94,-60.281,746,107.71
125.92,-49.508,812,125.66
120.14,-27.863,847,134.44
116.84,-8.102,832,131.75
108.65,11.071,818,122.38
107.24,30.893,858,129.94
100.27,49.06,815,121.97
90.799,54.358,791,119.11
76.041,42.73,793,112.94
58.421,29.355,816,123.21
50.086,6.3001,846,130.97
41.704,-6.6086,828,134.46
48.801,-19.956,785,129.06
65.256,-28.757,762,116.79
68.101,-36.452,715,104.27
71.929,-39.416,702,108.3
87.936,-40.596,653,95.479
99.436,-49.916,637,88.979
94.908,-46.69,652,95.984
95.012,-47.44,716,97.696
95.202,-45.057,771,103.13
95.782,-45.187,807,109.01
96.562,-43.742,800,108.35
97.353,-43.164,826,109.64
97.54,-44.4,850,111.34
98.559,-45.507,870,110.58
99.111,-46.035,883,114.74
98.121,-45.043,887,111.86
98.671,-48.081,897,112.41
97.958,-47.463,886,113.23
97.769,-48.692,869,110.63
97.561,-47.678,857,110.65
98.241,-49.129,834,106.76
99.079,-47.587,822,106.39
98.311,-47.397,849,109.56
96.744,-46.327,868,111.88
95.625,-45.918,807,105.64
92.853,-49.396,792,107.84
96.56,-52.588,743,99.913
103.41,-56.202,706,96.993
109.97,-59.453,693,95.753
116.55,-58.02,716,98.597
109.74,-55.218,720,96.762
108.08,-57.456,807,104.42
106.88,-54.988,870,107.62
106.29,-54.057,930,112.34
106.11,-52.728,985,117.17
105.95,-53.591,1013,120.96
105.53,-51.746,1035,120.37
105.71,-51.686,1058,124.43
105.55,-51.705,1068,123.38
105.79,-50.917,1075,124.59
105.87,-51.882,1063,124.03
105.79,-51.639,1047,125.71
105.33,-49.845,989,118.59
105,-46.421,954,115.23
105.47,-49.321,928,117.94
105.3,-48.351,919,122.41
102.04,-47.912,899,110.9
108.91,-54.475,880,107.45
116.18,-59.466,902,111.92
125.86,-60.492,931,120.46
126.25,-63.893,957,136.01
118.88,-64.544,895,122.01
112.02,-57.156,888,120.97
104.95,-58.675,891,125.25
104.59,-58.833,919,128.18
101.23,-59.49,819,112.43
101.62,-54.987,779,109.17
113.01,-48.857,822,114.46
128.69,-55.636,835,116.3
142.17,-56.433,851,115.52
143.19,-61.062,696,98.771
141.39,-61.924,691,97.721
138.84,-61.819,676,97.133
127.45,-62.806,754,103.84
112.24,-53.797,825,121.66
106.37,-54.205,868,130.04
102.13,-48.697,857,121.31
101.63,-43.895,885,136.3
92.794,-27.206,919,141.59
90.301,-8.1016,906,141.54
97.76,9.1621,896,136.79
111.69,18.204,889,128.28
117.84,19.533,913,137.74
123.19,15.904,909,145.42
133.85,-0.79117,927,150.47
143.91,-15.502,819,127.58
145.53,-28.058,842,122.41
153.93,-42.019,762,108.27
144.88,-55.458,744,105.08
146.9,-45.831,796,115
143.54,-42.326,784,115
148.41,-29.335,736,97.588
145.92,-33.702,729,101.98
137.28,-34.567,857,136.14
143.31,-53.6,833,133.02
134.99,-67.748,757,116.21
118.33,-64.07,840,128.93
99.067,-55.08,821,120.95
81.506,-43.084,798,112.86
63.156,-30.486,837,128.56
45.353,-14.734,826,115.89
27.326,-6.4018,818,112.67
9.4873,4.2292,796,112.94
6.1634,19.183,759,109.73
22.302,32.982,769,104.39
43.005,32.22,781,109.57
63.81,25.905,858,136.33
84.746,37.634,885,136.34
105.35,40.582,815,117.82
113.71,29.676,804,118.89
125.39,12.365,768,109.57
137.41,-2.211,793,116.31
145.12,-16.454,771,109.22
142.51,-18.396,762,107.08
149.91,-29.267,789,113.58
152.34,-48.078,759,106.95
153.6,-44.621,770,109.96
148.37,-30.393,721,103.2
143.89,-36.909,713,99.4
137.21,-56.44,820,125.06
128.14,-69.685,742,106.11
110.17,-65.852,767,111.05
92.205,-51.231,763,107.39
75.476,-39.559,782,115.14
60.324,-26.095,813,112.43
43.663,-11.056,820,130.56
31.473,1.2797,865,142.69
14.477,0.66671,823,127.13
8.7276,17.843,767,116.25
17.396,31.772,708,100.6
35.89,36.612,727,104.25
52.15,32.22,783,107.31
66.923,44.227,756,111.07
86.657,54.321,771,102.91
94.744,53.47,804,109.48
104.38,44.01,756,112.91
114.81,31.666,746,114.22
125.49,13.418,768,110.31
137.71,-6.7359,747,110.14
145.55,-26.778,766,107.17
143.71,-35.758,797,114.49
145.93,-52.055,742,104.58
145.92,-47.695,679,104.47
145.95,-58.133,546,85.745
142.6,-57.477,337,66.385
144.81,-57.338,274,59.628
146.02,-59.639,269,58.429
146.59,-60.364,283,61.679
147.99,-58.221,290,61.34
144.3,-53.218,360,69.668
148.14,-54.838,394,68.618
146.81,-55.991,505,83.637
154.36,-49.135,590,85.58
148.71,-33.158,662,97.348
146.79,-25.941,649,91.824
151.47,-42.66,623,90.079
149.66,-52.958,629,88.111
145.67,-63.531,642,92.833
147.16,-48.788,644,93.107
141.62,-60.784,651,93.784
148.7,-48.154,665,98.614
155.52,-57.695,629,89.037
142.47,-57.701,623,88.5
152.23,-40.55,661,93.635
133.67,-29.113,671,95.603
116.01,-10.284,732,102.53
96.565,4.8388,764,109.89
78.519,18.947,788,108.2
69.144,32.793,813,113.96
70.309,46.195,808,120.91
83.246,57.044,744,100.68
87.464,56.608,680,96.48
95.066,52.283,671,91.675
103.42,43.164,616,91.188
117.14,29.764,659,96.422
125.26,18.756,693,99.35
124.09,10.137,740,107.64
138.76,-10.032,707,100.46
148.98,-24.121,697,95.356
137.57,-38.347,718,97.605
141.96,-52.672,796,109.8
149.62,-53.459,747,105.84
142.19,-65.831,698,102.21
127.81,-73.009,688,96.927
112.48,-66.292,720,100.63
93.962,-54.966,700,104.42
77.517,-44.998,691,104.16
65.789,-34.127,732,110.05
49.524,-25.917,707,103.87
29.984,-12.14,715,107.32
12.647,1.4116,704,103.98
8.593,9.5909,722,106.66
11.424,29.311,699,103.36
34.113,38.12,700,99.399
56.318,33.199,752,103.14
74.888,39.911,762,108.65
91.583,48.97,774,115.82
104.95,45.06,712,103.56
114.45,32.084,685,96.886
124.41,14.707,672,94.338
134.31,-3.837,713,100.5
145.5,-19.92,716,99.739
153.13,-37.023,703,99.267
150.09,-51.681,742,102.12
143.3,-50.995,774,104.9
133.63,-57.774,732,108.92
