0,-0,140,41.409
0.53456,0.091699,148,43.642
1.3505,0.72315,145,41.5
1.8595,1.1224,147,43.278
1.8546,2.4166,155,42.972
2.2341,1.3432,149,43.559
1.5744,1.641,158,46.28
1.7454,2.2192,159,46.255
1.6525,2.1056,161,46.462
-2.1024,1.8448,150,43.708
1.7513,1.974,154,43.46
1.8097,2.013,154,43.435
1.9225,2.0714,158,45.395
2.8547,1.6353,188,50.2
2.7752,1.5823,184,50.308
2.6791,1.3839,176,48.976
1.7762,1.0238,168,48.439
0.75771,1.4267,152,44.974
0.92352,1.5714,157,45.238
2.0715,1.7702,166,46.743
2.1724,1.8367,147,42.79
2.2475,2.1352,149,45.519
1.2065,1.2721,147,43.179
0.46213,0.76567,139,44.411
0.81652,0.68337,134,42.997
1.2867,2.0117,134,40.441
0.95513,3.2585,131,39.68
1.0437,3.917,136,42.674
1.7915,4.0136,147,47.678
1.2676,2.7105,151,43.071
1.8089,1.5523,157,43.832
1.6178,1.1128,157,44.965
1.3949,0.55232,157,44.312
1.3143,0.27143,160,44.957
2.3233,0.75155,161,45.437
2.0207,2.4112,156,44.113
1.8152,0.73066,157,44.849
1.1972,-0.1115,164,45.445
1.4566,0.58425,156,44.775
0.89723,0.77374,173,49.646
0.93736,0.94322,156,43.559
0.6369,0.64149,157,44.866
0.32679,0.53393,160,46.016
0.28304,0.55893,160,46.214
0.27086,0.6438,152,44.196
0.30974,0.66234,154,45.908
0.099812,0.80169,152,45.147
0.072928,0.95414,162,47.107
-0.07007,0.54689,163,47.686
-0.43571,0.29264,165,48.513
-0.52056,0.0077922,165,47.686
0.30321,0.2361,167,47.976
0.82417,0.0085543,167,45.238
0.75796,-0.35895,158,42.881
0.030952,-0.24857,150,42.98
-0.55714,0.39286,140,43.559
-1.2288,0.47488,145,44.229
0.16569,1.5433,142,45.974
1.0432,1.4082,147,45.999
1.8156,1.5586,156,43.278
1.433,1.5089,160,45.494
1.8002,1.0864,167,47.033
0.67892,1.4922,164,47.86
0.52205,0.6087,161,45.056
0.56797,0.14812,163,46.917
0.55899,0.13434,151,44.965
0.40187,-0.24736,149,46.363
0.85519,0.37562,143,41.665
0.87387,0.17417,146,41.409
1.2253,0.1388,141,42.633
0.75688,0.21587,135,39.416
0.088229,-0.034205,142,42.608
-0.61334,-0.46354,143,45.792
-0.064286,-1.1429,140,42.327
0.43996,0.11197,148,42.997
0.91172,0.89835,156,43.65
1.8146,2.2884,159,44.287
3.0753,1.419,164,44.312
1.9279,1.2805,165,44.295
0.095611,1.4329,166,49.249
0.75807,1.559,161,46.809
1.7833,2.255,158,46.454
1.7767,2.2236,161,45.511
1.143,1.8555,169,46.528
1.237,1.8139,165,46.859
1.0917,0.77381,168,45.974
0.675,1.0179,168,47.099
0.59762,0.94643,168,48.141
0.62738,1.0179,168,45.883
0.67072,0.77611,171,46.363
0.69802,1.0775,166,45.056
0.61723,0.68908,170,47.653
0.43095,0.86453,174,51.549
-0.010995,1.004,178,49.365
-0.0084416,1.1623,176,52.748
0.2168,0.94573,179,47.223
-0.09547,0.089721,164,45.718
0.61614,-0.36067,162,43.824
1.8754,1.1023,162,44.204
1.7585,2.531,173,46.578
1.3811,2.3858,167,44.014
0.87749,2.1941,159,45.329
0.61368,2.7762,166,45.329
1.4655,2.6446,164,45.519
1.5845,1.7961,178,48.422
0.29634,1.2573,156,44.386
0.72108,1.4603,162,46.553
1.2281,1.4449,166,46.09
1.6114,0.78162,157,45.04
0.69881,-0.30952,168,45.883
0.9461,-0.40016,176,48.174
1.6004,0.040355,177,48.34
2.0476,-0.43968,180,48.786
0.95615,-1.1146,172,48.794
0.9559,-1.3268,167,48.24
0.91813,-1.1209,169,50.159
1.1248,-1.289,172,46.528
1.2589,-1.8634,184,49.274
-0.034531,-1.2156,169,48.158
-0.53201,-1.6508,162,46.752
0.50951,-1.0273,157,44.775
1.1539,0.29221,154,43.369
1.1016,2.3052,169,47.107
1.5729,4.2381,162,46.247
2.5362,4.3901,171,45.858
2.0702,4.3244,170,46.801
3.6908,4.4923,177,46.809
2.7176,3.3448,150,44.014
1.4482,1.8618,155,46.801
2.2254,0.87682,167,47.653
2.6199,-0.15584,187,48.645
0.90143,-0.32571,175,50.382
1.0684,2.5246,171,50.175
2.5741,3.229,184,49.448
2.5363,1.5041,193,49.687
1.1279,2.129,165,45.883
1.3801,3.3458,164,49.522
1.9827,3.6232,174,47.645
2.1643,1.6741,185,50.498
1.483,0.75893,160,46.065
1.2074,0.31993,167,49.158
1.5057,1.3013,174,50.357
1.8654,0.47592,178,47.843
2.0333,1.086,171,48.621
2.1295,0.30738,178,50.01
1.8921,0.26032,180,48.141
2.1274,0.62171,179,49.547
1.8043,0.26286,175,47.471
1.8721,0.70317,167,46.9
1.6538,1.0424,172,47.272
1.64,1.6602,169,47.016
1.6902,1.843,162,49.456
1.6028,2.1366,161,48.877
1.6505,2.1163,167,50.97
1.3018,1.6152,160,46.156
1.6214,1.5071,140,43.824
1.5797,1.4407,130,39.151
2.1532,0.15079,126,38.018
3.5125,1.557,139,40.086
3.2967,4.0175,139,41.781
3.4504,2.2722,137,39.515
2.6233,1.7996,149,46.371
1.9596,1.5537,169,50.283
1.3935,2.2849,178,49.191
0.95073,1.9556,177,54.807
1.267,-0.086325,187,49.811
2.3567,-0.92857,184,49.646
0.86699,0.38224,185,50.845
1.7357,0.56,175,50.448
2.4386,1.6286,175,50.473
1.162,1.2135,176,50.109
0.72104,0.68494,185,55.08
2.3164,0.56101,192,48.885
2.0587,0.25476,180,50.953
1.2193,-0.77249,189,50.308
1.4406,-0.82742,173,46.801
2.5459,1.2783,174,47.479
3.9865,1.4452,198,49.944
3.5924,1.8683,192,54.261
2.8747,1.1604,163,45.304
2.4408,1.0832,170,52.086
1.886,-0.37037,189,50.382
2.3297,-0.3448,191,52.086
2.9328,-0.020963,184,53.12
3.4236,-0.071429,182,49.82
3.0764,-0.058629,173,48.124
3.0775,-0.53701,166,47.496
2.1037,-0.095238,165,47.703
1.2239,-0.80124,161,47.107
1.0878,-1.658,170,48.513
0.78258,-1.7944,164,48.811
2.6682,-2.1687,177,47.041
3.898,-0.76012,187,51.226
3.583,0.038462,182,54.071
3.8862,0.16655,205,51.416
3.4326,0.94329,199,49.183
2.5584,2.1695,204,53.864
3.3862,2.7555,201,54.807
3.7973,3.0007,212,61.473
4.1564,3.4783,204,57.205
4.7691,3.3492,207,54.063
3.9623,2.3684,197,49.555
2.7249,2.3547,203,55.038
2.7162,2.5019,187,54.509
3.3449,2.8456,186,50.49
2.3793,3.042,187,50.192
2.448,3.3367,196,52.896
3.1505,3.3492,189,51.837
4.3247,2.7088,182,45.701
4.2204,1.6182,171,48.695
4.6602,1.6177,173,49.771
3.7073,3.8046,193,50.018
4.6272,4.475,197,50.283
6.2157,5.2559,206,51.234
5.0332,3.6327,212,52.632
4.6761,4.0273,204,56.048
4.3505,4.2611,203,52.342
4.0578,4.4682,184,49.456
4.7241,4.079,199,53.492
4.6267,3.2503,218,56.858
4.6833,2.9286,210,52.896
4.5121,2.9584,230,56.568
4.5886,2.612,222,53.756
4.5756,2.4582,212,55.477
4.3749,2.3695,208,56.701
4.11,1.6033,188,51.441
3.9245,1.1902,181,50.953
3.8071,1.4912,187,55.27
3.8316,2.0844,193,60.538
3.6339,1.4627,184,55.444
3.2364,1.7339,197,53.583
2.177,2.0159,189,49.621
1.481,2.4558,173,53.228
2.2781,1.9637,181,48.422
2.183,2.1089,160,45.304
2.2455,3.4839,160,46.735
3.7397,4.1052,163,46.255
4.738,2.7135,190,49.158
3.7164,1.5448,188,52.665
1.6519,1.7905,178,50.382
1.0863,1.498,177,55.551
0.95857,-0.017143,175,47.843
1.3476,1.3103,180,49.133
1.7973,3.1593,182,52.896
2.8779,3.3669,176,46.437
3.5921,5.577,180,49.638
4.2296,4.9081,202,50.118
4.0234,2.8201,193,50.911
3.1519,1.3355,178,48.621
1.7535,1.5931,185,53.93
2.5875,2.4112,181,54.575
2.4871,1.2236,184,50.961
2.0574,2.899,174,50.804
3.3107,4.9867,183,50.357
3.6214,3.9947,189,48.695
3.5143,2.461,172,48.513
3.5839,3.2828,194,52.061
1.6284,1.5497,184,51.598
3.1715,0.99411,194,53.111
3.4841,1.5495,182,51.904
2.3941,2.2123,181,56.511
2.066,0.82283,179,48.513
2.27,-0.23317,174,47.959
2.8119,-1.0417,168,47.38
3.1937,-1.0605,163,45.511
2.5491,-0.32731,158,44.949
2.2137,-0.42224,158,45.701
3.8302,0.14029,167,46.032
2.8231,0.96555,170,51.995
2.5764,-1.5391,181,53.699
3.7276,0.011219,191,50.936
2.4678,1.7523,199,55.311
2.7548,0.81429,210,54.046
4.7693,1.1118,198,49.985
3.6406,2.1252,186,51.234
2.3602,1.1472,198,55.915
3.3343,-0.078571,200,48.926
3.7159,0.20584,186,49.175
2.2513,-1.0762,193,54.013
3.6169,-0.60752,190,50.291
3.7694,1.3304,195,57.619
2.1493,1.3714,200,56.866
2.9017,0.56669,211,53.384
3.4929,0.042857,210,52.334
2.2817,1.7704,201,57.718
0.95179,1.8318,192,52.566
1.9328,0.4736,184,49.828
3.8494,1.2842,188,47.198
3.252,2.8227,203,54.79
1.713,3.3201,195,58.148
3.6515,2.5126,204,58.272
4.2143,3.7714,200,53.93
4.6116,4.6798,203,49.431
4.1797,2.7888,207,53.938
2.3785,3.0283,197,51.631
1.8987,3.7166,186,49.464
3.2402,3.3843,187,48.397
3.0075,2.8525,185,50.473
3.594,2.7527,182,48.356
4.406,1.6035,187,50.564
4.4271,0.58857,175,49.39
5.0867,0.35831,183,51.912
4.3893,-0.24922,184,49.737
2.4671,0.48,175,50.357
1.2219,2.5093,177,49.042
1.9986,3.48,175,46.801
2.9291,3.6813,182,54.046
3.7703,3.0835,166,46.669
4.151,0.97143,150,46.247
4.2143,-1.4,140,42.253
2.7063,-1.7184,138,40.995
3.2244,-1.3365,163,47.959
3.214,-2.2646,189,49.067
1.7169,1.6556,190,56.287
1.8244,3.3365,183,51.697
2.2258,5.0275,182,47.132
3.6075,5.6741,185,49.365
3.0412,3.9099,195,51.234
3.5057,4.6739,205,55.278
3.8993,3.8664,200,54.856
4.6386,3.4512,183,51.143
3.1736,2.0276,171,46.743
3.329,1.442,170,48.025
2.8656,2.4828,158,45.999
3.3801,2.9861,164,44.891
3.8976,2.2781,150,43.642
3.5385,2.5069,155,44.75
3.1783,3.667,157,45.428
3.7252,3.9904,179,50.308
1.5485,4.7346,190,55.551
2.1104,4.511,182,50.911
3.2428,5.851,186,48.53
4.6852,3.6336,177,45.974
4.0475,1.7564,173,46.834
1.9497,1.2535,151,44.171
0.6887,1.5947,172,49.431
0.63507,2.9759,178,51.234
2.8537,2.9346,179,46.9
2.9288,2.3816,158,46.9
3.7643,2.9418,189,53.103
4.5555,3.1264,182,52.739
5.3264,2.312,185,50.961
5.6161,2.5185,189,51.581
4.6252,1.9832,187,50.663
4.0869,2.7865,186,52.185
3.4769,2.9105,174,50.217
2.7288,3.0152,169,47.173
1.8754,3.8814,171,49.431
2.8819,6.1126,170,46.933
1.9207,6.1022,179,48.968
5.2233,7.0796,183,47.752
5.9495,4.5397,189,47.752
6.2934,2.1179,172,46.644
4.5066,1.7248,163,45.147
3.3901,1.623,155,47.041
2.3341,2.7982,172,46.859
3.1153,4.3693,188,49.39
4.9193,6.2464,200,49.166
5.4113,5.2008,170,51.615
6.3229,4.8452,179,51.68
6.8766,3.4698,187,49.158
5.5409,2.0236,188,48.687
4.6313,1.5342,188,50.167
4.234,3.3745,198,50.564
4.7301,2.7129,205,56.478
4.4693,2.6464,200,48.67
4.0994,2.4544,188,48.604
4.0016,2.2324,177,51.234
3.3552,1.7273,154,50.879
3.011,1.5448,150,44.585
2.9563,2.2867,151,46.156
3.0704,2.0408,147,49.845
3.6198,1.8836,173,51.697
3.4637,1.79,183,53.765
2.6238,2.4535,178,52.342
3.1541,3.6166,177,50.092
3.798,1.8467,178,48.695
3.4393,0.67768,160,44.651
1.8432,1.9267,152,45.304
2.1893,3.8027,160,46.437
3.5256,3.4351,176,47.496
3.7357,1.7771,175,46.743
3.1878,0.95966,170,46.272
3.5829,-0.17469,193,51.052
2.7943,0.46643,200,54.129
2.2053,1.1509,195,54.186
3.4793,1.722,186,50.564
3.6828,1.5334,184,49.34
4.3552,1.2532,176,45.784
4.2349,1.9885,187,48.959
4.4827,2.8071,174,47.107
4.7315,2.7244,183,47.686
5.0143,2.316,184,48.24
4.7856,2.5555,188,49.018
5.113,2.1714,195,50.407
4.5117,2.2879,194,49.439
5.2804,3.1475,217,53.45
4.7218,0.56671,212,54.625
2.3705,0.20355,193,52.069
4.0078,-0.3664,193,49.274
5.2566,2.1817,195,50.093
5.431,3.0899,189,51.052
5.8494,2.4597,188,48.397
5.2051,3.1521,186,48.72
3.2334,1.4786,194,50.845
2.7005,0.70441,188,52.094
2.1284,-1.3927,195,56.419
2.7795,-0.047861,197,58.057
2.6865,1.127,180,49.737
3.2972,1.793,167,44.386
4.8231,3.7832,170,45.42
5.2389,4.2946,177,48.695
4.0143,4.1825,180,47.198
2.7817,4.2051,172,44.659
4.1796,3.1561,183,48.844
5.1665,2.4932,179,49.646
5.5947,2.8931,171,44.386
4.7224,5.3096,191,50.97
5.6828,5.8927,221,54.294
6.2846,4.8836,221,55.708
7.1535,0.34981,185,48.067
5.3885,-1.6897,157,42.79
5.2401,-1.0493,145,40.838
4.4099,-0.15642,158,43.369
3.3421,0.5881,180,50.68
2.7076,-0.4028,194,53.327
3.1842,0.77032,181,50.862
4.8084,1.7283,204,52.226
1.8819,4.6548,204,55.617
1.0407,3.893,199,54.856
2.9153,2.0506,192,51.308
3.8813,1.0395,188,52.367
3.9673,1.2719,197,58.363
6.1971,4.5217,201,54.327
5.4993,7.6364,200,54.302
4.0154,8.6432,223,53.541
4.869,6.1429,210,54.236
6.6863,4.6173,218,55.617
5.8007,4.2433,192,54.608
4.0421,4.3139,198,50.308
3.3757,3.8368,211,53.376
3.0755,1.7194,196,54.063
2.7127,0.81885,194,55.708
2.1672,2.154,206,58.636
3.8899,4.3106,207,52.458
5.123,6.8584,223,57.255
7.6369,6.3309,212,53.169
8.3443,3.4064,200,51.515
6.5675,1.7044,188,48.604
4.9786,0.035714,168,45.031
2.7918,-0.44505,182,47.504
2.9759,4.2169,189,52.524
5.1887,8.1129,205,52.706
8.0423,8.7623,241,58.909
7.6111,5.8097,235,58.76
6.2768,2.7523,199,48.877
3.9621,3.7746,187,50.498
3.0958,5.9138,184,48.215
3.4771,6.033,195,49.53
4.4983,4.4483,203,50.589
3.5222,2.7135,190,54.608
3.6148,2.9374,194,51.482
3.5168,4.324,198,51.052
4.3027,5.783,208,51.788
4.4611,5.861,221,55.89
4.1653,5.6831,197,58.71
6.0557,6.1996,199,53.128
6.794,5.0615,202,51.697
5.2563,3.165,187,47.959
4.7907,3.2804,189,48.786
5.0728,3.2682,188,48.24
5.3967,3.9012,185,47.686
5.4911,4.719,183,48.91
5.1135,5.4497,189,48.141
5.0666,3.5249,215,54.583
5.5237,2.8686,212,54.79
5.4138,1.221,214,56.188
5.4339,2.3062,230,55.964
4.7822,5.3069,223,58.33
4.3768,6.8381,240,63.184
5.5626,6.8403,238,56.171
7.8117,6.4938,232,60.67
8.6722,4.3741,228,65.947
4.603,0.40092,217,54.889
1.5752,0.43213,201,52.433
2.8319,2.0787,207,54.145
5.1524,1.8591,219,51.78
6.0669,3.0276,228,54.765
5.7935,4.5673,240,54.972
6.2139,3.9664,238,60.249
4.586,3.341,230,55.501
4.9111,2.099,218,56.75
5.3006,1.4487,220,56.105
4.7423,1.1573,227,54.517
4.4187,0.83871,217,54.509
4.3105,0.28508,227,56.494
5.9208,0.6236,230,57.71
3.5006,2.9669,220,55.526
2.2709,0.30711,227,58.793
2.1738,-1.3286,210,53.839
1.0234,-3.2422,220,61.465
0.74993,-2.4477,209,55.551
1.5774,-2.4005,214,56.452
0.45151,-0.96602,227,63.044
-0.37986,0.35071,222,65.492
-0.40312,0.073631,227,66.666
2.0306,-0.33044,214,57.122
3.7785,0.58565,211,57.329
4.6279,3.2123,220,58.454
2.6405,2.2905,210,60.621
0.51548,2.9494,209,59.405
1.0995,4.3956,182,50.018
1.7696,2.981,188,50.672
0.84349,4.1358,202,52.921
3.1881,3.9714,210,53.004
5.8384,3.789,216,51.581
6.887,2.6851,220,55.989
7.8321,1.313,236,55.741
5.1903,2.6163,223,55.782
4.6078,4.4453,230,61.125
4.4397,5.9749,228,65.211
4.5143,5.7395,244,57.503
4.2562,5.73,246,59.207
5.8958,6.9101,251,65.194
7.4639,6.1762,253,61.439
6.5471,2.469,244,60.985
2.8811,0.10414,214,53.293
0.85476,-0.80952,210,54.046
1.0029,-0.97172,197,52.921
4.7271,1.5448,188,47.008
6.0049,3.6463,187,48.207
4.5399,3.6885,205,55.311
4.5442,2.9064,209,55.154
5.4223,3.2684,231,60.315
3.2839,4.5583,229,56.634
3.1065,4.887,225,60.273
2.2362,4.3378,214,59.306
0.70267,2.5146,211,61.34
1.5917,3.1095,197,57.023
2.4183,4.1307,211,65.856
2.4409,7.5884,235,64.342
2.3528,9.8595,243,63.565
5.2887,10.12,246,65.334
5.4767,4.8075,233,61.613
6.4547,-0.35744,239,56.353
4.7431,-3.7887,236,53.376
2.7975,-0.83615,211,56.957
0.87176,0.83311,214,69.991
1.0084,3.7217,213,61.175
1.073,6.7143,217,59.876
2.2235,10.022,233,62.548
5.2662,9.4577,255,59.306
6.9874,8.8896,242,56.006
6.8824,4.3394,237,57.048
7.6753,0.94855,236,55.228
8.2904,-2.0894,230,58.454
5.8022,-2.5376,211,56.75
2.6242,-1.3416,207,51.556
1.5167,2.3286,210,59.562
3.1916,4.626,220,56.585
6.5049,6.8392,239,57.131
5.7069,5.8091,244,57.85
5.1279,5.1251,242,59.099
4.4324,2.9538,238,60.133
4.5759,1.7015,223,57.693
3.4108,0.31096,215,53.037
3.9482,-1.0842,212,53.492
5.6327,1.0539,228,56.014
5.6601,4.5298,240,64.086
5.6638,4.9382,229,56.543
4.391,3.647,225,55.46
3.9721,4.8831,231,55.336
3.7686,5.9005,234,60.505
4.6481,4.7623,241,57.494
6.3593,4.4805,242,64.574
7.443,1.8927,249,59
5.743,-1.0498,235,55.551
4.6279,-1.2513,220,57.296
5.781,-0.31978,239,64.218
3.9521,2.0911,229,55.41
3.6546,4.0627,228,51.416
4.311,3.927,225,54.154
6.3948,1.9007,249,56.841
6.26,-1.5345,236,58.057
4.691,-2.9674,232,56.816
2.5069,0.20014,202,50.68
3.6132,4.0648,225,57.759
4.2708,5.8571,231,55.41
5.2235,6.8246,233,61.638
5.4056,6.2761,237,57.875
5.8536,4.2736,235,56.345
4.4965,4.9522,239,54.608
3.6703,4.4048,234,55.758
2.8855,3.5844,231,58.619
3.9071,4.4719,231,63.143
6.1635,5.6085,243,55.725
6.8291,4.8143,247,55.245
4.8613,2.0989,237,57.577
2.1211,0.80491,227,58.983
2.4916,3.3322,209,57.784
4.198,5.708,249,61.076
6.1525,7.7048,255,62.738
6.1544,7.7987,264,61.646
5.8702,3.8002,236,57.974
7.1249,0.16569,244,60.522
4.3994,-1.2439,222,59.653
3.0274,-0.92139,209,54.41
3.8204,1.4126,214,60.803
4.9531,1.8504,233,59.223
5.5197,1.8332,233,55.071
5.6155,3.3524,242,60.877
5.2262,3.8765,236,61.795
6.0919,3.4723,232,61.241
4.9602,4.249,245,56.56
5.3345,3.278,242,60.422
4.1817,2.2714,230,60.182
4.8929,2.5299,241,58.065
5.4643,1.9089,240,58.917
5.5057,1.4464,232,61.266
6.0206,0.31933,238,58.363
6.6031,2.2409,242,58.909
3.574,1.2705,226,60.025
4.4714,0.16975,239,57.858
4.5329,-0.92444,242,57.693
5.4912,-2.6797,227,61.853
4.8814,0.68404,222,62.423
3.5797,4.3268,233,59.074
4.6436,5.1232,232,57.048
7.3078,4.2975,230,68.535
7.8656,3.1706,237,59.636
8.4904,0.97392,241,71.289
7.8324,-0.64559,235,62.771
5.959,-0.84008,226,59.835
4.6298,1.7373,223,71.67
3.941,5.6799,249,68.659
3.7131,8.7801,254,66.765
5.4758,9.833,260,61.704
5.772,8.8544,258,57.42
6.9048,4.0935,249,60.794
7.8627,0.44544,254,56.816
7.6518,-3.0671,249,57.974
8.6231,-0.37759,255,60.902
7.221,0.5045,254,58.867
6.2422,-0.48881,249,60.761
5.0112,-1.2666,247,58.545
5.8595,-2.4286,252,67.344
6.3086,-0.5697,248,65.037
4.6172,1.895,238,58.867
5.756,-0.052538,242,65.831
6.8767,-0.091222,249,66.575
6.393,0.98493,237,65.194
4.5238,3.2086,237,62.82
6.1585,4.2436,241,60.546
6.6331,5.4485,244,63.209
6.78,4.2722,254,61.108
7.4244,1.1525,253,59.289
8.557,-1.644,246,58.801
6.6208,-1.4982,244,59.289
5.7561,2.0263,244,56.08
6.5153,3.8124,249,58.727
6.8843,3.8634,250,57.792
7.1423,2.8885,246,57.122
6.7219,-0.20823,236,55.435
6.3128,-1.7788,237,61.696
2.605,-1.8224,226,58.173
5.1669,0.48293,226,54.691
7.2968,1.6121,246,56.659
9.3217,1.4362,244,59.107
10.034,-1.7915,248,54.592
9.0464,-3.246,241,56.279
5.2262,-1.0938,236,57.412
3.1387,2.197,227,55.907
4.1382,5.0888,230,56.568
6.463,5.2451,239,64.367
7.7847,3.7143,245,56.196
6.2203,-0.70857,250,59.529
5.1695,0.28695,232,60.786
5.4916,1.8831,231,57.966
6.1756,4.1722,248,55.898
8.2424,4.9778,251,58.536
8.7018,1.3996,256,57.37
5.4081,0.069283,233,60.332
4.2411,0.57143,237,56.221
4.2262,1.5841,236,59.562
4.8731,1.3831,239,57.131
5.26,0.77656,234,57.296
5.7728,1.046,236,53.061
5.781,1.7673,240,56.105
5.2536,1.5714,235,58.156
5.4453,0.0067734,232,60.273
5.6614,-0.29277,243,58.247
4.5868,0.99134,231,61.63
5.0111,2.5338,239,59.239
5.5113,2.9048,249,60.827
4.556,1.9839,240,61.96
5.0598,1.7253,247,60.596
6.5348,1.7518,244,59.463
6.2908,-0.17143,245,61.15
4.8805,0.89093,241,57.875
4.7233,1.0345,244,65.219
3.6196,1.831,235,63.093
5.4588,4.3288,239,61.828
6.931,4.877,252,58.429
7.4948,3.0011,256,59.579
8.4846,1.8588,261,61.456
8.2079,-0.012229,257,57.395
8.0623,-0.5619,255,59.38
7.9763,-1.4686,250,59.272
6.9668,-1.7746,237,56.816
4.6327,-2.5163,228,66.658
3.8088,-0.91845,247,69.097
5.1692,-1.3459,242,70.082
5.528,-2.6522,237,59.264
4.673,-0.39538,241,71.976
3.3339,3.8752,237,70.313
6.7602,4.8844,246,57.718
7.4378,2.2082,245,58.471
6.528,-1.0699,237,54.898
5.3554,-2.5975,225,57.635
4.96,-3.8626,235,59.264
5.5302,-1.9903,235,62.209
4.9512,-0.4677,230,57.139
4.7503,0.05515,215,57.602
3.8916,1.0078,220,56.27
2.6104,0.83639,234,58.801
2.9046,-0.057531,221,66.575
5.1409,0.18649,239,63.416
5.8952,-1.7063,252,60.778
5.8888,0.17454,257,60.513
5.0164,3.0218,242,62.936
3.7363,4.6954,250,63.019
3.529,5.7663,272,58.644
3.8027,5.2868,260,63.896
5.1626,4.3087,236,66.112
5.809,3.7869,246,61.266
6.1338,1.5273,249,57.974
6.1507,-0.64769,251,58.983
7.0748,-2.9447,248,61.687
4.8088,-2.9913,247,64.689
3.2264,-2.3529,251,59.992
2.3156,-0.18926,234,67.634
3.9165,1.7758,230,55.915
5.7478,2.0673,242,57.139
8.3048,1.4595,259,63.002
7.8224,0.044458,241,62.556
5.6764,-1.6461,239,59.38
4.0321,-2.2989,239,62.399
1.6258,-0.41991,231,60.546
2.6806,2.3203,215,58.247
5.5256,5.1969,243,58.181
8.3111,7.8973,267,61.911
10.372,6.5117,268,66.368
13.458,4.8249,284,73.696
14.902,3.85,298,72.389
13.065,0.49451,273,66.575
11.591,-2.8992,272,61.431
9.5792,-4.779,254,62.101
7.5411,-3.6145,242,56.949
4.5886,-0.29468,239,59.645
4.1241,4.153,239,64.16
8.7048,5.5454,269,60.786
12.778,4.2632,292,68.808
11.906,3.809,282,70.214
8.2935,0.801,257,57.321
7.4161,-0.48525,247,59.843
6.7399,0.067364,246,57.048
6.8406,0.48308,249,57.395
7.5075,0.011117,257,59.397
9.1378,-0.38966,257,56.957
11.626,3.1839,289,62.365
13.133,6.203,304,74.002
13.863,7.5326,283,78.311
14.259,7.0241,285,80.023
15.496,5.8014,287,82.057
11.322,2.7928,262,70.338
6.3306,0.44693,249,60.886
3.2422,1.4387,226,62.573
4.8034,4.2453,230,62.382
9.9022,4.8894,261,61.712
10.641,2.0304,268,66.327
9.7456,1.0021,267,60.852
9.099,0.28111,248,58.545
9.165,0.86555,272,63.433
9.4061,-1.5144,268,65.029
9.6717,-1.5101,270,68.833
7.6259,-0.64201,253,66.6
5.9635,0.14866,246,58.462
7.0407,-0.10337,246,61.564
6.8635,1.1665,242,70.793
7.7369,0.70424,256,60.902
7.8671,0.8402,253,62.788
6.8552,-1.003,242,62.366
7.4848,-2.7947,254,64.888
7.5674,-4.2317,254,58.71
9.3137,-2.6736,253,61.729
7.4664,-2.3647,235,57.139
5.5497,-0.77621,233,60.621
4.7975,2.2768,241,59.264
6.7903,2.684,231,53.674
7.5276,1.3592,245,55.179
7.8518,-0.30357,240,56.022
8.1643,-0.44559,235,59.008
8.2622,-0.099458,237,55.989
8.9765,-1.3306,245,57.85
7.304,0.60317,252,63.342
6.489,1.7455,247,62.821
6.6315,2.3292,256,60.108
7.4869,0.82533,256,57.949
8.248,-0.20093,246,57.238
10.068,-2.1134,257,60.596
10.448,-3.3495,253,63.962
7.9659,-2.6025,253,60.174
6.2378,-2.1388,245,60
4.7601,-2.2119,240,62.564
4.2292,-3.3189,228,56.329
2.2749,-3.1392,235,59.744
1.0823,-3.8846,239,63.723
2.4566,-3.9468,247,70.099
4.2318,-1.3229,246,59.372
5.6945,2.9745,258,60.943
6.0285,6.356,246,62.258
9.4087,5.6159,270,63.292
10.996,-1.4134,263,60.257
11.08,-5.6339,263,59.562
8.9105,-8.0847,253,62.399
5.1858,-4.7054,242,63.731
5.3924,0.93506,242,57.949
5.1495,4.0714,244,57.122
8.3541,3.7824,256,58.983
10.287,-1.0952,264,58.991
9.931,-4.8175,252,61.704
7.3139,-3.1145,242,64.218
5.9709,-0.097993,242,55.873
5.166,0.96886,234,58.545
6.1693,-0.39482,237,53.078
7.8074,-3.009,255,60.687
7.4271,-2.7852,258,60.53
5.404,-2.2909,247,62.209
5.6149,1.198,241,57.858
6.7605,6.6055,264,69.561
8.2756,7.7381,264,65.07
9.6748,3.1434,257,59.67
7.5251,-0.79328,255,57.883
7.935,-2.4489,246,61.77
3.7271,-3.9492,242,59.19
2.4006,-4.274,220,69.205
0.98438,-4.4716,209,68.577
-0.50714,-3.5381,210,70.198
-1.0802,-0.81968,225,67.262
0.93917,-0.0070468,223,70.983
4.8304,-0.74675,242,61.241
7.7475,-2.9118,238,61.481
4.8782,-6.053,237,61.77
3.1154,-5.2908,225,60.266
1.7415,-4.2048,219,63.416
0.62475,-4.1402,215,63.16
2.2147,-2.343,222,63.416
3.6718,2.7647,238,62.812
5.7487,4.5246,256,68.634
9.9385,5.3593,264,61.076
11.092,2.3359,259,62.382
9.8499,-1.5142,257,63.11
5.2204,-4.5248,239,58.562
5.3978,-4.3924,221,63.342
3.9162,0.54189,237,53.632
2.6816,5.4475,242,58.661
-0.48273,9.2328,251,66.096
-1.7282,11.786,266,81.338
2.7728,10.014,235,89.765
7.7406,7.5121,253,68.899
7.1899,2.2739,242,58.173
8.9711,-2.1541,266,60.48
5.4479,-4.202,256,60.05
3.7519,1.0425,242,59.835
1.7265,4.6429,238,65.566
4.7224,3.3455,239,57.552
7.9048,-1.3459,242,55.518
7.8473,-5.9543,253,59.008
3.3538,-6.8653,229,67.7
1.3425,-8.0329,230,75.962
-3.2444,-8.6513,229,80.552
-4.6976,-8.9095,210,86.11
-2.8285,-4.4557,221,73.746
0.18881,0.26011,212,67.543
2.0919,2.968,232,58.156
6.3506,3.8365,249,58.065
7.8273,3.2486,254,58.437
6.2873,3.0777,239,58.363
6.4003,1.9815,239,57.486
7.7083,0.25943,250,55.46
8.0014,-0.42857,253,56.386
8.1742,-0.73892,261,61.721
5.6882,-2.151,263,62.325
6.5104,-3.1708,256,57.114
6.1186,-1.7711,254,59.686
5.3908,-2.607,241,66.029
4.9107,-2.1231,239,69.437
6.6704,-3.751,245,68.13
7.3243,-2.7926,250,68.213
3.744,0.18525,246,65.649
4.6079,2.1393,243,63.573
4.0647,4.0062,253,72.315
2.8027,5.3962,234,61.621
5.2173,3.2,245,56.684
6.9424,0.30422,247,59.215
8.2425,-1.8634,253,55.94
8.3493,-3.223,253,62.498
6.0194,-4.1446,243,59.537
4.9254,-2.7633,242,62.192
3.143,-1.7903,235,57.222
2.786,-0.028571,230,67.7
3.2147,-0.17651,242,61.613
3.6753,1.5757,236,61.34
4.395,3.0818,241,69.123
4.3711,3.0372,234,66.584
5.5846,5.0597,256,62.25
5.29,6.1248,253,78.882
6.0377,8.3839,256,72.017
7.768,8.3131,271,68.618
8.2567,3.6249,262,63.979
7.906,-1.5473,261,60.529
7.1751,-4.0177,258,59.165
3.6476,-4.7494,240,61.704
0.96094,-1.7884,239,59.984
-0.4584,0.62185,238,67.038
1.2976,3.2914,225,64.615
0.29465,6.2678,247,71.116
-1.2857,9.5368,260,81.628
-1.4617,9.9522,239,89.856
-0.14123,10.331,254,71.306
2.5143,6.0345,244,62.771
6.7129,1.3461,253,60.348
8.5221,-3.0575,256,62.812
8.1167,-5.0884,244,58.222
5.7724,-5.831,246,59.19
6.3151,-5.8692,236,62.887
4.3569,-3.8689,243,58.33
4.186,-3.2025,230,69.048
2.6925,-1.7783,223,64.252
0.70727,-0.93734,228,82.264
2.7975,0.23948,241,67.444
5.0304,0.40611,248,63.325
5.5907,3.6356,265,60.943
6.9865,5.5829,261,59.67
7.5951,5.4511,266,62.25
9.1072,3.3981,277,63.317
9.2338,-0.10033,262,77.252
7.4926,-3.1924,254,63.416
3.3813,-3.5818,235,59.661
1.1152,-2.0865,228,68.395
1.5311,0.060218,223,66.046
2.702,3.9117,241,61.365
2.7487,6.5987,257,70.827
2.5372,8.1451,251,68.916
4.1104,8.456,260,71.091
7.9764,7.6623,264,69.908
9.5495,3.3344,270,60.397
11.824,0.5609,285,66.385
11.981,1.8386,277,67.493
9.9214,0.0082102,261,65.558
7.4843,-0.39657,250,60.15
9.2663,-2.5932,243,68.304
7.6438,-3.2157,249,62.382
4.4026,-1.1179,235,63.896
4.3423,3.4364,237,65.161
2.8214,5.6898,245,61.646
2.1109,8.4678,251,67.799
1.7094,6.7866,237,67.452
5.2264,3.93,251,63.573
6.0172,0.45859,257,66.137
3.3708,-3.113,244,71.761
3.0663,-1.9224,245,78.013
3.8244,1.1165,233,59.124
3.6695,2.4292,232,54.782
3.7807,3.4644,243,63.135
6.2425,2.5438,253,59.86
5.7857,0.52015,234,57.519
5.5997,-2.0488,237,62.812
4.0252,-0.40683,230,60.852
2.617,2.067,224,65.376
0.70899,4.2765,217,75.036
-0.040592,7.0755,246,75.218
2.1217,9.2421,249,75.499
4.9249,6.0975,249,68.014
5.9568,2.1488,239,65.583
7.3658,0.96596,256,61.522
8.6681,0.82912,260,72.042
8.2304,-0.18156,251,64.235
6.2817,-4.8456,259,61.886
2.9349,-8.9802,252,63.209
-1.1421,-10.552,235,67.609
-3.3619,-8.6155,214,73.158
-4.8713,-6.8241,225,72.505
-4.2357,-4.3683,199,63.813
-4.8486,-1.9217,217,67.477
-2.1956,0.7401,249,62.093
0.79505,4.4137,260,63.887
2.8572,4.0847,226,54.699
2.8357,6.479,238,58.148
1.5269,7.2173,257,78.427
1.5523,5.6129,217,67.27
0.89988,6.385,236,63.945
4.2703,5.3603,251,58.545
5.0164,0.25738,242,63.044
6.8683,-3.1926,250,63.391
2.1947,-4.6329,230,63.093
-1.6597,-5.7327,217,61.704
-1.8552,-5.8481,205,69.131
-2.9124,-3.7174,232,59.223
-2.549,0.56714,233,66.7
-2.6979,2.7269,238,70.909
-1.4139,4.1423,247,57.627
-1.7094,6.3083,247,62.473
-0.3416,8.6459,255,65.401
4.0693,5.8919,259,62.573
5.6372,2.5926,236,59.173
3.8942,0.84848,231,55.526
0.56675,-1.1529,243,55.137
-2.522,-0.68498,234,54.997
-3.0024,2.1798,240,55.22
-1.078,4.7374,241,63.672
0.29972,6.4888,254,69.991
1.6574,5.2766,234,73.853
5.129,2.8812,255,65.856
2.8635,-0.19717,242,56.568
-2.5418,-2.0122,245,60.025
-4.8511,-0.87302,234,71.488
-4.5314,1.6019,230,76.26
-4.6228,1.9706,248,67.195
0.32652,1.5071,233,58.611
3.9811,0.34134,226,57.329
2.5968,-1.5147,209,51.689
-0.10737,-0.78686,187,50.2
-0.8852,2.2209,194,57.131
0.047114,2.8947,198,53.095
1.4577,4.0809,212,55.907
1.7119,5.0125,229,57.056
2.7307,6.3655,238,62.606
4.3725,10.243,268,61.448
7.0231,8.6773,255,59.736
9.3298,8.1482,267,64.913
11.224,8.8714,270,69.594
11.631,7.0239,263,69.503
8.4245,3.6641,259,69.627
3.5888,2.1388,245,56.783
-0.1893,2.7233,237,57.296
-2.0268,4.4914,225,62.672
-1.1754,5.9594,232,58.917
0.30847,4.9761,215,63.449
0.52817,4.6131,216,68.585
0.33726,3.2471,185,62.035
1.2878,1.7795,149,62.325
1.906,1.1462,127,48.141
2.0122,0.83589,121,42.914
2.2916,0.40779,110,39.904
2.1482,0.32143,112,42.145
2.2077,-0.21159,106,42.145
2.146,0.75422,186,71
2.497,1.424,217,75.383
2.7423,1.2322,227,72.406
2.6383,0.59175,246,76.657
2.6612,0.52181,262,69.156
2.4489,1.0195,279,64.061
2.6571,2.4893,280,69.537
3.0206,2.4487,277,67.634
3.0989,2.1439,269,67.568
3.1155,1.7243,242,64.748
2.9057,0.93001,198,57.255
2.9621,0.42308,182,60.547
2.7525,0.28908,170,53.591
2.5172,-0.26975,170,60.365
2.2137,-0.14376,158,55.386
2.0636,-0.42857,147,51.259
1.8198,-0.19246,144,55.122
1.7022,0.15764,145,51.342
1.525,-0.0052585,163,57.636
2.3297,0.37771,191,54.832
3.0762,1.6407,202,63.482
2.6005,5.7003,287,81.95
2.9943,4.9248,300,69.015
3.1471,2.984,303,67.733
3.4702,1.5453,306,68.552
3.0039,0.83341,313,68.759
2.6695,-0.81092,306,70.909
2.9804,-1.3157,310,66.716
3.303,-2.0919,297,67.807
3.5019,-1.8293,282,66.857
3.7759,-1.634,258,64.268
4.1867,-1.4889,232,59.868
3.3622,-1.0162,194,56.486
3.0591,-0.96614,173,63.507
2.7585,-1.4401,173,59.587
2.637,-1.6952,165,63.706
2.3604,-1.5247,156,57.528
2.2751,-1.8746,139,55.543
2.6643,-2.0086,150,62.589
4.0346,-1.9871,222,76.93
3.3808,-1.6541,266,72.803
1.8352,-2.0738,296,72.943
0.3596,-2.0072,299,76.905
-1.8992,-2.0575,318,76.599
-2.2228,-1.2182,309,72.133
-0.81741,0.038749,306,75.59
0.19783,1.7423,316,76.243
0.93378,2.4596,295,74.457
1.9523,3.0674,250,70.934
2.1831,2.2808,234,63.532
2.1474,1.4968,201,66.088
2.2258,0.85714,182,56.122
2.2674,0.27695,163,49.547
2.1468,0.38351,149,57.883
1.7095,0.40705,146,51.805
1.151,0.018095,150,52.012
0.73223,0.045788,156,57.338
0.90714,0.62963,189,70.074
1.496,1.3324,205,66.22
2.3702,3.7238,269,78.707
1.8627,4.0822,325,74.689
2.9089,3.836,325,66.931
3.2858,4.2187,326,68.932
4.6514,3.8755,319,67.915
5.0917,1.8929,336,75.019
5.9118,0.64812,339,80.271
4.1933,1.2055,317,69.9
4.0482,2.4327,310,72.786
4.227,3.1894,322,74.829
4.0035,3.4426,326,70.586
2.9979,3.3783,321,66.095
2.8159,4.2521,310,62.787
3.5796,3.6702,314,67.154
6.6841,4.0614,349,73.754
7.7389,4.1759,354,78.882
6.4521,2.768,346,75.06
5.1594,0.44985,329,68.816
1.932,-0.61212,316,71.554
-1.2748,-2.5295,307,86.838
-3.7684,-3.1737,306,70.52
-5.2163,-1.3121,309,66.674
-3.1741,-0.182,292,63.689
-0.090553,2.9521,310,77.765
4.3064,4.9591,356,81.933
7.0185,4.401,358,83.1
7.1945,2.9845,351,70.801
4.1279,0.72597,330,70.917
2.2261,-1.3491,327,72.53
-0.80175,-1.6298,318,77.889
-2.8867,-1.3625,318,75.987
-1.9534,-0.17687,294,77.699
-0.8969,2.1142,304,76.425
-0.11667,5.3571,336,80.13
1.845,5.5599,347,78.137
4.2596,2.6488,323,66.617
4.3474,0.54948,319,70.867
0.76429,-1.1263,311,70.355
-1.8631,-3.7693,314,70.065
-1.6507,-1.4932,294,67.22
-2.0139,-1.7528,293,61.704
-3.3193,1.742,299,71.86
-1.8506,5.2575,309,66.782
0.56553,6.8323,322,65.111
-0.16884,7.1915,329,77.112
0.84973,6.3278,316,81.627
2.355,5.2117,303,67.683
1.8669,2.9059,302,63.325
-0.1814,0.44683,313,70.793
-4.3975,-1.1923,309,69.131
-7.0027,-2.1632,309,81.776
-6.3102,-1.0559,322,74.664
-6.1142,-3.0918,288,71.421
-5.8311,-6.1062,304,75.772
-3.5921,-7.3005,289,79.518
-2.627,-8.2613,299,90.675
-1.3311,-5.6161,304,78.998
-0.38632,-1.2057,332,89.079
2.8561,1.9649,305,69.048
3.3183,2.5985,296,64.822
4.5022,2.0611,290,69.669
3.8805,0.47988,284,60.406
4.24,-2.6682,288,63.027
4.4432,-3.044,299,68.072
3.0373,-2.3228,293,65.417
2.849,-2.2071,307,79.08
3.9458,-1.9793,325,70.057
5.2704,-2.6372,326,76.128
3.3073,-2.2167,302,62.598
1.4388,-2.5863,298,65.881
1.0383,-2.0382,292,64.442
3.7473,-1.1337,295,66.203
3.3376,1.3369,307,76.061
4.6702,2.6686,319,94.81
7.9096,3.0947,344,105.69
11.482,0.89996,347,107.8
11.609,-2.8692,354,83.066
7.8324,-7.5462,323,78.989
7.055,-9.7896,313,78.526
5.4439,-12.445,309,78.666
5.2593,-10.97,301,77.666
-0.59044,-7.5772,296,75.325
-0.31763,-2.8552,293,69.884
3.2771,2.0041,312,81.024
7.4221,4.2322,339,87.681
7.7062,-0.7318,310,77.26
3.8241,-2.4718,301,74.837
0.64864,-2.6565,294,70.611
-1.5069,-3.4896,295,75.425
-0.91429,-4.4838,308,80.941
1.932,-3.8705,310,72.29
1.9239,-3.4318,307,66.658
1.5077,-4.7279,304,64.681
2.6182,-2.9123,308,70.752
0.58583,-5.2703,297,76.07
-0.31492,-8.3428,303,72.985
2.6418,-8.449,294,80.998
6.594,-1.588,276,71.86
7.674,-0.99107,288,61.431
7.8805,1.2146,241,54.691
8.1224,1.7017,215,52.921
7.2866,0.97768,224,52.441
6.8918,-1.0381,251,56.585
6.7904,-3.4248,268,61.059
6.8871,-4.3198,285,61.2
8.1141,-5.0985,303,68.097
7.3069,-5.7323,293,61.729
5.5363,-5.4543,272,59.008
3.431,-5.6874,282,61.076
2.5072,-4.6786,284,61.845
1.6677,-2.6562,290,65.211
4.4776,-0.92004,293,65.484
4.2139,-0.74512,278,65.112
5.2712,0.14384,290,67.187
6.4781,-0.033835,304,69.387
6.163,-0.8436,306,64.64
5.3636,-3.5842,302,73.076
5.188,-4.4005,321,77.632
4.8391,-0.70895,321,69.313
6.0062,1.1263,310,72.538
5.3544,2.7059,305,75.292
5.8463,2.3538,317,78.774
5.5168,1.0901,295,78.65
5.6004,2.4744,299,73.63
3.9043,5.1314,300,73.679
5.9144,4.8941,313,69.875
10.017,3.73,328,80.304
11.861,2.4314,350,80.114
11.021,0.14492,347,83.835
8.288,0.38504,338,85.63
5.0997,-5.1849,316,66.666
1.1643,-6.801,290,66.964
0.51608,-1.8746,278,68.121
2.4041,3.4875,286,74.3
4.9631,5.9231,327,72.017
9.2856,5.5318,328,72.423
13.13,2.1578,353,76.326
15.778,-0.25384,372,80.626
15.483,-3.0634,356,83.347
13.59,-6.9138,338,85.903
11.685,-7.7568,326,76.186
8.394,-7.2545,316,79.502
2.6214,-3.0453,287,76.979
6.0373,1.43,304,76.417
11.293,5.5714,331,71.537
13.601,5.8447,344,79.047
13.471,2.0087,327,80.692
10.734,-2.6823,331,78.832
7.596,-4.3768,309,75.226
7.1834,-1.3824,303,67.733
6.5481,-0.98938,296,68.651
4.6896,-3.9188,308,70.165
-0.90918,-8.466,294,67.146
-0.63854,-8.1494,283,69.759
4.2167,-3.0089,305,69.28
7.6489,-1.6337,312,65.021
5.2185,-1.83,284,68.924
6.8845,-4.9412,316,76.913
2.2989,-8.6926,303,68.808
-3.3111,-9.1512,292,67.642
-4.0618,-8.3182,299,76.607
-3.3573,-8.0705,296,80.387
-4.3684,-4.9524,294,69.156
-5.2258,-4.172,304,93.47
-5.7715,-3.7931,321,96.1
-9.2032,0.69805,308,80.684
-8.3708,3.8222,311,76.896
-5.1181,2.6597,272,68.196
1.3357,-0.26641,259,58.082
5.684,0.93598,299,60.497
9.2884,-1.8305,311,69.131
6.8543,-6.152,311,66.368
1.3594,-9.2971,289,67.245
-1.3977,-12.348,284,64.615
-2.0673,-9.7722,291,71.744
1.316,-4.3558,261,62.101
4.2959,-2.6026,316,75.201
10.976,-3.3592,317,74.482
14.832,-7.1743,354,80.841
16.412,-12.293,346,97.068
17.782,-15.672,333,107.85
18.532,-18.391,345,113.29
22.757,-26.236,291,93.686
24.616,-30.598,290,85.076
27.802,-34.863,290,89.318
26.929,-40.043,280,78.261
24.764,-46.783,282,68.394
25.481,-51.709,275,76.077
24.899,-56.94,274,77.136
22.914,-56.029,253,64.491
20.572,-50.989,271,60.017
19.078,-43.044,268,60.141
17.045,-36.646,271,61.44
15.014,-31.887,264,65.558
8.6603,-25.977,250,68.386
-0.71307,-19.585,287,98.954
-4.3688,-11.48,293,78.609
0.26951,-3.8676,287,68.171
6.2857,2.2909,303,64.367
10.569,4.5256,327,73.059
7.4026,3.2168,282,59.653
1.3228,-2.0625,265,59.206
-1.524,-7.6884,281,69.412
-3.8871,-13.249,284,72.579
-5.3914,-8.3002,257,62.498
-1.256,-1.9083,296,67.287
2.2906,2.5484,304,82.702
4.7929,5.7753,314,67.055
4.6676,1.1514,300,71.347
2.8373,-0.20959,274,67.361
-1.0733,0.54977,277,63.482
-0.81226,1.1903,307,79.833
0.95508,-1.5108,304,91.32
-3.9808,-2.3423,255,74.911
-2.8772,-4.2361,265,75.673
0.53181,-4.0854,271,63.391
3.9128,-3.9632,303,74.275
6.1713,-2.2843,312,69.412
6.5297,-2.3483,324,68.858
4.9252,-2.0816,317,82.413
4.1676,1.3452,305,80.328
7.898,4.5523,314,80.478
12.367,7.3322,347,94.446
20.126,7.1509,321,75.118
18.694,0.32636,355,94.951
16.496,-6.7845,354,95.86
12.183,-9.3277,327,104.44
5.1297,-8.7491,312,103.14
4.0413,-6.6515,296,76.632
1.223,-8.0523,303,80.685
0.125,-10.168,280,76.152
-1.471,-6.4597,289,80.254
1.5794,-0.75391,292,78.402
4.8042,2.8571,301,76.839
10.025,3.8259,334,72.704
12.799,2.1943,350,73.886
14.167,-2.7425,360,79.518
9.6472,-6.7979,333,81.958
5.2869,-8.2286,310,71.347
0.65166,-5.2886,293,61.241
0.34735,-2.8748,307,72.505
4.361,-1.3052,300,62.399
4.635,1.5884,294,60.348
3.5987,2.1086,296,62.283
0.75054,1.5783,291,61.638
0.76429,-0.50843,288,76.442
0.91134,1.0126,306,69.611
3.3797,1.547,286,71.083
4.8804,1.7362,267,58.222
5.6033,0.84685,236,64.45
7.3338,-1.0295,223,54.029
5.3685,-3.9094,235,56.866
2.2697,-6.3419,277,68.262
-0.79043,-8.9342,265,80.205
-1.719,-6.0234,269,66.104
-3.262,-5.6165,266,68.725
-4.3951,-5.6242,276,68.171
-2.6112,-0.56576,277,65.459
-2.833,2.0681,298,71.943
-1.2256,5.112,296,77.956
-3.3094,8.5137,312,87.632
-4.4971,11.973,329,89.575
-3.734,9.6149,299,92.387
-2.4874,4.6783,290,85.82
0.17666,0.9082,291,76.334
3.6884,-0.2734,290,60.761
7.8407,-2.7821,314,65.078
3.1969,-4.1165,282,63.788
0.17687,-7.9565,286,65.277
-0.91269,-7.6279,291,80.461
-0.47061,-4.1165,298,79.973
-4.229,-5.8686,300,86.424
-7.8561,-7.415,295,78.989
-6.2571,-8.7036,280,78.972
-3.9552,-6.323,303,77.947
-4.6214,-6.7036,280,85.233
-0.90979,-2.3841,270,65.649
4.6357,-0.36429,280,65.376
9.3185,2.59,323,66.873
12.417,3.6486,337,83.231
16.784,1.2151,362,94.893
18.672,-1.6531,392,111.44
16.654,-3.0634,345,106.21
9.9698,-2.2967,326,90.65
10.15,1,301,74.465
13.855,2.9726,329,80.461
15.4,-0.3975,354,100.12
9.1471,-3.5977,337,98.225
2.9602,-6.2258,291,79.633
-0.22133,-10.846,278,81.255
-2.3354,-11.816,281,79.493
-5.0582,-15.66,276,82.884
-3.4237,-18.237,282,100.29
-4.8599,-17.687,306,92.114
-4.2891,-13.895,281,85.241
-4.1211,-6.2272,288,82.719
0.022236,-0.58405,283,74.019
4.0338,1.4934,282,69.528
2.8473,6.3854,301,78.452
2.5568,5.2857,294,69.602
7.886,1.4629,304,63.565
6.1088,-4.6192,299,63.78
5.8872,-10.405,293,65.541
5.0319,-13.816,284,82.123
6.2871,-13.888,285,84.414
2.6704,-12.533,277,79.146
-2.0655,-12.273,282,71.62
-4.3567,-11.318,281,80.006
-7.0918,-13.702,278,91.246
-11.199,-12.075,300,86.631
-10.201,-9.9868,292,74.465
-5.9354,-5.5446,293,75.78
-2.34,-3.4753,278,82.843
0.73487,-1.1246,306,66.699
1.3357,1.474,308,71.951
0.73182,2.237,308,91.18
-0.61962,3.8222,323,94.893
-1.437,4.5162,308,96.522
-4.4149,9.1936,307,94.637
-5.1684,11.899,327,93.595
-1.7324,12.068,298,103.13
1.3945,9.0441,311,94.388
2.0006,2.4139,292,70.148
0.13048,-3.0412,284,64.152
1.0601,-6.1821,284,67.146
1.7097,-5.4286,293,70.181
2.3328,-6.0506,299,69.106
2.3393,-4.1607,280,65.004
2.4464,-1.7036,280,73.398
2.9861,0.77565,284,68.047
3.3994,1.6998,296,65.045
3.2923,2.2645,303,64.152
4.3061,-0.010511,299,64.036
5.7478,-1.7937,304,64.797
3.7018,-3.4549,304,67.767
1.044,-4.4111,286,61.712
3.4801,-2.0257,278,68.353
2.3249,-0.671,264,65.831
2.2877,-0.049665,256,63.871
1.7686,-0.93727,230,57.602
2.0265,-1.3575,225,56.949
3.1393,0.14955,256,55.733
6.2948,-1.0889,262,61.158
8.8379,-2.3316,299,66.807
10.988,-3.6001,309,73.332
15.993,-0.96325,346,82.421
20.294,-0.41788,374,96.786
27.422,-0.62483,321,87.21
29.6,-2.5192,298,74.275
24.56,-3.1624,293,83.579
17.737,-5.849,333,92.842
15.742,-7.7088,314,85.985
15.326,-8.6924,326,91.758
13.001,-10.265,312,86.945
10.102,-12.817,314,83.389
8.7909,-16.721,301,85.093
10.147,-19.561,303,98.954
12.001,-29.207,262,103.26
10.646,-35.452,261,91.866
12.62,-40.117,263,96.952
16.384,-45.702,260,91.146
18.389,-50.726,269,93.992
23.172,-53.413,250,78.269
21.16,-55.147,263,68.461
17.671,-55.327,256,65.649
16.243,-56.405,253,67.237
12.923,-51.71,245,69.247
11.497,-44.231,258,65.467
13.835,-42.854,242,65.5
17.955,-36.873,236,55.898
21.382,-37.675,243,61.837
24.114,-30.331,257,71.19
30.263,-26.771,289,76.235
28.298,-25.393,307,93.553
33.062,-27.968,306,88.913
31.245,-25.92,285,82.842
28.122,-28.238,288,73.638
26.939,-32.859,286,76.102
28.273,-41.892,289,73.977
26.496,-49.509,287,71.074
17.218,-51.521,282,72.96
11.441,-50.507,269,70.669
8.231,-46.306,270,71.347
2.1838,-38.852,267,61.158
-2.4151,-32.49,262,74.804
-3.1392,-31.942,259,77.442
-5.0498,-24.433,242,74.564
-6.3686,-14.189,271,96.464
-10.432,-9.9461,286,93.925
-9.3004,-7.0902,263,103.43
-7.0798,-1.9201,295,88.64
-5.1855,-3.8567,299,91.849
-4.3272,-3.215,295,96.207
-9.6288,-2.0803,290,95.413
-14.353,0.16953,316,101.29
-16.045,0.72932,304,94.967
-13.369,2.9609,285,112.42
-7.1119,0.3873,315,110.88
0.93304,-0.7067,320,106.6
7.9973,0.44845,309,91.03
11.434,2.1067,312,82.719
10.206,6.6377,317,79.7
12.101,8.3845,321,87.144
14.208,4.9649,338,89.914
11.742,-0.72731,318,79.072
8.5298,-1.497,307,89.07
4.0542,-0.77385,307,88.218
2.0525,-3.2328,281,76.558
3.4113,0.91702,272,61.828
5.7025,3.7423,275,62.192
6.1397,6.1924,277,67.336
4.852,6.6135,285,73.307
2.7981,6.0376,296,71.778
3.1304,3.5613,295,68.833
3.4122,-0.17153,284,70.338
1.0398,-5.4116,294,69.503
-2.9978,-7.801,290,64.987
-4.0123,-4.9889,282,73.837
1.119,-4.8002,296,76.127
5.5915,-5.8904,301,65.955
8.1845,-2.396,307,74.647
12.228,-0.6176,328,82.537
16.602,2.423,357,90.567
19.816,4.8131,389,107.19
22.534,4.0243,382,117
24.925,0.78061,392,118.59
22.921,-2.5856,382,116.29
15.074,-2.5134,342,101.77
8.8174,-1.4567,320,80.494
7.0617,-0.60177,306,69.801
4.6854,4.3958,279,71.174
2.3422,2.7641,244,78.501
3.4937,0.057703,255,62.746
2.1976,-2.6915,270,61.192
1.4903,-3.6777,281,63.152
2.1044,-3.619,294,64.731
2.6433,-2.9268,281,62.928
3.5244,-2.4729,271,63.16
3.4258,-2.9539,257,63.805
3.1079,-3.4858,227,65.302
2.8334,-4.0184,217,63.416
4.411,-4.6568,184,74.598
4.4292,-4.4179,188,65.418
4.4461,-4.4841,198,83.671
4.2272,-6.2372,162,72.721
5.5207,-5.0247,156,69.156
5.518,-5.5665,203,93.528
5.6354,-7.0386,318,81.81
6.3728,-5.4806,327,72.05
6.7545,-4.8488,307,67.245
7.1669,-4.653,303,67.146
8.3448,-5.1098,298,70.404
8.0346,-3.2364,307,81.975
8.4937,-1.9902,292,84.051
8.7548,-1.785,317,77.873
8.6951,-1.83,289,78.973
8.654,-1.697,272,84.332
6.3024,-2.0276,197,73.341
5.7061,-1.9751,172,78.899
5.6964,-2.0335,162,74.226
6.0611,-1.2092,155,60.695
6.7133,-1.6642,157,78.873
7.0389,-1.4638,142,68.833
7.4181,-0.7978,130,78.319
6.9786,-0.85,140,65.211
9.1988,-0.43452,168,78.907
10.159,-1.1136,200,79.37
9.6181,-3.2016,260,77.36
9.5366,-3.257,303,77.649
8.8927,-3.9928,296,70.446
7.9303,-4.7238,271,68.271
6.2369,-4.2958,256,65.393
4.836,-3.5267,265,66.418
4.9035,-2.7839,273,61.175
4.9725,-3.213,269,59.372
5.3335,-2.3055,260,59.372
4.9607,-1.9732,224,58.462
4.9267,-1.6164,197,54.634
4.3873,-1.8422,191,52.83
4.4549,-1.9866,181,54.807
4.4404,-1.7127,176,53.691
4.5906,-1.5723,167,49.266
4.6795,-1.3325,177,57.793
4.3676,-0.35595,179,53.492
4.6968,0.11744,163,53.409
4.4575,-0.45311,163,55.014
4.8714,0.30952,168,51.788
4.7184,0.95408,196,62.945
4.2245,1.2744,239,73.547
4.1347,0.69365,270,68.469
4.6486,-0.36735,294,71.017
6.0943,0.50143,300,67.46
7.5902,-0.84629,316,71.281
7.774,-2.5779,308,89.476
5.7674,-4.9995,317,75.135
4.7103,-5.1873,315,73.292
4.0478,-4.4036,321,80.759
3.0168,-3.9505,297,77.203
3.1011,-4.189,288,76.698
2.5712,-3.9941,290,71.116
2.4141,-4.2107,257,70.983
2.2108,-3.9309,215,78.154
2.8631,-2.6817,162,76.393
2.5404,-1.6972,134,52.293
2.723,-1.1641,121,39.722
2.5057,-0.7734,116,39.242
3.3881,0.13106,109,40.02
3.3783,0.35213,114,40.375
2.9084,0.58044,111,42.807
2.8586,0.39218,106,40.21
2.4762,1.207,118,41.682
2.6095,2.4524,168,67.535
2.4157,2.365,218,64.425
1.8558,0.32847,284,71.934
2.8289,-0.84694,294,66.691
4.3022,-2.3803,290,68.188
5.4805,-5.0479,289,72.48
6.6273,-7.0005,292,79.171
4.7503,-7.6838,286,73.539
3.1176,-7.3286,300,74.06
1.3394,-7.4482,306,71.306
-0.37297,-5.5822,306,69.701
-0.63307,-3.8061,302,77.161
-0.087566,-1.2535,297,82.123
3.26,0.012107,236,71.281
3.4224,1.6134,310,73.82
6.2397,0.88738,326,80.949
7.2801,-0.48553,316,72.017
7.2135,-3.6384,305,68.594
7.7165,-5.6607,293,71.496
7.864,-7.7076,301,79.816
5.827,-8.8708,303,77.955
4.028,-8.3771,311,76.177
3.31,-5.5887,306,77.691
2.1442,-4.5877,308,75.689
1.6341,-4.5587,315,80.13
3.8233,-7.3571,322,78.973
3.2218,-8.2684,306,67.27
3.911,-10.045,300,81.015
2.7182,-12.918,282,99.309
2.8976,-14.757,195,94.611
1.2002,-9.2405,117,48.025
-1.9982,-19.689,261,138.58
-1.5769,-19.043,296,113.36
-1.9414,-16.469,299,107.33
-0.54866,-12.285,278,94.032
1.1731,-7.7968,296,72.199
3.8923,-5.4286,289,68.014
5.9516,-4.1636,283,73.349
8.6685,-2.0952,282,68.171
9.4322,2.184,271,73.845
10.679,1.9122,270,78.691
7.225,2.0845,267,89.401
7.3373,0.88604,267,87.863
7.9187,0.28571,259,63.714
9.0672,-0.95412,274,67.535
10.277,-1.2364,281,72.059
11.862,-1.6829,287,63.424
14.41,-0.055195,308,74.275
17.744,1.1768,337,85.1
20.614,0.95114,345,95.91
21.095,-2.2137,363,100.33
22.247,-2.7893,377,117.24
21.654,-3.9864,346,118.61
18.64,-5.637,331,109.65
13.21,-6.142,321,92.246
9.7329,-8.6041,319,69.081
5.6985,-10.134,289,74.391
2.5854,-10.876,313,70.33
-0.66627,-10.425,288,83.132
-1.8371,-5.4973,291,89.004
-1.2149,1.3978,288,84.1
-1.2745,5.0957,309,94.322
1.8765,5.7313,294,69.461
8.4918,8.7851,323,77.012
10.931,6.2436,305,73.448
12.578,5.948,316,78.89
12.823,3.3649,305,77.442
13.7,4.6653,309,86.664
14.624,3.5214,320,83.463
16.445,4.1318,323,90.964
18.988,4.3766,349,97.969
20.979,2.0184,349,97.58
17.797,-3.4256,336,84.686
14.896,-6.4286,326,83.628
10.583,-10.58,331,82.901
6.9945,-11.448,304,72.207
5.0671,-7.6645,284,62.068
2.7938,-2.1407,271,65.211
3.0328,0.63503,283,73.713
4.8371,4.5052,302,79.427
8.5905,5.3616,305,68.668
12.053,1.8567,326,72.794
16.196,-3.0379,343,80.932
15.721,-6.664,344,99.218
13.874,-6.2593,319,76.615
10.175,-6.1256,307,84.919
8.8956,-4.0851,297,69.586
9.1708,-4.1991,305,77.095
7.951,-5.5786,300,79.626
7.3943,-3.9652,300,75.309
7.5602,-2.3946,294,69.321
5.5187,1.2907,285,64.888
4.4177,1.4884,277,69.47
5.6236,0.57143,263,63.532
5.3063,-1.2683,262,61.919
2.0832,-0.97188,254,66.774
2.3328,2.9324,241,58.619
1.3515,4.5757,235,57.701
3.6655,3.1599,243,56.097
5.1255,4.3053,263,68.105
4.0342,7.2739,289,74.506
2.3643,9.5968,315,80.478
2.4898,9.6074,306,86.771
5.1418,9.0442,294,75.855
6.0934,10.571,316,81.809
7.154,11.236,349,98.598
11.577,9.2881,353,106.41
17.292,8.508,347,94.984
21.588,7.5286,374,94.785
26.177,7.0252,368,114.64
28.021,4.8414,389,118.67
31.266,4.2242,409,127.26
30.522,3.6164,400,135.3
26.314,2.2696,391,129.15
19.894,-0.11535,348,95.281
17.897,-0.99339,324,86.035
16.512,3.2072,313,83.273
18.137,4.1393,317,86.73
20.163,5.8643,321,98.366
26.057,6.6757,355,102.9
36.577,6.4204,331,82.603
43.567,5.8813,355,81.064
48.888,3.3273,340,82.28
52.572,0.34816,318,69.619
55.234,-2.7478,332,72.364
58.442,-1.9617,347,81.387
61.686,-3.4948,332,82.446
66.679,-5.6518,318,76.309
70.841,-5.9066,364,75.292
73.342,-7.1101,336,71.827
75.309,-11.405,338,72.985
75.131,-15.46,319,73.381
72.658,-16.504,319,71.132
70.928,-15.982,318,74.837
69.121,-13.308,308,65.723
69.17,-16.045,308,63.689
66.177,-15.38,310,65.74
62.307,-10.916,328,74.457
58.335,-6.323,303,60.943
62.894,0.057443,286,59.653
63.76,1.4208,259,56.676
61.181,-5.9925,305,64.549
66.822,-6.2834,310,63.201
70.587,-9.4348,321,68.899
75.319,-16.49,328,69.751
68.791,-14.073,343,67.262
61.376,-13.209,332,68.56
60.355,-12.937,340,83.529
55.774,-13.28,317,77.649
54.188,-18.521,335,90.981
49.707,-22.547,312,80.594
43.208,-28.844,320,75.383
40.68,-34.897,320,76.119
40.267,-38.907,322,88.078
31.65,-43.302,324,81.759
24.525,-52.72,309,73.489
19.832,-55.144,281,67.245
17.317,-55.101,275,74.746
8.3378,-50.421,272,80.229
2.0699,-43.934,265,91.642
-5.5049,-37.413,260,83.364
-10.244,-38.504,239,81.801
-16.34,-35.665,250,90.774
-20.04,-34.807,256,71.926
-22.065,-38.331,257,78.459
-16.703,-38.45,278,102.2
-10.239,-41.952,294,101.34
-3.101,-38.725,297,104.53
5.9338,-34.968,289,107.59
9.1643,-27.363,275,105.05
11.151,-16.393,334,118.73
9.6675,-8.0415,310,92.502
4.5255,-3.8576,289,76.516
5.4286,0.57496,283,67.749
3.8252,0.85989,312,85.514
4.5822,2.8523,324,108.49
9.2884,4.6253,353,128.17
17.285,5.4178,384,125.67
25.291,7.5031,395,120.8
32.187,12.675,348,108.29
37.892,16.653,345,91.692
40.689,20.347,347,101.04
46.442,19.306,351,80.287
49.161,22.365,358,83.447
53.143,22.689,356,82.091
55.741,24.688,344,73.597
57.826,23.262,356,69.983
57.521,24.78,350,74.854
58.688,19.975,315,72.77
62.67,14.812,307,65.541
66.65,13.01,351,87.764
71.742,5.5828,353,85.324
78.55,-1.9099,322,69.089
80.058,-9.3536,320,72.083
81.674,-13.984,331,77.07
75.86,-16.651,333,67.824
66.246,-16.595,336,78.964
59.776,-13.114,337,93.147
60.008,-6.5623,344,106.43
65.392,-3.771,330,93.76
65.523,-10.346,352,95.728
70.062,-9.1107,346,79.989
71.714,-7.1197,340,79.129
68.78,-1.9763,325,67.245
65.612,-7.9646,347,77.318
62.107,-15.396,309,63.366
61.637,-16.011,323,64.632
63.739,-22.695,312,62.672
62.488,-21.41,319,70.264
62.138,-27.432,302,64.797
60.584,-32.899,300,62.928
57.435,-33.93,301,76.516
53.575,-35.26,296,87.193
47.055,-39.75,317,86.002
42.34,-42.72,309,91.328
35.156,-45.92,309,80.825
30.401,-51.788,289,73.729
28.477,-58.502,285,68.924
27.12,-61.65,284,83.579
22.565,-61.687,271,78.038
18.031,-60.054,259,68.031
11.563,-63.107,258,65.153
4.9976,-61.054,240,63.755
-1.6612,-59.736,228,68.577
-7.3576,-60.966,238,64.888
-10.009,-65.176,238,74.581
-13.84,-66.599,240,72.315
-16.227,-69.285,237,71.752
-19.786,-72.21,238,73.564
-19.227,-75.037,235,66.418
-21.02,-76.959,213,60.712
-22.466,-78.378,217,58.818
-24.531,-78.014,200,56.659
-27.216,-74.963,202,53.293
-27.067,-73.452,214,61.539
-21.954,-74.461,213,63.979
-15.568,-77.721,229,72.108
-18.13,-76.841,228,59.719
-26.799,-77.883,229,55.94
-24.483,-75.396,218,55.725
-20.231,-68.998,237,66.616
-13.893,-65.148,239,65.335
-10.315,-62.123,226,54.054
-2.504,-61.977,246,67.262
-1.592,-57.906,247,67.444
-3.569,-51.794,249,81.909
-9.3904,-43.972,265,79.262
-16.4,-41.122,274,89.096
-23.133,-43.008,252,90.956
-26.543,-42.681,254,88.235
-27.28,-46.083,246,74.672
-25.389,-46.415,229,65.484
-25.901,-41.393,227,84.398
-18.36,-35.743,226,87.59
-20.826,-26.661,232,67.998
-22.261,-27.702,238,86.258
-25.332,-30.485,229,98.531
-23.946,-36.442,231,102.29
-24.922,-43.333,220,76.516
-25.975,-45.374,238,81.429
-33.307,-45.087,237,75.664
-32.064,-41.826,244,73.133
-38.736,-43.899,234,74.374
-45.503,-43.438,213,56.576
-44.733,-40.419,205,60.232
-41.719,-39.994,207,63.689
-35.887,-38.079,189,56.13
