0,-0,642,127.42
-2.7847,-4.853,1062,116.23
-3.0442,-2.4438,1115,124.33
-2.7376,0.85493,1176,130.58
-0.67793,4.2676,841,130.22
-1.088,2.1463,1201,126.58
3.0286,-0.13844,469,149.53
-0.13826,-3.3952,1122,126.86
1.1543,-5.1417,1081,134.52
2.3491,-4.9948,844,147.94
0.55322,-4.1266,1088,121.84
0.75749,-3.2342,834,158.91
-1.4204,-0.91384,1173,128.7
-1.2643,-0.076362,990,141.56
1.3117,2.2338,657,162.84
-3.4773,0.85931,2231,173.04
-2.0358,0.22049,2162,173.44
-0.0069225,-1.027,2188,173.68
-1.704,-0.33951,2270,176.59
-3.1429,0.34841,2168,176.34
-5.1892,2.4065,2290,181.16
-5.5743,3.066,2217,176.54
-4.9533,-0.95288,2231,181.95
-4.1818,-1.3702,2377,184.23
-3.3037,-2.1927,2384,179.84
-3.1383,-0.53063,2474,183.16
-3.2528,-2.8793,2551,184.51
-3.59,-1.2528,2595,188.92
-3.7224,-0.72131,2642,186.74
-4.3533,-0.72422,2743,189.69
-5.392,-1.0259,2891,195.4
-7.0968,-3.4101,3029,200.8
-7.7261,-3.4314,2754,191.5
-7.836,-3.6817,2448,178.94
-6.9391,-5.6221,2415,178.29
-5.5071,-6.3482,2492,191.82
-8.3176,-4.7804,2512,191.15
-9.9784,-0.5167,2424,187.01
-7.9313,-0.50319,2488,184.93
-4.5095,-4.4091,2658,196.23
-0.62962,-7.2643,2624,192.72
-2.5341,-9.0688,2572,190.67
-3.358,-8.1844,2482,187.07
-5.5717,-6.9168,2605,202.6
-5.4805,-7.0843,2614,199.23
-6.6633,-8.9769,2587,195.71
-8.2823,-7.4125,2636,200.2
-6.9994,-6.6832,2847,207.7
-3.3729,-6.9763,2937,207.01
-1.5911,-4.5558,2782,211.02
-0.22987,-6.3429,3007,228.37
1.7654,-3.4809,3003,209.62
2.9471,-6.2657,2762,195.62
4.8307,-8.7124,2711,200.17
9.3689,-11.041,2611,201
11.814,-9.7938,2752,206.76
8.2083,-12.485,2895,215.09
6.296,-10.752,2847,220.6
3.1379,-12.481,2949,204.46
0.048742,-8.8259,3170,227.31
-1.0182,-2.0012,2996,214.17
1.4511,-1.4315,3093,234.73
4.8513,-1.7678,2980,223.29
8.7323,-3.6492,3033,217.94
14.363,-5.4604,3087,218.57
17.986,-8.7398,3109,218.61
14.163,-10.609,3202,228.69
3.5528,-7.8576,3255,231.95
-3.4457,-9.8387,3143,219.09
-7.9164,-3.2746,2989,206.56
-9.1798,0.95249,2940,199.59
-6.8956,0.29675,2734,215.65
1.96,-2.9916,2911,231.06
12.46,-3.6736,3086,220.85
18.42,-4.9398,2987,226.34
18.473,-9.196,2698,203.82
10.282,-8.9661,2854,208.79
-0.73596,-9.0864,3029,239.98
-5.9445,-5.724,2909,225.82
-6.5273,-2.066,2732,211.87
-2.2134,-2.5736,2613,196.48
1.5591,-6.4942,2752,207.09
5.4147,-10.04,2908,214.16
7.9273,-11.898,2970,211.39
10.67,-11.773,2843,203.96
10.779,-13.851,2716,195.69
15.786,-13.292,2960,209.95
17.142,-13.24,2838,224.17
15.508,-13.692,3003,228.87
11.087,-16.954,2974,221.44
4.174,-15.236,3105,247.26
4.3291,-12.664,2835,210.96
6.3839,-18.595,2794,199.75
7.3235,-17.822,2755,203.44
7.0221,-14.339,2782,204.68
6.1588,-13.831,2933,218.32
5.7316,-15.142,3174,236.1
5.4632,-14.39,2943,312.37
5.243,-15.842,2745,316.33
5.49,-15.371,2646,335.54
5.7611,-15.795,2641,344.7
5.7159,-16.253,2526,357.91
3.4168,-17.913,2676,366.24
4.0609,-18.856,2954,237.84
5.6538,-19.539,3046,220.17
8.2539,-15.772,2763,200.89
8.8078,-13.603,2727,203.07
5.7012,-13.499,2840,212.37
3.9186,-15.636,2857,210.42
4.1058,-13.913,3033,226.55
9.7573,-8.725,3062,221.54
15.344,-9.0647,3151,234.05
18.961,-10.496,2973,225.1
24.945,-14.04,2800,220.04
27.534,-15.407,2740,213.44
25.589,-17.938,3019,231.19
20.934,-14.558,3176,249.1
14.586,-15.133,3371,254.84
7.4307,-15.705,3160,223.53
4.609,-16.485,3042,213.88
10.34,-12.803,3111,237.9
17.078,-13.522,3417,260.8
26,-16.468,3212,245.3
24.462,-16.041,3063,258.43
15.25,-20.692,3119,252.59
7.6373,-20.547,3110,256.77
0.75792,-12.801,3109,221.17
-1.6576,-13.369,2902,222.35
8.5356,-11.839,3053,240.16
19.99,-10.319,3068,214.79
29.131,-12.337,3064,227.26
31.846,-18.685,3050,252.82
30.112,-20.825,2989,246.69
22.394,-17.165,3010,229.83
14.285,-21.328,3199,248.87
7.4242,-18.729,3000,249.23
6.684,-15.031,2961,240.3
6.2722,-14.887,3056,249.78
9.5462,-11.58,3192,270.72
14.472,-10.733,3198,269.24
13.766,-12.373,3018,247.12
16.17,-11.652,3101,233.47
17.794,-12.102,3066,233.72
21.515,-13.794,3233,253.81
21.501,-15.958,3190,255.34
27.109,-21.269,3297,265.41
25.32,-22.164,3231,255.56
22.732,-21.815,2971,219.69
15.033,-20.581,2854,225.97
6.2744,-21.102,2978,232.11
-2.1035,-17.187,2929,216.73
-0.93647,-16.948,2945,221.28
10.635,-18.207,3065,240.95
22.274,-17.454,3029,236.4
24.046,-20.506,3505,286.77
28.542,-19.677,3304,249.45
30.904,-25.836,3005,228.98
27.966,-26.856,2989,226.66
19.986,-26.129,2865,231.55
11.257,-23.161,3128,240.66
3.8598,-22.262,2995,224.02
-3.9108,-17.798,2721,209.13
1.8626,-17.291,2991,226.76
15.315,-19.686,2992,228.13
27.409,-20.207,2992,222.14
36.608,-23.107,3084,227.24
41.034,-22.728,2902,218.12
43.384,-25.532,2777,214.47
42.047,-28.895,2741,222.13
41.339,-27.505,3059,259.34
38.603,-25.189,3103,262.88
37.357,-25.166,3119,257.21
34.184,-22.251,3211,271.98
28.244,-21.893,3194,261.24
18.347,-18.46,3181,249.2
11.131,-18.299,3103,237.35
8.5915,-16.853,2960,229.12
6.9835,-17.773,2951,222.13
7.6076,-15.741,3215,236.93
8.0128,-15.801,3362,250.15
8.6137,-15.008,3157,355.8
8.8196,-14.186,3120,361.29
8.9382,-13.021,3065,377.36
8.9313,-12.717,4064,270.35
9.1147,-10.538,4277,276.39
9.2067,-9.0863,4250,268.57
8.073,-7.2548,3958,257.39
9.6612,-8.5612,3602,243.4
11.766,-9.2904,3355,226.81
15.934,-10.438,3403,224.97
23.824,-12.513,3535,231.45
30.387,-17.3,3475,227.5
27.635,-23.461,3428,235.15
18.741,-24.712,3501,248.29
10.416,-19.646,3467,246.5
5.0158,-14.538,3511,242.29
2.1464,-13.054,3376,225.74
5.2592,-11.81,3222,213.77
12.759,-7.1023,3635,232.91
21.669,-10.139,3712,251.58
29.346,-13.979,3644,245.29
35.233,-19.334,3637,256.03
33.943,-21.04,3819,285.45
32.475,-22.562,3797,289.02
25.342,-24.901,3689,266.82
16.625,-22.964,3723,269.12
10.524,-19.012,3630,254.24
9.5596,-19.979,3429,233.9
14.984,-13.573,3492,233.62
16.727,-10.064,3916,297.2
28.86,-17.814,3964,296.65
37.935,-20.255,3930,273.56
43.468,-25.652,3685,265.27
41.367,-25.671,3518,265.06
27.541,-26.152,3647,271.3
16.584,-21.833,3728,275.04
13.021,-19.8,3574,248.82
17.237,-19.463,3130,220.81
18.174,-18.893,3251,254.4
24.445,-20.362,3693,293.17
35.085,-21.707,3842,290.72
43.112,-25.837,3428,239.09
51.655,-27.14,3151,236.55
51.824,-26.948,3059,231.7
54.599,-29.208,3177,236.05
55.342,-31.065,2945,220.63
47.47,-30.795,3154,243.4
33.491,-29.625,3654,276.32
23.3,-27.712,3732,274.28
17.264,-20.295,3452,240.97
5.0552,-19.58,3516,267.66
8.2202,-22.818,3146,243.54
11.789,-22.363,3132,236.72
14.138,-16.087,2978,220.05
19.393,-15.317,3124,227.72
29.28,-13.368,3466,258.81
38.468,-16.158,3494,273.83
45.028,-23.347,3491,268.4
43.408,-29.652,3505,277.92
41.025,-28.294,3460,247.85
34.494,-25.618,3189,234.3
21.742,-23.96,3260,240.75
13.846,-20.358,3343,253.39
13.965,-15.124,3249,244
20.182,-13.943,3174,226.74
32.872,-13.558,3324,226.88
40.175,-16.303,3331,227.36
46.718,-19.772,3162,235.92
50.018,-24.062,3238,254.71
50.347,-25.765,3543,281.55
44.362,-28.095,3517,268.17
37.144,-28.683,3516,267.18
33.579,-26.274,3608,265.92
33.76,-26.083,3813,290.22
35.734,-24.422,4018,285.27
35.409,-24.801,4288,293.56
34.666,-24.535,4498,303.82
33.693,-25.39,4767,312.57
33.183,-24.765,4926,314.28
32.048,-23.779,5026,327.32
31.176,-24.099,5196,328.19
30.188,-26.366,4951,338.49
26.824,-28.668,4722,314.47
25.337,-31.152,4331,297.1
25.617,-27.53,3919,263.05
25.457,-23.137,3653,251.37
32.325,-22.512,3597,249.49
42.334,-25.95,3471,230.67
51.314,-27.697,3375,230.38
55.137,-30.077,3433,247.04
50.86,-31.404,3560,257.52
38.501,-28.506,3679,252.14
27.151,-26.734,3749,264.62
21.255,-24.621,3667,252.1
20.94,-21.115,3458,247.17
28.808,-22.718,3512,254.93
41.619,-25.519,3596,248.52
52.918,-26.146,3696,265.77
62.395,-29.682,3634,278.75
66.326,-30.287,3260,239.19
60.819,-33.15,3145,227.56
49.703,-32.23,3421,247.77
34.496,-29.758,3529,253.51
27.817,-23.988,3563,251.6
30.244,-21.372,3451,257
40.705,-22.41,3274,234.49
52.122,-22.664,3367,258.91
62.253,-23.356,3506,272.15
73.203,-26.847,3519,265.28
79.66,-30.134,3597,288.18
80.228,-35.307,3617,268
75.858,-34.234,3764,282.13
63.227,-34.263,3822,297.41
46.173,-31.826,3887,294.8
35.934,-28.18,3561,257.76
40.185,-27.32,3247,225.5
49.472,-23.959,3773,294.77
64.476,-28.781,3994,307.27
81.751,-35.786,3949,304.1
88.954,-39.494,3554,279.19
87.429,-37.419,3112,242.37
74.893,-35.828,3232,250.36
60.165,-33.412,3522,260.1
46.754,-30.76,3580,272.66
33.978,-31.365,3472,249.22
28.885,-24.688,3208,233.72
31.997,-23.644,3378,265.64
49.036,-24.609,3548,265.15
65.529,-24.259,3588,267.1
73.734,-31.002,3571,281.33
78.118,-35.369,3874,315.71
77.773,-38.918,3835,301.27
65.977,-36.974,3713,294.65
49.167,-31.672,3819,294.15
33.35,-29.609,3848,297.68
24.985,-26.138,3576,261.4
28.606,-25.899,3061,223.11
41.856,-26.741,3243,233.59
54.321,-29.415,3329,240.13
70.198,-29.625,3241,235.44
78.882,-33.214,3226,243.32
79.124,-36.625,3335,268.38
74.311,-36.3,3357,265.19
70.2,-34.266,3437,267.8
65.911,-33.284,3816,292.49
63.295,-31.004,4302,311.36
61.07,-30.405,4712,324.09
59.136,-30.958,4948,324.5
57.609,-30.371,5259,333.46
56.552,-30.198,5444,341
54.667,-30.555,5560,341.86
52.337,-31.639,5517,349.8
51.295,-30.986,5268,351.73
53.008,-33.435,4834,328.24
53.783,-34.542,4321,303.2
50.593,-34.379,4008,295.44
47.043,-33.873,3669,266.96
40.327,-32.429,3632,261.11
32.623,-28.286,3620,268.23
30.953,-27.165,3696,270.88
37.208,-26.287,3798,285.12
50.144,-30.49,3948,290.53
62.299,-34.479,3940,291.14
68.089,-33.854,4152,316.63
69.671,-37.883,4056,322.96
60.618,-37.913,3996,301.45
45.423,-33.024,3997,300.02
34.067,-31.113,3989,284.03
30.922,-27.57,3588,249.36
32.932,-26.149,3460,247.4
41.726,-31.108,3472,262.66
53.29,-31.576,3821,308.41
66.212,-35.895,4062,311.1
73.232,-36.868,3800,299.45
67.227,-38.895,3567,276.46
57.841,-39.254,3717,293.23
40.334,-33.469,3793,286.45
23.846,-31.189,3840,290.6
20.714,-28.83,3422,242.79
21.741,-26.528,3333,243.54
32.089,-22.821,3752,274.98
39.453,-24.63,4218,335.79
36.332,-28.659,4094,310.58
46.197,-29.211,3706,269.1
49.599,-33.133,3939,301.65
51.078,-32.877,4033,319.76
56.288,-33.674,3280,247.09
51.093,-32.388,3228,247.9
39.446,-30.932,3731,296.02
37.367,-30.423,3642,287.33
39.245,-28.3,3595,282.72
44.526,-29.143,3420,251.07
56.471,-33.977,3373,263.8
69.823,-37.002,3467,267.14
84.323,-42.323,3593,287.21
91.353,-44.595,3425,278.25
84.585,-45.622,2987,237.6
72.721,-43.962,3185,257.72
54.33,-39.434,3525,272.9
36.998,-33.161,3610,272.21
25.369,-36.142,3103,220.71
31.155,-32.505,2883,209.35
50.146,-33.59,3307,236.92
71.573,-41.275,3447,260.28
91.495,-45.749,3543,279.32
106.65,-50.524,3324,262.41
106.01,-51.836,2875,216.63
92.059,-46.996,2859,211.86
73.759,-43.337,3165,238.99
55.988,-38.319,3468,259.65
35.626,-35.202,3563,278.26
24.867,-34.282,3214,231.98
32.448,-29.74,2966,224.4
44.32,-34.343,3478,264.97
53.715,-36.049,3534,288.8
61.197,-38.043,3643,303.65
61.438,-39.691,3551,280.9
57.9,-38.587,3356,256.82
52.292,-35.948,3411,262.28
36,-32.463,3337,261.77
19.295,-24.266,3501,257.93
2.5836,-10.141,3439,263.52
-6.1469,-3.8638,3370,253.26
-12.149,3.8292,3193,255.94
-16.655,12.015,3188,233.44
-10.823,13.033,3424,281.25
1.5493,10.96,3363,253.27
11.191,-7.807,3271,230.41
26.009,-17.582,3567,253.22
39.897,-17.981,3603,260.16
55.697,-26.121,3702,263.66
68.277,-31.435,3774,295.58
76.551,-33.501,3769,282.57
80.607,-38.216,3710,286.81
83.998,-41.918,3828,327.04
82.084,-49.359,3891,339.54
79.595,-46.342,3559,309
62.778,-41.759,3420,282.82
43.397,-34.755,3639,306.82
27.87,-36.49,3595,277.86
13.61,-32.295,3552,284.15
9.5275,-25.709,3440,275.42
9.7488,-23.163,3302,262.71
7.7353,-20.802,2952,235.78
7.9398,-21.274,3084,231.78
10.879,-15.894,3296,276.5
15.916,-14.164,3371,245.72
26.349,-8.5913,3124,208.48
38.397,-8.1747,2845,216.83
50.753,-10.288,3134,242.48
61.35,-8.9112,3363,249.66
73.176,-11.212,3283,243.63
85.064,-17.693,3326,247.86
94.232,-25.289,3462,255.62
100.41,-39.143,3537,268
97.576,-45.463,3702,294.6
77.039,-41.687,3710,292.06
55.618,-35.217,3742,289.42
33.95,-29.177,3879,299.92
19.729,-23.034,3632,296.79
13.033,-10.429,3686,310.02
10.116,-6.0389,3916,345.83
16.291,-6.73,3946,336.46
30.905,-16.54,3762,304.02
47.561,-22.581,3732,294.23
62.297,-26.387,3771,285.02
76.943,-35.015,3932,296.98
91.497,-41.055,3933,323.04
100.29,-46.082,3647,298.88
97.259,-44.114,3206,252.42
79.578,-42.928,3418,267.47
60.389,-35.369,3606,276.4
40.104,-31.474,3879,305.71
24.33,-23.919,3903,327.52
6.3876,-19.333,3924,331.5
-7.1287,-8.8134,3557,293.58
-19.172,0.27302,3531,294.44
-18.251,2.1693,3560,283.14
-0.046427,-3.7185,3694,298.37
19.786,-12.851,3850,294.2
40.05,-21.44,3912,306.06
57.083,-26.09,4112,311.09
72.685,-34.922,3937,296.66
87.059,-38.576,3643,272.74
96.683,-47.16,3498,276.69
96.361,-46.227,3537,274.41
76.228,-42.304,3552,276.28
55.493,-34.526,3707,285.81
36.611,-28.059,3853,321.15
20.686,-28.417,4004,335.49
18.947,-24.549,3531,292.85
30.563,-28.652,3312,249.83
50.68,-32.8,3474,267.7
71.599,-37.672,3523,271.94
91.283,-42.9,3521,269.64
106.69,-51.172,3461,272.07
108.62,-52.633,3148,248.55
103.12,-53.755,3157,242.33
89.031,-49.134,3145,238.69
72.838,-41.837,3438,269.86
51.412,-36.094,3517,278.09
30.654,-31.06,3712,288.98
16.396,-30.878,3561,280.18
5.7906,-21.613,3446,267.69
5.8526,-23.536,3655,302.76
13.253,-22.776,3647,301.32
14.965,-23.036,3567,295.07
12.48,-20.931,3482,272.74
13.642,-17.784,3518,245.1
21.72,-10.896,3661,319.48
30.746,-10.896,3724,313.27
41.18,-9.9991,3909,353.99
48.259,-8.9334,3995,323.47
49.364,-10.056,4086,371.82
52.78,-12.556,3999,332.08
51.053,-21.9,3852,288.6
53.834,-27.743,3811,293.75
63.955,-24.743,3719,266.68
76.45,-19.462,3654,261.07
87.447,-21.494,3419,248.08
97.872,-24.209,3430,263.69
105.53,-35.883,3489,258.18
118.04,-44.97,3373,253.79
121.65,-52.999,3168,242.5
120.45,-54.523,3149,243.04
111.78,-54.494,3248,238.34
98.24,-48.769,3093,224.21
83.386,-39.978,3159,236.22
67.224,-39.105,3358,256.34
47.985,-38.166,3331,273.55
33.281,-34.213,3319,262.28
31.933,-35.147,3309,250.2
36.876,-41.048,3296,242.46
39.451,-41.825,3339,254.66
24.686,-34.797,3539,264.95
3.899,-29.367,3442,269.8
-12.096,-17.832,3306,256.92
-22.994,-7.8042,3327,276.98
-23.564,-3.1631,3684,330.5
-26.005,-5.4791,3865,347.53
-30.431,-10.317,3824,326.08
-35.668,-8.4053,3707,308.01
-34.926,-7.4194,3346,267
-28.85,-1.1431,3198,238.72
-19.285,-2.2654,3352,266.57
-8.3761,3.1713,3453,275.15
0.35468,3.2336,3565,294.93
8.0872,5.1009,3645,297.62
5.8213,7.7898,3461,283.68
5.3347,-3.7434,3531,263.35
15.81,-15.535,3606,270.59
33.73,-21.507,3586,275.63
48.55,-25.275,3693,281.15
60.763,-31.928,3697,287.91
74.823,-30.639,3744,282.18
82.146,-27.372,3550,261.31
88.172,-30.773,3560,252.78
92.882,-28.271,3616,275.32
100.82,-26.197,3380,233.28
107.23,-27.492,3088,224.27
116.13,-37.748,3376,245.59
124.93,-47.518,3484,268.45
133.37,-52.885,3347,252.39
135.72,-62.985,3253,228.25
126.52,-63.546,3101,227.66
119.2,-55.245,3437,259.54
107.56,-40.172,3434,247.09
103.33,-33.538,3374,244.11
109.26,-35.254,3340,251.21
123.87,-35.467,3265,239.23
135.99,-45.644,3118,223.56
142.96,-54.948,3361,239.93
149.78,-62.002,3138,224.15
146.62,-64.141,3181,227.36
141.2,-61.843,3707,295.59
124.12,-53.366,3816,304.22
110.42,-48.268,3680,274.8
109.05,-39.854,3386,251.27
125.31,-43.048,3432,235.26
142.51,-54.244,3396,240.04
157.2,-62.759,3316,238.39
164.49,-67.356,3047,229.57
165.78,-68.746,3118,228.68
161.17,-67.422,3587,289.99
141.86,-62.868,3787,310.64
124.34,-51.26,3764,298.4
117.29,-48.234,3547,260.79
129.16,-50.787,3272,231.25
144.24,-57.095,3278,234.7
161.12,-63.225,3338,250.82
173.62,-68.781,3146,239.03
180.08,-70.577,3131,244.78
173.88,-71.987,3412,285.04
159.24,-66.446,3886,335.68
136.1,-58.584,3929,335.09
120.2,-53.119,3768,308.52
110,-40.317,3805,320.64
108.23,-42.721,3718,307.35
109.32,-38.451,3590,289.63
102.65,-41.869,3865,362.23
96.385,-39.668,4042,372.56
78.07,-38.86,4019,353.77
60.502,-33.456,4021,355.95
41.395,-32.817,3949,348.6
22.352,-26.943,3961,356.72
2.9162,-22.95,3997,353.86
-15.208,-19.994,3915,329.19
-31.555,-14.416,3878,322.94
-41.049,-14.614,3899,346.45
-49.355,-13.389,3674,336.64
-57.508,-10.441,3729,351.69
-64.06,-18.624,3547,294.28
-64.47,-22.55,3785,363.81
-70.888,-28.02,3857,371.92
-83.71,-31.905,3654,344.17
-92.965,-38.466,3314,312.62
-103.32,-40.933,3311,304.47
-104.05,-35.817,3215,282.68
-96.013,-27.932,3133,258.97
-82.535,-16.515,3224,280.86
-71.898,-3.5239,3365,279.23
-57.306,8.5034,3296,274.53
-40.824,21.773,3181,239.62
-23.567,18.44,3161,244.36
-7.6788,5.2978,3321,265.74
10.586,-0.26181,3565,278.42
28.767,-1.2652,3506,282.11
37.463,0.33156,3592,280.72
38.671,-10.149,3283,267.34
43.12,-10.233,3278,241.89
42.353,-11.911,3397,269.98
46.393,-9.6319,3221,260.8
54.578,-8.8664,3214,252.1
60.188,1.2933,3317,256.83
66.204,4.6754,3190,248.48
66.206,0.60194,3454,267.9
60.024,-0.69744,3605,264.23
59.716,-0.7097,4087,292.3
58.816,-1.1105,4497,303.62
59.59,-2.7909,4934,312.88
59.964,-4.9022,5190,322.4
60.174,-6.785,5440,328.57
60.227,-7.0567,5696,327.32
61.461,-8.3854,5854,337.38
62.18,-10.236,5927,345.5
63.71,-11.1,5939,366.15
67.337,-10.014,5915,362.46
68.777,-12.491,5983,327.52
69.305,-14.014,5570,399.03
71.933,-14.909,5428,415.72
71.796,-19.093,6173,388.26
74.095,-19.401,6075,410.54
71.401,-18.544,5888,393.28
69.758,-18.239,5713,372.52
66.367,-17.812,5482,343.82
64.835,-19.536,5146,320.45
65.86,-18.888,5067,308.85
67.851,-20.679,4685,290.14
75.528,-22.167,4500,281.53
82.374,-22.697,4557,288.04
91.332,-23.835,4537,282.66
99.064,-31.262,4423,276.61
104.91,-32.241,4352,293.25
109.67,-35.707,4286,288.47
118.38,-37.397,4334,292.5
128.76,-42.187,4197,283.11
138.42,-47.36,4133,285.07
145.93,-53.279,4223,302.06
143.66,-57.709,4150,283.3
136.12,-55.768,4186,297.19
128.72,-52.554,4636,326.72
124.84,-52.734,5201,365.94
123.13,-49.249,5905,374.87
121.33,-47.817,6396,396.49
119.04,-46.523,6832,412.6
117.44,-47.345,7090,426.43
115.41,-46.229,7318,435.72
112.8,-44.829,7439,446.74
111.52,-45.213,6754,460.32
108.74,-43.963,6891,455.68
106.29,-42.69,6592,446.16
99.758,-41.567,6537,403.94
93.828,-38.756,5891,376.35
86.65,-36.208,5228,350.22
79.627,-36.084,4864,336.35
73.852,-29.815,4870,343.44
74.181,-31.103,4753,328.85
83.415,-33.337,4624,311.17
95.046,-36.281,4549,309.25
106.98,-38.419,4449,288.32
115.94,-39.661,4274,280.05
123.88,-44.632,3985,280.21
130.46,-47.049,3973,286.36
135.3,-51.482,4432,339.15
139.14,-51.949,4669,339.62
144.05,-54.452,4598,350.48
142.36,-54.357,4243,316.28
132.41,-55.12,4131,297.43
118.39,-47.576,4106,300.78
104.77,-44.634,4164,304.01
87.9,-39.339,4106,319.63
72.992,-35.688,4363,341.64
57.259,-31.943,4495,355.34
37.513,-24.774,4378,347.45
18.727,-22.219,4242,338.01
12.862,-11.666,3964,314.9
30.088,-17.893,3940,312.76
53.724,-21.908,4039,306.4
77.069,-26.802,4022,293.48
99.45,-32.757,4158,299.65
121.42,-37.277,4244,309.37
139.04,-44.355,4200,299.3
153.44,-53.439,4197,308.22
166.37,-58.63,4283,339.24
180.51,-65.543,3887,316.8
186.54,-74.018,3444,245.42
181.69,-71.023,3098,231.5
164.65,-68.41,3177,247.81
146.62,-59.81,3568,272.91
126.07,-48.531,3806,294.93
104.18,-39.777,3977,310.05
86.148,-40.952,3712,265.44
74.006,-29.272,4181,332.07
57.389,-33.49,4080,324.73
33.385,-29.077,4092,337.74
9.59,-19.058,4051,319
-9.7864,-16.208,4049,327.57
-20.267,-14.819,4192,367.2
-24.674,-20.866,4169,353.8
-29.767,-22.585,4111,358.66
-16.074,-24.445,3893,326.89
5.9824,-18.676,3857,314.37
26.07,-17.598,3748,297.12
46.018,-20.002,3827,279.22
58.983,-13.733,3979,303.99
62.525,-19.6,3797,313.23
59.43,-16.758,3946,287.11
56.52,-11.195,3880,311.31
63.364,-11.82,3943,323.23
81.092,-17.038,3691,268.68
103,-18.924,3789,271.25
122.22,-25.422,3761,257.63
139.14,-35.133,3633,253.14
157.4,-45.764,3701,265.41
175.36,-54.817,3664,263.62
189.67,-61.469,3489,269
198.79,-68.519,3128,231.48
202.52,-75.7,3006,226.16
192.37,-73.134,3358,248.7
172.82,-68.391,3345,244.53
165.94,-66.975,3168,227.27
161.87,-56.46,3248,249.36
164.48,-54.561,3291,239.71
170.19,-57.545,3380,245.86
173.97,-55.692,3525,261.81
174.27,-53.042,3444,265.42
175.14,-57.7,3333,235.97
176.26,-60.102,3581,275.79
189.15,-60.129,3422,247.21
203.94,-68.702,2750,222.6
210.74,-74.842,2165,189.36
219.7,-80.076,2776,231.53
216.59,-79.828,3008,263.47
216.7,-76.398,3082,237.83
218.36,-78.639,2718,217.77
216.4,-77.314,2764,252.12
223.88,-75.162,2912,255.34
228.11,-70.813,2789,237.12
228.08,-77.025,3014,245.43
227.71,-74.687,3051,246.19
227.15,-77.027,2705,208.15
231.77,-76.278,2710,235.65
242.41,-78.091,2692,223.15
248.46,-75.199,2752,212.06
247.01,-80.489,3121,259.86
254.99,-78.581,3280,266.17
273.19,-77.757,3053,243.61
287.48,-82.39,3228,256.21
300.84,-83.124,3184,246
314.91,-85.708,3087,242.52
328.27,-91.72,3025,240.97
340.37,-92.488,2980,238.93
354.15,-92.496,2997,244.28
361.12,-95.74,3291,272
380.1,-94.479,3133,267.18
392.27,-100.04,3135,265.42
399.17,-105.21,3363,301.65
413.33,-105.52,3360,297.16
428,-110.95,3286,271.1
438.69,-118.9,3191,272.17
450.31,-126.36,3062,255.71
452.8,-133.6,3086,256.38
450.83,-133.16,3373,318.98
457.77,-131.7,3412,320.67
466.75,-144.16,3042,250.12
473.16,-144.89,2927,239.17
470.91,-151.51,2914,223.29
475.51,-153.53,2000,248.6
476.86,-159.43,2406,198.97
466.91,-155.16,2704,218.56
465.69,-146.57,2666,224.35
464.99,-141.48,2419,203.42
457.25,-140.01,2288,205.94
447.45,-132.76,2765,239.8
439.07,-127.66,2853,253.17
442.94,-124.46,2754,215.24
451.37,-123.71,2798,208.2
459.83,-121.05,2899,220.21
470.54,-128.84,2769,219.42
476.21,-144,2233,271.58
478.91,-157.17,1821,222.36
475.62,-162.26,2285,267.34
474.38,-163.18,2811,218.82
475.24,-163.91,2283,273.67
466.16,-160.83,2927,231.75
449.29,-142.85,3156,253.91
437.95,-126.34,3118,239.91
421.68,-119.28,3126,262.41
404.07,-116.49,3278,263.01
386.58,-117.64,3320,265.58
366.38,-118.21,3314,287.02
344.2,-117.05,3384,280.94
323.86,-107.64,3422,275.23
303.98,-99.317,3453,300.51
289.1,-94.688,3022,245.83
284.88,-95.919,2936,258.61
280.66,-89.155,2956,251.68
291.4,-98.082,3447,289.35
311.31,-96.497,3553,297.32
335.46,-96.178,3465,288.31
349.49,-105.85,3007,250.31
367.55,-108.67,3160,274.26
386,-107.68,3397,277.42
409.31,-112.06,3280,264.67
429.84,-119.39,3307,267.25
448.27,-130.09,3076,268.02
463.5,-136.29,2734,217.87
473.53,-139.15,2688,239.51
476.72,-149.44,1706,258.73
477.87,-153.75,1752,244.34
472.36,-147.45,1995,277.41
473.16,-150.11,1914,272.89
461.74,-160.14,1406,215.53
465.46,-147.89,2276,332.88
463.26,-144.82,2271,351.2
462.54,-143.87,2400,348.14
460.64,-142.49,2449,354.56
460.96,-140.25,2503,360.1
459.39,-140.46,2538,361.87
458.43,-140.03,2471,376.29
458.41,-137.31,2610,377.78
458.54,-132.98,2647,369.08
458.69,-131.45,3231,275.13
460.4,-135.52,3100,253.33
462.88,-136.1,2199,313.09
469.01,-144.28,1975,285.47
472.07,-153.64,1875,281.77
466.03,-153.86,1937,295.89
465.87,-146.55,2504,354.34
462,-142.57,2724,350.23
464.98,-135.79,2945,319.46
457.2,-136.59,3072,277.36
455.72,-131.84,3245,293.19
461.43,-137.54,2519,308.68
472.81,-150.16,1944,273.63
475.17,-157.36,1737,267.49
462.83,-152.78,1701,212.92
459.7,-143.87,2341,336.99
454.95,-143.27,3698,289.08
442.3,-137.45,3549,271.89
437.91,-133.85,3411,283.33
446.08,-133.22,3589,284.13
461.85,-135.11,2841,246.62
473.96,-140.89,1973,244.07
486.34,-147.73,1398,186.48
495.03,-163.13,1153,168.31
493.8,-164.04,1127,153.77
491.54,-157.01,1317,186.86
487.99,-167.59,1575,215.75
502.34,-164.74,2906,200.69
514.48,-167.33,2829,211.26
515.99,-172.86,2960,233.01
516.43,-173.83,3099,248.78
512.94,-176.64,2912,232.61
517.49,-176,2652,229.05
515.16,-178.92,2547,218.94
504.53,-172.04,2916,259.77
479.68,-166.61,3430,267.46
454.16,-159.13,3475,283.67
435.85,-150.43,3605,290.09
432.27,-152.2,3676,278.31
452.44,-152.91,3798,277.09
476.44,-158.23,3746,274.65
498.15,-168.98,3526,255.53
514.95,-170.62,3305,258.49
526.02,-178.81,3163,249
514.67,-177.18,3240,242.86
493.22,-166.28,3314,249.48
469.78,-158.41,3537,256.63
451.14,-157.56,3565,257.13
436.55,-163.31,3348,245.16
431.15,-161.41,3676,283.98
442.44,-148.11,3695,283.58
465.56,-142.92,3616,260.26
486.72,-149.53,3481,246.67
505.81,-167.5,3534,247.98
522.85,-172.42,3298,245.31
535.96,-182.06,3040,221.12
525.66,-188.17,3098,244.09
505.99,-186.59,3166,228.79
497.16,-190.59,3192,230.41
488.63,-177.49,3364,253.49
472.04,-166.9,3545,259.48
451.41,-154.07,3764,264.32
440.71,-160.96,3531,251.67
449.87,-166.15,3954,304.49
468.64,-160.35,3882,299.99
491.87,-166.59,3803,269.81
514.35,-179.63,3712,270.37
527.52,-190.82,3355,234.84
527.48,-189.95,3300,267.28
508.87,-192.55,3430,281.11
492.25,-187.31,3498,262.89
473.29,-181.84,3634,258.16
455.08,-175.38,3525,251.36
447.69,-167.02,3607,267.86
460.11,-174.93,3685,269.05
484.54,-173.47,3721,266.67
506.77,-181.42,3598,261.77
525.29,-189.82,3477,267.57
530.45,-196.8,3419,259.89
526.54,-199.63,3047,223.16
515.47,-193.99,3037,228.27
512.98,-193.37,3105,238.76
512.16,-182.77,2909,214.12
507.5,-181.1,2574,204.84
502.22,-181.66,2796,205.84
506.06,-180.98,2667,202.83
500.16,-183.3,3186,234.86
511.27,-177.3,3174,222.34
506.58,-167.02,3177,245.97
492.04,-154.24,3621,271.14
464.13,-153.97,3664,267.14
438.02,-149.41,3782,283.15
418.54,-146.72,3878,276.45
413.48,-154.56,3832,266.55
398.66,-148.45,3821,274.75
383.93,-153.51,3947,297.21
368.25,-154.95,3728,289.24
351.18,-150.92,3739,288.37
346.38,-142.28,3871,298.85
329.4,-132.31,3771,297.69
308.08,-124.09,3845,302.64
288.53,-120.4,3938,317.78
269.95,-118.3,3746,296.25
256.4,-121.88,3510,237.72
261.38,-122.93,3678,256.52
276.34,-129.24,3759,268.49
295.19,-129.37,3808,309.25
301.55,-129.69,3435,241.84
315,-119.44,3958,283.47
319.7,-102.39,3834,313.61
314.01,-85.767,3922,299.6
305.22,-77.87,4049,347.65
296.56,-79.643,4250,386.56
273,-85.135,4299,375.23
253.77,-98.868,4242,356.79
240.68,-99.739,4010,330.53
244.27,-96.759,3824,292.57
260.14,-84.259,3798,285.17
273.28,-74.219,3550,251.89
281.11,-70.877,3644,293.24
304.2,-72.514,3714,280.92
323.55,-80.841,3707,290.52
347.51,-89.105,3755,308.3
371.56,-92.337,3842,308.04
394.6,-97.259,3875,302.8
417.54,-102.5,3839,295.44
439.26,-109.56,3730,286.27
454.79,-119.1,3632,287.14
472.05,-129.64,3580,295.09
491.34,-147.36,3368,265.46
504.18,-159.97,3469,276.73
522.79,-171.53,3187,264.9
537.48,-180.02,3111,273.56
536.78,-194.05,3161,247.11
534.25,-192.98,3310,307.41
516.32,-191.18,3514,315.98
496.32,-184.9,3620,315.59
479.75,-178.85,3749,330.5
461.31,-182.98,3675,323.66
455.49,-187.71,3780,301.71
443.87,-190.56,3783,294.63
452.16,-201.9,3686,284.49
457.29,-205.33,3708,297.11
461.94,-217.37,3629,304.51
468.28,-216.46,3701,323.56
477.13,-217.52,3387,278.93
468.77,-221.64,3230,279.26
463.35,-226.92,3338,292.3
446.6,-224.76,3160,263.76
430.81,-215.68,3272,260.77
428.07,-208.12,3350,253.32
446.73,-194.82,3409,248.56
462.06,-189.38,3843,301.25
463.22,-201.81,3583,256.65
480.09,-205.5,3475,269.74
482.5,-190.45,3670,280.79
482.39,-171,3663,289
471.8,-155.98,3793,301.32
468.36,-152.82,4281,355.93
465,-147.17,4757,378
468.96,-153.19,4854,351.05
471.44,-155.82,5053,355.19
468.86,-154.42,4595,531.89
465.93,-152.02,4577,529.27
465.01,-152.11,4680,548.88
464.25,-152.04,4188,576.73
463.44,-150.51,4335,594.75
463.21,-150.21,4419,601.2
460.67,-149.14,4535,393.46
457.02,-147.45,4623,353.44
451.59,-148.07,4564,320.51
447.9,-147.72,4561,287.11
445.91,-148.57,4245,286.27
442.69,-144.4,4109,276.06
436.54,-149.15,4027,263.45
436.48,-149.08,4093,260.42
437.1,-146.53,4218,269.04
443.44,-143.14,4238,266.81
447.04,-146.52,4101,272.7
458.3,-151.99,4131,275.71
467.5,-156.72,4178,299.32
474.67,-162.75,4140,294.15
490.21,-158.37,4216,290.22
504.5,-162.48,3864,274.57
519.35,-169.92,3720,277.47
530.83,-182.04,3654,289.17
538.26,-184.64,3375,290.13
526.83,-178.42,3684,293.07
514.85,-180.44,3954,303.19
503.05,-175.69,3745,267.81
488.1,-162.58,3901,289.91
467.75,-159.24,4167,316.56
444.88,-154.66,4226,316.64
423.79,-155.72,4072,312.22
402.78,-151.43,4257,321.15
388.98,-146.65,4289,339.22
363.51,-146.12,4435,339.04
348.33,-148.11,4166,314.76
350.49,-153.65,4136,288.9
367.84,-153.24,4492,350.63
388.85,-143.45,4613,372.61
402.13,-127.66,4597,368.66
420.95,-113.58,4399,312.04
438.93,-109.35,4137,276.88
450.95,-110.18,3930,269.27
459.19,-118.41,3822,296.74
473.57,-132.45,4041,315.42
491.08,-152.01,3986,313.46
510.85,-161.48,3410,267.36
506.86,-164.65,3700,277.69
486.89,-167.58,3868,316.49
463.31,-164.87,3870,302.59
439.79,-163.71,3828,308.29
423.21,-168.03,3830,328.6
406.13,-175.79,3997,340.87
387.41,-185.38,3831,319.8
379.18,-197.8,3622,311.03
377.33,-206.73,3950,348.09
389.07,-222.64,3921,272.48
402.96,-233.23,3928,268.27
416.31,-238.8,3977,307.47
431.23,-246.5,4050,356.06
443.96,-256.13,3961,350.84
453.51,-262.8,3885,341.71
457.87,-268.58,3696,327.09
464.01,-277.69,3479,301.13
469.68,-284.84,3229,284.26
459.61,-293.32,3172,235.09
453.34,-290.95,2896,224.9
462.44,-278.07,3180,255.19
477.32,-270.53,3142,245.92
493.45,-270.18,2853,212.06
480.28,-276.64,3037,238.03
464.95,-293.66,3037,241.63
460.18,-303.82,2867,215.48
447.95,-291.41,3203,246.95
440.86,-302.62,3101,241.63
425.62,-298.6,3453,281.58
409.61,-285.4,3643,310.61
395.5,-270.36,3820,328.15
381.88,-254.13,3806,302.94
365.5,-244.55,3599,291.28
354.63,-239.31,3803,312.4
339.67,-241.65,3680,302.35
326.9,-250.49,3672,305.74
312.45,-252.53,3682,303.63
301.25,-260.36,3631,298.03
287.02,-273.41,3436,282.03
276.83,-282.06,3419,275.88
279.17,-287.56,3558,306.46
276,-291.59,3639,316.21
271.93,-302.01,3601,288.05
262.99,-315.15,3289,245.55
263.21,-321.07,3516,289.58
250.86,-329.46,3161,245.81
245.7,-340.05,3132,247.33
257.87,-340.37,3215,253.74
268.99,-332.1,3289,254.96
277.48,-324.42,3139,239.99
281.5,-337.83,2687,206.21
278.36,-349.96,2905,215.05
278.06,-352.32,2945,232.8
271.93,-357.63,3023,221.86
272.47,-351.86,3054,224.09
274.21,-349.25,3388,256.02
274.2,-347.82,3374,251.57
279.85,-356.84,3511,282.19
289.93,-358.2,3377,272.4
278.66,-368.7,3274,256.71
285.82,-367.45,3194,243.87
271.03,-363.57,3428,271.87
274.69,-369.59,3329,252.94
277.21,-351.07,3636,268.6
274.83,-360.21,3332,254.42
281.38,-361.54,3290,251.56
279.71,-350.27,3165,233.14
285.4,-345.35,2912,212.92
283.51,-320.96,2966,217.06
287.9,-310.28,3387,249.43
294.57,-312.49,3787,282.07
303.28,-303.03,3549,264.33
295.88,-289.66,3284,239.6
300.45,-289.46,3539,284.56
303.67,-298.29,3689,289.64
310.34,-293.08,3605,260.22
306.45,-283.25,3255,227.56
305.84,-286.99,2937,212.83
302.41,-280.65,3295,235.39
295.6,-281.65,3151,244.44
284.42,-270.72,3440,266.37
271.95,-275.84,3348,243.08
276.36,-262.75,3562,287.69
295.35,-251.48,3669,272.22
320.92,-243.56,3736,285.35
345.45,-241.72,3759,291.25
368.73,-249.48,3838,308
385.35,-258.62,3816,302.25
403.62,-274.9,3775,299.6
422.79,-280.28,3640,277.41
432.31,-276.48,3414,263.39
441.67,-264.4,3663,291.78
457.46,-266.99,3651,293.34
482.13,-270.5,3429,263.36
492.75,-275.61,3202,250.65
501.13,-289.36,3146,240.27
502.92,-288.37,2873,215.17
495.99,-290.85,2918,250.05
496.74,-281.22,2742,218.13
501.42,-285.82,2825,213.58
491.77,-287.81,3013,244.1
502,-277.61,2959,236.05
519.98,-271.71,2641,217.35
529.47,-280.18,2551,216.37
526.41,-286.71,1296,161.15
535.65,-274.38,1016,148.38
541.29,-287.21,1114,149.88
539.15,-294.47,1165,131.41
550.42,-297.44,1053,142.58
546.69,-300.14,1063,165.28
531.52,-297.3,1394,176.79
516.66,-296.28,1938,199.83
517.51,-301.78,2326,195.86
513.92,-294.78,2623,232.02
509.44,-280.7,3060,252.96
507.84,-287.79,3161,269.88
500.72,-292.05,3555,314.47
499.4,-297.99,3509,339.56
514.33,-291.31,3367,307.19
526,-295.12,2127,272.2
540.2,-296.99,1258,206.28
560.79,-308.05,2587,226
562.58,-310.26,2693,219.44
561.58,-312.43,2754,235.49
564.33,-310.23,2753,240.2
560.77,-309.54,2999,231.14
557.57,-307.25,3208,248.06
554.63,-306.64,3286,251.64
552.97,-305.83,3386,255.34
552.06,-304.24,3531,265.3
550.95,-303.3,3575,265.9
550.66,-303.43,3610,271.21
549.58,-300.66,3628,287.62
548.79,-301.53,3588,281.7
550.46,-302.81,3425,289.55
555.23,-302.38,2978,262.07
560.05,-304.87,2695,234.67
566.4,-309.72,2450,240.38
564.96,-317.86,2374,231.3
558.85,-316.36,2679,252.03
554.73,-311.69,2929,276.14
552.06,-311.37,2987,287.95
550.24,-310.15,3194,292.53
548.51,-308.35,3307,299.13
547.64,-306.55,3426,305.42
551.52,-307.64,4506,348.66
550.84,-307.5,4585,344.69
550.07,-306.59,3892,347.45
550.07,-306.92,4032,360.13
550.09,-306.34,4126,371.78
550.26,-307.01,4576,403.51
548.67,-306.26,4260,382.52
554.7,-302.06,3722,355.64
556.55,-296.18,3640,350.44
559.14,-298.34,3751,334.17
562.08,-299.77,3864,335.49
559.37,-302.04,4186,380.88
559.11,-302.3,4122,394.12
557.82,-297.21,3979,372.5
557.52,-297.67,4043,383.6
556.97,-297.29,4038,390.93
556.38,-297.14,4065,397.29
555.88,-297.33,4155,410.34
553.95,-296.82,4090,407.17
555.07,-297.24,4020,401.03
558.49,-299.72,3779,377.58
561.83,-300.16,3468,359.71
565.99,-306.14,3199,299.76
569.9,-306.06,3027,284.36
573.23,-308.52,2829,281.68
572.35,-304.69,2714,281.86
568.91,-311.32,2624,282.01
566.68,-317.46,2624,284.88
567.72,-321.32,2867,290.69
566.56,-317.05,3190,358.95
551,-316.38,2575,245.08
554.95,-307.08,2603,235.94
561.92,-302.64,3464,369.1
559.97,-303.27,3593,409.02
557.64,-302.03,3585,371.05
557.04,-302.32,3722,383.34
555.9,-300.84,3793,386.22
556.87,-300.47,4007,415.51
556.19,-299.51,4022,404.88
556.37,-300.74,4054,413.58
556.97,-299.96,4083,422.16
558.53,-299.16,4116,416.28
558.14,-299.58,3904,365.83
558.22,-298.09,3464,292.08
564.12,-291.11,3335,328.85
569.35,-289.24,3232,343.31
570.96,-290.85,2786,280.14
575.66,-295.99,2359,221.27
581.15,-304.76,2186,295.04
582.8,-311.01,2110,257.22
585.19,-312.03,2168,232.57
581.37,-314.57,2200,239.46
579.2,-312.41,2322,253.43
577.57,-310.84,2442,251.85
576.93,-308.21,2609,272.56
575.82,-307.87,2706,289.69
574.69,-307.44,2763,283.89
573.5,-307,2825,296.26
572.54,-305.34,2826,297.18
572.94,-305.77,2937,301.82
572.84,-305.28,2951,311.18
573.36,-308.04,3120,309.89
573.36,-308.04,3120,309.89
