0,-0,1069,123.46
0.44447,-0.20518,1283,136.09
0.43973,-0.24395,1340,140.38
0.035624,0.013346,1329,139.05
-0.4588,-1.2287,1297,134.22
-0.78051,-0.65682,1222,129.97
-0.86079,-0.22371,1205,129
-1.1235,-0.93387,1214,129.83
-0.6391,-1.7003,1224,135.66
0.044755,-2.4642,1215,135.73
1.2028,-2.6317,1216,130.83
2.4589,-2.1461,1199,129.61
3.9477,-3.0789,1158,125.09
4.948,-2.8667,1140,127.72
4.7801,-3.3802,1158,128.2
3.8054,-3.2811,1152,127.58
2.4475,-4.1488,1224,128.9
2.6288,-3.7081,1276,134.45
2.7757,-4.0856,1248,134.7
1.896,-2.8883,1273,137.67
0.43656,-1.9367,1209,124.67
-0.67458,-1.0774,1135,122.47
-1.5678,-1.4801,1122,117.34
-1.2665,-1.8933,1141,123.09
-0.58688,0.49628,1158,125.24
1.7958,-1.5694,1079,118.17
2.1543,-2.4205,1022,115.25
3.5732,-2.5935,1144,131.16
1.1344,-3.9484,1113,125.95
0.75642,-1.1416,1165,130.64
1.195,-0.65042,1297,136.58
2.2918,-1.706,1346,138.76
2.4491,-0.5555,1348,141.25
2.4031,-1.2432,1341,137.83
2.4653,-1.4645,1329,141.63
2.6383,-1.5037,1321,138.72
3.3351,-0.60612,1301,139.96
3.4496,-1.4398,1323,139.92
3.106,-0.97824,1313,140.38
0.76286,-2.1445,1222,131.78
-1.5537,0.21674,1199,125.43
-2.0647,-0.76458,1215,128.67
-1.6922,0.37245,1157,123.85
-2.9209,0.37604,1186,124.36
-3.6606,-0.18766,1293,135.17
-1.8201,0.66193,1278,130.48
-1.8309,0.031586,1365,136.63
-0.56727,1.5352,1407,146.97
3.1618,-3.1005,1504,144.89
2.2739,-4.4101,1541,154.26
-0.7178,-4.0834,1551,153.87
-0.68451,-0.85987,1520,147.89
0.16405,-1.6859,1680,154.04
1.331,-2.4905,1717,156.92
1.6517,-2.8882,1705,155.64
1.6758,-2.6418,1705,156.41
1.6417,-2.8872,1692,156.21
1.6392,-3.1732,1719,156.68
1.2764,-2.8523,1769,160.65
1.5582,-1.6646,1849,162.1
1.7437,-3.1155,1751,156.99
1.9805,-2.1128,1555,147.57
0.51878,-1.6059,1520,148.05
-0.64844,-0.80649,1522,148.41
-1.1628,-1.4577,1567,155.08
-0.14074,-1.2655,1499,145.99
-0.3449,-1.3109,1443,143.75
0.10015,-1.9322,1432,139.81
-1.0164,-1.1904,1486,147.03
-0.76009,-0.8865,1612,157.91
0.74117,0.8587,1752,163.41
4.398,-1.8749,1805,174.62
3.4809,-3.9564,1830,168.27
0.28103,-1.3028,1816,163.47
-2.6378,2.5176,1791,160.93
-1.5825,1.0269,1836,164.99
3.5373,-1.6981,1851,171.69
3.7429,-1.6888,1856,186.49
2.3412,-1.992,2016,189.45
-0.691,-2.174,1864,167.26
-2.6891,1.3653,1685,156.02
0.88979,-0.62852,1753,170.02
2.6098,-2.4451,1940,185.78
3.0023,-5.0367,2007,182.53
2.1195,-3.6801,1988,178.96
2.0749,-3.0428,1963,177
0.18112,-2.1001,1994,177
4.9002,-4.2819,1886,176.11
0.88389,-2.5619,2016,181.86
0.4048,-3.1804,2015,194.74
1.7333,-3.4835,2217,201.3
2.7607,-5.9736,2264,203.22
5.988,-7.6601,2154,196.7
7.8462,-6.5544,2261,211.77
12.419,-7.3318,2503,227.53
16.133,-8.3112,2551,238.98
21.199,-9.7188,2683,247.84
23.617,-11.221,2603,245.34
23.546,-10.564,2676,253.78
25.063,-11.749,2577,234.81
25.255,-11.202,2516,235.2
24.872,-10.133,2741,250.74
22.036,-8.3933,2814,249.64
19.464,-9.1108,2930,251.6
16.469,-8.6961,2862,240.17
14.876,-6.4656,2852,242.15
17.83,-5.4388,2880,232.52
16.745,-8.5528,2738,210.87
18.199,-8.3968,2898,247.68
21.119,-8.6008,3072,253.44
18.74,-10.324,2901,232.91
11.108,-11.419,2860,228.87
3.4298,-6.9435,2906,236.48
-0.42955,-1.732,2887,217.16
-3.4754,1.7853,2781,204.88
-2.3889,3.6691,2679,201.23
1.4997,-1.4864,2960,215.88
9.9235,-8.0367,2979,225.95
17.973,-6.485,3254,242.28
22.596,-5.9675,3078,240.4
25.13,-7.3111,3128,230.61
24.933,-11.032,3279,270.82
22.305,-11.77,3324,268.09
16.7,-10.207,3267,255.11
12.965,-10.961,2930,220.86
7.2711,-10.792,2685,206.25
3.5291,-6.485,2550,201.24
2.0446,-0.40677,2648,206.8
7.2403,-2.3798,2922,225.21
14.688,-6.1022,3038,240.3
22.308,-3.8979,3118,251.84
28.578,-3.0952,3222,267.38
40.318,-8.5382,3076,240.93
48.596,-12.646,2923,219.49
55.812,-14.533,2853,227.75
55.508,-16.636,2990,244.33
47.63,-13.686,3255,281.12
36.384,-15.674,3447,286.48
26,-15.77,3303,259.41
17.491,-12.718,3234,252.42
13.36,-9.4028,3331,269.92
16.808,-6.3022,3189,250.7
20.88,-7.7033,3096,232.19
21.665,-9.2084,3121,239.5
22.006,-8.6773,3207,249.16
24.759,-9.0732,3205,246.79
27.443,-9.7412,3229,248.31
29.78,-10.025,3212,245.43
35.032,-8.3429,3347,272.05
38.82,-10.329,3364,283.95
41.053,-12.775,3371,282.7
40.136,-14.057,3388,287.26
35.663,-12.581,3357,272.94
34.366,-14.089,3447,277.61
31.314,-13.752,3318,259.14
27.772,-14.709,3242,254.18
25.089,-15.086,3029,233.99
16.547,-14.458,3137,246.12
8.5013,-9.0698,3288,267.75
4.6759,-5.0444,3271,262.42
7.2093,-6.3773,3026,238.07
17.617,-4.8993,3078,229.19
24.24,-2.7506,3195,258.51
34.053,-7.3729,2998,224.2
43.012,-10.631,2925,220.34
49.01,-12.586,2796,224.37
54.36,-13.535,2933,231.23
57.371,-15.366,3003,236.88
56.174,-17.588,2900,230.65
53.374,-18.53,2950,227.05
51.983,-16.354,3266,258.49
52.039,-16.009,3637,262.31
51.517,-15.681,3878,271.32
50.664,-16.585,4036,273.27
50.378,-16.349,4191,274.59
49.355,-16.609,4431,277.37
48.366,-15.872,4331,274.83
46.902,-14.503,4286,279.15
43.049,-16.006,4078,270.83
40.521,-17.475,3919,261.54
40.153,-16.605,3595,255.14
40.871,-11.609,3405,246.2
40.606,-11.282,3449,253.82
40.447,-12.383,3412,242.57
41.255,-13.37,3650,266.9
39.424,-10.674,3706,282.19
38.754,-8.278,3763,299.94
34.76,-6.6595,3912,309.17
29.679,-6.9407,4010,298.03
27.324,-7.8805,4159,312.14
26.76,-6.7584,4423,308.2
27.86,-8.1262,4626,314.56
29.111,-8.6154,4793,328.52
30.212,-8.4445,4906,322.38
30.96,-9.1972,4989,329.3
31.606,-10.276,4880,331.38
33.136,-7.5971,4709,337.56
33.537,-7.2485,4421,300.56
36.016,-8.9031,4102,275.41
39.675,-12.218,3856,263.87
41.707,-15.177,3866,288.49
42.026,-16.461,3863,297.31
38.264,-17.49,3826,294.64
31.141,-18.346,3865,284.16
22.733,-15.253,3838,273.22
17.302,-12.207,3736,262.5
13.845,-10.841,3625,254.99
10.039,-6.6516,3465,227.81
13.533,-4.1458,3427,234.36
20.904,-4.4715,3598,249.55
30.673,-7.2518,3644,245.15
41.079,-10.026,3864,283.03
49.192,-14.456,3911,273.29
53.179,-16.211,3861,275.22
52.473,-19.85,3737,267.25
49.369,-23.022,3760,270.91
38.275,-22.32,3800,288.61
27.354,-17.172,3889,283.47
19.071,-10.507,3686,259.07
17.02,-10.681,3646,259.66
17.654,-10.561,3375,234.96
16.317,-7.2687,3488,246.77
15.696,-9.7827,3402,245.15
15.049,-9.2487,3454,257.29
13.885,-8.2395,3482,262.63
12.46,-5.9638,3547,266.81
11.57,-5.743,3690,256.98
10.816,-3.8087,3768,254.8
8.6092,-2.0369,3653,253.98
6.4072,1.1811,3429,246.2
4.9712,4.9444,3072,219.02
4.9825,7.2575,2978,206.06
8.4192,9.4028,3064,216.22
12.09,8.2077,3153,216.62
17.092,3.5482,3349,233.17
24.887,-4.4418,3594,266.51
33.273,-10.239,3814,267.25
41.379,-13.784,3784,259.45
51.127,-13.161,3918,286.92
59.388,-16.094,3757,276.31
64.091,-19.7,3744,268.84
68.048,-21.448,3691,263.26
66.684,-26.063,3537,253.06
65.087,-27.806,3672,263.45
55.463,-27.64,3882,275.94
44.17,-22.302,3824,270.69
35.021,-17.605,3943,290.28
27.45,-13.836,3847,271.29
21.562,-9.2063,3763,271.15
19.918,-6.6478,3451,253.22
15.589,-6.2835,3543,252.66
7.7224,-4.176,3275,256.55
6.9446,-3.1734,2891,213.46
10.715,-4.1664,2736,204.75
13.023,-4.4274,2938,222.32
15.91,-4.4911,3052,230.05
16.488,-8.5952,3553,285.21
22.393,-7.06,3482,269.2
29.822,-7.2157,3615,285.43
35.833,-8.8009,3705,286.64
45.816,-13.143,3779,262.93
57.425,-12.315,3856,273.51
66.51,-16.743,3350,250.45
70.302,-21.22,3214,252.71
69.931,-27.496,3340,261.69
69.388,-29.467,3466,279.15
60.109,-27.69,3440,253.56
51.881,-28.797,3442,262.21
45.534,-24.298,3474,274.72
39.419,-23.862,3530,269.62
32.652,-19.95,3403,259.87
25.428,-22.004,3334,248.01
16.618,-16.974,3534,275.42
8.4963,-7.9444,3684,287.81
7.2598,-0.18581,3596,251.83
12.161,3.4311,3360,243.62
23.985,1.479,3208,229.58
34.559,-2.6743,3082,222.66
44.671,-8.9488,3254,247.63
54.377,-12.214,3592,282.17
61.959,-18.885,3692,283.49
70.565,-27.248,3746,290.96
79.102,-33.995,3632,267.53
80.596,-38.493,3407,246.55
75.18,-41.2,3442,242.65
66.934,-41.674,3424,272.42
57.56,-40.275,3609,287.71
43.589,-31.927,3617,281.74
29.523,-23.387,3653,284.17
24.576,-20.234,3562,253.99
25.935,-11.964,3543,258.9
22.723,-9.0746,3906,307.11
31.597,-12.583,3815,261.54
45.047,-18.813,3697,257.13
56.784,-24.613,3605,241.17
64.68,-20.381,3648,266.71
69.089,-27.031,3598,263.14
75.09,-27,3607,265.72
75.429,-32.838,3517,253.37
73.704,-33.377,3761,268.82
70.415,-30.241,4243,286.24
68.25,-30.351,4637,321.81
66.442,-29.345,4937,353.83
68.7,-30.841,4690,377.01
68.429,-29.231,4762,361.44
65.564,-28.503,4738,377.9
61.718,-28.029,4890,412.01
58.487,-26.949,4749,575.88
51.261,-25.326,4606,335.6
48.279,-26.603,4375,300.77
50.476,-26.853,4344,298.29
49.176,-21.611,4201,293.27
46.118,-20.092,4299,303.16
42.866,-21.023,4169,287.01
45.125,-21.889,4343,287.56
45.676,-24.303,4453,304.98
49.78,-22.037,4684,311.89
57.64,-22.707,4625,311.85
63.623,-26.436,4319,290.13
66.505,-26.901,4296,296.18
67.558,-27.604,4395,311.88
67.06,-27.318,4502,423.11
67.713,-28.235,4596,380.21
71.842,-29.717,4235,331.81
74.266,-32.629,4136,356.29
74.499,-31.068,4327,354.11
72.221,-28.107,4550,348.71
68.182,-25.934,4376,345.32
62.547,-22.384,4378,326.62
55.686,-22.683,4691,354.31
55.617,-25.134,4899,347.24
62.934,-27.313,4860,339.37
68.719,-25.381,4710,333.07
72.644,-27.544,4465,316.89
75.851,-29.348,4343,290.16
77.687,-31.434,4179,293.15
77.005,-34.199,4198,308.94
75.748,-34.413,4252,314.33
70.899,-32.309,4426,332.94
67.712,-31.042,4358,321.73
63.137,-28.303,4198,301.78
60.064,-26.108,4119,300.1
55.215,-26.293,4054,303.2
55.228,-26.334,3930,278.7
52.945,-24.238,3940,299.71
51.323,-19.178,4151,313.74
53.762,-18.46,4025,301.01
54.727,-16.911,3994,324.43
50.695,-16.957,4115,333.19
48.85,-15.865,4125,336.34
46.448,-18.141,4333,369.17
47.299,-16.962,4382,369.1
52.517,-21.431,4148,336.62
55.119,-20.819,4151,311.73
56.78,-19.581,3959,313.22
54.194,-15.723,4076,325.26
56.199,-18.321,3770,262.18
62.532,-20.709,3466,244.23
72.965,-18.525,3737,270.42
85.014,-21.94,3717,253.61
97.1,-34.658,3726,252.42
104.67,-40.891,3455,235.05
104.66,-44.581,3851,293.95
99.336,-53.861,3776,276.83
88.619,-54.18,4002,329.3
71.51,-47.963,4169,358.56
54.769,-38.185,4158,357.86
42.739,-28.826,4057,310.33
34.677,-15.051,4093,311.61
29.938,-16.386,4275,340.2
39.76,-13.717,4067,318.72
43.422,-14.377,4368,344.98
50.36,-19.957,4152,285.73
58.574,-25.558,3900,276.15
62.998,-29.268,3825,336.49
60.397,-26.554,3995,311.81
60.103,-28.727,3878,280.09
67.542,-24.43,3752,266.34
74.055,-28.386,3877,293.11
88.535,-35.036,4108,298.78
102.92,-37.991,3829,289.54
113.66,-46.785,3626,267.54
120.25,-55.086,3459,256.17
127.82,-63.571,3246,248.75
131.78,-68.675,3250,255.42
123.8,-71.738,3405,266.28
110.99,-69.275,3758,341.1
92.149,-59.04,3713,289.77
74.303,-49.677,3845,306.83
55.285,-38.997,3897,301.66
36.255,-27.483,3927,291.56
21.758,-15.236,3840,301.09
14.068,-8.674,3650,280.96
19.23,-15.658,3781,307.12
35.811,-22.434,3833,278.6
48.008,-18.274,3871,295.62
59.515,-19.463,3706,281
70.805,-22.172,3385,254.54
85.848,-22.415,3533,259.87
97.174,-27.058,3595,262.78
110.95,-36.027,3546,271.35
123.09,-44.466,3479,248.22
133.1,-56.106,3195,229.22
139.15,-62.051,3167,244.95
137.16,-67.486,3428,275.02
135.09,-73.36,3562,274.12
130.89,-75.647,3388,271.18
120.9,-73.413,3222,260.31
111,-71.512,2947,225.02
108.05,-63.878,2477,201.32
103.31,-61.459,2375,196.14
100.16,-60.073,2405,202.18
104.12,-56.224,2885,262.53
100.63,-47.118,3269,256.9
92.37,-39.782,3355,234.03
83.839,-36.64,3554,274.48
71.334,-31.33,3682,289.58
59.913,-32.242,3728,283.74
55.183,-24.008,3764,295.68
58.447,-21.495,3669,296.75
68.001,-21.564,3619,259.23
73.024,-19.952,3529,232.72
79.807,-21.398,3320,245.83
85.226,-18.793,3482,267.93
86.478,-18.871,3613,269.17
92.002,-26.032,3738,299.57
95.722,-32.518,3776,329.35
99.697,-37.186,3678,317.33
102.32,-42.046,3693,310.62
105.83,-45.28,3791,326.98
103,-45.7,3774,332.02
99.357,-50.629,3888,351.43
94.582,-51.574,3904,340.87
85.728,-50.916,3746,314.57
77.655,-46.212,3549,282.82
67.46,-47.291,3409,266.33
54.74,-43.254,3473,277.28
39.023,-32.657,3354,271.4
24.571,-17.884,3492,269.15
7.9187,-14.148,3493,277.22
2.0246,-7.3256,3215,236.35
12.07,1.5443,3260,250.48
18.135,-3.1167,3657,320.26
26.221,-5.2474,3425,293.54
39.889,-9.7716,3396,279.25
46.31,-15.2,3484,302.72
50.4,-22.78,3560,290.5
59.753,-29.282,3562,316.77
78.055,-35.295,3751,270.17
94.064,-32.916,3727,255.66
105.25,-31.397,3660,280.73
112.58,-38.723,3613,297.89
118.63,-47.081,3786,312.57
119.34,-52.811,3874,326.34
117.58,-54.753,3821,307.02
114.89,-60.878,3619,289.06
108.33,-59.755,3196,223.3
101.75,-58.613,3103,236.65
85.073,-53.314,3310,252.18
66.264,-47.735,3560,312.16
47.854,-38.26,3581,286.71
31.739,-25.049,3689,288.63
18.482,-21.607,3543,298.74
10.894,-19.441,3155,238.72
0.34825,-17.547,3162,241.8
3.1444,-6.2829,3226,250.16
12.25,3.7222,3370,280.04
33.848,5.5185,3512,295.88
52.744,0.18501,3635,328.29
71.181,-5.5026,3534,294.12
87.065,-9.1701,3545,283.61
101.71,-10.469,3229,249.8
108.29,-13.11,3218,240.49
117.31,-15.12,3351,264.4
129.03,-25.981,3387,257.09
137.98,-39.857,3366,258.26
147.74,-51.346,3243,244.04
154.15,-61.587,3339,244.9
166.51,-69.3,3054,228.28
172.31,-67.572,2871,231.08
173.66,-76.31,3032,253.7
178.69,-83.252,3244,254.57
182.85,-88.473,3165,247.27
183.29,-88.629,3050,231.49
177.95,-89.91,3145,226.63
170.44,-87.989,2715,241.28
164.54,-86.236,3083,233.83
152.98,-88.819,2956,264.82
141.14,-83.779,3492,335.28
122.28,-81.006,3462,325.95
99.456,-69.421,3582,330.5
80.936,-54.728,3777,337.69
61.16,-39.235,3817,316.68
41.758,-30.404,3802,322.51
32.866,-17.264,3467,280.53
30.139,-15.474,3349,272.34
39.609,-11.132,3130,227.94
44.458,-8.3716,3293,296.69
42.938,-2.419,3564,317.97
37.078,-5.9742,3528,309.55
42.027,-4.4204,3333,271.92
59.846,-7.0918,3385,283.65
77.147,-3.6695,3414,287.73
92.057,-5.686,3368,267.15
105.88,-9.2546,3244,255.69
118.82,-15.943,3098,234.28
131.71,-24.877,3220,258.51
143.67,-34.603,3167,251.42
153.18,-43.902,3184,240.37
164.01,-57.273,3208,268.2
178.72,-67.497,3260,246.16
191.15,-75.133,3367,244.61
199.18,-83.519,3268,216.9
201.58,-92.041,3149,235.11
193.72,-101.05,3249,261.13
175.23,-97.918,3217,269.75
155.76,-93.303,3488,283.31
136.42,-84.025,3621,285.99
115.4,-72.266,3683,300.98
93.028,-63.192,3691,320.18
71.842,-47.914,3759,324.89
50.312,-34.923,3767,332.02
30.319,-26.379,3761,326.81
12.953,-16.071,3545,308.88
0.74743,-8.0875,3304,270.96
-0.75681,-2.6977,3101,255.43
7.8893,1.4042,3298,277.28
24.123,5.6191,3577,288.9
43.619,3.8919,3434,253.49
63.126,4.1158,3378,250.17
79.322,1.1092,3212,242.13
92.154,2.3809,3169,248.43
100.45,0.088993,3084,245.14
113.09,-1.3655,3270,267.37
127.26,-9.1851,3183,246.82
139.32,-15.745,3101,227.98
150.86,-23.969,2964,212.49
161.58,-34.575,2934,210.63
171.5,-39.196,3071,237.77
173.85,-45.137,2978,250.4
182.4,-51.786,2833,231.34
194.75,-60.699,3057,244.54
205.61,-69.955,3064,227.99
216.48,-77.08,3189,225.52
226.07,-90.439,2976,212.12
229.72,-98.792,2965,213.57
232.61,-105.13,2836,220.58
233.28,-110.61,3031,230.81
239.57,-113.91,3113,233.43
237.79,-116.35,2831,208.6
233.68,-114.89,3213,268.47
224.93,-119.04,3311,284.58
208.33,-122.59,3467,301.05
190.59,-119.59,3665,339.42
167.28,-110.19,3726,348.51
146.3,-101.02,3644,345.47
124.1,-86.807,3808,355.38
101.39,-73.57,3829,367.26
80.702,-59.252,3831,367.12
59.676,-45.141,3814,357.32
38.747,-32.172,3799,365.4
26.139,-26.204,3535,320.4
16.488,-16.893,3311,289.74
26.959,-12.683,3309,270.99
25.86,-2.14,3167,266.52
17.948,-6.6451,3294,289.9
29.388,-10.928,3422,266.62
48.59,-13.446,3624,252.69
68.339,-11.29,3639,258.67
83.745,-3.8761,3547,278.07
87.971,6.3299,3486,263.45
85.448,12.025,3356,275.75
86.829,13.395,3298,287.74
92.433,10.273,3382,283.06
99.879,4.4881,3329,267.21
101.59,-4.3592,3199,260.65
106.53,-8.5162,3184,246.03
119.45,-11.702,3140,242.19
123.3,-18.543,3102,241.51
122.85,-20.107,3435,241.49
119.82,-22.788,4007,272.38
118.84,-25.36,4662,301.29
118.43,-26.563,4889,351.88
117.6,-27.916,5088,521.05
118.98,-28.38,4773,405.98
118.21,-30.227,4994,394.89
118,-30.428,4876,383.51
115.82,-31.327,5124,436.77
116.8,-30.993,4731,388.49
111.64,-32.155,4924,377.38
107.99,-31.811,4641,322.81
108.52,-33.248,4151,280.77
107.42,-34.981,3847,262.01
107.09,-36.43,3817,267.58
111.24,-39.073,3867,303.51
109.9,-33.472,3986,260.43
107.15,-32.537,3880,263.76
104.58,-29.839,4221,312.77
105.85,-28.555,4346,327.06
102.8,-25.85,4537,316.26
102.38,-23.952,4460,353.48
104.74,-25.159,4518,409.77
105.52,-27.563,4849,436.49
105.65,-27.126,5246,601.8
105.46,-26.164,5360,652.96
104.54,-25.862,5438,523.44
105.24,-24.22,4993,583.38
104.49,-21.431,5782,494.48
106.09,-20.901,5476,487.19
106.4,-24.055,5991,463.37
108.75,-26.173,5724,436.99
109.09,-29.083,5215,386.7
108.16,-30.104,4725,341.33
106.42,-28.836,4531,345.8
102.24,-29.586,4675,355.99
98.706,-33.241,4835,374.38
97.212,-35.653,4777,358.36
92.997,-35.181,4685,322.37
90.608,-36.564,4881,351.72
89.485,-38.5,4831,361.4
93.654,-38.742,4559,321.46
97.905,-33.825,4455,316.82
101.55,-37.665,4283,287.41
105.63,-39.93,4204,303.1
107.43,-42.697,3997,280.51
111.72,-41.372,3955,294.41
113.1,-40.119,4190,302.76
114.92,-41.281,4691,349.16
115.96,-42.504,4889,360.79
117.24,-42.297,4938,385.78
118,-39.547,4972,455.98
118.24,-38.187,4949,449.4
118.5,-39.234,5140,453.39
121.43,-40.122,4744,586.49
118.99,-43.9,5068,579.89
114.35,-48.768,5487,438.52
113.31,-50.852,5278,363.62
113.49,-50.785,4828,319.06
112.64,-47.735,4625,313.78
110.08,-42.941,4455,315.62
111.72,-40.935,4377,294.49
117.69,-37.067,4128,286.07
119.62,-34.232,4279,320.02
124.14,-28.928,4260,303.06
125.53,-29.006,4193,285.89
131.82,-32.623,4295,316.58
136,-34.236,4422,319.73
143.07,-38.984,4340,339.94
151.4,-46.901,4713,372.66
159.88,-53.708,4752,362.53
168.46,-57.426,4653,366.67
176.34,-58.349,4621,357.22
180.76,-60.519,4467,365.72
187.34,-65.6,4502,384.69
194.03,-71.335,4531,393.14
199.4,-76.474,4355,386.27
205,-79.245,4251,379.7
210.61,-84.412,4125,374.12
217.4,-90.347,4150,373.59
218.34,-91.201,3957,347.43
215.63,-94.434,4293,372.29
212.73,-94.94,3933,312.8
213.82,-91.388,3596,310.73
212.39,-95.528,4164,373.53
226.44,-104.39,4197,336.1
244.43,-114.36,3772,300.45
258.54,-126.64,3322,252.89
270.48,-131.97,3154,224.63
280.35,-135.4,3308,231.2
292.42,-140.43,3193,226.32
301.5,-144.93,2922,207.04
303.65,-145.95,2338,189
301.12,-153.28,2646,194.51
291.62,-160.64,2863,211.65
276.97,-154.39,3217,249.18
255.4,-145.31,3160,269.91
233.3,-130.93,3368,291.66
211.3,-117.14,3605,307.15
190.94,-111.38,3572,282.65
179.08,-103.3,3340,252.37
173.44,-97.051,3489,282.92
166.26,-92.835,3613,303.74
163.25,-87.881,3568,316.23
155.4,-79.306,3701,325.06
151.54,-62.326,3758,323.91
140.02,-48.676,3888,344.93
118.05,-40.139,3914,343.55
90.914,-39.688,3976,341.49
67.23,-44.561,3937,360.91
46.591,-39.354,3674,312.79
26.41,-33.368,3665,314.77
13.679,-28.729,3542,305.56
-2.8271,-20.384,3601,287
-15.055,-12.404,3459,269.06
-22.055,0.81097,3509,296.08
-20.278,13.665,3439,299.65
-6.2822,22.138,3528,277.35
16.692,24.96,3416,266.6
38.03,24.636,3318,250.55
57.602,23.948,3243,237.06
76.283,21.861,3254,239.8
94.97,23.058,3199,235.13
113.51,22.485,3181,239.79
130.4,16.171,3122,242.38
145.24,2.446,3100,250.26
161.69,-8.9561,3197,262.71
177.13,-19.805,3310,262.92
191.58,-30.525,3225,254.01
208.35,-41.822,3302,252.95
223.39,-45.797,3125,256.51
232.54,-51.851,2916,243.95
239.37,-58.908,2454,202.27
246.21,-67.982,2602,245.32
252.18,-73.267,2664,268.4
256.88,-73.84,2731,267.13
262.95,-75.662,2716,242.67
265.95,-75.858,2814,250.25
271.76,-78.913,2715,229.75
271.73,-85.01,2806,259.5
271.08,-83.997,2348,216.55
282.31,-82.645,1744,167.57
292.46,-84.805,1458,156.2
297.32,-81.59,1679,175.29
298.15,-85.142,1430,177.83
300.02,-82.073,1458,147.05
297.61,-83.204,1900,183.72
300.2,-87.196,2107,185.25
304.12,-99.112,2290,196.31
309.78,-105.68,2477,199.48
309.46,-108.52,2553,198.19
309.64,-113.45,2040,176.09
311.99,-117.05,1945,173.34
309.33,-115.29,1909,195.38
312.97,-110.35,1903,202.07
311.73,-104.66,2239,251.96
303.9,-106.84,2657,299.56
284.84,-103.29,2979,327.61
281.52,-105.91,3254,360.38
283.28,-115.21,3380,365.15
282.87,-118.7,3223,326.67
290.23,-129.59,2871,297.27
295.25,-135.34,2824,235.04
305.62,-140.31,2457,225.84
313.69,-141.35,2646,228.79
321.02,-151.78,2858,272.44
327.53,-161,3057,275.44
334.94,-161.95,3415,309.67
343.1,-164.89,3613,332.78
351.2,-172.53,3584,339.65
358.84,-178.1,3424,346.78
363.3,-180.63,3150,342.64
366.62,-179.52,2635,293.87
374.16,-181.64,1790,248.37
375.9,-186.83,1440,237.15
373.42,-210.7,807,135.24
369.77,-207.04,2954,297.56
374.75,-211.29,3165,304.63
376.73,-199.64,3163,314.56
373.52,-206.4,3268,320.69
384.61,-198.22,3047,304.72
389.59,-203.9,2978,270.35
389.41,-214.85,3136,305.4
385.1,-217.73,3288,332.61
384.09,-220.22,3210,319.47
376.1,-224.07,2719,328.85
383.84,-219.5,2602,209.82
391.5,-222.91,2938,226.82
390.78,-229.01,2690,312.17
388.79,-228.19,2745,335.28
385.99,-227.13,2860,369.37
385.14,-226.45,2918,367.89
384.08,-227.21,2897,374.85
382.24,-228.07,2830,387.63
381.54,-227.16,2941,393.02
379.19,-229.38,2820,402.78
379.8,-227.66,2825,401.83
382.52,-225.7,2723,395.02
383.78,-222.9,2809,247.72
389.04,-219,2761,229.64
396.38,-219.2,2777,218.88
399.56,-221.18,2910,341.59
394.96,-222.04,2932,240.27
393.47,-220.76,2868,250.88
393.48,-220.54,2853,250.33
391.92,-221.18,2977,261.41
390.65,-222.53,3149,263.69
389.84,-221.62,3064,273.33
388.88,-221.99,3216,269.81
388.16,-221.91,3205,430.69
387.91,-223.2,3113,446.29
386.12,-223.07,3194,284.7
387.88,-224.66,3013,281.2
391.14,-223.46,2925,394.75
389.94,-221,2980,383.26
389.03,-222.64,2882,257.7
389.55,-218.68,3236,375.53
388.35,-216.59,3325,269.84
392.91,-211.18,2772,244.59
394.9,-204.86,2847,370.82
388.38,-199.21,2886,282.42
386.08,-195.67,3420,326.71
386.69,-192.98,3587,315.28
393.8,-194.21,3230,383.12
401.11,-194.21,3101,283.01
408.22,-198.56,2776,251.89
415.78,-207.31,3143,224.29
420.68,-216.42,3098,233.48
421.1,-224.2,3136,249.42
421.11,-232.55,3057,343.16
423.23,-236.97,3264,353.48
423.32,-228.53,3795,358.56
421.19,-221.93,4405,407.43
434.97,-225.63,4120,342.65
438.84,-231.01,4073,374.18
443.44,-233.41,3887,360.78
454.34,-242.18,3804,341.17
463.98,-254.56,3554,327.1
471.31,-258.85,3384,297.89
477.62,-265.64,2977,258.44
479.57,-268.56,2545,225.24
479.87,-270.17,2547,205.82
480.2,-260.08,2511,209.39
473.23,-254.87,2489,226.64
462.67,-247.65,2644,250.76
450.36,-240.57,3043,268.78
430.34,-246.83,3326,312.03
407.98,-245.96,3326,300.06
384.06,-245.97,3206,273.2
377.71,-240.17,3096,311.69
361.79,-237.73,2912,248.1
349.16,-237.18,2785,230.06
340.48,-231.49,2823,311.98
328.88,-222.91,3053,277.05
318.13,-214.16,3162,299.58
318,-210.45,2980,324.97
318.38,-206.91,2438,320.63
309.89,-214.79,1963,264.25
296.49,-220.14,1435,204.69
282.57,-215.64,821,130.65
259.78,-204.93,3602,370.37
236.88,-193.32,3517,359.27
213.17,-180.64,3442,349.91
188.87,-169.16,3388,347.31
166.07,-157.53,3270,344.92
142.77,-145.69,3124,333.4
126.31,-136.91,2866,298.21
125.55,-129.35,2484,370.12
135.88,-126,3312,342.52
140.53,-124.01,3029,304.29
135.01,-120.9,3042,285.12
123.81,-122.39,2811,246.34
109.92,-127.35,2404,196.67
103.42,-126.15,2299,205.69
98.812,-114.47,1776,241.27
80.441,-99.376,2939,217.85
60.551,-87.554,3104,231.74
36.877,-82.818,2930,215.19
22.621,-73.879,2890,231.27
33.542,-61.63,2955,272.09
50.691,-57.504,3076,340.39
46.651,-60.799,3203,312.1
55.321,-55.693,3176,320.4
67.123,-50.061,2889,271.57
66.304,-42.98,3064,291.47
61.55,-38.202,2862,250.34
67.044,-45.34,2900,240.05
77.355,-31.954,2929,240.99
81.426,-24.298,2769,240.94
89.695,-19.828,2913,278.74
99.631,-16.304,3113,300.33
112.85,-16.078,3203,309.53
133.09,-16.677,3201,289.51
156.75,-24.45,3225,302.09
177.61,-38.085,3499,314.41
196.41,-57.543,3614,335.8
216.12,-71.036,3651,352.12
236.36,-85.604,3542,333.65
259.83,-95.799,3569,316.06
279.12,-105.07,3497,305.7
300.61,-110.46,3415,297.91
320.97,-113.69,3302,289.93
334.58,-124.75,3096,269.82
342.84,-133.57,2792,226.37
350.11,-142.61,2835,235.2
361.36,-148.78,2679,220.47
373.11,-154.49,2752,227.8
388.94,-159.47,2824,229.56
405.01,-164.84,2825,214.17
417.31,-169.37,2876,239.41
428.58,-177.86,3203,261.72
442.93,-184.8,3143,266.61
457.88,-193.2,3109,262.98
470.59,-196.64,3207,261.85
479.89,-206.23,3504,273.54
486.84,-223.94,3643,271.69
494.13,-245.16,3715,290.6
509.77,-257.48,3552,284.1
514.09,-266.07,3674,282.1
530.92,-269.19,3366,244.03
534.94,-267.53,3197,234.2
543.7,-268.79,3048,217.91
535.58,-271.65,3103,237.89
544.04,-265.97,3331,252.48
543.8,-263.37,2596,188.34
544.9,-266.1,2317,178.1
542.54,-266.45,2441,187.63
549.77,-263.64,2668,212.86
551.05,-277.24,2988,212.33
561.31,-280.25,2854,210.67
559.36,-282.26,2856,225.52
568.24,-272.94,3022,225.11
568.07,-271.35,3215,263.75
584.9,-263.76,3040,229
599.74,-255.8,2888,207.19
612.33,-253.19,2889,211.18
625.39,-253.51,2917,214.74
637.66,-257.12,3007,218.79
652.2,-260.49,2945,213.31
663.91,-265.63,2886,220.54
674.3,-267.56,2950,230.98
687.07,-271.55,2842,210.14
696.38,-270.64,2913,217.99
695.19,-271.48,3268,251.69
709.76,-270,2981,228.5
722.37,-273.75,2552,191.39
725.66,-277.23,2359,198.82
712.94,-276.9,2580,228.95
712.16,-280.99,2663,223.42
703.07,-278.82,3219,252.26
691.28,-285.2,3147,249.21
692.93,-272.98,3433,267.25
686.19,-272.06,3329,280.77
674.6,-268.95,3774,321.29
665.94,-264.18,4315,360.46
673.22,-265.72,4492,354.31
674.09,-268.3,4742,355.35
671.8,-267.96,4173,377.44
669.26,-267.28,4358,383.5
667.26,-267.26,4483,395.58
665.99,-266.02,4582,402.22
664.62,-266.35,4739,404.4
664.53,-264.89,4905,410.67
665.02,-264.91,4948,417.97
663.09,-268.04,5008,411.81
660.3,-270.59,4751,412.5
659.15,-270.25,4653,401.28
664.06,-267.76,4643,396.4
672.85,-271.27,4552,372.98
681.18,-272.44,4262,357.16
682.49,-270.55,4016,371.92
683.48,-272.51,3878,353.97
680.85,-272.71,3988,365.78
678.86,-272.26,3984,375.97
678.96,-271.15,3871,362.91
676.85,-270.93,4065,371.84
676.11,-271.46,3966,377.23
675.01,-269.48,4078,382.22
673.53,-269.29,4042,388.87
671.23,-268.67,3944,386.31
671.78,-269.72,4117,549.74
674.26,-270.63,4372,390.27
676.37,-272.77,4514,500.55
679.35,-276.25,4372,457.01
681.13,-277.79,4160,458.15
677.87,-275.69,4301,476.87
677.98,-274.72,4319,516.3
679.91,-273.09,4122,529
679.98,-272.59,4061,536.49
679.77,-271.82,4018,569.97
679,-270.28,4036,597.66
676.41,-271.36,4016,381.76
671.68,-274.43,3926,368.93
669.55,-274.93,3909,530.78
669.7,-270.78,4069,520.81
674.07,-269.03,4145,550.54
678.11,-272.33,4572,399.22
676.04,-277.71,4488,394.65
677.64,-278.34,4135,487.8
679.31,-280.87,3793,471.87
683.9,-279.43,3655,524.97
689.33,-278.79,3623,351.49
689.09,-280.51,3635,496.3
689.23,-279.03,3620,497.88
689.29,-278.68,3643,492.94
687.99,-276.75,3679,513.61
687.43,-275.91,3738,349.23
686.44,-274.65,3809,352.23
686.97,-275.09,3852,357.54
686.81,-274.18,3840,352.58
684.59,-274.59,3756,343.76
683.24,-276.28,3799,492.22
684.49,-276.03,3987,382.21
685.24,-277.94,3966,366.18
683.29,-274.96,3728,463.56
682.2,-278.25,3744,465.4
682.19,-270.22,3798,415.55
684.82,-269.7,3706,478.21
690.24,-267.74,4252,371.46
697.04,-267.91,4496,359.48
705.06,-270.84,3917,343.02
711.76,-273.1,3526,426.5
714.28,-275.89,3541,322.78
714.65,-273.81,3585,308.5
717.25,-274.34,3545,290.8
716.21,-275.83,3588,296.45
714.57,-276.59,3626,308.54
714.27,-276.83,3669,317.9
713.07,-278.49,3762,324.97
711.69,-278.5,3904,329.49
712.16,-277.9,3866,338.73
710.27,-275.35,3889,351.9
706.74,-278.46,3829,324.88
705.78,-279.97,3753,322.35
708.33,-279.84,3595,302.44
710.46,-276.18,3467,288.36
714.16,-273.98,3468,307.01
714.07,-271.99,3372,291.06
717.49,-276.88,3402,285.64
720.86,-277.52,3549,369.55
724.1,-273.64,3424,275.31
724.38,-275.82,3357,301.19
729.38,-276.39,3325,390.37
735.2,-275.64,3439,404.69
733.61,-271.78,3305,343.63
730.94,-273.11,3393,289.46
729.38,-271.39,3425,350.27
729.69,-271.79,3529,363.27
729.27,-273.01,3504,374.18
728.27,-273.04,3521,386.51
728.35,-274.1,3549,399
728.41,-276.6,3686,292.69
727.98,-277.55,3752,294.65
727.48,-279.14,3790,296.62
730.56,-281.91,3703,426.52
728.84,-285.82,3596,277.67
729.33,-287.23,3489,280.32
743.47,-289.08,2349,239.83
729.14,-286.44,3531,281.53
726.63,-279.23,3485,277.79
728.48,-277,3305,370.71
730.31,-274.9,3260,244.11
731.35,-272.34,3247,254.8
729.44,-274.01,3231,245.71
730.29,-273.68,3349,269.78
734.6,-275.03,3350,250.05
738.99,-272.92,3255,239.74
739.53,-269.87,3264,266.19
742.21,-276.49,3388,349.78
743.84,-280.23,3374,263.1
741.68,-279.32,3470,252.01
737.51,-282.27,3405,255.15
737.33,-285.67,3610,266.13
733.59,-289.39,3464,263.09
722,-293.39,3408,268.74
708.31,-289.34,3375,286.13
692.24,-286.48,3229,371.36
689.92,-281.85,3537,290.63
684.02,-270.88,4069,351.59
687.73,-263.98,4314,416.73
703.92,-261.27,4369,443.73
719.66,-270.63,4264,427.87
735.62,-278.16,4090,363.38
746.7,-286.03,4150,344.08
745.79,-306.78,4024,303.67
742.27,-315.9,3984,305.77
734.97,-316.56,3917,306.89
737.05,-308.59,3480,261.24
729.11,-293.5,3960,296
712.41,-296.02,3430,261.64
707.17,-292.74,3154,239.91
698.52,-284.34,3067,250.3
696.45,-293.03,3482,306.67
710.22,-272.18,3678,318.14
727.29,-261.36,3358,294.61
750.17,-262.89,3322,268.87
765.43,-276.32,3311,250.56
771.95,-297.31,3295,245.58
775.05,-313.41,3348,269.84
774.23,-327.08,3299,269.69
772.14,-336.86,3203,258.04
766.77,-352.21,3030,244.04
757.88,-351.46,3221,252.87
741.44,-339.17,3188,274.3
725.37,-330.12,3548,307.54
703.79,-317.51,3431,295.98
682.49,-307.2,3447,293.33
668.65,-299.29,3286,260.92
675.86,-290.01,3660,331.29
683.84,-292.66,3411,261.29
700.15,-280.79,3394,271.13
728.75,-271.25,3302,280.03
756.37,-267.85,3140,269.39
773.89,-275.65,3119,221.52
782.41,-285.83,3281,260.48
793.93,-304.39,2945,214.99
805.66,-313.43,2740,207.76
813.75,-322.45,2548,201.36
813.07,-329.06,2064,225.87
816.9,-331.44,2031,238.76
824.72,-335.48,1678,222.87
831.74,-339.92,1257,179.29
831.44,-355.07,1056,178.86
827.87,-350.35,1273,171.98
821.2,-350.91,1721,211.74
812.59,-343.17,2113,245.12
805.06,-343.59,2283,229.5
801.87,-344.89,2428,214.67
794.44,-347.38,2712,231.9
789.15,-356.75,3035,286.36
782.67,-355.16,3059,301.48
784.03,-353.12,2703,251.88
786.36,-350.5,2663,247.18
786.01,-338.72,3216,302.6
768.43,-342.63,3315,322.2
744.3,-339.05,3423,318.88
719.63,-334.11,3440,324.71
696.5,-321.38,3397,323.48
676.49,-313.69,3131,284.84
664.37,-296.91,2906,276.85
641.5,-289.19,2784,273.6
619.27,-288.44,2510,251.12
612.06,-288.68,2241,236.99
604.3,-283.57,2405,241.41
582.96,-295.84,2338,233.67
578.89,-307.07,2424,235.29
583.6,-311.46,2795,240.76
581.95,-306.95,2510,225.31
578.92,-303.77,2390,227.5
573.9,-313.27,2606,251.89
568.12,-312.47,2800,272.88
565.05,-299.74,3005,292.14
571.09,-294.05,2964,286.55
562.37,-293.6,3117,304.54
550.67,-295.68,2257,304.49
533.6,-298.12,1729,202.32
518.68,-293.24,793,122.08
518.68,-293.24,793,122.08
