0,-0,104,36.083
0.066304,-0.40652,115,36.819
0.15407,-0.11047,129,39.151
-0.157,-0.13,125,37.737
0.26025,-0.87295,122,37.646
0.79412,-0.97794,136,40.276
0.0625,-1.5859,128,38.779
-0.55482,-2.1272,114,36.149
-0.19318,-1.6061,132,39.788
-0.1743,-1.25,142,41.847
-0.24094,-0.31522,138,41.012
-0.70395,0.43421,133,41.136
0.017857,1.309,161,42.98
0.53214,1.8357,175,46.321
0.35212,0.3317,153,45.238
-0.71389,0.63889,180,50.407
-0.55978,0.73137,161,46.437
-0.95192,1.3526,156,44.767
-0.13705,0.53313,166,45.577
-0.23848,0.42376,141,41.657
-0.325,0.358,125,37.456
0.58366,-0.29724,127,39.54
0.70833,-1.125,144,40.16
0.26507,-1.016,141,40.375
0.66855,-1.8242,155,44.13
0.79621,-0.75303,165,46.247
0.45238,-2.0595,168,43.526
0.44305,-2.2973,169,43.344
-0.23877,-2.244,167,43.807
-0.55651,-1.9075,146,41.169
-0.49915,-2.3861,147,40.16
-0.45153,-1.6037,147,40.954
-1.275,-0.8625,160,43.832
-1.1988,-1.1158,149,41.169
-0.68056,-0.40972,144,39.97
0.86859,-0.38462,156,43.443
1.9519,-1.5705,156,42.41
1.9068,-1.0525,157,42.608
1.3142,-1.3649,148,41.318
1.0088,-0.28521,142,40.921
1.1875,-1.4716,176,46.247
0.75,-1.9783,184,47.041
0.58848,-2.3399,178,46.173
1.0717,-2.2227,183,47.223
1.6556,-2.4796,196,49.249
2.1432,-3.1909,220,54.137
2.4779,-3.1447,209,50.192
2.6692,-4.3776,243,53.922
2.2859,-3.5833,258,55.336
2.0429,-3.1355,262,56.196
2.03,-3.5019,258,57.437
2.2536,-3.6121,243,54.906
2.2043,-3.9085,246,54.674
1.2255,-4.2266,214,50.498
0.010678,-4.3656,199,47.959
-1.1028,-4.0333,180,46.942
-1.2129,-3.9423,182,45.486
-0.024471,-2.9802,189,47.959
0.43176,-2.8176,185,46.958
0.24186,-2.5222,169,44.684
0.082101,-3.6169,169,45.875
0.1777,-3.0608,185,48.678
-0.01571,-3.7691,183,47.008
-0.76136,-3.3965,198,49.886
-1.0259,-3.3632,212,50.283
-1.1477,-3.1955,220,52.566
-1.0586,-2.9757,226,53.194
-0.95599,-3.2641,213,51.052
-0.29931,-4.2133,218,51.143
1,-3.7212,208,49.704
1.455,-3.745,200,49.34
1.5182,-4.0842,199,51.027
1.0087,-4.2847,202,51.78
1.4381,-4.0947,206,52.16
0.97652,-4.5495,197,50.374
0.061813,-4.7335,182,45.974
1,-4.4125,160,43.923
0.56731,-4.4749,169,44.378
1.2179,-6.0548,210,49.439
2.2739,-4.9628,188,47.471
0.90344,-5.8092,211,48.885
1.4947,-7.0387,213,50.572
1.3233,-5.4815,203,48.521
1.0617,-6.3869,241,54.046
1.1553,-6.819,239,54.236
0.47403,-6.2162,207,49.431
-0.26641,-6.3258,198,50.862
-0.66091,-5.0401,181,47.38
-0.17531,-4.6336,159,44.13
2.1688,-4.7528,177,45.792
0.81184,-6.3342,190,47.661
-0.67045,-5.9773,220,53.483
-0.60633,-5.0425,241,55.989
-0.14949,-4.6949,245,57.247
0.015496,-6.2087,242,55.369
1.8964,-5.985,234,55.89
1.8205,-5,220,52.458
0.21163,-4.7896,202,49.448
-0.43516,-4.8436,187,47.86
1.462,-4.9293,184,46.851
2.6611,-4.0958,201,48.141
2.5774,-4.0207,205,48.24
3.6186,-3.6192,195,48.116
3.1311,-3.1463,164,43.253
3.0378,-3.8663,172,43.518
3.1621,-5.146,202,51.325
3.4296,-6.0142,229,54.649
3.6821,-6.8366,254,57.643
2.4119,-6.873,244,56.957
0.9181,-6.5302,232,55.816
-0.21846,-7.8248,214,50.647
0.0083333,-7.1278,180,46.917
0.31944,-6.0333,180,47.727
0.49451,-6.1524,205,49.853
1.0928,-6.3441,202,49.919
0.595,-5.36,200,49.547
0.032447,-6.3777,235,55.27
0.56969,-7.5199,226,53.194
0.62963,-7.0602,216,51.78
0.88915,-5.934,212,52.02
1.2604,-5.7329,205,51.052
2.5215,-5.7096,198,48.885
3.9507,-6.623,185,48.315
3.5466,-7.051,201,49.191
3.3163,-6.4519,213,52.938
3.089,-6.9709,215,52.086
1.8698,-5.7083,192,48.166
0.74098,-4.75,194,47.777
0.73522,-4.0887,186,46.545
1.6739,-3.8422,179,45.122
1.7512,-3.6833,210,50.936
3.7523,-3.9409,220,52.987
6.417,-4.7156,262,57.023
7.1031,-6.1026,285,58.52
7.5625,-6.2396,288,60.877
6.2694,-7.4859,284,66.542
4.6395,-7.3952,310,68.345
4.1513,-7.7035,333,68.097
3.2146,-7.3964,321,63.507
2.8862,-7.3146,356,69.759
4.3312,-7.2577,388,71.546
5.4209,-8.023,392,71.827
5.8964,-8.5524,420,76.243
5.5971,-8.6324,421,75.292
5.4533,-9.2016,434,76.806
4.7409,-10.608,425,76.467
4.6836,-10.951,371,69.975
3.1728,-11.061,366,67.824
3.8393,-10.158,336,64.979
1.4618,-9.0524,334,63.292
2.7535,-8.4296,362,76.26
3.1338,-8.0991,371,77.252
2.9484,-7.4755,368,72.852
3.49,-8.8225,400,76.822
3.2744,-10.082,363,69.313
1.9044,-10.191,340,66.005
1.3425,-9.637,323,63.664
0.92782,-10.574,284,59.008
0.17572,-10.377,276,58.86
0.42742,-10.714,248,54.418
0.0052326,-10.557,215,50.729
-0.6875,-9.1094,192,47.355
-0.19763,-8.2891,179,46.925
0.98445,-8.1555,201,50.87
1.183,-8.6044,237,58.917
0.88894,-7.5427,287,63.366
2.235,-6.8167,300,63.093
3.0037,-7.9992,303,63.556
4.8808,-8.5824,343,65.26
6.4843,-9.1713,343,68.047
6.6793,-8.7808,373,69.123
8.1477,-8.8463,374,70.512
9.1076,-8.8115,374,71.38
10.294,-8.5673,353,70.611
10.972,-7.7941,329,67.146
10.83,-6.9658,292,59.653
12.074,-7.3393,291,62.44
13.239,-7.3549,286,64.747
13.848,-8.4104,293,65.186
13.116,-9.0378,311,66.459
12.925,-9.5133,300,68.163
12.339,-9.6191,317,72.199
12.261,-9.8324,352,71.231
12.659,-9.4205,352,66.476
12.747,-8.1844,320,63.341
12.485,-8.7095,333,65.285
12.664,-7.7122,331,68.932
12.436,-7.2095,321,65.583
10.625,-6.693,316,62.63
9.3979,-6.2286,327,63.548
10.733,-4.9099,344,69.387
12.561,-3.1694,360,73.952
13.37,-2.456,364,69.552
13.657,-2.4079,380,70.28
14.887,-2.9002,406,73.472
15.73,-3.4972,441,79.675
16.804,-4.2053,425,75.49
16.713,-4.9835,439,75.474
16.63,-6.6169,417,72.761
15.644,-7.4535,398,70.653
14.946,-8.9394,367,66.41
13.838,-11.05,350,65.169
12.99,-13.046,313,61.869
11.229,-14.301,294,60.852
9.439,-14.952,289,61.423
8.2297,-14.141,265,58.818
6.0805,-13.949,292,61.737
5.5757,-13.036,304,63.226
5.5346,-12.606,329,67.345
5.1992,-11.504,327,66.509
4.3839,-10.046,338,66.782
5.075,-9.596,315,66.021
5.9233,-9.4222,331,69.321
5.9896,-8.9979,349,69.552
6.3789,-8.9357,385,75.292
5.6232,-8.6583,409,76.731
5.4549,-8.3162,438,78.484
5.5705,-8.3342,463,80.742
6.2644,-8.8606,470,82.446
6.3986,-9.0796,487,82.694
7.0604,-8.3333,480,80.924
7.7203,-7.5332,459,79.8
7.6244,-7.024,447,80.296
7.4485,-6.7927,422,78.154
7.7134,-6.4924,396,73.183
8.0969,-5.6243,374,69.321
8.7558,-5.7064,344,65.765
9.7591,-4.8323,328,65.112
10.909,-5.5926,324,65.202
10.764,-5.73,325,65.732
11.312,-5.3333,348,67.237
11.974,-5.9097,382,72.72
11.995,-6.1196,391,71.81
11.841,-6.4134,410,73.423
11.756,-6.7698,429,74.242
11.443,-7.0057,442,76.706
11.489,-7.1897,464,78.749
11.626,-7.4445,473,79.419
11.083,-7.6374,475,79.419
11.048,-7.3755,462,78.658
10.873,-7.095,458,77.715
10.72,-7.388,413,71.909
11.059,-7.5268,419,71.537
11.121,-8.019,407,70.214
11.9,-7.9217,399,70.743
10.963,-7.7526,386,69.453
10.751,-8.7609,411,71.165
11.358,-8.6979,422,71.256
11.784,-8.8673,452,75.102
11.372,-7.9507,451,75.582
10.319,-8.3392,426,73.795
9.3475,-7.7175,400,71.769
8.2465,-7.1228,393,70.057
7.9167,-6.9608,408,71.744
8.5006,-7.3879,406,72.951
9.6118,-6.6786,399,70.909
9.5655,-7.4316,391,70.338
9.4054,-7.3911,411,72.96
9.356,-7.3667,420,72.662
9.3913,-7.6802,430,74.73
9.5265,-7.6737,439,74.349
9.5862,-7.9174,457,77.343
9.6282,-8.3202,470,76.301
9.5138,-8.1969,490,81.106
9.6316,-8.2297,493,79.692
10.127,-7.7531,481,77.831
10.332,-6.9652,460,77.74
9.5657,-6.7895,443,75.672
8.8554,-7.2672,408,73.531
8.5023,-7.6621,381,69.346
8.1366,-7.1138,367,67.212
8.5155,-6.7905,370,68.734
8.902,-6.2794,408,73.332
8.6953,-6.4922,384,72.174
9.5265,-6.6465,396,73.34
10.371,-6.3714,387,70.247
11.575,-7.2649,404,70.032
12.106,-7.843,398,69.85
12.413,-8.4648,405,70.338
11.682,-9.6259,415,70.247
11.707,-8.8713,404,70.148
11.376,-8.8106,371,66.658
11.79,-7.7841,352,64.888
10.752,-6.9807,349,66.476
9.5096,-6.3214,364,69.577
9.6179,-6.2471,350,66.203
9.3012,-6.0773,359,67.609
9.6642,-6.3527,370,69.784
10.043,-6.8024,382,71.529
8.9174,-8.1676,425,79.916
8.4079,-8.6579,456,83.753
6.9817,-9.1872,478,79.791
5.7282,-10.065,504,80.064
5.1313,-9.7782,515,83.157
5.1849,-10.484,513,83.322
4.9082,-10.193,512,82.495
5.2518,-10.023,475,78.873
4.0334,-8.8767,442,75.011
2.8119,-7.8005,396,68.924
1.3875,-6.6988,361,68.171
2.5926,-7.2912,340,66.104
4.4461,-6.8842,380,71.016
6.5094,-6.6085,424,75.524
9.0785,-6.6111,457,74.63
11.305,-5.9029,484,78.385
11.536,-5.8035,495,79.286
11.36,-6.1979,499,82.81
12.011,-6.2519,528,82.495
11.582,-6.8492,529,83.521
11.909,-6.3173,505,79.907
12.395,-7.9444,481,75.838
11.723,-8.4221,494,79.865
12.317,-8.9688,505,80.635
12.688,-9.6245,518,86.3
11.613,-9.2264,508,79.038
10.36,-9.0912,485,79.609
9.6479,-9.3695,502,80.908
8.2542,-8.9104,480,80.486
7.7244,-8.999,478,77.417
8.0243,-9.6551,469,76.863
7.5032,-9.5192,468,78.666
7.8279,-8.4898,467,79.791
7.268,-9.0273,458,78.609
6.4654,-9.1539,437,76.93
6.9519,-8.9401,455,77.203
8.3345,-7.7703,444,76.59
9.7539,-7.4473,446,76.119
11.036,-8.0894,436,73.671
10.461,-8.8949,428,73.82
10.181,-9.6861,438,72.96
9.0614,-8.9408,456,76.723
8.1999,-9.9631,474,79.453
7.8577,-9.3669,462,75.846
7.5327,-8.9302,444,73.307
7.6699,-8.8234,429,73.332
8.0955,-8.5663,449,75.334
8.449,-8.9674,453,75.218
9.1,-7.9229,480,77.169
10.185,-6.92,494,79.163
10.738,-6.5035,497,80.444
11.846,-5.2537,543,89.914
12.083,-5.5135,520,84.861
13.264,-5.25,552,94.206
13.532,-5.0142,530,94.347
13.668,-4.1617,521,91.51
14.029,-4.4355,512,85.911
13.678,-5.0273,512,84.844
12.922,-6.1815,511,82.082
11.704,-7.25,503,82.066
11.426,-6.9927,517,82.661
11.194,-7.167,530,83.381
11.046,-7.4706,562,84.39
11.196,-7.8204,582,87.582
11.19,-7.8143,622,91.833
11.293,-8.3541,634,90.559
11.493,-9.1188,663,92.85
11.102,-9.6246,662,94.918
9.9845,-10.873,639,91.618
8.5546,-11.678,593,88.732
7.2138,-12.424,552,86.118
5.7404,-12.425,520,82.33
4.5742,-11.85,482,81.197
4.292,-10.231,470,77.467
4.2968,-9.2286,467,79.444
4.9834,-8.6902,443,74.019
5.2596,-7.8473,442,76.309
4.9444,-7.5775,461,78.451
6.1435,-7.0957,473,82.884
6.8089,-6.4484,499,82.106
7.0962,-5.9024,538,84.926
7.6705,-5.7847,533,88.028
9.409,-4.9311,530,91.667
10.028,-4.6159,522,89.467
10.603,-5.6081,511,85.44
11.698,-5.7673,549,90.89
12.892,-5.7083,587,96.299
12.94,-5.9703,597,97.688
11.96,-7.593,586,96.092
10.344,-8.019,593,95.794
9.3659,-8.5581,607,96.555
8.4106,-9.216,618,96.009
7.2659,-8.8947,591,91.072
6.6781,-8.8876,574,88.062
6.2554,-8.2083,552,86.192
6.3968,-6.9881,504,79.948
6.6799,-6.827,487,78.575
6.6125,-6.5987,522,82.561
9.3643,-5.2714,515,80.742
10.302,-4.7307,518,85.349
11.862,-4.6266,547,88.797
13.891,-4.7869,501,77.831
14.92,-5.8308,489,77.856
14.565,-7.8113,522,87.747
14.555,-9.476,531,89.633
14.159,-10.408,514,86.258
14.185,-11.539,509,80.849
13.574,-12.59,518,86.556
12.512,-13.563,518,82.33
12.248,-14.965,520,80.312
11.943,-16.821,471,75.722
11.553,-17.699,428,73.795
10.281,-17.454,397,72.182
8.5332,-18.236,354,66.964
6.9726,-18.277,328,63.888
4.3283,-17.655,353,66.509
1.9529,-15.138,385,71.893
0.99265,-12.795,442,79.766
2.2305,-10.751,467,85.886
4.734,-10.334,546,92.138
7.5021,-8.5856,590,102.75
8.3109,-9.1349,608,101.52
8.4583,-10.019,624,107.4
8.5106,-10.175,612,94.785
8.264,-9.7605,617,99.796
8.2969,-9.4234,640,102.06
7.6376,-9.5854,653,100.32
6.8041,-9.1824,621,94.239
6.8682,-8.4054,592,89.426
6.9826,-8.1105,595,87.482
7.4209,-7.7543,577,84.787
8.1527,-7.2131,569,84.108
8.7327,-6.6824,555,84.348
9.3982,-7.3353,539,85.315
9.2095,-7.8921,556,82.859
9.2421,-7.9138,583,86.548
10.204,-7.0246,630,99.259
10.62,-5.1886,635,109.51
11.454,-4.3169,658,109.13
13.295,-3.9201,679,109.12
14.051,-3.8595,653,98.457
14.176,-4.6228,625,94.28
15.497,-5.4364,601,98.589
16.235,-5.3077,572,94.321
17.027,-4.9289,545,86.415
16.72,-3.1639,534,88.756
14.619,-5.5577,559,90.939
11.508,-7.5237,548,90.443
8.9731,-9.3942,520,83.669
7.6154,-10.891,493,80.312
6.7905,-12.448,509,84.952
6.1111,-11.94,487,84.43
5.6345,-11.986,474,83.198
5.3351,-10.632,489,83.802
5.7297,-9.4767,516,84.645
6.6311,-8.5666,578,90.062
7.5806,-8.21,625,93.726
7.9007,-8.02,661,97.506
7.8296,-8.0628,705,97.2
7.9205,-8.1297,748,102.25
8.1873,-8.1369,778,103.09
8.7494,-7.7889,772,104.34
8.4931,-7.5958,775,107.57
9.0604,-6.1647,739,104.44
9.4299,-4.3687,674,100.74
9.0341,-3.3697,635,96.72
10.022,-2.8358,618,97.208
9.7033,-3.516,594,94.363
9.9177,-4.2466,585,92.138
11.191,-4.8432,585,87.664
11.864,-5.6895,562,84.488
11.891,-6.6261,569,83.992
11.529,-7.301,569,87.185
10.721,-6.6625,560,85.481
10.381,-5.8899,547,83.48
10.117,-5.657,575,86.92
10.62,-5.4054,605,89.045
11.705,-5.3187,640,92.874
11.353,-4.954,625,88.094
10.618,-5.0518,661,96.282
10.516,-5.1831,643,90.377
8.756,-5.7613,622,89.5
7.0919,-5.7415,590,89.542
5.3777,-6.1026,563,86.457
4.3097,-5.85,490,79.096
3.0256,-5.8118,445,75.3
2.1866,-5.0465,398,68.965
1.5407,-5.0732,362,65.558
0.14187,-5.5322,326,64.615
-0.22341,-6.3357,315,61.241
-0.05625,-7.1469,320,62.44
1.0699,-7.6963,354,66.137
3.7524,-8.2446,367,67.824
6.5029,-7.7694,387,71.835
8.2654,-5.4861,415,75.225
8.1165,-3.2319,443,78.501
6.9965,-3.0773,469,79.692
8.25,-4.1269,528,88.21
7.8152,-4.8774,585,94.983
5.146,-5.0524,572,89.84
5.3091,-5.5574,592,92.386
5.6606,-5.4473,583,88.21
5.652,-4.6943,574,89.434
5.3596,-4.2193,553,86.283
6.1522,-4.8696,552,87.474
6.9799,-6.2934,553,88.88
7.3884,-6.376,524,82.33
7.1145,-6.9148,522,81.106
6.6754,-8.7071,571,89.062
7.0695,-8.9019,586,87.532
7.2901,-7.7697,583,87.912
8.2716,-7.4139,537,80.535
7.875,-6.2975,526,83.637
7.958,-5.3079,518,84.199
9.1032,-4.1409,504,82.115
9.3842,-3.2315,487,83.273
9.445,-2.9208,486,79.246
10.407,-2.3954,509,81.594
10.544,-1.9405,517,85.622
11.917,-3.8209,543,89.542
10.868,-6.8247,562,88.533
10.051,-8.6504,557,85.779
7.6395,-11.092,552,84.431
4.7588,-12.538,542,85.82
2.7032,-12.939,524,83.67
1.3817,-11.548,521,83.157
0.40508,-9.7462,532,85.506
-0.14632,-7.8333,516,84.29
1.2495,-5.9461,510,85.927
3.3712,-4.1657,522,90.914
5.5263,-2.0862,519,88.417
7.0551,0.10846,544,91.212
9.62,0.14709,549,94.512
11.38,-0.98826,596,96.447
13.136,-3.0688,618,97.58
13.651,-3.3935,655,98.143
13.532,-3.8219,647,93.073
15.153,-5.125,632,96.571
15.989,-5.1976,630,97.464
14.581,-6.1627,653,112.29
12.651,-6.5406,678,113.81
9.8981,-6.0065,694,111.51
8.3685,-4.8734,693,115.97
7.9863,-5.2411,674,113
7.5827,-6.6718,633,101.6
8.3118,-7.4553,609,94.661
6.8783,-8.053,599,89.533
7.2031,-9.0668,573,89.269
6.9333,-11.404,532,82.834
6.0678,-11.713,529,84.588
6.6506,-11.823,517,79.857
7.1086,-11.101,518,80.08
7.0042,-10.754,542,80.502
7.2169,-10.559,582,84.48
7.4996,-10.161,626,87.945
7.9242,-10.044,650,89.897
8.1,-9.7838,680,91.948
8.202,-9.6453,688,94.231
8.5887,-9.4115,681,92.635
9.078,-9.2396,670,94.727
9.1575,-9.0802,630,91.262
9.2636,-8.8251,579,85.886
9.1279,-8.82,514,82.793
8.6675,-8.7002,482,79.245
8.0656,-8.4363,467,75.341
7.1786,-8.0071,494,78.476
6.9374,-7.4182,529,80.808
7.2361,-7.9618,576,86.349
8.6793,-7.6513,608,90.964
10.498,-6.5662,623,96.324
12.498,-5.5859,637,99.962
14.114,-4.7196,624,90.443
15.228,-4.7409,603,91.692
16.8,-4.8982,577,86.903
16.963,-5.072,545,85.398
17.334,-7.3603,562,87.755
16.411,-8.7473,563,86.184
14.005,-9.962,552,84.753
11.521,-10.801,543,84.224
8.5092,-11.673,544,87.11
6.2261,-10.922,524,83.182
4.0518,-9.9237,475,78.757
2.8027,-9.3596,429,75.73
1.8396,-9.4798,396,72.761
2.0735,-10.2,403,75.416
3.5187,-10.502,421,79.303
3.44,-10.269,469,78.03
3.334,-11.605,512,86.002
6.4414,-12.002,512,84.406
6.8596,-9.6569,521,87.631
7.4941,-8.5352,533,89.177
6.4619,-6.9585,518,88.566
6.8601,-7.7532,471,81.197
6.4223,-7.0412,455,80.006
5.9852,-7.4271,463,78.153
5.0175,-7.3509,456,77.616
4.4763,-6.9406,459,82.173
4.0795,-6.2614,440,84.034
2.2605,-5.1883,454,86.87
0.30998,-4.9339,446,81.643
-0.48585,-3.2642,424,79.13
-2.1438,-3.0171,425,83.637
-2.2726,-3.7055,393,73.952
-1.6787,-3.3866,410,77.103
-0.70167,-3.2608,463,80.205
0.015039,-2.2125,507,88.491
1.4843,-0.091121,535,96.885
2.56,1.3518,565,102.33
4.1494,1.5357,532,99.276
5.035,0.40905,525,96.224
4.4504,0.53771,537,98.779
5.0828,-0.43924,539,100.18
7.8233,-1.2481,522,89.111
9.4651,-1.45,505,85.514
10.271,-2.0368,530,92.469
12.013,-2.7203,538,92.172
13.105,-4.348,500,86.871
14.362,-5.9968,470,88.491
14.208,-7.5138,436,88.624
14.075,-7.7333,420,76.351
10.602,-7.2177,433,79.923
8.2432,-6.0554,478,89.31
9.8152,-6.3225,552,100.04
11.56,-5.6719,647,110.1
12.913,-5.5773,663,103
13.152,-5.1537,654,100.37
11.881,-5.0035,649,104.27
10.677,-5.3149,616,94.686
10.086,-4.843,570,90.633
10.199,-4.8813,518,81.916
10.338,-4.275,520,81.106
10.822,-2.3814,548,98.184
10.631,-1.1219,562,108.31
9.4123,-2.6093,590,104.12
7.4295,-4.1758,633,114.26
7.0449,-4.5526,618,122.83
6.4927,-4.4937,599,115.62
6.2161,-4.5112,601,106.84
7.1006,-4.6568,585,88.748
7.4896,-4.671,563,88.946
8.2445,-5.1357,525,86.415
8.2627,-5.2917,503,82.76
8.4981,-5.4234,467,81.743
8.3005,-5.5913,463,81.23
7.6261,-5.9818,466,82.032
7.3399,-6.3656,441,76.846
6.9135,-7.6188,442,75.755
7.526,-8.6482,447,76.4
7.838,-8.8935,460,80.055
8.3581,-9.1825,474,80.271
7.7736,-8.8545,493,79.493
6.7843,-8.7366,485,81.66
5.5079,-7.3871,474,78.956
5.5359,-7.0283,460,76.706
4.4065,-6.9496,476,82.14
4.4276,-7.114,456,81.974
5.4192,-7.509,498,88.715
5.9667,-8.7125,480,82.33
7.779,-10.166,479,79.286
7.4601,-11.129,511,80.626
6.3712,-12.202,520,82.578
4.8132,-13.413,502,79.849
3.7371,-14.168,486,79.51
4.3301,-14.44,468,76.243
4.626,-14.134,482,77.227
5.1348,-13.801,508,78.244
5.3614,-13.849,551,82.189
5.5777,-13.32,582,84.422
5.7904,-13.18,603,87.151
6.0194,-12.804,630,91.171
6.5958,-12.919,634,93.437
6.3275,-12.976,674,93.718
5.5987,-12.667,666,95.166
5.0913,-13.161,652,93.156
4.9825,-13.669,623,89.889
4.1195,-14.796,593,87.028
3.6995,-16.076,564,86.151
3.9251,-16.606,519,82.735
4.3427,-15.982,496,83.124
5,-14.537,488,82.305
5.5232,-13.074,506,80.527
6.166,-11.352,512,83
7.0632,-10.126,542,86.233
7.5332,-9.4082,550,88.21
8.286,-8.903,562,89.037
8.4139,-8.4284,566,87.954
9.1185,-8.3752,575,88.326
9.5691,-8.3794,572,85.068
8.4728,-8.3059,537,84.207
7.0808,-8.1937,515,80.461
7.5189,-7.4186,528,83.215
6.9325,-5.8066,539,81.362
6.7321,-5.5357,553,85.787
6.2544,-5.5041,543,87.937
6.0303,-5.4578,515,87.722
6.2116,-5.6619,505,83.248
6.0213,-5.9434,499,79.998
5.8245,-5.5471,515,81.387
6.2995,-4.845,563,89.939
7.8389,-5.7947,582,87.317
9.657,-7.333,578,89.741
9.7036,-7.6214,595,102.85
9.6844,-7.4256,598,104.13
9.4081,-7.8397,619,108.08
10.465,-9.9238,607,107.21
10.435,-11.1,621,115.08
10.098,-11.68,618,119.99
8.5621,-13.957,604,113.39
7.3616,-15.298,559,98.764
5.838,-15.449,513,90.973
4.6823,-14.321,467,76.334
3.8821,-13.12,424,71.835
4.115,-10.966,475,78.774
4.7778,-7.2427,545,83.231
5.6883,-3.3285,573,89.335
6.3466,-2.2995,545,84.894
6.7626,-1.4942,516,81.478
7.0323,-1.0457,553,88.888
8.932,-1.4681,596,95.174
11.279,-2.2725,623,101.47
12.917,-2.5181,623,103.51
14.412,-1.5703,587,100.2
15.417,-0.35701,542,88.946
16.962,-0.05,520,82.652
17.351,0.48824,489,79.055
16.749,-0.20368,475,77.252
16.476,-1.2011,491,79.692
16.243,-1.7332,476,81.313
15.903,-2.8704,461,77.451
16.306,-2.9867,490,78.013
14.052,-5.3204,497,79.138
12.259,-6.2809,485,78.046
9.6291,-6.5372,484,78.501
6.1914,-6.8191,550,91.229
5.2658,-6.4188,545,90.32
5.133,-6.242,500,84.307
5.8459,-5.5238,515,89.318
8.219,-5.7963,529,96.191
10.135,-7.3336,550,95.082
10.182,-8.7103,580,103.23
10.314,-10.332,576,120.54
9.2061,-11.608,601,117.47
8.1022,-11.286,603,106.41
5.942,-9.8754,582,107.47
5.9817,-9.7393,609,109.84
5.2476,-8.3121,628,111.3
4.4245,-5.6781,626,100.42
3.9429,-3.9107,619,97.547
4.1212,-2.2751,597,94.297
4.7287,-1.3265,588,94.992
6.1232,-0.52574,544,86.25
7.2354,-0.04604,505,83.132
6.3859,0.64463,503,85.208
7.0492,-1.7855,465,78.03
8.0472,-2.4015,482,81.239
6.2837,-5.6457,460,81.544
5.043,-8.4365,488,87.474
3.9343,-11.084,489,89.236
3.062,-13.83,476,82.231
4.2806,-16.463,461,81.131
5.4342,-18.25,490,80.453
6.4662,-17.916,521,86.73
7.1874,-15.411,573,99.144
7.7738,-12.662,583,90.816
7.7989,-10.731,565,86.159
6.972,-9.923,526,79.568
6.3422,-9.4395,533,80.535
7.1893,-9.2176,525,80.825
8.4735,-10.033,543,82.239
6.7801,-11.113,548,84.364
5.6167,-9.6392,573,94.528
5.4992,-7.4607,636,98.73
6.044,-5.631,651,100.67
6.2447,-5.0078,706,114.45
6.2282,-3.9797,688,108.75
5.8955,-3.6415,682,113.72
5.3645,-4.3494,664,112.38
5.853,-3.808,681,106.78
6.7266,-3.6209,674,101.19
6.772,-3.841,670,93.578
7.2984,-3.1209,666,90.567
6.8196,-2.6243,668,97.771
7.4582,-2.9654,643,94.305
7.0668,-3.4811,610,87.06
7.455,-3.8784,619,92.279
7.0797,-3.7315,596,88.359
8.1045,-4.7209,584,84.935
7.1168,-4.3059,608,95.794
6.9786,-4.9668,618,90.476
7.1164,-5.867,671,104.49
6.2768,-7.2028,657,97.282
4.3686,-8.4353,626,89.178
3.2736,-9.8003,587,85.58
3.0442,-9.4791,585,88.715
4.219,-8.7181,596,95.033
3.7459,-9.2793,581,84.067
4.3977,-8.6721,616,89.732
3.6734,-7.3719,640,90.575
3.7659,-6.806,678,91.022
3.9241,-6.428,753,95.868
4.2302,-6.2092,808,100.47
4.3674,-5.9304,851,104.21
4.5927,-5.5436,889,107.24
5.134,-5.2183,884,107.5
5.4149,-5.1407,878,107.87
6.4504,-5.0406,855,104.49
7.3995,-4.9343,795,101.52
7.748,-4.4904,732,97.853
7.4203,-3.9186,706,96.72
6.7509,-3.6459,677,97.481
5.2494,-2.5683,641,90.823
4.3284,-1.7097,633,91.592
4.6422,-0.81281,597,86.06
4.9052,-0.46943,597,90.666
5.4037,-0.99384,609,88.375
6.5527,-2.1431,636,88.524
8.0756,-3.42,653,90.426
9.366,-4.8918,670,95.265
10.909,-5.7732,667,96.051
10.962,-7.1317,668,95.422
10.905,-8.04,643,92.263
10.241,-8.172,628,90.757
9.7674,-7.4399,632,88.971
8.3383,-5.9513,626,88.161
7.9485,-5.1612,653,89.575
7.8134,-4.324,730,96.241
7.9177,-4.3355,772,97.291
7.9233,-4.4346,807,100.2
7.9569,-4.2262,842,104.82
8.1244,-3.8973,862,105.44
8.3322,-3.5248,888,107.15
8.2209,-3.4445,905,107.7
8.0493,-2.9503,901,110.25
7.5055,-2.3655,866,106.48
6.1564,-1.6709,796,102.12
5.0107,-1.5381,715,94.628
4.5443,-2.1591,638,88.318
4.9947,-2.0729,593,89.467
6.5061,-1.827,610,92.13
7.7297,-1.7656,640,92.66
9.5256,-2.5382,621,89.831
10.258,-3.27,650,91.692
10.535,-3.9953,636,90.749
10.278,-4.7218,638,91.874
10.083,-4.8369,639,93.446
10.2,-4.4038,650,92.916
9.4726,-4.7387,661,93.437
9.5154,-4.3603,698,96.91
8.4302,-3.8123,706,95.852
7.9177,-3.5933,702,93.536
7.1286,-3.7572,694,91.394
6.7061,-4.0518,681,92.039
6.8487,-3.842,647,89.136
7.0156,-3.5234,640,88.309
7.0419,-3.364,605,87.011
7.1956,-3.0524,577,83.132
7.9863,-3.2163,593,87.292
6.5319,-3.8955,615,91.518
6.1714,-5.4449,631,90.352
5.8455,-5.7919,644,91.741
5.9484,-5.5099,654,95.926
5.1749,-5.274,667,100.67
4.7086,-5.0297,649,94.446
4.9968,-5.3228,632,89.963
4.9425,-5.8497,637,89.756
4.7162,-5.8059,617,90.6
3.6905,-5.6901,618,90.807
3.5,-5.2143,616,90.807
3.6887,-4.2866,628,89.351
3.846,-5.0839,620,92.527
5.3328,-6.0276,616,89.732
6.3207,-7.6201,635,90.889
6.125,-9.6598,632,94.396
6.4869,-10.951,603,89.632
4.7748,-11.376,609,89.616
2.5354,-11.008,636,91.138
3.28,-10.317,600,87.085
1.3544,-7.9563,630,89.88
1.0399,-7.0611,667,98.358
2.2635,-5.945,659,96.654
2.6189,-4.0625,656,98.961
2.7041,-3.3483,702,107.34
0.91052,-2.8648,732,105.2
1.7591,-4.1184,699,101.9
1.9048,-5.3565,704,101.04
3.009,-5.3798,724,101.87
5.5617,-5.2741,747,112.83
5.5977,-5.346,750,113.49
5.6005,-5.9783,736,106.36
6.1404,-5.7458,712,102.19
6.0002,-5.7062,719,99.21
6.3536,-5.9386,700,95.173
6.4925,-5.4529,685,93.379
6.9886,-5.2045,704,94.752
7.4959,-4.7889,707,96.555
7.2807,-4.2982,705,92.982
7.1827,-5.253,676,90.195
7.0823,-5.012,685,93.197
6.577,-5.7114,661,92.064
6.4791,-5.4503,629,88.318
6.7296,-5.1454,612,86.647
6.5277,-5.5362,573,87.218
7.625,-5.7517,584,86.292
7.3872,-5.2777,613,92.081
8.2348,-5.064,656,101.93
8.6847,-4.8208,678,111.34
8.5004,-4.6332,702,114.58
9.1239,-4.4905,707,112.23
8.5497,-3.5019,667,99.549
7.6242,-3.1904,638,91.394
6.5293,-3.4051,619,90.17
5.3011,-3.2848,575,89.988
5.3937,-3.5187,588,88.574
4.0499,-2.7953,629,99.424
2.7769,-1.5475,642,101.15
3.8036,0.022036,658,103.36
6.2646,1.5219,675,108.79
7.8475,2.6228,692,102.72
8.5711,4.128,701,103.87
8.9223,3.3275,677,101.33
9.522,0.76061,660,98.969
9.7386,-2.4789,616,93.048
8.991,-5.1779,638,104.54
9.3207,-7.309,644,100.55
9.263,-8.4026,616,93.205
7.0816,-8.3451,610,90.244
6.094,-8.2415,589,87.242
5.6229,-8.3834,607,86.597
5.3591,-7.1545,628,91.956
5.2882,-7.1664,634,91.775
5.3726,-7.7619,631,90.261
5.5112,-8.6437,635,91.212
5.6641,-8.996,626,94.553
6.6595,-8.75,608,86.812
7.7878,-6.4893,585,85.539
8.6122,-6.5789,605,87.292
8.5406,-5.6593,601,88.69
8.7029,-5.1307,587,84.819
9.844,-5.7753,613,88.003
9.9981,-6.6623,650,95.86
10.588,-7.4687,686,108.72
11.249,-7.6933,706,104.25
10.863,-8.6229,724,105.78
10.852,-9.1199,707,104.92
10.981,-9.9318,707,103.51
9.4111,-9.8944,720,102.97
8.4184,-10.098,692,101.61
6.8317,-9.5828,670,102.96
6.7302,-8.4512,656,100.11
6.9099,-6.0937,659,91.874
7.9649,-4.2471,701,104.1
9.2304,-2.2556,709,105.58
9.1816,-1.2545,662,100.56
9.9647,-1.5355,669,102.74
8.8232,-2.1723,656,93.933
9.1529,-2.6473,662,91.642
9.4466,-4.0899,656,90.79
8.1227,-4.7622,654,91.601
8.3088,-6.1033,627,88.599
9.1695,-7.3358,618,94.967
7.9891,-9.4359,640,97.282
6.6436,-11.411,644,97.316
4.3427,-12.89,620,98.366
2.5045,-13.409,637,98.986
2.9095,-12.915,666,105.55
4.6896,-12.834,685,104.18
6.7249,-13.41,673,105.78
7.056,-13.678,652,96.406
7.2691,-14.714,647,95.753
7.7905,-14.799,663,97.009
8.6904,-13.607,661,100.79
9.333,-11.994,655,98.68
9.2937,-10.833,664,103
8.4845,-10.662,653,100.18
8.4849,-10.098,664,109.64
7.928,-10.162,660,99.788
8.4316,-8.7439,654,96.538
6.2321,-8.0424,602,86.895
3.3349,-7.3814,624,88.963
3.3509,-6.0635,622,89.426
3.5763,-6.3574,596,88.384
3.3733,-8.372,574,83.711
3.9243,-8.1344,588,84.364
4.7626,-8.9144,587,87.094
3.7867,-9.825,600,87.854
3.3297,-8.8031,640,90.004
5.4433,-8.8119,630,88.789
7.6254,-8.8594,617,91.675
7.6219,-12.321,648,93.437
6.6413,-12.522,659,93.23
5.1658,-13.018,643,92.891
3.5169,-13.086,659,94.47
3.4729,-13.371,679,98.572
2.705,-13.783,700,104.53
1.4975,-12.444,702,107.07
-0.41912,-12.069,714,109.27
-0.34986,-11.957,716,117.81
-0.12068,-10.11,694,115.05
0.080165,-8.8225,697,114.26
0.66198,-7.3935,676,110.16
2.1321,-6.9974,665,107.41
4.3184,-6.8846,654,97.473
4.7887,-6.6287,684,94.934
5.7906,-6.1932,687,99.59
5.9672,-5.9124,705,109.03
5.8205,-7.5314,661,98.109
7.8167,-7.3098,652,92.643
8.6094,-5.4989,655,91.163
9.2288,-5.6562,650,93.263
9.4375,-4.9297,640,94.198
12.094,-4.1605,659,97.588
13.037,-2.3922,661,106.41
14.198,-3.0995,691,99.722
16.519,-4.3752,719,112.18
16.362,-5.283,698,109.69
15.386,-6.2027,697,107.5
12.891,-7.3213,687,101.52
11.312,-8.5314,661,100.7
8.8409,-8.5725,645,89.724
6.3836,-8.9894,637,96.555
4.899,-9.3602,626,99.739
3.6192,-9.0605,649,102.56
2.9127,-8.1872,637,95.893
1.822,-6.944,585,91.741
1.762,-5.6819,602,95.107
2.3667,-3.6587,663,105.43
3.0804,-3.163,667,100.15
1.5895,-4.6995,634,88.946
0.67468,-6.5246,619,89.277
1.3687,-6.5437,630,90.261
2.6051,-8.1996,615,91.369
4.2132,-9.2141,612,91.849
6.3226,-9.3817,630,93.817
7.9538,-8.4293,647,94.859
9.3365,-6.9634,663,94.694
9.421,-5.5698,663,96.687
11.094,-6.1458,662,103.02
11.399,-7.4416,668,101.97
13.486,-10.134,683,100.72
13.556,-13.423,711,120.08
14.235,-15.247,689,119.08
14.926,-17.406,652,119.38
14.192,-19.281,622,104.17
12.914,-22.102,620,106.05
13.386,-21.716,566,88.252
11.01,-21.151,525,83.446
8.4477,-20.523,550,85.117
5.1884,-19.413,584,93.031
3.7259,-16.431,570,90.79
3.2683,-13.683,600,95.413
4.021,-11.69,678,110.52
6.7328,-9.4307,703,110.54
6.0528,-6.5095,686,103.16
6.3486,-5.4172,682,100.2
6.2472,-5.1377,677,98.895
8.2179,-3.1885,732,107.41
9.9349,-2.9635,768,121.87
10.818,-2.3024,783,119.98
9.9771,-4.5024,725,112.22
8.352,-5.7981,717,110.76
6.8548,-6.5689,693,108.11
5.6056,-7.1695,683,100.04
4.3772,-7.7821,669,94.189
4.3507,-8.7139,679,97.68
3.6635,-7.9727,714,100.51
1.7642,-7.0284,713,101.85
-0.24444,-6.4847,720,105.81
0.24981,-8.4078,659,93.776
0.79129,-6.3474,657,93.288
0.81559,-3.8808,707,107.56
1.7637,-3.7035,710,108.69
4.4968,-3.9964,698,104.77
6.2522,-4.2836,684,99.606
6.6604,-3.6623,713,110.27
5.8939,-2.4885,742,119.43
3.9849,-2.88,746,118.69
2.851,-5.7889,707,105.74
3.0753,-7.8634,719,112.11
1.5637,-7.5499,697,96.166
1.6821,-8.8627,679,94.239
1.7487,-9.5361,657,100.09
2.9136,-8.5988,648,95.174
2.6391,-7.8543,657,95.306
2.4269,-8.7477,645,93.18
2.6219,-9.1891,640,90.518
3.0491,-9.4465,626,89.666
5.099,-10.143,643,90.848
6.4756,-10.524,636,93.106
8.2304,-8.8346,650,90.757
8.918,-9.4506,628,90.187
9.8688,-8.0727,643,90.832
10.094,-7.4976,723,95.339
10.055,-7.1024,779,99.193
9.9188,-6.481,844,103.33
10.07,-6.2489,880,105.26
10.089,-6.1403,948,110.22
10.291,-6.0997,985,111.23
10.179,-6.0539,1015,112.65
10.297,-6.2382,1017,114.02
10.349,-6.006,1004,114.41
9.8257,-5.75,954,109.76
8.6208,-5.2052,893,105.07
7.8653,-4.4142,822,102.92
7.9646,-3.1721,770,102.74
8.2591,-1.7723,716,97.134
8.4278,-0.6327,682,93.28
8.3602,0.84615,676,92.511
7.8827,0.78246,647,92.155
8.5006,0.65827,665,91.725
9.1469,-0.36367,695,93.933
9.3205,-1.5385,707,96.845
9.151,-3.6245,721,94.876
9.5924,-5.9849,743,96.563
10.183,-7.8872,736,97.142
9.419,-8.6122,704,94.867
9.6829,-10.113,713,99.937
8.2898,-10.877,675,102.11
8.4707,-9.7341,690,102
7.1988,-7.1067,698,97.15
6.5335,-5.7493,735,98.746
6.5459,-5.1649,787,100.94
6.8234,-4.5525,853,106.19
6.864,-4.4719,906,109.1
6.8172,-4.5452,935,109.83
6.3262,-4.6369,933,111.38
5.9147,-4.3481,958,114.14
6.0401,-3.8951,975,115.77
6.0302,-3.7895,999,115.87
6.0648,-3.148,980,116.25
6.0613,-2.3247,977,115.73
5.6853,-1.7306,928,113.47
4.6145,-1.0175,856,107.06
3.6636,-0.5076,757,102.44
3.3564,-0.059456,698,100.12
2.8203,-0.84675,677,99.466
3.2496,-1.1582,686,98.92
4.3303,-1.5396,694,98.821
4.9331,-2.2137,689,95.662
5.9914,-3.059,670,91.973
7.1924,-3.3039,649,90.278
7.5079,-3.5603,651,92.064
7.7952,-4.4217,664,91.502
7.8843,-6.2267,643,90.633
7.2759,-7.4701,686,95.901
5.0103,-8.3526,702,98.796
2.9423,-9.3374,698,95.447
2.0254,-9.5113,685,96.265
2.1594,-8.2622,654,94.214
2.162,-6.2145,648,91.882
2.6422,-5.5487,683,96.762
2.8974,-5.1687,713,104.03
3.0106,-4.3616,708,103.23
4.0367,-5.0978,736,102.84
4.1767,-5.3514,769,100.72
4.4761,-4.488,752,101.94
4.671,-3.6473,750,101.66
5.3723,-2.6343,752,105.11
6.2802,-1.7578,770,109.17
8.0042,-1.4837,766,105.42
8.8789,-2.7809,761,99.722
8.8474,-4.8329,760,96.745
9.7782,-6.7099,785,101.19
10.069,-8.7268,797,108.13
8.9582,-9.4756,829,114.14
7.2412,-11.002,822,106.99
6.3425,-11.815,800,108.26
5.5011,-11.936,797,104.12
4.1591,-10.633,785,102.91
2.6427,-11.131,775,103.07
3.5684,-12.468,747,102.26
4.1332,-9.0948,728,97.208
4.2563,-7.8167,750,101.81
3.9657,-4.7321,728,104.91
2.9193,-4.2471,699,97.92
2.6484,-5.9123,684,96.563
4.1723,-6.0503,666,96.149
4.8535,-7.4098,651,95.099
4.6815,-9.0839,620,93.834
2.7127,-11.192,616,103.66
2.9205,-13.184,593,103.19
3.7917,-13.241,588,97.887
5.0793,-13.39,607,103.63
4.5366,-13.805,659,99.929
3.8673,-14.712,649,95.612
4.1143,-15.954,656,96.191
5.0785,-17.517,634,96.034
6.2869,-18.414,636,104.68
7.9458,-16.816,678,110.09
9.9209,-13.753,719,114
12.238,-11.621,708,105.11
11.846,-10.883,697,107.57
10.433,-9.8497,717,114.95
9.2456,-10.183,715,116.19
7.6471,-8.8824,680,98.969
5.1842,-8.7071,676,94.9
2.6797,-7,676,97.605
0.61353,-5.25,654,97.035
-1.7023,-3.6396,634,95.736
-4.6696,-1.2265,639,99.135
-6.4278,1.7845,667,106.64
-6.6562,2.8289,672,109.86
-7.3771,3.4384,706,112.27
-6.8431,4.5124,745,126.27
-5.4826,4.9579,755,135.34
-2.6314,3.5416,782,139.55
-1.1424,2.5657,803,132.84
-0.89335,1.5133,790,133.66
0.58929,-1.4738,791,132.18
3.5795,-3.8232,792,122.69
4.7355,-5.2422,767,111.61
3.4881,-6.3157,791,117.68
2.9701,-7.0973,799,121.42
2.948,-6.7545,781,117.78
3.0877,-7.1644,771,112.61
2.5136,-7.4045,725,108.48
2.7686,-5.3305,733,99.797
1.6971,-6.0197,725,99.201
0.62429,-7.3611,702,97.456
0.69638,-6.8102,739,101.31
0.76953,-6.2393,749,100.51
0.95426,-5.4706,757,105.02
1.6263,-5.9973,748,100.02
1.785,-6.6361,733,100.61
3.4241,-6.742,754,109.61
4.519,-5.7945,764,106.93
3.625,-3.9085,732,102.89
2.8326,-4.9647,708,94.132
2.4976,-4.9189,734,101.69
1.7541,-3.1057,769,108.93
0.78584,-3.1581,729,103.53
-0.034605,-3.5353,708,98.242
0.020007,-4.3567,731,98.887
2.5216,-5.236,713,97.051
3.2753,-4.3468,682,95.737
4.5014,-6.0388,696,98.126
6.6831,-6.5901,688,95.248
6.2761,-6.3538,703,97.944
6.8161,-7.3075,730,106.6
7.8315,-6.6811,689,99.085
4.5599,-6.4174,657,95.273
1.8297,-9.6763,685,101.9
2.6309,-12.402,717,120.32
2.9892,-13.672,709,130.14
4.7985,-15.201,654,102.53
4.9918,-13.002,642,96.439
3.8816,-12.41,608,90.005
3.3701,-10.936,618,91.824
3.4061,-9.7891,627,92.254
2.0847,-8.3595,639,93.271
1.5135,-8.5115,650,102.92
1.3107,-9.1108,661,99.755
2.3796,-10.039,654,103
3.1989,-10.601,639,97.373
2.3952,-9.4536,619,89.864
2.7639,-9.5507,612,89.31
5.0366,-9.8946,619,93.007
4.2649,-12.712,636,93.263
5.6331,-13.66,649,100.09
6.5604,-13.373,658,106.17
6.2524,-13.241,681,112
5.0714,-9.5279,662,102.93
3.671,-7.2637,657,93.387
2.1973,-6.3076,695,101.82
0.73986,-7.7009,703,105.08
-1.3941,-7.4644,695,107.58
-3.949,-9.0148,676,113.89
-5.8779,-8.4118,692,110.91
-7.5078,-9.477,674,108.69
-9.7451,-9.2034,687,121.87
-10.487,-9.7139,707,131.07
-12.994,-12.43,688,126.56
-15.64,-15.107,684,126.85
-18.274,-16.631,691,132.85
-22.1,-16.33,709,144.07
-24.047,-14.881,732,146.33
-25.552,-12.158,708,169.16
-27.002,-9.0113,729,181.83
-29.418,-5.4848,690,158.48
-29.546,-2.1198,699,159.58
-29.672,1.4128,697,154.29
-28.638,4.9268,690,148.32
-27.04,7.8553,693,143.66
-25.244,10.396,624,112.41
-23.249,12.296,595,99.946
-21.419,12.743,547,85.787
-20.808,13.068,537,91.055
-22.408,10.804,523,93.544
-22.933,7.436,500,94.024
-23.894,3.7974,485,92.66
-25.231,1.015,517,100.66
-26.16,-1.2466,597,119.76
-24.734,-2.7643,700,146.55
-23.387,-2.2712,755,154.15
-21.766,-2.2029,764,154.14
-21.31,-3.098,750,147.55
-20.954,-3.4408,739,140.62
-20.524,-2.3895,731,152.41
-22.448,-0.039986,719,160.39
-23.894,-0.32334,709,160.48
-22.124,0.14685,698,143.91
-19.59,0.82289,686,147.77
-14.621,1.3675,685,151.41
-9.4697,1.062,673,155.74
-7.4336,0.41204,648,138.87
-6.7247,1.7357,697,134.65
-3.3808,1.629,727,138.24
0.51796,0.63193,703,124.75
1.5775,-2.5106,706,123.59
3.9548,-6.8436,689,107.37
3.9228,-11.187,669,99.887
3.2067,-13.698,612,95.388
2.3263,-16.362,596,86.556
2.1764,-16.259,647,92.064
1.9315,-15.953,708,97.572
1.79,-15.393,753,99.441
1.4245,-14.943,788,99.672
1.3196,-14.235,848,105.98
1.2369,-13.795,887,108.56
0.9118,-13.341,924,111
0.61636,-13.008,955,114.6
1.0382,-12.881,950,114.12
0.85882,-12.433,927,113.98
2.3416,-12.8,898,114
3.6235,-12.66,831,109.14
3.7163,-12.32,800,108.76
3.9022,-13.39,772,107.28
3.2815,-14.942,765,107.42
1.9053,-16.421,725,101.04
0.17959,-17.634,719,102.21
-1.4453,-17.856,715,100.07
-3.1663,-17.91,702,109.2
-3.9056,-16.491,743,103.02
-4.1198,-16.102,775,102.44
-4.7965,-15.158,825,104.6
-4.7382,-14.84,866,107.96
-4.9327,-14.112,910,112.57
-4.9208,-14.152,960,116.41
-5.0148,-13.66,1016,120.03
-5.1337,-13.14,1037,123.33
-5.217,-12.944,1065,123.88
-5.0944,-12.887,1078,123.99
-5.0354,-12.513,1072,123.69
-4.7374,-12.147,1050,123.75
-3.0145,-11.576,968,122.31
-2.278,-11.062,928,122.61
-1.5821,-11.457,886,123.8
-1.2244,-11.894,865,116.53
-1.7507,-12.425,863,109.71
-1.9913,-13.045,815,112.51
-1.4857,-12.495,804,112.38
-1.9263,-10.849,795,109.75
-1.689,-8.6798,812,112.95
-0.91314,-7.8723,826,112.63
0.55572,-6.8476,830,113.23
1.7057,-6.6942,833,115.16
2.6476,-6.7607,840,119.55
3.7836,-5.9828,842,116.44
6.3686,-5.6902,861,123.61
7.557,-6.3725,890,125.84
6.81,-5.7726,907,131.03
6.1179,-5.5984,910,134.7
6.846,-7.0543,930,136.01
6.5783,-8.6641,920,149.04
6.2218,-8.5676,891,142.79
4.4206,-9.4911,867,128.31
4.6167,-10.392,871,133.65
5.3044,-12.629,885,147.47
5.2456,-12.911,850,128.81
4.8243,-12.007,828,118.83
4.5421,-12.386,850,127
3.0083,-11.769,825,112.19
0.79027,-11.671,838,118.19
-0.34128,-10.601,860,120.47
-0.85728,-9.5402,889,126.04
-1.4877,-9.3349,907,131.46
-1.9738,-9.338,886,116.13
-1.3546,-9.8796,845,118.3
0.49803,-9.8597,825,115.42
0.42306,-9.873,801,116.91
-1.0683,-12.563,811,118.52
-1.9619,-12.944,785,112.73
-0.49668,-11.344,791,111.9
1.3261,-10.868,756,108.5
2.1423,-9.8254,782,107
1.7963,-9.4708,788,113.79
4.7199,-9.499,735,100.57
6.6808,-10.076,695,95.471
8.8721,-9.877,681,95.198
10.957,-8.3948,656,95.041
11.108,-6.7523,653,93.081
10.059,-5.7701,696,97.489
8.6712,-5.8078,692,98.225
7.2847,-4.6903,720,101
6.2188,-4.8125,704,99.648
4.6387,-6.3566,694,100.78
3.0547,-8.9036,690,100.03
1.6699,-11.741,707,99.011
-0.27102,-14.325,678,95.719
-2.087,-16.793,685,96.373
-3.2728,-16.308,602,88.946
-5.1994,-16.625,578,91.03
-5.532,-15.224,570,89.103
-5.9787,-14.479,629,93.114
-7.5401,-12.91,754,113.01
-4.9377,-11.263,710,112.29
-1.6304,-9.0597,746,113.35
3.439,-8.6717,766,107.51
7.6345,-9.519,736,112
10.202,-12.927,709,100.58
10.197,-16.516,689,98.117
7.9446,-20.344,690,98.175
5.1292,-24.777,657,94.024
3.1246,-27.666,637,96.877
1.8405,-29.448,637,103
0.32774,-29.712,656,112.96
0.273,-30.701,701,122.78
-0.42993,-32.731,751,128.47
-1.5968,-35.922,744,131.35
-1.9906,-39.201,774,133.65
-3.7705,-44.243,739,127.13
-4.2942,-48.196,727,124.88
-5.5429,-52.215,694,120.94
-6.5367,-56.086,685,119.43
-4.8882,-58.642,625,105.51
-3.818,-60.829,544,90.079
-3.2388,-64.123,536,88.88
-2.6747,-66.954,513,86.688
-3.4381,-68.445,527,91.113
-4.5089,-69.702,547,95.347
-5.436,-70.008,598,101.67
-7.1801,-70.226,581,102.17
-9.5707,-67.786,617,112.95
-11.585,-66.051,639,117.35
-13.149,-64.456,635,109.7
-14.857,-63.979,631,101.66
-14.351,-63.265,646,103.18
-15.17,-64.982,663,94.694
-15.823,-65.598,675,94.785
-15.653,-66.631,669,98.134
-17.983,-66.769,674,105.42
-20.484,-66.34,655,122.43
-23.291,-66.48,638,125.26
-25.378,-67.44,625,116.35
-26.49,-66.497,587,117.42
-26.503,-66.308,569,114.72
-26.277,-66.123,591,118.11
-26.219,-66.297,616,118.08
-26.452,-66.676,617,117.24
-26.367,-66.531,637,120.46
-26.059,-66.435,650,124.68
-25.856,-66.543,646,120.51
-26.044,-66.731,644,118.29
-26.137,-66.427,657,116.79
-26.942,-66.955,650,117
-27.595,-67.954,649,121.01
-29.047,-67.793,615,119.49
-29.895,-67.213,600,120.55
-29.956,-67.497,580,121.87
-31.223,-69.195,564,113.4
-33.026,-70.027,546,107.08
-33.919,-70.759,538,97.01
-36.365,-71.56,525,97.126
-38.493,-70.878,530,94.57
-40.424,-69.112,586,102.57
-41.375,-67.36,609,101.31
-41.547,-66.202,647,111.1
-43.189,-64.992,671,112.07
-44.987,-63.506,669,116.64
-47.191,-62.276,683,118.17
-49.505,-60.134,663,116.07
-51.28,-58.754,670,115.62
-52.876,-55.316,694,120.68
-54.477,-52.281,699,120.39
-55.678,-48.617,713,124.35
-56.164,-44.392,667,124.15
-56.285,-42.029,637,127.44
-57.149,-40.071,621,134.01
-56.974,-39.888,611,126.29
-57.112,-40.033,608,120.57
-56.94,-39.92,606,119.38
-56.73,-39.388,607,118.8
-56.777,-38.923,603,121.51
-56.856,-38.667,606,121.99
-56.849,-38.831,613,126.23
-56.948,-38.843,615,119.23
-57.202,-38.514,633,123.55
-57.661,-37.851,631,125.23
-58.723,-36.582,639,129.47
-60.004,-35.898,605,128.76
-61.925,-36.095,595,120.88
-63.166,-36.343,579,118.83
-64.25,-35.085,551,115.77
-64.955,-34.453,552,117.35
-65.601,-35.001,563,121.61
-64.865,-37.203,554,115.01
-64.091,-40.096,531,101.41
-64.281,-42.813,494,88.375
-65.362,-44.87,476,80.188
-65.633,-46.171,506,83.662
-66.348,-47.276,538,85.787
-67.334,-46.404,526,86.374
-67.519,-44.846,507,83.802
-67.144,-44.25,469,82.239
-66.669,-41.82,428,75.755
-66.339,-40.776,359,71.562
-63.976,-40.59,362,72.083
-63.436,-40.414,305,64.524
-62.012,-39.063,283,60.629
-61.116,-37.672,320,64.251
-61.451,-37.298,353,70.653
-61.239,-38.42,352,66.559
-61.273,-37.927,371,69.867
-59.946,-35.281,386,73.208
-58.56,-35.343,407,77.806
-57.032,-37.362,421,87.524
-56.426,-39.456,412,80.825
-55.202,-40.285,339,69.197
-52.546,-39.788,340,72.207
-53.427,-39.872,341,77.583
-53.943,-37.983,296,66.12
-54.926,-36.499,301,64.706
-55.827,-36.517,292,63.209
-54.342,-37.74,249,55.361
-51.395,-36.774,233,56.452
-50.003,-36.07,255,59.81
-49.911,-37.196,276,64.64
-48.107,-38.546,284,64.235
-47.15,-41.341,276,62.209
-48.736,-42.857,257,55.708
-47.958,-43.14,210,53.211
-45.688,-42.611,252,60.066
-46.341,-42.993,222,57.486
-46.449,-41.564,163,44.568
-46.465,-41.838,155,41.467
-45.557,-41.121,162,43.369
-45.456,-42.784,181,49.001
-43.434,-39.251,193,52.086
-49.199,-36.64,201,49.712
-52.156,-37.674,191,50.192
-53.746,-35.521,230,60.877
-52.16,-32.896,263,76.102
-51.001,-31.131,267,67.179
-50.667,-30.073,278,61.729
-50.455,-30.739,278,62.192
-46.396,-32.216,271,67.7
-43.683,-35.393,276,68.85
-40.155,-35.933,311,76.227
-37.299,-35.554,376,93.834
-34.07,-35.508,435,109.27
-31.879,-33.679,583,136.36
-30.066,-32.627,655,156.82
-26.226,-32.784,636,158.63
-23.021,-32.85,599,147.54
-19.688,-33.774,552,128.92
-17.514,-35.469,484,111.45
-15.186,-37.381,428,98.813
-11.677,-38.035,373,93.909
-8.9898,-38.906,300,88.491
-7.6031,-36.515,288,92.684
-6.4379,-42.025,177,51.457
-6.5363,-36.789,631,123.92
-5.5624,-32.816,641,132.15
-4.6487,-29.955,698,138.03
-2.4308,-27.412,787,144.63
-3.0348,-25.149,817,149.22
-4.0527,-22.54,802,150.44
-3.5836,-19.917,801,149.19
-5.2027,-20.774,796,126.39
-9.9244,-22.56,783,124.42
-14.043,-23.63,807,137.56
-18.366,-22.268,805,132.95
-19.037,-20.881,772,131.46
-22.156,-21.394,751,123.65
-22.157,-21.683,689,111.66
-17.571,-17.779,737,112.73
-14.41,-12.101,799,121.95
-15.214,-9.4062,848,153.09
-20.01,-9.7744,850,150.51
-24.139,-7.7277,817,135.69
-24.506,-4.8444,775,140.71
-25.789,-2.5665,777,140.53
-23.1,0.60056,767,137.39
-22.13,2.0526,809,146.94
-20.077,6.3208,799,151.01
-20.831,8.5796,793,168.46
-24.427,12.978,769,141.93
-26.187,18.073,755,129.38
-26.835,21.438,736,129.39
-26.356,24.869,697,131.89
-26.172,29.054,697,130.53
-25.51,31.072,693,128.63
-24.085,32.559,664,115.96
-22.898,32.461,688,109.85
-19.95,33.153,682,107.62
-18.525,32.011,659,102.53
-18.224,30.354,687,101
-18.82,30.525,650,100.87
-17.909,29.428,690,108.9
-17.731,31.055,720,118.01
-18.135,32.812,725,126.33
-18.68,33.887,721,129.05
-21.612,36.597,736,127.92
-23.882,37.848,704,122.29
-24.964,37.099,656,115.68
-25.571,34.282,610,108.81
-21.56,33.117,571,99.309
-18.894,36.999,564,95.092
-18.396,39.395,611,95.356
-17.353,40.272,595,94.405
-15.552,40.244,572,97.646
-13.148,41.056,562,88.574
-13.436,38.888,566,85.878
-12.155,36.673,565,85.696
-14.756,33.517,486,80.138
-17.566,29.531,411,83.596
-19.274,26.319,424,83.455
-16.8,27.462,485,88.417
-20.167,32.204,493,94.132
-19.558,33.843,609,110.49
-17.757,37.135,694,125.58
-15.178,38.925,692,128.73
-12.305,41.264,668,106.47
-8.7348,41.278,686,111.28
-5.7699,41.417,688,109.53
-2.5014,42.023,689,112.43
1.2192,40.136,673,111.65
4.7791,36.781,697,104.95
7.9241,33.9,701,103.32
10.877,31.353,702,106.55
14.817,30.468,688,104.67
17.562,30.668,701,106.65
20.746,30.886,663,103.67
23.355,30.986,616,100.48
25.182,32.096,632,104.36
28.634,33.098,623,96.506
30.017,34.838,595,89.815
31.624,35.17,583,89.931
31.936,32.901,612,92.511
32.19,28.643,635,95.363
33.653,27.613,623,91.526
34.052,28.439,603,91.163
32.026,29.026,625,90.633
29.831,28.324,661,105.84
27.661,26.276,641,95.356
27.887,27.398,652,101.54
29.5,26.797,640,105.16
27.683,25.796,641,105.84
26.896,25.511,657,107.21
25.485,23.492,714,122.09
22.299,20.482,700,109.87
18.349,18.358,713,103.48
15.472,16.269,697,123.6
13.823,14.316,713,114.52
13.555,13.289,716,120.64
13.246,13.43,676,109.57
13.984,11.127,607,99.259
14.919,10.575,602,98.175
15.383,10.145,605,100.56
15.561,9.3003,649,106.07
16.263,9.4983,704,111.58
16.341,9.5157,746,113.31
16.09,9.6788,783,117.4
15.862,10.084,825,120.16
15.964,10.629,868,123.78
16.092,11.233,892,127.82
16.615,11.309,899,128.47
16.731,11.562,905,130.73
16.904,10.686,870,127.49
17.772,11.115,830,127.6
18.549,10.932,798,125.63
19.972,10.782,737,116.66
21.588,9.3788,653,106.91
22.427,8.0669,619,96.778
22.445,6.2076,602,93.115
21.201,3.8246,595,92.925
19.995,2.2701,627,99.623
20.214,1.9953,641,100.77
19.913,1.7106,699,108.5
18.935,1.3763,767,114.32
18.326,1.0924,798,119.01
17.695,1.1719,817,120.59
17.305,1.1832,843,121.18
16.997,1.0801,873,126.42
16.651,1.0456,892,129.69
16.592,0.95682,916,133.27
16.402,1.0293,920,131.26
16.271,0.59461,926,133.03
16.73,0.04292,921,127.49
17.559,-0.092779,890,132.46
18.222,-0.27753,894,138.45
19.275,-0.55261,853,138.34
20.243,-1.2565,817,125.17
20.391,0.24409,782,124.62
19.905,2.4031,732,112.49
19.649,3.6005,700,112.03
19.969,2.944,726,116.34
19.231,1.5506,747,122.22
18.033,-0.77509,782,122.83
16.498,-3.4382,772,121.68
14.005,-5.8385,783,122.95
12.646,-6.1725,814,131.78
9.6629,-8.2332,817,121.19
6.5438,-10.178,815,114.82
4.5289,-10.848,792,108.79
3.4412,-11.096,782,110.84
3.6143,-12.635,760,108.72
3.5991,-13.129,805,116.84
5.5444,-12.385,822,127.54
6.571,-12.245,859,132.81
6.7139,-12.383,888,138.53
8.3062,-13.326,871,140.36
8.3097,-13.167,871,133.99
8.9357,-13.168,872,128.54
9.9932,-14.577,878,130.45
9.6891,-15.38,868,120.68
11.217,-17.173,849,120.36
10.674,-19.897,844,122.34
9.7086,-19.874,799,114.41
7.6459,-20.802,832,129.3
6.3708,-22.363,815,129.5
3.5844,-21.88,792,130.43
3.3793,-20.874,810,140
3.1855,-18.268,819,149.68
2.6898,-16.479,815,136.66
1.3709,-15.778,809,129.39
0.45733,-15.071,813,126.44
-0.82612,-14.281,781,122.28
-1.3465,-14.908,769,104.29
-1.7053,-14.778,740,104.8
-1.6731,-14.524,698,98.887
-2.7115,-14.181,686,95.637
-2.2177,-15.197,636,90.138
-0.66426,-13.301,697,101.9
-0.28994,-13.388,724,99.424
0.91954,-13.746,760,123.55
3.1367,-14.433,820,140
5.3052,-12.6,887,171.22
7.0721,-10.119,932,182.72
7.8055,-6.0578,957,181.51
9.0921,-2.7969,949,178.37
11.108,1.636,958,177.02
11.821,4.525,932,174.55
11.497,8.0789,899,170.62
11.768,11.003,872,156.18
10.476,12.846,875,166.16
9.2381,14.754,878,173.06
8.9374,16.724,834,146.6
9.9463,17.069,807,136.38
10.935,16.485,768,123.42
13.534,17.239,759,133.7
15.248,18.031,736,123.67
12.131,17.942,706,117.16
10.109,15.404,711,102.02
10.781,15.064,706,126.86
12.553,13.142,745,108.19
14.28,8.9879,826,165.39
15.456,3.3098,878,159.99
15.939,-2.4772,910,158.78
15.076,-7.9489,883,140.54
14.482,-14.571,887,139.93
13.54,-20.973,859,122.35
12.591,-26.075,849,121.76
12.208,-29.425,817,118.83
10.185,-31.593,794,121.41
9.7427,-33.422,777,115.25
8.4576,-33.265,775,120.71
5.1659,-35.556,771,114.24
2.9405,-38.35,792,135.02
2.3128,-40.902,761,130.97
1.5294,-44.439,741,121.2
-1.2327,-47.452,744,117.69
-4.0356,-50.568,765,110.17
-6.1949,-53.577,760,112.83
-7.8649,-54.742,700,153.5
-9.8882,-56.852,696,149.1
-9.467,-58.153,684,147.42
-8.8006,-57.649,702,152.76
-8.7319,-56.363,736,158.32
-9.373,-55.438,722,157.11
-9.4381,-54.457,722,155.52
-9.3719,-53.574,743,158.09
-9.0567,-52.482,744,159.71
-8.8618,-52.044,744,158.81
-8.7544,-51.487,764,160.4
-8.7188,-50.765,751,156.47
-8.2628,-50.256,772,151.63
-8.4547,-51.213,750,146.87
-8.9007,-52.345,722,145.44
-9.6506,-52.906,706,144.23
-10.877,-52.083,694,148.37
-12.528,-49.572,696,147.96
-13.919,-46.008,689,148.59
-15.382,-42.809,704,142.96
-15.028,-40.245,713,134.8
-16.392,-37.553,715,129.39
-16.073,-35.624,732,126.64
-15.383,-34.427,764,131.96
-15.24,-32.951,804,133.77
-14.766,-32.372,829,136.76
-14.405,-31.716,859,141.78
-14.229,-31.421,894,143.5
-14.085,-31.118,922,147.66
-13.841,-30.972,927,149.89
-13.625,-31.3,938,151.76
-13.435,-31.643,921,157.45
-13.85,-31.963,926,156.66
-14.083,-31.743,925,153.43
-13.976,-33.154,854,146.49
-13.381,-34.449,825,140.07
-13.425,-32.608,817,140.53
-13.52,-30.147,808,143.09
-12.67,-26.579,833,140.39
-10.5,-23.098,857,137.96
-8.1752,-20.39,848,136.57
-5.5474,-18.253,854,129.45
-3.7546,-17.501,835,120.18
-1.4564,-18.133,821,113.72
0.37893,-15.562,864,121.88
2.8864,-14.683,849,123.18
5.4649,-12.655,863,131.84
5.9259,-10.652,889,144.54
5.6453,-9.3896,855,137.23
5.3605,-8.2149,817,125.71
5.7885,-8.2997,761,110.44
7.2191,-7.1802,771,107.5
8.6568,-6.7875,753,105.97
11.814,-5.7278,747,106.46
13.786,-5.6285,797,111.47
14.76,-6.5183,803,123.56
14.817,-7.5493,858,134.61
13.691,-7.5225,894,146.98
11.382,-8.4555,907,150.5
9.2175,-9.4769,913,146.84
9.6185,-8.8496,878,139.24
11.441,-7.0199,885,141.71
13.441,-3.9018,861,141.6
15.22,0.00028495,854,141.56
15.955,3.0765,832,137.04
16.166,5.8683,821,137.99
16.293,7.1705,765,133.34
16.146,8.0246,764,139.22
16.368,8.909,806,147.58
18.08,7.0266,826,148.74
18.855,4.9367,833,140.15
18.768,1.8578,807,125.83
18.415,0.29478,812,122.62
19.209,-1.8917,821,117.14
18.237,-3.3433,791,117.02
15.881,-7.3315,784,120.79
12.269,-11.504,767,120.07
10.742,-15.807,778,127.41
10.274,-18.057,759,128.67
10.434,-21.426,784,136.92
7.7116,-21.805,762,130.38
5.2413,-20.104,768,130.5
1.6716,-22.045,796,125.11
-4.0539,-22.39,827,132.65
-8.1872,-23.448,821,129.05
-8.2104,-23.471,743,109.22
-8.5702,-20.95,703,97.026
-8.9207,-21.009,736,106.58
-10.029,-20.699,825,136.32
-12.209,-22.988,839,136.57
-12.281,-25.24,801,129.76
-11.482,-29.233,795,131.16
-12.92,-32.657,833,135.97
-14.295,-35.24,795,133.56
-17.88,-36.421,781,131.3
-20.533,-38.587,737,126.82
-22.329,-38.603,721,124.13
-21.88,-38.065,735,133.54
-22.36,-40.487,671,118.29
-22.069,-42.376,614,96.373
-22.747,-44.835,587,92.527
-23.368,-46.421,536,88.276
-23.475,-49.221,522,85.439
-20.27,-50.378,557,95.372
-18.88,-54.126,652,121.17
-16.861,-58.382,711,139.15
-13.813,-63.127,741,152.16
-10.075,-69.49,715,143.98
-5.8483,-73.807,690,128.93
-3.9902,-76.382,696,118.43
-1.3741,-76.647,717,127.86
1.5481,-77.509,708,128.35
6.4896,-79.716,653,107.4
10.582,-81.645,659,111.93
12.823,-84.701,661,110.05
14.893,-87.242,635,97.39
16.072,-90.017,644,105.42
16.838,-94.309,666,119.06
16.76,-100.26,675,118.59
15.615,-105.29,691,121.32
12.985,-109.68,711,124.86
9.8377,-113.68,708,123.59
6.7197,-117.46,709,117.77
4.0507,-120.32,721,113.16
1.1501,-123.23,686,100.86
-0.57806,-124.86,671,102.55
-1.2344,-125.39,644,97.547
-0.66138,-124.63,604,95.265
1.0781,-124.76,646,113.02
3.0987,-123.97,616,118.59
2.7928,-125.37,625,111.87
3.2651,-126.05,622,112.66
4.314,-127.03,579,97.498
3.736,-127.64,562,98.035
3.5826,-127.78,593,110.17
4.8862,-129.29,623,116.22
9.0968,-129.65,647,123.76
12.187,-130.89,688,138.27
16.074,-135.52,660,126.33
19.252,-137.9,676,123.57
23.246,-139.53,688,121.64
27.326,-140.8,701,118.35
32.316,-140.83,682,112.39
37.377,-141.47,662,106.62
41.257,-142.19,653,105.43
44.855,-142.18,663,113.19
48.444,-142.74,651,112.57
52.377,-144.01,623,104.98
56.907,-144.9,605,104.35
60.163,-145.04,607,106.87
62.15,-144.23,637,112.74
64.436,-143.01,680,123.4
65.503,-142.9,718,146.72
67.643,-143.44,737,151.52
70.201,-142.34,761,161.39
73.917,-141.75,770,165.77
78.681,-140.64,743,160.7
83.128,-139.42,739,152.08
87.432,-137.98,721,147.93
90.946,-136.26,715,139.69
93.963,-134.69,703,135.53
98.648,-133.05,685,131.9
102.09,-131.22,634,120.25
105.75,-130.73,591,103.71
107.87,-130.4,603,102.16
108.64,-130.17,605,100.16
108.59,-130.26,619,100.52
109.23,-130.29,645,99.276
109.09,-130.44,635,99.954
109.33,-131.5,620,103.88
107.32,-130.84,613,107.11
106.49,-131.84,618,104.34
106.89,-133.54,609,107.69
106.97,-132.93,567,96.87
106.23,-130.84,571,92.908
105.66,-130.41,561,108.92
105.92,-131.12,571,102.19
105.85,-131.36,601,101.38
105.21,-131.57,638,102.67
105.09,-131.77,649,106.5
105.1,-132.23,651,106.22
105.29,-132.49,658,103.71
105.19,-132.73,665,107
104.78,-132.68,657,104.74
105.1,-132.56,680,107.16
104.96,-132.45,684,103.25
103.91,-133.19,667,106.51
102.38,-134.24,646,100.28
100.62,-134.73,630,102.47
98.479,-134.83,587,102.19
98.317,-133.4,596,108.31
98.845,-130.6,612,99.581
99.796,-129.3,579,95.206
101.24,-127.86,542,96.703
103.01,-128.08,529,103.3
103.4,-129,586,115.84
102.74,-130.49,620,117.29
101.85,-131.3,652,118.77
101.36,-131.88,653,116.53
100.8,-132.15,665,114.74
101.1,-132.32,676,119.8
100.93,-132.83,679,119.75
101.08,-132.9,679,119.17
101.41,-133.52,687,116.72
101.14,-133.94,699,119.57
100.23,-134.57,713,122.33
99.317,-135.08,731,126.07
98.39,-135.47,734,132.33
97.452,-136.54,738,133.37
95.746,-137.3,709,130.45
93.77,-136.96,684,127.53
92.686,-137.6,654,121.24
93.299,-137.88,601,103.55
94.484,-138.28,564,96.058
95.315,-137.6,549,91.584
96.93,-135.63,593,98.597
97.66,-133.42,638,99.904
98.175,-131.67,678,119.91
100.71,-127.73,650,113.79
103.9,-126.44,643,106.67
107.12,-126.61,611,95.612
108.63,-128,649,92.428
108.26,-129.94,653,112.1
106.99,-130.55,666,97.531
105.27,-131.58,669,128.32
102.98,-134.17,673,121.84
100.99,-136.1,704,123.75
96.041,-137.3,721,122.79
91.986,-136.8,762,125.17
88.105,-136.63,749,119.63
84.784,-136.75,710,114.78
81.75,-136,694,122.77
82.39,-133.97,728,133.83
85.324,-130.59,736,128.26
88.442,-128.16,736,129.98
92.617,-126.97,760,135.86
97.902,-128.29,775,123.16
102.93,-129.47,762,110.68
105.39,-129.36,717,103.48
106.17,-129.83,653,93.347
107.17,-128.48,688,100.3
107.68,-128.12,698,108.26
106.29,-129.02,711,106.43
103.61,-131.4,737,114.22
100.44,-131.29,777,122.53
97.917,-131.75,801,124.97
96.088,-132.89,768,122.4
94.972,-132.79,727,110
94.278,-133.12,685,103.68
95.004,-132.4,631,100.76
95.322,-134.04,560,86.258
95.601,-134.95,533,83.074
95.728,-135,496,78.178
94.544,-135.75,497,80.146
94.538,-135.46,532,83.802
94.194,-135.45,520,83.273
94.864,-134.26,531,89.608
96.318,-135.21,501,81.519
94.618,-136.85,523,82.28
90.66,-138.44,563,90.36
89.071,-139.74,538,87.515
87.502,-142.35,560,90.865
84.963,-143.92,619,104.97
82.808,-146.45,652,117.25
82.127,-148.69,625,109.01
81.049,-149.74,617,98.572
81.298,-150.3,580,95.388
80.607,-149.11,627,112.48
81.399,-145.79,654,101.45
83.562,-143.72,657,105.97
83.964,-141.14,664,109.69
87.362,-140.32,673,121.52
90.182,-136.96,712,131.82
92.972,-135.37,694,114.89
95.098,-136.05,698,109.13
95.968,-138.22,650,103.92
96.124,-137.85,610,99.458
97.227,-135.6,538,91.576
100.59,-132.87,535,94.454
105.64,-129.92,534,91.716
107.44,-126.66,545,101.19
106.93,-128.38,553,95.049
102.8,-131.17,569,97.878
98.199,-136.85,554,89.384
95.258,-140.97,540,89.202
92.716,-142.9,545,95.397
92.105,-143.97,602,102.93
88.994,-147.4,644,112.85
86.209,-150.73,659,130.11
85.859,-152.71,678,112.8
88.032,-154.62,589,100.12
89.168,-155.98,592,110.95
89.315,-160.32,568,110.22
89.335,-163.05,564,108.04
89.101,-167.03,563,115.86
89.368,-171.7,539,105.87
88.478,-174.96,556,102.06
89.59,-177.99,564,107.31
90.943,-181.95,539,100.19
92.686,-185.94,508,93.478
94.003,-190.02,503,92.411
93.678,-194.31,514,93.883
93.969,-199.55,512,94.809
92.373,-202.12,531,105.91
90.556,-202.31,576,116.06
89.421,-202.41,593,128.06
89.736,-204.92,558,114.07
87.101,-207.35,577,114.63
84.19,-209.53,598,116.36
80.631,-209.85,609,109.35
77.133,-209.6,602,110.85
73.622,-209.25,590,107.03
72.846,-208.33,579,100.94
72.44,-207.84,616,106.5
72.329,-206.99,611,101.36
71.825,-206.93,609,102.84
73.113,-206.59,616,102.81
75.814,-206.48,672,115.55
77.118,-207.11,698,115.34
77.641,-207.7,682,115.37
77.2,-207.67,663,112.43
77.792,-207.46,665,107.41
76.17,-207.9,608,100.72
75.326,-208.22,617,103.45
74.757,-208.4,599,93.577
76.419,-208.23,611,99.705
77.607,-207.7,644,110.61
79.468,-206.21,643,107.04
80.027,-205.69,651,115.05
81.037,-205.74,655,118.84
80.936,-206.37,627,113.54
81.335,-207.46,620,110.76
82.845,-205.64,630,125.02
81.189,-203.91,669,137.97
80.109,-200.64,645,122.42
79.186,-196.38,658,126.69
79.219,-192.37,651,120.98
81.439,-189.88,654,120.99
83.537,-186.88,613,115
84.021,-183.94,605,118.78
82.758,-183.59,603,111.06
81.183,-184.17,597,111.48
79.125,-184.29,634,119.26
75.059,-184.36,630,124.52
71.256,-182.93,607,123.52
67.124,-182.06,621,130.22
63.836,-179.86,650,130.69
60.893,-177.84,641,126.25
58.793,-175.21,590,113.36
56.537,-174.43,530,98.168
53.96,-173.58,478,85.299
51.399,-172.93,421,76.533
49.863,-172.37,369,68.469
51.761,-174.38,351,64.723
52.904,-176.06,394,71.471
53.853,-174.31,391,72.803
55.441,-173.29,407,71.347
54.766,-173.56,429,80.907
55.015,-171.99,411,76.541
54.592,-171.61,418,76.797
55.427,-171.53,418,80.113
59.723,-172.34,411,79.138
63.235,-173.64,402,76.988
67.191,-176.72,382,80.37
68.552,-175.59,382,76.309
67.806,-177.1,429,84.307
66.812,-177.23,415,77.393
65.472,-177.36,444,81.768
66.044,-174.66,453,85.836
61.847,-173.33,484,84.066
60.024,-172.68,579,95.678
56.936,-173.83,579,103.73
58.034,-173.26,612,108.03
59.329,-174.7,633,104.6
60.945,-175.05,634,109.08
61.894,-176.08,608,94.933
62.319,-176.18,619,93.958
59.616,-176.03,631,94.231
57.969,-174.77,629,92.61
56.89,-175.38,601,104.98
55.473,-174.61,596,106.95
52.706,-173.22,569,95.174
50.612,-172.67,564,94.76
54.654,-172.32,543,90.368
58.116,-172.34,517,88.656
58.235,-172.86,490,77.98
58.224,-172.66,501,84.894
55.515,-171.86,526,92.709
53.062,-170.28,562,88.689
51.981,-169.45,542,85.307
48.346,-168.13,501,85.497
45.983,-166.07,493,84.356
44.69,-164.66,466,78.277
43.614,-165.23,467,80.535
40.171,-161.16,419,77.111
36.33,-156.03,442,85.44
32.258,-152.77,488,98.482
30.407,-150.88,543,108.02
30.785,-150.13,593,118.42
31.038,-146.39,621,130.31
26.838,-144.08,637,129.43
26.352,-140.74,647,135.35
28.101,-137.36,687,140.08
32.477,-134.67,715,150.69
37.767,-132.48,742,160.28
43.462,-130.26,759,159.87
49.529,-129.25,736,152.69
56.783,-127.98,706,141.01
64.054,-126.99,680,138.21
72.452,-127.23,704,139.31
81.866,-127.26,740,143.47
90.589,-127.86,729,142.51
99.244,-127.24,700,135.24
106.58,-127.41,686,129.8
112.38,-127.63,654,104.65
115.29,-127.38,646,99.036
116.67,-127.05,629,103.48
112.55,-128.33,660,112.52
110.48,-128.01,620,91.692
109.3,-127.63,611,101.43
107.51,-129.5,643,106.95
105.68,-132.32,683,123.73
103.47,-136.28,706,131.98
99.086,-139.44,689,135.38
92.653,-141.48,682,130.88
88.206,-143.28,684,128.83
83.898,-145.77,686,120.45
78.502,-149.16,676,125.33
74.362,-147.69,659,115.34
74.258,-145.86,661,123.52
76.915,-143.25,667,115.26
82.154,-143.74,643,113.24
87.714,-144.53,642,111.83
91.162,-143.99,610,99.251
91.301,-146.71,626,113.68
91.369,-152.14,645,115.14
92.637,-158.32,633,123.93
93.438,-165.41,624,120.11
93.377,-173.67,650,125.43
92.88,-181.05,663,130.24
91.925,-189.76,677,127.14
89.233,-197.85,664,117.39
86.339,-201.95,636,104.48
84.266,-206.56,642,103.02
82.673,-208.97,616,101.46
83.029,-209.71,599,102.62
84.815,-210.8,565,99.118
85.836,-212.21,563,97.117
87.221,-215.82,513,93.61
87.05,-220.55,494,88.16
85.445,-223.44,487,96.083
83.169,-223.93,520,110.37
83.326,-224.69,545,117.11
84.186,-224.48,539,123.78
84.557,-223.3,564,124.04
84.701,-223.2,600,130.27
84.834,-222.76,636,131.85
85.007,-222.34,653,134.63
85.132,-221.56,676,136.72
85.125,-220.87,698,137.76
85.26,-220.64,698,137.92
84.939,-219.77,706,141.02
84.856,-219.51,705,140.2
85.487,-220.31,702,135.49
85.393,-221.53,668,135.79
85.532,-223.07,645,138.54
86.575,-224.53,625,131.33
87.521,-225.79,592,126.22
87.661,-226.81,552,125.23
88.089,-228.22,543,125.5
89.083,-227.34,571,138.74
87.721,-227.04,610,150.55
87.313,-225.24,634,153.88
86.847,-223.39,645,150.93
87.362,-219.94,642,140.89
86.639,-219.29,648,139.82
84.811,-219.91,647,130.33
83.558,-218.59,654,132.76
80.772,-216.68,663,130.33
79.75,-215.72,666,118.09
78.549,-214.46,620,110.71
78.628,-212.65,604,99.003
79.429,-212.24,601,89.261
79.672,-212.46,643,89.715
79.974,-214.4,639,99.665
81.203,-215.6,650,116.48
81.603,-217.5,627,115.08
81.448,-218.54,634,99.483
81.365,-219.48,643,105.75
80.74,-219.15,658,100.91
78.289,-216.04,671,97.903
77.338,-211.96,694,130.22
78.087,-206.45,745,119.43
77.894,-202.38,770,109.16
77.57,-197.64,738,118.31
78.243,-194.11,725,123.38
78.291,-190.95,687,129.69
79.995,-190.26,636,116.05
85.218,-188.37,635,105.8
89.514,-185.73,608,90.914
91.629,-187.39,615,94.016
92.354,-191.24,614,101.42
91.538,-196.68,646,100.76
88.846,-199.41,622,97.472
87.306,-202.05,627,97.051
85.46,-201.76,621,101.84
85.95,-201.69,646,119.74
87.421,-200.54,651,112.74
85.528,-204.27,638,112.77
85.032,-207.28,635,110.13
83.216,-208.72,644,116.15
78.943,-211.02,674,123.98
74.057,-211.24,695,129.75
70.692,-208.32,702,124.5
66.42,-209.35,695,126.31
62.901,-207.99,687,130.99
59.858,-208.9,689,129.61
55.306,-209.48,675,135.3
50.565,-208.42,674,132.68
46.104,-207.86,670,131.82
42.106,-208.52,694,137.74
37.518,-209,696,128.79
33.262,-209.49,685,127.85
29.799,-210.86,663,124.24
27.643,-212.3,657,121.15
27.73,-215.4,646,125.3
28.904,-218.65,644,120.99
29.305,-221.29,650,126.85
28.703,-224.19,633,123.7
26.824,-227.82,623,114.99
25.789,-232.16,622,115.09
26.392,-235.75,593,116.38
26.157,-239.66,617,124.57
25.459,-243.99,601,127.2
23.693,-249.24,588,134.1
22.019,-252.1,586,137.92
21.247,-252.36,558,138.97
20.922,-252.7,560,138.84
20.83,-252.97,562,138.09
20.461,-253.65,600,140.72
20.058,-254.47,594,144.22
20.202,-254.28,585,142.89
20.223,-254.17,574,140.23
19.997,-254.64,565,140.25
19.948,-254.72,559,138.85
20.049,-254.88,554,135.56
19.467,-255.52,573,132.94
18.793,-256.85,569,128.84
17.327,-259.36,562,122.44
17.317,-260.59,529,115.68
17.03,-262.71,514,113.55
17.232,-265.21,496,109.41
16.93,-267.63,497,110.52
15.49,-270.34,513,109.18
13.846,-272.12,497,104.59
13.434,-272.23,492,94.612
13.125,-273.48,511,102.58
12.916,-274.54,519,100.4
12.759,-274.77,520,98.631
12.91,-274.69,510,93.47
12.898,-274.96,500,93.098
12.842,-275.04,491,90.658
12.875,-275.06,489,91.436
12.798,-274.93,487,90.683
12.905,-275.18,492,91.063
12.999,-275.81,509,91.907
13.76,-276.26,519,93.685
13.863,-276.33,496,91.65
14.05,-277.74,545,101.33
14.361,-279.33,531,103.41
14.609,-281.33,518,100.91
13.621,-284.1,496,99.971
10.876,-285.85,474,95.347
8.6838,-286.2,482,89.45
6.946,-284.53,467,82.933
6.0368,-283.47,483,87.375
6.0131,-281.76,509,89.351
7.5416,-280.42,543,95.496
8.8631,-280.12,551,92.957
8.8591,-279.99,593,97.646
9.4781,-278.11,617,98.539
9.5401,-278.1,619,101.8
10.213,-278.46,605,130.46
11.296,-281.55,638,100.11
10.666,-284.68,661,96.977
9.0202,-286.88,626,92.915
7.5644,-287.11,627,107.45
5.527,-286.81,640,108.76
3.5716,-287.01,636,101.07
1.8322,-285.64,669,117.28
0.592,-287.74,693,120.94
0.17475,-290.42,681,125.55
-1.1161,-292.99,684,123.2
-3.6685,-294.68,648,127.19
-6.5584,-296.89,615,115.29
-7.4736,-296.04,585,110.05
-8.4609,-294.19,598,123
-7.3634,-291.22,642,135.4
-5.6293,-287.44,662,131.76
-2.951,-284.16,655,122.17
0.14666,-282.43,678,125.77
3.5538,-280.09,667,116.97
7.0221,-277.36,651,117.88
7.8714,-277.6,616,103.39
11.144,-278.64,608,101.4
10,-279.11,612,109.43
10.03,-279.89,620,105.76
9.838,-280.52,583,98.995
9.8985,-283.13,577,100.69
10.641,-285.72,578,103.54
6.1679,-285.08,598,103.47
4.3231,-283.96,629,110.86
6.0857,-282.65,587,99.515
5.688,-281.5,582,89.988
4.9994,-280.26,594,109.57
4.438,-284.67,580,101.84
4.877,-286.76,582,95.794
2.6059,-286.55,536,91.195
0.11036,-285.05,567,93.379
-0.99523,-281.06,595,109.7
0.38308,-280.8,574,123.18
2.3019,-279.56,544,101.13
4.6475,-278.75,507,89.806
6.8072,-278.88,457,77.93
5.8961,-279.49,442,78.368
7.3781,-279.15,447,74.258
8.542,-278.7,466,82.95
9.9196,-279.68,518,84.091
11.393,-277.43,557,98.92
14.661,-276.33,520,91.551
15.081,-275.82,525,100.6
15.267,-275.42,595,128.31
13.27,-274.13,644,141.76
13.768,-269.91,660,140.22
15.523,-263.82,654,133.99
17.915,-257.94,653,134.65
19.941,-251.7,677,138.61
20.382,-246.3,690,143.57
20.466,-240.5,687,134.9
20.224,-234.55,697,132.73
18.395,-229.53,699,138.82
17.855,-223.6,697,140.24
15.879,-219.14,696,137.2
14.463,-214.24,679,130.88
11.081,-210.41,690,131.9
7.1219,-208.08,681,132.08
1.8556,-204.93,665,129.77
-2.3174,-200.79,649,124.61
-6.3183,-197.44,642,123.32
-10.992,-195.68,655,125.65
-15.741,-193.44,630,122.11
-19.339,-191.08,642,124.24
-24.213,-190.01,658,125.73
-29.462,-187.62,655,128.53
-33.635,-186.04,650,122.65
-37.169,-183.8,619,116.79
-39.825,-181.83,619,111.73
-42.491,-179.91,607,112.21
-45.285,-178.63,605,114.83
-49.214,-178.24,615,120.72
-53.341,-177.16,624,127.99
-57.476,-175.54,624,125.58
-61.896,-174.73,623,118.97
-65.901,-174.38,633,124.62
-70.491,-174.12,629,120.86
-74.604,-174.83,638,111.05
-78.935,-175.82,617,101.44
-82.187,-177.64,586,97.531
-84.232,-177.21,557,88.466
-86.069,-176.69,556,98.242
-88.069,-176.23,580,109.24
-90.635,-176.04,620,114.91
-93.796,-176.13,626,122.9
-96.826,-177.8,657,129.4
-99.663,-178.65,622,120.51
-102.98,-178.89,522,109.74
-105.93,-179.18,470,101.67
-108.37,-179.78,414,94.387
-111.86,-179.91,348,76.978
-115.76,-179.39,271,64.689
-118.13,-179.8,214,58.586
-120.81,-179.53,141,46.04
-123.11,-176.1,548,112.24
-125.01,-172.69,538,104.31
-126.86,-168.82,510,95.678
-127.68,-164.79,510,96.794
-127.09,-161.88,547,103.96
-126.58,-159.61,533,96.141
-125.72,-158.91,563,104.47
-125.15,-158.3,591,108
-124.39,-158.6,604,113.92
-123.7,-159.69,623,113.86
-123.71,-159.31,615,107.91
-124.16,-158.1,588,98.332
-123.87,-156.99,567,91.137
-123.13,-155.45,570,94.421
-123.26,-155.97,573,96.001
-122.47,-156.29,570,106.34
-123.36,-156.59,520,94.38
-123.36,-155.47,496,99.102
-120.79,-154.75,504,90.906
-119.91,-154.75,526,92.064
-119.71,-155.08,547,95.654
-119.67,-155.29,554,93.197
-119.72,-155.58,554,92.544
-119.82,-155.58,547,92.8
-119.95,-155.9,554,93.114
-120.3,-155.99,571,95.992
-120.38,-156.51,575,94.504
-120.85,-156.69,579,94.785
-121.45,-155.57,607,99.069
-121.37,-154.1,618,102.17
-120.72,-154.3,597,101.45
-120.03,-154.28,590,105.26
-118.44,-154.03,560,112.79
-117.92,-153.77,547,116.57
-116.88,-153.26,543,113.43
-117.22,-152.74,519,102.48
-117.91,-152.5,506,97.216
-116.06,-152.29,497,96.166
-115.52,-153.38,491,100.14
-116.63,-154.65,500,94.711
-116.9,-156.38,504,90.03
-114.81,-157.54,516,94.826
-114.08,-159.75,520,98.027
-114.73,-161.01,477,82.9
-115.01,-161.37,445,78.914
-113.91,-162.21,463,79.402
-113.91,-161.51,456,83.769
-115.62,-159.41,475,83.918
-115.1,-158.95,521,87.796
-116.02,-161.09,510,88.69
-117.17,-161.3,514,84.149
-118.5,-161.51,522,86.117
-119.9,-160.02,549,91.882
-120.68,-160.9,559,100.23
-121.63,-162.6,585,104.91
-120.98,-165.28,603,115.69
-120.88,-169.55,625,119.78
-119.27,-172.63,600,115.12
-117.47,-175.87,594,116.42
-115.47,-178.78,598,113.75
-116.52,-182.85,584,108.56
-116.02,-185.78,588,116.59
-116.1,-187.45,575,121.18
-115.17,-190.24,565,117.06
-116.11,-191.48,563,111
-117.88,-192.06,559,99.912
-118.75,-191.87,571,98.796
-119.81,-191.32,571,96.612
-121.04,-189.54,589,92.758
-121.15,-185.93,527,124.64
-119.43,-183.83,545,129.41
-115.81,-182.04,553,130.65
-113.98,-182.15,561,123.52
-112.5,-180.34,555,130.83
-111.89,-180.88,578,129.27
-113.41,-176.86,613,128.73
-115.59,-170.61,627,123.73
-117.58,-164.4,650,132.52
-120.12,-159.33,647,136.1
-122.55,-153.42,671,129.67
-125.94,-151.64,649,118.6
-127.27,-148.58,638,118.54
-129.15,-143.03,593,102.64
-128.98,-138.97,588,100.56
-129.14,-136.52,630,116.83
-130.46,-134.62,633,128.28
-132.89,-132.62,671,144.57
-137.23,-128.99,661,139.99
-140.7,-124.49,668,134.27
-143.4,-120.67,667,134.34
-146.05,-115.98,654,125.1
-148.08,-112.52,667,125.19
-149.75,-108.51,652,112.77
-150.06,-104.8,641,109.49
-149.84,-100.91,648,118.01
-150.29,-96.935,653,115.26
-149.88,-92.245,668,113.98
-150.19,-87.809,669,114.08
-150.34,-84.022,648,115.29
-150.75,-79.813,668,119.03
-151.32,-75.25,661,113.54
-151.62,-70.343,646,114.73
-153.57,-66.208,638,109.33
-155.08,-62.183,636,107.63
-156.3,-59.137,647,115.87
-156.76,-55.826,634,112.8
-156.61,-53.088,645,112.37
-156.81,-49.464,657,115.76
-156.69,-46.53,644,117.88
-156.05,-43.326,655,117.6
-155.31,-39.949,684,115.11
-153.65,-36.579,665,116.06
-152.18,-33.706,632,115.45
-150.2,-30.738,633,115.52
-147.24,-28.351,611,116.13
-145.11,-26.416,559,109.54
-143.87,-24.308,514,104.65
-142.51,-22.046,472,83.107
-142.56,-20.56,401,76.003
-140.31,-18.957,358,70.487
-136.24,-16.384,298,67.724
-131.91,-14.213,216,64.143
-125.95,-13.507,189,62.762
-119.32,-13.793,161,58.106
-114.41,-13.725,151,54.368
-111.03,-13.672,142,49.869
-107.49,-13.826,145,49.034
-101.98,-12.849,105,41.913
-99.178,-12.36,709,134.59
-96.936,-12.327,681,132.01
-94.998,-13.803,704,101.38
-91.817,-16.046,698,98.954
-88.401,-17.872,671,94.074
-85.847,-19.248,668,99.466
-85.036,-18.5,674,104.97
-83.236,-19.146,686,108.63
-81.222,-18.754,688,115.53
-79.363,-17.983,672,109.18
-78.387,-17.697,658,101.81
-75.794,-16.669,659,108.67
-73.877,-16.899,641,105.29
-74.56,-19.138,574,91.485
-75.816,-20.392,511,83.132
-74.272,-21.098,514,82.512
-73.51,-20.674,527,85.522
-73.084,-20.958,575,87.755
-72.928,-20.868,587,87.747
-72.898,-20.913,592,88.392
-72.976,-20.903,583,86.432
-73.044,-20.841,578,86.432
-73.049,-20.794,578,86.341
-73.164,-20.845,587,87.474
-73.48,-20.563,595,87.929
-73.861,-20.602,631,89.806
-73.687,-20.096,650,91.559
-72.79,-19.452,651,94.181
-71.524,-18.345,641,97.795
-70.322,-18.092,621,96.662
-68.72,-18.699,577,91.079
-67.911,-20.474,546,85.927
-67.732,-22.497,529,82.561
-68.886,-23.13,545,84.819
-69.457,-21.274,527,82.512
-70.142,-19.842,517,85.547
-70.67,-20.845,505,83.339
-69.946,-20.484,465,76.797
-69.703,-21.527,470,79.857
-69.01,-21.117,540,86.507
-66.996,-19.549,595,90.419
-67.366,-19.572,574,89.972
-66.862,-18.816,617,100.29
-67.513,-19.595,624,101.25
-69.295,-20.86,652,96.811
-69.083,-22.066,597,93.495
-69.759,-21.774,650,100.48
-70.809,-22.713,691,114.95
-73.211,-25.688,719,120.35
-75.462,-26.587,695,115.39
-77.36,-25.428,715,117.73
-78.96,-23.889,711,115.06
-77.634,-22.774,715,112.69
-76.25,-22.492,735,107.75
-73.551,-21.404,764,104.43
-74.567,-20.087,721,113.15
-72.859,-20.32,736,109.17
-74.157,-21.127,720,101.25
-71.658,-22.62,749,107.31
-73.517,-20.002,751,115.84
-74.013,-22.744,774,123.23
-76.127,-24.06,778,125.86
-81.263,-27.221,747,123.13
-83.906,-27.715,746,126.47
-89.967,-25.409,694,114.85
-93.544,-23.76,703,127.91
-96.364,-23.33,715,138.77
-100.85,-23.031,710,135.29
-106.1,-24.539,743,141.48
-109.45,-24.677,760,152.04
-110.17,-25.107,799,149.78
-110.81,-24.921,791,166.37
-110.45,-21.823,798,162.2
-108.97,-18.439,784,154.41
-108.69,-14.812,780,147.88
-108.03,-11.176,775,151.64
-107.86,-7.1097,779,159.37
-107.57,-2.4149,757,146.13
-108.72,1.6848,722,127.46
-108.31,5.8611,684,124.49
-107.62,9.7941,716,127.68
-106.63,14.613,722,133.14
-105.46,19.443,754,138.86
-104.31,23.634,776,140.97
-102.65,28.036,789,137.05
-100.24,33.035,766,128.49
-97.59,37.2,748,128.15
-95.51,42.127,763,129.06
-92.556,47.08,736,128.81
-90.581,51.747,738,123.18
-88.645,56.448,735,122.51
-86.936,60.783,736,117.51
-84.876,64.055,703,108.91
-85.179,66.704,673,98.754
-84.739,67.007,715,111.18
-83,67.687,720,114.62
-81.787,68.341,696,105.86
-81.932,67.394,702,104.2
-80.69,66.721,689,102.12
-82.223,67.438,663,96.744
-83.929,64.138,679,99.64
-82.938,62.615,676,97.969
-82.727,62.612,657,96.538
-83.552,60.881,642,94.272
-85.292,60.593,648,92.717
-88.242,59.761,679,114.05
-85.152,62.463,662,97.026
-81.891,67.029,672,98.076
-83.351,67.892,675,100.34
-79.56,66.057,651,101.98
-78.984,63.785,657,99.358
-79.239,62.641,682,105.76
-82.422,59.954,668,103.85
-85.659,57.713,648,103.22
-87.48,58.968,618,94.14
-87.182,57,624,93.437
-84.932,56.169,622,94.727
-83.781,57.104,623,99.938
-83.165,54.04,635,105.67
-82.181,52.139,652,107.31
-81.423,46.63,632,108.18
-83.46,43.22,638,104.1
-85.342,40.457,616,95.231
-84.634,39.314,616,96.488
-85.729,41.577,657,116.7
-86.873,46.789,719,128.28
-87.342,50.977,740,135.42
-89.406,51.985,700,116.22
-86.442,56.507,719,106.48
-88.397,63,668,103.38
-88.093,64.626,631,102.33
-85.815,65.472,604,89.988
-83.61,63.142,658,105.61
-83.539,57.978,683,110.13
-85.251,56.933,666,109.02
-87.714,56.907,644,98.515
-89.054,56.633,614,91.138
-89.362,55.593,620,92.528
-88.031,54.858,620,90.865
-87.013,52.928,592,91.369
-86.826,50.949,576,89.21
-86.15,48.682,575,93.767
-87.267,48.801,588,93.61
-89.166,49.707,598,89.781
-86.374,50.601,641,95.636
-86.385,46.068,576,90.352
-85.239,42.87,613,96.811
-84.601,39.46,616,95.926
-86.104,38.028,608,95.703
-87.251,33.873,582,93.007
-88.795,29.77,552,101.32
-90.6,23.61,518,88.682
-91.083,18.567,474,85.58
-91.816,12.378,482,86.258
-91.033,5.9509,494,88.375
-87.169,0.85405,510,91.088
-82.422,-1.7506,561,103.48
-79.164,-1.4222,683,119.65
-73.549,-4.7617,732,125.43
-67.045,-8.3646,733,131.97
-62.943,-11.247,732,131.11
-59.94,-12.733,714,124.43
-56.236,-11.91,676,107.52
-53.324,-12.339,689,111.69
-48.375,-14.486,709,122.83
-45.058,-14.696,706,113.33
-42.319,-12.373,728,115.22
-39.983,-7.9046,734,115.34
-39.445,-4.225,747,122.01
-36.942,-3.1292,725,121.1
-32.955,-3.3804,694,120.22
-32.677,-2.2959,670,111.46
-34.165,-1.8327,665,111.48
-36.195,-1.7625,692,126.5
-39.226,-1.0215,682,116.94
-42.446,-1.2828,709,119.4
-44.605,-1.376,700,125.41
-45.804,-0.47927,683,123.48
-46.774,-0.16994,639,112.38
-46.343,-1.5895,631,111.09
-46.957,-0.52465,660,114.11
-46.996,-1.264,683,116.58
-47.022,-1.1877,714,117.81
-47.048,-0.62803,748,121.91
-47.419,-0.59217,759,126.91
-47.701,-1.1248,763,127.45
-48.032,-1.5506,769,127.53
-48.242,-1.5096,750,124.68
-48.685,-1.4605,755,125.77
-49.379,-1.3138,753,123.51
-50.374,-1.1083,740,123.11
-51.946,-0.94276,734,128.49
-53.881,-1.366,712,131.12
-54.681,-1.6259,699,126.41
-54.42,0.015835,652,116.89
-53.638,1.8252,601,109.23
-53.587,2.8893,612,116.91
-53.218,1.8961,595,118.51
-53.413,1.2977,583,114.11
-54.46,0.46865,573,110.08
-55.186,0.30111,582,107.99
-54.978,1.1521,604,110.05
-54.761,1.66,613,110.81
-54.598,1.9413,617,112.04
-54.723,1.8709,623,113.14
-54.838,1.8221,618,112.29
-54.883,1.6317,605,112.55
-55.341,1.0995,630,117.92
-55.753,0.38957,667,122.02
-55.715,-0.24343,696,127.71
-56.808,0.5884,724,130.65
-57.596,2.5235,697,126.71
-57.178,5.2811,649,125.14
-57.428,7.2607,619,118.23
-58.207,7.914,607,109.47
-57.239,6.5067,574,110.14
-55.629,6.4584,623,115.58
-53.776,8.3042,652,116.2
-54.659,9.8145,672,122.37
-54.694,11.705,664,113.86
-54.211,14.907,682,126.85
-52.607,17.662,693,127.9
-52.823,19.123,685,118.32
-51.192,21.718,700,117.28
-49.095,22.437,715,114.15
-47.234,22.953,736,117.85
-45.641,22.664,722,112.62
-44.849,22.529,681,104.46
-44.273,23.084,673,105.36
-43.813,23.557,625,99.449
-44.986,21.435,689,100.32
-44.024,21.004,738,102.27
-46.03,20.14,727,134.76
-46.977,22.138,724,137.05
-45.777,22.702,718,130.85
-43.566,23.268,728,116.37
-41.12,22.2,711,104.06
-40.507,21.046,716,109.52
-39.99,19.237,746,128.75
-38.647,18.874,821,140.83
-40.838,20.411,818,141.81
-40.387,21.063,794,135.01
-35.743,23.606,754,115.31
