0,-0,225,56.469
0.98136,-0.66608,221,55.253
0.57952,-0.37643,207,54.716
1.1612,-0.96764,160,47.612
1.6481,-1.0258,182,50.746
2.103,-0.7011,226,51.788
-0.064398,-0.18333,241,56.494
-2.4864,-0.14962,274,61.547
-2.7094,1.0793,284,65.095
-3.0166,-0.95459,263,59.926
-2.1716,-0.97711,248,56.213
-1.4196,-0.63344,233,56.502
-0.64827,-0.99741,237,54.881
0.031174,-1.1343,213,52.226
0.58332,-0.2451,211,53.392
0.0048908,-0.20871,229,55.799
0.29869,-0.81805,214,52.83
0.072271,-1.9948,207,53.864
0.74188,-2.3009,223,51.788
1.6396,-1.7471,228,54.211
2.569,-1.7608,218,53.169
2.2599,-1.0368,199,51.482
0.47231,-0.2662,208,57.056
-1.0178,-0.42222,225,59.579
-3.4029,-1.1632,287,63.97
-1.5153,0.198,337,72.513
0.11243,-0.18402,370,73.952
1.2439,1.6748,388,75.987
2.151,3.0304,434,81.238
0.79842,1.2353,380,75.35
0.069333,1.2684,375,71.744
-0.47916,-0.48292,382,74.854
0.96831,0.57968,385,71.256
1.605,1.7317,360,69.536
3.1724,-0.86028,316,65.095
2.5712,-1.6068,285,61.34
2.4901,-2.0177,276,62.928
3.8547,-0.84736,261,60.985
3.9955,-0.53675,239,59.579
5.8699,1.4072,278,71.066
6.0884,3.809,287,70.074
4.6946,6.0479,316,72.894
2.4517,7.3018,361,76.649
0.091765,7.8688,340,72.894
-1.7305,5.8798,286,69.437
-2.1644,3.7913,279,62.515
-2.3854,1.8742,260,68.213
-4.2982,-0.87071,275,70.62
-2.4403,-0.79755,261,79.882
-1.3119,-1.9783,272,80.52
-0.73031,-1.4936,291,74.118
-0.21826,0.49885,287,71.19
0.26113,1.6392,318,77.865
2.073,3.0925,314,76.723
3.0862,1.1324,320,76.144
1.5986,-0.52411,226,72.258
-1.128,-0.98489,125,71.968
-2.2978,-2.1495,334,68.262
-1.2545,-2.311,116,57.974
-2.3216,-3.7458,128,60.828
-4.8533,-4.9452,135,65.609
-6.5217,-2.6457,696,94.371
-6.1789,-0.5903,693,99.094
-1.9381,1.773,775,102.35
1.4259,1.8968,836,107.16
4.2014,1.6858,891,106.86
2.2058,1.7703,876,108.83
0.043429,-1.1837,875,106.78
-1.3184,-2.2111,757,98.738
-3.7592,-3.0294,689,96.422
-5.9969,-2.0118,668,94.396
-7.0648,-1.6967,670,99.855
-9.9091,-2.9269,751,105.48
-9.833,-2.692,761,104.72
-9.0229,-0.49071,789,109.17
-5.3279,0.55901,760,105.8
-2.5422,0.78908,748,108.16
-0.65314,1.3889,703,102.36
-0.1331,2.6688,748,103.43
-0.10963,3.3653,829,105.88
-0.05725,3.376,851,106.97
0.10057,3.3477,875,110.42
0.16055,3.6262,879,107.8
-0.057117,3.5874,881,108.82
-0.24296,3.9822,893,107.11
-0.55425,4.5754,905,109.18
-0.64659,3.392,899,109.48
-0.42843,2.1799,854,104.13
-0.24248,1.895,823,103.95
0.10908,1.3904,784,102.27
0.85467,1.3591,750,99.119
0.66763,2.5397,792,106.78
-0.059188,3.0341,911,116.92
1.2287,4.0516,995,114.67
2.4342,4.2834,986,115.44
2.573,4.7086,959,112.58
-0.37222,3.6188,946,111.85
0.57379,4.0549,1062,120.88
3.1899,5.7029,1054,123.52
4.8007,6.0352,1037,124.67
5.7084,6.7298,985,118.56
6.8503,4.6511,1010,122.18
5.6601,4.789,1034,120.59
4.2584,5.2218,1066,119.6
4.9192,5.6592,1045,123.57
7.2125,5.742,1037,124.24
8.1535,7.1826,1091,127.26
7.6043,7.8671,1076,135.74
9.4473,7.6144,1058,133.01
9.3134,9.7136,1108,131.5
6.1463,9.6133,1077,131.2
8.1271,8.3279,981,121.86
7.6809,5.5565,933,113.76
6.5963,5.5805,920,110.26
6.9719,6.0769,951,112.59
6.9365,6.5574,949,111.6
7.1773,7.2067,964,113.51
7.3731,6.6049,967,116.2
7.2487,7.0975,992,116.05
7.3746,7.0584,1025,116.29
8.2689,7.1922,1081,119.17
9.0166,6.6505,1067,121.85
7.0612,4.2451,987,112.81
4.5598,3.6288,940,110.79
3.36,2.3684,925,116.53
5.3087,2.7875,977,121.65
5.4569,0.14207,995,121.95
4.2242,-1.068,1003,118.97
0.25564,-0.9616,944,114.29
-1.5525,0.66345,997,118.47
-1.4894,1.2969,1019,122.12
2.5758,2.4493,1021,116.75
3.9143,2.574,1091,121.36
4.6909,3.0586,1139,121.87
4.6764,3.1721,1153,123.52
4.7847,3.0842,1163,128.14
5.2546,3.7213,1181,124.91
5.6858,4.1561,1205,126.24
5.9357,3.9259,1246,128.76
6.8091,4.626,1255,128.44
8.0165,4.727,1279,133.84
6.9383,6.28,1276,129.75
4.3963,6.6892,1144,130.06
1.7604,5.8123,1095,121.45
-0.91295,5.0446,1078,128.44
-0.89604,6.3406,1102,128.63
2.0615,8.2343,1190,133.04
4.5963,8.5264,1214,134.46
7.7934,9.2491,1235,135.78
10.532,9.4112,1315,135.8
13.243,8.2892,1348,136.84
12.439,7.4067,1281,136.76
10.943,5.4205,1240,136.98
8.7549,3.5974,1297,149.58
7.1683,2.3662,1271,144.91
7.4002,1.1029,1314,145.64
7.4664,2.1031,1357,140.05
7.5911,2.4583,1379,142.86
7.7089,2.623,1392,141.98
7.846,2.7454,1410,144.73
8.0849,2.8043,1430,143.45
8.4581,3.6615,1477,147.59
8.9464,4.5465,1514,150.59
8.5941,5.7088,1528,153.39
7.364,7.9508,1476,152.75
6.857,9.2223,1402,145.82
5.6781,5.6624,1339,136.91
5.277,2.7941,1350,143.41
7.0252,2.4229,1342,149.06
9.081,3.204,1377,159.1
6.7302,4.0423,1366,154.23
3.0316,6.0745,1433,159.91
0.98961,6.7952,1405,150.26
3.3666,8.9746,1398,139.35
6.6673,11.489,1402,140.49
8.9929,11.135,1383,136.64
11.074,9.0647,1320,135.07
10.439,8.9056,1354,138.17
10.453,9.2875,1396,137.86
10.661,9.3644,1403,139.67
10.782,9.3643,1413,139.1
11.058,9.353,1413,143.69
10.863,8.822,1469,145.64
10.438,8.0745,1515,148.33
9.3199,6.7455,1502,148.85
6.9211,5.663,1421,149.88
5.4469,7.0258,1384,144.13
5.6685,10.39,1444,143.2
9.4156,10.756,1423,144.6
13.021,10.672,1413,144.01
15.484,9.3432,1443,145.84
17.645,9.5575,1418,142.51
17.699,13.196,1488,148.57
19.251,10.486,1440,145.67
22.452,8.9866,1426,150.15
23.392,8.7053,1440,149.68
23.668,7.628,1457,150.53
23.52,5.323,1499,146.64
23.178,5.1794,1574,155.88
24.732,4.249,1559,175.51
27.715,4.618,1570,177.72
31.089,5.9788,1590,186.55
31.398,4.7245,1586,184.74
30.047,4.722,1621,185.72
29.089,4.6096,1606,185.9
28.797,4.9366,1616,185.53
28.258,4.8687,1612,187.63
27.903,5.3429,1628,187.5
27.253,4.2509,1652,191.54
27.527,3.9406,1592,204.58
27.734,2.9323,1532,193.2
27.477,1.6866,1520,177.89
27.364,2.0801,1622,171.77
26.7,1.3762,1515,164.7
23.003,2.3182,1408,149.48
19.686,2.7751,1366,141.96
17.796,2.0418,1445,145.96
16.896,2.1232,1449,155.79
18.69,1.033,1544,159.14
19.268,4.9421,1591,178.03
21.164,7.1507,1591,184.33
23.567,8.669,1595,178.42
28.901,8.8365,1598,182.06
34.045,8.9025,1645,186.92
37.438,7.705,1663,191.72
38.091,8.1059,1615,190.75
37.289,8.1852,1604,181.96
37.769,8.6489,1596,194.54
37.052,7.5453,1558,217.28
36.589,6.7356,1604,213.65
37.181,6.4908,1674,227.86
38.489,6.1016,1595,232.25
38.825,6.1887,1584,209.25
38.245,5.9846,1608,223.46
36.935,6.1937,1701,222.6
34.551,6.3534,1821,222.99
33.342,7.477,1863,218.53
33.232,8.1556,1861,216.87
35.673,9.9513,1804,210.59
37.242,12.24,1702,197.44
35.56,10.334,1660,196.67
34.507,5.8957,1747,208.53
36.797,2.2526,1705,214.33
39.077,3.0908,1625,201.17
38.306,3.9366,1681,189.34
36.379,4.1914,1746,193.53
32.171,4.2587,1768,179.54
28.517,3.5657,1711,165.67
26.979,-0.25041,1713,170.33
25.572,-2.8044,1713,170.09
26.125,-6.1986,1706,175.91
30.251,-7.0026,1638,185.33
35.868,-6.6329,1690,187.86
40.427,-6.7696,1668,191.37
41.071,-8.3832,1599,194.96
41.198,-7.999,1618,187.28
40.101,-7.8037,1674,195.07
40.971,-7.7229,1690,187.08
40.79,-7.6932,1719,188.78
40.629,-6.9311,1746,197.39
40.317,-6.5782,1778,199.83
39.37,-5.7665,1826,197.37
37.981,-5.3242,1868,203.3
35.544,-4.7442,1859,197.71
33.138,-3.2937,1746,191.3
35.133,-3.302,1763,196.05
38.07,-1.9796,1660,190.2
35.436,-1.447,1612,185.79
32.596,-4.4386,1559,168.62
33.422,-7.7712,1700,171.76
31.906,-4.99,1628,170.85
28.294,-1.4147,1607,164.24
25.898,-0.4357,1592,162.21
23.883,-0.58397,1562,163.48
22.456,4.3306,1469,157.22
18.838,7.6282,1504,155.19
17.246,9.1457,1448,146.58
17.155,6.9767,1424,148.62
21.843,7.5821,1422,158.04
23.545,6.8465,1442,143.79
24.252,6.904,1553,152.97
24.823,7.0835,1576,156.09
25.537,7.1157,1610,158.97
26.101,7.6641,1646,160.92
27.33,7.6941,1686,169.52
29.122,6.9667,1694,169.62
29.661,7.8843,1762,175.84
28.736,8.3232,1821,181.17
26.912,9.3747,1831,191.35
24.079,9.3836,1701,175.59
20.993,5.3636,1541,162.46
18.855,2.6224,1543,148.05
19.631,4.3302,1580,164.66
23.319,6.9538,1624,171.55
28.522,10.555,1732,170.94
33.769,12.173,1733,167.74
38.412,13.92,1763,183.57
41.823,15.274,1690,171.88
47.046,13.892,1603,168.17
51.166,12.65,1565,166.31
54.284,16.743,1586,170.19
54.831,17.463,1583,178.3
55.072,15.792,1580,194.69
54.303,11.58,1568,202.03
53.421,8.1884,1544,174.84
52.696,7.566,1616,182.17
52.696,7.4248,1663,180.05
52.363,7.6153,1713,187.43
51.749,7.6089,1782,197.17
50.817,7.2874,1858,206.69
49.813,7.2218,1892,204.36
48.498,5.9101,1978,213.44
45.639,5.713,1896,213.65
42.321,6.8254,1717,196.02
40.32,10.045,1660,185.4
40.348,11.597,1671,178.78
41.383,12.644,1697,177.1
45.048,10.113,1683,176.4
49.183,9.4629,1724,186.11
53.882,8.2811,1737,191.41
58.828,5.1004,1726,185.35
62.765,0.44955,1664,191.89
66.3,-1.1618,1599,183.32
68.396,-3.5719,1463,169.72
72.534,-6.1073,1247,147.57
74.3,-5.4184,1115,134.2
78.111,-2.8951,1078,131.72
80.594,0.027763,1135,135.5
80.546,1.9961,1299,154.3
79.614,4.0264,1477,174.62
73.977,4.534,1635,204.46
68.499,1.2833,1684,219.66
66.517,-1.5478,1679,229.54
63.001,-2.2148,1747,234.52
59.753,-1.5994,1933,245.09
58.495,-1.2544,2031,256.44
58.21,-1.0666,2072,254.95
58.146,-0.16201,2081,257.47
56.185,0.21747,2179,261.74
53.692,0.26482,2232,274.15
50.758,0.6696,2245,262.14
48.357,1.8194,2132,255.19
46.071,2.346,2053,244.57
45.058,1.3894,1911,234.43
43.345,-2.4117,1776,205.94
42.269,-2.5233,1773,201.5
37.215,0.022746,1798,200.76
31.089,-1.4123,1802,201.85
25.999,-1.7417,1769,190.6
22.008,-1.7838,1693,179.45
18.328,0.033046,1633,167.15
13.921,1.1683,1536,156.08
9.7377,2.9713,1466,154.6
7.5609,0.99141,1474,157.26
7.2406,-0.44481,1472,160.75
11.408,0.10284,1450,161.46
14.277,-0.21917,1541,183.98
18.816,0.55233,1644,195.52
22.456,4.1233,1739,204.62
27.491,7.5715,1713,202.94
28.597,8.2385,1689,187.65
29.539,9.4355,1730,181.59
29.566,8.0726,1883,181.13
29.529,8.5862,2022,185.92
29.08,8.8127,2095,193.42
29.206,8.8407,2158,194.02
29.272,8.5552,2200,207.69
29.472,8.278,2307,209.67
28.411,8.3207,2331,204.84
27.155,8.2397,2325,232.48
26.559,6.4596,2349,238.2
26.151,5.5239,2208,219.58
26.276,3.6535,2041,197.65
28.292,0.95733,1930,193.81
28.65,-1.1478,1890,203.23
24.454,-1.6683,1850,199.3
20.331,0.58915,1735,182.74
16.209,4.6301,1721,182.35
13.253,8.028,1686,170.63
13.921,12.458,1699,164.01
14.169,15.618,1685,155.29
16.985,17.467,1766,170.07
21.912,20.416,1746,174.39
27.35,22.887,1629,170.32
33.113,24.06,1528,167.65
37.294,25.255,1478,160.81
36.364,27.685,1417,150.67
39.437,23.901,1426,155.66
39.571,20.718,1664,179.17
39.231,19.555,1800,179.01
39.445,19.151,1794,179.33
39.361,18.936,1819,174.29
39.143,19.038,1847,185.32
38.549,18.286,1951,199.39
37.565,17.218,2052,218.07
36.864,17.877,1984,219.1
38.257,17.149,1886,201.45
39.007,16.118,1842,205.4
40.617,13.642,1918,202.24
42.101,10.483,1934,209.55
42.311,7.3504,1873,205.36
37.841,4.3259,1829,195.48
31.077,2.5358,1831,185.76
24.77,2.9391,1861,178.21
19.146,3.5036,1788,174.39
14.323,5.6067,1798,179.68
10.278,6.6852,1693,170.99
5.865,7.0842,1677,163.26
6.3033,6.66,1718,163.35
8.0879,5.5811,1702,194.47
11.804,5.9929,1752,179.4
16.203,7.2123,1774,179.79
21.376,10.068,1872,199.37
25.128,14.089,1870,201.62
28.149,19.46,1826,207.98
30.611,25.723,1680,175.48
30.746,28.27,1567,179.31
31.408,26.907,1516,169.95
32.099,22.766,1542,164.22
31.117,15.598,1610,171.71
31.793,11.145,1818,178.6
31.181,10.174,1971,189.19
30.733,10.275,2115,191.66
30.877,9.5007,2183,193.91
31.827,8.845,2181,199.57
30.312,9.5511,2343,205.86
30.82,8.9659,2307,218.83
29.726,8.8601,2317,228.32
28.571,9.1029,2423,229.49
27.699,9.5774,2431,221.01
28.585,9.2025,2295,241.65
29.585,10.057,2091,219.69
29.178,11.078,1902,193.84
25.867,9.5548,1893,181.08
23.651,10.881,1867,189.03
20.657,10.426,1907,204.74
17.857,10.547,1865,193.51
15.671,12.288,1815,176.78
15.627,13.08,1725,170.28
19.005,14.306,1722,177.44
24.789,17.084,1824,182.65
32.078,16.141,1843,179.17
39.277,17.306,1871,184.6
44.544,15.453,1898,187.01
40.275,11.567,1891,199.5
35.784,8.2414,1860,193.56
33.783,7.9109,1926,174.91
33.4,7.8429,2142,191.79
34.663,8.3721,2173,204.5
35.096,8.2705,2256,219.69
35.659,9.7317,2331,234.18
36.598,10.236,2363,243.69
36.944,10.418,2342,226.42
33.71,9.9518,2471,218.04
31.775,10.626,2394,210.72
30.403,11.71,2214,198.67
30.649,13.027,2004,187.56
33.886,13.821,1953,192.85
38.169,11.514,1913,189.97
41.961,6.4181,1992,201.41
45.431,3.2704,2059,232.33
49.165,-0.9735,2011,221.01
53.734,-2.5636,2031,235.53
58.373,-6.5908,1994,235.86
62.5,-7.5113,2002,240.48
65.248,-4.2188,1895,219.2
66.365,-2.0109,1781,190.29
64.243,-0.52096,1776,206.35
61.162,-2.5657,1849,219.58
58.158,-2.7587,1998,230.23
55.988,-2.8268,2175,238.95
54.913,-1.8052,2276,254.15
54.436,-1.5462,2333,256.15
53.366,-1.0366,2394,249.75
52.006,0.045292,2406,253.93
50.95,0.88543,2372,253.13
49.36,1.2192,2368,253.28
47.302,1.7419,2343,226.17
43.95,3.0812,2158,211.9
41.792,5.3051,1967,190.64
44.921,5.3581,1990,192.64
47.269,1.3202,1953,206.7
47.309,-3.9798,1910,197.77
46.726,-7.6972,1945,197.8
44.137,-12.025,1821,182.07
40.133,-13.583,1829,186.02
35.935,-14.97,1807,201.12
31.294,-14.607,1830,191.29
27.868,-16.051,1799,178.93
28.03,-16.078,1814,205.56
28.991,-14.087,1814,220.57
26.567,-9.5181,1791,227.94
27.606,-4.2525,1777,199.52
31.623,1.5837,1811,183.03
38.175,3.0388,1827,173.55
45.919,-0.084941,1753,164.3
53.702,-4.7557,1734,164.45
61.761,-8.4275,1589,158.36
64.277,-10.581,1534,158.03
58.195,-8.3157,1614,173.74
54.232,-10.101,1802,204.28
52.461,-9.0016,1992,204.1
51.169,-8.0033,2087,217.18
50.724,-7.0188,2153,245.29
49.809,-6.359,2192,251.51
47.772,-5.5196,2305,240.23
46.691,-4.361,2219,236.98
47.784,-4.5015,2280,252.75
47.253,-4.1646,2364,271.36
44.939,-2.0398,2298,253.77
40.6,-1.0889,2178,219.43
35.187,-0.33291,2009,207.35
30.676,1.3213,1893,202.55
28.086,6.0143,1874,194.28
29.783,6.5621,1995,217.43
32.784,4.6806,2015,212.65
37.035,4.9351,1922,205.22
40.277,3.1407,1947,199.42
42.248,2.0116,1913,183.57
41.795,2.3089,2015,216.41
41.455,2.0008,2039,230.51
43.537,4.099,2057,219.12
50.202,6.673,2043,227.37
59.213,6.7109,1959,242.12
67.928,8.5415,1871,220.36
74.809,11.014,1753,194.71
78.844,11.715,1607,179.37
79.046,6.4004,1672,184.95
78.62,3.9232,1693,181.06
77.044,3.0254,1851,189.45
76.97,3.4649,1890,198.21
78.024,3.6949,1843,194.19
77.219,3.3797,1908,197.14
74.962,4.1075,2065,200.94
72.281,3.8641,2192,211.84
70.595,3.4849,2221,215.23
67.896,2.4162,2253,229.56
64.866,3.2516,2120,223.34
64.169,4.2205,1978,213.51
67.491,6.4866,1952,202.76
66.915,9.7947,1979,210.7
63.123,9.3382,2001,233.44
58.287,5.9858,1990,234.54
56.505,0.2907,2066,222.63
53.652,-0.22861,2120,227.84
52.461,-1.1639,2081,225.32
51.924,-1.7772,1977,217.91
49.082,-0.58972,1903,215.38
43.739,0.013331,1919,210
37.184,4.3446,1922,212.69
32.95,9.8176,1816,193.59
32.675,15.626,1754,172.45
37.942,16.275,1769,173.18
43.167,15.642,1789,176.27
45.3,14.767,1903,176.34
45.168,14.491,1969,190.85
45.724,14.118,2018,193.68
46.652,14.574,2010,206.85
45.901,13.833,2163,200.45
46.597,12.254,2205,217.42
48.141,11.484,2172,197.1
46.054,10.219,2320,219.97
42.866,9.1369,2286,212.44
40.475,8.1147,2145,213.62
36.697,7.7079,1984,197.52
35.735,10.57,1859,179.9
37.44,14.528,1831,170.84
42.563,17.298,1826,175.81
46.991,19.129,1918,194.18
49.429,18.349,1900,200.93
54.679,15.598,1913,199.25
59.376,10.947,1901,201.8
66.311,7.7572,1931,209.06
71.334,7.5135,1863,188.39
74.349,5.2792,1813,196.55
78.122,2.0701,1655,182.48
81.949,2.0896,1703,200.08
81.395,-2.1199,1702,203.75
81.142,-2.6095,1806,205.95
80.942,-3.0101,1853,197.85
80.933,-2.8725,1917,200.09
80.195,-2.6104,1963,202.72
79.479,-2.4212,2021,207.94
77.638,-2.0259,2083,204.7
76.281,-2.2184,2100,204.68
74.928,-0.97561,2058,202.98
73.785,0.082473,1961,195.46
73.792,2.0687,1847,185.97
75.021,4.4002,1763,174.71
79.27,3.5494,1804,196.81
84.529,1.3563,1848,199.65
86.817,-3.7009,1845,207.3
89.821,-8.613,1925,223.1
94.691,-12.274,1846,216.86
100.11,-13.177,1793,199.62
106.42,-11.811,1772,194.11
107.68,-9.8082,1798,204.5
105.39,-10.922,1802,219.77
102.88,-9.7361,1821,203.75
95.976,-13.337,1693,167.9
95.103,-14.851,1716,162.58
94.68,-17.989,1616,165.05
99.527,-22.936,1608,167.86
105.34,-28.764,1597,172.14
109.81,-34.243,1599,185.27
111.83,-33.241,1566,181.7
110.41,-28.632,1596,182.84
105.5,-25.937,1548,199.95
100.92,-23.809,1615,201.18
100.25,-22.222,1813,208.07
100.15,-22.142,1866,210.44
99.429,-21.387,1912,215.1
98.958,-20.459,1949,216.6
98.421,-20.251,1997,216.02
97.755,-19.375,2019,217.8
97.008,-18.77,2023,218.1
95.99,-17.141,1955,208.48
94.76,-15.065,1776,193
92.32,-11.323,1633,174.86
90.537,-7.6857,1575,171.09
92.082,-8.8026,1685,175.1
95.838,-12.235,1689,177.53
100.98,-12.819,1692,171.29
105.21,-9.9118,1793,200.62
109.69,-11.243,1920,215.4
115.61,-11.328,1896,212.64
122.26,-11.258,1863,223.95
129.89,-15.067,1860,218.66
138.91,-19.973,1876,220.88
147.44,-25.163,1801,224.53
153.39,-29.258,1709,205.12
151.85,-31.522,1625,210.23
148.86,-32.09,1645,222.58
147.31,-31.759,1742,233.29
146.49,-31.894,1779,234.54
145.92,-31.96,1803,239.45
145.06,-31.245,1818,244.72
144.55,-31.062,1838,241.65
143.63,-31.124,1863,244.39
142.04,-31.081,1910,247.39
138.32,-30.174,1922,239.28
133.03,-29.727,1890,231.91
128.68,-28.641,1812,214.37
130.16,-29.914,1823,224.76
134.66,-26.827,1687,220.72
139.2,-23.848,1608,191.88
144.68,-25.571,1609,185.36
150.16,-23.241,1556,166.54
158.33,-24.446,1604,170.7
166.45,-25.854,1601,164.8
174.55,-27.803,1614,171.38
182.12,-29.385,1573,162.55
189.11,-29.172,1542,162
193.89,-28.363,1558,160.74
199.37,-29.035,1518,162.93
202.62,-27.65,1501,159.8
208.35,-27.846,1498,150.93
215.88,-28.549,1452,150.94
220.3,-31.191,1578,167.22
226.32,-35.219,1574,176.81
231.66,-38.065,1520,161.36
235.43,-41.457,1553,172.87
238.3,-41.328,1640,186.25
240.6,-40.981,1582,175.56
239.69,-40.142,1553,181.08
239.96,-40.196,1592,185.9
238.93,-39.029,1605,197.04
242.97,-39.338,1593,196.11
247.21,-39.179,1583,195.54
256.07,-43.905,1493,178.3
263.38,-48.664,1402,148.19
269.94,-51.979,1283,140.62
275.37,-53.802,1259,138.53
277.52,-50.628,1314,141.31
275.67,-48.987,1309,140.84
273.31,-50.577,1293,141.26
273.21,-53.991,1213,135.72
278.37,-55.84,1207,126.83
278.97,-57.6,1246,133.84
279.85,-58.122,1185,125.73
283.47,-59.905,1130,125.55
286.47,-56.662,1056,119.47
287.08,-55.582,1088,124.01
286.19,-59.063,1188,134.72
282.39,-58.982,1300,144.03
282.02,-59.304,1342,143.13
281.7,-58.898,1375,146.48
281.64,-58.67,1388,147.42
281.51,-58.676,1390,147.31
281.28,-58.545,1391,146.75
280.61,-58.483,1381,145.97
280.73,-58.483,1386,147.2
280.37,-57.695,1406,152.65
279.17,-57.741,1433,153.44
278.64,-58.593,1398,141.94
276.69,-59.607,1376,138.61
274.19,-60.413,1496,153.78
275.85,-59.019,1569,157.52
276.21,-57.898,1503,147.57
278.99,-59.841,1565,164.94
281.14,-60.567,1607,171.69
284.17,-63.455,1602,164.38
287.28,-63.582,1673,161.67
290.25,-58.351,1602,163.69
289.26,-55.45,1622,163.2
291.81,-54.349,1567,159.09
293.21,-54.921,1602,166.33
295,-55.036,1580,169.81
294.97,-56.355,1534,161.26
295.18,-58.383,1548,156.32
293.81,-58.423,1641,161.44
293.41,-57.903,1690,166.08
293.4,-58.264,1701,172.85
293.06,-58.59,1705,170.89
292.9,-58.348,1729,166.35
292.23,-58.568,1765,173.03
291.56,-57.908,1765,169.8
291.15,-56.73,1710,172.08
292.27,-55.326,1736,172.04
295.76,-55.297,1791,184.6
299.1,-54.328,1733,187.84
301.15,-56.71,1682,177.47
305.94,-56.542,1582,162.9
309.72,-55.448,1554,161.38
308.84,-54.926,1574,164.36
310.1,-58.185,1658,169.25
312.78,-53.859,1650,167.4
313.39,-53.177,1661,171.39
315.8,-52.381,1733,183.39
321.99,-53.411,1781,189.86
328.13,-54.467,1693,177.78
334.98,-54.93,1635,174.18
340.22,-54.007,1540,162.22
344.09,-51.99,1376,148.63
348.69,-52.48,1184,135.44
352.87,-54.274,1013,122.27
354.28,-56.748,979,119.49
352.01,-59.838,1001,117.93
349.16,-60.558,983,143.12
349.22,-60.817,991,143.23
349.35,-60.817,986,142.3
349.44,-60.385,972,148.48
349.61,-60.412,973,141.87
349.37,-60.594,985,145.84
349.43,-60.6,976,141.51
349.36,-60.166,970,137.59
349.01,-59.944,965,139.55
348.11,-58.575,1026,140.38
346.6,-58.883,1183,149.47
348.87,-59.17,1124,145.97
350.39,-55.757,1030,123.98
352.71,-57.976,981,125.36
355.79,-57.488,797,114.98
357.2,-60.699,703,116.44
360.78,-65.368,543,102.98
362.27,-71.271,450,102.53
362.69,-74.378,410,101.7
361.91,-73.141,406,96.248
359.52,-74.747,489,93.486
360.68,-75.978,408,84.695
360.17,-73.928,455,95.397
357.76,-69.461,494,93.461
354.6,-68.422,554,95.264
357.74,-65.207,439,84.257
360.72,-55.277,326,67.261
362.17,-59.029,1434,177.33
364.59,-64.75,1413,171.32
369.18,-69.885,1398,173.12
374.2,-73.327,1401,177.62
379.69,-72.056,1458,197.87
376.53,-71.577,1558,232.71
383.44,-72.237,1476,203.14
388.1,-67.487,1412,173.63
388.05,-70.109,1373,147.55
383.46,-75.313,1332,145.61
372.72,-73.339,1327,146.68
360.81,-69.875,1386,159.3
350.18,-63.602,1345,146.44
341.85,-60.464,1287,143.06
337.2,-56.262,1160,127.01
335.61,-56.899,1264,139.93
335.5,-56.083,1290,140.12
335.51,-55.811,1320,138.15
335.24,-56.11,1338,142.51
334.66,-55.571,1372,142.95
334.79,-55.624,1380,144.86
334.16,-54.925,1415,145.11
334.99,-54.484,1416,151.39
334.82,-55.485,1467,156.01
337.16,-58.488,1400,155.91
341.92,-60.19,1333,149.14
346.46,-63.294,1259,143.07
350.71,-62.842,1305,144.99
354.52,-65.409,1332,158.68
361.14,-70.201,1344,157.9
368.38,-66.401,1383,153.01
372.79,-63.973,1355,140.1
377.28,-65.48,1279,142.45
381.31,-65.699,1232,137.35
384.8,-68.34,1202,140.5
386.4,-72.53,1198,130.35
386.83,-74.895,1208,135.97
384.39,-76.918,1215,139.17
387.71,-80.003,1238,145.89
389.74,-78.895,1260,152.95
390.19,-78.099,1244,136.51
389.48,-78.331,1298,141.42
389.47,-77.854,1291,141.99
389.48,-77.902,1286,143.2
389.02,-77.218,1332,143.7
387.11,-76.786,1374,146.26
385.47,-75.687,1399,146.47
382.85,-75.087,1384,146.52
380.47,-73.984,1371,145.67
376.75,-74.945,1299,136.78
370.72,-76.211,1281,136.5
367.15,-71.954,1285,144.36
365.11,-68.432,1352,148.08
362.5,-70.293,1344,150.08
364.18,-71.178,1293,141.41
367.9,-71.991,1250,133.95
372.83,-69.419,1289,136.57
380.26,-68.713,1311,143.98
386.42,-68.419,1240,142.57
387.15,-68.03,1297,141.24
384.05,-66.386,1324,148.63
378.91,-71.045,1341,139.2
376.53,-74.985,1358,145.99
380.93,-76.549,1409,152.43
388.11,-72.497,1480,154.32
397.82,-70.223,1453,152.31
404.77,-71.931,1349,143.12
406.09,-76.362,1311,137.8
405.47,-79.278,1235,134.75
403.32,-79.225,1317,142.88
402.2,-78.551,1385,157.34
402.2,-78.1,1397,153.34
402.2,-78.208,1392,149.91
401.91,-78.194,1398,153.7
399.88,-77.904,1390,153.79
397.87,-76.823,1400,155.64
395.9,-75.724,1409,159.01
393.87,-75.185,1384,152.11
390.75,-72.977,1416,147.97
386.17,-71.373,1394,145.09
385.94,-72.356,1506,151.51
388.49,-77.375,1536,166.62
395.71,-78.995,1506,160.36
402.41,-78.881,1442,151.57
408.2,-80.725,1386,148.62
412.05,-81.913,1361,140.63
416.43,-84.285,1405,148.78
416.79,-85.467,1512,161.2
416.88,-86.291,1548,197.25
416.37,-86.58,1593,216.22
412.82,-87.314,1603,240.89
410.64,-90.358,1627,253.84
405.18,-92.868,1566,249.71
399.32,-93.168,1545,225.42
390.43,-90.967,1467,211.38
380.24,-84.318,1453,191.99
371.19,-79.17,1387,163.65
364.69,-75.479,1381,161.12
365.65,-75.797,1407,175.21
371.76,-73.98,1461,172.53
373.85,-73.939,1471,158.49
373.57,-73.824,1531,154.83
373.82,-74.195,1581,163.37
374.45,-73.995,1623,165.54
375.48,-74.687,1677,170.06
375.45,-74.528,1665,171.18
375.43,-72.675,1707,173.6
377.62,-71.689,1713,175.06
381.14,-73.117,1693,185.74
385.06,-74.927,1676,186.17
389.55,-78.846,1678,195.64
395,-80.631,1612,198.95
399.03,-78.466,1652,211.94
402.48,-78.107,1644,193.74
401.95,-83.661,1537,174.03
405.16,-90.03,1540,187.74
405.97,-87.456,1595,195.96
400.66,-87.466,1579,178.52
397.77,-83.644,1573,180.76
390.74,-82.954,1497,156.55
385.2,-83.855,1466,157.6
382.16,-86.334,1537,173.09
382.96,-86.492,1477,163.57
382.27,-79.657,1411,149.06
381.51,-76.47,1427,159.86
379.33,-73.729,1425,149.24
378.92,-71.998,1564,153.53
378.54,-72.343,1584,157.62
378.53,-72.302,1598,156.53
379.11,-72.703,1643,156.89
380,-72.747,1690,160.17
381.17,-73.557,1738,168.13
382.17,-74.002,1767,172.54
380.87,-72.945,1741,168.99
378.38,-71.597,1672,165.53
374.69,-70.736,1569,156.6
370.82,-68.722,1461,150.78
366.31,-65.375,1424,156.47
366.18,-64.727,1361,148
373.37,-63.935,1474,166.48
380.98,-64.275,1458,149.03
388.9,-65.172,1483,142.82
396.3,-64.42,1434,147.22
400.66,-63.827,1354,143.55
404.55,-63.568,1365,135.66
408.99,-61.879,1358,138.12
412.08,-61,1277,145.56
411.51,-62.594,1297,135.66
408.82,-65.108,1504,171.21
404.38,-72.013,1482,189.22
398.19,-81.4,1445,182.95
394.71,-90.602,1356,169.11
388.81,-88.752,1426,185.57
384.57,-93.979,1331,155.83
388.48,-95.161,1224,131.84
384.64,-84.022,1413,144.34
379.85,-69.56,1526,172.61
378.94,-60.278,1558,181.03
373.69,-56.168,1550,200.25
363.33,-52.972,1478,194.32
352.41,-55.873,1225,186.98
354.76,-54.927,1211,180.49
359.13,-53.651,1265,192.45
360.86,-54.195,1311,183.83
360.78,-54.269,1331,185.33
361.1,-54.288,1334,183.14
361.1,-54.137,1370,184.13
361.85,-55.034,1376,180.7
362.88,-55.316,1394,184.58
362.05,-55.932,1401,187.22
360.8,-55.193,1380,185.05
359.71,-54.096,1340,184.74
363.35,-52.441,1280,168.86
368.11,-52.564,1221,161.39
373.46,-55.493,1185,160.02
379.08,-58.202,1228,155.93
385.79,-57.298,1191,160.07
389.39,-58.677,1132,143.39
386.69,-63.647,1157,138.45
385.59,-70.591,1145,145.26
384.6,-76.037,1189,144.18
388.4,-80.465,1231,156.28
394.34,-87.176,1156,164.89
399.88,-90.97,1145,164.02
407.46,-89.388,1118,150.15
407.21,-88.052,1158,167.57
404.73,-78.427,1132,140.54
397.6,-78.154,1162,160.42
386.99,-83.534,1204,161.58
378.17,-88.71,1205,165.69
371.68,-90.835,1144,177.3
369.45,-94.55,1124,155.92
374.85,-94.696,1043,138.67
379.72,-88.268,1075,162.16
383.15,-74.527,1125,152.75
377.44,-64.271,1163,159.65
372.38,-63.647,1155,165.91
375.94,-62.768,1190,193.86
377.15,-61.934,1206,197.19
377.69,-62.357,1323,205.94
379.42,-62.111,1200,255.78
379.89,-62.498,1421,250.95
379.49,-63.247,1826,242.73
379.22,-63.453,1945,234.41
380.31,-63.871,1949,225.8
382.41,-63.995,1911,232.8
383.02,-65.055,1879,238.29
379.77,-65.146,1959,216.46
376.75,-64.985,1799,195.72
374.6,-64.24,1579,178.16
372.22,-61.798,1560,172.78
374.2,-63.005,1646,187.5
380.93,-63.301,1638,196.95
386.44,-68.776,1649,187.38
392.08,-74.204,1671,180.24
397.91,-79.962,1655,185.89
403.18,-85.929,1616,185.02
409.08,-89.849,1586,194.05
414.97,-89.935,1470,182.71
412.57,-87.54,1450,165.32
407.63,-89.848,1497,183.59
406.27,-89.164,1645,195.77
405.71,-88.484,1668,210.46
405.84,-88.773,1667,224.99
405.8,-88.64,1636,227.89
404.22,-88.074,1688,235.6
401.96,-87.695,1760,235.65
402.48,-85.744,1739,233.39
404.57,-87.97,1656,234.46
407.54,-89.396,1621,239.14
404.72,-87.752,1700,233.4
400.04,-84.966,1667,200.39
394.23,-83.304,1631,187.39
390.12,-84.411,1534,177.34
391.96,-87.324,1551,164.16
396.07,-84.791,1495,159.77
398.4,-81.902,1462,149.39
399.72,-74.962,1471,159.47
397.28,-71.744,1501,153.52
391.11,-71.597,1558,160.43
384.37,-71.717,1556,169.9
384.32,-75.603,1558,178.3
384.15,-73.14,1613,170.56
377.07,-71.973,1609,187.39
369.46,-70.201,1541,172.27
366.36,-72.976,1510,160.95
368.92,-80.044,1503,164.79
369.33,-77.687,1526,181.13
368.39,-70.606,1507,166.48
365.68,-66.535,1407,161.69
362.77,-64.883,1450,167.36
362.61,-64.412,1517,154.5
362.91,-64.515,1545,155.36
362.84,-63.771,1545,155.45
362.58,-63.59,1539,155.98
362.65,-64.11,1557,152.48
364.02,-64.681,1612,162.23
363.16,-65.566,1668,180.45
361.93,-64.759,1586,176.24
362.97,-64.273,1611,184.08
367.6,-65,1618,191.17
372.7,-68.195,1591,184.68
375.74,-71.173,1542,184.51
379.65,-70.382,1609,179.4
378.24,-69.073,1582,174.48
373.05,-72.784,1571,167.49
367.75,-73.814,1549,158.67
362.35,-75.936,1502,175.64
355.51,-77.905,1520,191.88
349.8,-73.144,1435,170.2
344.05,-66.675,1488,159.64
339.4,-64.994,1490,168.66
341.19,-60.273,1535,173.3
342.19,-51.62,1539,183.8
346.75,-45.806,1509,188.73
355.8,-46.808,1492,173.01
363.89,-49.561,1435,159.88
372.23,-54.11,1330,149.35
378.97,-62.615,1394,171.63
384.87,-71.002,1444,184.88
382.91,-71.342,1519,176.92
382.14,-71.576,1391,150.41
384.44,-72.535,1339,149.02
389.48,-73.604,1318,149.98
392.74,-70.347,1330,165.65
395.53,-71.554,1436,162.81
396.33,-71.952,1387,178.9
398.34,-72.177,1377,168.27
399.2,-72.275,1353,148.67
399.72,-72.175,1358,149.89
399.81,-73.112,1375,150.97
399.33,-73.303,1452,165.69
396.51,-73.566,1589,193.65
394.19,-72.226,1640,195.03
396.34,-75.476,1622,196.41
399.38,-78.31,1547,179.71
397.12,-80.894,1641,199.13
396.72,-81.045,1581,205.57
401.19,-78.71,1539,197.9
401.44,-73.7,1496,184.13
399.64,-68.8,1444,166.45
394.48,-67.497,1470,161.74
393.65,-71.18,1460,160.71
395.15,-74.69,1444,171.52
399.42,-73.813,1511,190.43
404.13,-71.76,1547,166.46
406.7,-70.189,1453,150.66
404.74,-68.123,1419,144.64
400.03,-67.902,1383,146.53
399.71,-72.954,1427,145.84
397.13,-75.986,1525,166.26
395.95,-75.101,1601,154.83
395.49,-75.716,1636,163.58
394.77,-75.643,1656,165.42
393.89,-75.414,1669,165.88
392.72,-75.56,1678,170.58
391.32,-75.141,1667,178.64
391.28,-75.913,1590,168.06
389.78,-76.25,1599,183.2
390.94,-74.709,1674,186.59
393.11,-74.227,1696,183.04
396.21,-74.716,1632,172
398.19,-75.062,1509,159.26
397.68,-74.754,1438,152.65
398.07,-78.008,1433,147.9
400.28,-80.537,1458,148.11
404.31,-80.354,1472,154.29
407.09,-79.13,1479,162.28
407.18,-79.903,1411,143.92
406.06,-76.045,1396,143.13
402.19,-73.153,1363,141.52
398.09,-70.649,1306,136.53
393.01,-67.819,1304,138.91
392.35,-68.917,1360,148.75
385.17,-74.722,1366,141.21
377.25,-77.99,1482,172.1
370.98,-77.023,1445,158.39
362.04,-71.359,1484,167.22
356.47,-66.529,1470,172
357.17,-59.946,1509,170.6
365.77,-54.044,1465,157.99
376.04,-53.135,1447,158.8
386.13,-53.292,1355,163.4
392.04,-54.354,1341,179.92
397.01,-57.718,1418,203.78
401.79,-62.804,1414,171.34
404.15,-65.029,1445,161.5
404.38,-65.489,1523,168.9
405.16,-64.502,1475,171.31
406.04,-64.709,1401,167.12
406.08,-65.084,1417,166.22
405.6,-64.954,1421,168.12
406.08,-66.465,1395,191.94
403.3,-66.786,1531,169.51
400.54,-67.488,1571,169.39
398.45,-67.907,1531,167.4
396.76,-64.283,1519,175.97
398.07,-61.746,1400,160.82
401.86,-61.073,1312,156.07
406.73,-63.832,1264,148.28
411.33,-66.955,1270,153.02
416.06,-68.358,1292,156.36
420.7,-68.913,1281,151
424.82,-68.224,1250,144.89
424.17,-64.991,1248,130.54
420.59,-63.535,1346,145.67
415.83,-65.375,1474,171.47
417.38,-69.738,1500,161.62
413.61,-75.498,1382,175.38
414.85,-77.144,1423,188.78
417.94,-84.64,1374,180.38
422.13,-84.868,1302,159.2
418.56,-78.9,1335,156.06
409.09,-74.66,1407,190.75
400.42,-78.506,1394,173.63
396.05,-83.629,1331,154.83
397.38,-87.709,1376,157.62
395.15,-86.506,1341,169.08
395.34,-83.881,1407,169.46
395.05,-83.459,1432,173.63
394.59,-83.213,1436,186.95
393.52,-82.714,1463,187.5
392.8,-82.01,1496,184.45
390.93,-82.037,1477,186.61
392.17,-81.264,1496,177.9
393.17,-80.075,1588,177.9
395.64,-79.535,1548,177.06
397.56,-78.63,1524,176.2
399.17,-75.404,1484,171.19
399.2,-73.666,1399,154.16
395.95,-74.67,1404,166.15
392.71,-79.89,1472,173.11
392.23,-86.388,1521,176.7
393.71,-90.649,1447,163.16
396.82,-91.543,1489,181.57
397.35,-90.226,1537,187.11
394.61,-87.944,1486,186.93
392.62,-88.277,1387,152.28
393.21,-87.33,1265,140.05
393.5,-87.599,1122,131.38
391.93,-86.892,1004,118.08
390.65,-84.185,906,116.1
390.46,-77.69,856,120.64
388.43,-70.264,900,125.55
385.2,-62.046,954,131.95
380.89,-61.138,952,129.72
382.91,-56.964,1117,158.91
379,-53.136,1299,193.36
369.71,-60.146,1452,212.77
364.12,-69.709,1523,211.66
366.37,-79.931,1407,179.54
374.47,-85.775,1358,155.64
383.26,-83.256,1397,154.07
390.2,-78.056,1494,176.64
390.8,-76.44,1419,160.86
397.74,-71.447,1392,152.73
400.27,-63.152,1370,162.97
406.21,-63.776,1284,154.98
413.21,-62.834,1203,140.05
420.31,-59.199,1195,138.2
427.58,-60.594,1068,119.37
431.78,-59.439,942,120.42
430.23,-61.427,897,113.34
424.3,-68.326,926,114.53
423.47,-79.952,1036,121.08
428.66,-91.906,1066,122.6
434.27,-99.614,1073,130.54
437.96,-97.506,1037,123.42
438.55,-95.789,1023,122.53
434.22,-88.107,1108,130.76
423.11,-84.087,1132,133.65
410.98,-82.706,1245,155.79
399.83,-83.198,1353,169.84
392.49,-78.805,1366,174.02
395.32,-71.467,1421,174.17
396.26,-70.724,1527,171.23
396.07,-69.4,1609,170.04
396.01,-69.076,1659,172.57
395.39,-68.135,1675,181.89
395.27,-68.057,1723,173.5
395.47,-67.905,1733,178.58
394.6,-67.353,1715,182.42
395.77,-67.617,1762,178.11
396.11,-65.967,1713,189.18
395.32,-64.839,1633,183.25
397.41,-65.14,1525,186.11
399.67,-64.366,1399,177.6
400.84,-61.787,1344,171.11
398.45,-58.603,1320,166.67
394.44,-59.543,1294,147.83
391.42,-63.152,1320,142.41
392.74,-64.423,1428,164.1
394.6,-60.779,1463,176.17
396.27,-60.22,1462,175.66
399.61,-58.026,1503,173.23
404.95,-55.31,1451,167.12
410.6,-52.678,1386,159.56
415.02,-52.544,1293,147.75
417.4,-55.018,1239,139.61
414.77,-56.567,1263,149.99
414.23,-56.435,1331,152.06
414.13,-56.743,1320,146.59
414.27,-56.72,1303,142.72
413.76,-57.04,1317,146.62
412.26,-56.979,1362,152.5
411.66,-57.916,1400,155.36
410.58,-58.272,1398,159.27
410.16,-57.545,1391,153.45
411.11,-56.105,1361,145.44
412.81,-55.536,1388,150.55
413.65,-57.286,1382,150.58
415.86,-59.514,1304,147.14
419.94,-58.834,1314,152.48
419.56,-58.762,1312,164.3
415.1,-61.95,1399,193
409.98,-63.577,1524,186.79
408.16,-66.847,1549,184.94
409.98,-66.237,1572,183.34
411.71,-63.47,1599,177.67
416.11,-60.581,1618,169.71
422.14,-59.356,1539,160.33
426.59,-61.154,1430,157.04
431.4,-62.746,1366,171.36
434.93,-67.093,1346,158.59
439.74,-68.816,1305,155.84
441.72,-69.018,1357,155.9
437.6,-68.929,1364,164.59
430.63,-71.58,1380,179.26
423.55,-76.479,1427,186.1
417.83,-77.556,1454,189.27
412.8,-77.059,1536,210.48
410.43,-76.691,1649,223.85
409.97,-75.949,1665,219.01
409.57,-75.425,1673,233.78
409.82,-75.277,1617,237.03
407.87,-74.201,1610,251.41
407.85,-73.32,1600,243.72
411.54,-73.441,1548,244.13
415.57,-73.336,1476,244.98
410.34,-71.312,1551,276.01
402.53,-70.022,1611,237.94
398.23,-69.146,1647,221.48
393.96,-69.163,1616,216.13
389.89,-68.825,1570,207.57
388.95,-68.486,1564,193.67
394.01,-65.898,1612,184.44
394.9,-63.659,1505,173.39
397.3,-59.713,1481,161.87
398.36,-54.266,1536,169.63
400.75,-51.349,1553,180.94
404.64,-50.667,1481,183.79
409.01,-55.073,1528,199.57
414.23,-59.99,1552,188.75
420.32,-65.278,1536,202.49
426.56,-69.036,1515,178.32
435.25,-70.318,1433,173
441.68,-74.222,1420,182.72
448.71,-77.444,1299,164.99
447.98,-81.526,1291,161.89
442.21,-84.407,1344,161.75
435.8,-86.404,1335,160.87
435.37,-88.001,1340,161.44
434.76,-85.343,1302,138.03
435.37,-80.108,1292,158.32
432.69,-69.973,1386,163.01
425.1,-63.851,1386,153.38
420.88,-62.982,1360,167.23
422.17,-67.236,1437,188.5
427.48,-62.63,1424,193.84
425.45,-58.85,1416,175.19
423.35,-57.943,1291,150.35
421.73,-61.423,1340,155.65
419.55,-62.378,1413,162.29
418.28,-62.15,1590,176.73
418.01,-61.906,1590,186.33
417.55,-62.1,1580,185.26
416.65,-62.307,1598,205.56
416.09,-62.099,1579,194.67
417.12,-63.04,1639,211.4
419.51,-63.798,1628,209.08
417.03,-63.861,1682,211.21
414.52,-63.492,1651,216.97
414.62,-63.212,1650,206.12
414.84,-60.536,1584,196.81
415.23,-58.093,1507,180.48
417.45,-57.04,1423,160.96
422.54,-57.719,1416,169.15
427,-59.514,1435,167.74
431.36,-57.72,1366,160.46
431.79,-57.98,1429,171.3
424.86,-59.054,1503,185.65
416.6,-59.932,1487,191.82
409.12,-62.822,1488,174.89
405.58,-67.367,1493,168.32
405.64,-69.844,1460,169.68
408.63,-69.854,1441,151.45
405.13,-63.779,1452,154.69
402.52,-62.165,1537,169.94
400.39,-59.814,1546,167.12
399.01,-58.116,1497,183.23
399.89,-60.664,1455,178.88
406.22,-59.33,1436,175.75
414.24,-56.379,1416,151.54
421.48,-53.882,1433,159.64
428.66,-53.209,1382,160.41
434.13,-51.509,1401,169.49
440.84,-50.988,1413,166.76
447.98,-50.9,1358,165.25
454.17,-52.819,1335,154.42
459.32,-57.475,1269,145.42
462.46,-61.207,1201,138.7
465.91,-66.751,1211,143.41
468.12,-71.659,1135,151.01
465.61,-73.135,1088,147.97
463.82,-72.73,1050,152.51
463.16,-72.947,1049,154.02
463.05,-72.919,1052,152.72
463.37,-73.005,1039,153.59
463.11,-73.027,1049,153
463.11,-72.995,1040,151.78
462.76,-73.203,1036,154.34
462.02,-73.943,1008,149.06
462.09,-74.03,981,154.44
462.81,-73.872,929,147.3
462.05,-74.603,925,134.49
459.12,-74.583,915,128.5
458.09,-74.645,868,127.82
459.8,-74.116,806,113.43
462.09,-70.994,752,112.68
464.56,-67.484,714,108.72
469.28,-64.411,663,100.02
471.17,-60.777,732,100.35
471.68,-60.226,800,103.58
470.72,-58.354,850,116.82
473.36,-57.578,789,116.83
475.79,-54.81,727,99.069
475.08,-52.262,628,91.544
476.32,-50.36,630,89.417
476.98,-51.154,723,98.523
478.16,-50.067,755,102.65
479.18,-48.728,773,108.7
481.63,-48.576,765,102.58
482.54,-47.963,827,109.57
482.49,-45.718,866,117.67
480.82,-43.695,854,112.25
481.91,-45.466,759,108.9
482.93,-45.721,666,98.284
482.91,-45.775,690,100.94
482.55,-46.39,701,102.44
482.8,-45.892,694,99.615
482.95,-46.073,701,102.57
483.09,-45.709,691,99.21
482.97,-45.072,707,103.18
482.99,-45.786,702,101.29
482.89,-45.81,709,100.7
482.86,-45.054,752,104.44
482.8,-45.131,777,106.34
482.15,-45.868,849,107.81
482.37,-47.009,917,116.88
481.34,-48.919,942,117.38
481.74,-46.039,914,115.27
484.07,-47.566,906,113.12
484.6,-46.451,1014,124.08
487.91,-43.214,1061,120.74
489.69,-40.021,995,125.11
495.23,-38.755,974,118.6
500.68,-39.898,974,120.3
504.16,-43.769,985,128.44
504.79,-44.107,964,132.58
502.61,-44.904,928,136.24
500.75,-46.288,958,144.96
500.42,-46.009,969,143.27
500.58,-45.897,964,146.51
500.67,-46.014,962,140.09
500.88,-45.457,948,138.32
500.9,-45.599,949,140.61
500.62,-45.615,949,143.13
500.53,-46.067,950,145.21
500.37,-46.101,963,145.42
499.5,-46.995,964,135.04
500.81,-46.338,989,140.89
501.3,-44.603,954,141.31
501.51,-45.697,940,138.93
502.95,-43.958,855,131.03
502.19,-43.105,769,114.77
501.25,-41.861,719,105.06
500.15,-41.819,687,91.965
497.85,-43.983,676,94.661
495.21,-44.927,684,94.719
493.15,-44.732,719,106.52
490.3,-51.011,874,123.9
486.97,-55.116,833,113.52
485.79,-57.446,783,105.82
484.67,-57.144,713,103.77
484.28,-57.771,702,111.94
486.3,-60.307,715,103.85
486.99,-64.217,667,101.17
486.89,-64.247,703,108.65
490.15,-65.837,696,109.48
488.51,-65.378,650,105.21
486.86,-70.612,758,112.7
488.8,-70.567,813,120.44
488.74,-75.044,781,109.39
490.83,-76.086,726,102.94
489.13,-76.78,827,122.19
486.29,-72.095,903,132.5
483.5,-66.414,944,143.21
482.74,-61.854,1037,163.33
481.42,-58.948,1057,160.47
483.61,-62.434,1070,152.43
485.78,-55.261,1061,140.02
493.85,-47.279,1103,124.22
505.65,-45.124,1053,116.38
512.97,-45.952,1100,123.42
506.83,-50.778,1050,127.54
502.85,-53.619,1048,127.8
502.06,-53.407,1071,123.38
501.53,-53.579,1080,125.14
501.19,-53.75,1091,124.31
500.6,-54.1,1097,123.67
499.65,-54.503,1138,129.32
498.28,-54.997,1163,133.81
496.75,-55.287,1173,135.15
495.19,-55.233,1178,135.3
496.03,-54.117,1179,130.98
498.45,-51.904,1130,132.65
500.79,-50.068,1091,133.3
500.47,-48.128,1042,122.76
503.74,-52.344,1061,130.7
504.28,-56.794,1116,131.74
504.32,-62.326,1167,148.81
504.49,-63.78,1169,154.17
503.21,-69.195,1126,152.19
498.43,-74.048,1093,150.48
492.89,-78.109,1107,141.4
484.99,-78.65,1116,146.94
477.78,-76.309,1198,148.82
476.22,-70.522,1196,150.39
475.93,-66.034,1211,136.68
477.46,-62.736,1194,131.26
478.38,-63.308,1258,140.81
478.44,-63.717,1244,133.48
478.08,-63.853,1221,134.7
478.19,-63.743,1215,134.55
478.64,-63.763,1211,136.01
478.56,-63.218,1207,132.82
478.75,-62.387,1166,133.77
480.63,-62.837,1210,160.28
482.67,-63.857,1219,154.28
485.96,-64.762,1203,152.94
490.4,-64.138,1226,151.82
490.87,-59.62,1263,144.46
486.83,-56.776,1242,141.49
485.12,-57.307,1362,157.13
488.51,-63.739,1429,169.46
490.89,-68.185,1389,161.79
495.57,-69.794,1336,143.82
500.55,-67.883,1327,146.06
503.99,-67.735,1293,147.9
508.08,-68.222,1319,150.81
512.14,-66.096,1273,153.78
512.57,-64.787,1263,162.64
512,-69.899,1212,155.28
511.41,-72.595,1204,147.63
510.41,-72.047,1265,148.87
509.74,-72.324,1305,147.66
509.67,-72.009,1299,151
509.98,-71.951,1273,146.97
510.03,-71.401,1281,151.06
509.74,-71.678,1277,150.01
509.63,-70.839,1282,149.43
510.14,-70.182,1272,145.07
509.69,-69.999,1281,149.04
510.1,-71.587,1290,149.91
510.41,-70.877,1324,144.93
509.26,-72.479,1265,141.59
508.41,-76.11,1255,141.49
504.94,-80.069,1291,145
502.72,-83.664,1299,152.06
498.05,-85.006,1217,139.82
498.95,-83.675,1226,159.42
496.17,-79.536,1226,149.16
489.76,-75.563,1222,146.27
485.5,-68.421,1189,139.38
485,-61.345,1078,125.49
489.79,-59.239,1066,130.7
492.47,-53.792,1095,128.67
494,-48.917,1129,133.86
495.22,-48.484,1165,138.87
497.63,-49.137,1220,140.71
504.08,-46.008,1308,151.32
508.71,-39.269,1251,137.54
511.67,-39.387,1225,149.01
511.21,-47.983,1224,146.7
514.35,-58.912,1228,156.46
521.8,-63.859,1115,139.82
526.96,-64.923,1008,144.91
527.26,-64.749,798,141.18
527.69,-68.957,773,123.06
530.86,-74.566,723,110.08
532.99,-72.294,595,95.503
534.05,-67.442,592,95.826
533.96,-65.484,565,99.002
531.22,-70.001,563,104.72
533.92,-71.993,505,115.72
533.35,-69.86,396,80.353
539.63,-61.824,300,83.636
542.17,-63.059,223,106.72
541.3,-73.57,202,70.445
536.97,-77.555,303,73.067
535.07,-75.333,415,82.826
534.98,-73.562,475,88.995
535,-73.662,463,85.795
534.99,-73.64,464,86.638
534.98,-73.74,458,86.812
535.08,-73.676,451,89.64
534.98,-73.993,454,86.266
535.1,-73.38,440,86.754
535.27,-73.286,435,87.333
535.06,-73.659,454,89.086
535.14,-72.397,521,90.004
535.28,-70.301,489,88.59
536.05,-67.291,426,84.331
538.55,-65.73,360,84.951
539.25,-72.229,324,95.231
537.9,-79.016,278,72.314
537.08,-80.681,272,68.386
537.85,-81.199,305,79.741
539.81,-75.115,264,78.864
539.94,-67.839,303,75.771
539.67,-60.284,321,75.308
539.74,-55.373,1071,155.63
542.2,-51.894,1078,133.92
542.6,-52.496,1000,144.84
544.79,-56.606,1035,139.12
544.76,-58.147,1098,147.27
544,-58.548,1108,146.94
544.09,-57.987,1122,149.07
543.98,-58.531,1110,148.29
543.99,-58.156,1118,144.31
543.89,-58.867,1104,144.89
543.82,-59.032,1083,144.96
543.7,-59.114,1076,140.95
543.21,-58.166,1043,137.45
544.05,-56.238,1045,147.79
546.52,-55.442,1038,143.09
547.97,-55.393,1030,147.66
551.12,-58.561,1007,133.87
551.05,-64.453,956,124.28
547.34,-69.215,909,117.64
547.09,-72.504,944,117.69
545.04,-76.494,964,123.11
538.37,-76.677,969,140.42
530.3,-79.448,1053,151.79
526.46,-81.725,1012,147.63
520.81,-80.267,1054,165.83
510.39,-76.688,1122,185.16
499.49,-73.127,1208,196.21
490.48,-64.868,1265,209.54
482.23,-58.15,1251,186.01
481.75,-48.535,1236,182.73
483.84,-42.382,1193,170.06
482.37,-42.756,1126,163.33
482.12,-48.207,1073,133.22
481.26,-54.132,1060,140.16
488.53,-61.577,1132,150.51
498.3,-65.826,1243,201.97
506.08,-68.63,1288,238.79
505.7,-74.98,1265,223.31
501.67,-79.923,1234,216.47
495.07,-84.423,1257,224.21
486.78,-83.754,1274,221.5
479.06,-86.438,1221,190.14
474.49,-83.394,1139,190.87
461.15,-83.78,1168,184.51
453.97,-92.822,1068,157.89
455.22,-96.465,1042,159.3
446.67,-92.191,1118,176.66
437.39,-88.445,1024,179.31
434.07,-88.771,962,118.03
435.31,-92.477,784,105.7
437.59,-92.041,707,97.192
438.94,-86.865,709,105.1
441.62,-83.79,700,104.61
438.65,-76.778,694,104.62
431.58,-78.76,699,105.25
429.96,-88.907,822,123.97
427.83,-93.92,825,116.24
427.63,-98.155,756,113.89
433.05,-97.399,857,125.95
437.38,-89.928,931,147.8
435.33,-81.744,919,154.91
431.51,-77.996,894,129.07
428.28,-72.926,1001,149.85
428.42,-65.89,955,144.58
426.03,-53.674,1101,203.45
417.39,-55.871,1037,160.96
411.88,-65.462,1055,138.46
411.4,-69.679,1102,181.1
418.82,-70.942,1145,181.92
424.98,-70.517,1074,179.18
421.46,-71.856,1072,132.12
429.19,-79.058,1067,147.42
433.43,-85.133,1032,133.8
436.69,-82.681,926,123.7
435.17,-78.301,942,117.55
426.13,-75.732,933,115.89
417.98,-82.739,1003,132.69
416.68,-92.39,1036,166.83
417.71,-89.994,1036,166.46
405.11,-83.572,1162,180.7
396.9,-86.62,1052,169.77
399.06,-84.066,1052,145.87
398.26,-83.932,1057,156.36
397.25,-81.999,1130,188.78
395.77,-82.039,985,175.4
397.01,-80.969,1023,205.05
396.98,-80.875,996,202.31
399.17,-79.671,1105,195.72
399.84,-80.579,1071,244.67
399.15,-80.795,1032,200.42
398.16,-79.118,1062,212.69
398.87,-78.246,1112,207.63
402.43,-76.391,1559,223.57
404.56,-75.467,1445,201.64
407.38,-74.662,1311,162.7
410.12,-73.077,1281,156.79
412.95,-70.467,1307,181.52
415.52,-68.309,1359,174.54
414.76,-66.114,1378,169.12
413.94,-66.014,1405,164.11
411.55,-70.975,1325,154.74
412.03,-75.345,1428,187.86
411.17,-73.696,1461,168.46
410.75,-74.388,1510,166.51
410.63,-74.518,1542,170.01
410.65,-74.223,1538,173.65
410.78,-73.583,1560,173.01
410.95,-73.195,1599,167.21
411.06,-72.888,1572,169.22
411.27,-72.973,1574,167
410.99,-72.796,1591,171.15
410.53,-73.036,1563,173.57
412.26,-73.825,1491,175.63
413.57,-75.55,1467,164.54
414.57,-76.754,1398,159.4
415.87,-77.234,1452,170.95
417.76,-78.383,1484,177.39
420.47,-78.641,1486,180.5
424.91,-76.49,1579,191.59
427.54,-74.843,1616,207.09
430.91,-74.254,1566,219.08
436.47,-72.401,1684,246.33
443.17,-74.267,1699,257.68
449.47,-76.062,1929,268.39
457.47,-79.463,1924,287.37
468.87,-81.867,1926,275.12
477.93,-83.208,1883,252.57
485.12,-85.581,1823,236.05
490.12,-84.028,1790,237.68
490.57,-83.683,1428,195.1
493.18,-83.148,1428,159.62
493.65,-81.891,1276,138.62
490.69,-78.6,1229,130.16
486.26,-82.87,1211,130.46
486.15,-85.149,1208,134.05
490.31,-86.201,1200,138.82
500.35,-86.12,1226,148.45
511.54,-80.589,1342,185.4
522.16,-75.818,1425,212.97
525.03,-71.524,1509,231.63
525.06,-71.388,1485,222.16
526.37,-71.465,1505,214.88
525.73,-72.943,1421,183.51
527.59,-78.626,1233,135.95
530.33,-75.333,1136,132.26
524.19,-73.231,1191,138.77
520.21,-77.515,1177,137.05
521.95,-82.228,1088,131.2
525.66,-79.503,1090,129.27
527.92,-73.699,1035,134.99
525.9,-72.717,924,113.33
518.45,-71.992,1015,119.68
516.26,-78.879,994,121.53
520.84,-81.032,1125,139.1
524.54,-79.423,1105,128.86
531.68,-70.934,1161,141.2
536.9,-60.983,1257,158.23
536.74,-55.86,1361,176.61
538.67,-54.732,1342,174.15
541.89,-54.82,1174,132.22
543.05,-54.382,1174,138.11
541.73,-55.434,1074,132.94
533.11,-59.263,1231,144.12
528.96,-70.405,1316,189.82
525.03,-81.384,1417,190.51
522.78,-88.01,1436,204.2
519.42,-94.208,1321,180.22
513.41,-97.683,1205,138.39
511.72,-96.9,1189,151.61
511.33,-94.409,1236,167.04
512.31,-92.38,1331,170.48
512.15,-92.06,1342,170.14
512.29,-91.465,1370,170.89
512.02,-91.812,1387,174.63
511.74,-91.641,1404,177.36
511.74,-91.503,1420,174.46
511.52,-91.041,1446,175.94
511.63,-91.18,1458,177.75
510.68,-90.976,1494,180.09
509.68,-89.285,1507,186.03
507.91,-88.91,1478,192.97
504.27,-88.856,1424,205.51
502.53,-89.291,1364,203.98
502.28,-92.633,1341,185.41
504.94,-94.689,1308,168.23
509.34,-95.054,1276,153.61
513.9,-93.555,1255,139.21
519.58,-94.378,1206,145.42
515.95,-98.126,1294,173.89
512.47,-98.3,1321,149.36
512.32,-98.076,1343,156.95
512.16,-98.28,1352,156.64
512.27,-98.159,1340,153.12
512.06,-97.966,1338,158.5
511.62,-97.869,1344,159.48
511.49,-98.099,1359,156.08
511.1,-97.711,1368,166.49
510.97,-97.427,1370,162.72
512.18,-98.259,1315,161.62
513.1,-99.354,1294,163.96
515.53,-98.641,1211,155.23
518.45,-96.471,1168,154.13
516.91,-95.546,1209,147.32
513.86,-98.108,1218,144.52
517.28,-100.54,1288,153.5
524.53,-98.412,1326,157.64
529.41,-92.401,1438,169.73
529.02,-86.363,1453,178.7
528.58,-80.587,1514,189.98
526.26,-72.517,1465,184.95
527.44,-65.756,1439,183.45
527.19,-55.422,1483,191.41
525.13,-51.782,1475,195.29
528.85,-50.92,1401,161.64
532.85,-47.137,1401,149.94
537.76,-41.553,1341,142.51
539.84,-38.305,1347,156.94
541.98,-35.181,1315,144.7
547.22,-35.862,1208,140.78
550.42,-42.88,1147,128.59
552.59,-50.349,942,115.03
556.65,-53.68,940,126.85
554.15,-52.784,993,150.5
556.02,-52.325,1110,151.44
556.51,-50.301,936,116.76
557.61,-51.563,926,117.17
549.87,-54.496,1046,149.69
550.28,-61.646,1057,138.87
549.7,-70.23,1047,137.58
547.42,-79.007,999,129.75
545.38,-79.989,1045,158.86
549,-79.401,1216,172.67
547.32,-84.142,1231,177.76
538.89,-92.52,1105,173.29
531.28,-99.779,942,153.04
523.32,-102.19,849,133.33
519.83,-107.58,805,115.18
517.13,-109.99,819,113.57
515.77,-111.25,973,151.53
515.04,-114.25,964,154.09
518.68,-119.12,1022,156.1
522.78,-125.11,979,156.66
526.72,-130.7,940,144.22
533.92,-134.36,934,123.11
536.87,-134.45,1003,133.38
540.77,-135.05,1015,168.44
545.88,-131.79,1048,160.5
550.85,-126.42,1030,157.78
557.19,-122.54,1000,151.7
565,-119.02,1087,163.91
575.04,-119.13,1100,157.38
582.46,-120,1165,155.36
589.31,-122.62,1144,152.87
597.24,-127.36,1176,153.36
601.8,-132.03,1186,158.54
605.68,-136.85,1167,161.21
609.85,-138.94,1136,168.69
608.7,-138.25,1105,174.96
608.31,-137.8,1118,181.04
608.63,-137.48,1152,180.62
608.39,-137.45,1181,178.17
608.2,-137.43,1162,170.65
608.42,-137.64,1157,175.51
608.16,-137.55,1156,175.09
608.59,-137,1172,180.19
608.35,-137.38,1166,176.77
608.42,-137.49,1175,177.54
608.56,-137.05,1187,176.7
609.23,-137.02,1200,172.36
608.94,-137.35,1160,175.39
608.8,-137.89,1178,166.1
608.77,-137.27,1159,163.52
607.91,-137.48,1153,154.45
609.22,-137.35,1134,149.22
611.3,-137.26,1140,150.46
610.96,-134.44,1175,140.5
608.62,-131.66,1158,139.41
604.95,-132.04,1158,139.86
602.28,-133.09,1169,138.98
599.58,-133.02,1216,143.21
598.96,-134.34,1198,137.67
598.01,-135.97,1153,138.36
601.62,-138.32,1038,124.76
602.41,-140.7,1006,130.1
598.17,-141.68,1160,148.4
591.37,-139.22,1273,173.39
584.25,-135.17,1385,171.75
578.89,-135.81,1295,166.05
578.41,-140.27,1250,171.11
580.63,-139.28,1204,174
579.49,-132.62,1377,185.25
581.32,-126.9,1261,158.98
582.61,-127.38,1225,167.74
588.84,-129.47,1059,139.25
595.71,-128.44,1027,128.46
600.39,-125.67,1180,149.95
603.73,-125.37,1194,163.62
603.62,-127.11,1263,154.09
603.56,-127.25,1292,154.55
603.39,-127.08,1281,155.5
603.26,-126.86,1287,152.67
603.09,-126.74,1291,153.22
602.92,-127.62,1296,155.13
602.73,-127.28,1295,156.15
602.4,-128.36,1325,158.42
602.53,-128.38,1325,156.37
603.05,-128.37,1289,160.04
602.36,-128.09,1229,150.83
603.07,-129.42,1268,144.93
605.45,-128.3,1249,154.21
605.97,-127.58,1222,163.1
605.17,-130.62,1216,155.3
609.5,-131.17,1328,160.01
614.51,-131.74,1373,165.6
618.75,-130.21,1391,191.25
623.24,-130.74,1386,203.37
627.15,-130.23,1244,185.01
630.9,-127.48,1244,166.24
633.95,-126.43,1202,174
634.63,-129.8,1097,162.19
634.03,-130.92,1081,155.53
632.67,-130.47,1157,161.83
632.93,-130.59,1184,156.2
632.68,-130.98,1180,158.78
632.54,-130.59,1174,159.87
632.78,-130.82,1152,153.86
632.77,-130.95,1151,154.3
632.7,-131.12,1139,158.33
632.74,-130.44,1139,157.28
632.8,-131.28,1148,156.86
633.41,-129.51,1189,155.96
633.2,-128.48,1198,165.17
633.66,-127.18,1201,169.7
633.83,-128.68,1160,164.71
636.53,-128.09,1178,161.39
640.58,-127.36,1197,169.1
644.51,-128.07,1141,179.38
648.83,-128.71,1119,167.31
651.92,-128.91,1064,170.16
656.32,-128.5,995,166.32
656.66,-127.48,794,138.32
661.81,-129.21,717,159.44
665.56,-130.61,625,131.99
665.56,-130.61,625,131.99
