0,-0,107,34.536
-0.046729,0.2243,107,34.619
0.22109,0.2275,105,34.652
-0.03456,-0.079342,96,32.386
0.2755,0.31139,94,32.138
0.18664,0.3698,102,33.8
0.071422,0.4414,109,36.72
0.034725,0.23956,109,37.018
0.33645,0.15888,107,34.462
0.12704,0.047225,113,36.918
0.25217,0.15257,114,36.422
0.19069,-0.044843,109,34.925
-0.14137,0.064549,118,36.521
0.05919,0.022741,120,38.109
-0.35538,-0.1204,119,36.885
-0.49081,0.17274,120,36.306
-0.72151,0.43327,114,37.365
-0.74682,1.2118,122,36.422
-0.50221,0.74906,114,35.198
-0.54025,0.40061,119,36.703
-0.60748,-0.036362,119,36.033
-0.98883,-0.30833,118,36.124
-1.163,-0.74022,108,34.768
-0.95854,-0.42265,94,34.388
-1.3964,-0.47726,90,32.014
-1.9221,-0.51696,89,31.005
-2.0966,-0.55262,92,31.931
-2.5011,-0.28435,94,32.874
-2.6401,-0.0091426,92,32.783
-2.5543,1.1093,94,31.46
-2.0035,0.72934,101,32.849
-1.7613,0.72274,117,37.191
-2.17,0.77482,128,38.58
-2.0124,0.98169,121,38.771
-2.6837,1.1408,118,35.851
-2.323,1.1078,116,35.38
-2.3005,0.45958,114,35.504
-2.3433,0.65041,106,34.189
-2.5875,0.86607,100,32.386
-1.9042,0.97915,91,32.13
-1.9783,1.2359,89,31.187
-1.2668,1.5066,91,31.741
-1.1075,1.1116,90,30.608
-0.71057,1.3654,97,32.684
-0.68356,0.22999,92,31.65
-1.3357,0.023466,92,31.377
-1.9227,-0.0091426,92,31.832
-1.9075,-0.043925,80,29.88
-1.32,0.031075,80,31.005
-1.1978,0.40547,83,29.202
-1.2898,0.46784,85,30.335
-1.1965,1.4533,73,27.424
-1.3941,1.8427,75,28.077
-2.0292,2.3211,83,29.963
-2.1332,2.7159,97,32.113
-1.8644,2.6065,109,34.743
-1.9221,0.79765,89,31.071
-0.5862,0.58799,94,31.832
-0.63748,1.7461,100,33.982
-1.295,2.0977,96,32.502
-1.2075,1.3005,90,31.559
-1.033,1.3859,94,32.204
-1.0265,1.418,105,33.519
-1.6279,1.403,98,32.94
-1.4975,0.79607,100,34.28
-0.11198,1.6867,111,35.198
0.081203,1.141,106,34.536
-0.42056,-0.20561,107,34.561
-0.56537,-0.35445,95,32.411
-0.50748,-0.38837,90,30.889
-0.10748,0.14982,96,33.544
-0.098217,0.056075,108,34.28
-0.1761,0.026663,102,33.519
-0.051921,0.043729,81,30.732
-0.3609,-0.82064,73,28.739
0.16864,-0.79467,67,26.696
0.00063147,0.6777,74,27.548
-0.51537,1.3455,76,29.682
-0.81874,1.0702,71,27.151
-0.49059,2.1989,77,29.136
-0.49637,1.9943,81,29.202
-1.2325,1.2366,72,27.242
-1.8722,1.512,68,28.375
-1.8174,1.2536,81,29.227
-2.7211,1.9311,88,30.55
-2.7297,1.4561,90,31.096
-2.0055,2.2114,103,33.61
-1.7009,3.0935,107,34.371
-2.7036,2.8734,104,33.8
-2.7195,1.9612,116,36.149
-2.1934,1.4779,128,37.555
-1.5595,0.99207,125,38.68
-0.7213,0.27559,123,36.604
-0.59972,0.94755,129,39.631
-0.74193,0.8628,119,36.885
-0.59108,0.47411,122,37.828
-0.79235,-0.027959,119,36.05
-0.20412,0.24095,119,36.174
-0.36202,-0.55302,110,34.925
-1.1426,0.19643,114,35.504
-0.69839,1.1197,110,34.925
-0.77414,0.99725,102,33.056
0.76289,1.8246,108,34.561
0.40205,2.4085,105,33.519
0.37451,2.2092,111,35.231
0.50543,1.8706,124,37.067
0.89592,0.77716,147,40.35
0.60346,0.079512,128,37.555
0.1156,-0.082387,130,37.464
-1.3281,0.078134,136,39.606
-2.0851,1.1009,134,38.961
-1.9157,2.838,133,38.572
-1.8047,3.9364,142,40.714
-2.0685,3.7369,141,40.466
-1.3466,3.8604,138,39.432
-1.7325,2.2995,152,41.5
-1.6798,0.93559,166,44.014
-2.2294,1.3366,164,43.088
-2.7599,1.0988,164,44.56
-2.205,2.0372,159,44.113
-2.7207,1.8171,159,45.503
-3.516,1.7634,164,42.666
-4.1716,2.2292,156,42.228
-4.072,2.6367,155,42.029
-3.8482,3.4697,162,43.824
-3.2397,3.3722,155,42.707
-3.4418,1.8904,163,43.741
-3.1319,1.5439,164,44.196
-2.7701,2.2247,166,45.048
-2.2362,2.0022,167,43.923
-1.9916,1.2451,164,43.187
-1.1559,0.76575,155,43.278
0.46214,-0.1338,158,43.741
1.3861,-1.1106,156,43.741
0.93674,-2.0392,147,43.278
1.3009,-2.2111,131,39.234
1.3782,-2.2296,140,41.194
1.6377,-2.3181,155,42.914
0.94808,-1.7402,162,42.352
-0.59033,-1.5268,175,45.238
-2.1442,-1.1078,177,45.883
-2.0937,-2.2809,181,46.503
-1.6989,-1.9611,175,47.173
-1.3628,-0.82158,188,50.076
-1.7242,0.38095,197,50.217
-1.9358,0.39936,201,49.572
-1.5975,0.78742,201,48.05
-1.0643,1.3759,197,47.198
-0.718,1.8982,190,46.255
-0.021089,2.1241,191,47.661
0.40345,2.6954,183,46.454
1.4163,2.9192,168,44.287
2.5501,2.2197,165,44.502
2.0269,2.1744,186,46.809
2.1039,1.5097,194,48.422
2.2452,1.2613,190,47.405
1.8513,0.95814,194,48.488
1.482,0.73502,190,48.488
1.3577,0.71279,201,50.308
0.76497,-0.35209,196,49.232
1.1412,-1.7712,191,47.595
2.1368,-2.2337,176,45.329
2.7221,-2.0973,176,45.403
3.6325,-1.8468,175,46.826
4.2959,-1.478,176,45.974
4.7914,-1.0507,178,46.065
4.524,-0.81821,175,48.604
4.5299,0.38025,182,46.859
4.1259,1.4783,180,46.925
3.4463,1.7658,186,48.695
2.9955,2.1443,204,50.084
3.2706,1.7878,205,52.044
2.0432,1.6924,209,49.704
0.81633,1.9751,210,49.547
-0.38473,1.4968,211,49.34
-1.1762,0.49683,211,50.746
-0.76454,0.019426,191,47.132
-1.1796,0.088633,215,50.564
-0.72286,0.50907,234,55.361
0.21773,1.0479,246,57.114
1.7901,1.5822,249,57.18
2.605,3.5894,240,55.228
4.2604,4.5891,227,53.45
5.9874,5.0949,232,55.154
7.1019,4.5044,203,49.042
6.9559,2.9622,213,51.465
6.4935,1.1715,208,50.655
5.3879,1.5653,216,51.995
4.0779,0.85349,232,53.103
3.8679,-0.45212,244,54.393
3.5659,-0.80615,225,52.152
3.1527,-1.0118,221,50.837
2.0634,-0.36476,240,56.188
1.1272,-0.65413,245,56.577
1.5714,-0.81548,218,52.839
1.9965,-0.37462,202,49.34
2.7925,0.14256,185,49.845
3.6671,1.2478,193,47.942
4.2497,2.9026,189,47.868
4.1189,5.3108,212,51.689
4.6188,7.0651,221,52.458
4.6425,7.5267,204,48.786
4.5217,6.7833,209,49.803
5.4154,5.1428,219,53.202
7.1864,3.7315,228,55.361
7.9188,2.1526,228,57.966
7.6776,0.40695,228,56.518
6.5847,-0.88279,229,56.659
5.111,-1.675,238,56.949
4.7515,-1.9012,234,55.642
3.6996,-0.41695,241,55.435
3.3925,1.2796,255,56.072
2.1753,2.7302,267,56.932
0.9256,3.632,257,58.09
0.5489,4.4676,243,55.592
0.2849,4.3431,223,52.731
-0.18337,3.6945,224,54.046
0.42761,3.2184,228,52.888
0.89252,3.2909,230,55.063
1.0154,4.251,236,56.105
1.9732,5.2617,248,56.56
1.8436,6.1412,235,54.608
2.0577,5.0605,227,52.921
2.9967,3.4352,240,54.029
2.8991,2.1128,229,52.524
2.4951,1.6373,234,53.351
2.0175,1.1811,248,56.378
1.4305,0.80132,263,58.892
0.58583,1.0226,269,61.125
0.53058,1.1083,268,60.985
0.36445,1.1368,285,61.274
0.20022,1.2169,286,60.943
0.1001,1.7673,277,59.446
1.5664,1.8423,276,59.959
2.475,3.3001,291,60.96
2.6435,3.3589,251,55.617
2.5979,2.9514,258,55.154
2.4387,2.6292,260,56.006
2.6094,2.2473,272,58.636
2.4314,2.208,283,57.966
2.5006,2.3568,296,59.19
2.5349,2.672,302,59.744
2.4729,2.8181,311,60.968
2.5956,3.0561,325,63.797
2.8743,2.8468,301,60.29
3.566,3.0323,294,59.769
4.4378,3.3127,265,56.279
5.2415,3.9377,245,56.759
5.3024,4.4166,233,53.293
4.6138,5.7331,226,53.963
5.249,5.4026,202,48.331
5.9034,4.2789,184,45.792
7.1237,4.1313,186,47
7.4096,4.9538,176,45.031
7.9075,4.5651,167,44.378
8.0251,4.0139,166,43.65
7.5777,3.0684,162,43.716
6.5819,2.488,169,44.758
5.2395,1.8976,183,46.826
2.9355,1.8034,186,47.132
1.6852,2.7536,205,50.084
0.73671,3.2886,215,52.408
0.9606,3.6899,213,51.044
2.3781,2.9792,208,50.027
3.3035,3.9332,236,55.444
3.8259,2.4227,240,57.023
4.9883,1.3156,235,53.417
5.8211,0.96628,245,56.039
5.7729,1.009,255,58.636
4.9662,0.8429,258,58.925
4.4496,2.3565,263,58.702
3.4202,3.7715,253,54.509
2.0324,4.5815,236,52.433
1.1401,4.6608,210,49.158
0.55919,4.7581,198,47.289
0.34017,4.5063,191,47.289
0.35064,4.0351,191,46.52
-0.012605,3.7381,195,47.016
0.27794,3.6759,192,47.008
0.22154,3.5587,193,47.198
0.44717,4.679,183,46.272
1.5266,5.5645,179,45.585
2.3725,6.5561,200,49.348
2.1618,5.1955,208,51.184
4.2134,3.5735,201,51.399
3.1874,2.9176,195,50.101
2.279,1.5372,185,48.34
1.3123,1.0314,162,43.733
1.134,1.8044,147,40.739
0.7022,1.927,155,41.566
0.75669,1.3046,173,46.429
-0.69736,1.5617,178,45.627
-1.687,1.2265,176,45.883
-2.2285,0.59292,190,49.646
-3.1673,-0.59943,209,50.283
-2.5741,-0.20583,210,51.027
-1.574,0.46193,239,55.41
-0.83457,2.315,251,56.163
0.73581,3.9852,268,58.735
1.3553,3.9557,269,58.148
1.8168,4.5523,264,56.543
1.9215,4.7124,259,57.329
3.0313,4.539,263,57.139
2.499,3.1055,263,57.42
2.8366,1.7501,268,57.577
2.7387,0.64349,286,63.433
3.1317,0.58506,276,58.611
2.7832,0.54711,279,58.818
1.6425,-0.33582,296,62.068
1.4529,-0.57815,298,65.277
0.16445,-0.0035744,285,61.605
-0.90572,0.47713,285,63.234
-1.0016,-0.52422,274,63.152
-0.21617,-0.070737,276,59.653
0.23697,0.5783,270,59
0.0084929,1.0066,263,58.826
-0.90025,1.5314,263,58.404
-0.78929,0.48411,264,57.602
-0.70059,0.9913,247,56.205
-0.13739,1.133,234,52.524
-0.23193,0.99494,229,52.135
-0.22183,1.4866,223,52.913
-0.57144,1.939,222,51.515
-1.0697,2.141,212,51.391
-1.9998,2.5298,209,49.894
-1.494,2.3376,238,55.336
-1.1579,1.4762,238,54.443
-1.2741,1.0921,222,52.499
-0.70313,1.0343,230,51.482
-0.99803,0.82002,233,52.995
-0.90873,0.085363,239,54.145
0.072011,0.051801,234,51.978
0.96993,0.072811,239,54.046
2.1748,0.12462,248,55.799
2.5782,0.83667,237,52.615
2.6645,1.6628,239,52.739
3.0091,2.6173,253,54.608
2.2393,3.3988,248,54.782
1.08,2.6811,240,55.824
-0.17538,1.6898,243,54.046
-1.1616,1.6578,231,52.938
-1.1912,1.2578,233,54.211
-1.2137,0.75077,226,53.467
-0.72831,1.4894,240,53.756
-1.2609,1.068,251,56.171
-2.2957,1.1249,247,55.915
-3.2014,2.6063,229,53.078
-3.6204,2.9874,233,54.302
-3.2561,3.5381,222,50.729
-3.3746,4.2113,219,53.566
-2.1675,4.7716,225,51.143
-1.1529,4.9002,231,51.3
-0.3297,5.5362,252,56.56
0.57756,4.9773,254,57.892
1.5093,4.239,257,56.196
2.5895,3.647,264,56.659
3.3105,3.5795,256,56.469
3.1215,3.9492,262,58.471
3.0719,3.0637,262,55.816
3.2456,2.6582,279,57.511
3.2735,2.7057,294,58.917
3.2832,2.3776,311,60.687
3.464,2.3835,336,64.417
3.2798,2.1392,337,65.641
3.1447,1.9005,347,66.129
3.2437,1.5799,336,63.218
2.9734,1.7327,334,63.044
2.3446,2.2605,313,61.911
1.8166,3.3029,316,62.027
1.52,4.3883,298,61.68
2.4031,4.9962,284,58.289
2.8116,3.9678,272,56.304
2.9612,2.6477,262,55.452
3.1376,1.3267,255,55.03
3.0989,0.91139,235,52.83
2.9259,0.67274,240,53.657
2.7464,1.6075,243,54.666
2.6287,2.1427,254,57.966
2.1797,2.4256,249,56.08
1.3249,2.9884,266,58.346
1.4294,3.8568,271,58.23
1.9651,4.8796,255,57.089
2.1932,5.7698,276,60.141
1.6709,4.7997,273,63.764
1.314,3.2096,280,60.687
0.45176,1.2895,287,61.109
-0.73067,0.28071,276,57.784
-0.65529,0.13177,251,54.955
-0.11157,-0.2554,244,53.847
0.27537,0.39917,239,53.665
0.96866,0.85443,243,52.871
0.95723,1.1659,255,55.923
0.92504,2.8488,246,53.541
0.83236,3.7739,241,53.748
1.1981,4.4886,252,55.741
2.1941,5.64,262,56.841
2.8172,6.8051,259,55.228
3.1171,6.7383,236,53.384
3.9679,6.5323,252,55.642
3.8739,5.7277,268,59.198
4.6084,3.8762,278,60
4.9133,3.1655,265,57.205
4.1194,1.9715,260,56.378
2.5485,0.96407,250,54.906
1.2952,1.9666,257,55.832
0.008195,4.0374,268,60.224
-1.9542,5.3079,274,58.528
-3.5002,5.3128,261,56.262
-4.7626,5.013,232,52.326
-5.4004,5.2147,227,52.64
-4.594,6.2534,223,51.995
-2.7283,6.6936,240,55.543
-1.2525,6.537,262,60.025
1.0592,5.5502,255,59.612
1.7835,4.2252,266,60.149
1.7332,5.4297,273,63.763
-0.55384,5.0178,261,57.42
-2.5152,4.1484,260,58.355
-1.936,5.4532,277,61.224
-2.9597,6.378,264,58.528
-2.2619,6.2227,246,55.642
-1.6712,6.7294,251,54.947
-1.1015,8.4316,253,55.518
-0.55589,8.4331,252,55.617
-0.95306,8.4752,272,59.074
-1.3388,8.3807,268,58.71
-1.847,7.2386,263,57.023
-0.79667,6.6429,259,57.511
-0.081785,7.2537,253,57.23
0.23954,7.3135,268,58.818
2.1978,6.9662,267,60.323
2.8572,4.978,269,60.19
3.8564,4.2382,291,58.983
5.1388,2.5038,268,57.867
3.8846,0.82773,254,54.691
2.0199,2.4173,263,56.196
1.4756,4.0886,277,57.767
1.0204,5.8335,301,62.845
0.98693,6.4757,286,60.463
2.065,7.638,287,58.909
2.9905,8.0899,296,60.422
3.5932,7.4039,299,61.919
4.0878,7.3037,315,63.226
3.5142,6.6482,304,63.573
3.4677,5.3894,306,61.919
2.3395,5.6554,302,61.34
2.0094,5.6535,308,64.127
1.1988,6.6967,320,66.774
1.1401,6.8561,305,63.201
1.2603,7.4154,295,62.283
1.7369,7.2018,302,63.78
1.3793,7.4752,303,62.258
2.8893,7.1705,306,63.763
2.5648,7.2385,296,60.968
3.0678,5.8374,311,64.954
3.2783,4.9573,324,66.36
4.4437,3.2097,293,60.025
3.9959,2.3194,300,64.59
3.5147,1.458,311,67.336
5.3718,-0.01659,289,63.607
6.8527,-0.29341,289,67.353
6.6887,0.34527,287,64.4
5.7535,0.075942,302,66.972
5.4867,1.2282,308,67.725
6.5073,2.6462,305,69.85
6.2739,4.4407,312,70.073
5.4091,4.2023,301,73.009
6.4976,4.0493,295,69.122
4.7777,2.7351,296,65.177
4.6201,-0.32854,312,67.237
5.0638,-3.2138,289,58.032
4.7925,-5.4143,270,57.801
4.6476,-7.2557,247,55.378
3.9323,-8.5191,226,51.788
3.63,-9.1398,240,58.735
3.2898,-7.7226,253,57.833
2.5427,-5.6914,293,65.161
1.4408,-4.587,311,75.772
2.0241,-2.4966,304,64.408
1.4542,-0.067213,292,67.973
0.39596,1.6781,291,65.004
-1.3227,2.2866,295,63.598
-1.7401,0.86611,279,57.693
-1.1498,0.65607,260,55.642
0.27642,0.54671,267,58.619
1.3697,0.54657,263,57.048
1.8278,1.2522,255,56.171
2.0123,2.3336,263,56.998
1.7962,3.1106,275,58.636
1.0158,4.5869,292,63.391
0.20378,5.6918,302,67.782
0.9093,6.5292,298,70.512
1.3032,6.1385,291,61.894
1.1183,4.9858,299,69.495
1.4705,4.5408,295,64.64
0.99725,4.1203,296,66.228
0.70371,5.0771,286,65.376
1.2264,5.6858,289,61.514
2.5534,5.9687,286,63.978
1.7282,6.3398,289,64.871
2.747,6.2634,299,64.723
2.8543,5.7054,288,61.431
3.1204,5.0425,294,61.82
3.103,4.9442,304,63.044
3.2316,5.1318,317,65.219
3.4532,5.085,346,67.328
3.3656,5.2254,372,66.666
3.6631,5.3982,377,67.675
3.725,5.5109,376,68.833
3.7642,5.4277,374,68.047
3.3543,5.2391,366,68.345
3.0786,5.2247,344,64.375
3.266,5.6886,332,64.797
3.3315,5.5645,295,60.025
3.4072,5.6737,272,57.503
3.4,6.0486,266,55.799
2.8074,5.3043,282,61.456
2.709,5.2312,297,65.665
3.3254,5.1197,283,61.662
4.7282,4.7382,280,59.355
5.0366,4.3679,295,64.979
3.5548,3.8342,302,69.817
3.5278,2.3201,303,69.784
3.1242,1.5545,313,67.791
2.8117,0.297,303,61.63
2.5094,-0.82021,291,62.68
0.18389,-0.44752,278,62.258
-1.4615,0.8006,274,60.513
-1.7718,2.5918,280,57.188
-2.1942,4.993,317,64.913
-2.9541,6.9456,326,69.222
-2.4223,6.9758,324,69.478
-0.93074,7.1286,331,70.983
0.47586,6.7436,336,68.279
2.3191,5.4353,327,65.674
3.072,4.7452,312,69.429
2.2125,4.2361,311,66.782
2.0312,3.4174,310,62.308
2.6473,4.3172,314,65.186
3.5697,6.0656,316,66.964
4.9687,6.9524,328,71.347
6.8057,7.6938,334,75.672
9.4814,7.4402,315,69.718
8.285,6.6424,307,65.566
6.656,4.7259,315,72.918
6.3649,5.325,290,63.78
6.4625,4.0094,300,63.772
6.5456,3.7057,294,60.662
6.696,4.7768,290,60.695
5.7236,5.3595,290,60.141
4.5464,5.6715,299,63.482
3.7837,5.6581,294,60.902
3.2119,5.1564,299,65.277
2.6872,5.2448,302,64.814
3.5092,3.9994,300,67.063
3.5084,1.3839,302,71.347
3.7504,-2.2123,313,73.117
4.3395,-5.6658,302,67.262
3.8888,-8.9402,266,59.843
3.0099,-10.122,264,62.076
3.3374,-11.076,272,65.26
3.3353,-12.607,297,73.911
2.7099,-13.657,293,72.248
3.8244,-14.19,301,80.345
4.7897,-13.061,282,68.345
4.9696,-12.503,279,68.949
5.1312,-10.849,264,66.518
4.1851,-8.518,270,63.3
2.058,-3.7101,278,66.294
-0.073181,-0.74898,277,64.243
-1.202,-0.88207,291,66.137
-0.23776,-0.52491,284,66.253
-0.63535,-0.36553,287,62.903
-0.23419,0.3232,292,63.3
-0.92706,1.654,291,65.194
0.41593,2.6146,299,65.938
0.55024,2.3782,298,66.245
1.0513,2.5831,296,65.153
2.3488,3.7328,297,63.846
2.8145,4.6607,301,63.35
2.2731,5.4554,293,63.374
1.8418,6.5426,296,65.178
1.9348,6.8765,284,60.687
1.6502,6.4595,295,63.465
1.6374,5.7181,290,63.102
0.33937,7.3916,301,61.911
-0.51352,9.2876,298,62.837
-0.76924,8.9421,272,59.901
-0.9948,8.792,284,60.025
-1.5343,8.3662,287,61.704
-1.5711,7.97,302,63.201
-1.4215,7.7085,328,66.327
-1.2959,7.3706,337,68.469
-0.89789,6.8506,365,71.19
-0.44258,6.2449,376,72.96
0.10718,5.4095,382,72.323
0.52852,4.1387,375,73.622
1.264,2.7544,358,69.47
1.5313,1.663,346,66.848
1.4287,0.81923,304,65.368
0.48066,0.4154,295,63.391
-1.3027,2.1657,292,59.835
-3.3212,2.7773,269,57.718
-3.821,4.1201,281,60.943
-4.1454,5.02,277,58.247
-4.0711,5.8277,289,59.562
-3.1123,7.4805,311,62.498
-2.081,8.321,302,62.473
-0.13144,8.7334,313,62.051
0.98057,9.402,318,65.45
1.2459,9.0761,300,60.885
2.7825,8.9427,300,59.19
3.069,8.7816,306,60.389
4.1907,6.2579,327,64.342
3.8607,5.4636,346,68.568
2.4291,4.3213,328,65.376
1.6072,3.2647,326,63.052
0.41426,3.1058,322,64.276
-1.6322,4.4957,323,65.558
-2.2288,6.1182,338,64.689
-2.7277,6.6954,341,69.271
-1.3292,8.2763,327,64.615
-0.50271,6.9958,315,64.367
-0.29017,6.7067,312,65.74
-0.027672,4.8769,307,62.167
0.84203,3.8932,307,61.894
0.78293,2.9088,292,60.877
0.21565,3.903,294,62.184
-0.29953,5.2117,302,65.963
-0.44469,6.1591,301,64.433
-1.2476,6.153,289,61.332
-1.9553,6.725,299,63.978
-2.0144,6.4147,290,61.315
-1.9038,5.8877,297,61.944
-2.2286,4.4247,293,65.334
-3.7899,5.3331,296,61.886
-3.0906,7.4074,296,66.782
-2.3956,8.7713,302,66.013
-0.59392,8.6052,295,63.383
-0.70488,8.2087,308,65.26
-0.28205,8.4086,295,61.158
-1.0641,7.8227,300,63.714
-1.0746,7.3982,304,64.772
-0.41227,7.2444,292,63.135
1.3086,6.6735,298,65.839
5.4919,7.7548,302,62.738
9.1013,9.1333,285,59
11.961,10.362,271,58.917
15.931,10.631,273,60.472
18.928,11.315,267,62.746
21.909,9.6815,267,63.3
22.013,8.1463,277,61.332
20.096,7.7405,263,59.099
16.198,7.9774,267,61.017
13.059,8.0169,306,72.753
9.9144,6.285,297,74.738
4.7269,4.0876,317,85.671
2.0265,4.6247,306,73.125
0.28815,2.9517,297,60.753
-0.60376,2.8367,269,59.198
-1.9768,4.8505,287,62.746
-2.8762,8.3486,294,64.069
-2.2718,9.9041,283,63.598
-0.65867,11.111,293,66.683
2.2922,11.033,309,72.207
4.9963,14.037,318,62.655
5.5323,15.103,279,60.811
5.7742,13.537,262,59.471
4.9839,12.017,279,61.15
4.4694,11.91,260,56.163
3.4262,12.004,267,56.56
3.3563,12.194,276,62.928
4.7905,11.784,294,61.919
5.4185,10.183,308,63.962
7.5246,10.849,318,68.544
9.6678,12.496,316,66.881
10.051,12.576,302,62.142
9.7181,10.983,301,68.37
9.1607,9.0007,289,62.647
9.3266,6.6915,288,62.3
9.0141,6.0977,288,61.365
8.8925,5.7174,310,65.112
8.8853,5.8226,347,68.486
8.8964,5.7845,383,71.777
8.6824,5.7268,407,77.873
8.0794,5.7523,428,78.046
7.6145,5.3878,419,78.476
7.9475,4.5106,418,81.71
7.3728,4.1324,406,80.18
5.9961,5.2223,391,78.799
4.6709,6.0277,352,75.797
3.58,6.5998,320,67.353
3.3827,5.7577,305,64.475
2.7171,5.1905,305,62.432
3.8183,3.7392,303,64.747
5.2071,4.2117,302,64.086
7.2898,6.1177,292,59.364
6.8834,8.0306,275,58.611
6.6985,8.78,268,59.008
6.2033,8.6159,259,58.156
5.4454,8.3447,246,55.344
5.1044,8.0518,236,52.425
4.7317,7.4526,227,52.549
4.7969,7.2822,230,52.45
4.5077,6.1219,243,53.194
3.8731,4.6026,258,57.974
5.2942,3.5273,295,63.118
7.6385,2.0561,309,76.169
10.169,0.13583,326,80.626
12.16,-2.4517,323,84.728
13.583,-4.6841,304,78.492
12.497,-4.2436,307,71.992
12.292,-4.6475,307,68.924
11.747,-2.6259,305,66.269
12.022,-0.42679,321,67.311
11.899,1.2248,326,69.412
12.256,2.2548,322,66.368
12.294,1.9513,315,65.095
12.279,-0.92546,325,67.609
11.274,-1.3273,313,64.053
9.2653,-1.0833,330,66.12
9.0431,-1.215,332,66.203
9.2887,-0.4098,337,66.137
7.7104,0.4318,346,70.694
8.0736,1.3262,348,69.685
6.3702,1.4695,358,74.465
4.8445,2.3103,354,82.032
5.2007,1.5706,344,74.11
5.2642,-1.0484,335,74.564
3.9537,-4.1977,335,74.349
2.1343,-5.0731,333,73.043
2.2033,-7.0731,333,68.196
2.9192,-6.621,319,70.917
0.023293,-3.5285,325,68.585
-2.5768,-2.9991,326,70.628
-4.2575,-0.68455,320,72.025
-4.0095,-0.57279,291,58.818
-4.3997,-0.539,284,60.993
-4.3531,-0.61177,283,60.414
-3.7262,-0.20652,278,60.877
-2.4386,0.9766,302,63.209
-0.47479,0.76805,309,65.467
0.42756,1.365,314,65.839
0.99848,0.48323,302,66.575
0.040364,1.3119,301,65.649
0.38294,1.858,313,65.955
0.30411,3.6049,328,66.368
-0.098102,6.2404,320,67.518
1.246,6.7886,314,63.135
2.5956,6.7967,320,68.651
3.6932,6.1985,316,68.932
7.105,5.3373,320,74.3
10.304,5.358,318,70.446
12.284,4.1905,305,62.655
14.664,4.7454,280,58.313
13.001,4.3123,281,60.298
9.9812,4.1164,282,58.619
5.6417,5.2233,293,61.812
2.4946,6.8622,294,60.24
-0.23012,8.2334,265,57.784
-1.7315,9.215,258,56.378
-2.7893,9.792,231,53.657
-1.7331,12.121,199,48.414
-1.5408,13.017,180,46.71
-0.10748,13.844,146,41.963
0.2654,13.912,118,38.109
0.1648,12.957,101,37.001
0.6729,13.299,107,36.513
1.0237,12.31,122,38.936
2.4734,10.505,136,40.549
5.1241,9.15,149,42.492
6.0974,10.253,122,36.488
5.3198,10.847,110,35.132
3.7177,10.69,123,40.921
4.515,8.92,147,46.917
5.8784,9.4082,142,40.855
6.1488,9.5267,119,38.225
5.9808,10.401,119,36.24
5.9613,10.9,109,34.834
5.5122,10.757,117,36.885
4.8635,10.491,138,41.128
4.8892,9.9017,149,42.054
4.6521,10.583,131,40.003
3.9727,11.476,131,38.481
4.2789,12.071,132,38.936
3.5365,12.132,132,39.73
2.7358,11.914,134,40.805
1.8597,11.713,137,42.509
2.171,10.816,158,47.777
4.0702,11.221,152,45.577
5.1425,10.889,144,42.12
6.0472,12.006,139,41.682
5.8127,12.955,119,38.498
5.4077,13.261,132,38.853
4.2602,13.049,136,40.367
3.1117,12.844,146,43.758
3.1516,11.509,137,39.887
3.822,11.197,163,44.196
4.4588,11.349,181,46.925
4.8475,10.813,189,47.868
4.7857,10.658,206,49.853
4.6975,10.37,223,52.764
4.3509,10.202,240,55.477
4.1736,9.2492,233,54.046
3.236,8.6952,230,54.046
2.3176,8.0957,227,53.674
2.2925,7.4132,210,51.78
2.2566,7.1774,206,51.805
2.0852,8.3878,205,50.564
1.8975,8.9411,200,49.34
2.9351,9.4497,188,46.925
5.5583,9.4965,193,48.968
5.988,8.5606,220,52.342
6.8241,7.9578,234,55.915
9.7152,6.8051,251,56.775
11.702,5.5026,271,57.759
11.818,5.2596,280,60.596
12.724,5.2285,290,61.894
12.707,4.8397,305,63.689
12.578,4.6764,324,65.806
12.538,4.7171,357,69.023
12.359,4.9255,383,73.812
12.263,4.9,410,76.218
12.036,5.0771,429,75.093
11.534,5.0902,439,78.195
10.649,5.8396,425,77.889
9.8633,7.2512,410,76.251
8.9081,8.7141,386,74.548
8.7914,10.624,366,72.133
9.774,10.926,346,70.512
10.291,9.4548,316,68.601
9.0095,8.1442,329,68.444
7.0088,7.5938,331,69.776
5.5576,7.4299,321,67.708
4.2919,7.5408,328,65.905
3.9413,7.7512,328,64.921
3.4761,8.0382,335,63.581
3.3221,8.7042,341,64.4
3.0914,9.7988,342,67.518
2.6578,9.2543,343,68.08
3.8628,9.9088,353,68.932
5.4381,11.147,351,69.412
6.01,11.725,332,65.285
6.9405,11.555,323,64.541
5.1584,11.471,299,65.186
3.5673,11.247,309,63.209
2.1325,9.6827,300,62.357
2.0059,9.5261,300,61.274
2.3298,9.0363,303,60.86
3.3335,8.5643,305,63.797
3.9295,9.9049,311,64.93
4.4981,9.8581,303,60.554
4.379,10.485,296,59.951
4.2299,11.291,289,60.67
5.4094,11.103,297,60.761
7.2465,8.4751,315,61.522
7.8283,4.5921,319,64.078
7.0308,0.55456,329,66.898
5.4246,1.1406,343,69.296
2.8897,4.3846,350,77.93
1.4209,4.3819,353,81.288
0.77114,5.1543,346,72.216
-2.6377,4.9987,331,65.376
-5.1013,3.369,326,66.294
-5.9587,3.2776,316,63.234
-5.8559,5.0752,314,63.391
-4.9878,9.5512,305,61.985
-2.5528,13.075,311,60.364
-0.041043,14.269,286,60.943
0.75335,16.3,291,59.562
3.1822,15.149,290,63.135
5.2185,11.162,293,60.125
6.3961,8.7564,277,58.71
6.5203,9.7714,274,59.496
6.0826,9.7793,271,57.114
4.1073,10.167,270,57.503
2.1363,9.1522,281,57.23
0.72807,6.9664,301,60.182
1.1087,4.7819,310,62.283
2.1964,3.8824,311,62.837
-0.065157,2.1313,319,72.53
-0.31541,3.4053,315,75.656
0.37335,1.203,313,68.229
0.48732,4.949,327,72.662
1.8704,5.3156,316,68.676
3.8397,5.7735,322,70.421
6.4604,3.9604,324,67.799
9.301,2.6397,317,70.611
11.621,1.4236,302,66.062
13.639,-0.59652,308,64.607
12.322,0.54015,314,71.421
11.632,0.77882,321,72.108
7.504,0.13569,314,64.93
2.3481,1.1513,315,63.425
-0.89821,1.6631,313,61.936
-2.7845,3.32,322,68.974
-5.3239,3.111,328,66.385
-6.6043,4.2644,312,64.135
-4.1319,8.0919,307,65.376
-2.3204,11.195,317,67.485
1.2596,11.328,316,64.036
5.6891,11.756,317,62.862
8.6335,13.088,278,57.602
10.191,12.394,243,55.187
10.533,9.3974,249,54.691
11.883,8.207,265,57.139
10.301,8.4721,274,60.166
8.0912,8.5296,302,62.655
6.6154,8.5046,350,74.233
7.4388,7.7613,346,72.96
9.515,7.2485,343,77.6
10.752,6.6658,328,74.771
11.682,5.533,325,69.412
14.24,4.0591,328,64.615
18.109,4.5829,317,63.763
20.319,4.3705,299,60.844
22.6,6.8186,299,66.393
24.962,8.3394,293,68.378
27.965,8.3133,311,70.842
32.059,7.5368,312,70.247
35.618,6.2844,311,72.174
36.182,7.0372,318,80.651
34.713,8.1005,315,73.15
33.031,8.6776,288,67.18
34.174,9.4283,274,62.994
33.136,8.9574,304,67.542
33.947,9.8189,312,73.315
31.257,13.077,288,64.681
29.889,15.264,298,62.266
29.245,16.257,299,61.365
31.818,14.586,287,62.175
34.366,14.377,299,61.621
34.939,12.272,282,59.016
33.648,11.008,293,62.746
32.602,10.395,301,68.957
33.345,12.832,295,65.128
33.421,11.192,279,60.216
34.112,14.052,274,58.264
30.969,16.77,255,56.171
31.851,15.809,231,52.16
34.423,15.439,230,52.706
34.81,16.177,256,56.725
34.999,16.292,267,57.676
32.915,15.537,266,58.313
31.214,14.725,275,59.19
28.588,13.251,282,60.885
29.007,11.674,293,70.917
29,7.8794,283,65.624
31.313,6.8334,238,56.75
30.355,7.2179,241,56.932
26.163,7.9709,270,63.581
21.479,8.8721,299,72.712
15.438,8.2858,309,75.871
9.3518,7.1721,319,72.397
3.9685,6.094,316,68.808
0.52917,4.2983,322,66.658
-0.35833,1.6943,293,59.611
-0.020761,-0.2133,271,59.281
1.0051,-1.4495,271,62.175
0.85511,-0.47114,294,62.192
0.81393,-0.94727,299,62.746
0.88315,-1.2471,320,63.664
1.0133,-0.93831,356,68.006
1.1419,-1.0667,391,71.744
1.6573,-1.3387,423,75.226
2.0645,-1.765,436,76.913
2.7701,-2.2743,445,78.799
2.8023,-2.2156,449,79.452
2.8516,-1.6394,440,79.419
4.2681,-2.0253,418,76.607
6.0038,-2.3557,391,72.588
7.4154,-2.6459,349,68.436
8.3639,-2.5586,314,64.243
9.9488,-1.903,293,59.678
11.385,-3.2397,284,58.611
10.27,-5.0388,295,60.662
8.4525,-5.9606,300,63.962
6.4349,-4.1882,307,63.598
4.3893,-2.5465,312,66.658
2.9263,0.41804,326,66.41
1.6725,3.0704,350,69.734
1.0243,3.6368,353,69.916
-0.078905,4.9418,350,66.368
-0.15693,4.677,364,68.237
-0.43781,4.5805,389,70.693
-0.63117,4.5987,422,75.639
-0.70725,4.7767,451,78.608
-0.89641,4.9639,488,82.958
-1.3241,4.8739,494,81.61
-1.483,5.279,498,83.107
-1.1923,5.5101,489,84.058
-1.1364,5.1305,484,86.986
-1.4057,3.9303,461,82.768
-2.1992,2.7798,409,77.856
-2.8906,2.1989,385,74.945
-3.254,3.0503,348,70.247
-3.6164,5.5265,338,66.592
-3.4539,8.2474,345,69.338
-2.8172,10.751,348,70.214
-1.2791,12.268,335,67.22
-0.095781,11.267,342,73.216
2.2555,11.969,343,69.478
3.9849,11.253,341,67.923
4.0235,10.831,355,70.603
3.7013,8.3875,353,70.702
5.8505,7.6523,369,73.795
7.8245,4.9521,375,75.193
8.7187,1.6042,374,73.406
9.1867,0.62419,345,70.859
6.6831,1.6401,351,75.722
4.9788,0.27251,365,80.924
4.2442,-2.8093,364,80.899
5.3325,-5.2782,350,75.846
4.6658,-3.9158,355,74.184
3.5062,-3.8011,343,67.518
2.0484,-4.4792,340,65.26
1.3956,-5.4779,324,63.507
1.5415,-6.2904,329,66.137
0.018272,-7.4888,334,65.401
0.16662,-5.8234,332,69.189
-4.1597,-3.9947,335,66.021
-6.3575,-2.7336,328,70.735
-7.4125,-1.4251,318,69.759
-8.826,-2.39,334,68.651
-10.022,-2.9498,338,74.664
-11.079,-2.9935,363,86.192
-12.456,-4.0275,383,92.791
-15.257,-3.9411,359,95.397
-16.901,-2.3491,348,87.358
-18.047,-2.6863,330,78.385
-14.445,-3.3252,320,73.398
-9.3879,-1.4098,337,72.736
-4.5756,1.801,345,73.026
0.50427,4.3655,349,65.508
4.7287,5.9848,351,70.057
9.178,6.9473,331,66.368
12.809,7.4555,343,66.6
15.255,7.098,334,67.981
12.896,4.5743,330,68.296
9.7198,3.2591,330,66.542
4.4905,2.5373,347,67.476
0.021419,3.0447,353,70.214
-2.3923,2.45,330,66.666
-0.40748,4.013,325,67.998
3.0161,7.7649,340,69.056
7.4978,9.3368,342,66.973
12.241,8.615,331,64.177
13.163,8.8234,318,65.856
12.689,8.7413,324,72.298
13.021,7.6082,326,77.483
15.905,4.6641,347,86.407
19.677,2.0062,341,83.397
22.166,2.1751,336,73.34
25.953,3.294,332,80.94
28.74,4.4319,322,80.262
27.766,3.4457,308,71.554
23.436,1.1031,298,66.228
18.103,-0.35229,311,67.675
13.04,0.96489,329,70.702
8.841,2.7288,330,68.171
3.5521,1.4407,351,74.829
-1.5755,0.85549,344,78.683
-4.647,1.1837,329,70.801
-2.1457,3.3841,314,64.706
-3.6745,4.1475,328,74.44
-0.89277,3.9649,340,79.452
2.3725,3.6618,350,83.231
7.9122,4.7781,331,81.089
10.643,5.1009,312,60.786
11.796,3.5489,280,58.446
12.78,5.5716,289,64.285
10.06,5.3914,331,70.801
8.4229,-0.42721,329,75.408
6.9786,-5.3306,331,77.07
6.2878,-8.0233,315,72.389
4.2013,-4.9533,319,71.256
2.377,-1.7644,323,64.632
1.2023,1.826,326,63.664
0.93581,5.7098,335,68.651
1.1809,9.0271,345,74.349
2.6905,11.112,339,67.882
3.8465,11.363,326,65.657
3.8419,10.619,316,67.609
3.9208,9.3674,318,64.334
2.5786,7.564,317,64.805
0.62188,4.2732,327,67.634
-0.97167,2.1981,324,67.22
0.06337,1.5482,319,65.31
1.1685,1.4189,317,65.45
1.4598,1.3344,327,68.858
0.67203,0.58403,322,66.41
-0.68924,3.0404,318,68.56
-3.2911,6.9247,335,75.92
-5.29,10.388,337,72.778
-5.0798,13.16,307,61.34
-3.4829,15.359,297,61.431
-3.0917,16.189,285,61.431
-2.5969,14.12,283,61.15
-2.1518,14.246,316,68.08
-1.287,16.095,337,72.489
-1.112,18.387,329,64.913
0.44941,16.041,334,69.453
0.30767,14.983,330,66.666
1.7486,14.658,337,69.966
1.9251,12.029,338,65.674
2.0123,11.293,334,64.888
1.0758,9.2877,341,67.452
0.52488,8.6061,340,70.934
1.4043,10.49,341,70.131
-1.4781,11.485,340,67.518
-1.7033,11.559,334,64.748
-1.619,12.295,348,67.567
-1.5767,14.33,325,66.137
-2.0192,14.716,323,65.93
-1.0081,16.47,307,61.613
1.6995,15.281,316,65.368
1.907,13.059,311,62.879
5.6769,13.536,327,68.916
7.0114,13.773,307,62.812
7.3063,13.558,313,62.192
6.2603,12.666,310,62.357
5.2368,12.922,321,65.194
4.7738,12.984,320,64.59
4.5408,13.365,317,64.177
7.8878,14.983,315,64.408
11.529,14.04,316,65.053
15.852,14.21,324,70.131
21.683,14.709,337,75.507
26.885,14.452,331,70.926
31.241,14.397,337,71
35.743,12.9,308,62.473
38.586,13.063,294,61.919
39.282,9.7108,307,61.803
39.102,4.4752,303,65.004
40.643,0.31381,291,62.564
37.068,-1.323,277,60.331
33.137,-1.4579,286,67.27
29.084,-3.9134,295,64.499
26.896,-3.0662,278,59.421
23.309,0.090797,288,64.292
21.409,-4.1128,296,62.738
18.888,-2.1603,305,65.376
14.389,-4.1845,291,61.82
14.127,-8.2064,301,67.551
12.78,-13.324,297,65.285
12.233,-16.906,289,64.921
10.626,-17.326,283,63.408
8.2294,-16.011,282,61.704
7.6862,-13.881,286,61.174
4.6073,-11.501,298,60.985
2.9999,-10.89,298,63.689
2.369,-11.112,297,63.16
2.0626,-10.047,291,64.632
2.6417,-13.802,309,69.594
0.036088,-13.591,303,63.689
-0.22234,-13.616,296,60.091
-1.2275,-10.384,300,61.903
-2.9397,-9.1532,301,59.752
-4.1307,-6.9075,302,61.82
-3.086,-3.1452,303,62.366
-6.6107,-2.2621,308,63.788
-5.0332,-1.3324,296,62.589
-5.7179,-0.31406,308,66.013
-3.7517,2.0843,319,69.784
-1.8209,2.2908,328,71.926
1.6963,1.0276,316,66.683
2.6907,2.3387,322,65.343
2.2947,3.0377,327,68.023
1.0865,2.8409,330,71.248
0.81358,4.1923,323,69.478
2.2986,8.1409,330,68.436
3.3925,12.449,326,72.133
6.5956,14.822,325,68.552
10.405,17.244,325,68.353
14.04,16.729,321,68.262
19.502,15.417,310,65.095
24.785,14.834,311,67.56
30.59,15.266,309,66.427
33.785,16.452,308,71.182
32.546,16.6,320,75.044
31.504,12.587,322,70.421
33.022,8.6153,329,73.175
37.885,6.7302,313,80.37
40.382,4.0018,295,70.818
40.441,1.4021,289,79.907
41.721,-0.05579,295,89.095
46.865,-0.67469,286,84.687
51.984,-2.5742,284,76.425
53.816,-2.887,281,77.401
54.802,-3.3539,261,72.596
57.389,-5.0151,267,73.489
60.773,-6.1358,271,62.688
63.222,-6.9514,269,62.655
66.396,-7.5047,255,61.497
69.833,-6.0233,252,61.737
73.057,-4.2174,256,68.006
75.408,-2.0327,259,64.425
76.666,0.57951,256,67.362
76.965,-0.83108,257,71.604
73.785,-5.2534,252,74.416
68.983,-9.2374,259,72.298
62.318,-10.869,268,73.77
59.184,-11.12,273,68.055
54.31,-9.0655,255,62.746
49.88,-10.211,240,53.682
44.328,-11.004,248,60.753
39.334,-7.776,274,65.12
35.299,-1.8939,300,70.363
31.215,-0.34983,271,62.928
26.965,2.3477,288,67.179
19.207,2.6663,313,70.611
13.107,1.4212,315,70.702
9.2035,-1.9043,328,69.941
6.0571,-4.4775,313,69.387
2.9951,-7.4814,307,68.717
1.3174,-8.606,293,67.105
0.60001,-9.1582,294,63.275
0.19638,-7.542,311,64.797
0.12377,-6.9596,320,64.036
-0.24462,-6.5068,350,67.981
-0.49637,-6.4116,387,71.554
-0.60507,-6.2692,415,73.911
-0.40098,-5.5797,431,74.672
-0.14683,-4.7865,432,74.763
0.30938,-4.4705,433,80.015
0.24669,-4.1708,432,77.087
0.27705,-4.1679,433,78.501
-0.15992,-5.0978,429,79.51
0.23423,-6.3912,398,78.732
-0.29937,-7.925,370,76.028
-1.3442,-9.0644,357,70.702
-1.9597,-8.9051,335,65.194
-2.1317,-7.6961,351,66.336
-2.2635,-6.7013,375,72.067
-1.8752,-5.9964,381,72.778
-1.6593,-5.9316,405,74.482
-1.6496,-5.7144,427,76.326
-1.6424,-5.6164,458,78.6
-1.6137,-5.2842,482,79.766
-1.1503,-4.9256,490,83.091
-0.97262,-4.9481,482,79.361
-1.2433,-4.8966,486,80.618
-1.1901,-4.713,472,78.658
-0.43856,-4.7818,444,79.162
0.61777,-4.5108,404,75.176
1.3557,-4.0255,380,74.068
2.3262,-4.2616,362,71.835
2.8573,-4.9496,355,74.944
3.4038,-5.9411,354,71.562
5.7334,-6.3552,355,69.139
6.9827,-6.8264,366,73.051
6.9722,-6.8917,364,73.977
4.9952,-7.4906,375,79.618
3.6115,-7.4848,379,80.023
1.557,-7.8848,389,78.013
1.3067,-7.1477,373,68.469
0.3771,-5.548,389,70.33
0.41803,-3.9873,392,71.554
1.0634,-3.2429,398,70.975
0.3156,-1.4234,390,72.761
-0.14652,-1.6971,397,76.194
-1.8685,-3.1972,387,72.712
-2.6101,-5.0208,377,71.173
-3.4121,-7.0215,348,69.23
-1.2926,-8.6235,362,67.609
0.73688,-10.093,363,70.214
0.9162,-10.278,359,71.19
2.35,-11.981,353,73.497
1.9668,-11.675,350,74.085
2.0344,-10.566,349,69.983
0.31403,-9.0747,344,72.588
-0.35676,-7.0066,351,77.715
-1.2825,-4.0672,357,71.943
-2.0222,-2.2792,352,71.165
-1.2098,-1.6874,347,69.37
-0.076578,-3.3372,356,71.901
-0.36032,-2.7735,352,76.277
1.2827,-1.6059,355,72.604
1.0271,0.05058,364,80.229
0.3571,3.4294,367,72.571
2.5271,5.894,364,70.33
4.627,6.2879,371,67.336
7.2698,4.4947,383,72.795
8.3152,4.0561,388,77.682
10.165,3.0535,383,78.286
8.1667,3.3948,372,73.307
6.2896,1.7474,379,80.808
3.8012,-0.15101,367,79.245
1.36,-2.5889,369,78.749
-1.0628,-5.7949,369,75.457
-1.2678,-5.3795,365,72.108
-1.5436,-5.355,360,73.042
-5.2953,-2.682,378,79.163
-6.2135,-0.37092,363,75.639
-5.3908,4.7505,360,70.313
-5.2413,7.7915,325,63.573
-5.4935,8.637,272,57.238
-7.0747,8.8283,259,59.306
-7.0606,6.3959,256,58.52
-6.3218,3.8514,259,61.621
-3.6987,3.3882,274,61.497
-1.5707,4.5076,299,62.953
0.16317,4.9643,327,73.324
-2.7179,4.9718,344,78.501
-7.1455,5.0736,342,77.087
-10.515,6.762,357,79.064
-13.07,9.1246,350,70.611
-14.865,10.597,353,75.126
-16.906,14.823,348,78.575
-17.953,16.515,344,72.463
-17.253,18.952,336,68.064
-19.172,20.497,365,76.334
-18.496,22.013,349,67.89
-18.861,22.726,327,63.284
-16.666,22.491,340,66.964
-13.533,22.63,350,67.791
-12.287,22.229,353,66.038
-11.834,21.326,344,68.006
-10.735,21.566,345,66.087
-11.452,22.07,354,66.757
-7.8016,20.359,340,63.805
-3.2811,20.558,337,72.091
0.40112,22.148,349,76.193
1.8409,25,339,72.29
0.17264,28.056,332,71.512
0.086344,28.315,356,81.404
0.58438,29.294,344,76.83
1.1162,30.221,351,76.615
0.84339,29.261,346,79.741
-0.036906,27.218,333,71.645
2.3271,27.938,321,65.004
1.9748,31.797,328,65.98
0.0090878,31.421,326,63.755
2.5581,31.444,320,62.779
1.5531,34.514,330,66.203
0.377,34.817,322,62.945
2.3895,37.43,332,68.924
3.7178,42.214,329,68.469
2.314,44.818,344,72.695
1.4452,43.415,323,74.3
0.92956,44.55,324,70.71
1.3864,44.269,324,75.342
3.1433,43.2,333,79.468
6.4461,44.327,336,75.854
8.6757,45.696,339,75.673
8.3543,49.656,340,73.522
9.2979,52.28,317,68.163
10.628,54.075,319,69.503
9.3653,57.717,330,71.19
7.4613,61.171,349,75.507
7.0421,65.546,331,67.543
7.7178,68.836,332,68.899
8.4038,70.064,266,58.9
9.2848,70.41,195,50.316
9.981,69.476,226,53.649
8.5092,69.348,240,56.585
5.6739,65.927,263,63.35
3.5312,65.501,310,69.114
0.18819,65.285,323,67.584
2.4848,65.278,325,69.205
1.6103,66.915,326,66.393
5.4793,71.03,311,61.795
8.8225,70.59,307,63.97
9.9644,67.394,334,66.939
12.088,64.038,341,75.226
9.1872,63.69,336,68.833
7.7097,61.736,350,71.835
9.5566,67.168,323,66.063
6.6503,69.202,322,67.898
8.7357,71.824,306,63.854
9.1741,73.162,293,61.539
7.9564,72.928,266,56.659
6.9975,71.686,281,58.71
6.935,71.731,271,57.395
6.2277,72.378,273,57.139
5.3925,72.205,288,59.165
4.7094,73.076,303,60.67
3.5175,73.369,288,59.405
5.1904,72.091,287,59.273
7.3254,71.759,283,59.289
8.8759,71.079,300,60.761
8.3503,69.037,308,61.472
5.7211,71.017,280,58.363
5.9511,70.785,299,60.902
6.6194,71.759,313,64.036
10.125,72.308,318,63.871
12.961,71.943,301,60.579
16.426,72.053,297,62.217
18.216,73.392,295,61.026
17.81,72.882,321,67.824
15.749,73.613,300,62.233
15.179,73.121,291,60.141
13.932,72.536,304,66.063
12.43,72.496,268,57.528
9.8494,70.887,278,58.338
6.7931,70.084,322,63.763
6.8313,70.148,294,60.894
2.6338,72.008,315,63.044
1.8183,71.024,310,63.325
7.8494,72.337,313,66.484
12.168,75.011,330,64.45
15.454,77.985,323,67.353
19.811,79.121,308,61.522
20.073,77.806,332,72.571
18.183,77.141,330,71.438
18.475,76.303,340,68.883
21.814,77.994,337,68.222
23.128,78.792,333,65.004
24.893,79.139,324,65.541
25.34,76.491,324,74.945
22.514,79.718,346,78.212
20.14,78.568,344,81.793
17.413,81.167,335,75.143
16.181,75.674,340,76.127
17.781,73.785,340,81.28
18.993,71.367,315,63.945
19.783,73.781,302,68.23
18.043,72.894,272,61.398
18.458,73.031,275,58.065
17.654,75.066,302,64.185
12.942,72.744,324,63.647
10.776,73.085,308,62.672
10.342,73.423,297,60.034
11.298,74.424,307,63.73
13.98,75.843,310,63.342
15.249,73.34,306,62.638
14.849,72.831,324,66.484
12.623,69.337,338,75.979
5.2777,67.008,331,67.038
1.4676,65.365,333,75.209
1.0061,64.811,339,78.889
-0.1235,62.072,312,66.889
-1.9103,64.39,317,63.78
-4.3951,66.726,306,59.322
-4.8884,70.347,299,60.687
-6.9956,73.951,304,63.341
-5.9924,72.661,291,60.091
-4.6037,74.396,262,59.107
-1.5241,75.817,264,63.482
-1.025,74.368,285,61.778
2.2659,76.012,316,63.416
7.1041,76.109,319,63.896
12.404,75.861,334,67.436
11.641,72.979,326,65.831
12.107,70.458,333,66.434
10.101,71.094,346,69.429
6.7742,72.047,338,70.106
7.8757,75.31,327,65.376
10.328,77.97,324,65.996
14.122,80.178,337,71.198
15.173,85.062,341,72.141
17.897,87.936,349,70.437
21.549,89.929,339,71.951
25.41,90.74,335,69.594
27.166,92.366,345,75.474
29.355,93.55,344,82.371
34.232,93.394,343,77.26
37.423,93.044,330,67.915
39.791,91.185,319,62.903
38.81,88.221,309,68.122
37.101,83.125,292,67.336
31.862,79.728,311,72.307
26.26,80.536,331,78.559
24.73,83.731,329,76.119
27.519,88.675,341,74.994
32.761,90.652,334,73.944
37.339,92.335,319,69.685
39.664,92.695,324,66.881
39.727,90.978,332,70.131
38.629,89.338,326,74.589
36.007,91.025,327,69.585
27.975,91.818,340,71.438
25.567,91.863,321,63.987
26.933,96.739,322,65.07
30.347,99.411,330,71.322
34.203,99.668,327,70.611
38.037,97.811,335,77.145
40.035,99.261,336,72.96
40.228,98.441,335,74.572
41.7,98.513,335,70.512
40.653,100.99,342,69.693
41.15,95.703,354,78.013
39.975,91.232,347,80.576
38.609,89.574,332,73.539
32.288,91.374,343,79.899
33.788,91.556,334,75.416
39.259,94.722,314,67.154
40.322,95.016,326,69.404
44.386,100.43,328,67.245
45.131,103.98,333,71.215
46.859,106.98,315,65.186
50.309,109.24,301,61.638
52.877,112.87,291,61.522
54.374,116.72,322,69.734
54.59,119.04,319,72.017
53.504,120.35,304,65.814
53.869,122.06,315,73.473
53.278,121.17,322,68.75
51.702,119.4,310,67.559
48.13,118.9,309,62.672
48.24,119.79,301,66.211
45.655,119.22,305,66.625
46.377,120.41,319,66.368
46.549,122.12,313,62.556
48.197,124.75,317,67.882
47.07,125.01,310,60.488
50.787,124.65,327,68.461
49.972,124.72,302,64.913
51.239,125.18,261,58.04
51.873,123.49,250,57.478
52.041,123.01,259,57.668
52.243,122.71,288,60.364
52.696,122.29,323,63.912
53.542,122.65,327,64.218
53.893,123.33,348,67.501
55.539,123.55,363,69.734
57.116,122.74,358,68.601
58.604,121.89,359,69.18
58.686,120.74,354,69.478
58.495,119.36,333,65.053
58.961,117.98,327,65.88
57.917,118.14,324,69.106
56.39,119.49,332,70.049
55.555,117.83,326,70.446
55.172,117.9,318,68.486
54.624,117.61,290,65.467
54.15,117.33,285,63.598
53.809,116.78,300,63.036
53.845,116.71,316,66.617
53.939,116.75,326,67.154
54.009,116.29,344,68.287
54.166,115.53,362,69.602
54.22,114.05,365,72.406
55.875,114.17,371,72.455
57.523,115.58,368,72.083
58.58,115.94,374,75.383
58.541,114.07,350,74.217
57.567,111.95,339,68.998
55.359,111.23,332,64.93
51.523,111.75,346,67.725
48.37,112.59,362,72.869
45.878,114.24,369,79.774
45.9,115.19,357,80.601
46.559,116.31,348,83.736
48.028,117.2,348,75.954
49.158,118.97,363,78.03
51.237,122.06,354,71.653
53.865,122.73,349,67.501
53.983,125.03,361,69.966
53.878,125.27,375,73.216
55.643,127.24,372,72.645
57.547,127.53,376,70.603
58.113,128.33,379,71.719
58.91,129.35,369,71.206
59.73,130.58,361,68.858
59.484,128.79,360,70.545
60.572,131.36,340,64.317
57.661,128.03,358,71.554
53.304,123.85,363,75.523
49.795,121.77,370,71.066
50.406,120.1,375,75.59
50.948,115.95,353,71.554
51.863,113.73,344,69.296
50.969,110.89,333,66.624
47.489,109.66,342,70.992
45.309,106.18,371,75.838
44.111,108.76,348,68.32
45.841,112.03,339,67.038
48.415,117.21,359,77.632
55.235,120.48,355,76.624
60.687,123.11,360,76.028
64.152,124.44,341,81.164
67.586,122.4,341,74.374
64.957,119.64,342,71.951
60.912,116.48,341,77.781
52.93,112.88,350,78.087
44.989,109.93,362,81.842
42.662,112.9,341,67.534
42.054,114.91,325,63.672
43.252,117.59,334,66.542
45.278,118.23,324,63.3
46.911,121.72,330,67.262
48.624,125.26,315,61.952
51.786,128.03,320,67.617
55.791,126.86,306,62.399
60.754,127.98,299,60.712
61.608,126.8,297,63.805
61.373,125.28,302,62.746
61.8,122.14,302,64.268
60.988,119.2,297,63.945
61.967,114.03,303,61.084
59.757,112.12,285,61.778
58.224,107.65,291,62.721
54.827,107,283,59.702
51.475,107.43,290,63.135
49.413,106.05,297,61.985
45.907,105.71,286,59.066
41.003,104.6,303,63.573
38.022,102.96,305,63.598
35.064,100.04,326,67.154
37.077,98.857,346,69.552
41.672,101.82,351,73.58
44.201,107.18,344,70.71
47.19,113.11,351,70.818
47.642,116.27,365,77.599
49.478,117.88,353,68.833
51.731,117.97,349,66.319
50.318,118.56,364,69.478
47.61,118.38,358,72.389
43.371,119.17,365,69.933
41.552,121.85,345,68.461
41.288,122.28,353,69.668
44.045,127.83,345,66.583
45.493,129.97,330,67.129
49.213,128.81,334,72.977
55.364,129.27,320,66.41
57.383,125,327,67.146
54.951,119.76,335,69.966
57.32,119.45,329,78.294
54.494,122.34,325,73.175
53.999,118.29,328,72.894
53.343,116.74,324,63.788
51.953,117.01,323,66.352
50.769,117.87,332,67.063
48.187,120.69,335,69.329
49.476,121.89,325,68.229
51.083,121.36,330,73.911
53.783,119.2,330,71.347
54.685,120.15,325,65.558
55.68,118.6,317,63.896
54.808,116.44,313,64.342
53.898,117.31,287,61.034
52.848,116.76,294,62.556
53.077,116.58,323,64.772
52.972,116.75,357,69.296
53.143,116.48,384,72.571
53.439,116.47,407,73.985
53.549,116.71,422,75.176
53.963,116.28,431,76.855
54.351,116.59,435,77.599
55.419,116.13,422,76.772
57,114.58,400,74.018
58.581,113.09,388,76.748
58.153,111.95,351,68.089
56.595,112.22,355,66.898
55.384,114.49,363,68.676
55.567,114.61,366,73.977
56.043,114.09,346,67.353
55.137,114.28,352,65.947
55.073,114.25,372,68.023
54.89,114.5,394,70.264
54.591,114.66,423,72.199
54.089,115.26,432,73.423
54.051,115.64,439,74.002
53.691,115.63,435,72.96
53.696,115.6,432,74.672
53.628,114.62,434,74.746
52.963,113.35,421,75.681
52.177,112.59,386,75.664
50.964,113.18,369,71.761
50.729,113.93,369,74.01
50.953,114.9,362,68.94
51.916,116.3,365,67.948
52.131,116.69,371,68.825
51.039,119.17,382,71.273
50.09,120.04,374,69.867
50.35,121.8,376,74.324
50.454,123.13,372,74.432
50.807,125.95,364,73.1
52.662,127.38,371,70.677
54.663,128.75,388,71.537
57.931,128.46,381,69.619
59.871,129.05,380,70.52
59.606,126.73,370,67.195
60.649,124.39,382,75.491
58.557,121.14,394,74.647
56.622,118.34,392,73.944
55.162,116.16,404,79.245
53.093,116.81,404,78.41
51.363,117.9,409,77.475
50.644,120.77,401,73.894
48.083,123.03,401,78.22
47.854,124.39,405,78.03
49.532,124.84,395,75.06
51.639,122.45,377,70.744
53.264,121.88,388,71.297
55.205,121.08,390,74.647
57.51,120.75,392,74.126
55.203,120.37,365,69.767
53.862,120.88,388,74.812
53.356,118.33,387,73.82
52.675,114.46,372,76.277
53.102,115.77,351,68.966
54.126,116.6,338,69.784
53.734,117.41,348,66.741
52.808,119.98,349,68.146
52.576,122.34,337,67.915
53.669,125.44,355,68.444
55.193,124.98,341,67.129
57.449,123.32,354,73.514
58.094,121.04,342,66.575
58.895,117.86,346,66.344
59.216,117.78,339,67.195
59.472,118.85,338,69.048
59.86,119.74,351,75.639
57.328,119.21,340,67.89
56.212,120.03,354,74.44
53.66,119.82,352,69.139
51.722,121.22,343,68.717
50.679,122.15,345,67.551
49.1,124.86,349,68.039
53.337,126.64,344,64.425
57.463,126.67,341,70.842
59.938,127.5,330,66.799
60.803,120.85,339,65.723
62.819,115.69,349,70.288
61.421,112.01,351,68.18
58.952,107.57,359,70.628
56.301,104.4,359,71.463
52.217,102.1,376,76.533
55.365,98.09,357,77.07
54.196,93.15,362,79.361
52.123,88.257,363,77.84
51.637,86.099,347,65.93
49.885,83.056,333,70.801
49.705,81.106,342,74.63
42.611,81.606,367,87.821
39.356,80.423,354,76.152
34.618,87.322,350,71.736
30.87,91.904,354,78.575
34.216,93.989,356,75.499
36.577,96.14,357,74.514
40.98,101.36,354,83.595
38.263,105.06,364,85.812
35.593,107.08,355,70.338
34.161,106.8,350,71.372
31.299,104.24,341,68.634
30.818,102.27,360,76.152
29.984,101.07,360,78.22
33.384,95.505,361,81.793
34.916,88.142,361,75.482
41.795,88.54,353,77.624
41.478,92.323,363,79.485
43.657,89.18,363,84.72
48.108,89.377,327,63.879
49.452,89.89,301,64.822
51.518,89.931,272,61.175
51.437,89.908,290,64.309
53.951,94.612,340,76.888
51.776,98.506,342,80.378
49.179,100.89,333,70.619
46.788,100.68,329,67.791
46.797,107.05,324,63.73
47.743,113.76,311,62.473
46.956,119.75,323,64.061
47.638,124.92,309,61.902
50.591,125.65,308,66.981
54.369,127.25,299,60.67
54.369,125.05,292,61.167
56.159,119.66,291,61.398
54.812,114.21,322,70.909
55.207,114.11,345,85.233
54.853,111.52,363,76.499
52.211,110.13,347,69.239
50.305,109.67,330,68.858
51.606,110.37,300,63.97
51.576,111.74,294,60.579
52.259,111.75,322,63.093
52.436,111.92,371,66.459
52.879,112.15,411,73.332
53.033,112.57,450,75.176
53.524,112.75,465,77.434
54.067,112.98,476,77.533
54.912,114.12,452,76.317
55.45,115.33,451,77.252
55.515,116.16,426,76.102
55.62,115.33,427,80.601
55.213,114.4,391,73.745
54.385,111.98,393,74.58
51.613,111.11,381,71.396
49.429,112.73,384,72.455
48.032,114.73,380,74.3
49.562,115.77,371,69.023
50.012,117.79,373,68.461
51.496,119.95,386,68.75
52.323,122.16,387,70.263
52.821,124.22,376,69.387
53.601,124.77,389,73.357
53.826,124.11,383,69.834
51.842,122.18,398,75.548
49.803,122.23,409,77.848
49.585,120.4,411,86.068
49.953,121.48,412,85.993
47.085,122.62,407,81.28
46.026,123.14,417,85.638
44.875,126.22,404,78.824
43.516,128.39,406,74.762
45.243,128.76,409,81.206
47.072,127.89,409,79.146
47.045,128.09,403,83.272
49.791,126.1,397,79.079
51.751,125.98,402,82.322
53.639,126.68,401,79.692
52.75,125.56,383,76.111
53.352,123.67,371,73.192
52.295,127.68,368,68.114
50.221,126.81,368,70.628
53.54,127.42,367,74.167
54.076,127.64,347,66.484
54.163,127.49,349,70.222
53.962,126.77,344,66.063
53.27,125.27,336,65.326
52.956,123.44,341,66.129
53.762,121.18,355,70.495
54.431,121.63,363,67.865
53.822,121.85,347,65.789
53.989,121.75,354,67.543
54.047,121.44,356,70.032
54.227,121.51,368,71.778
52.935,121.29,361,71.248
52.32,120.78,357,73.886
50.138,124.21,366,66.782
50.563,124.26,358,73.423
53.999,127.71,361,75.573
54.888,131.87,367,77.996
56.024,132.35,358,71.719
58.624,129.85,358,72.778
58.068,131.8,351,73.927
59.583,126.65,372,73.977
62.077,128.03,364,71.562
58.272,126.16,349,66.848
56.103,125.36,359,70.934
54.75,126.03,355,70.652
53.191,125.38,368,70.918
54.44,126.21,355,76.144
51.673,126.52,357,68.668
55.327,127.19,364,73.878
56.401,126.88,365,74.44
56.848,125.71,356,74.854
55.976,125.12,372,71.76
57.387,129.28,351,73.026
55.147,124.8,350,70.371
53.961,119.99,320,64.408
56.081,119.02,340,66.038
55.267,113.88,374,73.423
55.539,113.06,361,81.081
55.336,112.19,354,73.969
57.951,116.62,360,74.771
57.934,120.59,362,84.596
56.812,123.49,348,74.655
57.619,127.4,331,65.185
59.141,127.22,334,70.33
58.185,126.61,333,68.254
58.008,125.86,338,72.414
55.785,125.04,357,79.816
57.802,127.57,332,66.683
61.421,129.62,318,64.317
63.966,130.92,314,62.804
62.189,127.33,325,64.822
59.909,124.46,331,66.633
60.764,120.54,334,65.682
60.174,119.39,361,72.803
60.432,116.02,352,69.52
57.93,112.8,370,73.77
56.029,113.39,358,77.69
56.594,114.12,357,72.274
56.548,113.07,361,74.523
59.531,110.26,346,67.237
57.688,112.71,362,71.397
57.696,108.9,339,73.332
57.723,107.78,339,82.876
52.269,105.13,372,93.743
44.417,104.38,374,96.604
38.182,103.46,375,95.314
33.775,103.34,371,100.28
33.953,101.39,389,111.28
31.609,99.319,388,113.29
25.097,103.98,376,104.61
20.826,106.33,399,107.8
20.78,109.36,397,112.57
18.57,111.34,377,107.1
18.959,112.12,401,111.8
16.272,115.22,365,87.54
15.542,114.68,347,79.725
17.787,115.96,360,90.146
18.166,116.73,353,80.106
20.025,114.54,332,71.909
24.373,114.45,352,73.803
27.303,115.76,335,68.56
30.739,117.98,349,73.1
37.336,120.53,354,67.22
41.267,128.66,351,76.549
45.865,132.89,360,69.18
51.33,134.66,351,68.444
55.835,133.47,341,73.216
58.435,133.08,332,70.677
64.441,130.34,333,70.818
63.87,125.8,310,71.347
61.69,117.99,333,71.752
57.3,111.74,335,76.83
53.12,107.73,337,72.67
50.719,106.34,325,66.029
53.785,103.06,336,65.748
56.937,103.22,340,76.747
58.812,99.783,329,76.26
59.479,96.122,336,88.218
61.031,89.841,321,82.487
57.803,86.435,317,79.857
55.68,80.453,320,84.025
55.502,79.477,330,77.186
56.22,76.203,319,76.541
55.143,82.568,340,83.074
50.826,89.308,337,86.895
52.152,95.708,353,85.869
48.963,101.88,361,80.337
44.845,103.91,365,79.7
39.287,102.71,368,77.715
33.847,97.122,381,73.423
29.741,93.124,341,68.858
24.781,92.12,342,69.586
25.586,88.064,373,80.734
21.379,83.382,381,97.688
16.001,76.936,383,92.445
15.406,71.301,368,78.898
12.311,65.947,366,80.717
10.172,64.202,349,77.508
8.9891,60.374,352,80.023
7.2308,60.785,340,77.576
2.4175,60.473,360,80.742
-3.4086,67.65,342,74.854
-5.7615,72.428,344,71.115
-7.1801,73.059,358,77.468
-14.914,75.513,352,78.294
-20.218,79.056,352,80.668
-26.189,81.528,375,85.009
-32.917,83.346,365,82.189
-38.704,84.048,372,84.546
-44.886,82.727,374,82.413
-49.353,81.25,346,73.258
-51.039,78.891,322,69.131
-49.184,81.21,319,69.147
-47.244,79.487,327,70.52
-45.357,77.645,348,72.025
-44.94,77.555,337,67.998
-44.91,74.464,341,67.294
-46.07,69.88,346,65.028
-43.78,65.059,348,67.262
-41.552,62.315,325,64.772
-38.908,57.25,309,69.503
-38.146,54.433,308,68.023
-33.963,51.091,315,72.447
-30.286,50.311,361,89.599
-28.903,44.219,355,79.89
-30.584,40.751,347,84.662
-35.393,39.425,355,84.017
-40.202,37.827,358,83.62
-40.546,36.513,374,91.543
-34.481,35.725,365,94.174
-29.282,31.89,344,82.247
-24.31,28.93,356,93.527
-22.602,22.739,372,95.702
-20.983,14.429,357,84.687
-16.828,9.4711,359,79.643
-13.137,9.9572,344,80.899
-14.858,13.947,367,90.947
-14.494,18.692,354,82.694
-13.979,22.492,353,82.603
-10.678,28.963,342,71.727
-4.6044,31.904,329,67.725
-2.2215,32.542,329,73.406
5.0592,32.354,339,75.937
8.6137,31.112,321,75.888
10.307,28.831,316,68.229
9.9168,19.702,330,67.27
9.7418,10.835,335,69.511
10.186,4.0059,339,83.628
12.155,-0.65072,324,72.67
10.454,-3.7655,325,67.51
8.9668,-7.4984,303,61.216
7.1562,-4.8857,292,61.323
7.4069,-4.39,278,58.23
7.7175,-4.7939,280,58.627
7.6369,-4.8442,311,62.663
7.5757,-5.0195,344,65.475
7.4692,-4.522,365,67.526
7.4534,-4.1344,378,69.602
7.3925,-3.4364,400,74.283
7.6848,-3.4391,414,76.814
8.2838,-3.49,423,78.41
7.8579,-3.2399,419,79.038
8.8497,-3.2593,409,79.344
10.64,-3.6332,412,83.322
10.885,-3.9258,386,77.574
10.13,-3.8563,365,69.916
10.709,-4.4701,363,67.865
10.245,-4.5057,340,72.091
7.6888,-6.0322,351,71.554
5.5503,-8.1805,355,66.6
4.5704,-9.9935,343,72.249
2.5925,-9.3354,350,70.454
2.4625,-7.113,343,69.296
2.967,-6.9865,329,64.913
3.2001,-6.8623,343,65.947
3.3598,-6.9003,367,69.627
3.6577,-6.6939,396,71.397
3.8022,-6.3246,415,72.687
4.0072,-6.0432,423,74.258
4.0936,-5.6608,445,76.078
4.238,-5.5157,453,75.284
4.8179,-5.1555,449,75.375
5.3611,-5.1098,446,78.617
6.3789,-4.5498,439,80.387
8.0151,-3.9487,416,77.277
8.349,-3.4094,391,75.606
9.6332,-3.6017,374,74.324
9.6599,-4.0856,374,73.398
8.2783,-5.8464,359,69.296
6.0024,-6.9302,364,66.509
3.2462,-6.8429,376,69.842
1.1097,-5.5323,396,70.214
0.10534,-5.3747,390,73.249
-0.29865,-5.7405,408,78.898
-0.22616,-5.0298,396,77.955
-0.38689,-4.7307,408,81.478
0.54657,-6.8317,383,78.129
2.6706,-7.1124,374,71.397
2.6349,-7.5307,392,80.353
1.9157,-9.6836,388,80.006
1.9715,-11.27,399,81.106
1.947,-8.8452,395,81.271
-0.032413,-7.8625,393,82.942
-0.48968,-6.7284,399,78.277
1.1286,-5.0556,394,78.484
3.0219,-4.7996,402,77.22
3.4052,-5.7616,395,72.224
5.6563,-6.4087,398,75.102
3.284,-6.3341,387,78.195
2.3344,-10.621,396,80.163
-0.22652,-13.425,399,80.544
-2.0023,-15.508,385,75.797
-1.2841,-14.221,368,76.499
0.79735,-13.435,373,78.691
1.7175,-12.888,360,81.785
0.38967,-13.343,351,75.979
-0.25777,-11.906,346,71.537
-2.1446,-13.778,350,71.835
-3.7045,-16.179,340,69.073
-3.4262,-18.702,331,74.465
-1.6336,-20.431,345,78.55
-1.1968,-21.712,336,70.057
0.3659,-25.16,338,78.782
2.4699,-24.733,336,95.984
7.6114,-22.014,329,90.187
11.445,-19.912,345,85.481
16.378,-16.132,346,90.401
22.156,-14.132,346,101.24
28.472,-13.507,327,97.158
35.365,-13.996,325,94.048
38.333,-14.747,336,94.9
37.998,-18.404,274,71.81
40.152,-22.023,266,66.873
44.33,-24.937,289,65.087
48.27,-26.529,294,72.588
50.353,-24.636,305,83.81
53.432,-22.069,305,84.48
54.112,-18.905,285,74.076
53.673,-18.502,292,73.315
59.261,-19.873,311,86.382
62.692,-20.473,331,66.186
66.848,-21.635,301,83.339
70.018,-25.019,294,88.582
69.261,-30.67,281,72.736
68.609,-34.142,277,69.478
70.343,-34.937,280,67.038
75.382,-36.578,279,67.336
81.192,-37.349,274,64.59
86.457,-37.751,264,64.243
90.728,-37.086,268,66.41
93.514,-37.659,239,63.036
97.808,-38.413,207,61.737
101.53,-43.114,218,62.382
105.79,-45.865,252,55.361
108.09,-48.259,200,60.505
110.08,-51.265,212,56.353
111.47,-51.187,169,52.946
113.07,-55.66,141,44.196
114.62,-59.324,100,37.927
114.13,-58.819,96,47.587
110.46,-53.864,100,48.53
109.38,-46.453,106,48.562
113.05,-49.346,82,39.813
113.39,-51.29,52,27.821
112.36,-54.113,59,25.861
111.27,-54.783,71,27.796
110.26,-54.899,68,30.153
109.83,-54.442,76,30.707
110.44,-53.863,76,34.669
111.32,-53.982,76,32.32
111.3,-53.947,81,36.174
111.53,-54.187,85,32.775
112.45,-53.825,71,27.432
112.88,-54.846,85,31.65
114.83,-54.286,82,31.675
115.3,-54.766,90,31.096
115.21,-55.44,108,33.974
112.38,-55.442,130,38.572
111.55,-55.218,135,39.606
110.06,-55.825,139,41.872
109.41,-52.352,135,39.581
111.38,-53.648,135,40.02
110.24,-53.197,158,45.627
111.1,-53.605,194,47.868
107.72,-53.226,217,53.69
110.97,-53.212,239,59.405
111.49,-49.018,246,57.486
112.13,-51.396,246,55.435
110.93,-53.914,253,67.328
107.14,-54.405,254,60.613
106.6,-52.99,234,55.534
105.64,-50.729,244,55.179
107.24,-46.147,256,57.693
109.55,-46.236,249,54.881
113.96,-49.225,232,57.164
113.47,-52.172,230,56.105
108.08,-56.089,230,55.361
106.38,-53.832,235,60.554
105.03,-54.36,244,57.817
103.25,-56.134,232,54.12
102.49,-56.673,246,59.604
99.284,-59.381,251,66.964
101.43,-60.475,244,67.328
98.526,-58.465,240,70.744
93.933,-61.496,251,68.006
91.429,-63.96,255,70.049
92.514,-63.86,286,81.768
94.269,-61.144,270,77.715
99.879,-56.084,267,78.748
104.88,-51.058,263,72.389
106.98,-49.651,250,59.38
113.99,-51.836,241,55.154
114.55,-54.34,208,51.614
114.67,-58.177,191,47.959
110.12,-63.462,172,45.122
109.91,-65.449,163,47.587
112.54,-63.409,194,54.782
115.02,-58.744,180,48.422
110.65,-60.099,198,51.672
106.12,-59.999,250,64.706
99.077,-58.863,247,56.56
98.486,-58.538,242,68.08
95.443,-60.75,263,61.158
98.288,-59.103,250,59.215
98.171,-53.506,266,67.353
92.803,-52.57,262,68.858
89.745,-46.488,273,73.117
84.51,-42.042,273,71.008
80.807,-42.078,292,80.469
72.105,-40.764,280,80.858
64.921,-37.378,284,86.962
59.956,-32.307,284,86.317
57.229,-28.186,277,69.71
56.369,-26.537,281,75.135
60.615,-25.497,274,62.209
60.791,-24.789,274,62.903
67.073,-31.898,286,68.552
72.055,-37.281,281,78.493
75.831,-41.654,274,68.833
76.096,-45.876,277,64.408
72.81,-49.771,249,60.414
75.115,-51.259,261,69.767
77.037,-51.572,272,76.4
78.382,-52.773,265,67.633
75.629,-52.583,255,57.983
68.659,-54.577,248,57.139
64.337,-55.708,243,53.541
59.155,-55.004,248,55.741
55.016,-55.775,281,65.558
49.07,-57.826,267,60.761
46.26,-58.963,204,50.266
42.777,-58.14,219,56.196
39.514,-55.135,213,53.376
35.339,-52.08,253,60.645
35.476,-53.872,295,73.894
35.478,-52.785,307,90.236
35.538,-52.37,302,91.493
36.619,-50.489,283,71.148
36.246,-54.733,297,72.207
34.647,-55.124,275,59.951
33.298,-54.689,270,59.719
33.016,-54.672,281,66.112
32.791,-52.704,301,80.436
33.139,-45.395,291,72.852
28.647,-41.447,291,67.848
25.594,-38.891,286,68.709
22.287,-36.91,293,72.539
15.585,-33.909,305,69.958
12.919,-35.026,288,65.575
5.5969,-36.08,290,65.93
0.86811,-39.6,294,66.989
-1.2493,-41.347,293,70.173
-1.1733,-46.026,298,65.211
3.9766,-47.667,264,68.651
9.3154,-46.46,308,70.867
13.77,-46.425,298,68.535
16.633,-49.309,303,69.701
17.722,-55.64,287,66.592
21.226,-58.099,298,71.19
27.136,-62.22,286,67.973
33.079,-63.871,314,71.446
36.421,-64.891,311,81.512
41.827,-70.534,296,69.974
46.622,-71.53,292,81.081
50.921,-71.259,301,83.521
56.738,-71.343,297,77.649
60.51,-70.64,299,76.161
63.263,-67.084,293,70.52
61.744,-64.343,297,77.318
61.395,-65.179,296,78.923
60.598,-67.375,280,71.215
58.416,-66.098,279,73.911
54.328,-61.567,287,74.539
51.964,-62.77,269,61.82
55.581,-58.927,275,58.437
57.861,-50.55,303,65.194
56.6,-46.167,300,66.774
51.534,-41.839,314,63.78
47.411,-40.264,313,82.702
44.536,-39.395,296,69.18
46.018,-31.958,306,80.394
44.188,-25.641,307,70.611
42.639,-18.916,323,77.533
38.447,-10.549,328,76.888
32.84,-4.9186,334,84.199
25.339,-0.29393,356,87.135
18.849,-0.77467,360,74.738
11.921,-1.1663,346,71.637
6.6368,-3.4965,350,77.724
2.4459,-8.573,349,77.765
-1.0412,-15.054,349,72.232
-4.882,-15.203,334,70.826
-6.7345,-16.001,352,82.512
-11.516,-13.088,353,85.489
-11.862,-16.543,347,84.629
-14.94,-19.79,337,71.719
-16.4,-16.682,303,70.131
-14.831,-13.74,297,70.429
-12.645,-12.352,279,63.209
-12.043,-11.309,285,64.731
-11.674,-10.341,302,63.019
-11.16,-10.251,332,65.723
-10.809,-10.184,351,67.89
-10.489,-9.7439,359,69.685
-10.377,-9.5017,385,69.205
-10.144,-9.4792,392,70.694
-10.132,-9.5645,406,73.704
-10.381,-9.6553,418,75.482
-10.024,-9.768,421,79.436
-10.761,-10.884,397,77.401
-10.884,-9.8108,378,72.621
-10.681,-9.7658,356,66.848
-9.2203,-7.7994,352,67.683
-6.302,-7.9853,361,69.18
-2.696,-8.5973,370,71.901
-1.1963,-10.086,374,68.353
0.22456,-12.01,381,71.537
-1.4696,-11.508,363,71.214
-1.5863,-10.435,373,70.768
-1.5488,-10.072,379,70.561
-1.7055,-9.7416,405,74.142
-1.6784,-9.4029,429,74.878
-1.7724,-9.0619,442,76.102
-1.5863,-8.6196,455,77.053
-1.433,-8.3722,456,76.755
-1.5493,-7.8476,462,78.112
-1.3877,-7.4501,463,79.121
-0.94427,-7.6068,451,75.548
-1.41,-7.7556,435,75.639
-2.6286,-9.0202,425,78.964
-4.0748,-10.57,395,73.166
-3.8826,-11.494,376,72.943
-3.41,-10.132,377,68.932
-2.4943,-9.3241,376,76.417
-0.28396,-9.042,385,73.514
0.49156,-10.948,387,73.233
2.2665,-11.848,378,70.975
4.1617,-10.288,373,71.579
2.7456,-10.206,367,72.025
0.32418,-10.74,382,71.554
-1.8107,-11.582,376,76.508
-1.5898,-10.402,360,71.355
-1.922,-10.38,367,70.512
-2.0686,-9.9797,379,70.197
-1.9442,-9.9451,402,72.339
-1.9826,-9.7241,427,74.44
-1.8029,-9.6679,448,75.341
-1.7353,-9.3473,466,77.045
-1.7544,-9.215,470,77.045
-1.4603,-9.3076,473,78.451
-1.0725,-9.2112,477,80.221
-1.3919,-9.3976,472,82.421
-2.655,-10.203,444,77.07
-4.3544,-11.163,440,76.541
-5.3522,-12.101,421,76.723
-6.2267,-12.742,395,76.499
-5.0201,-13.362,397,72.323
-4.7731,-12.497,379,69.04
-4.7884,-10.555,367,69.767
-4.2712,-7.9544,383,79.113
-3.435,-6.8213,382,74.043
-0.80681,-7.0459,370,74.696
1.8664,-5.4052,392,73.869
2.332,-4.6736,401,81.288
4.8777,-2.6613,408,83.521
7.0705,0.4296,416,87.764
9.1046,3.0573,417,84.753
10.962,4.9633,416,81.825
13.538,6.7784,426,92.519
14.678,9.0298,414,86.763
15.052,8.6127,418,90.418
14.486,6.3933,392,73.994
13.167,2.8534,399,77.93
12.024,-0.97703,391,84.373
9.6482,-5.2236,407,92.569
6.1943,-9.6035,410,89.046
2.7179,-12.322,413,82.62
0.2436,-14.342,388,80.023
-2.4684,-15.289,397,91.658
-5.1193,-14.755,396,78.666
-7.6901,-14.221,397,80.37
-5.6993,-13.281,381,75.184
-7.783,-11.179,383,77.988
-10.837,-11.913,393,75.622
-10.079,-11.711,379,76.193
-7.8225,-10.295,372,67.336
-8.6257,-8.1765,391,74.514
-5.1781,-8.007,367,67.038
-3.8282,-5.4555,380,76.888
-6.1218,-2.9674,396,82.231
-6.4306,-3.239,397,77.442
-4.5415,-3.1609,397,74.093
-4.775,-4.4019,384,74.283
-3.8433,-7.9338,374,76.4
-1.4786,-4.6679,364,75.846
1.3983,-3.3701,354,70.214
-0.57905,-1.9908,361,74.093
-1.7231,-7.2229,364,74.622
-0.95988,-8.0949,359,72.364
1.7743,-6.5973,370,76.979
7.1986,-4.2892,370,74.812
10.175,-5.3277,354,76.499
15.608,-4.1594,350,76.582
17.368,-6.6314,340,75.275
22.168,-8.3822,350,75.73
25.444,-11.204,346,85.423
23.105,-13.356,332,74.474
19.015,-16.558,317,76.285
17.393,-18.961,327,81.18
18.926,-22.165,342,98.175
18.15,-24.88,331,97.439
16.804,-29.685,343,94.967
11.033,-34.03,328,94.612
5.93,-36.909,326,87.457
0.41506,-39.137,325,90.269
-4.4091,-37.463,331,78.311
-5.5439,-37.17,323,87.309
-2.2936,-40.123,314,74.986
0.31438,-42.426,317,74.324
2.3638,-47.583,321,68.304
4.9814,-49.953,295,72.869
3.8836,-54.507,303,81.421
2.2829,-58.655,308,84.903
-4.0809,-61.124,294,70.057
-8.7954,-62.534,293,71.719
-10.711,-62.863,306,68.378
-16.482,-60.357,306,75.209
-20.726,-55.055,324,80.254
-23.214,-49.215,314,73.324
-23.012,-49.487,312,68.097
-17.515,-48.499,327,80.75
-8.6929,-50.814,328,81.049
-0.99068,-52.84,307,76.086
4.023,-54.784,300,73.407
2.0984,-54.167,309,68.196
-2.481,-59.332,305,63.821
-6.2105,-63.061,304,65.972
-9.961,-65.004,295,60.828
-11.068,-60.294,296,66.757
-6.0288,-59.652,308,69.015
-4.0894,-60.284,336,73.588
-3.9623,-55.528,343,75.796
-3.1162,-49.18,336,83.472
1.495,-43.2,339,78.956
2.0829,-42.074,315,67.03
-0.99361,-46.283,322,78.17
-3.6288,-49.909,317,80.808
-3.5626,-55.079,317,82.811
-0.086882,-49.084,311,81.975
-0.32032,-40.135,315,79.932
1.8366,-36.776,316,70.355
5.9421,-28.573,311,71.529
7.0947,-20.949,319,84.183
2.1239,-15.913,353,81.362
-0.94931,-7.8919,345,80.808
-2.3659,-2.3958,347,79.427
-5.2189,1.5926,357,68.85
-10.732,1.8406,350,70.38
-12.039,-1.8273,364,77.112
-12.072,-2.8459,370,75.085
-10.658,-7.2549,367,75.573
-6.6234,-10.911,361,80.56
-1.2853,-10.61,354,71.529
2.5262,-7.5033,361,74.506
4.6485,-5.1496,366,83.852
5.2505,-4.9536,343,72.571
5.1879,-4.8322,327,75.871
5.9209,-5.3536,315,69.048
5.9264,-6.0593,334,70.446
6.4163,-6.0928,344,71.016
6.4728,-6.1071,378,72.993
6.14,-6.13,401,73.638
5.5856,-6.1378,425,76.334
5.2932,-6.0608,444,78.865
5.1636,-6.0027,448,78.41
4.9943,-6.067,445,76.491
5.0416,-5.7372,462,79.725
4.7775,-5.4483,458,80.436
5.6284,-5.2209,456,80.585
6.8432,-5.3166,433,81.09
8.4702,-5.4298,420,83.083
10.569,-5.6954,390,80.742
9.8211,-6.7745,386,71.546
8.2423,-7.2695,375,70.082
7.5478,-7.8534,399,80.808
9.2313,-7.3273,393,83.405
11.078,-7.0312,372,77.476
11.12,-8.7132,369,77.401
12.549,-6.6203,357,70.504
9.9746,-7.1441,354,71.074
6.9383,-7.8615,375,78.575
3.0715,-7.893,389,80.577
2.8998,-8.5524,387,78.451
1.7608,-11.254,397,83.356
0.28222,-12.635,393,84.406
-2.6144,-13.23,406,84.994
-5.993,-13.821,407,87.192
-8.7791,-14.506,391,92.634
-9.889,-14.153,409,100.38
-6.7824,-12.664,403,101.95
-1.586,-11.963,402,90.732
2.1209,-10.462,378,80.312
3.8615,-8.9166,397,86.284
8.073,-9.8004,387,73.224
10.521,-11.058,360,70.421
10.171,-11.656,349,71.529
9.7811,-10.842,349,70.867
10.128,-8.7647,369,79.436
10.159,-8.9512,356,77.996
10.214,-9.6441,366,71.744
8.5256,-10.114,366,73.737
3.7519,-10.141,360,70.554
-0.70688,-10.865,372,76.979
-6.223,-11.095,370,75.102
-8.3535,-10.381,368,77.111
-9.7282,-4.605,379,79.426
-8.8477,-0.65289,361,73.406
-6.8385,3.1562,364,73.175
-5.2123,7.8048,372,76.516
-0.81049,13.08,366,77.823
3.2347,16.214,356,72.795
4.6825,14.322,355,68.784
6.3108,15.835,353,80.8
11.073,18.086,348,77.376
12.492,16.857,334,74.969
17.028,18.404,350,75.54
16.739,12.297,333,72.968
18.254,7.4049,357,76.277
19.662,2.4385,361,80.411
21.352,0.66643,373,92.916
20.473,-0.86562,383,104.93
17.445,-6.3787,368,90.833
11.992,-9.8481,348,77.641
10.3,-11.107,344,66.964
6.9566,-6.3529,356,73.654
2.5433,-4.9304,368,81.842
2.1212,-4.2807,366,77.508
0.55893,-5.4597,376,76.467
0.42968,-3.8997,360,67.236
-0.12256,-5.956,358,67.154
4.4468,-4.8799,347,66.377
1.1682,-3.89,341,66.211
0.55086,-5.2938,354,66.484
0.25927,-6.9478,343,66.691
-3.145,-8.2957,332,68.51
-6.7203,-10,322,64.351
-7.0862,-13.14,328,63.962
-5.6417,-15.676,356,77.765
-7.4747,-17.201,346,71.124
-10.807,-18.338,336,71.893
-10,-16.769,332,73.233
-7.2497,-11.825,340,75.92
-6.797,-8.7114,352,76.979
-5.7586,-1.89,366,80.337
-7.4793,3.1456,390,93.502
-10.953,7.0807,378,83.893
-11.376,9.9435,354,84.124
-9.4996,7.211,367,99.954
-3.4518,5.2906,365,98.523
1.8115,0.76816,361,81.296
5.5642,-2.9911,355,72.315
8.7739,-8.1829,344,68.577
6.2709,-11.97,340,71.414
6.611,-12.05,338,66.592
0.92997,-12.114,346,66.922
-1.8346,-13.931,350,69.321
-5.1335,-15.329,363,70.247
-8.9456,-13.934,364,71.934
-13.357,-12.887,352,77.087
-15.192,-9.3929,335,71.215
-10.054,-9.5786,336,71.835
-5.0809,-8.5375,355,77.988
-7.9311,-10.167,351,73.324
-12.693,-12.659,368,82.909
-14.854,-10.029,343,69.958
-10.24,-7.1105,337,71.926
-11.06,-4.3066,359,82.239
-16.384,-5.0114,354,80.378
-16.348,-7.784,336,74.986
-12.196,-7.4804,345,71.099
-9.9856,-4.4937,328,69.197
-5.187,-1.9865,330,68.676
-1.4572,-0.31956,342,69.693
0.22396,4.8549,341,73.158
2.8948,9.8578,356,74.118
4.5516,10.882,342,71.794
6.0049,13.487,353,75.499
5.4444,18.1,346,72.29
6.5844,20.311,361,80.519
6.2715,23.785,366,86.713
9.9286,23.964,356,73.721
15.687,22.039,339,65.757
19.663,20.872,350,79.51
24.634,19.032,370,93.519
27.505,14.998,360,95.322
29.868,12.783,352,91.468
35.507,14.055,335,72.406
36.901,14.24,314,67.154
38.062,10.539,312,69.04
42.194,4.9105,305,68.957
38.068,2.4075,307,76.061
38.496,-4.9281,324,86.54
30.819,-7.6401,334,92.635
23.74,-7.8782,341,89.219
18.086,-7.8361,356,98.027
10.115,-8.2242,358,90.261
4.0529,-10.314,366,89.889
-1.0295,-11.123,359,86.721
-5.6775,-10.434,350,71.645
-7.1238,-11.373,347,72.323
-5.0289,-10.974,350,74.192
-2.845,-11.833,361,73.44
-1.4435,-10.624,354,72.571
0.091816,-11.415,346,73.903
2.3968,-10.725,350,73.679
3.3348,-10.406,363,78.534
4.0542,-10.36,346,74.713
4.842,-12.212,329,71.082
3.1483,-12.872,312,64.201
3.0313,-13.374,302,61.886
2.6494,-13.623,330,64.499
2.2712,-13.594,355,67.311
1.8099,-13.262,381,71.066
1.3222,-12.778,400,70.867
0.77362,-12.324,413,72.298
0.59027,-11.823,425,72.455
0.5774,-11.154,440,74.448
0.45209,-10.797,435,74.374
0.48877,-10.661,440,74.184
0.42897,-10.688,422,73.431
0.019534,-11.928,419,75.846
1.1234,-13.582,403,78.245
3.0411,-14.724,394,74.391
4.0879,-16.86,365,70.148
2.1808,-17.531,354,70.735
-0.51115,-16.685,349,69.585
-2.7425,-15.038,361,74.176
-2.66,-13.104,365,68.353
-2.6949,-10.111,393,76.723
-1.6567,-7.4342,393,75.482
-0.93372,-6.781,403,76.632
1.1525,-6.4342,393,77.757
0.44163,-7.3995,389,76.194
0.19085,-7.2245,394,74.705
-0.16713,-7.3474,423,74.482
-0.18714,-7.392,437,76.649
-0.35549,-7.4877,455,77.881
-0.63166,-7.5366,485,78.121
-0.81067,-7.589,487,79.146
-0.82377,-7.4763,580,86.375
-0.84596,-7.6037,589,87.888
-0.89327,-7.7663,584,85.903
-0.4049,-7.7571,577,85.506
0.31807,-6.915,547,82.876
1.2443,-5.465,509,80.271
2.3437,-5.0009,484,78.666
2.3724,-5.6707,464,82.065
0.70548,-7.5506,465,81.155
0.85301,-9.573,450,79.468
0.15159,-10.867,445,79.212
0.48235,-11.223,449,80.279
-0.76418,-13.271,456,77.765
-2.8456,-14.246,439,78.112
-4.9816,-14.261,444,77.947
-7.1578,-11.309,448,76.971
-8.9148,-9.8543,437,73.315
-9.019,-7.4963,442,76.309
-6.7725,-6.1691,441,76.772
-4.8022,-3.2591,464,80.882
-2.5028,-2.218,469,82.578
-0.45266,-0.46817,467,81.817
0.49473,-1.2516,465,77.757
0.80462,-2.2598,461,78.385
0.81046,-2.7131,471,82.388
1.3193,-3.6337,480,80.783
2.2543,-4.8383,473,80.205
1.4271,-5.8044,468,83.736
1.5416,-8.6694,481,83.115
2.2506,-9.5307,482,82.47
1.4576,-10.866,489,83.554
1.7723,-10.752,477,82.405
-0.9756,-10.48,474,80.006
-4.8298,-11.809,484,86.614
-8.3842,-10.519,473,79.303
-10.456,-7.8549,476,85.307
-8.2702,-5.2121,451,81.032
-7.5014,-0.71636,466,78.402
-5.4437,0.9573,470,85.051
-3.2072,4.1892,456,80.37
-3.1232,8.3688,479,93.024
