0,-0,302,77.831
1.3439,0.049406,378,83.091
-0.37493,0.70368,353,72.563
-1.1268,0.49445,359,73.977
-0.9279,1.8679,355,69.114
-2.9902,-0.68375,331,73.63
-5.2391,-1.3137,334,72.497
-5.4417,-0.37415,342,72.414
-1.6911,0.88826,322,90.419
0.69401,-2.2204,322,91.353
-1.2981,-6.0027,335,80.569
-3.3386,-1.7127,314,73.82
-2.582,-1.0262,171,98.764
3.2683,3.6024,173,90.7
4.5674,1.5409,916,129.35
1.2273,0.6601,922,119
1.0878,-0.076479,910,114.16
0.83129,2.1489,893,109.53
-2.0494,0.049683,916,112.04
-0.11448,-2.3188,966,117.27
0.7772,1.1008,1029,121.26
0.29173,-0.73034,1125,128.25
1.6892,-1.0438,1150,134.62
0.82274,-1.416,1101,137.21
1.1341,-1.8003,1127,134.52
2.4029,-0.0018205,1155,133.8
3.5238,-1.4594,1263,141.28
5.3944,-2.9842,1347,144.99
7.1862,-4.3728,1354,174.48
5.7519,-6.2943,1390,168.88
4.9386,-8.1975,1319,176.39
4.4348,-9.2594,1331,202.47
2.5354,-9.3959,1381,154.87
2.6479,-10.152,1388,162.41
0.54257,-9.0835,1390,146.87
0.72653,-7.0906,1405,154.95
0.6878,-5.7751,1428,173.34
0.98334,-5.9292,1424,173.71
0.97421,-5.051,1429,172.96
1.1431,-4.8186,1350,188.59
1.715,-3.2124,1230,250.82
2.0232,-0.66936,1007,240.53
12.471,-0.7188,523,148.06
4.4358,0.48091,889,265.54
12.621,-3.4201,712,200.52
2.1399,-0.30034,1196,220.83
1.8707,-0.77422,1158,216.85
2.112,-0.014914,1141,218.3
2.3749,-1.5239,1283,197.48
4.0389,-4.9119,1392,187.02
5.0706,-6.593,1401,156.72
4.8338,-6.3894,1381,147.56
2.8559,-4.5002,1361,147.91
1.4625,-3.7587,1358,150.26
3.0715,-3.2717,1459,154.94
4.4146,-3.6077,1367,172.29
5.2862,-2.428,1337,165.88
3.7352,-0.83536,1473,154.57
0.67464,-2.2623,1412,150.2
0.46953,-3.8384,1381,165.6
3.3623,-4.2761,1353,168.27
6.2253,-4.895,1370,182.98
7.3975,-4.9832,1375,172.3
8.4695,-4.2739,1377,153.73
9.5541,-3.124,1321,140.48
10.109,-1.7692,1285,139.11
9.0175,-2.6016,1297,148.98
8.1618,-3.0522,1333,145.64
7.522,-3.2326,1340,168.59
7.5341,-3.298,1336,167.89
7.7715,-3.6752,1277,157.86
7.4427,-3.931,1298,167
7.3481,-3.5599,1324,156.7
6.2614,-4.5347,1299,165.34
4.9743,-5.1873,1252,166.06
3.4739,-5.5577,1199,191.71
2.2124,-7.1342,1218,165.56
2.3133,-10.165,1245,147.33
5.3632,-9.9382,1219,142.64
6.2811,-5.6498,1216,143.31
8.0372,-2.1529,1287,146.1
9.1144,0.92631,1341,146.56
8.7877,0.95945,1383,169.66
8.4562,-0.35938,1388,164.53
7.6459,-3.6996,1404,159.22
6.579,-6.6513,1318,193
6.254,-8.4534,1173,234.09
7.1612,-6.3409,959,204.09
5.5352,6.158,632,160.05
5.8137,-5.308,1377,191.79
9.1001,-2.8822,1469,198.07
8.0001,-4.6907,1427,220.01
15.747,-3.6067,874,234.79
10.262,0.38047,848,180.23
8.8121,-1.0548,1072,186.01
10.429,-1.3217,996,247.77
10.402,-4.4418,922,254.83
24.333,-7.1009,603,122.13
11.222,-12.24,1301,191.53
6.8237,-15.809,1275,232.58
5.7701,-18.559,1332,186.64
9.0142,-14.864,1375,164.83
7.4905,-9.8935,1327,195.31
9.2389,-11.224,1040,295.07
11.135,-11.229,985,308.12
15.482,-2.3254,686,167.66
12.003,-9.5345,1170,301.38
20.979,-9.3246,786,149.09
14.882,-8.6037,849,186.2
12.879,-9.5061,700,183.27
8.2114,-10.9,1076,290.27
7.2845,-7.3472,1241,175.1
16.266,-3.778,814,130.22
6.8087,-3.542,1341,198.43
7.6955,-4.125,1417,154.81
10.237,-1.9438,1384,174.14
13.536,2.4391,1226,273.63
17.325,0.93775,1337,226.22
20.025,0.69556,1409,201.93
20,-0.42977,1414,182.91
18.398,-3.3956,1306,229.51
23.827,-3.267,949,185.4
27.582,-1.4103,731,166.77
28.411,-2.8184,723,152.24
29.174,-3.4595,699,138.77
29.04,-2.806,688,151.68
29.892,-2.8191,588,146.05
29.244,-3.1598,558,131.54
9.7552,-8.115,2560,200.91
7.5971,-8.9776,2561,198.19
7.0066,-9.1747,2565,191.69
6.7768,-9.5392,2578,193.19
5.8412,-9.9308,2502,197.25
5.2524,-10.154,2413,188.44
5.872,-9.0614,2226,186.28
8.5752,-5.841,2159,194.37
10.499,-1.1622,2122,195.78
11.125,2.0961,2109,192.82
13.109,-2.3254,2126,183.83
15.894,-7.456,2101,173.35
16.128,-13.178,2098,174.76
13.955,-18.285,2075,177.59
11.522,-20.431,2105,176.85
7.6059,-18.397,2092,182.56
2.3353,-14.596,2145,187.25
0.46631,-10.916,2084,184.88
5.5411,-5.9515,2132,194.43
9.485,-0.61257,2168,189.75
13.551,2.0057,2075,177.17
19.332,3.3916,2057,177.03
24.04,6.2833,1964,168.47
28.187,6.2597,1901,161.72
25.556,3.9559,1888,163.34
26.947,-0.18562,2021,187.75
25.031,-6.0675,2024,187.52
24.364,-11.418,2114,209.48
20.658,-13.517,2136,184.46
15.144,-17.274,2076,176.82
7.8077,-18.18,2045,174.29
1.9192,-16.17,2100,197.24
-0.86974,-15.33,2169,196.56
-2.6818,-18.309,2002,180.13
-0.94486,-18.52,1862,158.42
0.13998,-17.102,1658,150.33
1.0579,-13.223,1765,153.63
0.8905,-9.9123,2036,202.01
2.1366,-7.6905,2275,185.77
1.8391,-7.6492,2255,180.56
2.4101,-6.6175,2288,187.44
2.6582,-6.942,2309,187.38
4.0151,-7.2335,2355,191.78
5.3311,-6.8885,2422,188.74
6.9844,-6.5706,2488,193.51
9.1787,-6.8864,2593,197.53
9.9364,-8.4381,2667,201.65
8.2936,-8.5769,2627,205.83
6.3961,-6.2311,2558,206.13
4.7089,-5.3006,2506,193.71
5.8508,-5.3465,2380,184.31
6.7979,-6.01,2295,183.91
6.0698,-8.1927,2265,192.52
8.0602,-10.261,2249,213.45
10.03,-7.1499,2197,198.77
8.5634,-4.9106,2085,185.63
6.4428,-5.5115,1986,176.03
7.5435,-7.6005,2142,192.06
6.2973,-6.9923,2208,200.59
3.9121,-8.6339,2151,203.04
3.8297,-9.6188,2086,198.14
6.7447,-9.9475,2045,178.5
11.837,-8.6946,2051,187
14.015,-7.3806,2172,191.22
11.048,-10.686,2115,177.92
12.342,-14.854,2034,174.48
15.468,-15.575,2062,173.57
17.181,-12.097,2095,191.71
14.975,-13.322,2160,255.79
13.83,-18.221,2175,197.03
8.7527,-19.46,1997,178.77
4.7061,-23.197,2038,171.55
0.70184,-22.919,1984,182.61
-6.1775,-22.253,1960,203.71
-6.63,-18.352,1985,214.44
-1.8134,-12.055,2060,200.89
4.1361,-7.0475,2109,194.61
9.762,-4.9301,2156,193.63
12.551,-4.4503,2048,176.76
16.879,-4.9886,2045,186.92
16.059,-7.627,2063,181.57
17.415,-12.506,2024,172.38
18.52,-14.732,2093,202.65
16.008,-17.595,2157,235.73
9.3778,-19.87,2189,228.78
4.7751,-19.718,2087,197.09
5.3892,-16.858,2045,197.48
0.7539,-14.585,2040,193.38
-1.9759,-13.935,2056,210.86
0.79037,-15.695,2064,246.82
3.5933,-13.999,2141,237.55
8.4889,-5.4535,2210,204.77
10.228,3.5149,2190,185.31
12.562,2.8854,2035,196.42
16.338,-0.29208,1950,196.91
14.407,-4.49,2000,202.04
14.389,-13.193,2068,191.02
14.971,-17.507,2028,182.02
12.95,-25.724,1931,175.01
12.37,-30.035,1873,186.27
10.116,-28.17,1878,200.93
4.1541,-26.586,2005,201.19
-2.866,-24.727,2013,199.21
-10.304,-21.457,1954,183.18
-11.339,-24.634,1931,172.64
-16.031,-20.066,1828,174.59
-19.142,-14.381,1786,163.8
-16.109,-8.0663,1728,159.25
-10.334,-3.121,1818,170.95
-7.493,2.4973,1880,185.62
-6.8006,-2.0014,1890,182.08
0.014778,-4.2064,1987,189.82
6.1954,-2.2408,2190,216.79
11.568,-2.4025,2245,226.04
15.332,-7.1462,2163,201.2
17.38,-9.8208,2209,244.03
15.166,-14.671,2306,254.42
12.196,-18.33,2275,249.16
9.4248,-23.114,2256,255.48
4.4854,-24.345,2237,255.07
4.4236,-31.683,2173,232.78
2.6222,-32.312,2203,274.16
-0.70612,-35.411,2263,274.99
-2.9819,-32.972,2107,212.86
-12.094,-34.098,2136,233.38
-16.791,-36.089,2066,240.04
-16.03,-37.429,1970,225.67
-16.411,-32.319,1824,191.2
-12.609,-27.4,1781,162.53
-6.344,-23.574,1751,156.57
-1.1091,-18.284,1924,182.29
4.4211,-17.656,2109,184.04
9.3455,-17.001,2110,224.06
11.931,-21.809,2093,212.42
12.077,-26.529,2022,207.05
6.5681,-29.925,2050,183.04
1.4586,-31.478,1977,168.74
3.3085,-31.576,2021,223.09
3.1818,-34.388,2002,203.84
3.7505,-33.777,2081,179.15
4.1333,-34.303,2103,206.13
4.6111,-32.888,2260,190.58
4.8164,-31.785,2298,189.26
5.3142,-30.466,2357,197.82
6.1872,-29.318,2396,200.21
8.0266,-29.651,2410,218.42
9.1984,-29.763,2446,252.3
8.8842,-28.11,2440,260.41
6.5123,-25.755,2413,261.86
4.7716,-24.12,2363,247.78
4.5386,-22.136,2313,224.34
7.8985,-21.29,2212,233.35
10.88,-21.581,2163,231.82
11.877,-22.409,2125,228.51
12.137,-21.206,2094,216.25
14.55,-20.245,2072,214.31
14.24,-21.605,2073,213.18
12.696,-26.665,2083,227.47
12.85,-30.748,2098,232.54
12.829,-32.737,2105,224.5
9.4066,-34.318,2092,223.97
4.8352,-34.341,2060,211.76
2.0298,-32.509,2043,202.88
0.29135,-30.545,2023,201.01
-3.3017,-28.69,2046,209.62
-3.0189,-27.344,2100,214.65
-2.9029,-24.075,2201,230.86
-1.9927,-20.081,2221,193.9
0.60421,-17.716,2280,204.88
2.5089,-15.397,2303,200.9
1.7801,-13.658,2306,219.02
0.98007,-14.097,2286,191.82
4.0453,-13.305,2298,195.11
2.2672,-10.474,2213,185.49
3.198,-8.2178,2165,190.39
2.6568,-8.9402,2160,190.97
3.4422,-13.961,2236,187.28
2.504,-18.32,2164,177.8
3.454,-22.956,2073,202.6
5.0675,-29.709,2074,189.42
6.7429,-35.88,1895,172.47
10.083,-36.478,1668,153.44
10.263,-36.409,1778,168.61
6.0638,-33.693,1927,176.05
0.59994,-29.436,1922,190.16
-4.102,-23.364,1906,203.95
-7.6618,-16.734,1837,183.77
-7.7451,-18.308,1770,179.44
1.4347,-12.636,1867,184.26
8.5735,-7.8112,1995,192.41
13.988,-1.3194,2095,196.53
17.55,4.7331,2028,189.59
18.3,7.0461,2025,234.3
18.113,-1.444,1929,185.61
16.179,-6.2216,1929,199.22
13.458,-16.494,2022,201.69
11.407,-24.189,2086,209
5.4034,-29.938,2026,185.47
2.4302,-35.22,2043,187.66
-2.2765,-38.71,1908,166.59
-4.8679,-39.188,1791,168.08
-2.9902,-35.937,1737,163.52
-0.080661,-31.596,1846,165.83
-0.55528,-24.86,1997,200.84
-1.4757,-24.518,2037,219.35
-0.70076,-21.754,1974,197.46
-0.41738,-19.746,1975,180.89
-3.6186,-17.021,1971,167.75
-4.8011,-15.032,1992,193.84
-6.8547,-13.597,2014,191.18
-7.0112,-17.792,2090,188.19
-8.1099,-20.487,2147,197.53
-7.058,-21.027,2155,186.26
-8.4583,-18.944,2163,216.73
-4.9515,-20.348,2148,211.68
-1.5209,-16.024,2223,224.17
1.4113,-11.991,2145,204.53
3.2321,-13.615,2247,221.96
3.4379,-13.248,2315,229.18
1.2292,-14.815,2280,215.79
-2.5505,-21.338,2187,224.52
-4.7988,-27.249,2082,203.95
-4.6307,-30.29,1885,176.77
-5.1377,-26.498,1762,172.57
-6.6749,-22.894,1877,182.68
-7.9981,-18.428,1935,204.84
-3.9182,-14.31,1985,176.99
-3.2651,-5.9152,2049,184.92
0.75292,-5.097,2040,177.09
4.6241,-6.2705,1992,175.29
7.0595,-4.3427,1931,188.86
7.0432,-0.31434,1881,167.48
7.9421,3.325,1753,157.85
13.129,2.353,1785,165.42
20.042,1.9881,1911,205.42
24.17,-2.0333,1997,211.41
26.784,-9.557,2059,231.72
26.856,-14.385,2099,251.81
26.42,-20.286,2104,193.88
21.464,-28.296,1971,178.35
17.258,-36.729,1803,165.26
11.814,-40.781,1795,164.56
6.3416,-43.046,1755,153.78
0.61867,-42.393,1829,171.24
-4.2605,-41.327,1748,166.77
-12.561,-38.645,1825,198.06
-15.597,-33.06,1956,199.84
-12.434,-27.331,1973,188.37
-6.8505,-21.39,2136,209.1
-0.1532,-17.761,2123,192.76
4.6695,-18.143,2145,193.02
6.819,-18.711,2253,214.31
8.8792,-21.317,2217,183.18
8.1199,-22.658,2166,194.82
6.5921,-24.009,2197,202.46
2.49,-19.655,2035,183.65
1.2326,-17.538,1984,171.25
3.0414,-13.708,2061,228.73
5.041,-13.982,2150,215.31
5.7234,-13.617,2179,195.91
2.8252,-13.244,2144,174.25
1.8754,-19.043,2089,213.81
2.0233,-22.473,2187,183.4
0.72533,-21.345,2200,175.38
-0.48567,-21.159,2119,179.75
-0.94261,-16.548,2122,242.83
-3.6686,-13.244,2101,235.02
-5.8572,-12.101,2056,212.51
-9.409,-9.175,2039,207.63
-11.854,-5.4798,1941,191.32
-7.6846,-3.051,1980,185.49
-2.3459,1.5655,2154,207.44
2.7753,6.2381,2144,213.15
2.3423,1.2419,2123,204.47
8.268,-2.7028,2109,193.28
8.1798,-2.7422,2114,223.7
5.1329,-5.1207,2158,207.46
4.4406,-8.8283,2186,212.21
5.4883,-12.504,2168,199.84
6.6928,-15.927,2148,180.18
7.8137,-16.181,2078,174.5
8.9691,-17.818,2029,176.3
11.183,-16.914,2010,177.84
13.368,-16.518,1888,165.45
14.98,-14.024,1857,175.3
14.155,-10.491,1895,167.49
11.984,-7.5455,1922,175.73
6.2622,-4.0521,2002,177.57
3.4112,-4.3725,2134,185.57
5.2864,-8.7857,2279,215.44
6.8864,-13.543,2308,226.78
13.338,-16.484,2275,235.15
19.486,-13.855,2232,224.14
23.56,-8.9823,2136,216.43
25.417,-7.5818,2151,195.26
26.629,-8.6149,2108,189.88
26.751,-10.983,2222,188.37
25.749,-14.75,2291,214.24
21.17,-17.547,2352,232.08
15.631,-22.563,2331,233.76
10.677,-22.911,2189,223.14
8.8421,-23.764,2024,198.4
7.5785,-18.977,1853,182.67
6.0021,-18.762,1958,195.4
7.295,-14.323,1997,189.29
10.219,-10.205,1994,183.41
10.106,-6.0785,1958,168.42
9.3933,-6.5476,2070,194.22
6.5983,-8.8489,1999,165.88
1.6051,-11.659,2022,170.96
0.73546,-13.713,1966,184.29
0.22782,-18.127,1970,188.73
-1.796,-17.443,2022,183.66
1.4306,-18.109,2076,190.14
4.793,-12.462,2061,181.12
7.8686,-8.3815,1974,174.46
11.467,-5.2983,2110,177.16
14.875,-2.7488,2194,224.3
18.673,-3.9567,2298,213.78
19.554,-5.615,2135,182.73
20.391,-7.5445,2048,170.35
19.434,-10.809,2009,167.33
18.815,-15.338,2008,177.85
17.786,-22.454,2071,182.18
16.185,-30.256,2142,212.28
16.886,-34.437,2037,196.54
18.241,-38.724,1973,198.25
15.703,-39.912,2017,196.54
13.214,-40.039,2018,194.15
12.933,-31.951,2056,187.19
5.8315,-25.182,2119,220.48
-0.77841,-26.492,2088,217.54
-7.1806,-26.72,1914,183.4
-11.784,-29.135,1899,192.39
-16.054,-30.235,1893,174.28
-23.155,-31.774,1796,172.7
-27.999,-31.981,1555,152.3
-29.238,-26.894,1499,152.63
-28.404,-17.164,1508,152.7
-28.48,-13.151,1466,153.67
-24.655,-13.62,1673,164.03
-18.956,-13.551,1818,171.73
-9.0605,-12.978,1880,182.09
-0.49265,-13.369,1980,178.79
7.5309,-15.724,1934,178.08
11.596,-20.671,1948,168.13
16.066,-24.244,1695,154.95
17.753,-30.588,1798,192.75
18.46,-34.349,1908,208.77
18.925,-36.661,1921,203.55
17.027,-39.29,2047,211.1
14.477,-43.554,2019,200.26
9.2665,-42.275,2007,189.6
7.1852,-40.884,2126,190.45
4.0521,-35.817,2049,215.22
3.4974,-29.292,2134,217.88
2.62,-22.233,2167,218.63
-2.3581,-16.901,2150,225.5
-6.1753,-11.137,2137,234.66
-6.0552,-7.0039,2053,226.62
-2.3565,-2.42,2118,180.34
2.8736,-0.96537,2102,191.94
9.2732,2.6131,2102,197.72
14.23,6.3334,2077,200.96
18.534,10.24,2047,207.7
23.252,10.07,2082,211.16
22.868,7.1012,2098,199.37
23.6,0.62184,2147,193.38
24.503,-4.9546,2268,215.63
20.896,-8.8566,2274,219.76
17.79,-10.311,2324,231.89
10.886,-13.195,2311,237.59
3.9188,-17.486,2266,227.67
-1.1882,-23.091,2207,223.1
-3.5622,-28.483,2100,199.39
-4.3369,-31.37,2046,190.59
-6.801,-29.196,2084,210.77
-6.3866,-25.975,2113,219.26
-4.299,-27.663,2070,207.26
-1.757,-29.616,2104,211.48
-1.7695,-30.097,2222,229.44
-0.31917,-31.207,2296,225.74
0.053682,-30.555,2320,238.77
1.9637,-28.094,2350,259.17
3.2095,-25.842,2453,266.48
4.2746,-24.394,2438,268.8
4.1278,-24.728,2398,337.01
5.2032,-23.687,2290,340.75
5.0502,-21.963,2203,348.81
4.5078,-20.691,2025,397.32
2.8684,-20.189,2131,411.89
2.8268,-19.804,2188,277.28
2.4589,-19.376,2357,258.62
2.5619,-22.139,2381,280.1
3.9875,-22.579,2291,265.72
4.8463,-23.902,2445,268.51
5.7293,-25.486,2498,258.48
6.2464,-26.5,2411,245.28
6.283,-26.433,2323,229.09
4.9971,-25.712,2248,227.02
1.1399,-23.56,2200,243.53
-1.928,-20.353,2203,193.99
-5.2887,-18.058,2197,200.01
-9.1465,-17.169,2259,182.06
-11.049,-17.423,2259,197.52
-8.6431,-13.335,2269,214.33
-3.1272,-8.6949,2244,256.81
2.7593,-8.0428,2203,241.26
5.2589,-9.0383,2232,227.75
6.4056,-10.832,2231,249.84
6.6965,-13.299,2271,252.98
5.1498,-16.767,2280,251.83
4.1536,-18.727,2282,254.5
1.7921,-21.803,2321,250.28
2.5992,-24.353,2255,229.92
2.9482,-26.446,2254,228.85
5.8425,-25.51,2298,236.83
7.5622,-20.07,2339,238.31
4.6472,-14.736,2418,220.04
1.0738,-13.269,2414,207.74
0.49174,-8.2078,2194,176.01
1.4494,-7.193,2135,187.54
6.3584,-6.6562,2159,198.01
8.4868,-3.9483,2217,207.26
10.726,-6.0877,2251,203.4
11.78,-10.415,2291,206.66
11.541,-14.134,2229,178.28
9.0036,-17.694,2060,177.23
12.248,-23.003,2193,204.66
12.964,-27.781,2242,207.7
12.566,-29.434,2277,238.59
9.4685,-29.47,2285,232.03
6.0993,-30.843,2249,234.66
4.5706,-31.109,2219,246.02
0.32172,-33.503,2263,248.78
-2.9346,-32.662,2263,234.97
-4.5256,-29.944,2268,257.99
-5.4503,-26.121,2331,213.14
-7.4218,-24.759,2264,203.65
-5.5041,-23.66,2299,223.88
-2.6469,-19.181,2355,229.71
-0.044122,-14.241,2382,257.68
2.7125,-13.064,2375,233.34
7.9676,-12.348,2384,228.55
9.3235,-13.34,2360,202.3
12.926,-14.452,2318,219.91
13.934,-13.392,2304,197.95
9.6197,-13.351,2230,191.74
5.9905,-12.631,2178,188.82
3.5207,-13.237,2098,184.08
3.3753,-14.401,2061,176.01
2.6492,-15.39,2004,172.99
0.14828,-17.024,2037,179.23
0.73853,-17.443,2081,172.96
3.3263,-17.209,2129,177.78
7.4939,-19.042,2204,194.48
11.228,-24.355,2189,187.9
11.132,-32.14,2067,185.33
11.182,-36.898,1995,181.51
6.5949,-36.204,1894,189.55
4.2342,-33.557,1761,199.68
4.6661,-28.545,1636,180.86
5.6659,-25.128,1515,182.09
6.7395,-23.703,1389,170.71
8.9411,-20.282,1418,164.67
8.8579,-13.8,1591,176.69
10.175,-7.1743,1820,201.1
7.6631,-2.7384,2036,234.15
4.8286,0.9874,2126,242.67
2.7976,2.5366,2109,223.5
5.982,1.7154,2132,182
11.654,4.3352,2191,247.2
12.96,7.021,2165,217.1
13.112,5.6105,2112,196.81
13.703,2.706,2179,216.36
13.083,-0.26827,2222,211.83
13.129,-2.0429,2225,224.42
10.256,-5.8514,2251,244.21
5.9784,-8.0427,2267,238.19
3.3759,-9.1526,2197,219.53
6.2131,-8.3431,2154,203.49
7.2506,-5.8653,2111,190.83
11.737,-3.7297,2106,184.18
14.004,-3.3848,2129,190.1
12.409,-3.4664,2111,198.47
11.521,-4.3774,2189,206.99
9.3809,-2.185,2138,196.96
8.2118,-2.6193,2090,186.65
4.8396,-5.2736,2135,183.72
1.1792,-10.293,2188,190.45
-1.611,-11.591,2190,213.83
-2.2195,-13.333,2093,185.62
-2.929,-8.7661,2123,177.5
-3.7207,-7.6158,2211,207.38
-2.2726,-7.4964,2032,180.94
-1.8706,-6.3737,1976,175.87
-0.49875,-1.128,2001,182.44
2.9123,2.7985,2075,195.47
3.7855,6.6564,1989,194.26
8.1058,6.6435,2048,192.94
11.467,5.7019,2167,184.77
12.554,1.7309,2174,194.04
16.076,-0.37533,2249,195.5
18.461,0.4699,2317,228.52
23.229,1.9067,2369,227.01
21.81,1.1605,2297,218.31
21.951,-1.8776,2395,231.76
21.558,-7.174,2443,252.52
23.768,-14.147,2427,263.94
23.684,-21.239,2369,268.1
24.318,-27.833,2318,258.2
22.81,-28.1,2121,219.08
20.371,-23.33,1947,163.64
16.276,-22.476,2020,191.13
10.699,-25.253,2152,209.66
10.046,-29.643,2165,236.67
11.308,-27.935,2187,235.08
10.819,-23.197,2147,223.31
7.9763,-15.844,2147,227.83
6.342,-9.2541,2141,222.88
5.6821,-10.041,2258,253.03
7.5143,-13.975,2195,236.9
8.0042,-16.957,2343,245.91
9.1612,-18.014,2477,259.65
8.4999,-18.001,2485,289.37
9.718,-17.719,2430,291.35
10.751,-16.551,2431,313.28
12.314,-14.505,2370,332.13
11.588,-13.816,2297,359.98
12.255,-15.388,2373,339.33
11.999,-12.866,2194,352.66
11.256,-14.947,2258,368.52
11.403,-18.084,2342,351.07
9.5914,-17.951,2363,298.95
7.584,-16.712,2375,274.07
5.9961,-14.947,2347,264.72
4.9579,-13.302,2301,254.09
6.0939,-12.835,2285,261.84
9.3136,-12.123,2276,260.56
13.387,-8.7284,2254,250.54
14.882,-5.8898,2311,240.84
14.067,-5.7099,2398,256.98
12.517,-7.8252,2495,270.47
11.152,-9.3002,2573,283.9
12.476,-8.7784,2542,303.27
12.629,-9.0537,2497,298.79
13.15,-9.1538,2488,299.46
13.715,-9.5426,2457,307.96
13.481,-8.3199,2464,335.78
13.889,-7.7923,2509,345.01
13.979,-5.7161,2513,367.44
16.06,-6.0468,2494,348.29
15.51,-7.29,2496,417.92
13.884,-8.8034,2503,407.32
13.02,-10.672,2640,336.48
11.63,-13.041,2566,315.22
8.7521,-15.456,2484,278.34
6.646,-18.219,2388,253.81
5.7738,-19.715,2333,254.98
5.0658,-18.348,2320,254.33
3.7483,-15.01,2411,262.27
4.6542,-12.782,2496,268.51
7.6918,-8.8312,2577,261.76
9.5749,-5.808,2534,264.31
11.796,-4.9244,2529,252.4
14.392,-5.3777,2475,235.17
15.423,-5.757,2365,218.77
15.205,-6.9055,2324,233.79
14.896,-8.6033,2408,252.96
12.669,-10.973,2479,253.42
8.5313,-14.655,2433,247.97
3.9362,-16.267,2436,249.5
0.49923,-17.539,2391,247.63
-1.6181,-15.947,2368,245.34
-3.9562,-14.796,2448,248.64
-3.5791,-15.124,2291,228.23
1.4072,-11.891,2223,198.15
3.6385,-8.3032,2251,207.65
7.4011,-6.1101,2264,205.47
9.4092,-1.153,2254,207.24
11.65,1.8465,2209,187.44
14.28,4.9845,2150,195.06
18.589,6.7239,2187,210.58
19.508,4.2082,2164,197.54
18.906,-2.5889,2180,207.44
17.253,-10.378,2186,218.28
14.709,-15.769,2089,206.07
12.108,-19.651,2126,213.53
8.1482,-23.211,2210,208.32
1.7562,-26.565,2236,222.32
-3.3266,-24.265,2336,242.72
-5.467,-22.423,2379,258.12
-3.0229,-24.418,2203,231.9
-0.35438,-23.732,2019,192.08
-0.3707,-22.992,2022,207.57
1.668,-19.132,2010,199.09
2.7481,-14.681,2041,197.33
4.2722,-10.132,2119,204.95
7.1183,-4.407,2155,203.91
9.7168,-2.7476,2150,195.7
13.288,-1.6348,2075,186.8
14.021,-3.3477,2048,186.55
17.196,-0.56847,2024,182.88
16.314,-1.3057,1876,169.37
16.843,-4.1382,2045,184.34
13.645,-7.1446,2056,190.18
12.8,-10.215,2063,206.13
11.389,-9.4628,2046,195.31
9.1942,-11.227,2216,199.7
7.5367,-19.631,2278,193.39
6.7423,-23.576,2150,202.93
2.2842,-22.392,1986,183.97
-3.7826,-24.236,2079,205.55
-6.7627,-22.447,2036,209.41
-7.9819,-16.81,2155,230.73
-9.8633,-13.064,2084,233.08
-11.536,-6.8282,1970,231.23
-8.6845,-5.9582,1965,196.09
0.20958,-8.9594,2046,200.07
7.2339,-7.8703,1916,183.85
8.1438,-5.1692,1685,165.7
7.1072,-6.2821,1578,157.67
6.6507,-7.683,1558,156.45
7.3559,-8.2169,1590,160.43
5.5013,-4.073,1514,149.76
2.7102,-0.98181,1561,161.55
6.6548,1.1649,1685,176.28
11.548,5.3763,1799,165.41
15.181,8.9713,1978,190.68
14.502,10.284,2034,195.23
15.71,8.1288,2167,222.53
10.299,5.332,2023,203.84
7.2683,3.1908,1957,193.93
6.8035,-1.297,1994,193.3
6.0188,-3.7339,2009,184.26
0.58126,-3.8847,1986,187.25
1.7991,-1.938,2076,213.58
2.6424,-0.54318,2093,209.13
3.8402,0.79,2033,203.41
8.9913,5.4948,2027,185.29
11.184,5.3588,1973,172.13
11.443,6.3834,2021,191.87
15.192,8.9575,1953,186.16
16.194,13.023,2033,199.03
19.346,17.113,2041,198.14
23.091,22.84,2047,200.08
26.435,25.458,2098,209.2
28.011,21.98,2165,228.96
28.716,14.965,2252,237.8
28.146,5.7701,2360,246.24
25.477,-3.6098,2398,252.99
23.906,-11.58,2412,234.37
21.881,-12.291,2453,240.57
20.155,-16.929,2435,245.99
15.73,-22.19,2393,259.81
11.067,-24.87,2339,243.99
6.0868,-26.315,2304,249.35
1.0458,-24.955,2256,260.11
-5.0811,-25.148,2217,259.15
-5.3319,-25.895,2092,225.24
-2.528,-25.763,1976,203.81
-2.2176,-22.097,1821,170.15
0.11124,-23.638,1757,166.57
2.6258,-23.298,1835,177.21
7.2138,-20.826,1810,171.56
11.884,-19.242,1847,164.54
15.135,-15.626,1925,176.7
15.124,-11.79,1962,180.53
16.448,-10.389,2011,186.75
14.576,-8.0612,1993,182.54
17.437,-5.5843,2054,177.67
17.393,-4.1088,1941,192.95
20.954,-7.7806,2079,201.61
26.95,-6.1771,2317,212.72
26.548,-1.9838,2191,200.58
25.833,-1.6142,2128,200.89
21.929,-1.0112,2185,206.9
18.33,-2.4233,2129,209.2
15.156,-3.255,2104,217.79
16.098,-6.3251,2118,212.31
13.584,-9.0924,2137,198.06
12.528,-7.2948,2065,204.23
16.123,-1.6884,2082,205.13
20.849,3.7401,2119,199.93
23.915,8.3253,2178,195.85
29.105,9.845,2187,198.15
32.225,11.287,2136,203.01
31.036,12.831,2231,209.46
31.4,6.5144,2368,244.05
27.919,0.43025,2372,237.08
24.503,-6.3889,2384,218.98
18.475,-11.936,2341,213.68
17.042,-12.636,2189,199.46
19.009,-8.4204,2071,207.61
20.228,-4.416,2154,211.1
19.267,-3.8298,2146,210.33
15.604,-6.2728,2261,222.01
11.901,-11.357,2260,219.91
5.9998,-17.081,2282,234.65
-1.5435,-19.872,2298,246.64
-6.2245,-22.713,2257,264.5
-10.605,-25.834,2272,292.24
-11.166,-28.363,2280,279.22
-10.904,-30.676,2268,295.23
-7.4332,-32.345,2262,331.22
-0.098069,-30.639,2375,319.55
4.1726,-29.068,2396,307.14
3.9311,-27.978,2238,273.27
5.4313,-25.868,2261,249.07
8.5114,-16.954,2255,244.37
12.576,-11.246,2241,230.78
10.531,-12.421,2218,228.65
7.2423,-16.916,2206,225.75
6.2016,-19.23,2148,215.34
7.1981,-20.523,2124,207.86
8.0972,-23.15,2110,199.3
9.7162,-22.714,2091,201.88
13.068,-23.433,2127,195.78
12.283,-23.841,2100,190.54
13.659,-24.674,2016,185.7
13.596,-27.03,2002,195.16
9.4523,-29.462,1905,172.64
6.4542,-33.762,1947,191.11
4.199,-34.707,2067,216.1
0.38185,-33.224,2182,236.39
-3.161,-28.789,2200,228.79
-5.3255,-21.802,2281,232.24
-7.4088,-20.185,2244,229.81
-7.7889,-18.689,2365,249.33
-9.0355,-17.149,2337,257.16
-12.259,-15.61,2330,257.46
-16.196,-14.591,2266,246.55
-20.873,-11.821,2243,234.19
-22.825,-8.7153,2126,231.38
-24.563,-6.653,2133,233.15
-24.796,-3.0042,2224,248.73
-23.34,1.8761,2354,267.26
-20.856,3.3385,2365,271
-19.059,5.6853,2348,261.06
-19.279,8.9066,2319,263.08
-18.347,10.87,2319,239.96
-17.798,10.104,2142,219.24
-11.7,8.7085,2085,238.8
-5.4222,9.4697,2224,237.3
-2.326,5.8162,2210,243.7
-1.666,-1.6963,2233,237.6
1.9499,-11.078,2163,213.69
5.7963,-13.037,1981,177.34
7.8015,-8.9232,2011,213.92
10.02,-2.3014,2113,213.99
12.366,5.9838,2138,205.3
13.418,11.609,2061,191.25
14.568,14.104,2038,190.15
14.107,14.798,2032,201.99
15.832,17.848,2072,200.84
16.273,19.423,2066,211.88
17.803,22.267,2177,229.31
18.436,19.216,2230,233.1
16.622,9.4322,2197,219.53
16.02,-2.071,2244,227.87
14.4,-12.537,2275,220.94
16.903,-18.776,2115,228.51
18.118,-20.268,1918,205.61
13.128,-21.521,1686,176.48
7.6837,-28.753,1632,167.04
0.16536,-35.88,1694,183.04
-6.1841,-39.093,1827,208.16
-11.648,-37.913,1896,226.35
-19.406,-36.316,1913,205.99
-24.374,-32.047,1931,194.21
-29.404,-23.701,1955,179.18
-34.541,-18.685,1979,187.18
-37.54,-15.315,2001,232.29
-37.597,-11.076,2072,228.08
-40.088,-6.4958,2007,235.88
-40.684,-4.1149,2052,223.78
-37.024,-3.8177,2113,246.82
-30.534,-2.9415,2212,249.84
-24.832,-0.73091,2210,251.81
-18.66,2.663,2229,245.34
-17.87,9.055,2230,247.84
-22.517,11.709,2161,223.78
-21.09,15.219,1986,212.24
-18.257,20.984,2000,235.59
-18.094,23.734,1892,210.97
-20.384,27.994,1907,181.27
-19.057,24.73,1995,181.35
-13.974,21.19,2095,182.52
-8.977,19.251,2164,246.01
-6.5265,15.355,2192,225.28
-8.6449,7.0897,2191,223.1
-11.315,0.69406,2243,233.28
-10.229,0.52164,2092,205.95
-9.1153,5.2571,2039,197.44
-8.3542,8.7372,2057,201.26
-5.848,12.097,2023,193.9
-4.592,14.29,1984,193.93
0.30401,11.793,2233,220.86
1.5113,10.059,2198,212.68
2.6857,7.7075,2321,226.54
1.2351,7.0773,2320,248.56
-0.16295,5.6626,2367,271.17
-4.6046,3.7832,2285,244.11
-9.7248,0.25153,2257,235.84
-16.761,-4.4595,2261,221.94
-22.178,-9.1041,2226,207.47
-24.955,-11.819,2140,189.12
-24.458,-14.302,2042,185.67
-24.816,-15.91,2110,191.13
-24.476,-13.402,2115,184.18
-25.299,-6.4574,2205,208.62
-30.902,-1.3378,2240,227.39
-33.807,2.6496,2249,238.33
-33.412,7.2192,2167,232.63
-30.062,13.288,2173,228.46
-24.233,18.833,2198,258.06
-20.603,24.833,2225,232.03
-18.447,29.302,2142,226.16
-18.657,32.467,2017,194.16
-19.798,31.355,1980,190.89
-22.905,25.884,1988,197
-22.317,21.378,2161,239.12
-17.597,15.26,2269,257.48
-9.1144,15.881,2366,285.56
-2.3389,19.438,2423,292.56
3.516,22.309,2413,277.57
8.394,24.709,2395,253.16
10.263,23.468,2338,240.84
9.1077,16.475,2295,251.46
7.7908,10.915,2342,274.14
6.8474,6.2489,2307,279.9
5.6547,3.4351,2359,286.2
3.9221,0.8004,2352,282.55
3.0101,-1.6029,2351,299.29
3.7502,0.28145,2351,287.67
6.1514,4.9069,2395,283.33
10.437,5.7464,2476,269
9.9005,3.2957,2631,288.99
11.516,2.0323,2713,300.12
12.688,2.2306,2745,328.11
13.358,0.77651,2739,332.83
12.004,3.3797,2680,342.84
11.463,2.0277,2666,369.61
12.276,4.5682,2684,354.86
11.611,1.9415,2652,383.8
12.056,2.9057,2723,381.69
11.447,0.39133,2702,359.36
11.816,1.3112,2679,355.05
11.323,0.43861,2585,344.37
12.175,-0.14279,2575,331.38
12.552,-2.9365,2508,309.01
13.163,-5.1149,2495,282.3
14.018,-6.6557,2469,265.56
16.7,-8.9203,2387,250.09
18.659,-7.9805,2327,231.07
20.951,-7.1175,2318,222.09
21.666,-5.4987,2322,232.61
19.509,-5.1141,2323,224.08
19.828,-4.5408,2343,240.5
20.351,-4.0089,2427,235.07
20.862,-2.5958,2464,254.42
21.435,-2.0821,2600,284.69
22.724,-3.5391,2635,297
23.432,-3.3565,2656,291.25
22.663,-3.7634,2658,315.28
22.679,-4.5852,2682,336.82
21.631,-3.8771,2677,351.14
21.08,-2.5963,2705,330.17
21.427,-4.6952,2660,327.4
19.432,-3.5542,2599,359.53
19.66,-1.3134,2555,348.23
22.043,-0.51353,2565,359.03
21.802,-2.8501,2559,360.8
20.437,-6.8971,2632,338.35
19.275,-9.9838,2687,302.76
17.048,-12.366,2604,293.38
14.473,-14.606,2569,282.54
10.932,-16.933,2555,266.8
7.3731,-19.7,2505,283.11
3.9099,-20.345,2484,259.98
2.9984,-20.782,2572,287.41
4.2659,-19.151,2493,279.87
3.7581,-17.323,2460,267.79
4.6107,-17.294,2514,272.95
7.8135,-17.751,2512,282.83
10.508,-17.241,2460,265.91
11.478,-15.586,2395,254.23
11.056,-12.676,2390,244.17
11.106,-8.2803,2521,250.98
12.233,-3.9911,2577,248
13.01,-2.2353,2560,247.51
14.438,-4.3196,2480,234.39
15.066,-10.07,2456,227.76
15.76,-14.66,2510,231.53
12.809,-18.102,2480,216.43
8.9043,-18.973,2429,218.82
6.1759,-22.045,2386,229.78
3.3055,-21.002,2395,225.78
1.9448,-18.711,2474,252.13
2.4002,-14.036,2407,241.8
1.6003,-11.862,2492,261.76
2.9962,-8.8731,2508,264.81
3.3581,-9.4705,2457,257.98
3.7431,-9.7605,2461,263.7
0.37696,-8.4625,2491,268.31
-1.4308,-6.9444,2429,268.78
-5.06,-7.0263,2478,273.68
-7.9311,-9.8083,2389,267.2
-9.0016,-13.311,2327,266.76
-8.1207,-14.551,2219,229.05
-6.8463,-13.532,2153,216.13
-4.5308,-9.616,2195,206.71
-3.9378,-7.1237,2335,226.17
-0.46689,-6.1577,2416,233.03
3.8813,-6.3932,2363,211.24
4.3086,-8.2571,2295,219.91
2.8693,-8.4046,2265,230.03
2.4551,-10.31,2363,251.49
0.62758,-6.8281,2356,234.81
-2.0658,-2.2154,2364,209.62
-4.427,3.1664,2302,205.33
-4.78,7.0787,2341,202.54
-7.5083,10.696,2370,201.7
-7.3577,12.155,2373,218.01
-7.8141,13.865,2350,218.09
-7.1636,10.91,2231,200.87
-3.3116,9.2292,2311,203.07
-2.1546,3.9235,2357,198.87
-4.8797,-2.0091,2309,196
-9.0645,-7.7968,2212,200.4
-13.546,-5.9272,2236,204.65
-17.827,-2.247,2266,201.12
-18.584,1.0561,2296,190.99
-14.291,7.633,2408,216.93
-11.944,13.759,2434,217.8
-12.68,17.039,2439,220.53
-9.0353,21.525,2493,251.82
-9.9256,26.665,2457,243.36
-12.134,27.052,2325,226.7
-14.133,27.962,2228,225.37
-12.763,23.476,2140,199.68
-11.022,17.51,2189,198.31
-7.4725,10.273,2332,213.45
-8.4358,2.5986,2338,205.66
-11.6,-4.2502,2282,220.69
-9.654,-7.0308,2258,211.28
-10.373,-1.7752,2239,214.63
-11.957,5.0757,2252,213.32
-14.107,10.248,2247,203.52
-16.47,14.824,2275,220.08
-18.485,19.058,2297,211.51
-21.015,20.809,2171,197.35
-19.44,19.007,2206,206.94
-19.487,17.771,2283,221.85
-18.726,14.311,2285,220.92
-19.739,12.808,2306,218.64
-22.561,13.279,2295,235.32
-23.266,15.33,2234,228.76
-23.887,15.323,2214,242.23
-22.812,18.659,2196,230.11
-21.431,20.712,2245,215.94
-19.231,21.254,2332,217.18
-16.323,19.894,2403,238.7
-14.544,18.832,2433,259.33
-11.253,17.779,2474,274.05
-8.1827,15.778,2343,295.35
-6.0939,15.612,2270,296.34
-5.821,15.644,2268,296.93
-6.513,11.469,2257,378.4
-5.6978,12.689,2142,345.4
-3.9898,10.698,2235,340.62
-5.0066,8.6256,2316,272.7
-5.0714,7.4121,2429,255.88
-4.4784,6.7821,2379,239.17
-3.6023,8.291,2532,245.83
-4.2661,11.668,2471,259.18
-4.902,14.228,2442,251.43
-6.6399,17.402,2385,247.41
-8.4125,20.984,2365,238.12
-11.59,24.484,2359,244.53
-15.996,25.984,2278,245.53
-19.831,26.917,2169,231.4
-21.447,27.226,2138,203.8
-20.679,26.185,2136,213.28
-18.747,22.823,2164,258.99
-18.163,20.732,2258,248.3
-15.714,18.601,2386,235.24
-13.862,16.414,2262,282.82
-12.307,14.348,2234,303.73
-12.127,14.544,2128,317.53
-11.213,13.201,2183,313.48
-11.1,11.626,2176,317.06
-12.033,11.301,2140,343.37
-11.31,12.605,2307,350.3
-9.6527,9.5792,2127,353.59
-9.5474,7.7904,2179,338.28
-9.7883,7.1816,2208,317.54
-11.294,6.6662,2256,309.5
-11.238,3.4411,2103,301.45
-9.1354,2.8422,2167,286.38
-7.6739,2.7426,2195,287.51
-8.023,1.1533,2276,207.02
-7.0689,-0.13775,2309,254.5
-5.61,-1.7779,2425,298.37
-3.518,-2.6065,2411,214.55
-5.2359,-0.067177,2383,213.18
-8.8061,2.9723,2332,250.28
-8.1148,3.6774,2356,259.07
-5.4871,3.6632,2449,228.64
-6.0337,2.1452,2488,222.47
-6.2978,2.3601,2477,227.64
-8.0469,4.445,2404,257.96
-12.905,6.0205,2377,237.45
-12.876,8.0866,2436,257.2
-11.385,12.195,2441,246.58
-12.269,13.063,2437,250.51
-11.008,11.39,2384,253.63
-9.6711,11.747,2482,251.03
-12.871,12.861,2432,246.85
-14.675,15.258,2432,246.87
-16.897,18.452,2451,253.61
-18.719,19.886,2370,241.05
-18.655,22.716,2327,245.49
-18.456,24.448,2310,279.86
-16.394,23.989,2329,282.13
-12.279,20.742,2328,276.25
-10.868,17.594,2360,246.52
-7.8398,13.719,2282,231.08
-11.171,14.193,2361,229.06
-14.526,10.185,2461,261.19
-10.117,7.0472,2431,242.53
-8.2479,7.0728,2326,222.3
-8.5788,7.6001,2180,209.05
-11.69,10.334,2100,204.41
-12.57,14.497,2187,221.5
-12.04,18.107,2253,226.2
-15.017,19.35,2235,210.14
-18.716,18.811,2110,194.28
-21.421,16.948,2045,186.8
-23.331,15.219,2117,198.14
-22.679,12.161,2065,205.51
-19.763,8.5272,2128,220.76
-17.115,2.8613,2141,230.36
-17.864,0.30394,2104,216.22
-19.819,1.5411,2220,247.33
-18.968,4.5297,2157,219.43
-16.131,-0.16657,2163,226.17
-14.579,1.4702,2248,241.74
-14.629,0.97189,2283,267.47
-11.02,5.906,2329,270.6
-14.234,9.3674,2314,276.41
-16.262,13.643,2225,248.37
-17.157,21.126,2184,221.07
-16.32,24.4,2116,211.45
-14.52,28.323,2141,200.66
-14.044,26.526,2073,203.95
-10.564,25.68,2050,201.59
-7.7857,22.167,2151,213.07
-3.7197,16.703,2145,173.35
-0.53778,15.388,2038,186.41
-2.3379,11.685,1920,169.07
-1.9661,10.858,1971,184.84
-3.5476,11.479,1990,174.57
-4.2179,6.0844,2074,236.21
-7.9446,6.116,2136,225.94
-13.371,10.121,2138,217.38
-17.219,16.605,2130,211.34
-21.201,22.64,2153,191.84
-24.024,27.971,2031,180.03
-23.921,29.738,1997,173.87
-18.829,31.42,2007,184.17
-14.727,26.025,1858,185.68
-8.6943,21.081,1785,195.45
-4.4373,18.378,1933,178.8
-0.9432,17.008,2089,199.92
-3.182,11.926,2026,183.28
-11.174,9.0661,2036,190.99
-17.98,12.208,2057,194.04
-22.896,20.17,2113,206.93
-25.379,19.521,2065,203.66
-25.937,24.523,2023,193.66
-30.854,23.973,1903,196.4
-31.481,22.738,1991,236.53
-32.556,23.967,1951,209.44
-34.576,24.763,2107,210.84
-36.463,20.465,2039,201.92
-36.735,16.013,1987,211.2
-34.89,9.9583,2023,219.87
-31.56,5.363,1996,199.34
-27.379,3.853,1986,190.41
-24.962,6.6986,1975,180.87
-25.912,7.6795,1983,183.53
-20.095,9.9424,1817,173.92
-16.517,12.99,1777,160.17
-10.593,11.608,1966,176.31
-3.6628,12.804,2183,209.97
1.3233,17.344,2350,244.42
5.2929,15.716,2386,242.2
9.5305,18.179,2388,225.95
12.39,21.037,2361,226.5
14.092,23.227,2300,225.44
21.423,23.992,2339,245.4
30.018,22.288,2428,262.67
35.626,20.17,2392,254.99
38.248,17.356,2301,241.51
39.066,15.655,2195,221.37
36.552,9.8141,2169,232
27.704,5.7224,2224,234.56
17.93,1.9607,2370,256.66
15.037,-0.43273,2439,281.56
8.311,5.5909,2388,256.35
0.081722,10.39,2338,253.18
-8.1719,11.317,2311,259.6
-8.7354,11.24,2226,257.87
-6.9678,14.751,2267,255.05
-2.658,15.393,2225,246.76
2.949,15.876,2243,240.87
6.0759,15.087,2208,216.19
8.7114,14.836,2114,194.04
12.317,17.507,2155,206.71
11.805,15.88,2220,204.84
4.9612,12.707,2196,212.89
0.29835,8.3264,2198,211.26
-5.3553,5.609,2260,220.39
-10.105,4.5232,2300,226.94
-14.016,10.155,2245,215.03
-17.897,17.787,2199,199.64
-21.474,22.686,2156,197.5
-23.645,27.494,2126,192.11
-23.798,30.655,1981,176.3
-19.459,35.298,2007,185.48
-16.111,29.996,2001,167.89
-9.0427,28.957,2096,178.91
-5.8909,26.404,2073,185.37
-3.75,25.663,2069,197.52
-7.4681,22.155,1995,181.42
-12.121,21.111,1871,170.7
-16.861,22.992,1824,175.92
-18.911,26.607,1778,170.61
-17.568,28.919,1789,176.88
-14.751,35.377,1801,184.42
-14.238,32.628,1825,163.28
-10.046,31.748,1894,175.53
-6.0965,31.159,1901,172.35
-2.0572,29.747,1955,178.16
2.8077,28.136,2045,189.7
8.208,28.022,1919,180.7
14.685,27.608,1867,175.59
17.588,28.847,1969,188.85
19.451,29.905,1912,182.37
15.703,25.453,1881,187.38
9.5179,24.818,1894,204.18
1.3243,23.906,1967,198.62
-4.3491,24.964,2089,217.75
-9.7943,21.736,2179,205.16
-12.456,16.045,2105,211.32
-13.673,7.5857,2213,240.37
-15.781,-0.72775,2305,249.48
-19.516,-10.201,2297,247.14
-19.85,-17.928,2240,241.95
-18.676,-25.203,2231,249.72
-16.787,-34.394,2192,243.47
-14.879,-40.431,2181,245.56
-11.729,-47.62,2210,253.13
-8.9058,-56.086,2155,228.76
-4.236,-62.858,2119,230.56
0.41411,-67.65,2079,223.06
5.8765,-69.802,2010,208.22
11.568,-69.816,1896,193.1
15.477,-71.504,1892,213.73
18.876,-69.004,2055,241.06
19.228,-61.971,2111,247.26
17.387,-57.129,2183,270.41
15.777,-59.151,2215,290.41
21.939,-60.234,2042,246.01
20.847,-51.502,2002,252.48
17.192,-44.952,1903,221.57
11.007,-38.677,1772,224.42
5.7184,-30.898,1748,199.19
1.0966,-23.335,1738,188.51
-0.50393,-12.538,1862,217.47
-0.62361,-4.9548,2085,197
-9.8071,1.6335,2124,186.06
-16.714,11.362,2039,178.52
-21.727,17.611,1952,178.36
-21.904,19.768,1854,169.07
-22.541,20.383,1770,157.04
-22.556,20.813,1614,153.28
-25.346,23.003,1679,176.16
-26.521,27.893,1897,188.67
-25.561,31.674,2069,211.65
-25.624,36.862,2126,208.44
-27.143,42.301,2134,218.27
-24.107,44.798,2182,227.38
-18.7,46.115,2231,234.15
-10.738,46.392,2286,240.16
-7.897,46.435,2240,247.33
-1.5429,45.375,2165,226.77
-2.4263,43.968,2146,258.69
-0.65903,38.688,2071,223.21
3.5105,43.45,2028,217.49
10.634,44.44,2086,235.42
16.46,43.814,2148,238.12
17.674,42.102,2281,250.67
19.325,38.867,2416,292.94
22.579,32.13,2473,308.41
29.246,32.623,2468,297.33
32.947,31.311,2500,301.91
39.204,24.698,2447,292.01
42.504,19.252,2408,290.93
46.762,14.123,2346,296.34
48.042,10.6,2379,294.55
48.205,2.7063,2412,305.47
50.062,-4.7184,2350,298.07
51.143,-10.087,2341,290.76
51.79,-19.33,2317,285.07
51.951,-24.661,2264,270.58
50.329,-30.29,2237,264.99
48.231,-31.16,2265,260.16
42.861,-31.428,2345,296.23
34.323,-39.225,2326,291.04
29.566,-45.543,2203,267.39
26.881,-46.647,2073,238.08
31.269,-42.972,2024,212.32
38.134,-39.3,1975,189.9
42.302,-34.156,1919,185.71
43.461,-27.279,1944,186.59
44.257,-21.523,1977,186.34
42.905,-17.725,1929,170.5
39.417,-16.853,1817,158.87
34.989,-17.246,1844,163.44
31.697,-16.867,2032,179.12
40.178,-18.092,2031,178.53
46.166,-20.141,1929,162.81
45.538,-27.581,1793,165.36
46.252,-32.998,1654,153.04
47.07,-36.943,1531,144.02
46.871,-37.766,1615,151.71
43.296,-33.765,1782,169.03
43.438,-23.978,1924,177.97
45.94,-18.335,2154,201.21
45.832,-17.09,2048,190.87
48.683,-21.125,2038,183.74
48.377,-22.108,2035,184.78
46.268,-24.435,2030,185.62
48.709,-23.865,2083,188.19
47.015,-25.498,2121,195.21
46.806,-23.272,2080,199.95
42.406,-30.525,2131,219.22
38.649,-37.661,2155,224.21
31.806,-45.223,2130,221.46
30.293,-50.491,2006,219.06
25.907,-54.082,2072,234.52
28.073,-60.522,2144,241.27
24.25,-61.477,2134,276.24
26.764,-62.934,2083,247.09
26.651,-60.011,2087,248.08
29.591,-51.992,2189,255.14
33.674,-41.733,2156,236.5
37.112,-32.536,2126,229.98
40.312,-29.705,1976,201.07
44.428,-24,1995,198.15
42.539,-29.397,2015,196.3
43.289,-35.516,2112,204.73
40.161,-41.538,2084,208.96
37.067,-45.342,2113,207.93
35.344,-45.167,2094,208.86
31.088,-47.49,2083,219.63
23.981,-52.862,2145,241.52
13.402,-54.601,2169,253.45
4.1023,-55.219,2220,279.96
-2.6232,-59.721,2167,294.24
-3.7043,-59.039,2145,294.83
0.067649,-57.791,2167,294.79
8.4698,-56.444,2172,278.52
17.127,-52.233,2180,262.48
23.267,-48.212,2072,236.95
29.56,-42.929,2045,240.27
34.554,-37.438,2010,224.49
36.968,-30.784,1993,203.64
38.432,-24.851,2068,215.12
37.333,-22.166,2028,202.75
38.863,-19.818,2210,231.19
33.504,-24.737,2223,252.12
25.54,-31.924,2190,260
16.8,-34.003,2179,278.05
8.9793,-31.613,2243,291.97
4.9766,-26.799,2258,295.24
1.6016,-23.688,2283,276.74
-3.8705,-20.847,2288,275.16
-12.002,-19.198,2271,282.01
-21.497,-19.148,2235,252.75
-28.57,-19.19,2129,236.97
-35.2,-19.417,2023,230.75
-37.073,-20.915,1965,222.39
-31.179,-23.642,1985,221.06
-22.184,-23.275,2017,206.27
-12.197,-21.902,2028,208.22
-4.0765,-18.609,1921,186.01
-1.5085,-14.274,1778,181.98
-0.71802,-11.151,1676,183.11
-0.23652,-14.318,1695,178.34
0.87335,-22.064,1847,180.83
-2.6461,-26.074,1998,190.83
-8.4627,-27.395,2146,206.86
-7.632,-33.026,2132,223.25
-5.0288,-32.408,2130,237.06
-4.104,-34.659,2116,229.45
-1.7936,-32.213,2138,226.69
-5.004,-35.111,2000,213.19
-2.71,-31.801,1943,216.13
0.92806,-32.435,2002,215.75
5.9769,-32.052,2058,207.55
10.144,-29.843,2174,218.55
14.363,-27.394,2257,215.39
18.38,-25.51,2251,208.27
19.688,-24.989,2241,199.2
19.688,-25.744,2235,200.08
18.754,-26.838,2206,220.1
13.675,-26.853,2271,222.98
9.7245,-23.398,2185,214.29
11.671,-21.87,2180,217.37
12.908,-20.506,2137,208.2
14.157,-24.432,1992,193.84
13.236,-25.269,1923,189.29
10.334,-24.749,1888,187.86
5.5681,-23.672,1892,196.45
-1.1014,-22.552,1828,196.12
-8.1414,-21.114,1810,209.77
-15.712,-17.624,1761,207.01
-23.276,-13.49,1729,209.67
-30.277,-7.4414,1758,217.63
-35.861,-0.095118,1800,204.93
-39.356,6.9372,1809,208.62
-42.082,13.253,1797,208.65
-43.012,22.62,1821,198.96
-43.424,30.585,1852,183.64
-41.587,38.777,1889,185.99
-42.162,44.028,1888,191.46
-38.017,47.971,1989,210.52
-34.137,54.633,2028,204.22
-35.074,52.816,2005,209.81
-31.946,49.411,2006,213.12
-31.52,43.001,1924,191.9
-35.535,40.822,1818,188.76
-37.36,43.078,1846,171.66
-36.815,43.473,1902,182.56
-36.654,44.246,1955,185
-35.264,45.471,2027,194.6
-34.457,45.018,2079,208.53
-35.1,43.943,2070,200.9
-35.315,43.482,2065,217.6
-34.723,42.594,2129,236.28
-34.291,40.164,2177,240.81
-34.647,39.254,2149,251.67
-34.977,38.118,2241,256.32
-35.366,37.404,2227,270.99
-35.686,36.017,2129,312.67
-38.699,37.256,2094,266.48
-39.35,38.078,2090,285.37
-40.699,38.304,2004,272.17
-40.56,38.653,2070,272.79
-39.673,40.027,2132,270.8
-40.279,40.153,2099,278.18
-42.075,40.473,2008,252.23
-41.795,41.245,1985,277.21
-40.165,40.694,2033,250.18
-39.712,40.59,1985,221.36
-39.749,39.608,1967,217.86
-39.149,40.778,1955,212.79
-39.5,42.482,1896,203.91
-39.844,44.017,1801,187.53
-41.212,46.831,1847,195.1
-42.49,48.541,1785,187.95
-43.64,47.944,1883,212.15
-42.878,46.81,1974,192.73
-43.062,48.256,2045,201.51
-42.854,47.919,1993,211.45
-42.961,48.08,1950,196.17
-42.473,47.687,1894,192.4
-41.587,46.622,1913,199.84
-40.589,45.652,1942,203.36
-39.731,45.115,2014,207.89
-39.397,44.214,2062,221.49
-41.48,44.449,1938,218.86
-42.44,45.297,1923,212.5
-39.308,44.151,2045,234.35
-37.303,42.345,2115,225.4
-38.354,41.553,2101,237.15
-39.237,39.158,2102,237.98
-36.209,36.804,2105,220.21
-33.264,34.431,2108,214.59
-33.094,30.12,2115,200.3
-34.867,26.737,2015,182.39
-35.189,28.353,1948,189.45
-35.735,30.863,1961,189.63
-37.895,31.719,2015,205.66
-39.792,31.278,1959,212.88
-44.491,31.048,1945,209.25
-47.608,27.151,1981,196
-50.031,29.444,2005,231.14
-49.093,29.497,2008,261.62
-48.931,28.98,2046,236.45
-50.159,29.488,2042,234.97
-51.126,29.576,1973,233.97
-51.051,30.22,1959,211.21
-49.333,29.767,1955,210.83
-47.629,28.983,1955,221.95
-47.313,26.721,1879,227.91
-44.607,27.731,2004,231.57
-43.024,28.486,2014,243.26
-43.605,26.863,1996,270.07
-43.28,24.782,1951,233.45
-42.88,24.426,1976,225.22
-43.851,27.126,1955,218.57
-44.955,27.981,1952,208.65
-44.29,29.52,2003,217.32
-43.025,32.653,2041,207.24
-45.665,34.753,2016,218.72
-48.979,33.192,2070,217
-53.735,30.5,1936,206.3
-54.366,31.974,1877,209.22
-50.346,36.938,2010,217.14
-46.888,39.428,2057,203.92
-42.488,37.964,2110,219.5
-37.62,36.335,2140,234.95
-38.453,36.03,2198,246.71
-41.384,33.666,2222,207.93
-41.959,31.522,2161,258.89
-45.748,33.461,2173,257.2
-50.08,35.278,2197,225.8
-51.708,38.96,2144,220.39
-51.751,40.267,2110,222.19
-48.756,42.342,2182,223.47
-48.982,41.157,2140,214.27
-49.196,43.927,2195,222.42
-49.291,45.462,2178,226.74
-48.912,46.571,2140,235.21
-49.588,46.776,2028,229.11
-48.961,46.078,2002,212.98
-48.541,45.643,1985,217.18
-48.518,44.168,2027,221.29
-48.411,44.143,1968,217.37
-50.866,44.701,1896,225.19
-48.933,42.911,2015,225.81
-47.632,42.136,2059,229.34
-46.975,41.983,2001,232.5
-49.465,41.855,1964,220.19
-52.292,43.099,1930,211.39
-54.96,44.155,1953,221.52
-55.12,45.363,1896,210.3
-51.566,47.892,1892,218.28
-48.598,50.239,1950,220.98
-47.008,46.762,1988,218.16
-45.455,42.092,2090,221.88
-44.33,37.437,2138,210.63
-45.939,33.552,2070,210.09
-45.875,32.525,2124,217.99
-50.195,37.102,2179,217.44
-51.526,42.794,2066,213.8
-54.463,44.787,2101,220.18
-51.154,46.982,2129,226.89
-51.963,51.297,2063,224.8
-55.322,53.443,1968,214.63
-53.683,51.79,2028,219.62
-51.835,54.227,2076,241.09
-51.075,53.81,2093,242.96
-50.87,52.268,2180,251.09
-51.544,47.894,2122,236.57
-51.131,46.984,2055,209.03
-52.323,46.245,2146,230.59
-47.591,48.474,2138,241.2
-47.99,45.311,2215,250.8
-45.097,40.992,2103,221.34
-43.489,41.638,2159,206.85
-46.775,40.182,2139,248.59
-50.25,41.403,2017,207.83
-54.911,41.732,1993,195.35
-53.857,47.95,1943,209.7
-54.645,52.469,1761,190.29
-50.814,53.089,1734,183.47
-48.289,53.708,1827,187
-47.191,51.127,1820,181.66
-46.202,46.203,1867,195.41
-46.621,39.681,1977,194.14
-48.24,36.678,1916,181.94
-54.264,35.382,1788,180.65
-53.384,34.293,1750,186.59
-58.603,39.681,1645,159.52
-59.933,41.055,1448,158.48
-61.501,43.666,1246,143.27
-59.853,42.602,1075,141.28
-57.694,45.342,994,138.32
-56.135,45.083,1040,143.47
-57.541,47.963,1096,150.24
-55.645,47.79,1240,151.89
-51.846,48.758,1387,152.37
-49.556,53.313,1406,140.89
-54.007,55.708,1360,142.86
-57.412,54.096,1354,153.38
-62.055,51.646,1315,138.42
-64.705,49.829,1437,140.4
-67.299,55.008,1341,143.72
-68.177,54.675,1371,155.52
-61.804,52.643,1463,151.4
-63.663,56.466,1495,160.34
-64.379,55.498,1344,140.15
-63.645,58.982,1356,138.84
-65.192,54.382,1303,149.57
-68.726,57.093,1217,148.11
-65.107,64.469,1191,139.43
-56.908,64.804,1203,152.21
-51.997,61.109,1134,131.15
-54.965,55.021,1163,144.6
-63.985,49.494,1069,132.32
-66.706,50.651,1098,126.23
-59.514,55.252,1081,126.18
-59.811,57.802,1053,125.61
-58.2,51.609,1088,120.09
-54.196,51.657,1051,117.27
-48.287,44.683,963,113.9
-43.689,41.845,935,114.5
-45.005,37.682,852,106.09
-49.423,35.862,823,107.29
-52.298,35.762,798,112.29
-53.208,34.358,869,117.98
-54.559,31.828,853,109.47
-53.806,30.917,863,120.74
-52.777,36.28,883,114.99
-50.95,36.406,823,114.46
-52.454,33.001,789,110.01
-56.448,28.104,806,115.1
-59.471,29.754,806,120.46
-62.179,33.55,864,127.53
-65.414,41.105,824,122.4
-66.317,48.251,843,110.62
-67.982,52.332,871,113.7
-63.048,50.776,839,104.23
-58.668,47.525,906,132.84
-60.779,43.843,919,135.33
-64.85,47.117,931,137.76
-69.335,48.962,924,125.71
-70.151,50.05,869,124.26
-68.532,48.212,841,116.69
-67.667,47.401,745,103.73
-69.553,46.941,754,102.52
-69.059,44.458,728,108.58
-64.595,44.497,757,111.72
-59.34,47.021,814,115.45
-62.878,54.21,860,119.8
-68.859,51.757,915,122.71
-69.553,50.35,951,125.2
-69.625,56.736,1006,131.97
-69.448,59.59,1197,144.12
-63.881,61.755,1192,134.94
-60.259,53.789,1164,127.27
-57.584,54.05,1088,120.11
-55.824,54.313,1119,125.87
-56.585,48.195,1093,124.44
-54.084,47.026,1096,128.23
-58.641,51.127,1188,132.43
-59.215,51.765,1188,131.97
-59.861,52.392,1121,137.91
-57.819,48.52,1107,129
-60.814,49.61,1235,137.24
-57.706,48.165,1349,138
-60.293,54.65,1426,150.63
-56.532,56.501,1487,154.97
-56.272,63.392,1579,163.11
-49.182,63.336,1765,201.74
-43.18,69.254,1815,200.88
-36.349,66.596,1913,222.38
-31.357,69.215,1935,232.38
-33.314,65.434,1957,243.57
-38.079,64.213,1988,261.64
-40.703,68.282,2050,274.38
-44.636,72.788,2118,300.23
-49.347,82.347,2036,288.98
-52.138,90.404,2015,267
-56.346,95.451,1984,270.48
-58.809,98.171,1920,273.07
-55.974,105.24,1921,251.98
-54.366,109.62,1905,245.51
-54.55,103.11,1912,247.73
-51.179,92.962,1941,247.83
-48.849,83.632,1987,238.48
-46.512,79.03,2041,248.95
-45.701,81.161,2040,258.85
-44.706,77.268,2018,261.34
-43.121,71.431,2007,247.1
-35.751,64.363,1945,230.99
-28.773,61.087,2053,251.26
-27.21,62.65,2076,266.14
-28.448,63.991,2066,266.67
-30.048,66.058,2097,266.42
-29.185,71.217,2094,275.21
-33.576,68.247,1968,251.08
-38.896,68.256,1811,228.38
-38.333,70.648,1618,182.34
-41.124,66.611,1668,191.27
-48.578,61.213,1694,188.29
-56.403,61.142,1747,196.43
-61.959,64.881,1705,189.5
-61.96,66.336,1712,201.02
-61.822,67.26,1726,195.98
-64.266,67.391,1730,201.16
-63.615,74.425,1692,205.18
-58.12,77.096,1789,186.01
-54.17,80.56,1841,192.06
-53.925,81.662,1817,173.96
-48.118,80.094,1887,185
-43.32,80.322,1984,199.81
-40.14,78.202,2097,232.61
-43.132,80.026,1983,222.26
-38.707,77.908,1958,200.72
-43.208,78.365,1908,213.07
-45.59,76.038,1766,191.73
-44.805,78.61,1864,211.96
-39.595,71.132,1868,190.37
-40.19,65.929,1863,188.22
-33.249,60.358,1830,183.74
-30.06,57.058,1919,210.67
-19.189,49.85,2007,208.96
-10.355,45.151,2072,224.98
-4.6573,47.003,2205,244.91
-3.7605,51.804,2293,271.78
-4.4067,54.764,2283,281.4
-2.5717,59.797,2287,275.03
-0.83228,59.317,2281,289.02
-1.091,62.14,2215,260.56
-2.0483,61.106,2204,269.4
-9.6392,63.26,2254,272.19
-19.354,67.793,2193,257.58
-26.47,71.574,2126,238.74
-30.459,77.098,2043,204.94
-28.971,82.547,2032,210.03
-24.428,81.924,2136,217.74
-19.457,81.038,2171,210.93
-19.657,80.085,2009,192.88
-17.466,84.562,2022,197.65
-20.273,80.969,1975,207.22
-20.052,74.13,1966,195.96
-18.786,71.004,2026,203.87
-17.613,69.037,2064,202.6
-14.287,67.571,2087,220.07
-5.965,67.394,2148,243.95
2.8436,71.546,2256,260.01
13.329,72.87,2274,259.39
20.175,76.962,2316,267.92
29.368,77.994,2337,275.79
38.099,79.588,2307,273.57
45.694,82.664,2312,276.5
53.724,86.051,2337,272.78
62.061,88.816,2345,275.71
69.877,92.565,2361,277.09
78.618,98.425,2341,264.98
87.898,103.58,2319,255.17
97.64,105.91,2306,244.59
108.4,109.49,2295,233.96
117.94,111.78,2297,227.42
128.69,113.18,2314,225.51
138.59,114.75,2319,218.18
145.74,109.21,2168,205.57
150.37,109.29,2202,224.27
154.17,108.53,2177,208.94
165.09,102.64,2149,208
176.63,100.69,2112,198.58
185.59,99.951,2056,198.23
190.35,95.065,2075,193.52
196.23,89.874,2030,185.17
200.21,85.12,2021,188.67
203.89,74.997,2030,193.24
209.25,65.227,2052,204.08
214.09,55.642,2067,210.41
223.72,48.765,2027,200.14
232.63,45.894,2117,213.42
238.71,40.012,2060,212.52
245.87,33.925,1775,189.68
252.56,30.836,1436,162.1
254.41,33.284,1258,146.97
250.23,33.954,1230,178.1
260.7,32.37,949,143.41
263.69,22.397,819,120.15
272.18,21.752,2274,207.31
274.16,14.568,2376,223.18
284.34,12.103,2253,201.9
292.39,11.547,2206,196.62
297.19,5.4357,2285,205.79
301.42,10.09,2200,198.41
300.97,13.396,2391,225.74
305.03,17.876,2337,205.81
308.41,21.661,2387,218.53
314.95,28.937,2361,215.69
315.18,36.885,2308,207.18
315.38,44.655,2190,200.45
313.28,50.205,2288,211.78
309.83,44.61,2313,205.72
316.6,36.113,2312,201.11
316.83,23.705,2379,204.96
315.28,14.389,2225,184.24
312.45,8.1472,2251,189.87
311.32,7.0038,2171,186.34
308.73,1.1578,2149,183
316.25,4.3649,2273,203.93
323.29,-1.0625,2231,192.01
322.87,-10.089,2239,206.38
318.77,-15.485,2229,224.8
316.6,-18.383,2253,235.82
320.38,-14.285,2228,216.91
322.03,-17.13,2243,221.72
321.68,-16.603,2339,223.28
321.51,-16.092,2416,233.81
321.93,-14.827,2472,240.09
321.36,-14.632,2507,242.44
321.87,-14.43,2551,242.98
322.48,-14.397,2592,240.08
322.78,-13.606,2664,251.4
321.76,-12.726,2725,249.38
319.69,-11.995,2762,256.55
317.76,-11.2,2772,252.68
317.11,-9.1786,2772,252.24
317.48,-9.4468,2762,246.74
318.32,-10.726,2666,244.06
317.46,-11.601,2521,224.4
315.28,-12.835,2399,215.87
313.69,-13.675,2359,218.82
312.22,-13.522,2341,208.34
312.13,-9.9447,2314,213.63
314.24,-7.9258,2302,194.38
316.8,-6.0537,2466,207.52
315.6,-9.3445,2654,218.82
313.79,-6.5659,2907,228.43
313.63,-5.7182,3032,242.47
313.18,-5.176,3062,252.27
312.82,-3.8574,3078,256.23
312.65,-3.3342,3094,265.43
312.27,-2.8388,3122,267.6
311.74,-1.8132,3171,268.13
311.84,-1.368,3190,266.87
311.09,-1.1721,3229,275.05
310.62,-0.7018,3269,277.69
310.1,-0.49278,3290,274.84
311.3,-1.1723,3269,280.68
313.05,-4.3198,3235,290
313.72,-9.0769,3098,282.93
313.52,-13.98,2982,278.76
316.47,-17.391,2908,262.35
317.56,-14.081,2749,241.1
317.22,-8.8151,2690,240.6
314.59,-4.516,2776,229.42
310.76,-5.9565,2700,228.59
313.24,-6.3002,2926,284.69
311.52,-9.2079,2997,278.97
316.14,-12.844,2972,270.43
318.61,-13.213,2843,242.48
319.62,-13.48,2763,238.19
318.6,-14.367,2779,251.36
319.38,-12.138,2847,249.91
317.04,-10.544,2959,307.1
315.76,-10.992,2908,254.32
315.21,-10.164,2891,241.32
314.67,-9.5106,2928,255.25
314.94,-8.9457,2936,250.71
314.7,-7.9111,2951,253.32
315.1,-7.6655,3007,257.39
315.11,-7.2196,2992,261.44
314.61,-6.5437,3010,261.67
313.91,-5.0481,2975,259.59
312.55,-1.8444,2946,251.7
309.84,-0.050725,2867,239.36
307.31,-2.4621,2868,246.8
311.66,-4.2565,3018,258.63
315.5,-7.0926,2970,275.56
315.02,-11.538,2865,250.15
316.54,-12.154,2929,254.19
316.79,-11.187,2743,229.82
315.71,-15.182,2708,242.15
314.96,-11.099,2785,254.28
307.88,-9.9237,2869,274.7
305.56,-4.0365,2937,266.55
301.61,1.0599,2853,255.13
300.55,0.10215,2741,239.83
305.21,6.4963,2704,241.69
304.28,1.8586,2596,230.02
311.92,-0.43093,2532,212.06
316.28,-6.7067,2534,217.37
320.41,-12.892,2664,228.42
323.28,-21.493,2678,231.43
326.3,-27.472,2607,221.23
323.21,-28.399,2479,218.88
323.89,-27.131,2497,222.89
320.27,-28.192,2420,220.13
320.4,-20.184,2386,208.07
316.03,-16.101,2525,225.04
308.67,-14.178,2629,225.73
301.05,-7.0637,2615,230.64
294.09,0.71287,2703,237.46
290.36,3.1031,2604,228.92
285.89,6.332,2755,240.03
284.56,9.2848,3002,277.47
279.05,5.1739,3009,309.22
273.59,7.8091,3185,347.62
262.05,10.454,3144,349.16
251.84,14.3,3143,329.2
240.76,19.822,3118,326.61
229.8,26.357,3115,318.83
220.67,34.456,3179,320.3
213.3,44.762,3230,324.76
204.79,52.476,3165,325.03
202.41,57.057,2999,301.05
201.55,63.315,2913,276.87
202.52,59.973,2841,269.79
208.23,56.385,2776,255.81
211.31,55.305,2747,228.72
215.99,52.869,2819,228.06
219.39,53.887,2586,209.75
218.11,45.748,2555,191.81
223.37,42.423,2644,233.28
223.64,39.791,2473,202.84
216.62,36.766,2220,181.06
216.58,41.631,2182,177.59
214.41,40.333,2149,178.31
212.39,42.779,2196,179.31
209.61,43.856,2158,176.64
209.6,43.097,2047,178.7
209.64,41.245,1956,170.37
210.53,43.174,1941,165.16
211.13,44.257,1930,166.58
216.14,48.286,1958,166.36
217.88,48.009,2247,186.34
217.02,47.484,2380,208.86
224.61,48.056,2387,219.81
234.46,44.111,2209,201.47
243.05,41.986,2298,211.46
253.2,37.403,2371,217.12
264.35,38.049,2558,249.08
277.68,35.755,2612,245.5
291.97,36.312,2732,260.2
306.19,39.326,2798,263.96
315.54,44.725,2827,253.81
319.37,51.265,2779,260.88
324.03,52.38,2794,250.75
328.2,60.098,2789,238.07
329.81,65.173,2725,218.45
334.09,65.003,2873,251.92
338.27,71.193,2833,264.16
346.76,76.568,2841,252.24
356,77.925,2759,253.81
365.46,76.608,2786,251.92
375.93,74.678,2689,237.59
383.93,71.761,2504,218.09
386.54,70.789,2368,207.44
380.24,69.259,2094,178.87
372.25,73.911,1974,171.12
366.27,73.212,2053,177.42
367.74,67.207,2102,185.15
365.03,66.564,2150,195.78
363.4,68.999,2009,189.96
350.44,70.221,1973,174.13
344.14,70.963,1792,156.53
343.11,69.805,1803,157.76
343.4,72.135,1756,161.96
342.28,74.083,1831,162.11
343.18,73.987,1818,166.65
344.95,75.725,1880,167.82
349.59,73.556,1995,175.66
352.38,72.455,1979,172.66
355.14,76.017,2046,175.24
358.15,69.002,2016,178.42
357.95,77.42,2087,172.66
353.91,70.622,2225,195.89
361.75,70.347,2262,199.29
368.18,71.599,2319,199.91
375.65,68.483,2475,213.3
381.76,68.352,2711,236.97
382.28,64.421,2653,220.89
384.36,66.447,2750,233.09
385.34,61.318,2556,222.99
385.63,59.707,2707,252.71
390.06,55.478,2641,237.07
390.28,49.85,2672,252.34
392.68,43.481,2582,235.35
396.16,36.733,2541,228.81
396.56,27.502,2483,228.13
394.96,19.053,2564,237.08
390.89,11.355,2602,240.82
384.72,6.022,2573,234.02
378.51,1.5528,2598,243.74
373.1,0.52254,2594,247.11
370.43,-2.0782,2529,248.98
371.49,-10.918,2431,236.11
368.09,-19.07,2518,239.52
366.96,-27.022,2630,267.37
363.67,-38.41,2536,254.05
357.3,-50.253,2521,250.36
353.7,-60.682,2440,241.79
354.07,-71.609,2400,237.07
355.57,-81.593,2385,235.52
357.91,-92.354,2317,217.77
360.04,-101.63,2220,216.78
364.62,-108.75,2282,238.99
368.67,-115.71,2301,233.22
372.28,-122.14,2224,244.73
373.34,-131.2,2153,224.71
373.79,-140.97,2140,229.83
370.72,-145.2,2180,242.99
368.86,-153.5,2159,241.79
362.79,-157.8,2114,234.98
356.9,-163.3,2142,248.31
348.26,-166.3,2122,241.22
338.46,-166.51,2093,236.64
328.23,-167.69,2079,237.57
322.41,-164.39,2200,263.08
311.84,-159.15,2150,254.32
301.32,-154.44,2157,248.74
293.39,-146.39,2165,235.32
285.06,-141.03,2190,240.78
278.35,-135.07,2158,220.2
269.03,-131.7,2147,218.86
262.56,-132.69,2094,219.04
253.73,-130.46,2142,222.97
244.42,-132.79,2130,222.65
235.42,-134.86,2119,223.32
228.93,-137.61,2111,219.95
227.2,-138.89,2039,214.89
228.29,-138.09,1954,220.85
219.55,-142.19,1935,205.52
209.37,-144.32,1943,193.11
200.83,-145.05,1946,194.59
195.07,-145.35,1907,183.42
194.23,-141.72,1885,179.7
194.8,-139.8,1868,201.12
200.44,-140.85,2034,209.17
206.6,-133.48,2129,214.61
217.42,-132.37,2212,231.15
227.92,-128.26,2194,235.48
236.17,-121.95,2235,236.4
242.04,-118.57,2150,222.92
243.4,-122.23,2259,265.84
236.47,-118.17,2350,290.18
230.77,-126.88,2329,290.36
223.93,-134.59,2182,252.14
219.53,-141.98,1986,213.95
213.26,-142.81,1936,201.11
212.55,-141.52,1925,202.95
208.75,-139.2,2051,202.57
209.62,-139.93,2094,211.01
207.94,-141.64,2173,209.11
207.36,-141.57,2145,215.27
207.11,-142.24,2122,223.04
208.23,-142.24,2164,223.9
209.3,-141.22,2223,232.1
210.37,-141.43,2262,228.59
209.8,-141.91,2290,227.93
209.42,-141.75,2292,237.77
210.46,-141.73,2350,244.59
211.22,-142.31,2368,238.36
211.42,-143.59,2309,242.47
213.01,-145.97,2246,225.35
214.31,-147.45,2192,223.45
213.15,-146.82,2138,218.64
208.47,-147.98,2121,193.19
202.46,-147.67,2154,199.55
199.15,-150.54,2093,204.98
203.27,-151.75,2074,209.52
208.04,-146.01,2217,224.34
212.32,-146.28,2256,235.72
214.48,-148.2,2301,238.75
211.84,-146.71,2525,236.64
212.02,-146.92,2562,246.77
210.31,-145.87,2566,251.79
210.4,-145.92,2473,246.4
210.41,-146.13,2402,245.25
210.89,-146.31,2373,254.09
210.91,-146.12,2378,244.76
211.2,-146.08,2375,247.12
211.17,-146.19,2382,244.5
210.91,-146.12,2423,249.02
210.59,-146.56,2457,256.05
211.11,-147.44,2533,260.25
213.96,-145.04,2571,258.78
216.61,-142.21,2554,259.52
218.05,-137.92,2576,267.1
220.67,-136.13,2539,254.25
224.16,-140.33,2441,234.19
226.85,-144.36,2430,252.37
219.99,-144.85,2439,245.2
212.37,-150.53,2423,242.13
204.27,-152.64,2453,242.14
199.9,-154.71,2364,211.39
196.18,-151.5,2361,222.06
199.28,-150.54,2318,218.17
205.69,-149.78,2395,229.04
209.04,-144.88,2513,240.02
218.6,-142.01,2491,238.7
223.07,-141.48,2509,245.32
223.65,-141.23,2452,235.89
227.4,-144.96,2305,231.79
222.09,-148.78,2289,237.24
214.09,-154.77,2276,235.73
206.4,-159.69,2345,244.35
198.08,-160.03,2291,225.86
194.51,-162.06,2190,208.53
191.47,-159.7,2252,227.9
194.62,-160.09,2292,245.07
193.82,-156.29,2288,243.35
199.41,-152.76,2282,225.15
209.17,-148.96,2275,213.32
215.71,-141.43,2379,230.28
222.93,-142.14,2383,252.52
226.34,-140.77,2278,224.96
228.81,-135.39,2240,227.37
228.17,-142.44,2245,248.75
222.25,-144.49,2269,252.81
212.26,-153.03,2305,234.81
204.04,-158.59,2202,223.42
198.59,-160.35,1945,191.97
194.52,-163.78,1828,183.54
190.27,-168.46,1779,169.99
187.67,-167.45,1898,210.93
189.27,-164.86,1956,231.35
197.04,-158.48,2068,250.38
208.44,-151.18,2087,252.6
213.94,-145.76,2209,247.16
218.25,-141.73,2252,231.35
224.33,-138.89,2261,232.66
220.47,-135.28,2276,217.09
224.59,-138.53,2230,207.45
220.12,-137.51,2091,203.02
222.42,-143.4,2116,218.81
211.03,-149.87,2160,227.47
200.93,-155.88,2098,205.42
193.19,-161.03,2021,191.71
185.7,-161.69,2055,191.36
185.68,-159.2,1975,212.49
182.83,-164.69,1865,201.31
181.3,-169.32,1602,184.34
179.32,-165.6,1457,178.8
176.68,-169.57,1337,161.05
177.11,-170.11,1063,141.54
172.89,-170.11,836,124.86
170,-168.47,711,111.69
172.43,-168.08,685,108.88
172.95,-167.26,788,118.59
172.89,-166.98,846,127.84
177.07,-166.48,1022,140.03
174.37,-166.68,1336,150.87
175.68,-164.72,1356,150.08
175.16,-157.34,1262,136.38
174.96,-152.82,1175,131.45
175.86,-152.64,1233,131.99
179.56,-159.79,1492,153.19
179.25,-162.41,1800,188.31
174.84,-158.64,1740,172.93
171.18,-160.05,1678,177.25
172.96,-156.34,1536,156.61
176.4,-156.86,1323,139.66
177.69,-158.12,1225,138.41
178.03,-159.59,1127,128.05
175.1,-161.81,1126,126.64
173.95,-160.63,1165,130.05
172.65,-157.3,1410,154.98
166.28,-157.9,1446,150.8
169.25,-156.59,1406,152.69
170.05,-158.86,1467,148.34
171.88,-156.73,1545,163.5
172.31,-155.13,1586,163.4
173.5,-156.46,1552,161.72
173.77,-158.07,1542,158.05
174.51,-159.27,1582,160.16
175.5,-160.83,1598,165.98
176.02,-161.39,1631,168.99
176.2,-162.06,1671,168.47
176.04,-162.65,1700,171.92
176.57,-162.78,1709,180.29
176.93,-163.34,1725,173.29
175.6,-164.01,1734,174.75
173.69,-162.08,1713,167.31
171.48,-160.57,1708,174.68
169.75,-158.11,1719,176.68
169.34,-155.06,1786,172.18
172.04,-152.75,1788,167.14
174.55,-151.19,1748,169.41
176.36,-150.59,1786,169.79
173.64,-149.98,1827,172.15
171.91,-151.89,1795,176.21
173.13,-153.97,1913,172.41
174.83,-151.99,2018,172.89
176.14,-152.76,2049,189.82
175.01,-151.64,2066,188.16
174.92,-149.07,2113,184.59
175.46,-150.17,2247,202.22
175.31,-150.36,2172,201.21
175.63,-151.95,2151,191.9
175.66,-151.95,2072,190.65
175.84,-151.82,2028,197.19
176.31,-151.99,2043,197.18
176.25,-151.84,2024,194.47
176.05,-152.51,2044,189.73
175.93,-152.53,2037,195.64
177.3,-151.92,2072,197.19
177.11,-151.06,2087,188.26
175.79,-151.53,2189,201.27
176.52,-152.36,2242,198.55
179.57,-153.45,2267,214.98
184.28,-154.35,2199,207.63
184.44,-155.7,2181,206.42
183.21,-156.09,2305,226.03
181.16,-150.31,2361,215.56
179.73,-149.92,2306,204.8
182.61,-156.58,2256,202.13
184.49,-152.92,2309,211.24
179.74,-150.41,2330,213.63
181.64,-153.22,2264,217.43
183.62,-148.46,2210,206.42
184.37,-148.9,2288,203.03
186.93,-153.72,2236,207.97
183,-154.27,2189,191.89
179.09,-161.47,2251,201.58
172.51,-158.76,2237,194.37
167.3,-155.94,2135,194.98
164.66,-154.63,1983,174.28
164.29,-154.42,2020,174.42
165.06,-150.68,2243,187.32
167.62,-148.92,2259,194
171.06,-145.87,2325,214.75
172.56,-143.21,2375,209.67
176.13,-139.47,2457,218.09
175.34,-138.13,2515,222.44
177.58,-134.25,2524,243.66
176.35,-128.91,2532,253.08
175.36,-130.95,2466,263.11
170.56,-137.13,2470,251.18
169.28,-142.16,2374,230.52
173.52,-148.07,2208,210.06
177.26,-153.47,2195,198.33
172.81,-154.58,2115,190.09
171.32,-156.13,2072,186.48
168.33,-155.65,2060,186.84
162.55,-154.42,2132,201.91
160.7,-152.85,2012,182.89
155.09,-153.54,2100,197.09
153.72,-153.92,2224,224.4
152.44,-159.18,2234,245.23
145.01,-163.18,2243,246.33
139.58,-166.46,2140,254.19
135.92,-171.03,2107,262.51
135.05,-180.16,2069,293.71
130.38,-188.24,1990,289.23
126.53,-194.9,1938,276.85
125.24,-204,1871,297.63
127.95,-210.85,1835,302.41
129.64,-214.62,1796,301.64
129.05,-212.81,1790,302.34
127.89,-205.26,1843,295.96
130.97,-197.96,1938,310.08
131.77,-197,1873,275.28
135.49,-192.52,1929,255.69
136.04,-181.98,2005,247.42
141.73,-176.02,2002,260.98
142.86,-171.01,2044,242.25
152.43,-164.48,2045,247.69
157.67,-157.73,2098,237.65
164.96,-149.6,2174,237.52
164.16,-141.67,2320,250.14
167.68,-130.24,2313,257.09
168.96,-121.1,2356,261.5
171.54,-111.88,2304,238.31
173.24,-114.12,2380,267.53
172.48,-119.07,2457,295.87
173.55,-129.64,2369,279.28
175.6,-138.64,2279,259.75
178.07,-147.61,2169,230.34
177.64,-150.21,2107,196.14
182.13,-153.12,1946,192.39
186.35,-150.22,2018,210.97
189.48,-144.35,2133,213.8
190.22,-147.48,2196,215.05
186.06,-144.73,2229,223.53
191.98,-146.05,2273,229.36
194.16,-144.26,2277,248.08
198.07,-138.8,2282,233.23
196.6,-133.29,2387,259.06
194.21,-140.71,2213,233.52
187.46,-142.07,2073,217.49
182.23,-150.8,2013,200.24
177.33,-153.81,1882,174.12
171.47,-157.47,1736,172.08
168.01,-160.2,1572,162.3
165.95,-158.03,1391,148.86
162.27,-164.66,1253,143.84
165.14,-162.74,1254,143.68
165.5,-156.29,1561,174.68
167.32,-151.78,1639,163.39
164.17,-148.97,1969,186.7
171.2,-147.34,1976,184.95
174.07,-144.01,1977,192.67
184.87,-135.77,2124,207.81
192.92,-130.58,2203,215.07
204.41,-127.79,2273,224.17
214.48,-121.34,2386,249.95
225.22,-114.81,2435,248.81
232.06,-106.34,2464,255.72
238.52,-98.371,2504,263.32
241.07,-90.897,2493,252.43
243.16,-83.648,2562,260.18
242.43,-74.321,2587,253.64
240.37,-64.912,2590,244.74
239.05,-56.114,2636,244
235.07,-47.572,2637,236.49
230.98,-39.225,2545,218.3
227.44,-32.947,2547,212.36
225.62,-25.128,2487,212.83
226.43,-14.981,2486,211.9
225.09,-6.0567,2682,240.05
217.42,0.11106,2602,238.53
209.2,2.2539,2501,215.66
202.49,8.7823,2465,222.36
193.65,17.804,2525,228.21
181.85,23.559,2613,234.39
170.6,28.53,2628,233.29
160.84,31.825,2648,235.45
151.84,29.45,2617,234.97
142.76,27.517,2507,229.37
134.93,25.087,2542,240.53
133.27,18.584,2512,245.76
129.09,14.115,2629,260.36
126.81,3.0015,2559,260.7
118.12,-4.9714,2485,257.39
115.04,-7.6243,2403,250.75
112.87,-1.1023,2401,243.79
116.38,6.6419,2223,210.91
121.7,17.423,2339,212.74
126.04,24.493,2479,234.38
129.53,30.642,2380,220.9
127.7,32.318,2424,225.5
120.01,35.358,2419,219.33
114,42.714,2527,217.51
113.45,53.788,2479,216.48
113.47,63.916,2464,211.87
112.62,74.882,2569,233.34
113.06,92.517,2703,233.9
116.58,108.41,2680,249
123.33,121.66,2686,234.47
123.34,132.35,2710,224.74
122.93,140.65,2687,240.57
119.23,149.49,2706,252.66
117.44,158.4,2554,224.8
115.28,168.99,2586,225.46
113.83,172.08,2334,204.98
119.91,173.29,2352,193.41
126.82,172.71,2269,189.71
133.27,168.88,2060,179.52
137.95,166.03,2161,194.69
139.6,165,2389,213.6
144.82,167.57,2533,235.31
151.05,173.94,2580,238.15
157.12,177.17,2626,222.14
163.14,177.37,2692,248.45
172.28,178.15,2672,237.93
181.79,178.16,2638,236.46
189.32,175.02,2543,237.62
196.07,167.65,2610,249.86
203.58,158.09,2652,252.97
208.77,148.5,2693,255.84
210.62,138.87,2728,252.84
219.42,131.81,2572,228.7
222.34,130.21,2694,255.57
232.66,123.8,2607,236.31
242.73,121.76,2542,222.07
252.29,120.85,2586,237.46
263.72,123.87,2517,219.09
269.07,125.22,2579,243.77
272.12,123.6,2716,263.7
273.59,123.09,2718,278.87
278.24,129.56,2896,299.19
289.09,139.3,2834,283.31
301.51,146.27,2818,273.92
306.76,154.89,2679,257.69
316.75,162.67,2734,256.04
321.53,171.54,2758,259.1
325.15,175.65,2795,264.18
328.91,185.45,2699,250.41
331.23,191.01,2861,269.4
329.92,196.68,2781,234.91
325.14,199.72,2801,239.7
318.5,201.12,2875,253.71
311.9,204.79,2787,248.26
305.6,209.81,2780,253.95
301.1,216.42,2741,246.56
293.75,220.08,2717,245.94
286.52,220.65,2751,242.77
276.92,218.68,2745,237.94
271.09,215.41,2539,218.67
267.2,212.73,2546,206.57
267.93,210.29,2372,199.23
265.91,202.61,2559,217.71
261.94,203.49,2441,209.98
252.26,209.05,2465,210.19
252.93,220.31,2458,199.47
254.39,223.65,2435,204.8
256.84,222.97,2523,224.57
253.6,223.3,2482,221.34
252.83,230.92,2228,183.68
254.34,230.18,2295,182.44
263.39,229.12,2444,193.62
259.52,225.98,2373,191.8
272.54,220.23,2519,208.26
271.36,224.48,2649,225.39
271.98,219.21,2752,249.31
283.64,226.81,2767,264.35
289.75,230.12,2708,235.44
300.91,234.56,2659,228.74
309.11,234.73,2661,238.42
308.53,238.11,2726,246.82
301.76,234.99,2705,248.75
293.4,237,2382,200.19
288.53,236.08,2157,185.16
280.66,230.87,2011,178.56
281.9,234.76,2016,176.87
282.27,230.04,2341,199.56
281.01,235.54,2355,197.82
285.87,234,2287,185.39
291.63,236.09,2240,185.35
293.92,233.57,2196,179.4
293.61,236.04,2279,185.72
287.58,228.25,2428,199.28
293.12,232.65,2493,210.44
287.72,230.28,2490,202.45
294.36,234.11,2529,212.8
287.15,230.18,2568,219.39
293.24,237.7,2535,215.89
293.84,232.83,2584,232.32
295.32,235.76,2398,197.93
298.64,237.9,2365,200.42
295.62,230.25,2329,199.63
288.52,234.77,2291,196.76
283.75,230.69,2180,186.44
288.26,232.02,2497,215.34
287.17,233.5,2314,192.23
281.49,237.15,2235,187.82
282.3,236.54,2348,194.21
278.63,243.56,2315,196.26
277.16,248.92,2416,196.63
271.34,248.15,2604,230.62
270.15,246.68,2681,227.37
264.96,245.63,2822,243.34
252.71,242.11,2677,224.88
242.95,242.91,2714,240.03
235.08,238.51,2793,246.11
222.98,235.86,2711,236.78
211.9,229.38,2646,233.62
200.57,222.53,2675,236.07
189.59,215.62,2724,228.13
179.06,206.31,2663,220.64
170.54,197.29,2711,217.64
161.37,189.09,2814,220.12
153.61,178.99,2741,251.24
151.3,167.23,2883,262.22
148.23,155.71,2849,243.83
145.46,145.17,2840,245.12
147.46,133.59,2834,261.35
143.52,125.12,2903,292.38
143.35,112.48,2833,267.98
139.25,101.74,2823,265.94
133.77,90.703,2849,288.86
129.19,80.473,2814,275.42
125.82,68.882,2829,297.45
121.56,59.242,2799,282.12
112.5,47.289,2783,277.09
113.03,35.991,2770,294.11
111.22,23.55,2811,300.73
112.71,10.21,2761,298.05
116.91,-1.5506,2772,293.48
118.46,-15.987,2683,290.49
114.3,-24.014,2726,285.12
114.53,-28.646,2680,285.07
115.7,-40.877,2630,284.5
117.67,-50.306,2575,266.02
119.41,-60.463,2550,268.2
126.94,-68.859,2473,257.06
136.4,-74.087,2515,267.74
146.56,-78.967,2556,270.87
157.4,-79.25,2573,262.27
168.54,-78.921,2574,255.81
176.93,-75.204,2557,248.76
180.95,-69.499,2517,254.08
182.34,-58.314,2584,260.98
182.03,-49.899,2685,282.79
182.25,-37.285,2700,270.65
180.65,-31.89,2586,223.09
178.31,-25.017,2542,223.98
170.45,-28.081,2595,238.31
166.56,-29.825,2598,242.97
170.29,-22.781,2512,243.33
172.59,-16.819,2431,209.63
172.78,-16.171,2405,209.45
167.2,-19.274,2425,223.51
157.88,-17.104,2386,215.82
160.5,-11.944,2381,208.87
161.59,-15.787,2280,193.64
173.14,-16.462,2232,193.58
181.81,-15.492,2286,201.79
189.71,-18.634,2282,217.61
200.8,-10.623,2224,221.3
207.95,-3.0089,2244,219.15
207.76,8.6067,2424,248.31
204.8,24.203,2318,241.78
193.93,35.934,2347,242.89
180.5,45.38,2497,251.24
166.46,51.535,2638,242.59
154.65,58.431,2614,235.3
143.25,58.95,2699,229.56
136.62,49.393,2622,246.15
134.88,50.185,2504,228.03
127.82,44.718,2568,229.38
129.58,37.066,2410,211.3
125.74,33.272,2198,189.24
124.96,33.356,2329,204.17
116.97,42.572,2405,221.86
108.11,49.384,2362,200.22
106.69,54.838,2234,181.88
103.75,59.113,2088,183.02
103.31,59.373,1933,171.53
96.155,63.965,1652,153.97
92.469,65.658,1680,170.9
88.536,61.625,1718,189.27
84.551,63.482,1829,211.8
72.984,68.598,1860,218.18
63.09,76.188,2122,234.99
57.875,73.698,2367,269.49
54.879,74.859,2499,279.9
51.066,70.534,2401,277.86
45.943,66.588,2337,276.8
43.224,55.647,2299,280.12
45.862,47.892,2389,268.65
49.188,39.318,2481,263.37
53.826,32.541,2600,279.52
61.017,26.316,2605,270.32
67.689,14.841,2597,264.3
80.773,8.3451,2665,274.27
88.694,-1.5127,2692,277.17
