0,-0,120,37.646
-0.21568,0.29732,118,38.771
0.070455,0.78561,110,35.57
0.13094,0.80487,101,34.462
-0.10153,0.97874,98,33.428
-0.12115,0.71474,117,36.819
0.055435,0.48442,115,37.001
0.018578,0.55008,109,36.042
-0.45093,0.79167,108,35.686
-0.8,0.40833,120,37.158
-0.57065,0.28442,115,39.342
-0.9787,0.43981,108,36.612
-1.726,-0.071078,102,34.462
-1.1166,0.26031,101,33.701
-0.98787,0.34942,101,33.238
-1.158,-0.12677,94,32.667
-1.1761,-0.080128,91,31.559
-1.3639,-0.30833,90,32.411
-1.2994,-0.4685,82,31.576
-1.1955,-0.39394,88,31.741
-0.68159,-0.84936,91,32.874
-0.55086,-0.40374,87,32.014
-0.49722,-0.0063131,99,33.428
-0.45322,0.20091,101,33.61
-0.2125,-0.16667,96,32.378
0.091972,0.2198,109,35.578
-0.020455,0.32197,110,34.462
0.31731,0.5891,130,39.126
0.725,1.0157,122,36.885
0.95109,0.9192,115,36.819
0.41659,0.43964,107,35.107
-0.26458,0.23958,96,32.783
0.06875,-0.42708,96,33.362
-0.26401,-0.64057,91,31.741
-0.051596,-0.21188,94,31.931
0.96467,0.31784,121,36.587
1.9283,0.74289,123,37.092
1.6417,0.013889,108,34.164
1.4815,0.65833,115,37.456
1.225,1.416,118,36.91
0.59887,1.152,111,36.91
0.64009,0.9206,106,34.28
0.75441,0.24265,102,34.28
0.0093137,0.71324,102,33.701
0.57937,0.49717,103,35.777
0.45833,-0.31944,90,31.162
0.5837,-0.2808,92,32.295
0.725,0.53381,106,35.421
0.725,0.92842,117,36.819
0.381,1.4343,125,38.961
0.87254,1.0567,122,38.655
0.38887,1.2651,119,38.481
0.46694,0.49059,124,38.655
0.725,0.95446,129,39.887
0.61894,0.55682,132,40.433
0.725,1.4111,127,39.035
0.9869,1.4345,126,38.2
0.90329,0.93895,129,38.779
0.87115,1.0429,130,39.54
0.83353,1.5979,129,37.927
0.44534,0.89054,118,36.215
0.62264,1.5135,127,37.836
0.677,1.4023,125,40.111
0.67237,1.135,133,39.333
0.80771,1.308,133,40.557
0.55833,1.2167,120,36.422
0.42341,1.4187,126,39.722
0.24062,1.5911,128,39.35
0.26886,1.2303,114,37.001
-0.275,1.1536,105,35.132
-0.88174,0.66058,89,32.576
-0.43409,0.28788,88,32.295
-0.22181,0.10727,94,32.849
-0.10833,0.10278,90,32.113
-0.175,0.26944,90,32.113
-0.010294,0.50735,102,34.834
0.13941,0.89077,111,36.232
-0.075,0.44094,115,36.331
-0.068388,0.56577,121,38.473
0.029687,0.5599,128,39.697
-0.0036822,0.68314,129,41.037
0.013,0.49833,125,39.234
0.053125,0.54427,128,41.219
0.030344,0.71024,131,40.367
0.26231,0.79415,134,41.128
-0.097581,0.89382,124,40.764
-0.131,0.93033,125,40.276
-0.275,0.87897,126,39.052
-0.34531,0.92708,128,40.83
-0.23226,0.78312,117,38.498
-0.39897,1.0534,121,40.433
-0.69232,0.65518,127,42.443
-0.80625,0.72396,128,41.103
-0.355,0.81833,125,40.185
0.41548,1.3393,126,39.606
0.845,1.9783,125,39.143
1.2132,2.167,127,39.052
1.1266,1.6552,127,39.904
0.82656,2.1693,128,38.862
1.1377,1.8869,126,39.813
0.893,2.0423,125,38.109
0.613,2.2663,125,38.473
0.26532,2.1761,124,39.532
0.14687,1.763,128,39.606
0.042829,1.4971,129,40.276
0.055579,1.4997,121,39.54
0.13125,1.638,128,39.06
-0.019,1.4263,125,39.242
-0.00080645,1.3858,124,39.904
-0.035331,1.4005,121,38.407
-0.0051587,1.3313,126,39.143
0,1.4833,120,38.109
-0.016667,1.55,120,38.688
-0.347,1.2823,125,38.663
-0.50335,1.167,127,39.027
-0.38975,1.2698,122,39.606
-0.6621,1.2406,124,38.564
-1.0629,1.4735,132,39.027
-0.72885,1.5968,130,38.266
-0.38106,1.4583,132,39.308
-0.7153,1.4061,134,41.864
-0.58269,1.0353,130,39.68
-0.275,0.88796,135,40.458
-0.28949,0.34964,138,42.625
-0.082692,0.91218,130,38.936
-0.11094,0.98958,128,38.109
0.381,1.0183,125,37.993
0.453,0.93833,125,38.018
0.541,0.78633,125,38.862
0.49167,0.84167,120,37.58
0.453,0.66633,125,37.927
0.51362,0.74289,123,37.927
0.58214,0.95833,126,39.424
0.50369,0.93374,122,37.472
0.5624,1.0274,123,38.316
0.44858,0.74289,123,37.373
0.52028,1.2615,127,38.109
0.44401,1.2683,121,38.688
0.44401,0.84676,121,38.407
0.014256,1.0782,121,37.439
0.10517,1.4253,121,37.464
0.044672,1.9255,122,38.481
0.48878,1.726,127,38.109
0.57996,1.6873,131,39.424
0.7095,1.4816,129,38.762
0.59385,1.2042,122,38.2
0.45887,0.91801,124,38.961
0.22087,1.1195,121,37.737
0.40269,1.3509,121,37.439
0.30259,1.3032,116,37.745
-0.058784,1.1881,111,36.769
0.13526,1.5524,117,38.688
0.41144,1.3905,118,38.316
0.47076,1.5855,118,36.033
0.54467,1.2452,122,37.166
0.70041,1.2698,122,39.424
0.44593,1.311,129,40.458
0.66715,1.3509,121,39.424
0.65123,1.0075,122,37.53
0.77151,0.74516,129,39.424
0.93824,1.3039,136,39.424
0.86471,1.5098,136,39.614
0.62652,1.4962,132,39.523
0.53492,1.3096,121,39.242
0.277,0.75433,125,38.225
0.14563,1.3393,126,37.158
0.090854,2.4258,123,37.72
0.46516,1.6237,127,38.39
0.13822,1.6071,121,38.208
0.125,0.81667,120,37.654
-0.43202,0.64015,121,37.555
-0.29254,1.3092,114,36.058
-0.25119,1.7917,126,38.018
-0.081202,2.4661,129,41.963
0.039516,2.3454,124,40.549
0.68563,1.978,127,38.688
0.28952,1.9906,124,38.109
0.2,2.175,120,37.811
0.17582,1.8928,122,38.018
0.33657,2.1773,121,38.01
0.40192,2.2122,130,40.35
0.11306,2.3912,134,39.308
0.49142,2.4291,137,41.847
0.25055,2.9693,137,42.128
0.16944,3.1843,135,42.509
0.54179,2.6797,131,40.433
0.14563,1.7758,126,39.143
-0.13825,1.8259,117,37.34
-0.0060924,1.7609,119,37.158
0.56798,2.1691,121,36.703
0.149,2.4103,125,39.515
0.31731,2.5276,130,42.228
0.54808,2.9506,130,41.5
0.49192,2.9696,133,41.202
0.32663,2.4909,123,39.532
0.2928,1.6702,118,39.714
0.325,2.2417,120,37.646
0.30565,2.5228,124,38.936
0.20592,3.2751,131,41.384
0.058333,3.4827,123,39.126
0.19509,2.9284,117,37.72
0.043584,2.8389,113,37.158
-0.066667,2.9167,120,38.58
0.66988,2.6552,127,40.714
0.52988,2.9217,123,40.524
0.86346,3.1968,130,39.953
0.33694,4.4509,134,40.813
0.59773,2.8492,110,35.636
0.725,3.1663,113,37.737
-0.043519,3.6528,108,36.124
0.20041,3.4911,122,38.754
-0.14008,3.9583,126,38.572
0.47924,2.4838,118,36.331
0.4813,1.7861,119,36.794
0.35933,2.1897,134,38.754
1.197,2.1303,125,38.134
1.0235,2.533,134,39.333
1.7605,3.4158,141,41.773
1.366,3.6506,156,44.014
0.73214,3.8798,140,40.251
0.2062,3.5937,133,39.796
0.3641,3.0899,133,38.663
0.5124,1.9229,127,37.274
0.49312,2.0018,138,39.515
0.92644,1.9332,139,40.367
0.84265,2.5392,136,39.333
0.50962,2.266,130,38.779
0.73225,2.1395,138,39.035
0.87767,2.2141,131,38.01
0.149,2.5063,125,37.737
0.28056,2.0694,126,38.688
0.61389,2.4107,126,37.737
0.60192,1.8968,130,38.498
0.3379,1.9745,124,38.481
0.48923,1.7591,123,38.316
0.25042,2.2126,118,36.521
-0.23683,2.3057,131,38.87
0.053244,1.9622,131,40.168
0.68712,2.3144,132,41.037
0.30054,2.4152,139,42.443
0.60091,2.4802,137,40.557
0.20326,2.6757,138,40.921
0.84311,2.6709,127,38.498
0.189,3.1703,125,39.052
1.0085,3.1355,127,38.291
0.66715,2.9211,121,38.043
0.38872,2.5114,113,35.57
0.57717,2.0757,115,37.762
0.5797,1.6207,117,35.752
0.67415,1.5261,118,35.868
0.63256,1.6432,119,36.43
0.813,1.9463,125,37.282
0.4344,1.6549,117,36.422
0.019118,1.6684,119,37.547
0.37206,2.0046,119,36.794
-0.037712,2.0092,118,37.365
-0.37817,1.6885,126,40.756
0.53534,1.829,116,36.05
1.3831,1.8771,117,36.538
1.7644,2.1906,127,38.134
1.3283,2.9542,121,38.043
0.78269,3.0641,104,35.322
1.4706,2.3268,114,35.934
1.3132,2.5088,119,36.885
1.1878,2.4087,121,36.976
0.42419,1.9136,123,37.828
0.63256,1.181,119,36.976
0.06445,1.3299,109,36.447
0.45142,1.2791,106,34.834
0.28864,2.1311,110,35.686
0.061364,1.1311,110,35.959
0.27367,1.6176,113,35.388
0.11591,1.8856,110,34.743
0.46136,1.5492,110,35.868
0.5057,1.5461,114,35.479
0.34239,1.5105,115,36.331
0.48152,1.4496,115,35.661
0.61293,1.4497,116,36.513
0.85508,1.4421,123,37.737
0.98306,1.3938,124,37.158
1.1983,1.5499,131,38.68
1.6228,1.6773,137,39.97
1.4977,1.6856,132,39.143
1.2841,1.4898,127,39.143
1.2171,0.80754,126,37.836
0.88202,0.75585,121,37.439
1.354,1.9341,124,37.53
1.1559,2.564,123,37.439
0.733,2.9623,125,37.927
0.62183,2.8234,126,37.902
0.1,3.6302,128,38.109
0.42748,2.6319,121,36.422
0.032087,2.7497,127,37.836
0.1,2.4427,128,37.621
-0.387,2.6583,125,38.299
-0.20469,2.7865,128,37.902
-0.3042,2.743,137,39.242
-0.33838,3.2823,142,39.887
-0.35246,3.4654,142,40.532
-0.42993,3.4583,142,41.475
-0.51806,3.5208,144,40.995
-0.61528,3.6458,144,41.665
-0.63801,3.8145,146,41.847
-0.69966,3.9035,146,42.219
-0.56167,4.0517,150,42.889
-0.70762,4.3732,141,41.177
-0.95616,4.4511,138,40.069
-1.0341,4.2175,137,40.532
-1.1992,3.9735,132,39.49
-1.0271,3.4583,121,36.86
-0.89483,2.6567,121,36.976
-1.5395,2.6815,121,37.53
-1.7396,3.2142,127,39.697
-0.775,3.0536,126,38.2
-0.90525,3.7188,119,37.629
-1.4347,2.9457,119,37.323
-0.68629,2.4987,124,37.505
-1.5333,1.5167,120,39.242
-1.0435,1.5602,108,36.124
-0.98787,1.1613,101,33.428
-1.0124,0.88258,99,34.462
-1.275,1.7775,94,32.94
-0.18804,1.4909,92,31.923
0.20852,1.6122,91,32.229
0.071154,2.7179,104,35.115
-0.69435,1.9422,93,32.039
-1.4096,2.2276,104,34.652
-1.224,2.2134,98,32.386
-0.295,1.8383,100,34.164
-0.43096,1.7336,109,35.016
-0.56704,2.8035,113,36.521
-0.54773,1.4402,110,36.058
-0.32955,1.5856,110,35.479
0.19102,1.0214,103,34.553
0.21149,1.9809,111,35.388
-0.40945,1.7356,119,37.257
-0.72415,1.3058,118,38.2
-0.25819,1.181,119,37.274
0.25441,1.0634,119,36.819
0.51964,1.0476,112,35.876
0.16425,1.6079,107,34.255
0.091337,1.2999,101,33.883
0.15093,1.4398,108,35.984
-0.79533,1.6778,123,39.515
-1.0586,2.0777,134,39.796
0.325,2.5783,125,39.151
1.0074,2.7408,131,40.102
0.64049,2.1414,142,42.236
0.46742,1.7689,132,40.276
0.7708,1.8324,131,38.68
1.2368,1.726,127,38.109
1.031,2.7867,134,41.194
0.90682,2.0644,132,39.796
1.5558,0.86603,130,39.242
0.65242,2.2083,124,37.745
0.557,3.6183,125,37.249
0.95577,3.8857,117,36.422
0.49858,3.6753,106,34.652
0.49491,2.5734,113,35.595
-0.46419,3.0709,111,36.149
-0.307,2.6743,125,38.597
-0.6663,3.3279,138,44.014
-0.73781,2.6319,121,40.458
-0.22197,1.7235,132,39.424
-0.44041,1.4508,133,40.946
-0.81413,2.0757,115,36.215
-0.016935,2.0067,124,37.836
-0.027,2.2263,125,38.779
-0.20482,2.5987,114,37.555
1.0709,2.1275,133,41.285
1.3377,1.9724,142,44.312
1.1687,1.8104,142,47.099
-0.047358,1.751,123,39.813
-0.92016,1.6035,124,38.407
-1.1297,2.3814,117,37.282
-0.81346,2.5865,117,36.124
-0.73532,1.6885,126,37.629
-1.275,2.2959,117,38.043
-1.2219,2.0778,113,36.149
-1.3839,1.7653,101,34.189
-1.1115,2.8526,104,34.255
-1.1692,2.8814,104,35.322
-1.2647,2.3346,97,32.113
-1.4901,2.4798,93,32.022
-1.671,2.2405,101,33.701
-1.6335,2.4112,106,33.792
-1.6179,2.4012,105,33.701
-1.4962,2.3237,104,33.519
-1.6596,2.2564,104,33.337
-1.6114,2.2901,107,33.792
-1.7656,2.1847,106,34.95
-1.7143,1.8322,107,34.379
-1.6054,1.5655,112,35.504
-1.3476,1.6599,124,37.1
-1.0043,1.9245,133,39.234
-0.6681,1.4928,145,40.532
-0.92806,1.506,147,40.954
-0.92778,2.0556,144,41.591
-0.95682,1.9659,132,40.466
-0.96514,2.6555,142,40.582
-0.93676,3.5319,136,39.912
-0.54919,3.9019,124,38.109
-0.1379,3.8454,124,38.68
-0.40105,3.2567,119,36.422
-0.74787,3.2413,129,39.151
-0.88339,2.6192,143,42.228
-1.8589,3.0058,137,39.697
-2.7422,2.0895,122,36.703
-3.4797,2.6158,127,37.828
-2.8353,3.1463,141,41.31
-1.8464,3.4991,147,41.574
-1.8528,3.088,135,40.185
-2.288,2.9064,154,43.303
-2.0103,3.6172,170,44.386
-0.64919,3.5874,155,43.253
-1.1491,3.3115,143,42.997
-1.4403,3.2352,121,36.976
-2.2417,3.425,120,37.646
-1.875,3.3199,130,38.01
-1.5286,3.3062,138,40.64
-1.6154,3.1888,141,40.193
-1.4981,2.9814,130,38.291
-1.6257,2.8837,134,39.978
-1.5196,2.8037,139,42.625
-1.6553,2.6062,142,40.648
-1.7682,2.5131,146,41.574
-1.9744,2.5258,163,43.948
-1.5541,2.6328,172,44.866
-1.0677,2.9195,193,47.942
0.0092105,2.9478,190,47.868
-0.32348,2.222,165,43.617
-1.1966,2.04,153,41.384
-1.2466,3.0966,141,39.697
-0.76029,3.2304,136,39.606
-0.050641,4.5288,156,42.509
1.2674,4.0685,177,48.968
1.8179,3.3272,183,48.025
0.79601,2.624,169,44.932
-0.49578,3.8609,154,43.344
-0.55112,3.9359,134,41.591
-1.817,5.5499,131,39.631
-2.1639,6.1806,144,41.872
-2.1611,5.1482,158,43.94
-0.81401,4.281,141,40.913
-0.62091,4.1502,159,44.196
0.19451,4.8303,164,44.882
0.75459,4.3045,169,44.684
-0.043786,4.2098,173,47.868
0.31875,3.0646,160,44.006
-1.3135,2.8583,130,38.572
0.42065,2.7453,115,36.24
-1.0315,3.1018,115,36.24
-0.54773,0.82197,121,37.067
-0.70911,0.94671,129,38.481
-0.93906,1.6693,128,37.712
-0.48638,1.4096,123,38.779
-0.57716,3.149,139,40.069
-2.0542,2.3674,154,44.08
-3.1468,0.625,156,43.344
-3.5509,1.3963,145,41.566
-0.89038,1.0929,156,43.278
-0.26824,1.384,148,41.822
0.92626,2.3011,159,45.221
1.0731,2.1988,158,44.105
0.45171,1.918,161,45.304
1.6555,2.3193,187,47.686
3.2971,3.8414,201,55.361
4.1725,3.9606,219,57.56
3.3083,3.6389,216,60.025
0.49384,3.1518,199,49.249
-0.059091,1.2652,176,46.181
-1.5659,3.1917,165,44.982
-2.2007,5.264,175,47.595
-0.75954,6.7779,194,52.433
0.16216,6.666,183,49.382
1.4323,5.1608,205,50.456
0.41149,4.161,185,46.338
1.091,4.3552,194,48.786
0.31609,3.6122,247,56.048
1.5731,4.8339,237,59.562
2.5861,4.6852,216,57.767
1.4097,4.5034,222,55.245
-0.39755,3.8456,204,50.291
-1.6255,2.1078,194,50.135
-1.5754,3.9337,223,54.989
0.30395,2.9081,209,53.012
0.69573,2.473,205,51.391
0.53581,2.7502,185,46.909
-0.13214,3.2495,182,45.974
0.053042,4.2414,189,46.346
0.94301,3.918,211,49.439
1.635,3.1598,211,53.012
0.50126,2.1022,219,53.293
-1.7214,3.4583,224,53.409
-2.1537,3.9646,239,58.768
-2.2205,3.8474,257,57.767
-1.5731,4.4621,265,62.118
1.4843,4.7073,241,53.169
2.308,3.0583,235,55.179
2.1337,2.9931,230,53.103
2.2271,3.0303,243,56.122
2.3314,3.117,249,54.782
2.6469,3.1419,256,56.469
2.7992,3.1966,256,56.279
2.8542,3.296,271,57.288
3.4274,3.7698,289,58.636
3.7667,4.1218,312,61.547
3.8076,4.3972,327,64.268
3.5244,4.3975,329,64.549
2.9404,4.6614,325,64.317
2.3175,5.0696,319,63.59
2.1177,4.8643,303,64.723
1.9286,3.9619,280,58.528
1.5143,4.0262,280,58.156
1.7029,2.6797,271,56.444
0.79115,2.3883,257,55.344
0.55771,2.4621,269,57.18
-0.060441,3.1518,261,55.774
-1.0566,1.8875,261,58.057
-0.95454,3.4043,259,55.733
-0.71944,3.662,270,57.461
-0.14405,3.6885,252,54.881
-1.2569,3.8134,276,57.685
0.34695,3.9096,246,53.64
-1.1933,4.7502,257,55.551
-1.8342,3.7155,245,55.518
-1.104,4.049,193,50.175
-0.45523,4.2432,172,44.725
-0.84792,3.2656,192,49.042
-0.76985,3.6645,194,48.116
-0.82262,3.5202,210,50.365
-0.82476,3.3067,211,51.035
-0.75539,3.2377,204,50.663
-0.58836,3.1726,217,52.251
-0.51824,2.8502,222,52.549
-0.25408,2.6424,239,54.6
-0.056377,2.9563,247,54.203
0.30029,2.9989,259,56.188
0.28843,3.13,268,57.42
-0.10833,3.3283,246,54.302
-0.35384,4.4376,241,54.947
-0.57626,4.8642,239,56.072
-1.4417,3.437,234,53.194
-2.6097,2.4244,236,56.403
-1.9077,2.361,226,52.433
-1.076,3.1624,196,47.909
-0.042677,2.9937,198,49.894
0.65774,4.4673,223,51.97
0.85487,4.5795,231,56.006
1.7072,3.6539,225,54.691
1.4335,2.7633,223,53.979
0.175,3.4902,220,53.475
0.68214,3.444,210,51.275
0.92218,3.2283,213,51.325
1.0333,4.0458,240,55.046
1.801,3.9412,263,56.353
3.5935,4.1504,289,61.497
3.3987,2.3776,285,58.404
2.2989,1.8638,291,58.801
1.5689,2.068,269,59.372
1.6823,1.9601,281,58.04
1.894,1.9372,284,61.894
2.1042,2.1535,269,60.877
1.0185,2.6322,276,61.249
0.597,3.8423,250,55.6
1.6846,6.3297,272,64.723
2.3601,8.4245,296,62.854
2.6901,7.6393,315,74.705
3.4933,7.2325,341,74.093
6.0168,6.6164,329,69.552
6.9185,7.3958,336,77.111
8.4264,8.4442,355,78.567
9.3284,7.1014,353,76.706
9.5417,5.0333,360,79.451
6.7163,3.9772,345,71.81
3.3696,2.868,332,64.243
0.33035,4.4951,299,59.81
-2.085,6.6083,300,61.555
-0.92435,7.6239,308,78.402
0.41656,8.559,308,65.839
2.5211,8.2286,309,65.558
3.4735,7.2038,330,69.867
4.2537,5.0761,348,70.966
3.5401,2.9961,357,82.834
0.94201,2.5991,341,77.599
-2.1917,2.1219,324,67.286
-3.2813,1.8159,316,69.205
-3.7866,1.3527,303,66.881
-2.6073,0.052583,313,72.034
-4.3737,-0.24549,314,67.361
-2.3816,0.30473,319,65.277
1.6128,1.1154,312,67.568
4.9935,-0.30401,324,70.463
6.1634,-2.4786,333,74.994
4.856,-6.0685,336,80.205
3.6527,-6.809,318,74.953
0.38746,-3.9802,317,74.06
-2.4253,-1.0693,326,65.955
-5.6481,0.5195,327,68.213
-6.761,3.8695,321,69.313
-4.9176,6.901,305,61.919
-1.9008,7.9767,326,67.435
1.4427,7.159,294,58.454
3.0658,5.4423,311,62.258
1.4214,1.5045,303,66.757
1.8489,-2.3617,339,71.446
-0.051074,-1.8239,326,78.467
-1.6464,-0.37976,315,71.62
-5.5212,0.11299,333,70.231
-8.8804,-1.617,332,71.827
-8.3144,2.1674,330,65.004
-7.3708,6.174,313,61.729
-4.0502,6.3912,298,65.012
-1.2417,4.6483,300,62.184
-1.304,4.1003,310,68.626
-0.26516,1.8747,305,70.057
-1.1956,-2.4845,315,70.263
-4.0243,-5.86,355,71.785
-6.4703,-4.9056,338,72.215
-8.0504,-2.4401,325,73.291
-7.4914,0.57309,305,66.112
-6.7732,2.2519,281,59.835
-6.3722,2.2357,247,54.873
-6.5299,2.4466,255,58.363
-6.6166,2.3302,281,58.264
-6.5532,2.3844,284,59.215
-6.2991,2.2831,291,61.746
-6.2547,2.577,295,60.315
-6.0556,2.9035,310,64.74
-5.5446,3.012,345,66.294
-4.6912,2.9835,358,68.717
-4.1621,3.2159,363,68.295
-3.0765,4.0898,388,73.307
-1.8479,4.3698,384,69.924
-0.65658,5.1899,380,67.774
-0.53127,6.1046,359,66.964
-1.8021,6.7147,351,67.427
-3.3702,5.5476,336,64.268
-4.9568,4.7964,352,66.509
-5.9208,4.2107,319,62.275
-6.1632,3.9055,322,62.391
-6.1988,1.5639,341,67.237
-5.8503,0.22641,332,68.188
-5.8226,-1.3988,336,69.594
-4.6522,-1.6615,342,71.14
-3.926,-0.97657,361,73.464
-1.5921,-1.1188,350,72.728
0.60918,-0.76483,354,78.402
2.7394,0.39205,347,79.427
3.6149,0.68769,327,75.656
3.9681,0.30556,288,76.053
1.4261,1.6576,261,65.004
0.78269,2.1737,260,59.082
0.42276,2.0889,268,59.165
0.57961,1.9867,282,62.167
0.5419,1.8703,284,61.679
0.23618,1.8705,313,63.11
-0.025,1.7937,328,63.11
-0.41944,1.6861,360,65.765
-0.4996,1.584,374,69.429
-0.7139,1.5506,401,72.034
-1.0059,1.1127,405,74.871
-1.3533,0.48864,396,71.075
-2.653,0.067257,381,69.983
-3.9648,0.62454,361,66.418
-5.242,0.89977,333,65.467
-4.4456,1.0871,299,60.232
-4.1972,1.9681,257,55.245
-2.8896,2.3803,205,49.34
-1.8644,4.0187,207,49.828
-1.8948,4.9792,192,47.934
-2.4511,5.2367,176,45.61
-1.8895,4.5645,179,47.934
-2.3994,3.8573,193,48.695
-2.0656,3.5002,191,48.232
-2.0224,3.1899,190,47.033
-1.3005,2.9022,196,48.538
-1.53,2.3733,200,49.39
-1.2374,1.9607,213,50.589
-1.4165,2.1753,212,49.762
-2.1614,2.3992,220,52.847
-2.5897,2.6739,232,53.93
-3.5682,2.2696,249,57.577
-4.0371,2.1438,248,56.386
-4.066,1.3477,244,57.693
-3.6821,0.85214,226,54.906
-3.7391,0.25158,237,54.782
-4.3812,0.84771,226,58.727
-5.7955,-0.049863,244,62.548
-5.4602,-0.21245,243,59.744
-5.6986,2.0653,229,54.418
-5.7867,1.6978,213,51.515
-5.9417,-0.10386,201,54.517
-6.1727,-2.1496,176,56.188
-5.0581,-2.385,166,56.816
-3.1013,-1.5177,167,53.839
-2.028,-0.126,166,49.323
-2.1851,0.44148,178,52.036
-3.6051,-1.1727,206,59.86
-6.3141,-3.3243,230,67.907
-7.4282,-4.9715,235,70.802
-6.7542,-4.5667,240,66.575
-4.7878,-4.5716,234,68.85
-3.7464,-5.665,227,73.729
-5.0724,-4.6606,227,73.1
-6.485,-2.9709,219,67.419
-7.6306,-1.1283,225,66.071
-6.2957,1.5455,241,68.61
-4.1411,3.3998,239,61.746
-3.2648,2.9481,196,50.084
-2.511,3.464,178,47.587
-1.8979,3.2298,175,48.654
-1.0785,1.6549,173,45.974
-1.927,0.78233,250,62.217
-3.4329,0.13553,285,71.256
-7.1926,-1.4843,279,66.203
-10.677,-2.4076,291,64.847
-11.206,-1.1187,305,66.021
-9.7715,1.2835,286,62.771
-8.302,4.2769,259,58.429
-5.6369,4.2488,210,51.234
-2.5528,4.338,216,52.069
-2.1732,6.7858,226,53.368
-1.7512,6.8653,231,55.08
-3.7386,5.8032,261,57.23
-4.6284,4.3937,232,53.202
-3.6478,4.6864,228,52.524
-4.788,4.6627,230,53.012
-5.3583,3.318,228,52.83
-5.4344,4.4777,207,50.87
-5.5082,4.5412,193,47.752
-5.5337,5.0603,201,49.82
-4.3659,5.5065,187,46.437
-2.4373,5.7515,191,47.868
-3.042,5.8418,206,49.456
-2.4321,5.2869,210,49.464
-2.5932,5.3447,220,51.78
-2.6371,5.1739,232,52.135
-2.5689,4.891,245,55.162
-2.4157,4.2872,263,55.799
-2.5633,3.7573,281,57.966
-2.5089,3.4651,295,59.182
-2.7782,3.3317,308,61.82
-2.9342,2.9857,311,60.96
-3.0938,2.714,309,62.192
-3.7815,2.2557,306,60.67
-4.3979,2.2457,301,61.588
-3.7816,1.8531,304,61.034
-2.8186,1.3912,298,60.315
-3.042,0.86335,279,57.602
-4.3472,0.93362,263,59.074
-3.9998,0.08624,258,61.795
-3.2394,1.4149,253,58.239
-3.1208,3.85,240,55.89
-3.5992,4.9606,219,50.258
-2.875,5.9022,205,48.877
-1.38,5.1333,200,47.38
-1.2219,3.7579,207,50.217
-1.5328,3.6983,225,54.112
-2.6055,2.9479,239,57.503
-2.5351,1.4269,223,52.805
-3.0654,1.109,229,53.723
-3.9625,1.6458,240,55.799
-4.358,1.4749,241,52.987
-4.1267,1.9499,236,53.26
-4.5,3.2883,200,49.613
-4.1728,3.2433,186,46.437
-4.7295,3.4369,187,45.974
-4.124,2.9375,192,48.207
-4.3138,3.0797,206,49.257
-4.1535,2.9957,214,49.53
-3.9588,2.719,234,52.524
-4.0618,2.4428,258,54.972
-4.052,2.291,269,58.264
-4.0035,2.125,291,58.131
-4.156,1.9889,311,60.695
-4.0929,2.2443,313,61.638
-4.2506,2.4157,328,62.564
-4.3031,2.199,320,61.63
-4.5039,1.983,284,57.784
-4.5742,2.1906,254,54.881
-4.65,2.0963,232,52.433
-4.7704,2.2336,218,51.209
-4.3389,2.0839,219,49.993
-4.6917,2.6005,204,48.372
-3.3395,2.4476,186,45.974
-4.175,4.2472,180,46.735
-4.6545,3.8619,166,43.278
-3.1454,4.0756,162,43.708
-3.206,4.5445,174,45.048
-3.1133,4.2967,167,44.014
-3.2118,4.1595,174,44.932
-3.1893,4.7898,175,44.411
-4.1454,4.3472,162,44.304
-3.3953,3.7874,158,43.377
-4.5583,5.3417,180,48.05
-5.2309,5.9289,204,50.266
-6.4432,4.1967,214,55.063
-5.4409,3.1977,211,51.813
-4.0508,2.9695,223,52.896
-3.962,0.83659,230,55.27
-4.1643,-0.13183,244,57.139
-2.7222,0.32012,246,55.708
-1.1252,1.3571,247,55.526
-1.0559,2.7771,251,54.608
-1.5271,4.9583,242,53.558
-2.7172,7.1197,251,57.883
-3.2297,6.8772,265,56.75
0.73278,7.2793,257,58.892
2.8877,7.3058,295,66.137
3.2023,4.1502,331,68.337
2.7453,0.5337,345,69.916
1.3616,-2.4966,333,68.055
0.10709,-3.5685,335,73.514
-0.72633,-6.3204,339,70.677
-1.2519,-6.3683,346,71.082
-1.8761,-3.4068,356,80.552
-4.6508,-1.7811,330,69.759
-6.6721,-0.2837,345,74.514
-6.6589,0.029301,310,79.303
-5.1123,2.9553,332,78.749
-4.8562,3.572,308,65.632
-3.5366,2.7265,302,63.639
0.73438,2.5521,320,63.722
2.9707,3.8138,346,72.381
2.5746,3.8622,359,70.867
5.5437,1.8648,342,73.15
9.1731,0.24172,337,72.645
10.794,-2.4596,317,79.055
11.187,-1.8221,353,88.673
10.725,3.4345,378,94.719
7.5299,6.0627,364,87.879
5.5329,2.4583,354,68.585
7.1948,-1.9957,381,91.237
10.127,-2.0568,363,89.616
13.278,-1.9627,380,100.41
16.684,-2.3529,392,101.44
19.949,-3.8858,401,107.72
21.271,-6.5224,416,122.49
22.636,-11.914,392,121.02
27.817,-17.622,360,84.431
26.233,-20.068,329,72.066
27.51,-23.514,325,69.569
27.36,-24.631,301,70.272
26.811,-28.502,303,68.378
27.332,-29.588,303,65.93
24.607,-33.126,289,67.543
23.844,-34.633,253,59.562
20.874,-36.1,249,60.008
22.077,-36.978,307,88.599
22.604,-37.591,322,90.857
21.12,-37.661,311,79.353
22.931,-38.384,291,63.614
24.966,-37.525,294,63.879
25.509,-36.587,329,83.769
29.673,-36.542,306,67.577
31.244,-33.353,318,66.774
31.673,-37.133,328,63.945
34.86,-40.186,312,65.318
38.108,-44.021,311,62.398
41.21,-44.592,299,67.931
43.725,-43.965,281,66.848
46.265,-47.365,261,59.074
47.775,-50.886,282,61.77
50.718,-54.851,281,65.459
49.446,-59.136,269,65.947
46.274,-61.743,288,67.311
43.502,-63.216,310,80.692
39.332,-64.746,308,79.212
38.169,-64.884,304,63.937
41.202,-66.548,300,62.903
43.977,-61.694,321,64.632
46.882,-55.264,331,70.983
47.094,-52.78,352,70.206
41.047,-53.662,323,67.08
35.669,-52.148,287,60.323
31.826,-52.236,268,56.452
28.84,-55.141,227,53.723
26.381,-58.286,180,45.238
23.595,-57.638,146,40.739
24.809,-56.794,119,38.399
26.665,-58.764,117,40.276
26.535,-59.518,126,43.75
26.525,-58.828,150,48.439
26.584,-56.941,198,63.11
26.38,-57.329,235,58.181
25.904,-54.521,195,61.249
24.355,-50.574,219,65.839
24.583,-46.68,246,73.654
24.675,-41.696,201,51.722
28.066,-44.016,276,70.33
30.135,-44.736,268,74.73
35.255,-46.616,270,76.193
36.566,-48.241,276,85.307
38.963,-52.403,260,71.744
40.117,-52.189,255,86.994
36.602,-55.212,276,87.151
33.755,-58.661,269,65.244
35.707,-63.503,282,65.285
37.326,-68.383,303,73.613
39.184,-72.152,303,78.443
36.872,-75.856,299,78.683
34.222,-80.005,300,70.735
33.698,-82.977,296,64.218
34.98,-85.655,282,61.911
38.042,-86.362,300,73.531
38.753,-84.061,287,65.55
38.469,-86.325,277,66.981
36.971,-88.226,276,65.095
35.678,-91.786,274,62.68
37.74,-94.032,265,58.752
41.693,-97.759,281,59.19
43.472,-100.11,249,58.057
41.856,-103.09,244,54.484
41.93,-106.9,263,63.416
36.945,-107.44,254,60.902
30.499,-108.15,265,58.363
27.616,-108.28,248,67.072
27.492,-106.68,240,75.523
25.504,-100.23,262,72.182
25.548,-93.328,271,65.93
23.818,-87.305,291,64.516
26.699,-81.846,266,58.751
27.979,-78.047,303,69.767
27.427,-76.067,272,60.05
29.591,-72.983,254,57.255
33.849,-71.794,242,57.701
35.768,-73.902,208,56.626
33.777,-73.232,194,50.382
32.958,-72.769,202,50.771
33.075,-72.692,226,54.418
33.131,-72.64,244,55.369
33.1,-72.19,256,58.272
32.743,-71.485,282,59.678
32.582,-70.072,300,61.15
32.828,-68.683,311,63.226
32.233,-67.275,319,64.334
31.437,-67.864,347,68.006
31.469,-70.581,332,69.255
29.592,-73.244,309,66.352
27.567,-75.151,279,57.387
29.721,-72.94,261,58.173
29.748,-70.335,257,59.083
31.991,-71.527,271,59.636
35.154,-70.616,268,59.835
35.97,-72.463,278,62.448
35.221,-74.84,268,58.156
37.622,-79.346,261,56.717
39.228,-82.552,294,62.539
36.122,-87.418,282,60.761
34.568,-91.153,293,66.087
31.906,-94.531,287,61.778
27.448,-94.184,282,63.184
25.756,-94.74,288,68.932
24.957,-94.885,280,67.452
25.038,-97.499,281,73.175
28.732,-103.22,299,65.947
26.005,-108.99,286,59.165
21.44,-110.42,270,60.72
17.058,-108.92,267,64.623
12.592,-107.83,263,62.961
9.9108,-110.18,253,59.736
10.566,-112.83,239,67.435
11.741,-116.83,247,59.587
13.751,-119,234,61.936
18.855,-120.29,261,61.911
25.143,-121.84,261,62.341
28.401,-120.55,262,68.114
30.894,-119.42,267,69.858
38.37,-121.86,273,63.027
42.105,-123.4,258,60.985
42.548,-127.3,237,61.15
44.272,-133.32,234,64.706
40.628,-138.46,226,58.71
36.788,-141.83,237,57.486
32.879,-139.12,227,58.338
27.388,-140.09,205,67.212
27.436,-143.56,194,72.993
29.664,-145.77,181,69.751
30.356,-150.93,222,61.274
30.777,-155.34,191,63.987
33.276,-159.75,205,56.056
39.071,-161.51,211,58.173
44.624,-163.28,199,57.139
47.842,-168.79,197,54.145
48.731,-171.21,181,59.562
46.375,-175.67,177,61.084
46.669,-180.07,162,57.71
41.897,-182.97,186,57.263
37.386,-185.39,171,54.327
32.699,-184.07,153,54.046
28.704,-183.04,145,46.396
30.379,-180.62,159,48.745
31.42,-178.51,141,61.299
37.553,-177.43,198,60.993
43.509,-179.48,171,68.668
46.449,-186.02,185,54.459
49.879,-189.13,169,52.466
49.998,-185.57,132,68.42
53.293,-187.26,176,57.792
55.528,-184.75,173,52.839
59.48,-187.74,155,54.972
63.691,-192.54,148,51.424
65.274,-199.14,142,49.919
65.88,-205.9,110,54.435
62.704,-208.13,94,48.811
62.491,-213.49,215,61.109
63.911,-213.05,214,73.192
60.423,-213.94,205,55.989
62.092,-219.14,207,55.484
62.922,-217.48,229,60.116
63.977,-212.42,237,60.877
64.83,-204.5,236,61.919
67.266,-199.34,243,58.512
68.435,-205.14,227,69.677
65.893,-213.26,223,66.228
61.663,-219.32,216,60.885
58.771,-216.91,201,53.955
54.53,-216.54,211,58.09
55.431,-210.33,219,56.469
58.477,-204.23,239,59
67.142,-201.31,254,66.708
73.888,-199.29,242,59.38
76.205,-200.34,220,61.547
76.182,-202.79,220,66.824
73.619,-208.3,224,72.009
67.617,-215.35,217,69.247
61.798,-219.73,224,61.192
61.646,-216.04,225,61.332
64.951,-219.74,219,52.822
70.984,-219.27,222,55.617
74.158,-221.54,227,55.576
76.288,-226.78,216,56.213
76.214,-230.88,216,57.991
71.92,-235.24,206,62.399
70.139,-239.9,199,52.061
68.971,-241.54,183,61.746
70.285,-246.01,174,66.543
72.718,-245.57,167,65.955
74.817,-240.97,177,68.006
73.937,-238.5,200,53.731
75.692,-234.3,204,51.97
77.449,-231.07,202,53.31
78.289,-236.9,206,56.858
79.646,-237.25,197,52.566
78.019,-241.2,187,53.302
77.252,-241.72,170,57.255
74.858,-241.7,176,48.323
74.465,-239.94,198,51.027
74.874,-237.36,187,57.71
74.756,-235.72,215,57.354
74.507,-230.9,212,50.771
77.763,-226.3,210,50.977
77.758,-228.11,222,56.221
82.615,-231.57,211,56.742
86.739,-234.71,210,51.813
89.165,-236.26,205,56.378
91.074,-231.81,209,52.135
94.21,-231.78,197,50.746
95.525,-232,211,64.078
99.705,-236.76,211,59.653
102.96,-240.45,215,60.712
100.66,-245.78,218,56.924
98.63,-250.94,211,59.116
93.562,-254.81,201,57.693
88.309,-258.2,209,55.187
86.063,-260.19,194,69.991
86.372,-263.51,155,74.598
89.108,-264.38,150,81.537
94.247,-262.12,207,61.092
97.101,-264.45,205,56.411
97.778,-270.45,187,48.703
93.644,-275.41,186,57.545
89.307,-277.62,179,48.166
87.941,-276.33,166,47.041
87.463,-274.88,146,42.798
87.551,-275.39,130,39.722
88.297,-274.98,156,44.014
88.2,-275.05,164,46.272
88.037,-275.3,166,53.12
88.331,-274.98,157,50.788
88.347,-275.44,188,48.695
88.788,-275.39,188,52.566
89.505,-275.55,164,60.828
89.342,-274.92,147,68.858
88.306,-274.47,370,69.801
87.017,-275,376,68.841
87.21,-278.09,360,68.304
89.095,-280.25,351,69.478
89.059,-280.1,350,72.414
87.085,-282.4,347,71.116
87.238,-283.14,336,74.664
85.785,-283.59,339,73.514
86.756,-282.43,323,68.577
87.286,-281.59,318,65.558
84.452,-279.21,331,67.377
84.019,-282.04,341,75.235
85.344,-285.91,329,69.321
82.598,-290.26,312,72.911
80.072,-294.11,310,72.15
76.026,-297.95,320,68.966
73.057,-302.32,320,69.727
70.931,-306.95,329,71.19
68.985,-312.07,327,68.055
69.453,-316.38,328,78.038
69.691,-322.24,340,72.48
70.703,-327.43,338,75.383
73.912,-332.28,326,72.877
75.052,-336.58,335,71.256
75.776,-338.05,329,75.706
76.272,-339.1,322,66.476
75.433,-342.7,294,66.021
76.976,-344.23,245,57.37
77.024,-345.58,219,54.186
75.197,-347.04,192,48.19
75.382,-347.88,150,44.518
77.88,-348.67,121,41.351
73.563,-347.29,169,47.843
71.5,-345.66,203,53.169
75.514,-345.27,227,54.236
76.658,-345.47,213,52.201
78.289,-346.27,191,50.307
73.855,-348.01,179,49.687
75.48,-347.61,149,47.909
73.986,-350.71,287,67.7
70.733,-349.84,301,69.23
69.326,-344.49,299,71.529
69.91,-337.96,295,67.088
70.604,-331.13,303,70.52
70.844,-327.28,285,67.956
71.85,-320.55,275,65.004
72.119,-317.62,263,60.968
69.759,-315.03,291,69.412
69.82,-306.96,301,67.427
71.943,-299.19,301,66.41
75.215,-295.82,295,66.344
81.209,-295.73,285,59.421
81.837,-297.97,293,71.256
84.345,-303.94,293,64.921
89.836,-306.52,287,66.121
94.609,-308.19,285,61.439
99.06,-308.66,297,65.26
103.07,-306.47,281,59.744
106.04,-306.1,250,55.94
104.37,-308.36,246,55.196
102.72,-307.23,286,67.444
104.32,-308.25,287,63.896
105.28,-309.72,275,61.357
107.23,-308.7,275,65.674
108.24,-309.4,294,76.897
107.52,-313.74,273,65.674
107.51,-315.76,290,71.463
103.4,-318.75,294,69.85
98.743,-322.73,282,61.406
95.743,-327.38,304,65.095
94.613,-330.5,273,69.387
96.955,-332.22,267,60.141
95.17,-329.95,275,62.448
91.423,-325.62,289,63.176
91.008,-316.98,312,71.239
94.687,-310.34,307,67.907
102.27,-306.66,314,66.716
107.51,-303.62,300,64.152
108.99,-302.66,288,65.103
112.19,-301.6,299,67.816
110.85,-301.86,293,64.822
113.55,-304.61,310,69.147
115.75,-306.83,321,70.057
116.58,-306.21,309,69.437
120.19,-303.12,302,67.965
121.68,-304.18,297,64.16
122.52,-305.47,286,60.786
119.99,-309.58,292,68.188
116.92,-314.72,302,65.905
117.65,-316.8,305,69.734
119.27,-318.78,306,69.792
120.87,-323.66,289,68.883
121.88,-327.59,294,66.6
123.54,-332.67,296,64.433
123.05,-336.94,303,71.165
125.47,-339.56,295,67.923
128.37,-344.91,293,66.733
131.05,-349.17,273,66.691
133.8,-351.93,250,58.966
135.19,-349.49,258,63.118
135.86,-345.21,269,64.152
135.9,-342.14,271,71.488
134.89,-343.1,239,67.187
137.56,-345.97,188,54.021
138.27,-350.65,145,44.783
138.87,-355.45,96,36.728
140.11,-356.82,56,27.523
141.15,-355.95,93,33.982
141.63,-354.36,93,34.743
141.72,-353.89,97,38.407
140.43,-353.9,103,38.953
139.26,-354.79,118,44.32
136.97,-356.75,131,40.64
135.02,-358.27,136,42.815
133.34,-357.85,135,40.838
133.72,-357.63,118,39.325
135.28,-358.34,126,38.39
135.15,-356.92,127,38.498
135.44,-355.51,129,39.796
135.52,-355.71,126,40.35
136.48,-356.1,111,39.168
137.45,-356.48,99,34.851
137.27,-356.06,82,31.096
135.89,-356.11,92,32.312
136.37,-357.07,116,35.967
135.74,-357.38,123,39.259
134.32,-358.14,53,24.728
137.92,-359.56,40,21.362
140.91,-358.51,43,21.825
140.88,-357.94,32,18.087
144.2,-357.65,34,19.774
142.63,-357.34,46,23.14
142.47,-357.07,45,23.206
142.51,-355.4,54,24.893
142.75,-352.4,61,27.432
138.46,-350.53,69,26.969
135.82,-351.12,111,37.811
134.19,-354.21,132,42.451
137.96,-354.02,125,37.373
135.67,-352.25,171,51.391
132.73,-353.07,209,51.697
133.86,-350.79,215,53.864
132.63,-349.51,210,56.626
135.86,-352.44,206,53.93
136.15,-355.96,203,51.689
131.62,-356.31,205,52.45
133.97,-353.22,223,57.602
133.49,-353.45,213,58.578
131.87,-354.23,220,59.306
133.94,-355.43,217,56.816
129.82,-358.6,231,54.79
129.18,-359.12,230,62.283
126.34,-361.34,232,59.653
124.24,-362.91,221,60.546
123.43,-363.81,210,59.405
127.67,-364.04,192,54.17
127.47,-368.51,156,50.589
123.74,-372.22,125,46.942
119.31,-371.71,172,57.321
115.73,-373.44,185,52.574
117.96,-375,122,48.927
123.33,-372.32,105,43.758
124.39,-369.55,160,51.259
122.62,-367.43,194,60.538
120.5,-372.54,154,57.073
113.36,-374.11,202,58.272
109.38,-373.27,218,55.832
107.73,-370.75,238,66.518
106.47,-370.13,244,58.189
106.83,-372.12,225,53.566
107.14,-372.43,222,52.847
102.62,-375.02,214,52.251
99.981,-371.54,236,59.008
100.66,-367.59,252,62.845
100.67,-366.82,246,58.247
101.07,-365.46,248,56.527
102.05,-365.32,236,55.526
103.27,-367.44,234,53.169
103.5,-373.49,215,51.573
100.67,-376.97,213,54.038
99.548,-378.02,201,53.756
96.08,-376.78,201,50.184
99.082,-375.29,200,51.234
100.21,-375.4,199,51.879
100.7,-375.55,229,55.733
101.12,-375.13,246,57.42
100.95,-374.98,272,61.456
101.17,-374.52,283,63.334
101.88,-374.01,281,63.714
102.84,-373.37,274,67.543
103.37,-373.37,272,63.896
103.45,-373.33,268,65.947
104.08,-373,265,70.264
104.02,-373.44,260,69.214
103.45,-374.12,249,71.406
102.39,-374.48,239,65.756
102.59,-374.33,259,63.615
103.04,-373.27,280,61.365
102.27,-372.98,271,62.01
102.47,-374.67,252,59.372
102.97,-375.45,242,60.348
102.28,-374.7,257,60.025
103.8,-374.58,235,57.412
105.53,-375.84,225,58.843
105.57,-376.82,199,53.856
105.47,-376.19,180,52.549
102.74,-376.53,213,53.384
102.05,-376.83,218,60.968
103.21,-374.4,223,65.715
103.17,-373.86,247,65.004
104.91,-373.22,238,55.708
108.27,-373.79,192,55.832
111.92,-372.82,193,55.526
117.7,-371.23,153,50.887
122.42,-372.2,103,41.699
122.89,-374.87,67,39.077
124.32,-373.09,48,29.136
123.8,-373.05,37,29.153
121.07,-372.07,90,41.236
116.27,-373.83,112,49.3
110.11,-377.14,115,56.858
105.47,-377.53,169,54.997
102.47,-377.45,157,57.851
102.02,-373.46,213,57.784
101.02,-375.02,264,59.752
106.96,-374.47,250,57.941
109.74,-369.87,279,63.135
111.31,-367.44,279,64.805
109.28,-371.94,235,65.178
105.46,-376.75,196,55.41
103.05,-375.15,235,61.109
101.81,-370.74,273,64.152
102.77,-369.48,269,66.021
103.59,-366.41,296,72.952
104.3,-363.61,305,63.598
103.89,-361.43,307,66.021
103.58,-359.15,321,70.843
105.16,-356.84,316,74.15
107.8,-355.55,319,75.978
109.54,-354.77,289,67.518
111.1,-356.07,276,66.799
114.2,-356.72,294,75.631
112.89,-355.47,297,85.605
114.24,-355.97,286,73.572
116.52,-357.01,265,76.814
119.15,-360.85,195,63.251
122.7,-364.43,134,50.424
125.39,-368.28,84,37.208
125.73,-373.03,68,43.014
118.42,-376.36,109,49.175
115.78,-375.27,166,60.464
113.12,-371.86,238,67.146
112.58,-367.01,281,78.336
112.46,-360.94,307,78.41
111.71,-356.58,306,75.937
115.1,-352.96,313,66.691
117.82,-352.35,345,86.365
113.79,-355.94,327,79.741
106.36,-359.25,307,72.91
100.53,-363.55,318,71.182
97.816,-366.51,311,70.793
96.206,-365.73,326,71.049
96.482,-369.59,316,68.072
97.062,-373.56,282,64.524
96.079,-378.15,251,59.116
94.973,-376.12,250,59.695
91.276,-375.74,252,61.613
89.693,-377.95,236,63.234
91.361,-379.47,244,65.302
93.798,-378.71,247,72.605
98.584,-378.36,231,73.836
104.61,-376.64,184,66.964
109.38,-378.27,117,43.179
105.44,-382.64,82,42.551
99.454,-384.38,103,49.448
99.378,-386.01,119,46.942
100.01,-386.56,97,43.394
105.61,-385.63,61,37.001
105.61,-385.63,61,37.001
