0,-0,194,49.067
1.9757,1.2074,299,63.11
4.0478,2.2656,342,66.137
4.9061,2.4381,387,71.173
4.481,1.4167,419,73.233
5.9768,1.8918,399,70.776
8.2067,3.1129,412,73.646
9.5315,3.936,460,79.956
10.72,4.4381,490,83.231
10.605,4.3371,465,80.552
9.678,2.8386,447,79.287
9.7311,0.21568,463,81.867
9.1046,0.054948,488,87.292
7.9471,-0.2317,524,93.586
5.1532,-2.5796,508,84.24
2.8668,-2.4123,488,82.049
2.3154,-0.92343,484,82.073
3.0804,0.4598,508,92.601
4.3957,3.9114,505,85.324
6.4511,7.3094,505,82.827
7.6371,10.26,512,86.771
9.3884,11.571,519,86.953
10.194,12.781,493,85.233
11.18,11.768,507,91.071
14.308,9.7105,525,95.273
12.368,8.4663,533,94.322
9.5538,5.4952,543,97.465
7.974,1.3663,557,102.28
5.1872,0.98852,536,98.242
3.6121,-0.48961,526,90.36
3.3784,-2.1442,498,85.076
4.1091,-4.281,502,82.123
6.3669,-4.2641,487,85.332
9.0775,0.46258,491,82.536
9.9824,5.6219,517,85.431
10.211,8.6691,550,90.972
12.66,11.727,529,88.185
13.089,13.528,545,93.246
15.192,12.646,538,94.619
12.662,11.814,522,93.983
10.538,7.7508,531,94.14
6.1208,5.6265,515,87.673
4.1497,5.7358,504,93.883
4.7085,5.1933,486,93.999
5.1061,6.0973,487,88.648
4.7694,7.9506,480,83.347
5.3258,9.2632,486,83.628
5.9662,8.3345,492,84.819
6.8703,8.842,515,87.937
6.6723,8.1434,536,90.525
7.7882,9.0797,558,93.436
6.7275,8.7072,550,94.644
4.5456,8.3805,555,93.628
4.9106,10.666,540,87.846
6.9708,13.559,536,86.895
8.2909,15.482,548,95.438
10.28,15.874,565,102.9
10.512,14.777,575,104.06
10.326,9.9302,567,99.904
8.5994,4.2473,571,101.61
6.0146,-0.86435,562,94.438
2.419,-1.2743,546,90.476
3.2989,0.98411,533,91.534
4.1154,0.49732,507,90.724
5.0037,0.04841,526,90.377
6.8308,2.3023,530,85.679
10.587,6.0653,531,88.673
11.544,9.5503,544,87.887
11.619,13.768,582,101.1
12.706,16.677,612,103.11
12.528,19.308,614,113.14
13.54,18.542,607,114.17
12.04,18.604,609,114.85
11.185,15.316,581,117.14
9.9222,9.0668,579,111.87
9.2321,3.7041,564,97.961
4.6816,1.9762,539,97.737
5.0719,1.1436,533,93.784
5.9499,7.3015,556,96.546
9.342,13.577,560,96.927
12.424,18.707,588,104.47
16.411,24.072,565,98.473
19.355,28.159,538,95.876
20.207,31.839,509,92.527
20.327,34.535,527,94.206
23.885,35.833,549,102.13
23.246,35.91,553,101.23
23.265,34.119,520,103.9
25.054,38.988,489,93.164
26.967,44.748,493,89.128
28.414,49.171,486,85.713
31.171,54.306,485,83.356
31.317,58.289,517,92.908
33.497,64.225,511,88.21
35.142,69.16,489,86.779
37.776,73.573,468,80.502
38.584,75.527,464,79.99
36.633,71.031,491,86.449
34.151,67.175,514,92.147
30.907,65.313,439,77.947
31.213,65.091,447,76.309
32.165,72.434,451,78.112
35.159,77.744,419,73.82
37.122,81.891,431,77.277
39.756,83.412,455,81.643
40.835,82.661,449,83.108
40.148,82.979,405,73.241
35.834,86.592,409,75.516
39.696,89.242,368,69.205
43.613,86.855,348,67.7
43.876,84.202,368,69.858
43.565,79.99,413,75.209
44.774,75.187,422,78.641
43.392,67.464,424,79.667
42.959,60.664,448,79.237
39.786,56.442,511,89.459
35.507,49.574,516,91.701
29.234,42.672,518,86.102
23.445,34.623,524,87.301
17.386,27.796,500,88.789
10.515,21.275,510,85.572
5.172,13.519,535,88.649
0.65195,6.3491,494,82.694
0.082394,-2.638,512,82.479
-0.50149,-6.1854,518,86.06
-3.7771,-8.3929,503,82.462
-5.1726,-9.6837,509,92.957
-2.9651,-11.896,524,97.117
0.39505,-12.244,547,97.564
6.0907,-8.9131,541,100.25
7.0319,-1.7912,545,98.134
7.5602,6.0745,550,89.922
11.118,11.869,566,95.314
14.764,18.664,562,93.007
18.859,22.905,538,89.186
19.726,28.68,542,87.912
23.511,35.49,543,91.104
27.636,43.05,562,93.437
33.107,50.069,574,95.546
39.17,56.382,583,97.969
41.197,61.401,572,98.647
43.385,62.436,532,85.977
41.119,64.145,533,87.838
37.596,71.179,579,100.3
41.156,79.719,566,92.568
43.729,84.324,543,87.54
45.745,83.127,546,88.144
51.103,81.411,519,86.614
52.074,79.577,510,87.334
50.69,76.016,455,79.237
51.175,73.084,429,79.816
47.818,72.99,444,79.791
45.108,76.815,478,81.701
39.808,84.911,520,82.992
38.798,92.772,476,78.567
39.369,96.918,415,75.201
39.521,97.502,410,74.258
43.096,98.244,406,74.539
41.911,96.99,417,73.977
40.415,95.168,444,83.372
44.807,88.313,463,85.778
50.708,83.794,492,91.394
48.947,83.2,504,83.356
45.904,73.964,491,82.148
44.847,66.552,483,84.075
37.528,59.544,521,93.66
28.193,56.507,552,91.344
21.883,56.512,556,91.923
21.449,62.043,549,95.43
23.906,70.434,543,93.941
28.124,79.407,540,92.725
33.575,88.001,558,95.017
38.104,90.027,547,96.993
36.908,92.256,528,94.826
30.253,90.545,505,86.556
31.383,86.516,512,85.307
39.052,89.998,552,88.094
46.941,88.211,524,90.774
42.9,84.207,493,80.874
33.571,84.488,525,86.787
28.329,90.625,518,83.09
30.655,95.314,442,74.341
31.885,94.868,433,73.241
34.328,93.909,418,74.184
33.249,92.342,437,73.704
33.584,93.649,427,74.895
35.456,92.207,398,75.474
35.467,89.87,419,74.763
35.074,89.445,424,75.474
37.728,92.889,464,78.873
34.094,93.644,443,75.317
34.712,90.715,433,73.886
37.682,89.519,456,76.607
39.635,91.983,464,77.558
34.677,92.607,514,84.753
32.567,89.586,502,82.214
33.409,89.303,497,81.304
35.382,89.521,504,83.694
34.848,89.149,532,89.402
34.173,93.366,497,82.578
32.438,91.516,489,81.527
35.557,86.27,536,90.219
41.192,83.899,545,91.601
44.024,87.136,532,94.024
39.413,88.407,508,86.366
34.615,92.739,488,81.453
36.826,92.067,506,84.372
35.165,92.52,501,87.383
34.44,89.63,470,78.6
30.098,91.289,491,84.083
30.871,87.788,520,87.019
36.522,86.672,561,101.82
36.611,87.16,542,93.296
38.728,81.59,586,106.94
44.988,74.984,590,101.14
50.155,71.947,568,101
50.499,76.559,553,102.6
51.182,86.234,530,96.447
55.34,92.767,505,86.945
58.508,90.591,542,100.68
58.715,91.511,547,109.75
60.98,98.942,528,101.03
66.193,104.17,509,87.738
72.837,107.03,453,78.509
77.635,110.48,404,76.218
81.642,115.1,375,73.042
82.353,119.66,385,79.336
82.35,123.84,406,90.881
86.972,124.01,416,99.912
87.647,118.95,408,89.707
84.298,111.35,402,84.571
79.632,103.44,360,74.573
73.952,98.32,397,76.119
66.421,92.903,432,80.99
55.837,90.085,493,85.117
47.231,81.3,522,94.14
38.704,72.063,547,91.014
32.283,61.849,557,91.61
25.185,52.947,568,95.43
21.664,43.596,556,93.147
17.412,35.171,573,101.31
12.432,26.55,579,104.03
6.3472,18.137,574,103.48
2.136,10.102,524,93.618
-0.14737,0.52801,523,89.07
-0.46719,-8.2817,514,90.137
-1.122,-14.345,543,100.54
-6.0217,-11.284,514,97.233
-5.4001,-4.1291,543,103.32
-1.1416,3.4209,523,92.817
5.682,7.735,512,90.575
7.2643,14.364,540,92.411
4.4841,15.211,528,93.296
6.552,7.024,524,93.47
8.5772,3.2879,519,93.718
11.514,9.0262,517,92.544
15.726,16.46,583,107.07
21.895,24.081,566,98.755
25.094,32.958,585,103.04
25.263,43.613,584,96.629
25.482,54.457,580,96.703
26.339,63.932,593,99.673
29.99,72.478,602,101.09
36.768,79.386,599,103.65
36.451,83.637,562,90.84
33.546,84.192,560,91.427
30.948,85.991,561,94.181
31.697,88.179,536,87.358
32.832,88.419,529,88.946
32.091,88.234,549,86.44
32.99,88.511,520,85.886
29.203,89.126,555,86.796
30.182,95.226,532,84.703
34.847,99.728,497,80.047
41.524,97.811,529,87.937
44.751,92.585,545,98.424
48.867,97.396,551,100.55
55.906,104.5,521,92.958
62.175,110.45,502,86.366
67.545,115.24,502,88.185
72.789,120.36,515,93.999
75.428,122.87,522,92.758
78.784,129.72,500,84.447
85.985,133.09,459,81.313
91.464,135.15,476,86.3
95.396,139.98,504,90.393
97.211,148.42,494,84.347
99.789,156.15,455,80.452
102.56,162.59,457,81.867
104.16,166.14,461,78.459
107.42,172.41,465,81.685
111.86,177.61,423,73.274
114.59,182.29,419,74.829
116.78,184.86,409,74.482
117.69,182.25,397,71
117.86,180.96,374,67.708
115.76,181.7,350,65.939
117.54,181.56,353,67.617
116.23,177.66,398,72.282
117.08,176.29,460,83
115.76,183.19,476,79.683
112.66,188.76,402,75.639
114.67,189.57,364,69.949
107.55,190.11,368,67.617
105.33,194.15,337,67.824
103.67,194.94,368,69.486
102.83,196.77,380,71.554
101.75,197.32,386,72.827
102.34,195.4,425,74.895
106.7,188.81,486,86.713
116.09,185.65,502,89.087
124.12,182.76,465,77.806
129.35,180.35,469,77.442
135.43,179.07,483,82.694
142.89,177.75,476,80.791
149.67,177.05,471,83.157
156.69,175.97,459,77.988
163.4,176.15,408,73.373
165.82,177.12,260,60.529
167.67,174.9,211,60.777
165.48,170.22,270,61.356
165.1,171.95,282,63.796
164.78,174.41,278,62.44
161.5,173.01,328,72.612
155.83,175.28,448,89.061
146.83,178.51,514,90.732
136.22,182.52,512,90.36
125.18,185.91,516,92.428
115.34,191.73,493,86.085
105.21,195.26,495,85.258
99.473,199.67,475,82.363
96.064,203.59,499,88.127
88.81,209.05,466,79.096
84.734,215.02,465,78.575
82.016,220.94,459,77.55
81.356,227.79,451,76.979
82.518,233.52,451,77.136
79.129,235.41,468,78.385
82.162,240.99,422,72.943
83.442,245,374,69.387
84.86,244.76,354,67.518
86.994,250.32,312,64.359
87.988,249.6,338,68.824
92.289,248.27,393,70.909
96.926,248.83,422,73.489
101.41,250.43,420,79.402
106.94,251.72,409,78.84
111.44,254.48,412,76.979
115.87,257.21,448,82.967
119.2,261.87,466,80.552
123.98,267.28,458,77.153
130.04,269.36,461,77.169
131.87,269.37,463,80.138
134.82,267.53,458,85.117
134.25,268.12,439,84.472
134.4,268.92,419,75.226
137.95,270,433,74.134
139.23,264.39,423,74.349
138.2,262.13,423,74.903
136.96,259.32,418,76.888
138.71,262.91,486,89.244
132.63,266.53,518,96.38
124.19,265.47,521,101.16
120.83,262.03,515,96.274
118.38,261.93,516,98.573
122.79,261.37,523,98.945
132.18,265.6,545,98.979
141.45,269.28,516,86.622
145.68,273.88,475,83.529
149.92,276.93,444,79.543
152.23,277.86,430,82.049
148.99,275.64,477,94.834
144.39,271.93,522,111.18
134.8,269.31,537,111.43
130.47,262.9,520,97.183
129.96,269.36,503,90.311
122.17,270.5,470,79.973
124.54,263.91,511,88.235
133.32,269.01,515,89.351
142.25,275.64,491,82.669
149.46,280.84,482,79.51
154.22,285.14,473,83.628
158.44,286.64,436,79.146
159.7,288.62,404,76.764
163.35,291.59,320,67.84
165.98,294.3,199,54.939
167.68,293.45,126,41.243
170.92,297.04,427,78.815
175.44,297.63,424,72.571
175.34,300.94,408,77.872
178.19,301.56,404,75.598
176.8,297.67,400,75.59
176.5,298.64,378,71.082
172.98,300.56,419,75.408
172.46,305.77,461,84.836
179.2,307.64,433,77.616
180.19,306.23,357,74.564
184.4,302.62,377,73.646
185.57,304.51,408,71.992
190.47,306.7,409,75.135
193.47,305.79,436,76.797
198.15,309.24,426,73.489
202.41,313.11,433,77.045
207.75,315.75,443,76.524
213.1,318.41,448,78.12
217.66,318.41,453,79.998
222.42,319.24,445,78.294
225.22,317.58,384,69.991
227.37,315.91,341,66.501
222.27,316.79,382,71.289
215.64,320.65,404,73.903
207.99,317.46,395,71.827
201.18,312.61,425,74.184
193.16,305.73,417,73.241
185.17,298.87,414,71.951
175.68,293.56,430,75.945
167.57,287.89,423,74.614
156.49,284.71,437,76.516
145.75,279.57,462,80.469
136.12,272.33,451,78.964
127.47,263.28,467,82.007
118.83,255.5,449,81.685
111.19,250.43,457,79.7
101.67,247.45,493,87.276
92.14,242.57,478,81.552
81.264,237.67,484,82.305
73.293,229.07,490,87.474
73.182,218.97,481,83.438
75.485,209.67,468,82.413
78.638,202.03,478,86.242
87.626,198.96,521,94.157
97.133,191.2,512,90.03
104.59,181.96,530,95.331
106.38,176,562,105.4
99.047,167.92,524,95.182
93.141,158.29,495,85.051
90.219,147.9,472,79.096
87.32,137.66,468,77.649
82.33,128.2,480,80.717
73.483,123.05,489,87.424
65.416,116.53,479,82.288
61.754,114.2,507,90.079
51.565,110.7,478,79.311
42.905,110.59,480,84.141
39.11,109.18,525,106.9
28.735,104.3,529,96.703
20.989,96.926,524,92.089
20.059,88.555,549,97.208
22.089,93.541,599,115.2
14.21,91.471,559,104.74
6.2021,87.697,542,95.918
-1.0662,84.641,518,90.823
-4.4704,79.998,531,98.639
-9.7203,77.957,523,91.576
-14.6,74.429,485,85.886
-14.119,69.046,465,77.922
-15.276,69.593,468,77.26
-21.014,66.901,472,77.947
-19.341,62.532,476,77.616
-18.8,63.157,507,95.754
-20.645,66.716,535,96.87
-21.899,67.063,549,99.582
-18.754,69.056,534,95.612
-12.563,74.32,523,94.669
-6.7619,80.891,521,90.658
-1.6028,87.477,500,89.922
0.84119,92.113,500,88.59
4.0202,94.3,526,92.676
7.8284,98.813,516,95.504
13.175,102.7,500,87.895
17.812,103.19,449,78.914
10.561,102.01,471,82.247
9.0453,100.59,487,86.085
14.584,101.41,465,77.93
16.631,98.464,448,80.651
15.733,99.273,411,74.581
16.609,98.66,384,71.744
16.667,98.585,384,70.247
16.757,98.619,403,72.505
16.746,98.413,410,71.529
16.91,98.258,420,73.034
16.906,98.145,454,75.176
16.786,98.035,504,78.269
16.783,97.591,557,82.801
17.508,97.485,596,85.762
17.886,97.134,614,91.212
17.038,96.559,603,88.21
15.391,94.804,558,85.77
12.988,95.293,517,81.859
13.765,99.063,471,78.799
13.974,99.031,433,76.053
18.336,100.44,425,72.265
13.937,97.976,422,73.522
13.514,91.768,441,73.522
18.328,93.191,464,76.26
25.185,95.767,489,79.857
30.712,94.756,447,78.509
31.956,97.644,403,71.339
31.194,95.895,353,66.666
31.584,92.582,319,64.185
30.072,90.625,331,69.594
27.523,91.865,392,70.793
25.741,92.21,393,72.505
23.26,93.396,434,76.888
23.21,92.375,433,75.647
24.881,92.877,419,77.186
26.559,91.637,462,77.26
28.314,93.842,478,79.89
27.779,92.268,491,85.952
28.119,92.719,436,75.143
25.608,92.946,420,73.605
22.385,92.447,459,82.388
19.485,89.375,481,83.81
13.39,81.845,495,84.588
16.57,71.727,504,85.117
13.111,60.713,504,88.235
10.033,50.008,496,87.565
8.1784,38.819,523,90.327
3.9577,27.159,558,96.216
-0.89505,15.132,572,102.22
-2.6473,4.3829,535,94.512
-2.3497,-5.7832,529,89.095
-1.3213,-9.7399,545,99.358
-3.5151,-9.8069,552,103.01
-5.3728,-1.2486,549,100.37
0.12417,8.0194,573,93.329
8.2936,10.943,584,112.12
12.911,19.248,582,98.209
18.627,26.187,559,97.208
22.523,32.088,535,89.922
21.967,36.964,540,96.398
24.473,38.015,543,100.58
23.193,41.111,517,93.354
16.31,43.998,545,94.297
13.437,53.001,562,93.908
11.234,63.228,548,90.98
12.16,70.585,519,86.614
9.6706,75.196,515,90.741
6.6429,71.969,544,99.946
-2.4502,72.239,564,103.62
-10.968,66.026,565,108.93
-19.544,61.175,564,104.67
-25.847,56.493,555,100.74
-32.198,55.125,574,111.22
-34.279,51.17,576,114.32
-39.098,52.045,563,107.74
-46.956,49.006,560,106.45
-52.756,48.987,528,100.54
-50.724,54.009,548,105.21
-47.28,61.283,519,89.963
-43.444,68.448,485,82.479
-38.143,73.118,450,78.964
-33.92,76.004,429,73.738
-29.255,77.566,424,76.88
-27.643,79.622,405,82.421
-20.588,82.572,370,77.914
-12.325,85.249,430,84.149
-5.6257,90.672,455,84.67
-3.2425,97.589,481,86.531
-2.9452,103.61,465,81.643
-5.4368,108.41,482,81.123
-9.9348,111.07,481,81.172
-9.6,117.66,442,74.655
-9.5901,116.36,468,81.015
-3.3954,110.09,476,82.537
-0.24662,113.53,536,99.854
2.1627,110.73,505,91.799
8.2124,115.95,462,80.419
10.988,113.49,395,74.73
13.713,112.2,376,70.52
10.572,108.32,341,65.376
8.7734,108.38,320,63.044
5.261,110.39,306,62.465
5.7251,109.23,380,73.233
13.838,102.41,466,82.81
25.2,102.4,510,86.25
30.726,102.26,473,85.605
31.375,95.972,442,79.154
33.322,90.988,395,71.645
32.085,90.985,436,82.512
34.942,80.4,480,82.354
37.633,71.281,461,79.51
38.039,65.178,448,81.04
29.437,59.076,491,85.787
19.349,58.988,492,87.019
12.896,52.098,502,84.637
15.236,47.974,548,96.381
13.516,56.772,572,104.4
11.319,67.187,535,94.413
10.254,78.901,549,95.802
12.357,90.429,546,96.72
22.517,94.032,525,90.782
27.075,89.991,548,98.06
22.779,95.343,505,88.963
19.597,93.676,448,78.195
24.531,101.17,418,73.233
31.64,106.12,402,72.637
40.391,109.27,376,73.762
49.239,113.82,395,81.743
57.141,119.54,423,86.275
64.061,125.62,480,89.376
67.2,132.64,495,86.068
69.178,132.24,510,85.026
78.738,137.47,517,87.532
88.434,142.34,527,90.575
86.069,148.82,540,98.407
90.429,153.88,471,78.517
95.147,164.04,465,78.294
102.11,174.5,469,75.738
111.93,183.14,462,76.764
123.54,185.97,448,79.882
132.11,186.65,486,88.591
141.91,187.6,491,89.062
144.86,190.79,484,83.049
149.39,194.83,496,88.144
154.82,195.41,483,85.704
158.62,193.42,454,81.007
156.6,194.08,357,65.93
156.44,190.19,320,66.691
161.36,189.12,354,73.026
156.15,189.27,387,76.698
151.17,182.24,457,89.848
141.59,175.3,447,82.115
130.17,172.09,437,79.055
119.62,172.99,459,82.007
111.05,167.28,484,84.058
102.9,159.68,493,88.492
96.123,150.65,514,93.817
93.783,141.5,491,89.848
90.081,135.46,501,92.825
83.174,127.14,511,88.127
84.876,117.5,498,88.193
83.772,112.93,518,97.762
84.983,104.72,476,84.745
87.277,99.205,481,82.669
92.254,94.257,467,79.535
96.512,90.356,370,69.089
98.473,90.287,292,61.059
102.13,93.083,304,66.526
100.97,96.039,316,66.592
100.74,95.008,357,78.36
99.991,95.454,316,83.066
96.051,93.345,289,74.051
93.822,96.758,210,63.234
88.798,98.953,229,63.102
84.9,97.86,272,68.105
79.141,97.137,296,64.044
70.863,93.755,331,68.626
61.272,90.14,323,70.272
52.198,91.553,310,65.905
48.662,96.053,417,88.441
53.03,104.98,423,80.229
59.122,114.67,410,76.036
63.813,122.49,418,78.964
66.229,128.52,483,88.665
69.549,138.53,456,80.51
77.227,145.89,475,82.677
80.708,153.5,479,86.366
86.553,164.76,466,81.495
95.011,172.96,470,82.983
99.949,180.95,529,93.817
103.94,182.82,552,105.06
105.52,187,567,118.35
116.64,184.74,548,115.93
129.18,185.57,556,111.03
136.68,187.05,541,105.18
138.38,192.85,485,86.159
140.01,200.37,440,80.105
145.36,205.57,402,73.77
152.27,202.83,411,74.73
157.58,200.47,448,83.281
163.53,198.62,467,86.796
166.42,196.94,436,84.298
168.57,192.22,484,92.849
168.06,193.9,431,82.685
166.11,196.82,491,94.098
167.84,196.89,452,88.648
167.77,197.97,404,74.093
167.52,198.76,343,68.171
172.15,202.45,294,61.621
166.92,200.75,285,64.888
169.98,202.53,370,75.358
174.99,204.91,394,81.908
178.39,204.81,467,87.78
179.59,204.23,495,117.67
188,206.54,447,84.984
193.17,209.28,450,80.444
196.65,212.88,445,77.649
199.28,214.16,431,77.326
199.08,215.45,463,86.912
197.68,212.37,498,101.28
194.74,210.05,471,86.085
190.78,208.65,410,73.497
182.76,204.7,438,79.799
172.98,202.74,461,84.654
167.87,194.72,511,92.734
158.61,187.2,524,97.481
149.98,177.58,553,106.64
141.88,170.37,530,104.75
131.41,169.22,507,93.527
125.07,164.34,473,88.193
121.52,159.09,481,88.202
115.37,157.75,492,90.749
110.36,153.24,512,94.024
109.78,153.45,540,112.69
110.94,155.21,554,115.89
116.31,156.13,554,119.47
121.4,158.75,535,116.56
127.56,160.15,520,104.93
133.66,162.49,475,81.66
142.67,166.17,505,93.842
148.69,171.87,517,92.494
142.08,179.06,485,82.743
140.78,187.07,494,88.996
135.7,194.21,480,88.185
139.79,192.61,536,96.306
142.5,196.71,538,101.09
139.61,199.86,514,99.449
142.81,200.19,563,121.65
152.98,201.03,569,117.19
164.36,202.07,556,111.56
174.74,204.7,532,105.82
183.49,208.75,504,94.578
191.47,210.37,496,87.681
193.82,212.04,495,88.946
200.36,216.03,484,88.863
207.53,219.03,453,80.32
211.01,220.22,381,69.006
214.11,218.88,358,67.774
220.9,216.62,360,69.412
225.81,213.02,364,71.653
230.01,210.07,340,68.808
234.11,207.63,298,63.92
233.84,206.33,280,62.357
235.13,206.69,289,65.12
232.6,208.91,321,64.135
232.44,205.77,324,63.366
232.29,205.22,324,63.854
233.35,205.73,352,67.27
232.69,206.23,353,64.615
232.86,203.97,398,73.142
229.73,208.75,429,78.121
232.71,208.79,452,80.03
234.57,210.1,430,76.268
240.46,207.07,420,74.076
245.22,203,389,70.305
244.91,200.21,346,66.674
246.9,200.28,387,69.759
243.87,201.72,414,74.482
246.27,199.94,298,61.29
250.34,200.86,317,65.186
252.68,201.48,306,67.311
255,201.84,332,64.127
254.47,203.19,349,66.55
250.47,203.98,329,63.019
247.38,199.05,256,54.393
244.49,195.96,259,59.099
239.48,197.22,325,64.408
231.58,201.11,317,67.154
224.68,202.41,349,67.518
218.54,206.66,393,78.749
213.48,210.82,413,78.377
205.54,209.68,434,81.37
199.21,203.84,403,76.987
195.33,201.64,383,69.776
186.83,202.5,475,87.11
179.59,195.85,473,92.172
171.39,187.5,487,94.388
164.35,178.01,500,96.787
156.47,169.85,500,94.694
155.89,170.58,489,92.751
147.47,168.4,500,96.356
140.95,159.75,461,84.174
136.27,150.8,475,84.662
128.69,144.3,489,89.641
122.17,139.12,482,85.307
120.81,131.34,447,78.55
122.75,124.21,449,77.26
124.48,117.82,431,75.788
126.75,112.65,411,72.968
129.62,111.25,405,73.746
129.54,108.5,397,72.571
133.67,103.12,366,67.402
138.55,99.738,362,67.708
142.22,96.676,397,71.248
144.7,97.599,392,73.522
143.93,99.065,441,87.499
142.29,99.818,418,80.965
148.1,101.17,389,73.72
147.07,99.873,369,68.808
146.42,102.08,362,67.609
152.95,102.66,328,63.118
160.55,103.86,315,62.63
163.43,108.11,299,63.052
165.17,110.8,264,64.152
163.15,112.62,276,64.871
163.45,109.1,221,57.486
160.76,111.8,235,54.029
157.73,111.65,229,54.6
154.65,110.56,231,63.3
153.66,107.56,258,59.124
154.17,107.24,261,58.685
155.33,105.63,285,61.382
150.19,100.11,340,69.197
141.01,95.32,280,63.093
140.08,95.149,227,57.966
137.15,97.236,180,57.304
137.84,96.121,149,52.433
138.25,96.8,147,49.712
137.55,98.163,140,49.687
134.01,103.7,171,56.494
133.61,103.34,202,70.007
137.89,101.2,243,76.119
140.08,99.304,292,83.339
142.45,97.273,332,83.479
135.55,98.396,379,89.732
134.27,105.11,395,87.333
132.27,107.19,358,87.308
129,108.22,379,76.863
132.25,108.46,420,89.252
128.23,111.58,427,95.314
122.91,118.47,428,88.243
123.77,124.55,430,81.329
119.68,131.55,441,85.026
118.61,134.06,431,85.927
122.14,144.82,477,90.641
124.08,155.35,485,88.516
128.58,158.73,480,90.534
135.24,160.22,463,86.391
130.56,166.57,480,93.214
130.32,168.22,404,77.856
133.24,179.94,439,76.673
130.57,192.07,446,78.195
127.95,192.1,463,91.32
136.91,194.27,503,99.003
139.58,203.55,483,93.511
138.9,206.82,442,79.055
142.27,213.36,404,72.943
145.44,215.04,396,79.766
149.49,216.32,358,75.656
152.51,214.38,324,70.586
160.44,213.15,313,67.518
163.04,210.68,291,65.558
161.35,205.11,350,85.514
170.83,205.49,314,79.435
176.94,211.78,348,84.637
183.17,216.37,355,80.924
190.61,217.1,448,86.647
200.97,217.91,477,82.446
209,216.76,474,83.438
214.89,215.4,469,85.489
224.62,215.08,466,84.48
233.38,209.67,448,82.148
242.84,206.04,449,86.25
246.51,203.65,466,85.903
254.26,200.67,437,79.816
255.71,200,454,85.341
262.44,196.5,437,80.006
266.98,192.83,435,78.294
270.46,189.92,429,78.708
274.47,188.46,413,75.772
274.34,187.24,394,74.994
273.68,189.66,408,82.115
266.86,190.95,445,89.07
259.51,193.58,445,94.512
249.91,192.93,419,86.804
241.39,193.91,396,79.22
235.12,193.86,416,80.684
230.19,199.28,438,80.808
223.45,201.84,412,75.383
220.48,201.93,333,64.45
223.74,204.09,333,64.706
218.84,211.54,339,67.998
208.7,215.51,372,71.372
204.01,208.47,327,64.615
202.62,208.93,318,64.102
199.74,210.17,305,63.945
197.95,208.16,311,65.624
195.06,204.03,265,61.249
191.55,201.68,251,55.46
191.52,196.06,279,64.243
186.06,191.48,390,76.028
181.67,189.27,425,79.022
175.58,193.41,407,77.839
168.66,200.91,459,81.155
165.44,203.94,468,85.158
175.56,208.15,475,84.794
184.29,214.54,445,77.674
183.95,218.23,421,75.383
189.8,222.67,397,73.381
200.86,224.15,393,76.623
205.84,225.27,425,82.627
216.04,222.16,424,80.941
225.92,218.65,432,81.007
234.92,215.31,460,90.774
244.64,210.5,456,86.763
252.92,208.5,471,92.288
259.98,202.44,484,97.225
269.2,197.62,461,92.189
276.1,192.99,413,79.874
275.65,192.96,421,89.161
272.57,196.79,443,94.604
267.57,195.98,482,96.29
268.65,196.38,482,90.129
269.41,201.24,436,79.162
278.01,195.88,433,81.445
281.47,193.2,269,67.716
282.3,192.54,188,60.868
283.59,191.44,126,48.455
286.95,194.64,314,71.256
287.18,195.32,297,64.706
285.64,198.56,354,66.683
284.58,200.59,402,77.914
287.52,202.07,370,78.584
288.62,205.68,301,63.11
288.51,205.37,280,61.663
289.55,202.78,265,64.425
292.8,200.57,242,57.478
292,194.59,285,63.581
286.37,188.56,354,72.174
278.17,185,409,76.797
273.77,185.24,410,79.89
265.98,190.06,418,78.013
256.3,199.11,413,73.878
246.93,205.75,415,74.159
243.38,201.55,479,92.825
246.64,202,489,95.496
247.02,209.05,437,81.445
239.45,214.47,467,91.055
232.55,217.13,480,95.496
235.89,214.16,478,96.555
245.94,212.6,463,90.641
242.27,213.8,409,79.774
245.79,210.38,476,99.358
255.73,209.04,427,88.715
257.99,209.69,424,85.646
264.51,209.13,398,72.662
270.17,210.23,380,71.066
269.08,212.62,372,68.469
266.75,217.49,355,71.504
264.43,223.08,378,74.432
266.78,227.76,396,79.427
263,231.44,393,77.806
262.58,236.84,401,80.891
263.79,241.97,367,77.889
260.71,245.21,376,70.917
262.27,248.95,327,65.004
265.15,249.1,299,63.019
263.86,253.96,266,57.089
264.47,254.01,267,60.811
261.02,252.28,234,53.012
262.47,244.71,258,55.22
265.96,239.03,306,63.325
264.31,234.54,358,69.9
267.24,231.78,359,75.225
264.04,236.95,363,73.654
259.1,240.76,318,63.11
265.89,241.68,359,75.019
271.14,236.77,391,83.529
271.27,241.42,380,77.558
270.97,235.59,385,78.906
278.14,235.87,362,69.048
283.37,236.36,349,67.361
289.04,235.87,333,65.442
293.96,234.05,317,64.905
297.97,232.22,314,65.955
297.33,231.28,297,64.731
296.92,228.75,331,67.932
294.52,230.05,340,70.52
295.96,229.27,305,63.871
297.01,228.84,308,65.078
291.95,232.34,342,72.158
286.81,234.11,315,64.152
294.09,232.04,358,76.417
294.17,235.81,302,62.581
295.81,228.69,335,68.072
301.36,222.33,330,69.404
304.66,220.2,320,74.696
306.95,217.93,319,66.41
308.74,216.73,211,73.738
309.01,217.63,164,60.53
308.82,218.76,158,55.469
311.83,217.6,152,58.173
317.24,222.49,200,56.494
320,222.6,153,49.092
320.12,222.33,158,50.134
318.65,221.86,206,52.458
318.6,221,177,48.794
318.97,218.63,192,49.547
316.34,219.32,234,53.045
321.53,220.18,144,45.85
321.53,223.47,114,41.798
325.74,222.45,124,43.088
322.01,219.23,194,54.352
321.97,219.29,198,54.12
321.41,216.22,208,51.234
321.27,214.46,227,57.462
313.89,213.75,281,60.116
305.45,215.07,273,58.594
304.02,215.91,271,58.611
304.24,215.91,294,63.482
298.59,220.09,314,71.091
293.29,230.24,397,76.649
290.03,229.6,404,75.226
298.15,235.67,382,72.298
295.93,234.5,392,72.778
293.74,234.28,366,69.205
300.07,231.86,402,73.605
308.27,231.93,366,71.364
313.17,232.86,278,69.131
319.24,224.35,259,67.733
321.42,222.2,194,57.156
320.65,215,260,68.535
315.34,216.3,361,77.285
308.12,213.7,382,72.009
311.56,213.12,401,79.071
316.8,219.8,279,67.038
315.71,222.52,295,62.655
317.48,220.72,295,66.129
325.41,220.7,182,56.279
322.07,225.59,167,50.672
324.68,221.18,136,53.972
328.22,214.95,141,53.583
327.46,223.8,178,55.204
328.49,218.33,174,48.232
331.32,218.96,136,45.428
332.33,221.97,175,59.488
333.2,221.43,185,63.598
332.37,222.57,162,55.386
328.92,224.18,219,60.439
330.55,219.28,202,54.426
330.55,219.28,202,54.426
