0,-0,118,40.003
-0.18182,0.68963,154,45.767
-0.18239,0.30439,159,45.891
-0.55738,0.84718,122,41.194
-0.095238,0.7497,168,50.01
0.34437,0.42176,151,47.124
0.81119,0.47535,143,44.75
0.43478,1.3433,115,39.49
0.61842,1.3192,152,43.989
-0.088889,1.8094,135,41.492
0.036496,2.7879,137,44.403
1.8873,1.9164,142,43.94
-0.59,0.70398,200,50.291
-0.93407,0.98184,182,51.78
-0.12281,0.24834,171,44.758
-0.38037,-1.8972,163,48.53
0.52023,1.839,173,47.264
3.5088,3.4998,171,47.405
3.4894,2.1581,188,48.794
4.8788,4.0764,198,50.382
4.8176,6.2037,170,49.2
3.6828,7.2798,186,53.393
2.0282,7.0819,177,52.103
-0.55797,4.9477,138,42.145
0.99535,2.0855,215,53.293
0.42795,-1.2178,229,62.291
-0.028302,-0.61385,212,57.619
2.2206,2.0338,272,59.769
5.4036,-0.15745,280,60.422
5.6592,1.0937,267,59.463
7.0844,5.05,237,58.611
6.4261,8.7216,230,53.864
6.6522,11.061,230,57.321
8.622,8.0666,246,61.059
6.8792,7.3752,207,56.494
5.6034,8.1574,179,53.277
8.3571,8.7363,224,58.016
9.4217,6.9825,230,57.9
8.344,7.8711,218,54.633
7.1822,7.9932,214,52.458
9.3246,8.4223,228,52.731
8.2972,8.6833,212,51.813
8.4384,9.5336,203,50.49
8.3598,9.7128,214,55.94
8.1508,9.7496,179,47.19
8.0872,9.5518,195,52.293
7.9954,9.7186,216,53.881
7.6667,9.7545,225,53.194
7.4121,9.3555,182,51.234
7.1786,9.6196,196,52.549
6.4096,8.1643,166,51.259
7.8811,6.0606,185,51.441
6.8957,5.5546,211,57.602
6.7615,10.142,218,58.925
5.5371,11.276,229,55.105
6.0251,9.8641,199,52.475
8.719,12.851,242,58.429
9.9598,12.486,249,57.42
12.321,10.919,274,62.68
12.632,10.231,250,61.655
10.489,9.3798,233,56.799
11.65,9.3901,274,63.226
10.378,10.277,201,55.369
10.236,7.516,161,51.251
11.107,4.4721,169,52.384
10.037,2.4773,188,56.395
11.786,-0.66799,215,71.488
18.19,-2.7841,321,84.29
25.197,-1.4379,325,92.833
27.444,0.65099,383,103.37
30.366,-0.15057,383,107.11
30.784,0.12284,384,102.97
24.906,-3.4212,392,96.282
22.593,-3.5931,405,84.952
25.277,-3.3075,430,83.852
30.174,-3.3967,454,112.81
31.947,-2.5631,475,114.19
29.316,-4.877,500,100.95
28.878,-4.8933,452,97.398
29.525,-5.8597,448,105.9
39.258,-6.4211,496,119.84
40.94,-6.0354,613,113.58
38.559,-2.9748,623,114.34
35.365,-1.025,625,114.98
37.864,1.1419,558,120.97
36.738,4.7779,622,109.75
34.059,3.7018,576,100.97
25.333,4.8753,495,89.244
23.779,8.9776,476,85.622
24.666,8.9458,440,89.567
22.316,6.5963,412,74.432
20.644,5.5688,396,70.818
24.804,5.4233,433,79.493
32.661,10.2,598,103.78
40.775,10.61,693,95.678
47.19,10.494,647,107.12
54.301,7.0061,718,119.46
63.348,7.4909,790,119.8
70.854,6.8652,840,120.26
79.579,6.6238,841,115.52
85.102,5.2664,882,123.54
87.41,3.1847,888,121.94
82.274,-0.16921,854,123.59
84.081,-3.1399,805,108.72
82.702,-9.2257,819,106.96
80.19,-2.4914,790,107.88
84.835,6.9145,834,107.32
89.524,12.629,853,109.95
95.597,8.5293,901,116.88
99.354,15.574,889,113.91
108.47,17.638,922,116.05
118.88,16.296,938,113.31
129.23,15.989,920,110.42
138.21,16.531,895,107.91
146.61,16.233,908,108.17
149.75,15.507,843,105.64
153.42,13.589,827,110.08
158.54,17.003,754,100.04
159.09,14.707,850,105.48
163.78,10.859,905,113.08
160.32,15.971,967,118.49
157.45,17.402,902,109.11
158.03,17.625,964,114.84
158.61,16.488,947,111.35
155.98,16.791,909,110.67
157.46,16.343,823,100.91
161.93,16.609,770,98.341
165.8,14.843,967,113.67
165.61,13.099,969,113.09
166.13,12.839,910,112.86
161.76,17.747,964,117.58
170.56,14.371,960,116.41
177.11,7.9598,960,112.12
183.84,7.2265,880,106.28
189.28,1.6731,832,100.69
188.46,1.1208,809,102.26
186.14,2.9431,720,94.884
194.79,3.8473,723,94.678
196.22,-0.30698,781,101.18
204.83,0.4921,787,100.78
210.03,-1.2884,879,108.28
217.76,-1.347,925,110.42
225.13,0.11063,924,107.94
233.17,2.5379,910,106.19
239.58,3.9204,860,102.9
243.18,3.7243,811,101.17
238.95,2.6514,773,99.648
237.9,1.4834,810,103.1
238.96,1.7514,822,102.93
238.5,1.8538,876,103.34
238.48,2.2687,910,108.04
238.03,2.6874,950,108.79
236.41,2.7445,1006,114.72
235.18,3.5689,1048,115.15
234.69,2.4691,1084,118.49
233.36,1.873,1146,127.4
234.44,1.2665,1179,128.19
238.4,2.8694,1119,124.4
240.72,3.9954,1036,118.11
240.21,1.1507,1004,118.17
235.24,4.0279,1032,118.71
233.68,1.3687,993,113.6
237.65,7.443,957,109.34
236.2,2.1204,1041,115.47
240.7,4.29,1051,116.64
241.82,4.4898,1054,113.95
241.23,4.4183,1053,114.15
238.61,3.4181,1062,117.26
241.46,3.9458,1020,113.1
237.73,6.5703,990,112.2
234.02,7.3081,1051,118.37
232.01,4.7587,1009,116.15
232.9,0.82274,1108,126.58
236.91,0.79315,1091,118.37
237.75,7.8113,1047,116.48
242.95,5.2787,1028,113.28
240.29,1.4912,1038,119.74
233.9,4.824,1069,119.08
234.97,11.707,1077,121.19
239.75,15.127,1045,114.73
245,13.462,986,114.57
247.26,5.7963,983,111.14
242.34,0.27764,1076,120.46
230.41,-1.3525,1034,118.67
233.39,5.1339,1119,127.67
246.12,6.7802,1054,115.56
244.11,1.3896,1037,117.97
237.98,4.3932,1052,114.9
244.69,5.219,1063,114.51
243.61,-0.36785,1054,115.8
243.71,2.6364,1071,117.53
236.45,-1.1744,1048,113.52
231.48,-4.5106,1064,121.03
231.99,2.9732,1088,121.33
237.3,0.18215,1119,118.39
242.04,-2.8988,1064,115.17
237.51,-2.6419,1046,115.98
234.88,-0.41581,1095,120.62
242.44,-4.0989,1030,113.68
240.52,1.6556,1085,116.3
234.05,-1.6141,1066,119.58
238.92,-2.3107,1082,116.78
243.26,-1.7405,1032,112.63
235.38,0.73397,1057,116.39
238.93,6.1714,1098,120.8
246.76,11.685,990,113.36
247.59,8.6967,1005,113.28
247.13,5.7899,1019,115.62
243.98,11.56,1062,116.49
245.84,16.324,986,111.91
247.08,16.181,950,108.62
247.62,17.352,935,108.42
248.21,12.106,889,108.87
249.53,9.8515,878,105.55
248.88,7.2728,922,107.28
247.94,10.176,1011,117.3
246.89,11.703,964,111.87
245.81,12.525,971,109.38
245.06,7.6108,1052,117.29
241.65,2.1934,979,119.16
246.65,13.644,983,112.56
249.19,16.152,911,106.88
253.72,2.8403,734,105.99
244.27,-6.6958,1006,116.07
228.72,-4.1764,1037,117.58
218.94,2.1215,1069,122.9
214.83,-0.1889,1076,124.27
228.58,-2.7867,1082,123.21
247.24,3.5918,975,111.62
253.71,7.1205,675,96.62
244.2,-4.8752,983,113.93
244.07,-8.0319,976,112.86
237.3,-7.0214,974,110.87
236.99,-2.6963,1005,113.33
238.34,-6.673,1047,113.89
237.89,-4.2329,1029,115.39
235.01,-3.4836,1023,112.09
237.62,-1.5863,1011,115.66
237.38,-3.4924,1050,115.17
242.18,-6.6223,1032,114.23
242.38,-3.7978,1027,114.82
238.09,-3.527,989,113.05
236.84,-7.4794,980,110.88
235,-6.3654,949,111.09
233.08,-1.5773,836,103.59
235.76,-4.7559,854,103.09
241.52,3.7476,930,110.12
244.62,8.1936,1018,117.53
243.93,9.4204,1032,118.03
244.08,12.373,1044,117.93
248.92,13.617,958,113.57
250.29,17.111,880,107.27
248.64,17.878,916,107.49
244.13,15.607,1032,115.48
245.46,13.475,1007,111.9
243.36,16.95,997,111.64
242.68,20.018,985,111.07
244.91,17.188,956,110.61
244.87,17.488,972,109.65
243.24,21.511,958,110.34
244.23,20.162,928,108.08
245.33,23.891,912,106.77
241.97,29.08,933,108.76
244.24,32.772,863,103.49
244.07,34.327,859,103.58
256.19,22.186,475,85.505
255.4,17.767,433,78.98
254.85,16.779,484,82.801
254.96,6.6558,535,86.704
254.78,0.16833,586,91.294
252.91,1.0193,682,97.894
251.34,7.4246,724,97.77
245.19,2.8993,945,113.61
239.93,-6.0683,1014,115.51
250.21,0.089958,769,97.869
255.05,5.4264,429,78.963
254.08,-1.492,568,89.715
251.66,-0.64952,696,95.165
250.74,5.4179,741,100.1
245.02,0.61416,983,113.61
241.91,-4.1379,994,111.9
240.48,-5.2777,1003,112.23
240.62,-3.3862,977,111.08
241.68,-5.4772,1009,113.41
232.68,-11.627,1057,124.44
217.54,-12.96,993,117.5
211.19,-11.347,866,107.29
195.43,-11.085,930,115.27
176.52,-6.9132,924,110.83
159.72,0.11628,916,116.19
143.12,2.8279,904,115.47
127.14,5.1767,921,120.1
111.04,12.004,890,119.31
94.287,15.447,834,123.32
77.446,13.379,813,114.37
65.817,13.225,782,114.33
68.383,15.776,765,110.16
84.845,11.908,814,104.08
94.132,9.2137,862,116.34
105.36,14.745,827,109.38
125.73,18.521,885,108.8
148.89,18.483,956,114.28
164.26,15.399,1010,124.9
181.02,12.043,1008,121.02
194.64,10.185,1014,119.85
210.4,12.088,1034,120.71
225.84,8.6545,1019,119.29
231.7,-0.57178,1115,137.07
245.83,-0.56714,948,109.15
244.83,-2.4623,966,111.09
246.43,3.3692,960,109.28
249.43,18.474,890,108.01
250.2,25.294,831,103.02
254.01,26.593,574,88.292
252.18,20.765,622,88.317
247.8,14.051,820,102.11
244.42,13.195,956,110.03
247.13,16.203,991,112.5
250.05,24.642,917,108.97
255.04,34.653,580,91.931
257.49,31.364,387,82.966
258.95,27.614,262,69.957
259.92,24.516,158,55.013
260.98,21.192,774,98.606
263.33,17.943,722,97.415
249.9,16.485,740,99.11
235.67,19.859,1048,118.5
229.59,18.069,1050,117.78
232.39,14.137,1125,127.87
238,-4.3546,1145,128.44
237.8,-3.0205,1151,122.55
224.61,3.1732,1149,126.1
222.17,-3.0119,1124,121.57
234.76,-0.44765,1150,123.58
244.48,3.0037,1122,123.39
239.04,-4.2172,1116,120.53
230.03,-5.2643,1084,120.27
229.25,-3.5501,1048,114.19
215.18,-4.1531,1127,123.99
199.29,-4.995,1144,128.05
180.38,-4.047,1166,135.56
160.39,3.9046,1153,135.8
139.14,10.405,1104,128.13
120.76,17.269,1077,121.74
102.23,15.336,1040,117.8
82.936,15.438,990,117.4
62.204,14.884,941,115.59
45.022,9.1179,930,114.45
26.908,8.8423,834,107.81
7.2532,-0.032187,731,106.88
-7.6087,-1.5254,621,98.896
-14.792,-4.7842,493,86.804
-13.992,-7.5973,512,93.677
-9.8523,-10.866,483,98.573
-0.60778,-11.153,521,113.86
-6.7243,-10.531,539,109.89
-16.08,-16.146,449,93.495
-18.531,-9.6552,465,89.079
-13.631,5.0527,506,95.074
-16.832,-1.3456,480,93.561
-19.923,-12.99,525,94.694
-20.334,-8.2861,429,80.924
-16.117,-17.037,484,89.658
-19.389,-12.248,516,86.11
-9.3722,-3.3497,578,91.51
5.4418,4.75,639,101.99
21.443,4.4234,649,112.21
34.227,-5.3627,743,118.38
38.454,-9.7205,736,122.03
26.407,1.8866,730,125.91
17.197,0.46842,722,119.32
26.726,8.6307,703,117.21
41.569,17.609,782,132.57
57.527,16.395,844,147.34
69.283,7.6262,896,152.05
71.845,0.97156,901,146.84
73.742,-0.25288,859,144.64
66.154,-1.6946,848,137.43
69.066,-1.6244,844,136.75
48.038,-5.2245,801,138.88
27.525,-0.30937,721,115.37
24.483,-4.2463,744,122.93
43.523,2.7222,796,122.24
60.914,3.7599,859,142.19
73.2,1.8033,922,149.11
79.366,1.7244,877,140
94.225,10.31,971,175.38
103.84,6.2169,1045,185.76
108.55,-0.95323,1002,175.99
115.15,-1.0647,1006,180.17
112.61,-1.493,970,179.69
126.86,4.9762,1126,205.58
143.26,5.9863,1304,251.98
157.59,6.2729,1510,260.26
180,1.9864,1519,224.31
199.58,-4.0853,1386,186.63
222.27,0.82203,1385,171.86
238.23,-2.2617,1175,133.47
242.5,7.4236,1232,132.94
234.58,21.941,1129,124.91
236.44,23.875,1128,124.69
235.14,27.389,1094,121.88
234.96,24.274,1130,126.34
247.22,24.286,1182,132.89
255.99,20.97,1145,125.75
253.54,23.295,1078,119.4
246.67,27.2,845,105.46
240.27,20.881,845,104.24
240.82,20.776,895,106.87
242.35,5.0991,1057,121.19
246.59,-8.4119,971,111.56
246.18,-10.767,952,110.12
253.02,-12.952,821,100.85
256.98,-22.197,808,102.29
257.24,-23.472,627,90.22
255.5,-12.212,571,86.804
251.8,-4.8163,860,105.29
237.44,-0.7705,1094,124.05
219.18,-6.1398,1020,114.54
225.29,3.931,1117,121.43
245.41,15.597,1071,116.54
253.74,27.192,1000,115.02
262.23,25.058,1028,116.77
248.04,34.808,1040,116.15
248.92,40.488,982,112.94
260.51,28.068,961,113.04
268.3,28.713,905,109.09
255.44,29.27,847,104.15
238,20.216,631,87.772
223.4,23.953,729,96.108
225.28,13.045,1032,124.52
219.89,-7.3928,1054,119.76
228.38,-5.5658,1034,119.1
228.46,-7.7042,1060,118.45
230.8,0.23515,1046,118.04
239.36,17.478,1071,118.93
254.67,28.843,1085,117.46
268.75,26.619,1073,117.07
276.16,19.668,1096,119.94
284.38,15.226,1103,119.19
288.03,15.491,1133,124.37
292,14.554,1046,115.93
290.91,15.299,999,114.94
287.81,21.669,1033,120.01
283.11,16.689,995,112.83
279.16,10.194,1037,119.65
276.09,9.8012,1115,136.27
268.21,17.257,1194,140.79
248.32,20.705,1198,140.83
238.56,12.836,1173,126.91
240.33,-7.7103,1097,117.5
230.61,-10.495,1166,132.17
213.49,-1.0293,1193,133.91
196.32,-5.9826,1200,138.62
175.32,-3.5377,1205,139.05
156.94,6.9499,1167,137.04
135.15,8.3507,1129,130.32
119.52,8.7748,1135,135.32
112.64,9.3152,1146,136.88
102.84,13.916,1085,129.77
89.359,6.5047,1074,134.64
78.384,-2.8073,1023,130.4
69.848,-14.839,964,120.06
69.676,-23.857,937,121.87
80.517,-23.346,949,128.71
83.875,-33.767,887,108.89
91.374,-42.662,836,106.67
100.64,-45.144,881,108.53
108.69,-45.913,925,112.72
112.66,-47.524,881,107.09
121.55,-55.654,802,98.507
123.63,-47.947,733,94.363
122.24,-41.996,737,97.117
122.84,-44.799,764,100.04
116.32,-40.134,839,103.97
116.55,-49.644,913,107.59
107.92,-43.454,912,108.47
105.75,-53.659,915,107.28
120.13,-43.752,919,107.82
135.02,-38.766,896,104.44
145.05,-45.721,925,107.29
157.14,-51.031,908,106.9
169.15,-53.259,927,109.22
181.56,-53.248,931,106.84
196.71,-53.322,946,106.87
207.59,-53.559,951,109.46
202.87,-56.878,953,109.26
205.83,-51.125,965,110.7
202.05,-51.756,938,108.24
203.5,-49.688,939,107.31
214.11,-44.523,962,109.85
219.92,-40.303,965,110.12
221.41,-36.033,894,104.79
216.7,-30.025,850,104.25
220.63,-11.478,886,107.82
215.94,1.6648,1074,125.21
230.26,8.7643,1002,116.25
249.07,17.481,1092,125.87
265.82,25.904,1150,122.78
281.73,19.871,1216,128.5
296.5,10.173,1172,125.21
307.19,3.8832,1116,120.56
316.14,-2.3012,1082,117.44
324.65,-9.917,1057,115.68
337.16,-11.396,1030,114.26
345.01,-14.177,1039,118.78
338.9,-14.78,987,114.28
333.93,-18.98,853,102.55
337.83,-15.727,788,100.14
333.82,-18.316,802,100.79
328.62,-23.562,977,111.39
340.87,-23.138,1018,113.52
340.03,-26.194,1037,116.59
329.14,-20.439,987,113.06
329.6,-19.36,1038,116.22
347.1,-19.48,1076,119.45
350.1,-23.901,1059,115.89
347.24,-25.352,989,113.91
344.37,-27.985,894,107.95
344.58,-25.96,859,103.8
340.77,-18.028,924,107.01
341.81,-16.047,936,111.19
346.43,-17.613,984,110.58
347.85,-16.627,992,112.95
352.12,-14.428,1030,115.33
346.31,-17.374,1120,125.23
342.02,-18.791,1091,126.93
340.78,-19.651,1047,120.34
341.52,-11.125,1100,123.46
352.14,-3.3805,1016,112.1
348.79,-12.176,954,110.13
343.5,-9.789,943,109.13
344.4,-12.298,1038,115.31
348.62,-10.884,1012,113.33
361.42,-0.057587,1026,112.79
364.32,5.5385,1003,112.52
361.34,9.0439,926,110.28
362.97,-1.6391,875,104.53
362.56,-2.9203,921,107.32
361.92,-7.2913,962,108.09
355.97,-20.884,997,115.22
360.69,-0.90735,1077,120.36
368.96,7.0066,1107,119.07
372.51,12.029,1060,118.1
381.11,9.6794,1063,116.72
380.3,10.419,1026,115.75
384.77,5.1628,971,114.65
389.55,2.1963,927,111.64
390.64,-0.074689,954,108.6
385.15,-1.1184,1052,115.09
376.02,-7.3792,1072,118.23
385.97,-10.392,1057,114.72
382.81,-14.491,1041,117.33
385.9,-22.342,992,111.9
388.85,-14.293,1044,119.24
383.33,-8.3911,1049,118.88
386.5,-22.818,1018,115.96
391.07,-22.865,1030,112.09
397.82,-14.205,942,111.21
404.04,-16.208,965,109.39
414.28,-20.99,955,110.12
424.6,-27.33,943,110.38
434.01,-32.081,943,110.2
438.31,-32.499,950,111.83
435.27,-32.183,952,108.74
435.65,-39.057,777,99.838
436.85,-39.017,754,97.572
434.9,-36.518,896,108.3
429.42,-24.882,1003,115.52
427.73,-22.903,978,113.01
418.25,-15.55,1022,116.95
398.73,-11.964,1079,122.62
381.42,2.1977,1171,128.7
364.51,7.1627,1115,120.82
361.26,9.526,1133,127.65
371.07,3.2289,1151,125.24
381.05,10.074,1142,130.03
394.19,6.8126,1037,114.02
403.18,-0.040614,1024,121.33
421.7,-8.921,975,114.73
436.87,-13.261,940,109.69
429.23,-11.899,940,110.43
422.02,-19.202,986,112.36
430.36,-25.148,1076,122.41
432.86,-18.063,1082,123.06
438.81,-32.741,1057,118.85
444.71,-33.372,1026,115.46
434.78,-42.119,974,115.43
440.9,-45.534,943,110.32
440.86,-55.047,966,110.87
433.82,-61.429,949,109.04
431.4,-62.588,917,109.14
424.71,-72.415,943,114.19
418.03,-72.918,905,112.64
417.7,-73.606,896,110.87
409.37,-76.066,927,111.25
399,-76.069,1029,119.4
398.23,-78.128,1028,118.72
416.94,-80.119,1021,116.57
429.09,-82.144,990,111.9
421.94,-89.994,940,111.92
417.09,-78.874,993,117.74
433.88,-79.513,898,105.54
443.77,-83.075,929,106.44
451.26,-86.146,975,111.26
451.38,-85.352,1021,122.32
462.42,-85.904,956,115.17
473.66,-85.625,941,117.55
483.02,-84.565,968,122.86
495.56,-77.055,959,117.25
493.57,-87.111,916,112.45
481.51,-89.872,903,111.71
465.18,-89.26,874,109.4
462.27,-88.027,870,114.11
445.82,-88.546,734,96.828
432.39,-87.206,667,90.261
413.82,-78.415,710,94.95
397.82,-78.081,769,100.73
391.76,-73.557,741,94.851
397.68,-72.371,763,100.07
400.74,-76.354,791,101.33
403.91,-82.566,747,99.565
403.71,-95.689,667,92.345
401.35,-89.043,690,95.777
405.76,-79.714,764,110.71
413.4,-70.663,791,108.28
417.89,-60.648,866,114.22
426.89,-45.151,1054,136.95
436.66,-32.887,1117,123.24
437.44,-46.522,1067,123.24
444.73,-57.433,977,112.95
452.4,-56.706,957,110.99
442.38,-52.995,964,111.1
440.37,-51.662,887,106.39
433.66,-46.318,877,107.13
446.65,-33.235,839,105.51
441.43,-35.86,692,96.108
446.91,-39.273,388,70.057
448.15,-42.753,369,72.472
446.57,-44.568,379,69.188
444.63,-46.975,414,77.112
442.89,-48.96,508,86.672
446.84,-44.602,619,97.506
442.79,-44.421,878,112.28
439.96,-46.222,987,117.3
442.88,-38.348,1057,121.93
447.44,-44.887,1003,117.19
449.02,-51.655,1008,115.39
445.55,-52.51,981,113.13
443.25,-51.975,1000,115.96
443.6,-51.177,984,114.65
446.6,-53.141,988,113.17
449.62,-49.324,908,109.48
450.31,-43.612,924,109.18
448.06,-27.815,1014,115.53
452.45,-29.01,898,112.34
459.07,-29.106,641,88.574
456.08,-26.051,570,86.655
450.78,-19.388,712,94.066
444.4,-13.936,792,105.88
446.53,-14.81,737,108.6
446.8,-14.583,694,104.74
451,-20.301,660,108.82
459.43,-21.046,656,96.993
465.92,-22.971,756,102.39
474.67,-17.23,904,105.54
480.42,-20.104,864,105.07
489.3,-14.643,907,110.7
498.85,-16.017,882,105.62
498,-21.287,888,112.34
503.29,-18.745,891,109.35
508.69,-13.457,802,102.81
501,-16.362,843,104.89
499.22,-19.382,898,110.42
515.82,-18.67,955,112.21
520.5,-26.607,951,111.41
533.98,-27.936,941,112.45
547.88,-34.232,731,96.852
554.99,-36.784,332,72.331
568.01,-42.456,759,101.04
568.77,-44.513,744,100.19
574.72,-49.97,615,89.17
575.36,-48.845,698,94.504
579.48,-54.176,618,88.045
572.61,-54.335,526,80.626
573.29,-50.829,449,73.894
576.56,-49.246,475,78.385
582.46,-49.461,441,75.937
583.8,-53.324,493,80.37
591.97,-54.497,594,86.266
594.93,-47.794,542,84.216
589.44,-48.694,509,80.13
580.77,-55.809,649,90.774
582.26,-59.724,732,98.052
567.19,-45.76,761,98.159
564.81,-47.305,806,101.74
583.64,-50.793,800,102.39
598.82,-46.205,833,104.35
609.85,-36.487,877,106.79
622.64,-30.502,892,106.76
635.81,-33.19,865,109.61
644.16,-33.428,816,101.91
647.23,-32.883,812,101.99
658.94,-42.964,702,94.942
662.51,-34.427,650,89.07
657.81,-28.056,718,94.95
658.94,-25.587,642,90.079
668.12,-25.024,524,79.336
677.64,-30.068,463,78.22
678.58,-24.748,409,70.702
673.26,-23.687,497,79.138
680.62,-28.451,424,75.772
685.84,-40.242,367,76.35
685.84,-40.242,367,76.35
