0,-0,113,53.004
1.1783,2.1178,118,51.226
5.0774,5.2123,321,69.693
6.1517,5.8942,329,74.895
5.2039,9.3496,323,73.82
3.5499,11.367,292,70.173
3.5866,13.468,296,67.336
5.1613,13.639,282,65.302
4.0847,12.625,290,66.824
8.6461,10.448,295,67.444
9.1913,9.7724,296,63.027
8.1088,12.627,320,67.245
7.9469,15.271,339,68.833
10.361,14.067,329,67.584
10.029,11.498,298,63.507
10.345,10.456,306,64.938
9.6944,8.8222,283,63.226
7.6599,8.8733,278,61.448
4.4867,9.9198,293,63.573
2.9173,10.832,306,67.824
0.29947,8.8962,320,66.385
3.2356,6.5887,269,62.837
6.3997,5.8398,307,65.649
6.2124,6.2159,334,65.674
6.3411,6.7221,322,63.598
6.6654,5.8881,329,67.154
7.4435,5.3076,329,69.057
7.4422,4.7836,330,65.07
8.0118,4.5956,344,73.928
8.1891,4.6566,355,72.497
7.4203,3.9777,350,73.241
7.1242,3.5551,338,75.507
4.7925,2.6057,342,68.85
3.8673,3.8944,325,65.211
4.4016,5.3684,331,68.676
5.8629,6.8339,322,68.527
7.4929,8.4028,314,64.384
8.7422,9.0775,330,68.56
8.9117,9.2091,350,74.465
7.919,6.0126,356,75.284
8.0721,4.757,348,72.141
6.9225,4.8931,359,70.281
8.1682,3.1388,364,75.896
7.2209,4.3858,382,75.681
6.2024,2.5418,434,78.178
8.6302,2.7569,441,87.227
7.2441,5.777,459,93.231
8.4243,5.4341,467,96.605
11.203,5.7214,484,89.195
10.56,6.2412,488,104.16
10.865,3.2597,480,104.29
9.2561,0.36535,461,132.18
14.044,3.8982,226,81.413
14.373,4.8294,225,88.029
6.661,2.4819,641,126.31
9.3494,1.9481,740,117.43
11.728,0.22096,658,123.69
9.2995,1.0614,633,129.49
10.173,5.0837,731,132.68
13.359,7.4478,728,121.55
13.17,4.5488,725,119.67
11.431,3.5659,545,209.91
10.972,3.4097,549,199.51
10.75,2.3168,518,149.87
10.948,2.0845,527,138.05
12.361,3.4953,732,176.93
14.543,4.2388,734,187.05
16.708,1.7483,601,188.99
16.554,2.6745,626,199.03
16.983,0.96136,532,167.33
7.2698,-1.8464,617,181.03
8.4285,3.1478,722,156.47
10.957,5.5927,726,252.25
13.355,4.6644,1057,160.03
14.574,1.601,1125,166.03
11.775,0.54751,1066,173.73
10.085,3.9654,1125,147.49
12.73,7.4341,1139,149.04
16.282,6.8208,1156,158.43
17.023,3.6013,1182,152.8
17.202,-0.50332,1102,181.03
15.964,0.76676,1147,211.3
15.111,1.4915,1181,149.89
15.38,2.485,1177,153.83
14.308,3.397,1214,173.25
16.107,2.2557,1202,158.04
19.139,3.1937,1258,172.01
22.313,2.1413,1254,181.13
22.815,1.6704,1287,174.01
21.903,2.1785,1277,160.89
20.541,-0.55947,1200,160.29
17.443,0.58087,1178,181.66
13.533,2.994,952,202.71
14.444,1.7612,1001,186.37
12.391,2.5661,927,158.26
12.534,2.8391,905,140.55
11.416,2.4279,865,174.19
7.716,-0.17716,676,162.05
4.4101,1.5314,623,142.27
3.6684,4.08,702,152.81
1.3242,3.7959,650,149.16
5.9032,16.39,445,139.91
6.6088,12.141,630,203.89
7.1553,7.4302,765,219.47
14.198,6.1591,989,288.49
17.247,4.5665,1070,184.23
21.698,4.7766,1111,173.59
23.218,6.2119,1180,172.48
25.462,2.0808,1191,168.98
27.404,4.3526,1255,183.95
22.14,3.7047,1163,182.07
17.79,1.4948,1216,203.8
11.714,4.6067,1114,178.04
11.803,6.7003,1082,238.33
17.59,5.42,1141,177.27
21.242,8.8263,1133,245.86
28.376,7.9236,1254,167.18
34.826,3.5916,1251,202.9
38.088,1.409,1298,183.68
41.312,0.37817,1271,185.33
39.639,3.0826,1252,190.12
39.645,1.5891,1309,205.21
39.984,2.4412,1302,196.1
38.469,-1.4886,1307,228.37
38.389,0.92709,1235,190.78
40.18,3.3568,1306,184.31
44.345,-0.48513,1325,170.56
46.833,0.42475,1289,179.72
48.41,-2.7162,1168,187.41
48.827,-2.7856,1210,173
47.664,-2.503,1211,163.78
43.254,-2.5359,1197,207.75
48.966,-4.5054,1245,174.71
53.462,-6.7369,1226,181.66
53.675,-9.6802,1185,166.34
53.83,-9.6812,1183,170.5
55.224,-10.587,1108,173.44
56.521,-11.629,1100,157.85
54.594,-10.663,1126,150.97
53.116,-12.086,1211,166.26
49.151,-8.7928,1200,227.63
50.204,-5.4104,1210,170.07
51.058,-7.0553,1161,159.74
49.989,-6.3182,1132,144.44
49.066,-7.5712,932,136.62
47.543,-8.2623,868,121.73
50.803,-8.1416,837,128.17
54.415,-10.737,819,130.6
57.602,-13.939,820,116.26
61.811,-12.2,909,127.24
62.135,-9.2967,976,121.75
61.992,-6.4431,947,123.64
60.709,-4.3432,988,126.77
60.76,-2.7079,927,133.06
59.576,-5.9592,986,144.01
53.49,-4.4148,977,129.13
53.775,-5.836,993,145.01
53.126,-9.0177,1027,159.39
55.259,-4.8442,1206,164.45
63.406,-6.7549,1204,145.48
67.192,-10.485,1163,143.23
67.427,-12.27,1185,161.1
70.911,-11.98,1176,163.62
72.232,-14.478,1201,169.24
77.547,-12.074,1157,175.68
85.258,-12.16,1153,167.76
91.103,-12.507,1161,152.93
93.813,-12.863,1123,161.25
93.657,-12.912,1118,171.28
90.294,-16.307,1085,145.4
88.223,-16.291,1050,163.13
87.897,-15.845,1100,175.31
84.848,-16.357,1084,190.87
84.767,-16.579,1047,184.53
84.339,-16.556,1051,216.08
83.907,-16.175,1010,267.54
79.716,-15.632,954,262.86
77.091,-14.338,941,268.5
108.04,-17.256,264,104.21
107.8,-19.6,258,142.91
111.33,-17.677,263,126.77
89.815,-16.885,839,294.09
91.425,-18.236,1175,353.62
89.057,-14.438,1389,330.98
83.102,-13.214,1481,288.32
77.872,-14.334,1414,252.33
77.627,-13.263,1518,217.99
75.259,-10.981,1512,218.7
76.594,-7.8995,1532,220.55
82.365,-8.5818,1565,215.9
90.657,-8.5676,1562,217.58
98.053,-11.422,1505,218.41
103.35,-13.807,1457,188.87
107.86,-15.669,1425,196.51
109.63,-17.271,1456,214.29
115.06,-16.354,1434,194.24
120.28,-16.48,1421,186.75
123.27,-18.156,1358,194.43
121.82,-19.679,1371,193.96
115.37,-21.198,1478,196.5
106.85,-21.351,1447,183.96
96.395,-20.354,1454,206.76
86.519,-20.053,1582,214.63
83.261,-18.993,1496,213.72
79.966,-15.504,1571,259.69
79.085,-15.281,1607,258.16
78.148,-15.677,1602,252.49
84.594,-14.779,1487,215.36
94.736,-13.371,1459,206.04
105.82,-15.923,1466,196.61
117.09,-20.252,1525,194.34
124.93,-22.158,1512,187.43
130.55,-25.974,1429,177.98
122.94,-27.183,1468,190.45
113.99,-23.497,1498,194.29
107.49,-20.296,1441,192.96
102.12,-20.432,1411,216.41
93.959,-21.981,1551,245.58
78.4,-20.705,1572,244.05
66.269,-15.936,1489,241.29
54.715,-10.276,1577,253.81
40.724,-5.0434,1597,256.89
32.161,-3.3171,1561,239.14
33.998,-1.7641,1493,217.36
39.841,-4.2573,1469,208.4
48.619,-4.1202,1468,203.19
61.312,-6.2344,1496,198.09
70.589,-11.181,1449,186.59
80.599,-14.973,1504,200.34
91.03,-18.015,1493,183.62
101.51,-18.694,1494,193.04
111.56,-23.383,1445,172.25
120.74,-25.543,1474,192.21
129.23,-28.613,1464,186.77
134.56,-31.484,1458,179.82
133.23,-35.805,1397,178.82
130.2,-30.805,1426,187.23
120.06,-26.94,1462,184.36
116.8,-21.502,1398,195.15
121.84,-21.051,1453,198.44
124.76,-19.711,1456,195.87
127.26,-23.617,1365,165.44
134.08,-23.629,1415,179.79
137.38,-26.932,1413,188.26
141.76,-30.614,1398,174.77
137.64,-32.531,1354,180.53
140.9,-33.27,1355,164.81
138.2,-38.6,1419,170.34
135.93,-38.384,1368,177.6
137.02,-31.117,1403,171.78
139.85,-33.771,1422,175.17
142.08,-33.806,1392,152.97
142.05,-36.262,1409,161.77
134.81,-33.685,1444,171.86
138.82,-34.971,1468,170.3
138.84,-35.158,1453,156.05
145.21,-34.905,1422,165.47
138.3,-39.503,1367,156.56
140.44,-33.996,1319,157.68
139.43,-34.728,1328,153.98
138.94,-33.075,1276,144.47
138.15,-30.139,1263,157.73
138.8,-26.95,1339,163.21
139.66,-30.637,1386,171.2
138.35,-33.372,1397,158.82
139.71,-29.879,1320,158.89
142.05,-26.517,1369,167.11
149,-29.59,1292,154.22
147.08,-34.458,1208,150.99
142.83,-37.594,1330,164.76
141.77,-36.203,1305,167.24
140.93,-32.686,1383,181.85
136.52,-27.564,1398,162.39
140.12,-25.914,1323,153.41
145.83,-20.505,1207,149.44
151.46,-22.961,1116,144.6
153,-30.728,1040,132.53
144.24,-33.168,1179,152.08
138.43,-32.483,1412,165.62
140.88,-23.675,1347,167.36
146.02,-19.379,1165,142.03
150.75,-27.091,1163,144.47
150.42,-28.722,1121,156.48
150.65,-33.235,1172,146.81
148.38,-37.555,1226,146.01
145.72,-40.624,1335,152.69
144.81,-38.569,1372,174.76
143.94,-40.897,1350,162.45
145.89,-33.354,1336,171.95
144.06,-36.274,1319,159.01
147.4,-36.609,1292,149.9
145.6,-38.048,1343,156.17
147.59,-36.881,1311,175.05
145.97,-33.479,1241,141.21
148.74,-35.784,1195,144.24
147.09,-35.559,1235,153.76
146.45,-34.387,1224,141.79
147.32,-34.037,1163,140.01
146.93,-33.978,1209,139.02
147.55,-33.055,1170,151.13
148.39,-32.838,1143,140.2
148.7,-32.931,1193,153.43
149.43,-29.92,1123,144.47
151.8,-30.57,1030,127.27
147.92,-33.581,1165,165.69
145.17,-34.493,1233,151.34
148.55,-29.509,1190,163.05
152.69,-26.284,1029,137.23
153.14,-25.467,1306,151.5
153,-34.03,1399,156.39
148.31,-36.523,1385,153.26
144.85,-40.367,1372,153.87
140.75,-38.488,1458,167.03
143.49,-34.583,1418,170.54
143.21,-36.857,1466,174.83
142.04,-35.366,1442,168.22
143.99,-37.219,1394,152.91
149.23,-40.71,1446,161.13
143.13,-40.096,1343,147.38
138.97,-46.801,1450,164.46
135.49,-42.325,1475,177.26
137.59,-37.277,1486,177.9
137.32,-32.966,1520,177.84
134.62,-37.104,1549,204.17
126.34,-32.431,1612,199
116.76,-29.551,1653,227.01
106.9,-24.146,1625,209.94
102.91,-26.015,1631,197.57
102.25,-27.129,1564,186.69
104.83,-30.029,1472,168.81
105.55,-27.775,1471,164.05
103.98,-22.511,1474,182.18
107.65,-21.676,1435,156.25
107.7,-21.648,1414,165.46
105.76,-21.131,1467,160.28
107.09,-21.062,1433,157.08
107.02,-20.299,1410,160.49
107.46,-20.495,1398,152.87
111.01,-15.811,1424,153.27
119.38,-16.65,1491,164.08
128.27,-16.152,1633,193.7
135.84,-20.369,1619,202.46
136.55,-22.492,1587,178.01
138.16,-23.731,1585,195.57
139.12,-25.481,1582,183.35
142.32,-27.413,1513,172.73
142.73,-26.018,1543,170.46
147.31,-25.296,1569,175.49
151.37,-26.241,1454,150.24
157.56,-27.213,1375,149.86
153.54,-37.012,1360,152.12
149.89,-43.598,1447,164.32
148.38,-40.29,1554,168.94
144.51,-39.226,1570,171.66
143.83,-33.53,1560,183.72
148.42,-32.717,1541,172.84
150.39,-32.537,1524,171.23
150.9,-35.871,1485,152.21
148.18,-40.047,1436,155.4
146.47,-39.647,1499,167.24
147.95,-40.08,1463,157.94
147.32,-36.987,1475,160.14
147.25,-38.198,1500,172.18
147.46,-38.774,1458,168.65
148.34,-40.217,1498,159.7
142.64,-41.776,1498,171.79
148.3,-42.728,1401,148.77
143.47,-34.84,1428,155.58
143.4,-42.624,1447,166.88
143.38,-40.046,1462,163.37
141.53,-37.682,1527,166.2
146.65,-39.88,1485,161.98
147.24,-35.857,1484,170.28
146.01,-43.746,1428,161.95
147.39,-43.308,1322,140.83
138.85,-37.385,1486,156.23
137.11,-45.688,1508,175.67
142.54,-39.257,1433,155.44
136.66,-35.529,1574,192.19
125.7,-29.182,1590,198.53
118.73,-21.255,1656,199.18
111.18,-21.842,1581,182.54
97.824,-19.321,1658,223.15
81.24,-20.814,1631,202.49
64.926,-18.565,1626,208.51
50.261,-14.599,1627,225.59
36.347,-4.8798,1570,210.91
21.846,-1.0968,1600,201.36
7.3225,-0.60609,1543,178.59
-0.67985,0.83399,1419,167.44
-4.0958,3.9144,1382,155.55
0.33048,8.0997,1448,173.14
2.9456,13.975,1429,163.57
11.306,14.372,1457,176.39
23.625,10.034,1573,187.88
40.501,3.7724,1543,175.25
53.96,-0.90098,1593,189.79
67.725,-3.3515,1562,191.32
80.42,-4.8547,1601,196.4
90.351,-8.4637,1652,203.99
100.65,-10.139,1638,217.16
111.48,-13.785,1632,214.94
121.12,-20.704,1610,201.96
132.25,-24.02,1595,196.97
134.56,-23.429,1522,174.63
125.78,-23.78,1629,211.4
116.77,-19.685,1605,216.13
111.08,-16.55,1542,202.04
109.27,-19.181,1621,199.14
108.64,-20.843,1533,201.94
103.04,-18.032,1373,158.47
104.2,-21.377,1282,148.78
110.05,-22.923,1310,144.16
116.69,-22.235,1483,179.75
126.92,-18.414,1601,182.66
136.27,-24.082,1560,184.37
145.53,-29.18,1610,186.26
152.25,-30.213,1523,166.42
153.86,-33.354,1436,164.97
144.88,-32.7,1607,180.83
135.11,-36.378,1642,190.54
129.84,-34.956,1679,211.49
119.85,-34.23,1670,207.8
118.55,-29.237,1657,208.78
114.73,-21.708,1606,205.71
110.14,-18.665,1507,187.21
112.34,-20.702,1566,180.37
118.85,-24.938,1719,222.07
122.32,-27.389,1653,208.24
124.59,-25.162,1589,178.57
130.07,-26.172,1562,180.99
133.18,-28.62,1575,168.87
135.83,-27.783,1580,180.06
138.75,-26.68,1631,192.06
142.37,-24.757,1627,191.42
142.36,-28.285,1590,181.58
142.45,-32.741,1604,186.92
142.24,-29.34,1610,201.44
131.5,-28.519,1571,182.95
131.87,-29.756,1581,171.49
130.27,-25.19,1568,183.36
133.05,-27.434,1563,180.54
135.53,-26.86,1575,178.29
139.13,-27.667,1534,180.08
145.79,-29.18,1608,183.88
147.81,-37.002,1532,163.9
144.26,-38.295,1507,164.6
141.99,-33.77,1494,169.28
137.87,-29.583,1485,172.99
136.03,-23.95,1510,173.57
144.8,-19.224,1483,164.14
152.14,-19.92,1551,170.8
155.79,-27.847,1576,173.08
153.16,-34.331,1467,152.54
147.43,-38.516,1450,163.84
146.76,-36.169,1506,168.89
149.61,-41.35,1556,185.11
147.53,-41.563,1542,161.74
147.29,-41.363,1601,159.63
146.84,-40.173,1585,163.73
145.5,-40.524,1573,180.07
145.9,-40.686,1541,159.28
143.5,-41.149,1541,177.25
142.55,-39.765,1626,193.06
134.13,-36.417,1624,189.46
135.99,-39.85,1632,198.26
143.96,-32.811,1602,195.56
137.54,-30.86,1719,206.52
131.45,-27.981,1672,222.84
134.27,-28.781,1523,164.9
143.74,-30.376,1526,170.06
150.02,-29.405,1586,187.5
150.12,-31.251,1557,190.52
151.78,-32.808,1504,170.73
155.05,-31.824,1581,179.07
150.16,-33.08,1526,166.16
152.42,-29.67,1549,173.58
151.9,-25.848,1550,161.83
153.76,-25.323,1519,157.59
151.32,-28.217,1475,161.34
151.6,-27.429,1449,157.9
154.92,-27.905,1440,155.82
154.02,-33.146,1391,144.56
150.35,-37.747,1436,159.87
148.15,-44.009,1505,175.56
142.47,-44.777,1528,174.02
138.21,-38.571,1547,167.51
126.95,-36.139,1662,189.17
117.01,-26.352,1687,214.82
106.25,-19.429,1719,242.32
92.934,-19.418,1707,246.1
76.392,-19.729,1682,243.82
58.065,-17.185,1550,196.26
43.017,-15.46,1544,191.11
27.875,-12.261,1552,196.72
11.96,-8.6309,1504,181.23
3.3448,-5.7204,1305,164.21
-4.7637,2.3011,1097,142.69
-5.7775,8.9358,1000,123.01
-0.52261,15.723,901,126.82
1.7936,14.785,892,144.34
6.9265,16.789,1256,155.67
19.92,14.027,1391,179.72
35.156,9.5852,1372,175.03
49.306,7.6306,1331,164.26
60.014,7.0148,1362,162.92
68.85,7.3923,1306,166.28
76.693,6.046,1190,152.82
83.126,3.8941,1334,180.99
96.815,3.0179,1367,183.97
106.9,-3.3673,1313,162.43
106.38,-1.9831,1325,184.72
95.608,-1.0271,1437,190.5
82.394,3.6284,1337,171.3
75.299,4.5837,1277,153.07
67.128,7.6214,1382,185.93
59.5,7.0634,1247,152.26
52.279,-0.80971,1272,169.66
48.955,-6.6704,1394,186.87
39.122,-6.1834,1270,161.62
39.82,-9.2924,1259,150.25
46.467,0.75697,1305,148.89
57.365,4.5212,1322,161.34
71.751,4.0122,1331,151.57
84.396,1.737,1348,147
97.034,-2.975,1331,152.83
105.85,-4.0546,1331,169.53
115.21,-6.8742,1286,158.51
116.37,-9.3663,1382,171.02
121.06,-14.08,1454,199.53
122.48,-14.359,1430,190.08
119.7,-22.49,1409,189.72
120.06,-21.171,1360,168.8
112.6,-18.965,1304,166.28
105.25,-13.996,1219,142.9
100.18,-15.361,1353,178.31
92.114,-19.102,1449,230.98
77.65,-20.837,1383,202.53
64.369,-15.461,1372,210.2
50.862,-14.996,1444,218.66
35.778,-14.686,1520,225.54
22.841,-12.698,1524,219.5
12.113,-7.8003,1365,194.19
4.7311,-4.6473,1094,170.54
-3.2597,-2.8695,801,133.8
-9.7755,1.3872,513,92.039
-10.398,12.641,531,93.006
-11.292,14.207,526,105.69
-9.5281,9.514,625,108.32
-1.8858,14.231,1004,145.03
5.1462,15.357,1343,161.86
14.85,15.299,1376,156.27
24.494,13.718,1306,156.04
34.162,11.162,1347,159.35
44.904,6.8445,1318,158.83
54.696,6.7178,1293,154.32
59.213,-0.34338,1316,165.74
61.107,-1.1793,1357,179.33
66.694,-3.0174,1318,163.34
72.229,-0.36272,1281,159.68
82.011,-1.855,1276,154.41
87.924,0.35372,1399,183.54
94.495,-3.6735,1431,188.07
107.27,-4.931,1408,174.74
118.43,-9.3565,1433,184.2
132.65,-13.85,1499,193.7
146.56,-19.145,1477,193.14
157.03,-24.757,1412,171.1
157.78,-26.815,1364,145.74
154.03,-31.413,1391,150.32
147.14,-35.769,1235,155.9
147.4,-28.299,1159,137.3
150.98,-21.701,1201,144.51
155.86,-19.533,1309,151.24
160.86,-24.38,1318,144.14
154.94,-32.731,1357,153.79
153.92,-30.099,1346,154.1
153.43,-26.371,1361,165.3
159.46,-23.64,1359,141.33
155.29,-30.309,1359,151.03
156.12,-30.684,1403,163.96
155.21,-37.666,1405,154.01
155.93,-38.583,1398,150.34
152.61,-40.145,1359,157.22
150.7,-43.986,1320,160.57
141.76,-44.842,1302,184.16
142.44,-38.895,1294,175.06
137.26,-37.931,1274,167
126.89,-29.847,1273,162.76
118.68,-25.273,1307,177.91
117.59,-24.335,1344,172.89
116.15,-25.65,1282,155.79
122.78,-28.712,1309,163.59
131.52,-29.982,1368,166.55
138.88,-28.46,1390,174.59
142.56,-24.245,1383,159.09
145.84,-22.663,1316,148.64
151.31,-21.507,1334,148.33
152.96,-27.824,1300,150.46
152.39,-30.929,1251,153.21
146,-29.756,1236,151.76
132.62,-29.144,1241,158.44
123.26,-23.798,1282,169.42
115.31,-26.806,1413,198.73
114.15,-28.087,1532,195.82
117.17,-27.458,1490,179.21
132.75,-27.06,1417,167.68
145.41,-25.843,1474,168.38
156.07,-25.788,1459,163.39
162.1,-28.276,1370,157.33
158.35,-35.306,1354,149.85
146.34,-37.907,1394,161.58
142.92,-37.875,1382,152.59
149.53,-39.655,1367,162.65
145.37,-39.355,1424,173.81
134.84,-40.335,1396,160.79
132.31,-35.493,1323,154.91
130.15,-34.888,1353,165.56
133.02,-31.502,1379,159.82
136.54,-30.109,1428,182.36
137.93,-27.707,1477,192.93
140.63,-21.585,1481,194.19
144.66,-17.694,1415,157.8
149.99,-15.15,1393,158.16
158.8,-19.8,1446,158
166.24,-24.638,1366,143.02
167.59,-30.903,1418,148.88
159.57,-35.125,1416,157.19
150.92,-35.206,1220,140.44
147.74,-31.737,1236,161.27
145.71,-24.819,1185,155.35
135.75,-22.607,1218,166.65
124.2,-24.89,1452,210.35
116.72,-30.117,1527,213.6
103.96,-32.604,1495,196.26
92.703,-36.81,1439,191.95
81.651,-37.51,1393,193.66
67.036,-32.486,1377,193.22
50.754,-27.844,1346,189.56
33.927,-24.031,1358,191.36
16,-17.062,1386,183.92
3.5717,-12.921,1197,158.57
-5.5351,-5.0272,826,124.45
-12.014,4.8695,494,93.66
-22.165,14.043,1409,152.33
-28.562,19.482,1348,142.48
-24.912,25.505,1294,138.84
-20.335,25.464,1352,145.69
-16.106,23.801,1441,158.73
-16.562,23.404,1520,177.33
-1.1133,23.94,1526,174.83
16.963,17.305,1591,193.41
33.499,10.642,1602,200.49
48.161,11.46,1599,197.25
65.847,9.3962,1604,193
80.122,4.5988,1558,181.94
90.61,3.0494,1540,171.9
102.33,2.0467,1502,170.41
112.62,-4.5436,1477,165.44
121.1,-9.8032,1498,167.43
114.57,-9.0123,1473,165.45
110.74,-9.6509,1493,173.73
111.66,-11.511,1542,170.86
110.28,-11.051,1494,187.44
110.13,-11.968,1250,195.78
115.39,-16.322,1172,194.56
110.82,-20.663,1164,200.76
113.99,-17.188,945,214.83
105.17,-17.185,631,168.7
118.55,-17.263,653,302.75
117.58,-14.072,752,205.62
112.97,-14.79,1053,298.11
108.43,-16.943,1383,189.26
106.21,-19.034,1436,201.52
106.12,-20.502,1510,183.62
105.14,-17.835,1574,166.87
107.58,-13.632,1643,184.69
111.82,-15.455,1632,187.97
117.91,-18.931,1628,173.87
115.98,-20.389,1645,178.88
107.36,-17.503,1653,193.85
101.5,-13.651,1665,190.5
98.902,-11.511,1587,170.3
103.07,-11.746,1659,192.37
110.3,-13.382,1727,199.8
114.53,-19.287,1742,192.08
124.39,-21.488,1686,207.85
134.53,-25.867,1738,201.27
141.55,-26.027,1819,222.41
144.06,-25.444,1659,211.46
144.7,-25.486,1647,201.02
146.49,-28.3,1655,195.02
147.02,-27.804,1514,189.47
153.52,-29.551,1435,167.99
158.77,-34.161,1229,155.32
162.26,-36.993,1238,149.7
160.26,-41.148,1285,146.94
160.62,-39.764,1429,159.48
161.97,-38.606,1339,149.77
163.79,-42.469,1320,148.87
164.43,-41.713,1171,138.25
162.86,-44.312,1192,140.35
164.49,-42.393,1129,130.64
161.56,-41.296,1382,146.77
159.3,-47.695,1484,177.71
159.77,-46.194,1404,150.42
161.87,-40.196,1255,136.39
164.4,-34.858,1149,134.16
165.67,-32.39,1024,124.97
167.09,-30.543,1011,125.23
165.72,-32.4,969,134.82
166.45,-32.922,974,121.57
166.7,-33.076,993,125.72
167.14,-30.788,910,126.86
168.78,-29.606,896,114.96
169.92,-28.424,850,121.33
169.7,-34.716,882,120.12
166.77,-41.434,1090,130.46
164.57,-49.53,1290,149.14
155.36,-57.98,1454,157.65
142.8,-54.308,1467,167.23
130.9,-43.757,1592,218.16
114.44,-40.96,1655,228.32
99.24,-41.714,1681,199.44
81.528,-40.72,1610,209.91
65.802,-36.29,1586,186.08
48.41,-31.095,1582,214.87
29.785,-24.779,1543,185.02
13.708,-16.01,1461,177.8
-0.007367,-6.4237,1384,154.55
-9.1849,-0.26311,1381,154.74
-18.678,8.9328,1406,169.66
-26.143,14.499,1431,177.53
-25.119,25.624,1464,169.74
-12.726,27.364,1496,170.49
-5.7669,25.256,1554,179.17
8.825,19.43,1479,171.64
24.266,8.4587,1574,176.7
39.664,7.6017,1482,163.38
40.084,9.7745,1554,194.48
46.897,9.0695,1439,152.76
56.623,8.1022,1476,168.26
73.026,8.7615,1577,192.82
94.924,1.4758,1612,210.16
111.67,-14.606,1647,207.14
126.64,-20.404,1654,208.76
119.06,-21.374,1685,194.76
121.03,-26.729,1426,159.59
119.24,-19.099,1401,165.26
110.77,-12.45,1410,177.57
115.22,-11.88,1400,162.69
119.05,-8.9774,1427,168.05
129.07,-9.4931,1458,168.15
139.75,-12.234,1574,188.59
150.17,-13.099,1492,175.12
159.74,-21.276,1355,165.19
165.23,-25.198,1032,123.82
169.23,-29.373,721,104.6
172.76,-32.906,470,90.641
173.35,-34.159,390,89.442
170.7,-38.196,504,88.623
166.78,-39.166,680,101.39
165.07,-34.024,797,109.14
169.09,-31.667,711,107.38
172.18,-32.606,508,92.841
172.48,-37.127,380,82.843
173.1,-39.185,334,70.784
173.53,-38.554,327,78.699
173.13,-38.732,301,73.382
172.69,-38.969,300,74.407
172.8,-39.516,575,93.793
172.77,-39.75,578,99.764
173.65,-39.229,552,93.495
173.02,-38.309,558,92.081
171.93,-37.83,588,98.341
171.01,-37.534,635,94.901
170.1,-35.821,670,100.68
169.57,-34.445,687,100.52
168.65,-33.283,706,104.83
169.27,-31.497,719,102.18
170.21,-29.691,736,108.57
171.7,-27.57,759,108.76
170.9,-28.299,777,110.68
169.78,-29.912,826,111.95
170,-31.417,851,119.35
171.17,-33.412,923,118.66
172.15,-35.81,927,116.91
172.59,-36.981,1000,129.45
172.13,-36.048,1087,136.73
171.29,-34.958,1103,129.17
171.8,-33.759,1080,130.63
171.93,-32.384,1141,145.01
172.23,-32.863,1180,150.31
169.73,-32.88,1137,135.33
166.39,-37.267,1193,139.16
167.3,-37.281,1150,135.92
166.92,-41.292,1193,137.16
166.53,-42.348,1290,173.66
163.2,-39.27,1287,149.72
156.75,-42.023,1252,160.57
158.36,-48.088,1197,143.43
159.1,-40.237,1314,164.69
166.24,-37.655,1312,159.36
171.5,-36.504,1200,136.7
171.22,-39.077,1117,130.79
163,-38.844,1187,140.44
157.63,-34.666,1303,159.18
164.28,-34.098,1248,138.2
172.39,-38.872,1228,139.23
170.58,-37.839,1168,133.09
163.32,-42.274,1151,132.89
157.96,-47.163,1219,143.92
156.49,-45.614,1158,140.42
154.11,-34.634,1260,145.21
159.29,-32.255,1328,158.31
169.46,-38.376,1254,142.28
168.04,-41.921,1132,126.98
158.47,-39.287,1151,129.47
151.02,-37.504,1171,132.84
152.77,-34.799,1102,132.4
140.95,-28.424,1254,143.41
130.25,-20.659,1320,156.9
128.64,-25.714,1324,155.6
135.46,-21.459,1326,148.03
128.78,-20.116,1294,143.72
134.23,-23.861,1350,158.86
138.32,-12.812,1340,160.77
144.22,-15.829,1356,154.49
155.36,-14.446,1355,149.69
155.56,-20.49,1275,138.95
167.95,-29.582,1369,153.72
173.26,-32.039,1335,149.45
173.95,-34.774,1260,138.82
162.11,-37.422,1210,131.84
150.42,-30.911,1265,142.95
148.8,-28.645,1259,145.26
150.72,-19.713,1301,146.43
158.12,-19.991,1366,164.81
171.18,-22.328,1416,159.03
174.38,-32.513,1330,145.95
161.74,-34.991,1341,147.11
156.91,-34.539,1319,145.76
156.27,-35.288,1324,156.83
162.39,-34.877,1321,142.27
168.27,-35.366,1326,145.48
170.05,-28.358,1367,148.74
175.06,-32.183,1359,147.38
178.62,-39.287,1320,145.66
170.12,-43.096,1288,144.29
165,-38.466,1321,149.63
157.48,-42.453,1417,163.77
146.02,-50.871,1393,158.18
136.41,-55.142,1381,165.84
127.52,-55.347,1409,172.49
114.94,-51.987,1330,158.28
100.36,-50.289,1371,165.45
85.288,-47.48,1382,173.98
68.544,-42.721,1354,176.96
50.8,-34.343,1369,189.55
32.364,-23.236,1389,186.21
16.616,-14.874,1372,163.24
2.9568,-7.155,1324,165.82
-8.3921,4.1099,1313,163.25
-20.515,13.671,1292,164.05
-28.832,17.421,1246,153.51
-34.463,23.825,1299,148.67
-29.039,29.691,1348,161.75
-16.73,29.504,1311,149.43
-10.791,14.501,1344,153.39
-6.5342,1.8706,1398,153.73
-3.0834,9.0039,1430,167.53
-2.3101,12.95,1422,167.6
-12.778,16.284,1360,169.66
-17.846,18.276,1333,152.88
-24.98,19.336,1367,161.92
-27.828,19.976,1309,151.76
-23.893,22.294,1397,155.17
-8.2444,24.3,1360,154.49
-1.6834,23.65,1431,169.48
13.892,20.464,1357,153.33
28.611,15.046,1420,164.88
44.042,9.5906,1419,170.91
58.664,5.6648,1396,158.4
73.762,5.3108,1408,162.04
86.52,1.9019,1396,154.13
81.315,1.8643,1460,184.5
66.952,0.65375,1523,207.22
52.341,7.5944,1482,185.81
51.708,6.6687,1501,185.57
62.919,5.6552,1444,179.99
69.268,2.9082,1329,157.18
70.947,-1.1658,1213,143.18
69.587,-0.6356,1297,148.39
68.948,0.53255,1305,169.42
71.002,0.39515,1246,191.66
73.262,-1.1121,1169,192.66
61.795,-1.5441,751,166.64
61.284,-3.1456,442,122.39
56.97,0.41302,605,141.26
58.893,-2.1462,383,108.14
55.45,2.0685,539,152.74
61.422,-4.6013,398,124.7
66.476,0.63279,928,326.97
70.561,-0.5207,975,303.08
74.412,-2.1667,1236,315.54
78.824,-1.9055,1397,192.71
85.08,-4.3829,1472,209.08
90.238,-3.8965,1592,196.03
89.791,-4.0414,1549,172.5
87.574,-5.231,1525,177.91
81.553,-4.8873,1508,171.88
76.788,-1.1703,1411,164.02
80.716,0.12644,1451,174
83.007,-2.7266,1415,179.52
80.087,-1.4224,1356,164.01
80.856,-2.4746,1210,154.11
79.335,-3.1597,1122,188.97
74.866,-3.361,851,163.35
73.377,-3.7957,738,156.66
78.467,-5.0453,702,162.74
87.855,-7.8588,858,261.47
76.14,-4.8435,821,180.02
72.581,-1.0734,866,201.08
72.778,-4.9029,759,204.19
86.174,-20.611,316,84.903
83.126,-19.536,355,88.343
96.122,-18.945,689,222.27
92.517,-9.3892,1416,222.51
98.252,-6.5345,1684,205.81
97.249,-7.7622,1701,192.09
92.146,-10.417,1631,181.96
89.516,-8.9992,1604,189.13
90.864,-8.6308,1644,181.15
94.623,-6.8263,1678,182.58
100.61,-7.5612,1694,180.99
108.4,-9.4698,1657,192.62
119.02,-12.091,1587,178.87
127.87,-15.681,1763,206.01
138.98,-21.876,1810,231.08
150.06,-26.508,1760,210.26
159.12,-30.027,1739,212.7
161.76,-32.203,1739,195.95
155.6,-28.706,1696,210.27
158.06,-28.521,1789,208.77
161.65,-31.949,1779,219.5
167.51,-31.079,1698,194.32
160.47,-30.999,1663,189.99
148.35,-27.814,1600,182.5
136.13,-25.723,1650,201.64
122.89,-20.747,1671,219.71
108.44,-20.235,1654,231.45
101.39,-23.847,1656,212.22
100.53,-25.976,1609,232.7
93.646,-22.635,1695,228.7
82.139,-14.281,1631,233.35
67.558,-6.8338,1692,240.42
53.58,-3.9157,1681,211.49
44.095,-1.1712,1623,208.43
38.886,-0.10284,1779,226.37
31.055,-2.9944,1801,240.39
18.483,2.1497,1767,258.05
4.6149,14.177,1757,261.51
-6.5732,21.153,1700,238.46
-15.237,26.062,1693,218.68
-17.006,20.912,1570,184.12
-18.118,17.496,1677,192.93
-14.839,21.229,1525,174.43
-4.5785,24.59,1494,152.87
-3.0325,24.091,1554,158.87
-1.9397,21.075,1607,185.22
-5.0067,21.696,1596,173.25
1.935,18.868,1639,181.08
6.0038,8.3811,1592,170.09
18.635,4.8461,1629,175.75
29.309,5.3958,1699,190.46
44.677,6.0295,1747,200.14
66.603,3.4309,1705,213.15
87.542,-5.614,1707,207.89
108.64,-14.441,1705,209.02
125.14,-21.3,1671,211.4
142.31,-27.37,1715,210.93
155.48,-28.732,1677,206.15
157.64,-33.944,1681,199.77
158.47,-27.542,1789,258.86
157.34,-27.364,1658,189.66
163.02,-30.056,1627,185.87
158.47,-26.144,1530,154.86
156.14,-27.164,1575,166.24
164.82,-23.753,1571,168.84
170.96,-29.199,1508,163.07
174.91,-32.811,1585,177.75
171.21,-39.329,1458,152.58
164.82,-47.038,1433,147.84
156.08,-53.906,1505,160.04
143.52,-56.086,1566,194.02
134.3,-55.107,1612,197.99
119.48,-56.071,1593,194.96
103.13,-53.198,1587,206
85.045,-49.417,1646,238.17
66.357,-43.867,1639,234.06
45.764,-36.369,1685,266.24
24.551,-28.396,1711,281.04
5.3941,-17.517,1631,247.49
-15.808,-7.7231,1570,226.94
-31.08,-0.45524,1499,195.72
-38.339,12.244,1426,162.82
-37.219,23.909,1429,155.15
-34.085,36.515,1393,145.41
-21.981,38.449,1443,160.08
-8.5077,36.417,1459,162.15
4.822,28.139,1530,163.5
18.835,21.435,1520,174.67
34.644,10.318,1538,159.12
41.374,0.93352,1614,191.48
38.063,-2.0389,1537,173.24
47.234,1.5687,1486,174.01
58.995,13.294,1529,171.15
73.495,11.058,1474,172.55
91.723,5.5183,1492,170.09
108.24,-2.4004,1542,170.06
123.06,-11.231,1564,177.68
128.07,-8.7151,1651,181.84
142.13,-6.5833,1644,185.21
156.4,-7.2808,1642,194.05
169.64,-14.164,1649,186.82
176.2,-22.057,1640,172.06
174.24,-21.662,1518,157.63
172.13,-23.493,1586,168.97
182.98,-31.237,1660,186.41
190.8,-33.61,1525,164.49
187.6,-33.654,1525,168.29
183.61,-32.051,1470,153.88
177,-37.604,1515,171.67
167.82,-48.886,1513,168.38
150.76,-53.609,1545,176.77
137.28,-56.188,1496,161.83
126.68,-51.924,1510,180.07
116.9,-49.739,1564,189.85
114.77,-40.149,1402,161.69
109.49,-37.317,1513,176.59
106.42,-40.41,1486,177.93
103.64,-37.325,1539,185.4
96.138,-30.913,1566,197.79
80.103,-28.344,1633,196.36
60.33,-23.962,1624,222.11
42.021,-21.526,1617,201.52
27.23,-21.577,1557,182.62
11.8,-18.919,1628,205.19
-2.5041,-13.54,1553,189.55
-15.587,-6.2001,1542,191.54
-26.497,1.7823,1465,184.38
-27.457,11.219,1498,194.45
-25.881,22.009,1488,187.1
-26.332,31.015,1477,157.08
-19.906,33.868,1390,159.55
-17.234,32.536,1393,153.93
-8.7023,37.823,1462,161.19
5.5641,33.545,1426,181.52
20.21,28.35,1494,187.78
34.64,20.297,1565,179.67
51.755,9.581,1545,182.17
67.366,-0.77428,1539,186.76
78.304,-9.6308,1549,183.38
80.709,-2.1101,1605,200.2
87.704,-3.5078,1648,199.57
106.55,-3.9278,1659,187.51
123.6,-8.9617,1632,200.44
139.98,-9.3059,1670,186.17
153.55,-12.272,1601,178.86
169.05,-18.378,1624,179.42
176.45,-24.543,1641,171.08
184.51,-33.29,1607,168.89
188.31,-37.842,1493,154.03
178.42,-34.475,1493,150.15
170.51,-39.571,1507,160.67
178.28,-37.792,1573,169.91
172.28,-33.074,1540,168.53
172.3,-31.268,1468,170.62
169.87,-21.152,1495,159.99
164.21,-19.674,1480,155.59
158.5,-25.693,1573,181.38
151.86,-33.218,1634,187.04
151.96,-37.956,1576,178.92
162.08,-33.65,1530,166.55
177.92,-28.728,1601,167.55
179.77,-34.59,1629,183.45
191.46,-42.275,1505,156.19
185.69,-49.86,1526,155.94
178.2,-57.517,1513,167.94
169.98,-44.437,1538,178.75
152.45,-42.726,1617,189.05
134.37,-40.907,1676,206.67
123.75,-36.793,1744,206.09
103.84,-36.319,1561,187.15
89.618,-38.23,1557,182.89
81.699,-37.637,1553,185.43
66.957,-40.424,1539,173.25
54.201,-36.374,1531,186.42
40.933,-31.758,1572,196.18
27.579,-23.787,1652,224.89
12.637,-18.75,1616,238.56
-5.038,-11.42,1558,215.27
-19.721,-0.85286,1548,216.37
-30.205,8.0638,1445,178.17
-31.367,19.86,1468,164.47
-29.143,28.732,1433,170.05
-28.566,31.468,1406,174.61
-25.085,41.168,1405,163.1
-8.9636,38.863,1380,158.76
7.8061,30.359,1474,180.91
24.93,16.307,1560,185.01
43.643,9.1539,1525,177.5
62.009,6.6385,1473,161.5
67.481,8.2427,1503,162.91
75.473,1.382,1505,160.48
88.101,-1.2295,1548,187.5
108.21,-3.2809,1574,185.73
121.16,-3.953,1542,163.87
128.81,-13.448,1636,182.24
128.34,-9.4776,1657,199.84
126.56,-10.17,1694,226.8
132.06,-4.8561,1599,206.85
148.83,-8.7517,1599,199.4
163.07,-13.652,1621,192.42
175.25,-25.848,1565,174.73
180.33,-35.81,1356,162.44
168.9,-38.976,1247,146.75
172.81,-42.349,1184,139.91
183.57,-35.74,1188,142.59
192.94,-38.392,1247,141.56
200.66,-39.291,1239,139.58
195.67,-40.926,1293,143.41
201.54,-36.54,1319,148.17
196.96,-42.565,1317,146.41
199.04,-36.839,1229,134.7
201.9,-40.876,1284,143.09
208.59,-42.087,1272,143.71
206.21,-43.915,1132,139.84
209.49,-47.208,1024,122.32
211.33,-45.265,925,118.36
207.21,-43.965,911,116.01
209.01,-41.63,937,120.25
212.58,-35.475,956,124.41
217.9,-41.405,930,113.33
217.41,-44.953,965,120.76
204.74,-41.236,1070,133.61
204.13,-37.89,1035,125.77
199.3,-43.663,1113,135.61
195.66,-45.865,1150,136.72
190.08,-53.007,1205,138.82
187.59,-54.836,1120,132.18
184.73,-56.918,933,118.95
188.45,-55.537,808,104.79
188.89,-49.351,915,120.37
192.23,-47.538,962,123.2
181.14,-48.625,1133,136.95
166.38,-53.31,1500,180.36
149.89,-56.636,1434,165.64
133.22,-58.831,1399,157.84
119.85,-61.447,1364,158.98
108.03,-56.129,1306,153.42
95.762,-52.449,1371,171.59
79.768,-48.177,1370,177.93
62.674,-43.516,1396,182.34
48.361,-34.178,1397,178.55
33.198,-23.817,1434,178.64
18.172,-14.479,1449,195.33
8.4682,-8.9107,1359,158.93
7.3181,-5.6154,1364,159.67
-4.8019,-3.5211,1374,164.03
-5.9923,-2.1831,1543,204.65
-14.65,-3.1498,1483,189.47
-15.067,-3.0691,1277,150.84
-3.9334,5.159,1257,137.72
-10.859,7.5147,1278,156.09
2.5859,2.916,1433,179.7
15.755,6.9787,1537,193.35
34.82,7.4575,1472,163.88
49.447,6.7013,1399,161.46
63.9,7.9519,1394,158.52
81.153,3.6196,1417,164.42
95.128,-1.8099,1442,167.27
107.4,-3.4931,1451,156.89
119.67,-4.5094,1448,157.49
126.06,-3.6068,1531,181.03
121.26,-12.268,1407,151.14
118.14,-10.274,1418,157.91
116.95,-6.7074,1366,160.77
115.93,-10.016,1428,154.41
115.85,-9.8561,1327,157.91
116.13,-9.1404,1315,156.86
117.79,-7.252,1363,166.27
115.51,-7.717,1329,177.56
120.05,-5.1287,1155,260.29
111.15,-3.7151,1081,214.02
119.33,-2.591,1174,243.63
138.01,-13.21,342,106.83
