0,-0,138,44.204
0.56353,0.64359,103,40.623
0.5635,0.5054,329,66.575
5.9678,1.7402,347,70.52
9.5355,1.72,347,70.131
13.143,2.199,348,69.271
16.478,2.6766,398,73.423
27.787,3.5399,326,66.418
32.851,4.9159,341,65.144
33.066,6.8743,359,70.065
36.113,7.1568,315,66.294
41.033,9.2337,359,72.356
45.749,6.1376,336,69.9
42.351,3.2536,306,66.575
41.261,-0.9273,374,67.154
44.494,-2.0829,465,81.015
52.519,-3.0485,512,80.635
63.205,-3.6977,500,80.328
72.24,-5.0703,532,85.944
81.154,-5.8293,557,88.764
89.297,-5.962,586,89.533
98.511,-4.5866,584,92.8
106.96,-2.9239,581,91.402
114.16,1.4578,586,90.302
121.72,2.2528,573,87.135
127.97,-3.7047,584,85.696
133.15,-3.1006,597,87.21
126.77,-0.14024,603,87.292
129.68,-4.6718,608,89.021
135.3,0.52368,590,86.854
135.29,0.40136,581,83.62
135.73,-2.3429,587,84.174
137.99,-4.0561,594,85.15
139.2,-1.7051,590,85.431
137.6,-0.31689,624,91.783
137.09,-2.7523,620,88.591
137.18,-4.5143,627,87.672
139.94,-5.5766,637,89.004
141.25,-5.5077,625,87.135
138.89,-14.278,636,87.458
133.69,-22.072,621,89.459
141.9,-18.934,638,93.189
142.11,-2.0836,637,93.139
126.06,-9.7928,610,90.278
126.71,-23.999,630,92.263
140.29,-17.103,644,92.85
144.42,-0.56322,667,96.819
148.42,3.8533,612,88.21
151.27,-11.472,557,85.018
155.43,-16.927,429,75.771
156.03,-20.804,405,76.805
154.74,-21.993,419,77.839
148.46,-22.871,570,86.638
134.22,-20.077,621,89.682
126.84,-15.677,614,92.519
122.85,-9.9883,607,90.096
121.44,-1.7589,614,89.79
132.17,-4.3936,618,89.724
147.19,-4.8503,632,91.005
155.33,-3.9045,428,83.008
158.02,-13.189,233,59.024
161.46,-19.187,742,97.233
157.94,-18.95,714,96.745
151.38,-18.911,731,96.662
146.08,-18.331,743,98.258
141.59,-12.742,756,104.37
147.13,-9.698,750,97.58
156.8,-18.182,744,97.969
162.94,-18.765,760,97.059
151.23,-15.361,773,100.38
143.92,-21.113,759,100.02
146.76,-25.062,754,96.968
148.64,-26.26,736,97.903
151.65,-26.28,757,96.745
159.88,-23.201,780,101.01
158.45,-23.556,739,96.753
155.61,-35.608,739,97.597
148.77,-38.686,723,95.521
144.9,-31.065,746,102.3
139.18,-24.76,733,101.01
155.8,-23.453,754,97.969
166.22,-19.678,764,98.879
164.31,-31.254,765,96.604
168.05,-30.687,759,99.813
156.59,-23.008,743,97.49
155.16,-36.424,765,98.788
164.28,-39.213,782,98.639
171.33,-37.092,763,97.828
168.92,-40.241,749,98.217
171.44,-47.171,748,99.54
174.62,-54.602,737,99.094
180.75,-61.46,752,97.696
192.11,-61.713,768,98.507
204.45,-64.075,780,99.822
214.57,-69.419,794,101.44
221.86,-77.988,778,101.01
220.62,-75.338,843,112.53
210.66,-67.168,784,103.08
217.11,-60.336,805,102
217.87,-72.625,801,101.43
229.82,-78.617,814,103.85
227.54,-71.646,835,104.47
219.23,-79.039,824,102.92
234.41,-80.76,812,104.77
242.66,-80.812,807,101.3
244.43,-86.625,802,103.96
241.79,-100.17,799,102.45
245.66,-105.78,805,102.81
241.58,-92.778,822,106.66
232.55,-97.585,812,103.2
249.64,-103.95,813,103.78
248.42,-103.47,864,120.29
230.68,-100.06,803,103.95
225.92,-87.865,845,108.42
229.05,-74.293,836,112.27
223.45,-77.701,839,110.44
222.26,-87.326,809,104.52
239.43,-90.547,875,114.39
253.49,-97.119,847,106.95
251.74,-106.14,833,114.86
255.36,-115.43,839,111.39
256.54,-105.37,949,131.11
256.75,-97.163,915,112.2
243.62,-101.99,824,105
254.66,-114.22,858,111.84
264.19,-127.62,848,107.91
274.87,-133.37,841,107.42
282.68,-139.26,800,102.61
288.37,-138.58,800,101.81
284.17,-135.22,768,99.582
281.1,-139.95,782,100.9
280.25,-141.2,799,101.41
277.97,-136.19,819,102.7
270.98,-130.58,806,104.68
282.05,-141.93,792,101.33
287.77,-151.19,791,100.55
286.85,-147.06,825,107.72
281.36,-158.44,802,105.09
271.09,-164.86,820,106.42
259.02,-167.84,802,103.17
246.76,-169.53,810,103.2
255.88,-162.39,829,109.13
273.89,-157.27,841,108.04
288.38,-156.79,801,103.98
286.97,-167.88,806,104.74
293.06,-170.21,751,97.985
302.24,-164.29,780,100.9
297.96,-169.37,783,100.58
301.34,-177.1,760,99.954
309.58,-175.91,788,101.99
299.2,-176.37,792,105.01
298.58,-181.23,769,97.514
307.08,-168.46,792,101.71
308.68,-171.09,795,103.34
298.7,-182.29,773,98.622
294.4,-176.26,779,99.375
299.02,-164.07,773,98.904
308.74,-170.45,771,98.904
307.22,-180.66,806,101.68
296.82,-180.09,770,98.374
296.29,-170.72,762,99.077
307.24,-167.61,755,98.424
306.74,-175.41,784,99.251
307.7,-170.36,853,106.04
305.71,-177.26,888,105.09
303.86,-174.76,1002,115.09
304.06,-176.08,1008,113.86
303.79,-176.99,1009,112.57
302.81,-177.15,1020,115.69
302.67,-177.84,1028,113.35
301.84,-178.58,1044,116.52
301.69,-179.92,1044,115.88
302.9,-181.12,1047,115.2
305.35,-180.62,1015,114.52
306.27,-178.81,1026,114.04
307.11,-179.18,1000,111.88
306.73,-177.55,984,112.32
308.06,-176.16,974,113.33
309.91,-177.1,961,112.23
310.37,-182.16,965,111.43
307.4,-180.84,950,108.93
302.31,-175.12,924,109.57
305.88,-170.68,897,109.59
310.93,-171.94,896,107.7
314.29,-177.54,905,108.56
313.54,-182.54,916,108.16
308.26,-178.78,915,109.79
312.91,-175.59,1003,114.95
313.42,-176.29,1120,119.24
312.49,-175.68,1246,125.86
312.11,-174.75,1246,129.22
311.06,-173.97,1249,126.88
310.69,-173.32,1245,129.03
310.24,-172.48,1229,126.19
309.81,-171.69,1216,124.43
309.51,-171.31,1210,124.57
310.15,-171.9,1170,123.23
311.34,-173.7,1142,121.52
310.43,-176.37,1104,118.64
307.45,-176.92,1104,118.66
306.8,-173.48,1059,116.1
308.54,-171.67,1027,113.52
311.75,-175.33,1025,114.95
312.2,-175.95,1051,116.7
311.14,-180.7,1062,118.74
311.96,-176.77,1038,115.28
309.86,-171.82,1039,114.71
306.94,-176.18,1009,113.07
312.61,-181.45,996,111.76
319.99,-182.82,989,114.34
322.32,-180.22,1003,113.16
317.95,-182.73,1020,116.05
316.43,-184,1003,114.9
312.6,-186.94,961,112.3
316.98,-186.04,971,114.46
313.9,-183.08,970,113.56
305.74,-180.97,942,111.91
303.46,-179.56,897,109.79
302.02,-181.64,881,107.53
305.35,-185.53,878,105.18
305.64,-183.28,942,109.8
309.19,-182.92,1104,117.51
310.67,-182.23,1246,128.11
310.36,-180.75,1291,128.47
310.09,-179.66,1303,129.41
310.19,-179.13,1295,129.23
309.89,-178.8,1292,126.88
309.16,-178.42,1286,126.33
309.16,-178.21,1289,128.1
309.09,-178.19,1260,126.35
309.13,-178.08,1223,126.27
309.57,-178.68,1194,123.95
311.03,-180.38,1190,121.75
313.68,-179.97,1146,121.66
313.22,-179.04,1112,121.03
310.82,-182.7,1094,118.38
309.22,-186.15,1090,120.83
306.7,-183.84,1050,117.23
310.5,-180.27,1040,113.68
314.34,-177.48,1078,117.44
313.61,-181.76,1067,119.83
313.6,-185.79,1071,116.7
314,-180.86,1053,116.77
307.66,-178.23,1024,116.5
306.19,-177.09,998,111.98
307.5,-177.79,1000,114.52
307.47,-179.43,976,110.84
311.7,-180.6,980,112
311.69,-182.96,998,111.93
312.51,-184.05,992,115.77
312.9,-187.71,976,114.06
312,-187.48,947,110.32
314.37,-188.94,939,112.82
313.51,-187.37,1030,113.22
313.5,-185.86,1188,123.33
313.14,-186.13,1211,123.05
312.51,-186.51,1220,125.86
311.87,-186.84,1197,126.8
311.51,-187.2,1194,123.36
311.96,-187.32,1199,125.6
311.63,-186.6,1231,124.81
311.17,-186.16,1226,123.6
311.38,-185.8,1234,126.05
311.16,-185.68,1220,124.33
311.96,-185.24,1182,124.91
312.48,-181.91,1152,120.88
312.39,-179.4,1092,116.92
313.92,-180.92,1048,114.13
317.89,-183.09,1044,114.9
319.65,-187.4,1037,117
317.89,-189.18,1011,113.55
313.56,-184.84,1034,118.28
311.78,-179.06,1041,116.58
314.92,-176.82,1023,113.12
320.81,-180.13,1043,117
324.17,-187.27,1019,114.73
324.7,-192.81,1008,115.59
321.37,-188.94,1022,118.74
317.28,-180.46,1038,116.12
316,-180.21,1014,115.21
325.4,-182.95,1011,114.63
331.83,-188.26,992,114.1
335.67,-193.76,990,114.02
339.48,-197.72,1008,118.21
343.03,-196.46,1010,122.26
338.91,-199.03,1016,119.71
339.14,-194.82,983,113.14
333,-195.44,959,111.23
329.5,-189.33,911,110.96
320.39,-182.18,770,97.531
318.27,-183.08,629,88.938
321.4,-184.97,461,80.271
323.67,-188.14,386,75.895
323.8,-195.15,412,78.823
323.14,-195.48,454,83.091
322.02,-195.62,535,93.495
320.01,-190.87,614,98.242
318.6,-181.57,669,94.512
318.09,-171.8,642,96.869
317.03,-167.58,566,95.38
319.06,-171.39,439,76.516
321.17,-173.55,388,72.373
321.57,-175.37,375,70.421
323.06,-173.84,412,75.962
323.15,-174.94,392,74.854
321.73,-175.76,374,68.213
322.33,-174.93,357,67.154
322.57,-174.49,353,69.528
323.07,-174.74,363,71.877
323.62,-174.55,363,69.272
323.96,-175.94,364,68.676
324.04,-177.11,369,72.786
323.55,-176.9,385,79.279
324.24,-175.06,395,75.019
325.76,-174.9,417,81.379
323.85,-176.22,502,93.288
323.94,-179.77,603,97.158
323.81,-184.89,629,95.496
325.82,-190.91,651,93.61
330.85,-192.62,713,97.134
325.77,-190.2,803,106.58
316.13,-184.92,767,107.83
316.37,-174.57,744,98.721
321.92,-170.62,724,96.009
319.31,-182.66,746,97.365
322.75,-195.36,760,99.234
329.2,-190.36,776,99.821
320.08,-181.81,768,98.879
309.81,-175.11,747,98.217
311.65,-169.06,736,96.935
322.59,-177.25,748,98.259
330.98,-187.53,767,100.33
337.98,-197.76,792,100.79
338.75,-196.89,810,103.5
324.34,-190.66,801,101.13
315.31,-180,802,103.88
313.34,-171.15,769,97.845
317.62,-180.24,764,98.54
324.04,-191.23,781,100.96
332.44,-195.79,788,100.3
327.37,-187.37,802,101.41
317.55,-179.73,802,101.91
310.25,-175.76,797,101.71
317.4,-179.25,776,98.308
325.9,-188.7,776,99.102
332,-196.04,776,99.656
326.89,-189.36,816,103.39
326.45,-193.09,915,111.33
325.21,-191.68,1066,116.67
324.56,-191.86,1172,123.75
324.5,-191.34,1197,126.52
323.99,-191.36,1199,131
323.82,-191.52,1217,129.96
323.55,-191.75,1223,133.63
323.61,-191.98,1230,131.27
323.43,-191.66,1221,135.36
323.65,-191.91,1208,131.51
323.44,-193,1193,130.15
323.67,-194.23,1148,128.56
324.25,-194.44,1113,126.49
322.22,-194.26,1102,123.55
320.74,-191.96,1063,120.89
319.27,-189.5,1038,121.41
318.54,-189.46,989,112.97
319.74,-190.07,954,111.31
319.29,-189.14,963,113.88
321.35,-189.67,963,111.86
322.48,-185.38,980,112.59
319.61,-183.92,948,108.91
319.77,-189.3,944,109.32
324.12,-193.42,952,109.38
327.82,-189.14,989,113.79
320.66,-186.74,970,111.52
317.04,-181.1,960,109.91
316.73,-176.13,960,110.15
313.98,-178.69,935,109.5
318.07,-184.26,938,111.72
326.24,-188.14,951,114.09
331.51,-190.59,972,115.95
326.35,-191.77,961,111.34
325.48,-197.75,952,111.22
334.88,-193.51,922,110.83
343.96,-192.66,934,113.23
346.51,-194.74,949,114.96
344.54,-197.73,952,113.17
344.35,-201.71,950,110.96
337.55,-191.78,939,110.7
330.24,-193.73,931,109.49
338.25,-201.73,910,106.99
346.92,-205.44,912,108.79
351.22,-202.13,928,109.76
345.97,-206.19,952,111.25
348.9,-205.6,948,110.61
346.68,-211.07,926,108.84
349.37,-213.67,914,111.39
346.55,-201.78,917,111.83
345.24,-199.13,894,112.36
333.47,-206.56,896,114.64
324.07,-206.9,882,113.19
319.58,-195.85,847,108.99
326.14,-184.68,859,104.12
328.23,-180.65,881,108.21
325.9,-193.53,849,104.38
330.4,-202.06,875,105.88
336.23,-201.44,863,104.91
334.47,-202.47,910,107.45
333.09,-201.99,1045,115.37
333.67,-201.41,1234,126.05
335.1,-200.51,1336,135.48
335.42,-200.26,1388,136.17
335.86,-200.09,1414,139.73
336.07,-199.94,1413,138.39
335.8,-199.95,1427,141.41
335.91,-199.74,1430,141.12
335.97,-199.41,1416,141.03
335.75,-199.55,1388,139.25
335.5,-199.9,1327,138.43
335.04,-200.27,1278,134.17
334.1,-197.81,1239,129.84
332.86,-195.17,1194,128.45
331.16,-193.17,1145,126.16
329.07,-190.02,1115,124.11
326.46,-189.52,1084,121.85
325.69,-188.2,1065,117.23
328.77,-190.78,1025,114.53
333.13,-194.02,1023,116.13
337.65,-197.22,1044,115.24
340.36,-198.53,1035,117.96
343.09,-197.95,1051,119.85
342.6,-201.5,1050,117.16
344.84,-202.68,1044,118.73
342.04,-197.4,1041,117.46
336.49,-201.76,1046,118.4
341.99,-206.48,996,116.06
350.08,-208.17,1005,116.74
355.29,-207.35,981,112.8
356.99,-209.43,986,113.58
354.58,-208.76,968,110.18
347.15,-201.93,982,111.44
345.73,-203.71,977,115.56
353.22,-209.98,974,117.98
358.49,-216.52,950,111.17
365.36,-215.37,927,109.13
361.37,-213.9,949,111.71
356.92,-219.07,937,110.31
358.67,-222.45,894,108.97
356.64,-216.17,965,112.66
359.34,-215.77,1126,120.9
359.33,-215.09,1237,127.95
358.16,-214.94,1269,129.88
357.71,-214.29,1264,131.01
357.32,-214.32,1249,129.99
356.67,-214.3,1249,131.04
356.46,-214.05,1235,129.51
356.52,-213.76,1245,129.62
356.35,-213.16,1219,127.35
355.8,-212.12,1199,126.67
355.82,-210.98,1176,125.27
357.64,-210.63,1174,124.81
359.39,-209.76,1178,128.46
360.63,-208.81,1141,125.77
359.69,-209.2,1094,120.62
361.26,-211.66,1070,117.12
361.83,-214.84,1038,115.02
359.79,-217.41,1004,112.33
358.83,-215.67,999,114.82
358.98,-213.21,1020,117.06
358.72,-215.6,1018,116.13
357.37,-217.74,1033,121.14
361.21,-217.09,1024,117.96
356.28,-210.82,1035,122.13
353.35,-211.5,998,114.46
358.28,-218.26,963,114.55
361.67,-224.74,952,113.86
360.22,-228.17,945,114.32
357.4,-220.79,1009,119.37
354.73,-210.27,986,117.5
358.86,-206.29,958,112.82
363.71,-216.41,944,114.54
365.19,-227,943,112.03
365.97,-229.89,950,119.41
360.5,-231.05,947,115.48
361.06,-217.69,927,108.5
360.78,-205.8,916,108.93
366.91,-207.39,922,110.08
368.98,-221.83,944,110.89
372.06,-231.95,928,109.6
376.57,-238,900,108.03
377.05,-243.13,804,104.47
379.69,-241.97,910,112.01
377.78,-241.22,921,116.1
372.71,-242.07,902,112.7
364.92,-234.59,906,113.7
364.11,-216.01,926,115.15
364.53,-207.43,898,108.46
361.76,-221.65,881,108.44
365.43,-236.18,860,106.41
371.52,-240.77,886,110.37
367.66,-239.44,868,106.92
366.04,-236.67,870,106.67
369,-241.82,955,122.36
381.29,-242.98,906,114.19
388.05,-246.42,913,116.51
388.17,-245.86,986,134.37
374.98,-244.84,917,121.7
361.5,-242.78,884,113.71
363.61,-235.73,873,112.14
355.24,-222.94,886,111.1
349.02,-225.83,905,114.09
362.85,-232.91,837,110.54
365.07,-240.09,623,93.445
366.72,-241.72,415,77.674
372.53,-243.53,382,75.755
377.04,-249.3,444,83.645
377.61,-248.42,486,90.799
381.4,-246.45,544,93.297
385.04,-245.73,582,94.14
390.41,-249.05,589,89.756
391.68,-250.37,624,93.627
392.41,-252.54,751,104.32
386.13,-250.99,791,102.67
379.73,-252.99,816,107.02
377.31,-246.94,810,107.31
381.42,-251.03,876,107.24
379.29,-249.93,1014,116.2
379.48,-248.6,1159,122.88
378.7,-247.59,1251,127.65
378.54,-246.97,1296,131.4
378.34,-246.8,1324,135.7
378.34,-246.65,1327,134.55
378.42,-246.73,1324,133.45
378.44,-246.68,1328,134.55
377.86,-246.64,1332,135.67
378.25,-246.55,1337,134.27
378.23,-246.53,1321,134.31
377.77,-245.95,1286,131.41
377.57,-245.03,1252,133.65
377.26,-244.53,1233,134.13
379.3,-244.87,1234,133.06
381.08,-246.09,1249,138.62
381.27,-246.15,1218,141.03
379.44,-246.32,1187,134.25
376.33,-247.69,1130,126.4
374.82,-245.41,1048,119.05
373.29,-246.19,1049,116.97
375.54,-248.81,995,113.91
380.27,-248.7,1014,117.55
384.42,-250.03,1015,116.87
386.85,-248.51,1009,119.29
388.28,-247.09,1001,122.01
386.7,-243.46,982,119.4
383.88,-250.44,998,124.73
385.38,-254.5,1018,119.6
390.14,-255.26,937,108.82
390.58,-254.72,908,107.59
388.41,-254.61,957,109.39
388.82,-252.16,1143,118.18
389.39,-251.41,1299,128.65
389.02,-250.66,1336,132.13
388.87,-250.4,1355,132.71
388.87,-249.99,1370,131.65
389.12,-249.94,1376,138.03
389.11,-249.56,1386,136.98
389.37,-249.5,1389,138.49
389.13,-249.45,1378,137.17
388.3,-248.92,1333,135.76
388.56,-248.21,1313,135.06
388.49,-246.97,1286,135.19
388.63,-246.15,1259,134.47
389.95,-245.21,1250,135.74
391.16,-245.64,1230,135.27
392.26,-247.23,1207,134.54
392.48,-249.42,1171,133.84
392.04,-250.88,1107,130.12
391.15,-253.04,1054,119.14
391.68,-253.18,1004,114.14
392.18,-247.97,995,118.92
390.61,-247.49,1053,117.2
389.59,-254.26,1021,115.72
386.66,-254.68,1005,120.22
384.74,-251.06,1011,115.04
381.89,-252.63,1007,118.72
389.41,-253.8,977,112.68
390.01,-249.65,1023,116.56
389.73,-247.15,1011,116.73
387.66,-248.52,996,118.03
392.53,-255.12,1005,113.79
390.74,-249.87,962,110.47
387.37,-257.04,986,114.67
396.42,-256.81,951,113.03
397.85,-250.56,972,112.56
387.07,-259.61,973,115.69
380.79,-259.89,938,113.42
387.29,-244.92,917,113.19
396.2,-236.8,888,105.14
405.02,-235.47,889,106.55
411.13,-243.26,924,110.89
409.94,-254.87,945,116.13
398.14,-263.07,950,115.59
390.56,-263.6,979,119.32
385.25,-247.2,934,110.82
394.97,-239.82,911,112.09
408.17,-248.9,913,109.27
412.49,-251.76,924,110.11
395.97,-254.7,923,110.88
383.43,-262.68,926,114.55
377.51,-251.74,914,114.53
376.28,-240.89,912,119.18
389.07,-243.58,893,112.97
402.33,-254.57,931,111.58
415.07,-257.78,912,110.88
410.17,-267.7,885,108.64
397.94,-274.53,885,110.02
386.53,-260.09,893,108.94
385.35,-243.11,906,112.91
392.12,-242.85,893,109.84
397.32,-258.57,894,107.01
406.74,-262.86,932,109.91
394.71,-261.53,935,110.61
398.5,-272.39,908,110.52
404.88,-274.49,918,111.06
399.49,-266.16,924,111.89
387.45,-262.46,915,110.15
398.06,-272.57,903,107.51
405.11,-264.35,914,111.61
390.65,-258.28,929,117.68
380.42,-247.18,878,109.03
374.14,-243.88,845,105.72
377.91,-242.38,865,107.04
377.3,-244.98,891,113.06
388.09,-258.86,907,111.19
404.08,-262.74,914,113.31
415.67,-268.07,897,109.62
413.62,-275.83,877,106.79
404.81,-270.16,877,105.26
412.88,-268.89,889,105.27
412.54,-270.33,1034,116.3
410.67,-270.92,1087,118.2
409.09,-270.58,1124,122.89
407.91,-270.06,1134,122.21
407.28,-269.64,1128,123.71
406.94,-269.38,1132,125.66
406.49,-269.15,1147,124.51
405.65,-268.51,1125,122.8
405.96,-269.34,1135,124.72
407.23,-269.72,1154,128.09
408.75,-268.96,1140,127.79
410.12,-268.5,1145,131.6
410.41,-266.15,1120,130.1
409.4,-263.86,1104,126.7
406.97,-267.21,1120,125.85
406.51,-270.56,1038,119.13
411.3,-270.02,991,116.35
417.21,-268.23,974,113.09
422.28,-266.91,952,109.19
423.58,-271.23,934,109.79
417.8,-277.33,934,108.17
411.11,-272.98,967,111.01
407.94,-262.13,967,112.94
409.72,-253.8,935,107.99
410.02,-248.44,928,108.53
414.65,-244.39,930,108.27
420.62,-249.26,926,109.2
420.39,-261.45,917,108.23
419.01,-275.27,935,108.04
407.82,-271.56,974,117.66
410.5,-257.38,963,116.56
420.2,-253.75,920,110.72
419.88,-269.36,905,113.17
418.29,-284.3,875,108.68
418.27,-270.14,927,115.61
413.8,-252.05,900,106.27
405.09,-246.3,882,107.35
421.89,-258.21,946,118.77
429.29,-273.46,893,113.54
429.99,-280.65,884,110.7
430.9,-267.54,950,118.13
415.52,-255.67,912,114.14
408.53,-259.57,955,120
426.82,-268.35,882,107.21
439.68,-267.74,856,105.02
438.03,-274.73,809,102.45
451.19,-278.84,827,104.81
453.01,-273.65,924,118.13
451.51,-281.6,880,112.54
468.45,-281.85,864,109.25
481.41,-284.16,862,108.96
492.85,-292.24,855,106.77
506.46,-297.89,863,110.29
518.96,-308.8,852,106.03
529.98,-317.97,843,107.08
541.1,-326.53,829,104.97
545.11,-326.26,858,110.85
534.27,-335.72,861,107.68
523.52,-338.15,824,102.25
536.53,-331.53,868,109.88
526.81,-324.1,854,109.17
532.65,-340.08,871,111.96
533.3,-342.32,877,106.39
528.24,-342,863,105.13
521.08,-348.81,868,109.84
527.47,-339.47,888,110.61
536.12,-328.53,920,119.64
535.73,-348.1,915,115.7
523.69,-352.22,862,103.67
522.63,-354.49,853,105.73
532.49,-354.76,851,104.12
521.73,-355.46,848,104.39
531.13,-360.01,646,92.981
530.71,-358.96,729,98.473
521.89,-351.41,858,109.61
521.54,-342.38,849,106.51
519.05,-331.49,837,104.9
533.75,-320.13,837,104.3
547.13,-327.55,843,103.9
554.37,-338.92,850,105.47
562.73,-340.5,812,102.05
561.89,-338.66,809,104.44
551.51,-351.08,829,103.21
545.76,-353.09,830,104.43
542.56,-344.13,849,104.23
533.39,-349.85,876,112.43
539.12,-363.52,556,91.592
532.07,-365.98,430,85.24
522.69,-364.69,455,80.452
530.98,-357.64,740,97.861
532.23,-335.93,900,113.74
545.23,-315.87,862,107.12
556.44,-309.62,847,105.75
562.42,-309.85,854,107
565.09,-314.87,794,99.251
566.28,-312.47,775,98.597
563.16,-311.29,812,103.48
570.64,-310.65,578,87.184
558.03,-310.26,814,101.57
564.03,-330.73,815,108.08
570.71,-323.63,517,86.886
582.88,-321.9,688,98.523
594.58,-332.97,666,94.041
608.49,-340.33,652,95.157
621.74,-346.23,645,93.66
632.78,-352.96,643,91.998
635.33,-352.49,637,90.766
615.21,-348.71,558,82.636
597.61,-338.2,554,85.051
580.75,-326.68,550,83.24
562.77,-326.63,553,81.834
558.67,-330.06,573,84.72
559.41,-329.18,561,84.464
560.09,-325.69,556,82.751
558.41,-323.99,580,86.523
551.19,-319.42,584,86.796
554.16,-315.68,605,89.384
545.38,-313.44,596,94.123
550.36,-315.32,591,89.55
553.55,-317.25,586,87.358
548.01,-305.7,553,81.776
565.02,-298.72,563,83.248
576.93,-302.1,573,84.282
589.77,-300.02,575,84.538
596.69,-297.51,592,87.226
604.19,-297.61,597,89.938
611.63,-304.28,597,87.896
616.69,-307.81,579,87.292
620.06,-316.63,574,89.632
622.02,-330.36,553,84.05
634.09,-332.92,569,84.472
641.48,-334.69,568,86.821
647.45,-330.13,598,91.162
652.07,-335.17,600,88.343
652.7,-341.57,601,90.055
652.55,-341.28,582,85.63
649.11,-356.49,576,90.261
646.68,-361.01,570,86.052
651.26,-343.95,601,92.742
653,-341.54,574,90.633
648.8,-338.16,573,86.994
648.16,-334.94,570,84.149
649.95,-328.48,576,83.174
660.61,-332.7,572,83.066
667.06,-337.36,556,88.69
668.44,-334.62,546,86.638
668.43,-338.32,504,78.691
664.11,-338.71,555,86.06
656.72,-347.46,577,90.426
648.06,-367.24,559,85.878
646.33,-368.64,561,83.769
649.31,-364.42,566,84.447
644.4,-361.86,604,89.566
632.3,-345.87,631,93.122
615.37,-336.23,625,91.65
620.31,-338.14,623,90.079
619.63,-319.19,621,89.335
615.83,-307.93,630,92.197
618.14,-309.16,616,87.813
623.43,-314.86,624,90.31
630.28,-319.23,627,90.03
631.5,-320.59,608,86.904
629.23,-320.29,584,85.77
627.26,-318.96,574,83.058
610.39,-317.71,583,87.11
610.7,-338.51,608,92.246
608.47,-354.71,591,84.662
614.27,-353.63,643,97.092
625.39,-348.9,603,87.54
646.11,-342.96,597,89.351
653.29,-361.18,600,87.408
651.1,-371.73,561,83.827
639.74,-358.8,601,88.607
633.27,-338.25,598,88.028
628.68,-355.43,597,87.73
645.16,-359.32,621,94.066
655.51,-365.68,564,86.25
642.81,-357.69,592,88.326
628.9,-358.55,570,84.455
615.83,-354.94,624,93.379
598.52,-360.97,600,89.227
599.29,-359.48,635,98.357
603.76,-335.02,613,87.59
602.53,-329.04,602,91.064
619.97,-319.61,611,92.386
638.12,-312.01,592,87.441
651.85,-313.34,602,87.168
665.19,-317.32,595,93.007
676.08,-318.61,559,88.326
686.47,-316.52,526,86.06
697.71,-314.33,431,80.577
702.35,-318.25,258,64.59
703.74,-316.35,216,54.054
703.74,-316.35,216,54.054
