0,-0,121,39.027
1.0453,-1.0331,119,36.463
1.2898,-1.2329,125,41.566
2.5971,0.51044,127,40.946
2.548,2.057,128,38.804
3.247,1.5887,119,37.555
2.8058,1.5982,118,37.365
4.2899,3.6298,126,40.375
2.028,4.2836,144,41.682
2.6018,4.6619,152,44.039
2.8666,4.8968,148,45.28
3.1545,4.9777,152,45.792
3.6065,4.3592,143,48.43
4.4409,3.2684,148,45.718
3.8462,3.5456,161,48.819
3.4495,3.6895,174,49.183
2.2277,3.7263,192,50.241
1.6295,3.6353,207,53.334
1.4099,3.3444,221,58.462
1.1868,3.4931,227,61.547
0.7314,3.7438,242,60.554
0.8569,3.8933,225,63.896
0.38067,3.4314,227,60.116
0.48682,3.1607,232,61.332
0.88405,2.7972,230,61.547
1.6204,2.4797,232,61.613
2.6449,3.1754,230,57.461
3.2045,3.8191,227,55.551
3.4793,4.5826,242,56.188
4.003,4.5029,251,56.56
4.1099,4.6547,245,55.063
4.1803,4.5799,239,59.099
4.2172,4.5808,237,57.329
4.5312,4.344,244,61.158
4.3346,4.3517,243,60.621
4.3298,4.5831,250,63.879
4.2853,5.2293,244,62.837
4.4481,5.0758,253,66.733
4.2399,5.2118,243,68.974
4.1359,5.9112,259,59.099
4.1151,6.1363,236,68.213
4.323,5.9303,233,68.213
4.9466,5.4547,245,70.372
5.5161,5.3163,252,75.317
5.7235,5.0092,249,84.472
6.4845,6.1175,263,70.818
6.2633,6.5213,259,69.801
6.0424,6.265,262,77.393
5.4267,5.8191,273,75.168
4.1662,5.5277,265,71.307
3.8414,5.9767,267,70.463
2.3813,5.6577,225,69.222
2.2395,5.4098,196,70.736
2.1408,5.3061,200,71.488
2.1736,5.4998,174,85.937
2.2235,5.4964,158,96.44
1.9664,5.0771,165,90.427
2.4833,6.0746,169,88.294
0.62617,2.8012,103,55.667
0.2247,3.7323,111,68.139
4.1659,6.2024,536,83.198
3.9512,6.5296,564,88.88
4.0642,6.6104,567,90.592
4.439,6.4192,578,86.275
4.7368,6.3418,580,87.772
4.3669,6.6508,573,90.427
3.5874,6.5631,554,89.757
3.9929,6.7523,537,83.918
3.8698,6.5212,539,83.364
3.4486,6.2387,525,81.685
3.1803,6.2809,510,81.23
3.4201,6.599,516,80.179
3.3579,6.6989,518,84.29
2.9925,6.5461,533,83.091
3.384,7.0703,524,85.175
3.7976,7.258,549,88.359
4.2893,6.3669,547,87.003
3.6944,5.1873,525,81.015
3.0543,4.5641,505,80.751
2.6322,4.2934,484,79.766
2.8716,4.2838,486,79.41
3.1624,4.7717,509,86.375
3.359,5.8494,526,82.776
3.8998,5.931,537,85.654
3.4099,6.0402,557,88.252
3.409,5.8787,552,89.203
3.429,6.4323,568,87.755
3.5709,6.4763,577,94.62
3.67,6.5295,582,89.294
3.5816,6.7556,580,100.45
3.5683,6.7699,579,88.616
3.5744,6.7413,592,92.726
3.5461,6.6437,591,89.318
3.8183,6.5545,599,91.138
4.0177,6.63,604,90.683
4.3806,6.4044,615,94.628
4.4993,6.2656,589,98.003
4.4865,6.2718,592,92.618
4.1712,5.7334,587,94.206
3.9147,5.5496,560,92.098
4.2444,5.527,554,85.117
3.5937,6.1674,573,85.605
4.119,5.9497,562,86.093
4.1109,6.1514,585,87.044
4.4608,5.9275,574,87.673
3.9945,6.2724,604,87.557
4.3205,5.8828,612,95.745
4.3008,5.8465,602,88.781
4.627,6.5971,635,92.271
4.7222,7.0547,634,91.229
4.5779,7.2762,621,91.055
4.1294,7.2963,618,99.391
4.1702,6.8109,612,91.585
3.965,6.9832,578,94.686
3.7979,6.4133,571,87.06
3.4245,6.2442,573,87.193
3.4978,6.2479,578,92.18
3.2954,6.3255,577,95.927
3.5142,6.2924,571,104.56
3.3235,6.3403,566,102.58
3.3751,6.2153,563,102.86
3.0724,6.1641,557,117.75
2.973,5.5501,595,107.37
2.8073,5.0999,652,107.17
3.1733,4.8687,664,101.74
2.9541,5.1484,691,99.772
3.3118,6.1836,668,97.969
2.8997,6.4885,687,99.665
3.1493,7.1435,690,97.44
2.8468,7.5516,671,96.29
2.74,7.6874,661,94.876
3.4094,7.6167,666,94.206
3.9105,7.0758,635,92.899
4.1255,6.8787,660,95.182
3.7821,6.8607,634,90.782
3.96,7.063,642,91.783
3.4866,8.0486,658,94.893
3.9039,8.3392,652,91.874
3.7525,8.549,629,92.354
3.6888,8.4874,611,88.698
4.4045,7.9225,638,92.569
5.099,6.9872,653,92.544
4.747,6.1745,698,98.432
3.9861,5.8273,685,100.96
3.5613,6.0089,634,89.699
3.2965,5.0936,649,97.225
3.474,5.7016,642,94.024
3.3148,6.0759,668,95.182
3.2776,7.1209,674,96.175
3.2658,8.2829,675,102.76
3.786,8.4188,708,105.77
4.0561,7.2793,709,98.523
3.5266,6.9872,711,100.43
3.4568,6.7204,722,95.802
3.0538,6.8586,738,103.1
1.9885,7.3345,725,101.9
2.2436,7.2045,724,100.3
2.7208,8.1269,706,97.878
3.2659,7.5013,728,96.786
2.9473,6.8722,728,100.97
2.6567,6.2339,721,100.88
1.9798,6.182,730,99.73
0.8978,6.9347,701,101.91
1.0037,7.6966,705,103.17
0.82011,9.0241,698,99.921
1.2383,9.3979,711,103.3
2.0213,9.2307,724,103.99
1.6786,8.2705,743,105.91
1.1793,7.8596,767,108.48
0.5071,7.8132,760,107.91
-0.26911,8.2093,741,103.77
-0.66305,9.0375,738,108.12
-0.94869,9.4312,727,112.67
-0.42665,8.9197,740,105.49
-0.54592,9.1929,762,114.71
-0.23942,9.1377,741,105.49
-0.32389,9.193,748,106.18
0.29786,9.2399,757,104.65
0.053411,7.7384,737,107.88
-0.46159,8.185,748,106.31
0.45718,8.9825,786,109.41
0.2077,8.2893,836,116.15
-0.26061,8.7366,851,118.79
-0.52372,8.8048,827,141.84
-0.39189,9.2055,817,128.34
-0.79793,9.3814,781,132.02
-0.46957,9.3722,779,148.43
0.21386,9.163,805,138.29
1.0252,9.1358,841,142.55
1.0474,9.2163,836,135.99
1.1322,8.8855,847,132.88
1.7476,9.2082,833,137.18
1.9955,8.888,825,145.52
2.5399,8.5969,803,148.03
2.912,8.4348,772,137.91
2.9019,7.658,765,125.87
3.3233,7.8686,742,127.78
3.545,8.3292,740,124.14
3.0402,7.6906,738,130.77
3.0058,7.3079,760,108.38
2.1481,7.546,761,132.38
1.9567,7.545,785,107.43
1.9208,7.6839,813,106.17
2.3949,8.0071,819,109.8
2.0099,8.7695,801,108.46
1.2412,9.6757,821,124.33
0.10015,9.0084,817,114.86
0.053978,9.1253,830,111.23
0.45243,9.6165,791,110.51
-0.50392,9.7571,804,111.71
-0.092174,9.966,784,102.85
-1.0917,10.412,780,103.98
-0.29032,10.718,770,102.68
0.079687,10.968,774,106.41
0.59773,10.944,757,104.61
1.1888,10.44,761,100.87
2.2217,10.662,749,104.28
2.9406,10.14,764,103.05
3.726,9.7251,752,102.29
3.7668,9.7447,731,102.28
3.9185,9.1218,710,99.111
4.2269,8.6373,710,99.202
4.3952,8.1638,716,107.4
4.6467,7.5044,751,112.58
4.4441,7.939,716,105.3
3.5463,7.4933,765,110.72
3.2971,7.6656,807,109.48
2.1794,8.7884,791,110.14
0.64842,9.8848,788,106.88
-0.069869,10.97,764,107.08
0.73166,10.723,742,103.98
1.335,9.4947,720,121.89
0.95968,8.9649,731,104.64
0.35564,8.595,702,103.68
0.51365,8.7239,712,103.86
0.91737,9.2705,708,99.64
1.0683,9.1578,699,99.441
1.3454,8.5871,681,97.001
1.2427,8.9681,682,98.407
0.95099,9.0734,699,104.23
0.95198,8.7956,684,99.714
0.96536,8.6952,705,97.754
0.60169,8.0457,757,106.19
-0.090789,9.2234,759,109.66
1.267,10.827,748,104.44
3.1398,10.76,759,107.21
4.3194,9.7411,737,102.23
5.087,8.4214,704,103.41
4.6127,7.2739,720,104.25
3.2945,7.4711,706,107.55
1.3314,8.1841,704,117.73
0.47848,9.708,747,111.44
0.025573,11.337,753,111.92
0.75923,12.297,741,106.43
1.9332,12.305,722,103.94
2.6488,11.004,720,102.38
3.6409,9.5655,731,105.88
2.4299,9.0381,709,100.14
0.92938,8.4514,712,104.22
-1.1312,8.9026,730,109.96
-2.3381,9.9825,702,98.829
-2.8903,11.123,719,100.52
-3.1622,12.232,733,105.03
-2.3459,13.606,712,98.713
-1.7893,13.981,747,103.05
0.29163,13.61,777,108.19
2.179,13.364,773,107.73
3.608,11.153,771,106.94
3.9213,9.6219,749,101.99
3.3332,7.6521,729,99.218
1.4544,7.0308,720,104.45
-0.25908,7.7954,740,115.07
-2.3177,9.9814,725,108.84
-3.5788,12.093,719,109.1
-3.0793,13.575,683,98.011
-1.5328,13.188,700,114.9
-0.93812,12.217,779,106.97
-0.97682,11.952,828,117.42
-0.76369,13.023,806,148.85
-0.201,13.269,811,141.33
0.067748,13.406,815,138.38
0.41871,12.668,859,145.87
0.5113,12.277,871,129.76
0.29991,11.958,851,159.28
-0.10417,12.022,844,135.72
0.8599,11.696,850,154.75
1.5412,12.406,820,153.2
0.90913,11.62,837,145.4
1.7321,11.748,828,133.51
2.4954,11.464,828,145.03
3.0012,11.234,834,130.99
3.4727,10.941,803,126.22
3.0405,9.718,818,116.3
2.6827,8.8908,772,109.88
2.1725,8.0888,743,112.24
2.3002,7.9517,722,112.15
2.1475,7.935,720,117.61
2.0479,8.4834,733,105.68
2.2546,8.8848,742,114.34
2.1633,9.0101,744,105.49
1.6492,9.4186,763,110.65
1.3494,10.414,803,109.71
0.51016,11.278,822,116.29
0.60652,11.629,818,106.71
1.2595,12.005,821,112.62
1.8498,11.28,807,116.98
1.8365,9.9453,814,114.57
1.2503,8.5619,793,107.66
0.7311,8.1964,790,110.64
0.091132,8.2127,778,113.87
-0.51898,9.5633,759,104.91
-1.4876,10.384,755,107.05
-1.1798,11.413,764,106.88
-0.025794,11.626,760,103.17
1.6634,10.309,769,101.89
3.1098,9.5859,740,104.61
3.7738,8.3459,735,109.85
3.1499,6.8881,693,100.6
1.7439,7.0375,662,95.992
0.17352,7.1658,688,102.22
-1.1541,7.7799,735,108.84
-1.9989,8.9776,768,113.26
-2.1025,10.465,769,106.04
-0.71944,12.039,793,108.85
1.3758,12.144,785,105.97
3.246,10.917,770,102.07
4.7532,8.9738,742,100.04
5.9412,7.0711,735,103.7
4.7883,5.8904,713,101.52
2.7594,5.2528,701,99.722
0.82507,5.4036,726,105.07
-1.6059,6.7018,702,105.11
-3.6198,7.9922,685,104.5
-4.4828,10.194,686,99.011
-4.0628,10.991,700,98.432
-2.36,11.294,718,102.59
-1.7771,11.55,760,105.31
-0.40159,11.413,786,109.7
-0.038164,10.797,785,111.42
0.91976,11.651,816,109.8
0.72568,11.131,774,104.16
1.3316,11.232,775,104.55
1.1332,11.061,782,110.38
2.0249,10.175,776,105.67
2.6237,10.185,755,108.21
3.1063,10.12,752,101.52
2.5725,9.5617,750,100.87
2.4711,8.6646,744,108.73
1.6791,8.0228,734,109.6
1.4319,7.6543,753,108.28
1.0704,8.1546,752,106.69
-0.0013117,8.1059,775,109.75
-1.2455,8.2829,760,108.47
-1.4469,8.9616,736,105.86
-0.5722,8.8069,795,114.39
-0.64232,8.8496,790,108.84
-1.2435,10.073,812,113.51
-1.1993,10.379,790,106.51
-0.22594,11.335,788,113.07
-1.1795,12.341,818,108.53
-0.79409,11.913,781,106.81
-1.3622,12.635,774,107.98
-1.9808,12.295,785,109.65
-1.4513,13.564,811,107.84
-0.89044,13.915,795,108.31
0.63411,14.375,798,105.66
0.87941,13.635,781,127.01
2.3306,12.008,805,115.91
3.1968,11.849,789,115.08
0.71295,12.143,754,106.33
-0.13308,11.963,777,120.66
0.18277,11.093,756,113.45
0.70015,10.128,781,111.08
1.6752,9.3029,785,114.65
1.497,8.0874,774,107.85
0.72125,9.2456,763,105.44
-0.63039,10.576,752,103.13
-1.494,11.31,759,102.72
-1.9192,11.742,769,106.41
-1.6032,10.784,758,102.92
-1.1082,10.749,773,106.83
-0.30533,11.263,792,107.92
-0.24244,11.109,788,103.53
-0.12095,11.558,778,102.56
-0.78305,12.014,788,108.76
-0.10484,11.68,772,102.84
0.026865,10.624,778,107.24
1.5736,9.2149,773,110.65
1.6204,9.9567,766,106.5
0.19712,11.481,727,100
-0.81853,10.594,732,101.06
0.26318,10.259,751,102.4
0.58009,10.002,751,100.19
0.57623,8.8603,758,104.34
0.87971,9.1928,744,101.49
0.41234,9.7552,732,102.31
-0.63113,9.3972,745,111.28
-0.11598,10.164,735,103.36
0.5303,11.171,726,99.962
0.33267,11.843,744,113.81
-0.43982,11.413,739,107.29
-1.2281,10.732,708,102.56
-0.68149,9.7766,707,104.76
0.30297,11.136,710,102.38
-0.63015,12.023,718,110.15
-0.72656,12.886,742,100.76
0.21048,12.232,766,109.9
1.9375,12.347,763,102.67
0.8889,11.838,758,106.41
0.91407,10.684,748,99.755
1.5875,9.9103,781,111.26
0.71476,9.3313,780,110.81
1.7965,9.0795,756,103.2
2.5942,8.2641,749,109.96
2.0128,8.166,744,109.01
0.060148,8.0536,745,103.43
-0.037418,7.9717,743,109.42
0.3265,8.6907,724,99.665
0.33961,9.3736,739,110.17
-0.059704,10.273,736,104.45
0.4004,10.956,761,102.57
0.33281,10.843,740,103.37
-0.86697,10.847,712,98.06
-0.63474,11.596,723,98.3
-0.77177,11.732,735,106.98
0.016712,11.591,723,102.38
0.91843,11.483,759,115.15
1.2939,11.494,757,109.11
1.5521,11.69,743,111.67
2.0134,11.49,725,101.37
1.705,11.415,729,105.79
1.0684,10.925,716,99.929
0.95942,10.04,742,105.1
1.1211,8.9485,731,108.26
1.3635,9.0098,711,100.37
1.9729,8.7636,694,100.42
1.7883,8.875,713,100.14
-0.088154,8.6067,693,98.349
-0.79984,9.0884,729,109.78
-1.2206,10.048,739,109.88
-0.72899,10.397,719,99.235
0.021232,10.589,738,106.8
0.064118,10.506,720,99.11
0.63291,11.265,752,104.45
0.63515,13.113,756,103.36
-1.8221,12.229,727,101.53
-1.7149,10.859,725,108.28
-0.22707,10.594,700,96.348
1.0143,11.05,717,100.49
1.4041,11.481,732,99.491
2.4517,11.324,747,102.19
2.5619,11.121,734,102.56
1.0045,11.471,707,102.58
0.63011,10.002,703,95.62
0.85502,9.4974,721,99.838
0.62796,9.425,717,107.8
-0.37724,9.2244,754,106.23
-0.33835,9.9083,725,108.07
-0.10598,9.5803,714,98.474
0.1837,9.6659,729,100.78
0.11716,10.585,721,103.2
-0.42455,11.45,712,99.797
-1.9453,10.969,717,105.67
-1.7218,9.7856,725,101.53
-0.0050062,9.9387,695,104.1
-0.20937,10.435,726,99.193
-0.57803,12.482,723,97.018
-1.6744,12.623,705,103.11
-0.42633,11.794,713,101.94
-1.0832,11.177,707,103.16
-2.0833,11.019,717,114.39
-2.8651,10.889,667,105.15
-3.1867,10.844,668,110.75
-3.5569,11.035,670,115.23
-4.3599,10.998,661,104.75
-5.4365,10.413,652,119.11
-6.1844,9.2532,661,117.02
-7.1215,8.5584,653,109.47
-7.2059,8.3358,643,110.89
-7.1871,8.5624,635,111.04
-6.9893,9.2183,637,114.1
-6.4138,9.9539,642,113.14
-5.9613,10.824,644,109.13
-5.3703,11.614,636,107.23
-4.4454,11.523,651,106.8
-3.5597,11.195,669,109.82
-3.3992,11.442,678,115.13
-3.6727,11.176,698,107.18
-3.0576,10.846,710,106.88
-1.6871,10.87,705,112.21
-0.32167,10.716,714,108.52
0.81651,10.946,699,107.55
0.27539,11.655,691,99.019
-0.38753,10.682,688,99.582
0.61348,9.6525,689,100.99
1.2095,9.6593,696,98.912
1.154,9.2492,685,97.548
0.27793,9.4623,682,99.574
-0.25196,9.0401,710,98.159
-0.68875,8.8071,732,104.89
-1.1452,8.8321,745,109.78
-0.63555,9.6377,750,102.17
-1.416,9.7287,726,100.2
-1.8653,9.8632,760,113.42
-1.3977,10.648,779,116.82
-1.2252,11.341,791,116.89
-2.3899,10.633,746,110.99
-3.5127,10.112,716,105.21
-2.5382,9.9817,750,112.41
-1.8802,8.7686,699,100.62
-0.76184,9.6653,695,101.52
-0.39209,10.924,705,96.307
-1.7275,11.866,720,100.72
-2.7215,12.375,769,106.5
-2.652,11.594,734,101.89
-1.3841,11.82,719,97.993
0.10249,12.321,728,104.15
0.52432,11.925,723,102
1.1831,11.454,709,104.48
1.185,11.089,704,97.605
0.98043,10.306,710,100.88
0.52878,10.219,722,99.391
0.060293,9.7221,721,100.87
-0.28619,9.8722,723,99.466
-1.4079,10.993,723,101.93
-2.7344,11.044,747,109.5
-2.6414,10.493,738,109.94
-1.3978,9.424,722,111.6
-0.3872,9.5456,684,96.051
0.1843,9.5659,675,96.208
0.37814,9.2916,691,96.745
0.15608,8.9682,688,99.946
0.57331,9.5083,699,109.25
0.73187,10.432,690,97.787
1.3483,10.904,682,95.381
1.8629,10.289,691,101.91
-0.12401,10.166,698,103.2
-1.5332,8.8892,708,107.79
-2.2509,10.268,661,99.094
-2.4603,10.872,654,94.587
-3.3554,11.293,673,101.61
-2.7438,10.438,665,103.18
-0.90411,9.3676,667,101.13
0.36513,8.0927,674,100.79
1.5928,6.9092,655,97.357
3.5957,6.4739,707,102.96
2.9493,6.3958,704,100.92
1.0919,7.8858,692,100.33
-0.929,9.5131,690,102.41
-1.3501,11.472,709,101.83
-0.15051,12.636,675,100.21
1.5845,12.862,671,95.662
2.8515,12.285,667,103.11
3.5554,12.343,669,97.688
2.8006,12.507,669,111.3
0.66016,12.27,697,109.36
-1.293,12.08,678,99.855
-2.373,11.692,685,98.705
-2.8978,11.067,673,100.29
-2.7583,10.028,702,105.39
-1.7163,9.9784,678,102.27
0.33971,10.259,678,102.37
3.1688,10.463,701,100.44
4.3159,10.109,691,101.44
4.5774,8.5097,648,101.04
4.386,7.0261,636,97.514
3.2184,6.0829,675,114.81
2.3701,5.6962,715,114.2
0.63062,7.8899,745,110.66
-2.595,8.3705,756,110.84
-2.4787,8.1091,710,101.71
-2.2354,9.1549,680,97.597
-2.28,9.1768,734,109.01
-3.3215,10.36,762,110.19
-3.9604,10.798,770,110.15
-2.8223,11.541,718,100.38
-2.9396,11.207,754,107.85
-2.3271,11.147,749,103.33
-1.9706,11.566,749,109.84
-0.53548,11.349,756,100.79
1.7846,11.178,731,103.83
2.4975,10.813,725,98.267
2.8444,10.169,739,101.5
2.6633,8.4308,744,102.25
3.5125,7.8832,740,104.82
1.3235,8.3798,734,99.673
-1.0275,6.8179,741,107.99
-1.2692,6.5693,753,113.78
-2.3183,8.1706,689,99.747
-2.4414,8.3016,720,105.4
-1.56,8.4766,730,114.27
-1.7105,10.5,738,101.71
-3.242,12.082,732,101.14
-5.6515,11.326,703,100.62
-3.9511,9.9718,693,105.68
-0.77826,11.538,702,106.35
1.1598,11.003,726,100.23
0.45199,11.288,725,101.61
-0.63746,12.344,740,105.79
-1.2215,11.779,734,107.62
-0.2242,10.117,717,105.42
1.5347,9.625,747,113.93
3.5144,10.195,767,110.19
2.2827,10.529,694,97.853
-0.17596,8.6256,712,101.15
-1.4075,7.7391,750,115.55
-0.80874,7.7448,716,103.04
0.11774,7.6139,686,101.9
-0.86955,7.113,673,105.71
-1.4627,8.7118,648,91.551
-2.236,10.586,670,99.525
-3.4622,11.337,694,98.895
-5.1677,10.422,697,103.05
-3.7246,10.357,725,133.8
-1.5905,10.716,762,118.18
0.36555,9.0607,753,102.07
1.5452,7.2383,756,111.13
1.2978,7.0634,753,104.44
0.032424,9.7528,717,102.31
-2.4221,11.771,713,105.29
-3.4992,12.65,728,107.36
-1.672,11.937,719,107.3
1.3637,11.693,742,107.08
2.6669,10.44,767,107.17
2.2515,10.677,719,102.99
-0.25785,10.383,715,100.56
-1.4708,8.6568,716,110.8
-0.88763,7.5657,729,111.47
0.52956,8.6221,715,112.45
0.478,8.6867,691,102.84
0.037527,7.9121,712,107.72
-1.0402,7.7616,740,110.07
-3.2629,9.1758,735,115.1
-4.6738,9.4602,733,114.48
-4.785,8.6898,672,97.87
-3.535,7.9273,697,114.86
-0.49062,8.7914,668,101.15
1.069,10.067,680,101.25
1.6313,9.586,722,109.38
0.33217,8.9315,758,110.98
-0.8339,9.8444,766,110.77
0.34706,10.723,751,110.18
2.1505,12.494,747,100.57
2.9534,14.264,752,107.83
3.2158,14.028,756,111.4
3.0748,12.063,736,104.28
2.8874,10.559,741,102.1
3.0883,9.2337,754,110.32
3.685,8.6073,749,106.92
3.6202,8.4549,741,104.27
2.244,8.6982,744,112.51
0.24799,8.6727,744,108.15
-0.0079135,9.2656,730,108.81
-0.53639,10.64,754,108.46
-2.1082,10.364,703,103.25
-2.0402,9.254,714,112.69
-0.48184,7.8213,711,100.24
1.1509,8.4393,723,100.31
1.4234,8.6008,748,112.76
1.7662,9.6254,732,108.21
2.8574,10.194,736,105.78
2.3058,10.419,726,98.093
1.1194,10.315,719,99.003
1.3372,9.3589,731,105
0.91755,8.3495,765,114.83
2.7094,7.1757,721,103.87
3.9657,7.1757,738,108.56
2.4499,8.7103,673,95.637
1.7241,8.643,698,105.12
0.59231,8.325,705,105.64
0.17366,9.1317,719,106.81
-0.67372,10.427,732,112.38
-1.6351,9.8147,710,103.29
-1.3917,9.6854,714,101.46
-1.3117,8.9768,698,98.912
0.14507,8.8163,672,97.001
1.0182,8.5699,678,96.125
0.65921,8.1587,730,110.1
1.6889,8.9534,736,110.92
3.1772,10.295,739,105.85
3.5898,11.028,690,98.035
2.5971,8.8825,666,92.618
3.4985,6.7882,659,94.181
4.5151,6.2095,669,96.513
4.9499,5.9507,711,102.3
4.247,5.7387,680,98.821
2.4708,6.4306,691,100.47
1.2696,6.5711,690,98.597
0.59769,7.4754,692,97.117
0.083718,8.7672,716,97.746
0.4835,11.121,754,108.74
1.2495,13.094,764,107.03
1.2864,13.095,773,110.66
1.1076,12.896,757,113.72
0.36668,13.606,739,116.86
-0.37182,13.104,701,106.8
-0.41673,12.572,764,120.29
0.19512,10.189,741,112.87
2.2893,9.567,730,104.54
4.5259,9.2603,745,106.62
4.3003,10.448,732,106.26
2.9449,11.797,737,104.31
1.0049,10.341,698,100.33
1.0761,7.802,701,102.62
3.535,6.6342,711,105.85
4.1974,8.327,701,102.78
2.1303,9.3088,678,97.911
0.16766,8.9099,695,100.95
-1.5338,8.3985,717,105.97
-1.7784,7.9834,689,106.11
-2.2706,7.51,720,110.46
-2.5724,8.0098,698,104.74
-0.2844,7.7986,693,108.03
0.42377,9.002,695,101.35
-1.434,10.487,711,102.5
-3.4574,11.623,739,106.3
-3.9611,10.835,742,112.81
-3.201,9.3366,736,117.23
-0.47815,9.4032,722,110.8
0.89765,9.3757,713,99.813
0.6457,11.983,709,111.28
0.54711,13.655,692,98.341
1.6089,13.934,706,105.33
2.7811,12.411,728,108.54
3.9181,11.096,712,103.23
4.0968,9.9514,737,104.34
2.968,8.6541,743,103.48
1.9258,7.632,758,113.54
1.683,7.4941,737,106.58
2.2625,9.2479,717,102.79
0.95063,10.089,718,102.07
-1.9704,9.4144,706,103.52
-3.7146,9.716,735,114.75
-2.9128,9.6305,709,109.95
-2.4122,8.67,734,110.27
-0.84279,9.3696,700,103.24
-0.81095,11.842,711,103.85
-1.6847,13.712,739,103.45
-3.0298,14.331,733,103.15
-3.0918,13.404,732,104.75
-2.0459,12.208,745,110.42
-0.66234,12.085,753,109.29
1.0948,11.546,730,110.8
2.2142,10.544,753,115.63
2.9063,10.074,731,112.02
3.1478,10.021,728,103.69
3.4903,10.403,737,109.29
2.8669,10.81,720,98.333
0.48075,10.12,703,94.322
-0.63402,9.5066,731,108.08
-0.52475,9.1209,714,103.68
-0.1126,9.5506,729,103.78
-0.53261,9.8412,724,104.66
-1.567,11.077,723,108.19
-3.3457,12.069,746,111.01
-4.4841,11.627,733,110.55
-4.0635,12.1,742,110.54
-2.9142,12.846,741,104.98
-2.8682,12.945,753,107.7
-2.812,12.854,747,103.39
-2.1553,12.719,759,105.81
-1.6955,12.272,752,106.6
-1.6304,11.46,752,115.47
-1.4418,10.704,729,109.11
-0.32684,10.139,705,109.75
0.014293,9.5464,717,108.7
-0.056453,10.453,715,106.02
-0.5655,10.228,707,108.3
-0.63101,9.9584,712,106.92
-1.1444,9.5209,702,110.07
-1.2339,9.9184,693,103.15
-1.7975,10.322,649,106.79
-1.9532,11.296,668,99.979
-1.9835,10.817,674,98.44
-2.7234,11.236,720,105.1
-2.6697,11.288,776,115.13
-2.8288,11.3,795,132.02
-2.4932,10.986,806,162.83
-2.2164,10.784,833,143.73
-2.2815,10.185,836,137.91
-2.316,10.384,862,140.58
-1.9231,9.9485,865,153.78
-1.7376,9.0591,852,138.36
-1.7182,8.5466,834,146
-1.3759,8.5744,823,139.47
-1.1881,7.7205,818,133.29
-1.3317,7.9187,811,130.41
-1.5876,9.0483,816,135.31
-1.8634,9.5645,792,122.01
-1.5403,10.097,773,121.32
-1.0723,10.101,759,111.47
0.10073,9.9038,751,105.28
0.71225,9.8049,743,116.43
0.57333,10.804,755,104.89
0.21711,11.562,733,105.5
-1.3604,11.196,737,104.4
-2.1437,10.901,732,104.63
-1.8728,10.699,728,108.03
-1.1001,11.196,712,100.87
-0.57438,11.215,726,100.44
-0.38028,10.621,739,105.6
-0.27134,9.6493,752,110.23
-0.20418,9.3728,753,104.4
0.47485,9.9966,763,108.12
0.56942,10.181,770,110.36
-0.69033,10.18,772,109.4
-1.057,9.5699,769,107.18
0.0071185,8.6924,750,107.53
0.46066,8.5325,749,109.4
0.52387,9.2769,752,104.25
-0.89747,9.5686,738,102.51
-1.5235,8.6644,750,108.41
-1.7381,9.0464,730,102.39
-2.0567,10.002,731,103.7
-1.4612,9.6554,738,105.12
-0.7463,9.445,768,112.72
-1.6006,10.955,737,104.15
-3.4244,10.528,719,106.27
-3.2512,9.4837,711,105.1
-2.356,10.014,751,114.69
-2.1292,10.633,754,110.51
-2.9483,10.766,732,104.73
-2.3775,11.252,704,106.97
-2.0199,12.389,780,109.91
-2.2131,12.597,769,107.08
-1.496,12.442,782,114.15
-0.083825,12.375,770,119.75
0.18485,10.433,769,111.3
0.9491,10.006,785,116.56
1.0926,10.114,760,103.89
0.49058,10.122,763,108.65
-0.95357,10.276,748,110.04
-1.0453,8.929,749,113.53
0.56785,7.198,725,102.68
1.8849,8.3071,689,100.66
0.34834,9.5942,658,96.679
-1.4589,9.0751,697,101.43
-1.1578,9.0729,673,100.02
-0.39007,9.2407,651,95.265
0.86483,8.8463,669,102.08
1.1835,8.8923,679,111.19
0.45092,9.6685,689,106.41
0.13373,10.5,680,101.71
-0.56542,10.28,691,105.5
-1.2971,10.938,690,98.705
-1.0366,11.072,666,95.77
-0.95825,10.893,659,102.6
-0.91142,9.5892,686,102
-1.0325,8.2945,674,99.59
-0.70019,7.2472,670,98.011
-0.89942,7.7666,653,98.11
-0.85458,8.5861,661,97.34
-0.34848,8.268,645,100.25
-0.31996,8.3483,668,94.893
0.21903,8.2915,657,98.482
1.6743,8.6344,692,101.95
3.3114,10.124,717,104.71
4.2059,9.8249,701,108.77
4.3539,8.8762,706,114.08
4.1117,7.9026,716,109.33
3.421,7.3868,712,111.09
1.7162,8.5014,692,102.34
-0.079739,9.9526,677,96.836
-0.39826,11.571,642,101.93
0.21181,12.992,681,104.55
0.036385,12.669,683,104.64
1.5936,10.907,695,111.44
3.1875,10.763,710,108.78
3.8093,10.142,709,107.42
2.7004,10.383,702,106.29
1.7226,9.6375,715,113.61
2.1384,9.3462,729,106.65
2.2916,9.5927,707,102.9
1.3742,9.6763,731,119.26
1.9528,7.8462,765,130.43
2.5353,8.2321,745,116.9
1.1363,7.9781,714,104.43
0.38408,7.0782,728,118.27
0.88657,7.2928,718,111.65
0.70662,8.5214,716,109.35
0.30007,8.7111,700,110.23
0.24968,8.7362,713,118.16
1.5789,8.6876,725,115.75
2.7456,8.6467,689,100.33
4.0506,8.5979,670,110.92
4.7388,9.3471,702,108.93
4.5737,8.2307,724,113.49
3.197,7.6081,708,112.15
2.1791,7.589,687,102.44
1.4373,8.6131,669,102.93
0.62747,8.9936,687,107.96
-0.068484,9.1538,684,102.35
-0.61381,9.1582,684,101.81
-0.95209,8.5241,698,101.43
-0.80468,8.3824,688,109.51
-1.7173,8.1704,735,118.1
-1.4316,9.0251,731,110.06
-0.40272,9.7096,717,113.33
1.3016,10.297,714,116.06
1.5466,10.342,706,106.6
2.2455,8.3402,680,103.78
3.088,6.4459,675,103.69
3.0444,6.7492,658,98.267
3.7107,7.4833,652,103.87
4.5183,9.292,687,103.3
4.9637,10.347,687,108.83
4.4912,9.4755,685,108.49
4.035,7.8942,650,96.398
3.3088,6.8252,672,100.76
2.1752,7.3539,674,106.46
0.58479,8.8485,681,101.64
-1.5082,10.648,672,96.455
-2.0933,12.293,669,99.747
-2.2811,14.245,685,106.25
-0.1679,15.47,703,104
1.8501,15.024,711,106.41
3.7573,12.941,722,113.62
5.7864,10.639,695,102.75
5.942,8.1591,657,100.01
4.9921,6.6093,644,102.23
3.0649,5.8086,631,97.671
1.398,5.2361,651,99.284
-0.36038,6.8686,659,103.62
-2.2826,9.2043,656,98.358
-3.4259,11.133,641,97.613
-2.4101,11.656,644,96.025
0.68499,10.391,625,97.737
2.3025,8.7612,617,94.967
2.8017,7.2562,605,95.066
2.7922,5.9959,625,91.576
2.2494,6.8367,692,103.96
1.2074,7.0476,732,128.07
1.5188,6.33,723,152.45
1.0836,6.3221,765,158.04
0.4518,6.5864,815,149.4
1.1205,7.2605,831,185.09
1.5091,7.7187,836,167.64
1.7993,8.4155,845,164.64
2.3371,8.6071,831,155.7
2.4427,8.4051,818,156.17
1.5546,8.7186,816,160.07
1.235,9.1705,805,163.5
0.23622,9.486,805,136.01
-0.038999,8.9291,786,133.94
-0.47831,8.6579,792,124.83
-1.2387,8.1058,742,113.84
-1.6096,7.8357,768,127.02
-0.54533,7.84,759,122.33
0.93885,7.5423,744,107.58
1.6728,7.8135,733,112.82
1.9514,6.7925,728,103.88
1.5094,6.916,717,99.417
0.55104,7.2583,738,115.96
0.27116,7.0197,751,111.44
0.17337,7.3028,725,112.32
1.1209,7.6465,741,103.22
1.6485,8.0409,709,103.04
1.7916,8.3134,704,112.04
2.3566,8.0906,728,118.22
1.7488,7.4584,711,101.72
2.4998,7.7872,696,107.25
2.5638,7.9274,721,111.67
2.3915,8.1011,700,138.36
2.4963,8.3063,698,144.59
3.0998,8.8275,665,137.07
2.399,9.7724,697,119.46
2.1646,10.38,765,179.65
2.4416,10.67,788,155.89
2.6088,11.153,825,169.69
2.6411,11.386,832,165.46
2.6889,11.541,843,159.04
5.3878,11.258,719,151.64
3.24,10.855,836,226.63
2.1785,10.799,817,159.05
0.91133,10.39,829,134.7
1.5032,9.5153,836,145.91
2.2415,10.524,809,133.02
2.4356,10.92,786,111.49
2.2138,11.191,772,108.12
1.76,11.336,786,105.6
1.4415,11.682,781,109.71
1.2861,11.672,761,114.67
0.29682,11.421,781,110.44
-0.52879,11.238,804,111.62
-1.0913,10.956,816,116.29
-0.86485,10.709,797,114.01
0.067518,10.264,831,114.55
0.9532,8.9572,831,112.98
0.6775,8.0455,799,110.74
-0.40314,7.1063,773,108.31
-0.98307,7.1973,727,104.72
-2.0331,8.5716,726,124.89
-2.6558,8.9349,677,108.57
-2.9941,9.6983,647,106.93
-3.1171,10.062,629,104.3
-3.5819,10.519,623,108.8
-3.6958,10.85,651,106.46
-2.9478,11.068,690,126.77
-1.8567,11.989,751,137.05
-2.3346,13.574,748,144.94
-2.5275,14.332,756,140.9
-1.9885,15.11,717,160.59
-2.9622,15.733,683,152.69
-2.059,15.881,732,141.71
-1.8715,16.276,739,158.91
-1.4455,16.52,760,148.38
-0.79461,16.123,767,139.24
-0.20126,15.019,781,130.38
-0.3057,14.029,749,117
-1.1387,13.841,774,121.9
-1.4152,14.126,767,123.4
-1.7101,14.207,755,136.7
-1.0882,15.028,769,113.73
-0.31213,15.524,759,121.22
0.15674,15.832,785,128.09
0.027524,16.492,805,133.54
0.7108,17.042,837,144.49
0.53988,18.051,833,143.65
1.6738,18.513,883,165.9
3.1107,18.118,928,170.95
3.5535,18.244,977,182.72
3.9968,17.988,987,171.03
4.8758,17.329,986,169.45
4.7548,16.443,980,175.35
3.4783,13.886,933,145.13
2.8912,12.048,919,147.41
1.849,11.022,880,130.55
-1.0437,10.727,887,126.04
-2.6259,11.683,849,114.81
-0.98921,12.285,800,111.76
-0.29197,12.552,803,114.1
0.24,12.834,760,103.98
-0.21742,11.782,711,103.74
-0.19635,11.026,701,112.93
-0.022318,11.341,701,100.59
0.8845,10.36,667,103.74
1.6562,9.1532,645,100.73
1.988,8.6211,620,97.1
1.7084,9.6464,616,91.874
0.95231,11.234,662,100.91
-0.34948,12.657,731,101.25
-0.65936,13.97,746,103.48
-2.5883,15.335,793,123.21
-1.4403,16.545,776,116.44
0.31343,17.381,785,117.07
1.439,16.031,818,131.05
2.6599,17.454,833,139.09
3.7063,17.145,824,141.88
3.1981,16.228,836,156.91
2.9579,15.41,845,157.46
1.338,14.403,776,141.87
-0.68746,13.354,740,112.91
-0.51707,12.371,700,106.22
1.4285,12.238,717,112.38
1.9889,12.062,729,111.47
2.8836,9.0615,713,107.1
3.1808,7.0192,728,112.13
3.5064,7.4985,693,108.43
0.034399,8.7395,678,100.74
-2.0101,11.508,706,100.71
-3.1509,14.688,716,99.979
-1.8998,15.864,754,105.53
0.4311,16.539,806,114.82
2.2349,16.286,818,111.86
3.3071,16.224,784,115.53
4.6541,16.573,778,124.5
4.1332,15.494,788,127.55
3.5189,14.587,765,125.72
1.3979,14.654,814,128.14
0.7528,12.524,736,120.19
1.9532,10.624,746,121.66
3.3695,8.7529,706,109.67
3.0407,7.1358,698,102.78
0.29261,6.8093,683,100.83
-2.1665,7.4093,631,99.946
-2.8811,8.6468,626,105.04
-4.0867,12.084,688,108.37
-5.9289,14.377,703,102.35
-7.2512,15.938,711,109.18
-4.5516,17.264,701,103.72
-1.336,17.406,765,104.25
1.0576,17.421,818,119.28
3.9913,17.526,830,126.17
6.1573,16.837,842,128.49
6.1641,14.499,847,132.31
7.2187,12.994,838,129.59
8.3145,12.371,801,117.44
7.3006,11.45,774,115.95
6.2797,11.602,766,122.99
6.6555,9.9327,795,123.63
7.4069,9.7008,801,127.58
4.7813,10.849,757,123.47
1.0308,11.435,749,116.02
-1.9564,10.988,698,102.47
-2.2052,9.9381,728,103.06
0.49216,9.0065,719,106.73
3.0301,8.3655,682,101.42
3.0593,7.6385,633,96.265
2.06,6.6617,598,92.519
2.1884,6.1608,622,101.48
0.99,5.5831,589,107.25
0.90833,5.1426,551,98.424
1.3767,6.1674,550,91.328
0.46662,7.2211,572,103.11
0.45497,8.0334,610,95.248
0.67932,8.5197,597,99.392
0.99562,9.3219,590,94.058
1.7181,9.9669,599,90.741
0.46996,11.273,670,107.51
-2.2123,13.46,745,118.87
-3.9602,12.628,767,118.7
-4.7743,12.111,787,120.83
-2.2617,9.9631,756,112.23
1.8761,6.9395,775,119.36
4.6684,3.559,728,108.08
4.8339,0.80188,659,109.05
3.017,0.21006,613,95.802
0.63626,2.8837,584,91.386
-0.68469,5.66,630,101.36
-3.0251,8.2644,692,116.91
-2.4334,10.735,694,114.72
-1.2294,12.28,697,112.89
0.17109,12.105,683,106.02
0.7064,11.175,649,100.19
2.2027,10.768,640,95.199
1.9009,11.678,657,102.21
-0.049329,12.687,704,98.804
-1.914,12.879,737,106.21
-1.3075,13.178,706,103.63
0.099174,14.7,726,104.97
1.2144,14.287,722,108.73
3.0812,11.724,708,107.38
3.9066,10.384,759,125.23
3.0488,11.206,782,133.34
1.2055,13.547,748,125.91
-0.55904,15.659,762,125.51
-3.02,14.778,749,118.11
-2.47,13.567,718,114.68
1.1627,12.366,762,121.59
4.9138,9.4452,773,117.1
6.5526,6.7446,713,104.66
6.5757,3.7082,641,95.099
4.8009,2.0259,620,99.284
2.5363,2.9726,642,97.696
-0.00042789,6.7492,676,103.31
-4.66,9.8548,701,104.73
-6.4867,12.426,689,96.828
-4.8476,14.517,704,98.143
-4.3285,16.402,741,109.67
-3.7708,18.502,744,117.32
-2.7701,21.508,738,120.81
-2.1512,21.749,733,122.84
-0.58268,22.242,789,134.68
1.3891,21.796,828,137.12
3.108,20.884,819,136.13
3.9567,17.908,785,129.04
2.092,14.922,725,108.74
2.4387,10.832,707,101.15
4.9233,8.7487,706,104.36
5.2494,6.7104,656,97.762
6.4822,5.6597,652,104.98
7.3527,5.9637,682,123.68
8.0189,6.5179,704,122.05
7.2832,5.1698,707,114.77
4.504,4.4933,676,115.38
2.6553,5.6451,661,107.07
1.4074,6.9998,679,116.83
1.9102,7.8858,680,107.52
2.058,9.4536,686,111.09
1.1231,11.609,695,102.55
-0.28881,12.386,703,102.17
-1.2542,13.03,709,104.76
-1.6499,12.922,699,104.83
-0.99393,12.317,694,102
1.1536,11.344,749,116.92
2.1821,10.584,736,116.51
2.3156,10.22,713,112.21
3.7139,9.3819,718,115.43
4.1159,7.7708,674,102.58
6.23,6.0219,699,107.31
6.7946,4.2071,716,117.24
6.5213,2.8204,710,117.25
5.4805,3.1145,687,120.6
2.7294,4.5025,668,103.4
0.63531,7.5567,701,107.17
-1.5689,10.574,766,113.37
-2.0262,13.799,750,119.33
-1.8674,15.795,745,134.97
-0.98787,17.136,756,128.71
-0.21932,16.934,737,119.31
0.64715,17.736,747,128.13
-0.73257,18.913,756,131.48
-2.3538,18.167,752,117.4
-2.2229,16.953,768,109.02
-0.8395,14.423,764,111.16
2.2827,12.7,738,121.11
3.0183,10.822,713,120.73
3.4062,10.032,727,117.26
1.9023,10.198,684,111.33
3.1853,10.231,722,125.86
4.878,10.108,727,135.52
6.0579,8.7617,726,121.31
6.9899,7.416,744,122.71
6.7607,8.5798,754,134.63
7.362,9.9743,765,129.47
7.9865,11.567,761,136.47
8.5457,12.993,792,153.24
8.1143,14.643,778,148.76
8.0887,14.725,751,133.03
8.6174,14.27,751,129.84
9.051,12.198,726,121.41
9.4344,9.578,692,99.483
9.0235,8.1987,705,118.14
6.3335,7.8243,722,126.07
3.8489,8.7285,707,115.82
2.5995,8.5955,715,124.22
1.4002,9.7528,710,118.02
1.029,10.518,701,105.72
-0.99185,12.678,719,105.74
-1.7546,15.714,745,106.21
-1.2762,18.558,768,116.3
-0.2081,20.734,792,136.43
0.90402,23.644,794,134.89
3.3676,27.823,728,110.07
6.3452,28.198,736,110.82
9.0651,28.656,723,114
11.022,27.675,702,104.16
10.084,23.684,731,127.18
10.473,21.232,770,124.33
9.9456,17.708,769,126.5
7.7329,14.049,789,118.87
6.9686,10.169,777,118.78
6.9451,8.4146,779,121.65
5.04,8.267,745,123.55
1.5169,9.4391,720,105.9
-1.783,10.568,732,113.88
-4.5914,12.725,739,111.62
-7.1718,14.707,737,106.7
-7.5154,16.902,727,120.29
-5.8088,19.349,698,121.29
-4.1694,20.729,705,120.21
-1.8349,21.926,732,117.99
0.26712,22.53,750,118.39
2.7436,23.431,772,124.88
3.1725,19.063,765,121.25
3.7172,15.799,768,124.62
3.7925,12.051,752,122.98
4.0649,9.3323,764,124.61
3.6826,6.0679,759,123.52
3.7477,2.9158,715,108.36
2.2334,2.446,677,103.3
-0.68086,4.3316,674,105.38
-3.4217,7.4525,701,111.16
-4.176,10.139,714,121.15
-3.0409,11.838,698,111.85
-0.56059,12.22,696,106.67
2.2242,11.99,686,107.74
5.7408,10.704,708,117.86
8.3516,9.7071,699,107.81
9.4786,7.8079,677,108.03
9.9776,4.3715,643,104.04
8.7234,2.5847,625,107.34
7.2965,1.9641,645,99.946
5.8634,1.9181,642,101.04
4.4281,4.5617,662,108.44
3.051,7.421,679,104.61
1.8498,10.819,715,108.02
0.64796,12.63,716,108.79
-1.0181,14.021,738,114.16
-0.51341,15.073,719,108.83
1.2036,16.216,724,111.87
1.4349,17.588,751,113.18
1.4941,17.621,738,119.68
1.2308,17.44,733,119.54
1.8639,16.42,740,126.29
1.7332,15.377,744,126.27
3.4479,14.286,774,134.27
4.9815,12.592,771,133.67
4.1264,11.044,736,118.57
4.1203,8.6936,728,116.67
5.0323,5.4992,746,118.14
6.21,2.5301,762,115.19
5.6821,1.3828,691,114.48
4.9106,-0.017613,663,112.11
3.5367,0.53104,667,114.85
2.3102,2.8967,672,117.6
1.3232,6.5568,688,108.49
1.323,9.5884,699,109.31
0.66755,11.65,727,137.23
1.8385,13.517,704,112.3
3.4615,15.403,700,109.51
4.8959,16.341,710,116.51
6.9912,15.675,747,127.75
7.2786,16.332,736,137.01
8.2075,16.171,753,138.79
8.9962,16.708,772,140.55
9.1484,15.828,756,132.02
8.6438,14.734,787,137.99
7.8039,13.297,777,123.56
6.8863,11.064,751,112.4
7.0525,9.5177,750,127.34
6.5461,9.1154,745,119.98
5.2272,8.6639,700,107.06
3.9978,7.6287,698,113.35
2.3489,7.8762,696,112.6
1.3394,9.091,684,117.18
0.52544,10.04,692,114.14
-1.3794,10.117,737,117.95
-3.4242,10.347,726,114.2
-2.4473,9.9059,729,121.84
-0.97665,10.314,740,121.16
1.0081,11.012,766,134.99
2.7549,11.227,737,120.12
4.4433,8.8683,720,116.54
6.9022,6.3747,716,114.11
9.4026,4.889,713,114
9.4737,2.6885,667,106.11
7.7061,1.0551,637,104.08
5.8933,0.86225,657,105.58
4.5554,2.4401,677,107.25
2.87,5.3975,693,108.07
1.6419,7.8576,714,105.55
0.71919,10.196,716,104.83
-0.047567,12.433,716,110.66
0.18466,14.441,710,108.56
1.926,15.261,703,104.92
3.8339,16.633,729,122.86
6.0741,17.703,777,126.48
7.3516,18.609,785,130.87
7.8823,18.472,791,137.69
7.2735,18.229,805,138.34
6.5913,16.075,788,133.91
5.7225,14.454,756,119.8
5.9433,13.13,778,116.87
6.4534,11.486,786,129.95
6.2174,8.3252,747,122.12
5.1991,4.8921,722,115.38
5.3,1.8268,686,102.81
4.0199,0.35979,647,104.38
1.7631,0.93001,621,100.22
1.4951,2.8934,618,99.863
1.2872,3.999,644,105.36
1.8613,5.1993,666,105.38
0.079779,6.598,646,98.308
-1.087,7.1247,667,102.56
-2.4645,9.0146,701,117.4
-2.3614,9.8182,700,115.59
-0.28751,11.124,686,110.8
1.8008,12.093,701,106.88
3.4436,13.637,704,111.18
4.4179,15.802,749,128.58
5.4169,16.886,738,127.35
6.915,17.157,719,125.95
8.1103,17.526,716,123.63
8.5382,18.698,740,130.5
9.43,17.643,773,128.49
9.824,16.373,797,132.39
9.4868,14.16,790,123.74
8.7786,12.166,753,116.81
8.4969,10.086,696,106.49
7.352,8.3509,649,103.52
6.5504,7.3618,650,101.54
6.4143,6.7562,719,114.82
6.7552,7.4749,790,117.55
5.9796,6.9116,840,137.26
5.4188,7.1694,885,154.42
4.7013,7.4207,933,158.85
4.0949,7.9237,939,213.22
2.6606,8.44,933,193.69
3.335,8.3791,924,188.83
3.4661,9.1261,942,220.45
3.4538,8.016,912,201.46
3.5947,7.8238,893,189.64
3.0541,8.1968,886,238.64
3.9634,7.1299,850,176.28
3.0628,7.8293,885,201.61
2.3904,7.8187,863,188.87
2.4039,7.2012,856,184.34
2.0119,7.0967,820,169.9
1.8887,7.2545,808,136.44
1.9314,6.6913,772,140.27
2.1831,6.5647,758,123.46
2.9547,6.503,752,122.06
3.5042,6.1212,746,120.46
3.4648,6.0358,742,112.1
2.6885,4.8812,729,115.72
2.8128,3.9852,710,112.62
2.8665,4.638,683,103.53
3.1987,5.2291,682,100.81
2.3289,6.5592,692,124.62
1.8971,7.7891,717,124.33
1.6881,8.3745,735,133.03
2.5706,8.0745,759,121.84
3.0013,7.1837,762,125.34
2.4533,8.3086,800,154.25
1.2608,9.4874,733,159.97
1.2188,9.8981,747,184.87
2.0957,10.143,790,213.91
2.7936,11.021,820,203.13
3.0182,12.199,838,191.97
3.5584,12.64,863,215.85
4.2352,13.365,893,213.94
4.3161,13.727,876,217.16
6.9266,13.498,778,166.69
6.8083,13.326,786,191.33
6.7022,13.125,772,166.95
3.2264,14.132,894,244.73
2.7497,14.413,865,234.34
2.2795,14.648,875,206.9
1.528,15.186,864,136.95
0.74487,15.48,870,145.7
0.016587,15.735,861,133.99
0.10787,15.568,864,150.11
0.64653,15.078,854,146.06
1.4954,14.618,849,130.97
2.6739,14.286,891,132.82
3.2651,12.562,884,127.56
3.6421,10.584,904,120.65
3.6399,9.3374,883,121.48
2.7714,8.9284,844,120.85
2.2097,9.2322,812,111.86
0.70229,9.5945,802,129.22
0.3415,10.242,812,135.26
0.5043,11.041,806,130.14
1.0676,11.614,806,142.94
1.3259,12.017,797,153.02
1.9791,12.64,756,159.38
2.1975,13.613,794,137.8
1.8125,14.542,821,166.48
1.1815,14.963,829,153.46
0.49006,15.888,814,152.7
-0.34243,16.542,813,164.03
0.38863,16.053,845,213.21
0.27675,15.098,861,228.55
0.13781,14.735,893,218.77
-0.29468,14.445,851,225.44
-1.1805,14.384,872,229.44
-1.6408,14.354,898,166.03
-2.365,14.499,896,161.72
-1.6707,14.439,894,152.72
-0.67229,14.248,912,143.8
-0.79641,13.673,910,142.74
-1.251,13.108,898,152.54
-0.89766,12.643,870,151.24
0.22816,10.955,876,133.69
0.73114,8.9865,844,127.66
1.7574,8.0843,848,114.27
2.6395,7.2871,848,123.36
2.6859,6.3911,813,117.66
1.9641,6.0733,802,114.26
0.88419,6.5315,778,109.4
0.57211,7.361,781,115.54
0.24011,8.6037,807,117.94
1.1953,9.8703,824,120.19
2.4965,11.648,818,118.47
3.2124,12.765,803,118.12
4.1687,13.818,788,113.34
4.5548,14.901,759,116.14
4.2344,16.57,771,120.8
4.1896,17.959,783,128.49
3.3776,17.976,835,126.34
2.8148,17.74,884,137.84
2.38,16.932,916,155.89
2.1842,16.033,872,144.34
1.4521,13.951,861,131.98
2.4859,12.097,833,126.98
3.3965,12.062,838,138.31
4.6608,13.335,845,147.14
4.5992,13.771,794,139.13
3.6876,11.641,757,110.06
3.0896,9.2035,740,114.65
2.5518,6.8541,752,115.99
1.5719,5.0198,729,110.8
-0.69698,5.9048,724,122.7
-3.4348,7.5867,744,115.33
-4.6956,10.246,738,107.31
-5.5146,13.23,735,110.63
-5.3867,15.506,722,103.99
-3.5896,17.082,755,106.02
-2.6376,19.039,813,114.81
-1.4146,19.306,826,115.02
-0.45781,18.508,846,119.56
0.9397,19.052,855,117.38
1.5897,19.048,870,115.23
3.5845,19.715,879,128.39
5.1019,20.069,873,125.95
6.9216,18.786,885,133.61
8.5228,18.273,894,141.15
7.8917,17.109,867,130.17
6.9872,14.278,835,127.19
5.5261,11.23,876,140.47
4.9451,9.6937,840,130.73
5.8131,8.7351,818,119.67
7.5988,7.9748,802,113.17
9.4308,6.2263,760,108.73
9.193,4.7391,709,109.76
8.8889,3.7757,686,102.1
7.0269,4.5665,692,106.21
3.3653,6.6094,723,102.92
0.43761,8.7254,751,106.31
-1.1846,12.083,783,117.56
-1.8367,15.033,786,115.62
-1.4566,18.535,808,124.68
-0.020465,20.959,800,130.34
1.7486,22.127,804,126.64
4.3542,22.684,785,124.28
6.6749,22.069,718,117.7
8.9957,22.271,745,126.34
10.33,22.247,782,129.05
11.004,20.574,739,121.65
12.173,18.33,763,123.28
13.701,15.804,741,117.39
13.125,12.975,714,115.9
12.523,9.208,726,110.06
11.218,6.2245,726,114.89
9.0167,4.4286,730,113.24
6.358,4.6928,708,116.73
3.6543,4.8915,723,116.79
1.1424,6.4981,704,113.29
-0.53617,6.8877,696,102.57
-1.5765,8.6702,688,104.88
-3.6251,10.073,694,107
-2.7807,12.997,705,101.59
-1.6346,16.291,788,122.88
-1.7675,17.228,750,122.26
0.0031535,17.3,760,129.25
1.8453,16.372,760,132.13
3.072,14.37,770,132.14
3.8307,12.557,743,133.1
4.2261,10.983,728,127.08
4.0267,8.5001,688,116.22
5.501,5.5011,666,116.93
6.2513,2.1196,606,104.64
6.0047,-0.46262,558,90.84
4.6038,-2.1779,510,85.216
4.1991,-2.2146,525,100.5
5.3006,-0.54779,583,106.11
5.2116,3.7835,605,100.35
3.2395,6.7976,634,99.615
1.2087,9.9071,649,100.5
-0.85551,13.135,682,107.36
-1.4041,15.732,679,108.76
0.16422,16.64,664,99.499
2.1766,16.354,689,110.09
4.5316,16.475,744,122.32
6.8432,17.633,776,130.88
8.2875,17.886,767,136.61
9.8965,18.273,772,144.59
10.449,17.599,759,142.93
10.392,15.224,753,144.54
10.641,12.782,778,145.4
10.946,10.869,789,137.44
10.074,7.7853,767,126.15
8.0992,5.0552,731,111.36
6.7885,2.9898,696,106.97
6.4701,3.0215,694,113.88
5.7623,0.83919,690,111.56
4.2351,0.97917,679,114.37
3.7913,0.62136,692,109
2.3225,2.5259,657,99.498
-0.52316,5.5515,684,104.09
-3.8025,9.1771,711,104.52
-6.0303,13.058,714,109.41
-7.2184,16.278,725,115.2
-5.6726,18.434,693,113.12
-3.2554,20.339,711,115.68
-0.29586,21.033,728,115.96
2.14,21.949,754,118.27
4.1255,22.396,749,116.24
6.236,21.379,774,117.84
8.3338,19.5,784,123.16
9.5491,16.589,781,122.65
9.9768,12.561,769,116.58
10.251,8.989,753,116.04
9.3369,4.7765,740,108.46
7.9574,2.5359,663,97.745
6.45,0.89114,638,101.6
4.8792,-0.32424,640,103.96
4.1511,0.48862,627,99.731
3.6843,2.4711,634,94.652
3.0554,3.8314,655,101.17
2.5116,6.0536,685,116.38
1.7443,8.5004,716,119.24
2.4319,10.289,698,103.82
3.1502,12.434,707,106.53
2.9518,15.052,726,115.52
5.0339,16.339,743,129.45
6.1826,17.899,739,126.78
8.1485,19.558,750,128.36
9.8026,19.228,793,141.78
10.841,16.998,759,133.55
9.9729,13.049,754,130.55
8.1329,9.1067,752,124.61
7.2333,5.4547,731,113.24
4.6289,4.1962,684,107.9
2.5692,3.966,687,109.5
1.4787,5.1521,671,101.17
0.49839,7.6606,649,96.24
-2.2585,9.5331,661,100.65
-5.0819,9.9747,681,113.19
-6.3325,11.934,680,109.37
-5.6502,13.085,682,102.75
-4.7502,15.26,714,114.29
-2.168,16.328,707,120.84
0.77801,16.407,720,118.61
2.8386,16.254,717,134.56
5.1862,14.826,736,140.67
6.6816,13.769,761,139.12
6.3004,11.443,741,134.89
5.6695,9.2576,712,129.62
5.2701,6.521,701,116.58
4.6949,4.2132,663,117.02
5.2767,2.8717,654,113.71
6.6052,3.239,668,115.32
6.7882,5.555,655,114.24
6.7234,8.1647,692,118.18
5.3112,9.6536,745,125.67
5.2107,10.218,747,127.58
5.2559,10.23,721,129.57
4.8691,10.663,726,130.31
4.1457,11.237,712,126.29
3.1787,12.317,716,133.81
2.1764,12.239,688,123.13
1.0594,11.752,686,118.92
-0.1148,11.671,680,104.16
-1.5414,12.019,661,99.946
-2.6866,12.48,660,103.48
-3.9255,12.256,683,107.24
-2.329,12.802,690,109.9
0.6207,12.923,724,119.53
3.7267,10.999,708,116.68
6.3483,8.465,658,111.83
8.8089,5.0407,646,100.62
9.4377,1.8717,629,94.239
8.0657,0.09629,579,92.155
7.0443,-1.3116,589,94.917
5.3006,-2.4844,584,93.263
3.5962,-2.6889,575,98.656
2.0386,-3.0409,625,100.78
0.40499,-3.4649,625,98.085
0.19712,-2.4077,635,98.151
-1.2082,1.191,607,103.77
-4.3724,2.7944,634,110.1
-6.672,4.7933,630,108.66
-8.0517,6.8225,663,115.22
-8.6867,10.056,663,101.88
-6.506,11.531,696,122.56
-3.4662,12.799,728,127.42
-1.1112,15.332,741,128.33
2.3679,16.852,741,113.98
5.1565,17.97,757,120.76
8.6045,18.333,790,123.71
9.8934,17.479,759,131.46
11.134,14.255,772,123.3
10.178,9.4683,734,116.52
9.2402,5.4563,747,112.38
8.1519,2.0757,741,113.1
6.8385,-0.66103,704,103.07
4.2937,-0.44282,662,107.13
2.4082,-0.74429,664,110.05
2.7149,1.6726,660,105.4
2.8148,4.8453,668,103.97
1.5423,7.0564,668,111.33
-0.40343,8.6129,705,114.15
-3.0105,10.336,702,117.93
-4.6093,12.105,707,113.27
-4.0707,13.973,696,110.14
-3.8648,14.865,680,102.65
-0.53358,13.378,691,103.5
2.4795,12.689,708,113.25
3.4462,11.366,755,131.5
2.8064,12.599,753,143.88
1.8751,13.799,757,149.81
1.8586,13.396,720,135.13
1.7883,12.602,742,141.85
2.6229,12.466,760,151.94
3.4163,10.891,760,155.5
5.5379,10.724,784,159.21
7.9505,10.732,760,154.39
8.7857,11.018,773,147.03
9.4935,9.9639,767,147.24
9.8463,9.9049,740,139.54
10.473,11.275,743,139.93
10.949,12.428,737,139.88
10.846,10.331,740,144.47
10.191,7.4308,720,138.93
9.1235,4.227,713,127.68
8.4501,1.2165,707,116.15
7.2649,-1.1932,685,118.4
4.9704,-2.3038,644,106.33
4.3407,-3.0259,658,118.07
2.2046,-2.6286,662,107.7
1.9453,-1.6529,613,97.994
1.8962,1.5557,603,92.031
1.0821,4.6164,626,91.857
-0.4148,7.2832,612,101.29
-2.2517,8.2317,635,110.45
-4.1869,8.6578,680,109.75
-5.4962,10.099,702,118.31
-6.909,12.672,717,117.65
-7.1342,16.058,741,117.18
-6.4408,18.09,738,116.54
-5.706,19.445,765,128.49
-4.1418,20.581,782,120.79
-2.0694,21.92,781,148.91
0.67853,24.201,719,127.39
2.7146,24.17,724,124.18
4.1611,23.05,719,118.92
6.0093,20.695,786,150.29
6.7199,18.841,763,113.35
7.3219,15.876,746,112.32
7.7406,12.361,736,109.68
7.2822,8.5794,720,106.6
7.0235,5.5349,705,102.1
6.9487,3.8224,703,109.18
7.0676,3.3161,697,117.63
6.2555,1.9495,696,112.48
5.2086,0.66826,710,119.66
3.6954,1.0828,716,123.8
2.3883,3.0401,703,133.26
1.5172,6.2987,667,130.93
0.019407,9.0299,646,100.68
-1.7517,10.322,644,103.13
-4.3026,11.148,646,112.44
-5.8351,11.169,639,106.21
-6.2523,12.269,663,107.17
-4.7657,15.447,671,112.23
-5.2039,18.056,726,137.91
-5.2482,19.452,695,128.68
-3.239,20.481,692,123.81
0.36013,20.323,736,127.86
2.9563,20.193,744,129.64
3.694,20.013,729,115.09
3.6162,18.81,712,111.54
3.1396,16.323,722,107.7
2.7999,16.334,761,114.75
2.04,16.571,854,125.42
1.6482,16.181,885,157.64
1.4845,16.369,856,183.42
1.0115,16.179,846,235.84
0.84219,14.963,824,200.9
1.6039,14.721,815,195.38
2.1116,14.332,855,178.99
1.5899,13.489,827,246.14
1.6395,12.903,845,175.52
1.0918,12.708,860,188.53
1.5762,12.365,869,177.27
2.1051,12.655,847,169.59
2.4141,12.342,822,173.89
1.8786,12.016,817,169.91
1.9614,11.182,816,172.77
2.1273,10.475,807,147.35
2.2023,9.4271,773,128.92
2.1852,7.7856,763,133.73
2.1633,7.2389,758,129.38
