0,-0,234,62.746
4.1416,5.9744,257,64.433
6.1527,14.072,270,63.036
6.8738,21.541,264,64.913
4.9673,28.463,256,68.85
2.5095,34.574,243,71.943
-1.2771,40.923,239,66.641
-5.1927,44.266,236,63.168
-10.592,45.16,258,67.188
-12.894,43.83,286,87.533
-14.599,43.978,301,104.54
-19.978,43.376,286,90.601
-25.259,40.376,317,87.351
-31.428,37.363,341,77.658
-33.912,35.888,250,92.941
-35.903,36.897,346,90.981
-35.319,32.859,290,93.992
-37.253,28.105,104,56.792
-35.602,34.746,577,97.912
-35.354,35.05,564,90.683
-35.247,34.906,557,92.586
-35.539,34.44,568,95.497
-35.151,33.915,527,94.81
-35.405,33.598,534,95.952
-34.434,32.793,541,92.362
-34.287,32.632,528,90.691
-32.929,32.816,538,88.326
-32.82,34.23,566,96.208
-32.791,35.168,588,98.358
-31.96,36.641,579,93.123
-32.539,37.825,603,95.248
-33.005,38.904,553,93.884
-34.258,36.736,557,86.275
-34.522,33.796,553,91.353
-33.866,33.129,582,93.28
-34.716,34.686,590,94.587
-36.273,35.027,619,95.844
-35.502,37.878,619,91.791
-34.324,42.12,588,91.75
-31.809,46.668,665,101.33
-28.738,50.053,716,102.98
-29.406,50.274,719,113.07
-29.754,50.846,748,122.17
-29.547,51.107,706,119.55
-30.008,51.025,714,112.24
-29.807,51.184,722,126.59
-30.013,51.663,673,116
-29.795,51.492,709,117.1
-30.011,51.566,683,112.38
-30.19,51.283,678,106.49
-29.968,50.929,733,119.37
-29.425,50.136,744,120.66
-30.254,50.81,692,122.7
-31.958,52.068,703,120.98
-33.017,53.643,685,114.68
-33.138,55.493,729,115.77
-34.255,56.631,682,106.3
-36.273,57.409,679,103.69
-36.624,55.28,689,111.19
-34.905,53.876,671,104.15
-33.319,53.362,700,106.23
-33.152,53.171,678,104.64
-33.778,50.223,771,108.73
-31.506,48.766,775,125.09
-30.782,49.698,829,119.36
-30.719,51.63,776,119.39
-30.779,51.91,730,122.85
-30.52,52.198,596,126.11
-29.955,50.878,711,127.89
-30.428,50.782,647,123.6
-30.629,50.929,717,122.86
-30.302,51.059,720,121.44
-30.296,51.841,683,130.43
-30.888,53.022,664,112.62
-31.535,54.362,655,115.45
-30.974,53.99,689,120.22
-30.295,53.01,776,133.24
-29.781,53.197,745,137.09
-29.774,53.294,718,136.42
-31.008,53.244,769,122.91
-34.214,54.501,738,118.23
-36.289,56.049,698,109.51
-37.56,58.408,685,108.91
-38.84,59.518,682,96.381
-37.344,63.383,674,106.54
-37.141,66.136,705,98.83
-36.129,63.658,749,116.53
-33.137,62.993,751,115.38
-31.065,61.261,799,117.21
-30.024,59.149,774,114.4
-29.329,56.465,770,112.51
-25.567,54.241,809,118.32
-23.898,52.71,811,128.22
-24.663,52.968,821,131.08
-24.37,53.717,807,129.44
-24.282,53.487,761,129.96
-23.968,53.195,705,137.85
-24.3,53.39,757,129.84
-24.505,53.513,769,127.46
-24.215,53.645,729,128.06
-24.789,53.959,728,129.57
-24.617,54.316,702,122.66
-24.976,54.204,724,129.66
-25.531,54.481,728,130.82
-26.083,53.649,735,126.84
-25.934,52.268,759,123.21
-25.772,52.074,798,123.01
-24.498,53.235,790,122.42
-22.627,55.952,820,120.65
-21.378,59.902,798,116.34
-21.34,62.719,758,115.96
-22.61,64.906,745,105.01
-24.294,64.809,757,110.28
-26.557,66.17,752,111.17
-29.769,64.661,771,118.76
-31.343,63.152,816,120.89
-32.603,61.182,776,115.44
-33.233,59.174,775,111.92
-32.463,54.991,769,108.03
-29.199,54.093,755,114.3
-26.074,55.938,759,109.22
-18.332,57.024,755,103.68
-15.117,60.105,744,105.1
-8.8433,63.267,707,108.13
-7.649,62.881,735,108.68
-3.6335,57.505,731,109.51
-3.6997,51.843,809,122.57
-2.6847,50.295,832,127.81
-2.6633,49.865,872,133.52
-2.4585,49.659,861,133.66
-3.0832,49.42,848,128.35
-2.4133,49.588,766,128.01
-2.6331,49.447,760,123.18
-2.8968,49.53,767,120.11
-1.7429,48.606,725,121.51
-1.9089,48.154,750,116.8
-0.68727,47.5,728,120.31
-0.45788,46.895,756,120.96
2.2185,46.35,686,116.75
3.146,45.84,752,121.99
3.8581,47.406,767,116.73
3.4078,49.568,852,123
0.8967,48.996,834,128.19
1.6378,45.427,826,126.79
5.487,42.918,813,126.36
9.9684,40.615,783,117.06
12.878,38.012,796,110.7
15.25,38.794,794,121.9
13.407,37.682,796,123.58
18.693,36.047,774,113.81
21.747,36.521,719,103.78
24.089,36.163,692,97.73
25.259,37.393,708,97.316
23.341,38.967,761,103.55
21.715,38.657,754,104.73
19.555,38.217,749,103.14
20.61,35.246,745,100.57
22.559,35.008,761,105.16
24.64,35.426,772,103.77
28.637,35.754,737,96.952
28.336,39.246,788,110.69
34.368,38.658,786,105.52
30.277,44.563,768,109.42
24.424,41.491,731,107.42
25.779,45.081,717,101.06
22.46,46.685,701,101.73
18.824,45.416,685,98.556
21.511,47.01,743,109.36
21.961,48.51,757,110.81
25.959,48.171,766,103.66
31.003,52.805,725,102.74
28.425,53.496,749,103.64
28.122,59.306,730,103.41
27.765,58.502,733,98.639
28.67,63.773,686,97.026
32.016,64.911,686,100.86
35.689,63.133,696,105.83
35.455,59.743,680,97.903
39.279,61.407,697,97.887
40.056,66.775,671,95.198
38.058,68.553,684,98.763
40.802,71.4,726,99.383
41.773,70.769,720,103.12
40.135,66.713,678,99.995
41.198,63.147,656,94.785
44.626,66.279,667,97.853
42.016,72.211,687,96.819
41.028,70.916,767,105.45
44.482,68.682,870,113.01
45.423,68.009,862,116.26
46.134,67.849,876,119.07
45.9,67.812,885,113.03
46.387,68.148,822,110.06
46.449,68.152,829,109.75
46.814,68.305,785,107.9
47.567,68.52,767,105.31
48.084,68.713,753,106.92
48.373,68.349,772,111.85
49.773,68.228,770,107.44
50.719,67.954,777,109.51
51.998,67.396,788,112.03
53.326,68.257,793,111.2
53.681,69.787,839,110.28
52.049,70.696,842,113.38
49.877,68.079,844,112.87
51.802,66.587,815,108.24
52.307,69.939,808,109.3
47.831,70.003,796,108.17
48.093,65.966,779,102.95
51.793,68.093,783,102.58
50.527,70.332,785,102.97
51.426,70.666,765,100.52
52.773,69.716,764,102.58
54.084,68.701,776,99.97
58.078,66.101,803,108.4
59.779,65.107,823,107.35
61.139,63.5,804,107.98
62.168,64.211,824,107.7
66.12,65.725,765,106.14
67.347,68.199,786,108.63
69.185,70.214,833,120.22
73.764,73.286,842,108.54
72.46,74.383,809,108.74
71.21,74.595,800,109.57
71.201,72.45,800,112.84
71.341,69.161,785,107.67
73.13,67.608,766,101.66
75.987,69.959,771,108.26
74.965,76.525,809,110.27
73.512,84.274,757,102.08
78.086,90.261,683,95.678
83.61,94.698,613,89.401
82.047,99.115,694,97.696
85.617,98.588,762,102.93
81.989,102,850,109.46
78.992,98.268,844,107.26
81.762,96.069,849,108.91
86.407,93.649,841,115.01
91.123,85.893,800,114.29
94.989,78.55,827,114.19
93.859,76.473,816,108.9
92.294,73.707,831,109.93
91.712,73.832,892,115.2
91.712,72.497,941,117.7
92.009,72.293,957,122.07
91.774,72.406,965,120.07
92.186,72.176,928,117.29
92.452,71.957,918,115.02
92.403,72.058,892,115.34
92.504,71.821,888,113.33
93.183,71.731,866,114.47
93.132,71.589,863,111.07
93.46,71.478,873,115.22
94.189,70.795,895,116.32
95.468,70.447,919,118.15
97.317,71.246,927,115.24
98.431,74.271,923,118.06
95.522,75.789,913,116.31
92.728,74.259,904,115.88
94.946,72.813,865,108.68
97.229,76.706,821,106.02
94.304,80.211,815,109.3
91.411,76.349,813,103.27
98.02,78.178,835,105.07
100.27,82.316,846,108.84
95.466,83.526,831,111.32
94.339,83.039,874,108.59
95.951,87.027,944,118.21
98.211,89.376,963,123.15
100.05,86.818,929,121.99
100.49,86.048,944,121.39
102.49,83.723,950,121.57
103.16,79.362,920,118.29
102.44,74.67,933,118.19
100.76,72.068,928,119.51
100.97,69.907,948,118.73
95.917,69.64,940,114.17
99.888,64.866,941,122.61
107.73,68.454,925,115.8
108.85,71.309,943,116.47
111.21,64.253,915,117.52
118.49,64.088,933,116.96
118.42,65.21,869,111.75
126.51,67.571,801,107.98
130.16,71.039,754,103.96
131.52,73.256,684,98.101
132.93,77.612,566,89.864
137.64,81.413,436,80.601
139.42,79.282,357,75.573
138.66,78.208,347,75.78
138.79,79.607,327,69.511
137.97,79.396,321,68.378
139.13,78.433,337,66.6
139.76,80.413,353,68.676
140.67,82.028,342,68.196
140.16,82.108,345,67.08
140.72,83.081,341,70.387
140.83,82.288,351,70.801
143.09,77.651,410,74.928
145.32,74.328,449,79.262
146.36,73.476,503,81.868
148.28,74.829,488,81.643
147.85,76.978,519,83.595
146.59,77.332,529,89.873
146.58,79.301,495,86.481
149.43,78.684,526,85.233
150.32,77.837,626,96.24
149.67,77.002,683,102.16
149.6,76.546,718,105.83
149.97,76.615,735,105.87
149.95,76.498,708,104.73
150.07,76.512,703,102.76
149.84,76.083,714,105.37
149.32,76.245,706,103.87
150.18,76.28,697,102.54
150.21,76.104,701,102.63
150.41,75.857,710,107.11
150.87,76.059,709,107.35
150.49,75.38,723,107.32
151.22,74.165,747,112.4
151.75,72.494,772,114.69
152.13,70.59,811,119.1
154.31,70.467,815,115.73
154.49,73.642,770,106.44
151.29,76.795,778,108.93
147.27,76.754,820,109.1
149.71,73.889,820,113.21
154.69,76.385,865,115.83
156.74,79.645,900,121.59
157.55,80.132,894,121.34
161.35,82.575,863,112
163.25,83.915,832,106.78
164.7,85.691,841,106.21
164.26,85.295,864,108.9
166.32,86.11,845,109.17
167.93,84.939,869,110.78
166.62,83.106,807,105.01
166.37,82.253,763,98.101
167.64,83.43,773,100.62
168.83,87.207,760,101.81
170.25,89.351,796,107.37
172.06,93.544,886,112.89
173.27,90.439,1015,118.77
174.61,90.941,1065,125.35
174.69,91.338,1105,128.86
174.5,91.571,1130,131.68
174.55,91.722,1108,127.52
174.68,92.183,1066,127.08
173.95,92.263,1043,125.52
174.34,92.478,1020,124.67
174.09,92.505,1033,124.82
174.22,92.947,1017,124.1
174.76,92.852,1017,123.57
173.91,92.765,1010,128.04
173.79,92.8,1000,123.16
173.73,92.727,989,122.9
172.35,92.663,963,119.79
169.4,93.183,945,118.26
168.52,91.101,903,113.62
173.23,90.726,950,116.95
171.99,94.372,946,119.36
170.69,91.452,905,112.94
174.4,90.325,942,111.61
172.84,91.948,899,111.92
171.82,89.014,865,107.49
172.41,87.633,863,107.55
174.08,85.78,850,106.78
176.08,84.597,852,105.3
179.76,85.495,873,110.08
181.4,87.351,868,106.41
182.96,90.156,879,109.6
183.07,93.642,998,117.74
183.63,91.766,1102,125.32
184.24,92.11,1186,135.97
184.37,92.43,1212,135.41
184.9,92.333,1203,136.3
184.68,92.549,1185,131.17
184.54,92.882,1161,132.07
184.77,93.242,1124,129.25
184.53,93.496,1127,130.35
184.68,93.67,1098,130.84
184.55,93.85,1085,128.27
184.3,94.084,1074,128.86
184.43,94.069,1059,127.01
183.85,93.899,1041,123.44
182.76,93.403,980,117.92
183.71,93.607,1028,122.99
182.66,96.228,1005,117.89
181.59,96.886,952,112.29
185.45,97.525,954,111.6
186.25,101.16,971,113.1
186.84,99.166,912,110.58
192.34,99.022,864,106.37
197.11,98.387,863,107.27
199.68,98.77,836,108.39
200.42,100.29,811,101.5
203.21,97.74,829,104.1
207.27,100.55,771,100.27
211.48,100,692,95.76
213.93,99.345,649,95.637
214.74,101.83,657,93.751
213.5,104.51,696,94.768
209.1,107.41,768,100.76
201.97,106.07,857,108.89
197.2,101.9,863,105.15
196.96,97.316,913,114.25
200.3,95.324,900,113.67
203.9,95.181,875,108.07
207.89,98.099,939,117.33
208.7,98.516,1067,127.95
211.91,101.01,1081,128.14
213.3,100.42,1182,129.46
213.62,100.26,1224,133.34
213.64,100.44,1224,132.87
213.93,100.89,1185,131.07
213.52,101.18,1145,128.92
213.8,101.46,1123,130.81
213.71,101.3,1128,130.24
214.37,101.69,1108,125.66
213.93,101.79,1085,129.12
214.51,102.08,1070,124.91
214.13,102.21,1088,126.39
213.58,102.47,1063,124.3
213.05,102.12,1017,121.8
211.63,101.82,978,120.2
210.99,99.306,989,117.49
214.54,100.91,1002,117.07
214.33,105.99,1010,117.24
211.59,103.77,1009,117.02
216.22,100.88,1012,116.97
219.59,104.87,1023,118.19
221.18,108.19,1002,123.37
225.01,110.73,939,117.18
227.59,112.22,838,111.38
230.32,112.36,786,104.6
231.05,113.28,704,100.1
230.75,113.29,687,99.581
225.92,113.07,697,100.75
224.49,110.49,913,119.88
221.3,109.34,861,104.77
221.49,107.35,836,102.37
224.29,107.39,840,103.24
225.42,110.56,799,105.46
223.78,113.09,696,102.18
218.49,114.03,581,93.37
215.05,111.75,733,102.86
212.55,110.6,786,105.34
211.28,105.75,878,108.82
212.89,104.2,900,114.99
216.36,107.09,890,111.65
217.85,111.19,712,100.68
214.57,111.39,612,105.83
217.56,116.21,376,77.492
212.12,117.15,364,77.086
216.5,119.45,223,72.141
215.84,123.05,775,101.24
214.25,121.44,813,103.46
213.34,120.21,972,116.22
213.69,119.49,987,118.04
214.24,119.66,999,117.9
214.05,120.08,954,114.05
213.62,120.67,884,112.37
213.36,121.06,841,111.86
212.82,121.41,827,110.13
212.39,121.36,808,110.64
212.44,121.91,791,108.67
211.88,122.06,794,108.85
211.07,121.82,787,107.54
209.49,121.24,808,107.45
208.05,120.05,814,106.56
207.63,117.72,801,102.53
210.49,117.53,852,107.86
211.08,122.48,872,112.35
208.24,124.18,840,107.77
209.44,121.85,801,105.08
211.73,125.65,814,105.65
210.06,124.68,791,102.54
210.62,123.22,782,103.78
210.82,120.84,757,101.24
213.15,118.08,708,94.322
216.66,120.35,674,92.255
219.29,121.64,669,91.84
218.76,125.05,717,96.1
215.51,125.88,746,98.912
211.89,123.06,753,99.392
211.24,121.77,771,104.93
212.05,120.08,749,102.28
217.43,119.35,746,100.39
214.14,122.03,726,97.291
222.14,124.51,607,87.954
228.35,126.63,525,82.223
236.68,126.79,483,81.834
244.13,127.49,488,87.168
250.47,128.84,529,90.542
253.12,130.08,624,93.47
259,125.57,705,99.995
262.76,121.71,748,103.96
262.98,119.67,801,103.48
260.9,115.52,855,112.52
261.77,116.48,903,116.22
262.28,116.01,940,125.09
261.77,116.28,1007,124.82
261.66,116.2,1016,127.2
261.83,116.15,1000,126.25
261.77,116.58,980,123.95
262.34,116.34,961,121.98
261.4,116.42,972,125.3
261.88,116.44,961,124.26
262.32,116.52,947,122.84
262.19,116.32,952,122.59
262.36,116.4,961,124.36
263.16,116.89,940,123.4
264.33,117.33,990,124.38
264.95,120.11,963,120.73
263.5,121.27,938,117.41
262.85,120.08,924,119.24
263.65,120.49,925,115.45
262.44,121.7,902,113.59
261.65,120.63,878,108.37
262.16,121.36,885,108.74
262.58,121.35,871,107.03
261.96,121.7,852,108.29
264.23,122.49,877,108.74
266.36,124.23,886,109.16
271.12,129.23,894,110.4
275.76,132.62,868,107.5
280.27,135.13,899,114.87
284.87,136.91,867,113.76
285.99,140.48,844,111.57
287.55,141.37,835,113
288.68,137.87,937,117.96
294.45,134.73,954,117.5
299.9,132.77,941,118.15
300.85,132.7,997,120.69
303.53,130.58,1024,121.89
305.63,130.34,1024,118.09
305.22,129.25,1033,121.08
304.01,128.89,1030,118.12
303.29,129.07,1030,117.63
303.47,129.54,1048,120.74
306.93,126.72,1029,115.94
312.22,124.95,1065,123.95
308.45,118.11,1001,114.74
312.19,113.55,985,118.25
312.95,117.51,1001,115.25
308.3,114.01,994,117.15
308.14,109.31,989,118.13
309.79,108.92,993,120.51
308.24,107.53,996,115.96
311.57,107.97,905,112.14
311.31,113.87,931,109.22
312.64,115.59,1048,118.01
312.46,116.36,1114,119.84
313.01,116.59,1118,118.87
312.36,116.11,1073,116.91
311.88,115.97,1021,117.49
311.29,115.86,977,114.15
311.23,115.94,941,111.76
310.74,116.18,930,109.7
310.54,116.16,918,111.76
310.13,116.34,917,108.46
309.5,116.58,931,109.1
307.69,116.32,967,112.43
305.19,114.6,1002,114.85
305.01,112.21,966,111.86
307.1,109.31,961,110.51
311.07,109.11,964,110.33
310.08,112.74,959,112.14
308.04,112.27,948,111.35
307.35,112.05,938,109.94
308.28,111.41,929,112.24
310.11,111.9,942,109.06
313.61,114.23,965,111.39
314.71,120.78,1033,119.05
315.55,121.98,978,111.52
320.28,123.51,856,105.16
321.28,124.76,830,103.46
319.99,125.74,855,104.77
316.3,121.6,923,108.23
315.47,118.38,970,114.42
319.62,118.43,978,117.94
322.45,119.92,1030,120.51
329.51,117.88,994,116.29
333.56,120.41,1012,118.54
334.84,121.91,1006,128.32
339.03,121.61,1027,129.12
345.5,122.26,1018,123.52
352.17,121.64,991,115.29
357.42,123.35,939,115.48
360.92,124.33,901,116.02
359.86,125.24,926,114.04
357.89,129.87,905,107.84
355.75,131.17,954,110
355.28,128.85,1002,116.96
353.86,127.27,1157,123.27
354.77,127.06,1169,127.01
354.01,127.19,1155,124.17
354.24,127.3,1125,122.97
354.22,127.55,1092,120.52
354.04,127.76,1070,118.93
354.03,127.73,1061,120.71
354.06,128.21,1026,118.96
353.95,127.7,1027,118.83
354,127.58,1015,116.7
353.59,127.17,1007,116.6
353.55,125.69,1015,116.97
351.6,122.16,1057,120.98
352.74,118.7,1033,119.89
354.31,120.21,1041,117.25
352.03,124.79,1029,119.63
347.96,127.08,1024,118.56
347.93,122.31,1023,121.37
349.97,120.42,1038,119.11
351.71,121.85,1041,118.21
352.98,122.94,1046,123.44
356.54,122.64,1057,124.91
361.06,119.24,1044,124.77
365.82,119.72,1042,123.19
367.39,114.76,1059,125.78
370.85,107.09,1059,122.9
373.42,99.442,1060,126.14
376.82,94.728,1078,131.87
380.16,88.361,1038,122.07
384.91,83.958,1001,115.28
388.87,80.79,964,114.33
394.85,79.495,938,111.14
400.21,81.78,962,116.74
401.78,87.109,1006,119.6
403.73,90.094,1005,126.4
409.04,83.641,942,113.38
411.92,82.135,946,117.44
411.68,79.267,889,109.84
412.31,79.402,917,114.62
411.55,78.404,1020,121.75
410.48,78.421,1021,120.1
410.43,78.564,1003,119.16
410.8,78.673,963,118.92
411.31,78.944,922,114.96
411.51,79.227,900,115
411.86,79.006,890,115.95
412.23,79.23,888,113.46
412.86,79.311,890,113.11
413.46,79.363,893,112.76
414.18,79.466,910,111.8
416.12,79.982,954,115.49
416.35,82.116,946,115.56
414.27,84.103,950,113.68
410.93,83.936,945,111.71
413.58,81.048,943,110.59
418.17,81.837,958,112.83
418.37,85.542,956,115.75
416.46,84.274,927,111.45
417.36,81.562,933,113.39
419.1,81.66,971,117.06
420.75,80.113,1002,118.52
422.62,77.006,1038,123.8
420.73,72.05,1030,128.01
414.19,65.85,1011,129.98
408.11,60.007,981,125.14
402.31,56.137,975,118.55
399.32,51.3,955,113.92
397.81,47.371,952,119.03
396.65,45.154,957,115.64
397.08,45.178,973,114.74
398.14,45.952,962,113.43
398.39,47.308,965,113.69
399.68,50.704,990,116.01
398.31,55.998,946,112.55
395.8,58.924,920,111.14
393.84,59.867,920,114.59
395.66,55.821,938,114.09
398.29,57.397,924,110.27
401.4,62.982,909,110.35
401.83,68.743,869,106.88
398.94,71.517,874,106.37
396.7,66.828,837,105.02
394.63,66.5,842,103.02
396.02,62.945,827,102.72
391.77,64.936,843,102.23
392.38,65.625,862,107.29
390.69,66.599,829,106.47
389.98,60.278,820,101.49
391.67,57.755,840,105.38
391.08,56.192,828,103.58
393.12,57.463,829,102.28
391.24,57.771,826,104.61
389.39,62.471,810,103.01
393.94,61.724,774,98.614
391.23,60.066,789,99.59
390.58,57.445,805,100.9
390.89,58.987,776,99.4
386.51,59.341,778,99.441
388.12,57.272,794,102.32
387.21,56.606,864,108.65
380.26,65.457,915,110.29
379.04,59.669,933,112.6
375.53,67.199,890,107.51
366.65,62.656,923,115.44
371.98,58.986,947,119.68
364.52,62.126,908,112.08
365.8,58.781,887,107.92
364.97,60.655,908,111.19
364.41,61.62,903,109.67
364.08,67.279,895,108.24
361.42,71.143,858,108.22
360.32,72.154,864,108.37
358.43,74.577,891,110.22
360.85,72.764,886,112.1
361.4,76.219,891,108.05
360.99,83.259,908,113.11
363.11,85.847,891,109.73
359.97,95.623,903,110.1
359.38,95.796,882,110.07
360.78,102.56,912,112.55
368,113.1,935,117.26
370.76,121.11,900,112.85
382.69,119.63,870,115.25
382.26,109.66,914,118.68
384.06,108.59,909,115.47
384.03,107.97,926,115.39
383.35,109.16,1033,121.1
383.28,109.31,1036,122.41
383.96,108.97,1005,120.59
383.97,108.54,952,116.77
384.34,108.2,923,113.01
384.09,107.65,892,113.4
383.59,107.52,881,111.51
383.24,107.21,880,112.37
383.25,106.95,881,113.95
382.77,106.7,899,115.65
382.03,106.67,920,118.95
380.72,106.89,926,114.01
378.33,106.23,967,118.95
375.73,104.85,1000,122.51
376.82,102.74,972,120.74
381.42,103.15,956,116.25
385.89,104.5,930,117.14
388.49,107.43,905,109.22
389.12,105.48,880,110.05
391.98,102.63,874,109.01
394.95,102.92,913,109.32
399.22,104.26,965,109.31
403.71,105.56,947,110.42
404.86,106.67,954,114.6
405.88,106.23,927,111.25
402.28,108.18,936,109.9
400.32,106.31,922,107.99
393.3,109.68,935,109.96
393.01,105.1,927,109.78
396.16,106.28,1009,116.58
398.27,105.82,1050,120.31
399.28,104.2,1047,118.64
404.63,103.27,1033,117.83
406.23,101.53,1043,119.52
411.25,93.908,1024,118.51
415.47,88.322,1002,115.92
416.09,83.138,1014,116.33
417.7,73.835,985,119.4
419.81,72.616,986,119.29
417.38,73.855,975,114.67
418.35,70.272,996,117.34
421.5,66.644,964,114.27
423.98,60.61,934,112.41
420.98,54.543,946,119.36
425.17,46.587,949,120.19
425.61,41.171,927,114.14
425.25,42.605,913,113.3
424.81,40.456,881,107.21
426.18,42.484,885,106.39
421.5,47.136,824,103.67
415.52,51.129,802,101.23
414.6,49.418,847,106.16
404.89,59.152,891,113.86
400.85,54.836,929,128.39
401.41,66.609,937,125.65
391.93,65.742,941,129.69
388.73,54.105,945,124.84
395,45.22,1010,131.58
388.04,39.085,963,123.56
383.77,29.673,929,114.53
386.24,25.034,939,114.44
385.59,25.563,926,109.16
383.84,31.8,950,112.1
386.57,37.403,949,112.19
386.48,41.375,930,112.19
385.7,46.502,913,112.78
384.01,47.646,867,108.24
379.63,52.23,885,108.52
386.14,41.22,944,118.95
387.04,33.883,928,122.19
379.54,26.223,941,115.39
382.95,19.969,949,116.68
385.25,27.78,989,125.89
387.92,24.913,984,122.75
386.96,22.092,967,124.14
385.28,24.754,973,118.49
386.42,29.176,940,112.85
392.52,22.646,927,111.52
399.46,18.356,897,114.65
407.33,14.709,878,112.37
414.46,10.911,874,109.14
421.04,10.59,896,112.72
429.21,7.4747,865,106.27
437.22,9.263,890,109.84
440.06,10.989,888,111.42
444.27,15.155,838,108.5
454.75,16.36,850,106.88
456.87,22.046,855,107.21
460.18,12.314,906,109
467.76,9.8481,898,106.27
471.7,10.017,915,115.28
473.38,11.14,916,111.97
474.27,9.6497,894,107.41
477.11,4.5212,872,105.2
473.45,-3.2849,869,106.07
469.63,-8.3242,863,105.1
468.1,0.089395,876,106.73
466.15,-8.8569,840,104.36
477.4,-7.288,850,103.97
485.16,-0.59198,866,104.24
486.78,-0.92673,879,108.74
484.51,-8.6513,862,105.52
490.13,-13.289,833,104.02
492.25,-18.113,855,106.76
487.78,-23.977,859,104.61
490.93,-27.882,906,111.65
488.06,-21.091,870,104.79
486.91,-27.489,850,103.32
498.69,-27.362,852,105.27
509.27,-24.639,844,103.67
517.54,-29.328,865,105.17
527.46,-32.037,867,107.24
536.39,-33.48,865,107.49
546.38,-33.876,870,111.92
556.09,-38.714,859,104.62
563.75,-40.129,877,109.1
568.1,-43.488,874,111.58
576.88,-43.649,894,113.81
584.35,-41.761,901,115.4
593.87,-40.675,894,112.09
599.85,-36.396,895,111.6
606.97,-31.433,897,112.73
613.93,-24.764,879,109.89
625.94,-24.138,840,104.97
632.79,-24.654,573,90.484
645.11,-28.078,723,97.143
656.04,-30.753,741,99.781
656.31,-37.4,724,95.686
666.73,-38.737,723,98.481
673.74,-37.228,731,105.13
681.54,-35.778,710,101.93
683.67,-33.654,721,101.12
680.09,-42.784,696,96.794
685.33,-38.932,682,92.238
684.08,-43.247,681,92.999
688.23,-39.67,662,90.178
684.06,-41.329,647,90.807
681.69,-47.781,637,88.5
674.84,-49.126,669,93.28
677.22,-56.033,634,87.284
673.91,-54.435,656,89.914
668.96,-48.141,689,96.009
660.8,-38.615,704,97.415
658.74,-30.056,684,92.428
664.38,-27.182,639,88.863
666.97,-28.518,642,89.351
666.12,-28.036,651,90.294
665.23,-22.962,660,91.907
670.99,-16,704,95.868
670.15,-21.296,667,90.906
678.6,-14.311,586,84.736
684.69,-5.6546,623,88.4
692.12,-0.15296,720,97.944
697.11,7.8356,727,101.66
696.23,12.895,746,104.62
697.11,19.147,752,101.67
694.56,25.167,746,101.15
696.13,31.602,718,95.132
692.52,35.02,764,99.813
692.36,41.991,750,99.532
683.45,46.098,756,98.002
676.28,43.41,766,99.441
671.65,47.836,758,103.62
667.58,40.353,765,101.76
666.52,41.591,776,105.92
658.75,34.301,729,97.564
663.28,24.076,752,96.588
659.73,19.244,739,97.399
662.27,13.829,722,93.908
657.64,10.775,732,96.745
665.34,9.7804,721,97.572
662.88,19.652,717,96.439
655.05,12.945,647,89.104
653.29,9.283,658,90.906
649.32,18.327,696,94.024
654.78,29.462,749,98.639
661.19,35.198,762,103.53
665.56,42.146,763,112.56
661.36,55.015,750,104.82
663.19,63.467,729,97.117
662.34,65.267,722,96.769
660.7,67.296,746,100.23
658.5,60.423,685,92.502
661.67,60.686,705,93.337
667.28,60.289,668,90.534
669.5,67.874,649,89.467
668.41,69.562,615,87.755
662.31,71.043,604,88.185
663.34,65.942,613,89.409
666.34,58.575,600,85.539
667.56,60.429,443,76.822
666.84,63.18,251,58.355
669.81,66.252,262,58.644
671.26,65.247,260,60.687
670.12,62.212,292,61.77
671.61,66.287,445,76.632
670.74,68.489,561,87.086
667.54,69.089,643,94.487
669.31,66.408,725,103.03
668.53,66.407,754,110.14
667.64,66.175,734,106.27
667.53,66.079,774,108.84
672.96,65.792,737,95.86
675.63,68.911,766,101.24
681.14,67.21,751,100.38
685.51,66.494,729,100.14
686.77,65.821,721,98.316
685.66,69.864,703,95.223
689.27,71.783,753,97.274
687.84,72.271,764,99.606
689.36,72.018,793,100.55
688.9,71.421,828,103.34
688.68,71.256,857,104.85
688.47,71.274,860,108.71
688.76,71.323,841,106.28
688.53,71.446,828,106.76
688.76,71.651,808,103.75
688.49,71.608,807,105.8
688.43,71.776,803,103.15
688.58,71.63,794,104.78
688.9,71.538,802,105.54
689.17,71.596,794,102.59
690.09,72.754,820,102.96
690.27,74.235,851,108.98
688.1,74.087,849,109.57
688.82,70.591,857,111.56
690.77,65.175,857,107.42
689.69,64.514,847,107.43
685.63,65.501,926,117.21
686.04,68.223,990,123.84
685.49,67.412,994,120.56
685.11,67.249,989,121.5
685.09,67.18,986,121.22
685.14,67.178,962,121.72
685.26,66.948,945,120.22
685.19,66.824,945,119.74
685.4,66.815,927,117.45
685.56,66.593,920,117.18
685.15,66.241,924,119.17
685.81,65.758,920,118.05
687.12,65.128,922,119.56
689.15,64.846,932,116.97
691.93,65.041,942,115.52
692.39,65.382,902,112.47
690.82,62.563,884,112.72
692.76,58.094,877,110.61
698.11,56.706,864,106.09
701.24,53.468,835,105.23
695.84,48.55,827,103.09
688.16,47.986,821,102.17
682.97,52.963,808,103.23
680.97,59.21,819,104.83
678.71,62.905,783,102.87
678.93,64.013,782,106.2
682.45,64.718,822,109.46
682.99,62.747,808,105
682.27,61.87,907,114.73
682.2,62.097,920,116.47
682.23,61.963,897,114.03
682.59,61.923,845,105.95
682.78,61.428,795,103.62
682.94,61.369,756,98.2
682.92,61.143,731,98.035
682.4,60.935,712,95.016
682.65,60.96,694,96.356
682.47,60.537,670,94.462
682.2,60.228,654,91.948
681.52,59.878,626,91.146
680.42,60.401,589,87.3
678.45,60.935,598,88.392
676.52,58.357,619,89.633
677.58,55.379,708,95.157
682.28,54.059,795,104.53
685.67,56.515,811,105.08
682.36,59.422,725,95.355
679.74,57.571,722,99.168
679.95,56.551,766,102.33
683.12,59.341,843,108.12
688.72,63.732,911,114.43
698.25,64.393,905,110.47
705.05,65.25,855,106.97
704.75,63.953,744,99.722
708.9,58.695,726,99.557
710.23,66.147,734,100.43
710.63,73.422,802,104.4
712.83,77.733,899,107.34
713.97,75.769,914,118.09
720.06,77.858,902,122.57
717.89,85.839,904,123.7
714.15,91.493,913,109.64
715.03,92.997,896,113.34
712.18,92.845,864,107.87
715.92,87.241,905,111.9
717.47,86.915,863,105.33
722.71,83.705,838,103.49
723.19,81.476,831,108.04
721.57,79.32,870,111.54
715.77,75.6,874,111.47
714.26,65.423,881,108.63
711.79,60.561,833,111.3
711.37,49.59,843,106.02
716.48,48.745,819,108.29
717.7,47.229,869,109.51
709.22,39.972,850,104.58
707.84,40.535,880,114.95
709.8,48.442,892,112.22
714.18,46.614,888,111.39
723.46,46.111,842,106.39
722.3,38.28,836,110.65
721.37,27.971,840,108.49
711.31,29.164,832,104.43
703.13,19.025,779,103.51
712.55,13.494,762,101.13
720.51,19.395,828,109.14
711.3,26.369,831,104.41
700.72,33.945,835,112.73
696.68,43.551,828,106.3
704.04,50.63,806,106.22
711.41,59.844,814,105.06
707.34,46.85,802,104.91
717.29,37.913,793,101.07
724.54,47.089,816,108.42
716.03,55.237,856,107.79
702.61,57.376,798,104.35
704.04,46.95,804,106.19
716.31,45.638,780,102.79
715.74,60.688,792,104.78
703.45,72.712,797,107.21
694.21,66.018,839,111.14
703.6,58.596,832,108.77
715.81,60.809,812,104.13
718.87,67.313,823,103.84
709.1,72.166,815,104.15
699.99,68.779,812,105.06
701.82,55.662,795,106.38
714.86,62.378,823,110.03
711.48,77.216,794,103.96
697.5,77.312,825,103.21
699.08,71.95,836,109.13
703.8,86.018,821,105.19
693.01,91.751,799,102.43
694.2,83.131,804,107.36
710.95,81.625,759,103.92
707.45,93.197,816,111.34
703,105.8,809,109.84
711,113.53,804,108
720.48,123.94,799,101.88
721.63,134.24,782,98.341
723.63,132.22,755,102.37
726.35,133.37,726,98.481
723.79,134.23,642,90.567
728.95,136.49,613,87.656
734.41,134.07,715,96.083
746.48,136.47,692,94.735
750.79,140.87,550,85.323
758.59,140.74,543,86.15
765.05,134.8,725,99.374
759.73,127.89,831,109.88
749.41,123.31,835,104.25
739.77,117.08,833,113.08
726.31,105.54,865,124.09
715.62,96.07,852,116.16
724.26,101.02,819,113.96
723.68,113.42,842,120.93
714.05,119.93,815,113.63
710.4,112.88,772,103.29
723.54,117.84,758,97.1
719.85,128.66,774,97.299
712.72,116.68,738,94.686
713.86,99.37,767,100.64
720.45,104.27,758,100.28
711.88,118.39,733,95.348
701.11,116.41,739,96.844
696.12,101.09,763,101.64
695.78,95.819,780,107.01
685.7,85.828,781,102.52
687.48,67.066,803,108.83
698.64,68.755,866,120.88
703.77,79.134,842,120.94
710.79,72.549,750,108.02
719.42,78.308,699,95.744
731.22,85.783,725,101.24
741.13,92.008,763,103.67
751.82,96.061,801,103.8
758.33,101.47,830,107.8
762.1,103.1,831,111.81
763.93,98.625,785,103.26
771.5,95.673,794,103.14
773.78,96.841,823,106.09
771.88,92.827,823,106.02
770.92,87.489,789,101.99
770.78,96.016,779,99.441
760.87,83.934,763,97.208
769.14,82.652,780,99.267
761.01,93.84,747,96.1
743.9,83.889,719,94.917
738.47,68.017,714,95.678
746.44,66.278,745,95.413
740.5,71.364,737,100.81
736.31,58.353,712,94.512
745.54,48.152,724,94.934
755.9,48.391,748,99.4
758.3,47.692,740,99.358
762.99,51.646,713,94.777
764.46,55.667,716,96.48
761.34,55.861,702,93.139
760.11,53.434,676,90.699
764.43,51.359,683,93.544
770.57,55.573,696,94.752
761.75,70.687,708,94.851
751.33,71.729,704,94.139
743.25,66.889,669,90.774
739.42,71.261,674,91.254
734.97,70.416,683,94.694
737.32,72.199,704,95.107
738.96,71.2,710,93.395
738.28,70.836,714,94.065
737.69,71.778,699,92.866
738.63,71.873,683,91.46
738.03,71.947,681,90.914
737.65,72.219,696,92.345
738.1,72.542,702,92.717
738.18,72.91,714,92.891
738.09,73.73,720,92.734
738.3,74.473,716,93.371
738.22,76.005,725,94.967
738.92,79.937,729,95.455
741.67,82.758,733,95.306
741.49,80.495,726,96.986
737.02,76.597,745,96.133
731.55,76.661,755,99.143
726.1,75.146,771,100.23
725.32,71.857,794,100.83
729.06,80.407,827,104.32
720.15,81.564,809,103.04
724.91,76.175,810,102.97
734.74,81.881,826,101.88
730.72,86.425,838,107.95
727.98,74.528,844,109.34
737.62,71.247,832,108.28
740.73,82.527,807,105.78
731.68,86.166,839,110.52
719.44,84.008,831,116.44
712.63,81.715,823,106.45
712.64,75.993,855,112.5
711.56,73.348,862,111.33
709.26,77.748,848,110.72
701.04,82.657,859,114.19
689.99,87.773,825,111.75
694.77,82.078,836,108.83
703.24,92.12,827,107.33
689.64,97.578,805,103.62
680.72,86.443,793,104.43
674.75,70.199,860,114.64
659.03,60.357,855,112.94
653.11,49.499,887,112.23
652.14,40.116,914,117.56
659.36,35.674,870,106.62
662.81,33.868,863,107.64
670.5,37.64,895,114.7
665.04,42.903,843,107.77
665.71,49.673,833,108.36
651.72,56.41,825,104.97
644.62,56.813,826,108.59
647.05,61.035,842,108.88
658.05,72.721,826,112.52
672.5,86.58,832,114.28
682.41,93.814,835,113.94
673.18,85.081,836,110.62
670.56,67.126,761,102.78
676.21,62.322,709,99.151
692.57,64.673,793,117.3
709.63,52.882,803,118.16
723.62,41.936,779,111.11
734.86,37.327,771,105.3
740.36,32.235,761,104.59
738.66,24.326,755,104.73
739.77,17.006,718,97.514
744.69,14.391,763,102.38
744.74,15.132,789,115.15
738.61,15.474,788,118.7
735.13,15.221,740,99.375
731.58,10.627,701,94.007
728.99,7.8813,687,93.189
726.38,-3.665,755,102.7
722.04,-5.6485,796,123.2
713.09,-10.339,794,123.56
722.14,-10.448,759,115.01
730.81,1.8318,753,111.71
718.17,14.64,801,121.22
696.94,25.046,793,125.34
679.42,35.229,781,117.02
670.33,48.428,763,102.98
672.97,66.245,768,105.56
685.6,71.882,780,107.63
698.53,69.754,783,109.41
698.91,67.448,754,102.12
685.13,69.938,790,109.57
673.75,78.397,775,105.35
676.96,93.365,733,96.001
678.59,102.26,753,99.54
691.6,107.57,768,105
695.27,115.5,754,101.5
691.27,114.47,775,105.04
694.23,117.81,809,106.74
708.6,122.3,806,114.34
727.31,124.52,824,114.41
744.4,130.34,834,110.18
759.34,135.09,754,104.51
770.13,135.35,748,98.746
779.48,136.04,745,99.797
785.37,137.2,692,95.926
794.01,141.17,484,82.801
799.92,144.01,230,63.267
799.83,155.74,706,99.747
794.87,167.84,702,95.918
792.4,176.57,709,100.11
785.27,178.95,726,99.06
776.79,182.52,733,97.655
765.4,183.89,760,99.565
751.8,182.6,753,97.696
741.1,180.19,764,105.02
733.2,174.49,767,105.01
725.46,175.11,740,98.688
713.31,171.14,740,101.31
701.61,166.92,739,99.458
689.93,166.45,750,102.4
687.73,167.61,745,100.6
699.29,173.47,738,98.035
713.6,169.81,715,95.513
709.96,173.03,713,99.747
696.46,160.23,663,94.529
701.74,156.05,618,86.622
698.3,171.77,621,87.54
686.84,177.79,663,92.585
685.2,167.95,669,91.088
698.95,164.77,677,94.231
713.72,171.96,694,93.95
709.27,178.13,679,92.593
698.7,163.81,656,92.544
703.14,153.71,655,90.683
696.98,163.89,665,91.758
682.52,168.99,641,88.855
680.27,158.73,653,91.882
681.51,160.88,672,95.149
687.97,145.05,661,91.659
699.68,135.67,671,94.115
707.2,135.68,674,90.476
713.06,133.39,678,94.744
722.83,134.96,713,99.342
732.46,146.12,726,100.73
725.91,151.48,692,94.396
735.12,139.46,666,91.766
745.72,150.11,569,85.489
748.76,159.7,576,82.512
736.76,167.5,650,91.576
732.35,183.97,692,94.504
736.91,199.7,672,90.824
739.07,213.45,683,92.85
737.47,220.88,703,98.151
732.63,225.32,697,99.152
726.45,226.47,692,97.373
719.67,225.08,679,94.744
718.78,210.61,654,89.227
726.34,209.76,663,89.235
724.1,201.22,671,91.394
735.12,215.97,696,94.578
719.02,222.68,696,93.569
713.11,211.17,685,93.065
727,207.36,703,95.612
735.46,218.61,706,94.024
722.93,229.23,685,91.948
709.62,228.47,652,89.955
713.19,214.55,686,92.163
720.76,213.54,712,95.893
724.42,222.69,687,91.394
724.62,230.81,688,92.825
707.9,232.85,677,92.626
703.11,226.65,637,88.855
706.26,213.48,610,86.696
706.21,201.73,564,82.702
699.85,200.71,452,75.019
689.73,189.53,416,74.771
680.79,176.86,412,71.81
672.85,167.59,420,72.199
664.96,166.98,431,72.86
659.49,166.7,613,89.764
653.38,168.44,667,96.91
638.57,165.37,658,92.428
632.62,158.2,610,86.622
632.15,154.59,568,83.438
633.66,152.58,552,82.123
633.28,151.49,559,82.884
640.79,152.99,605,87.077
640.8,161.82,594,84.546
635.08,165.08,629,87.383
620.86,165.57,648,90.476
611.88,154.64,645,88.384
614.32,148.69,630,88.715
610.11,148.41,615,87.614
612.19,145.27,642,89.227
615.14,150.05,644,91.229
614.73,153.05,629,88.971
610.95,149.85,623,86.308
617.4,155.3,617,86.548
606.1,157.05,625,88.21
611.04,146.59,629,87.093
618.51,147.5,639,88.582
624.81,144.86,661,91.253
619.11,136.27,641,87.954
627.27,127.3,637,89.517
639.15,123.71,632,88.119
649.99,123.56,644,90.352
658.23,119.47,657,91.394
667.57,114.06,674,93.098
685.74,110.91,702,96.944
697.63,116.34,682,96.331
707.77,109.93,691,96.778
721.58,116.43,690,93.999
713.35,122.59,717,98.35
704.71,119.73,720,98.631
708.21,116.26,676,92.155
714.87,107.03,671,92.254
716.66,113.52,637,88.574
709.01,116.16,562,83.893
701.1,116.77,539,80.552
693.74,109.83,604,87.689
692.28,106.88,679,92.684
692.77,92.658,691,97.408
679.88,75.113,704,100.46
667.69,57.804,724,110.75
655.22,47.838,750,110.95
649.01,41.809,726,102.34
645.18,37.329,702,98.655
642.23,29.884,712,103
640.83,21.213,697,105.51
641.99,12.966,709,111.88
647.28,4.7632,701,111.34
654.02,-6.6835,677,107.5
664.57,-15.023,683,109.14
677.7,-21.431,678,106.82
687.31,-28.039,687,105.1
691.21,-31.56,665,95.794
696.98,-30.595,636,89.881
698.1,-26.67,612,90.244
686.75,-11.509,671,91.973
665.01,-3.7296,711,99.755
656.03,13.091,710,99.325
664.56,26.497,694,96.166
671.1,24.131,718,101.43
668.22,27.858,752,114.69
657.33,29.433,703,99.781
665.97,33.982,638,90.394
671.2,55.938,626,90.419
679.32,75.084,657,92.098
682.68,85.499,524,82.09
691.73,89.864,495,82.57
702.17,77.627,615,91.601
712.26,70.742,687,97.068
701.35,82.084,723,100.25
686.32,76.726,709,100.71
697.94,60.945,724,102.3
709.51,49.5,700,98.572
703.61,52.601,625,92.709
691.82,36.692,564,87.193
687.9,23.516,612,94.62
689.09,14.153,692,97.531
707.28,22.24,698,103.18
718.83,34.991,715,105.39
719.09,46.936,772,115.87
734.11,61.194,758,109.78
746.87,76.787,773,106.69
747.21,87.2,793,109.02
741.52,91.484,768,107.53
733.9,97.855,749,105.81
737.53,107.53,744,104.73
754.63,116.93,746,97.869
761.34,128.27,738,95.992
748.45,116.01,738,97.051
734.27,104.01,718,93.991
738.95,110.96,706,97.944
736.07,129.14,722,98.275
729.26,121.91,712,95.901
738.53,116.48,720,100.32
752.25,115.82,735,101.59
765.93,120.83,744,103.19
767.92,115.28,758,102.97
783.39,124.34,748,100.52
792.5,139.81,726,99.193
796.77,153.33,695,93.644
796.78,162.73,695,95.918
794.24,172.75,704,97.382
790.27,176.12,692,94.553
782.43,179.61,725,95.322
771.25,181.71,751,97.026
764.37,180.29,740,96.745
760.17,181.57,707,93.66
762.55,173.01,691,92.436
758.99,183.76,722,96.282
746.44,172.29,686,93.842
738.48,160.49,707,95.637
739.62,163,725,97.018
741.55,174.46,707,93.933
728.55,179.06,685,92.883
719.91,167.84,711,94.14
731.86,162.36,692,91.559
737.85,176.83,679,92.312
724.76,184,667,91.502
716.43,175.37,670,91.502
715.13,160.8,668,90.369
725.25,169.09,642,89.219
717.33,183.32,627,86.887
703.76,181.77,652,93.007
707.13,164.14,677,93.66
722.04,169.23,662,92.552
720.04,185.56,665,90.567
709.45,183.42,654,90.096
712.17,165,668,93.842
726.98,161.96,671,92.031
721.57,173.55,691,95.91
709,161.57,668,92.899
706.65,142.66,670,94.115
704.42,123.07,695,96.381
702.16,105.34,701,97.952
706.84,105.88,706,95.984
712.32,101.06,697,96.513
729.86,112.82,689,94.016
733.95,128.72,714,95.529
728.51,133.16,696,93.147
729.53,136.64,680,92.436
728.66,132.18,642,88.392
726.67,142.3,666,91.659
715.19,132.94,666,91.295
698.47,124.23,668,92.362
704.57,117.15,693,97.349
712.85,125.96,696,100.04
700.59,128.79,682,92.916
690.8,113.27,680,99.375
673.79,108.99,673,97.092
656.4,106.18,665,91.99
648.44,103.98,639,89.716
642.19,97.131,614,85.986
636.54,87.712,608,87.094
634.99,79.17,640,91.824
637.94,71.736,666,94.487
644.79,70.251,652,92.916
652.46,69.721,667,93.834
658.24,82.495,591,86.812
655.77,95.781,657,92.866
664.43,104.91,691,96.728
677.01,112.34,702,99.16
665.03,115.66,691,94.57
659.88,103.94,608,89.087
667.64,111.19,529,80.444
660.84,126.29,577,84.398
647.12,128.48,630,91.328
645.07,121.87,666,91.683
641.5,129.74,664,91.973
629.54,128.64,644,89.451
628.93,126.61,643,88.21
621.85,127.15,654,89.98
625.37,124.91,617,87.722
617.46,124.36,641,89.806
618.05,123.58,628,89.384
608,115.88,669,90.906
609.07,102.21,665,91.022
619.82,105.87,665,92.891
614.51,108.41,663,91.857
624.06,112.27,636,88.384
616.73,111.28,660,94.33
623.92,113.83,648,90.12
605.78,120.78,662,92.635
597.44,112.48,630,87.929
608.51,110.75,659,92.13
599.05,115.18,655,92.42
595.49,104.08,635,90.377
599.04,90.035,629,90.402
602.98,84.338,624,88.202
610.46,74.665,614,88.781
628.97,76.27,625,88.582
640.06,85.454,667,92.982
643.26,95.184,671,93.47
646.68,102.8,645,91.568
644.13,119.1,662,89.616
642.03,115.44,670,92.775
655.41,102.27,681,95.802
668.13,107.12,679,92.908
678.63,119.32,653,92.428
678.39,131.36,645,89.715
666.43,128.71,652,90.443
662.57,119.39,600,84.927
664,122.77,659,91.022
669.51,122.84,699,97.646
662.43,111.27,687,96.886
665.64,109.56,677,91.51
654.09,124.3,682,95.496
648.96,111.97,678,95.372
660.78,101.64,678,94.694
675.62,108.56,679,96.762
694.99,112.59,722,107.72
715.11,108.97,719,104.46
732.13,104.64,721,101.27
744.85,105.78,766,103
752.63,105.38,753,102.72
761.28,103.56,746,103.2
769.76,100.88,753,103.2
777.22,97.76,745,101.12
781.36,96.667,743,101.3
784.19,96.292,731,102.31
786.99,95.14,729,100.07
788.49,93.882,715,98.382
791.61,94.096,700,98.424
792.57,100.68,721,102.21
794.14,113.96,721,107.31
798.11,125.08,697,104.01
803.02,126.92,632,92.246
806.45,125.27,644,94.065
796.48,135.85,673,96.116
785.68,126.18,709,97.53
794.81,134.91,639,90.443
780.88,147.14,680,93.561
765.19,142.05,709,95.364
747.9,146.18,678,91.228
743.29,161.05,661,90.906
748.58,178.03,657,88.954
761.37,187.49,681,91.353
762.12,193.24,737,98.242
759.23,188.76,792,113.24
757.68,190.72,816,119.28
755.08,182.99,773,112.81
750.56,168.61,763,102.92
759.8,171.94,743,98.986
749.29,184.36,745,101.35
733.44,176.02,730,98.515
731.22,159.67,724,97.382
746.8,161.62,728,99.466
748.76,175.84,710,96.141
736.1,173.07,685,92.428
726.13,156.59,710,96.257
728.7,147.76,732,99.813
727.3,152.94,695,96.654
727.13,137.27,679,92.957
742.59,137.38,710,94.876
747.34,153.32,728,98.754
738.56,161.55,730,98.904
726.91,152.84,677,92.585
731.67,137.18,695,95
745.85,143.36,703,96.447
750.42,158.21,698,96.621
735.64,160.47,684,101.05
720.28,150.57,664,94.363
716.27,134.35,686,99.019
727.16,142.55,695,100.3
714.91,147.83,672,94.859
703.2,134.66,693,97.183
713.9,121.33,663,93.155
728.18,128.33,710,99.085
725.62,144.51,681,94.504
711.12,146.73,684,94.669
696.54,135.06,645,91.32
689.07,122.44,671,94.512
700.61,117.11,682,95.504
720.29,115.82,708,104.71
726.84,125.14,702,100.85
716.22,120.36,668,101.83
723.02,102.66,684,97.151
738.38,92.49,715,97.994
750.78,100.65,746,102.21
767.83,108.96,756,103.44
778.13,114.58,776,107.49
779.17,123.85,759,103.38
776.66,133.62,752,102.96
772.87,140.67,757,105.4
767.4,148.42,767,108.36
764.78,155.77,775,111.66
767.3,173.05,748,104.84
773.06,191.94,719,100.28
771.76,192.69,720,102.07
777.6,183.08,693,95.248
779.06,182.18,633,87.764
791.9,173.34,476,74.986
797.47,187.56,483,76.152
797.9,194.2,554,83.554
796.94,205.99,591,86.68
783.66,208.14,678,93.85
779.22,197.46,712,97.944
773.8,205.85,681,96.149
753.95,200.95,731,99.838
732.29,203.26,725,100.03
713.53,203.45,730,101.27
703.45,195.85,705,95.24
700.43,195.4,694,94.024
703.72,178.66,688,93.958
711.87,164.65,690,94.694
719.82,175.78,690,93.47
716.43,193.13,688,92.056
703.05,186.57,683,93.454
702.97,166.48,703,97.208
714.83,165.5,682,93.767
709.97,183.23,688,95.041
694.03,185.52,684,94.032
683.51,170.79,686,94.512
681.95,157.12,695,100.02
681.78,166.83,707,100.03
665.37,172.32,684,94.777
654.46,163.42,686,96.861
657.8,158.01,699,96.381
654.21,159.3,684,97.952
654.82,151.33,665,92.163
659.29,155.74,672,95.794
662.6,157.62,684,97.307
657.33,172.36,671,93.519
646.92,169.27,707,98.895
653.92,161.24,722,104.91
665.61,168.04,699,95.496
669.55,183.89,674,95.174
657.1,184.35,677,95.041
658.46,174.02,681,96.439
661.39,186.69,623,89.045
649.06,195.68,650,91.204
637.44,197.66,681,98.06
630.42,190.88,697,98.473
632.06,192.12,674,91.229
626.13,189.56,667,92.064
635.66,174.94,675,93.337
642.32,179.33,670,93.784
626.02,184.17,664,93.974
619.62,171.48,671,95.736
627.25,153.67,671,97.076
641.27,152.52,671,95.364
635.35,162.77,678,96.878
633.36,149.39,662,97.671
648.32,146.35,669,96.166
657.99,160.85,672,93.578
654.84,176.92,671,94.388
642,172.45,657,94.752
637.2,156.95,670,94.454
650.51,151.36,663,92.734
659.09,163.94,684,95.256
650.7,175.23,672,92.436
642.65,161.56,662,92.039
649.42,145.74,654,91.427
661.27,152.59,639,90.261
654.26,165.03,653,92.403
639.43,158.46,632,91.882
639.64,146.75,579,86.25
652.5,151.27,544,83.686
661.69,157.11,480,79.808
660,158.82,471,79.262
652.71,158.88,393,70.404
656.39,159.21,342,66.989
