0,-0,141,41.5
2.7413,-0.381,140,41.566
4.5512,-1.5519,130,39.862
4.6368,-3.2516,125,39.424
5.2716,-3.6512,119,36.356
5.1551,-4.0538,104,33.726
5.277,-4.2467,109,34.768
5.222,-4.2522,108,34.768
5.4219,-4.0959,110,34.768
5.549,-4.1551,113,35.314
5.0331,-4.2689,128,38.481
5.6331,-4.7103,138,40.929
4.9242,-5.2972,149,42.31
4.614,-5.5578,167,46.189
4.6981,-6.2561,171,46.098
3.9201,-7.6474,164,43.46
2.8644,-7.9822,155,43.162
2.73,-7.2251,145,43.526
2.7967,-7.6742,137,40.325
2.9354,-7.2873,137,39.837
3.248,-7.2723,142,40.226
3.3794,-7.2929,150,42.004
4.044,-7.0658,160,44.642
3.6586,-7.2583,157,43.294
3.2309,-7.4353,165,44.725
3.8605,-7.705,176,46.503
4.1173,-8.9854,178,47.173
2.9778,-10.34,166,43.89
1.7733,-11.424,157,42.881
0.0015858,-12.181,161,43.46
-1.4852,-10.666,149,42.608
-2.39,-9.0637,146,41.756
-3.1182,-7.2063,139,40.416
-1,-6.4681,141,40.739
0.56449,-6.9216,145,44.403
3.7195,-6.1866,148,43.551
6.6169,-5.7623,146,43.452
10.01,-6.3082,148,44.841
12.285,-6.4204,138,42.724
10.37,-6.7897,146,48.397
5.1687,-8.4709,159,52.532
-0.35165,-9.2853,163,49.348
-3.9188,-8.8964,152,42.054
-4.7742,-5.8426,153,43.6
-5.2939,-2.3929,150,43.063
-4.049,-2.3576,149,44.684
-0.56576,-2.1092,149,43.187
2.3402,-0.55766,157,42.765
5.2128,-2.4985,149,41.773
5.4661,-6.6462,150,42.509
3.045,-10.75,155,42.914
0.89586,-14.244,142,41.5
0.87943,-14.919,135,40.822
-1.3539,-15.566,150,43.923
0.26832,-15.048,144,41.938
0.37724,-15.554,152,47.198
1.5735,-11.647,158,46.189
2.2634,-6.4254,158,47.595
4.2065,-3.2596,160,45.767
3.2066,-8.1411,162,44.411
0.59641,-13.2,159,43.344
0.057927,-16.866,155,42.426
-2.0825,-15.72,149,42.12
-4.4063,-9.6732,147,40.822
-6.8333,-5.1069,152,42.401
-7.4653,-1.6322,146,40.623
-4.2438,0.62303,138,39.606
1.7612,0.21139,155,42.997
7.2591,-1.9576,151,42.716
10.307,-5.3915,138,39.722
5.8479,-5.7542,148,42.335
-1.2369,-7.3106,149,43.154
-5.7176,-7.8621,158,46.627
-3.0433,-3.3303,164,47.752
0.46117,1.5634,157,44.411
4.2128,0.5135,156,43.617
6.9448,-5.372,153,43.832
3.7967,-8.928,149,41.963
-2.6054,-8.218,154,42.856
-5.159,-5.6852,156,45.279
-5.2395,-0.25193,157,44.709
-1.2593,4.1976,161,43.832
1.1876,2.8184,159,49.621
6.3593,1.4232,157,46.619
6.5042,-3.3483,151,43.807
3.9261,-8.9662,150,41.566
-0.38587,-10.49,147,41.864
-2.3181,-4.2151,162,44.386
-4.9685,2.0071,171,45.031
-4.8806,5.6271,150,41.384
0.56533,3.8853,156,42.716
7.1072,-0.47945,161,43.625
10.814,-3.316,163,50.39
8.0472,-7.2647,157,48.05
0.8417,-7.8294,159,43.46
-5.0685,-5.7346,160,43.708
-5.2167,-1.3327,156,43.906
0.15652,1.5467,160,44.94
5.9018,1.749,164,45.974
10.019,-0.73836,165,44.742
10.548,-3.8178,158,43.716
6.9948,-8.4224,156,44.659
0.85982,-9.2478,153,42.302
-3.3577,-6.0891,156,42.401
-1.7619,-4.6469,158,44.965
0.010234,-0.81147,158,43.088
5.3735,2.2214,168,44.957
8.9756,3.084,156,42.418
9.1803,-1.5232,154,44.006
6.4115,-8.0819,161,44.105
3.6194,-10.926,150,42.79
-1.87,-7.1691,157,43.625
-2.6418,-1.0172,165,42.889
-3.5417,3.2147,167,50.101
1.7253,3.5717,160,46.652
6.769,3.3717,160,45.809
9.4659,3.4577,162,44.692
8.4174,0.4223,171,52.416
4.9628,-6.0408,160,47.173
1.2004,-9.8695,162,44.485
-4.3734,-9.1699,145,40.921
-6.7284,-4.9014,153,42.426
-4.4107,2.217,162,45.329
-4.0555,7.1514,164,45.304
-0.73904,4.3705,166,45.188
2.0198,3.4398,171,47.661
5.4357,-3.8222,166,44.568
6.019,-9.2096,160,45.709
-0.14908,-9.4227,152,45.329
-5.7558,-6.4206,159,44.659
-8.3505,-2.0393,158,44.841
-6.9899,1.5431,148,43.568
-1.4369,3.0793,157,43.088
4.6634,4.9577,162,44.196
9.2381,4.6062,158,42.724
7.5109,1.5268,161,44.014
4.794,-6.3033,160,43.162
1.326,-11.66,159,43.6
-2.5043,-12.528,152,41.972
-4.0605,-7.6037,161,44.171
-5.8604,-0.031526,164,44.841
-4.2997,4.5279,160,43.253
1.1631,3.4025,161,43.716
7.1418,0.99204,155,41.872
7.7128,-3.5675,152,41.384
7.1363,-9.3347,157,43.071
4.3594,-14.446,150,42.534
0.49753,-15.275,151,42.699
-5.2272,-10.74,150,41.864
-7.8281,-5.8501,147,41.012
-7.243,-4.1018,147,44.27
-6.5823,0.31558,161,45.949
-1.1369,4.6042,163,44.295
4.4003,3.9342,160,44.477
6.6405,-1.8945,166,45.602
5.1935,-9.198,156,43.253
4.3904,-13.357,152,44.816
0.15432,-13.432,154,43.568
-4.8051,-7.3381,168,45.9
-6.7346,-0.063083,171,46.437
-7.1525,6.1847,167,45.966
-3.9885,7.1326,154,42.542
1.0115,1.6549,159,43.741
5.4091,-5.3099,163,43.708
5.9146,-11.616,161,42.798
5.4392,-15.226,159,43.741
0.69643,-15.64,153,47.38
-5.1119,-11.776,154,46.255
-8.1271,-6.8687,153,42.79
-6.4272,-1.1262,150,42.79
-4.2737,3.5364,148,44.733
0.81902,4.8279,160,44.171
7.273,-0.027044,166,45.329
11.609,-5.2115,154,43.154
8.2588,-9.2977,152,42.236
2.079,-14.392,157,43.162
-2.5407,-16.94,146,41.384
-5.3339,-13.326,150,43.741
-8.1098,-5.6467,155,43.27
-6.227,3.2802,166,45.809
-5.409,9.9366,156,43.154
-2.8468,6.6142,168,48.116
4.4916,0.86164,165,43.642
9.3217,-6.1532,156,42.625
11.12,-10.883,161,44.411
5.0356,-15.008,158,44.386
-1.5052,-17.031,156,42.674
-6.3042,-14.34,147,40.896
-7.3107,-6.7804,149,40.524
-7.1746,-0.51873,142,40.714
-6.4362,4.6848,151,41.177
-0.94513,5.0312,152,41.864
7.3164,4.4075,164,43.932
13.528,0.50709,162,43.832
16.581,-2.7977,152,42.046
16.776,-4.2821,151,42.401
10.182,-0.023772,162,43.758
1.0391,1.5979,167,44.841
-7.6076,3.4961,167,43.923
-11.186,7.1569,158,42.898
-3.9731,5.4686,156,42.889
5.0794,2.4253,165,44.295
13.713,-0.481,168,46.346
18.528,0.92067,162,45.238
22.271,1.2041,154,43.253
22.083,-1.4435,162,46.917
20.432,-2.843,169,52.623
16.525,-5.4688,173,62.82
10.434,-4.3414,176,74.117
4.9807,-1.3778,181,68.047
-0.93978,0.56641,177,54.666
1.5421,3.1189,167,45.263
6.7494,1.7673,164,43.832
7.4818,-6.0514,171,44.775
7.3652,-11.44,164,44.775
6.3147,-10.857,157,44.477
4.9938,-4.6241,169,46.561
5.1271,2.2147,175,48.695
6.5878,-0.13576,168,44.138
13.983,-4.201,157,44.196
18.825,-3.9908,160,44.386
19.473,-0.58857,169,45.147
18.023,0.80196,169,44.849
12.414,-2.5353,169,48.918
4.8313,-5.2839,173,50.969
-1.9214,-5.7145,164,47.008
-2.4397,-6.0071,164,48.604
3.5739,-4.5707,180,50.779
9.8465,-2.9096,172,45.536
13.377,-5.835,171,47.016
10.902,-8.7155,161,43.948
5.7604,-10.802,168,49.373
-0.76342,-11.677,168,44.849
-1.2596,-8.4817,163,45.883
1.0081,-1.0572,171,44.866
3.4567,4.2612,164,43.154
5.845,3.6049,155,44.378
9.1134,-2.6534,161,43.344
11.359,-10.63,171,46.338
11.337,-13.858,161,44.94
4.6013,-12.488,157,42.864
-1.6638,-9.6534,162,44.684
-1.2622,-6.2783,160,47.545
4.4177,-3.585,161,44.386
12.338,-1.0289,176,48.976
17.761,0.14043,175,50.589
20.963,-1.2145,164,46.388
23.512,-0.62365,167,48.397
24.633,-3.8303,164,52.086
22.859,-5.3676,161,55.369
18.515,-9.4312,162,51.714
12.173,-14.166,150,45.9
3.9299,-15.14,152,42.972
1.9967,-13.252,162,48.554
4.7683,-5.4003,162,48.885
10.487,-1.271,157,42.79
16.064,-2.0918,155,43.063
21.164,-2.501,164,46.528
23.884,1.5951,161,46.826
25.52,0.044568,169,51.995
26.816,-0.8425,164,46.619
27.323,-2.3037,163,47.314
20.943,-7.77,163,48.695
12.634,-13.396,152,46.09
3.8168,-14.103,149,44.171
-0.66918,-12.583,144,40.524
1.3018,-6.8993,146,42.6
2.4152,-0.14424,163,48.207
7.6103,2.9988,161,43.948
12.91,0.39204,155,44.833
19.049,1.1014,159,47.38
24.272,1.8733,152,44.477
29.067,2.0765,144,40.64
29.953,-0.13291,150,44.676
31.65,0.41681,144,43.551
29.044,-2.692,154,47.504
25.22,-6.7212,146,42.765
20.534,-10.73,143,41.773
15.206,-14.891,138,40.185
12.181,-19.014,124,38.787
10.877,-19.831,128,40.524
11.914,-21.754,127,42.426
10.289,-24.06,145,45.991
6.6799,-22.192,152,51.896
3.4804,-26.145,142,43.923
0.94999,-28.879,137,48.033
-5.6108,-28.763,136,45.701
-11.265,-27.47,132,44.775
-13.759,-22.709,141,43.352
-15.694,-15.633,150,46.255
-16.43,-10.613,151,45.131
-9.7424,-10.717,156,47.049
-1.167,-7.6532,158,45.329
-0.54032,-2.4497,162,45.817
0.89795,-4.1287,162,46.644
3.8857,-0.52121,159,45.693
2.7098,-0.042808,167,47.124
6.3058,-2.8514,172,47.835
13.123,-5.1568,179,50.399
17.498,-7.4328,172,46.942
14.822,-9.9436,169,51.217
7.9406,-12.109,158,45.61
2.9031,-9.7176,155,43.915
1.9938,-2.2868,169,47.86
-1.3884,4.7562,178,48.306
-3.1186,4.873,169,48.356
-0.15919,-2.312,164,45.858
5.8697,-8.0724,172,47.413
13.497,-7.5914,176,47.934
16.675,-2.9602,173,49.406
23.243,-1.5703,168,46.321
25.419,-1.1125,170,50.672
25.523,-6.0633,161,50.382
25.526,-10.114,163,50.837
23.225,-11.003,166,56.452
16.627,-9.4584,169,58.412
9.5366,-4.2562,176,53.674
4.3746,0.44447,173,50.126
6.0298,-1.8364,164,44.312
11.942,-7.4427,166,46.156
20.09,-9.2117,163,45.42
26.821,-9.5664,161,43.642
28.112,-12.163,159,46.735
25.356,-14.705,154,55.567
19.163,-15.185,160,59.049
12.64,-11.093,157,53.864
10.609,-2.7247,169,48.976
8.3889,-0.67094,176,55.46
10.387,-8.7138,166,46.09
12.55,-15.071,163,46.437
15.213,-11.306,167,49.464
13.508,-3.8343,166,47.454
6.467,-2.6483,177,48.513
2.7156,-6.507,177,48.712
3.5748,-5.0561,174,50.192
9.3335,-7.1366,174,53.376
15.518,-8.2105,167,50.382
20.56,-4.684,164,45.304
16.343,-3.6255,176,60.852
10.201,-7.6198,176,48.993
5.5104,-8.2727,168,49.638
5.6078,-2.425,162,44.411
10.632,-0.65332,160,43.948
19.077,-1.4066,170,45.048
26.71,-1.1625,169,44.75
31.383,-2.4949,164,47.636
30.967,-6.7455,163,49.927
29.302,-11.774,157,45.147
25.36,-16.352,156,45.337
17.82,-14.982,158,45.213
8.706,-12.828,148,40.896
7.1928,-6.3329,150,41.31
10.762,0.67993,162,43.096
18.392,1.0071,162,42.906
26.081,1.7117,167,45.238
32.004,2.1748,163,45.61
33.306,-1.0121,139,42.236
33.526,-4.9929,102,35.595
30.637,-5.5543,114,38.134
29.818,-6.6242,99,35.115
31.009,-6.1151,90,32.022
29.993,-5.3111,88,31.096
29.345,-5.4475,88,33.312
29.762,-6.1106,102,36.794
29.743,-6.1653,116,38.018
31.474,-5.9351,147,42.79
31.403,-1.7151,162,48.306
33.851,2.8982,179,48.877
33.747,1.8119,210,52.896
36.328,-3.9024,210,51.714
37.818,-7.5294,219,54.393
37.177,-9.658,212,51.54
32.491,-12.953,213,51.424
31.476,-12.114,206,50.837
27.008,-8.6461,222,56.552
20.676,-5.2072,217,54.004
15.289,-10.267,235,60.753
6.9882,-12.265,228,55.319
7.2138,-9.3589,209,48.943
3.5457,-1.9273,221,51.97
-3.0306,1.0765,216,50.175
2.571,2.8984,207,49.778
10.893,2.2052,212,49.778
19.113,-0.58219,224,52.152
23.86,-7.4103,230,52.921
28.217,-5.5351,237,58.644
27.02,-6.2378,247,63.582
29.273,-7.3488,229,56.196
27.872,-9.0783,205,51.027
26.532,-7.787,204,51.118
25.453,-9.5599,209,56.8
20.853,-12.073,200,50.473
20.392,-12.719,181,48.306
13.144,-14.54,192,49.382
6.154,-12.389,192,47.678
-0.50357,-7.296,193,49.183
-6.0302,-1.5636,198,51.135
-7.1613,5.8917,208,53.202
-6.2268,9.3999,196,50.961
-0.40102,4.7348,202,50.564
5.0188,-1.0865,219,54.41
9.9476,-7.7694,217,52.078
15.777,-9.8171,219,54.583
20.889,-7.1394,215,53.45
27.039,-5.8277,221,56.535
32.1,-4.5331,224,58.09
36.549,-5.8183,209,53.963
38.138,-8.2325,192,48.794
40.071,-10.566,192,49.927
36.857,-13.361,197,49.497
30.512,-15.6,197,48.488
23.926,-11.503,202,49.621
16.929,-5.6331,214,52.706
10.71,-3.6769,212,54.12
7.0574,0.090426,216,56.304
4.6962,0.31685,205,52.119
7.5275,-3.3945,193,48.439
15.129,-5.6863,212,52.524
22.549,-4.4786,209,55.22
30.003,-2.9318,221,57.254
33.521,-5.8875,223,59.116
37.048,-9.0299,216,57.255
37.184,-9.1371,222,62.498
38.196,-11.53,216,58.991
32.43,-10.767,219,59.148
24.909,-4.1641,219,55.849
18.938,-3.8984,217,55.369
21.419,-9.3162,215,54.021
28.857,-6.3094,218,54.277
34.736,-0.89634,233,60.488
39.004,-2.1752,214,53.45
41.458,-9.0766,209,52.342
42.201,-14.246,219,58.247
40.948,-16.23,224,62.845
38.141,-12.497,227,66.129
30.819,-7.0082,229,64.086
22.477,-5.3803,222,59.165
17.269,-7.0912,229,65.947
17.576,-2.1161,207,50.754
19.801,2.149,215,55.716
24.571,-1.1499,207,56.725
30.665,-7.2747,220,56.328
38.166,-7.9952,221,57.486
42.27,-9.6138,215,56.791
39.852,-14.234,228,63.738
34.668,-16.072,209,52.805
25.815,-12.653,213,53.376
17.013,-8.6929,205,49.621
15.092,-1.9875,186,47.016
21.607,-3.4875,184,45.486
29.792,-5.743,163,43.27
34.303,-3.6698,188,51.482
35.168,-6.6409,182,48.05
35.449,-10.153,186,49.911
38.138,-12.774,178,45.519
36.131,-15.924,184,51.722
29.297,-14.181,190,53.004
20.245,-15.556,185,50.68
14.734,-18.907,180,53.029
13.297,-11.889,175,46.9
17.228,-5.959,168,50.688
25.291,-3.2569,166,48.579
33.424,-3.2767,171,47.016
37.864,-8.0718,177,46.9
44.172,-9.3351,181,48.67
42.963,-9.2043,193,56.014
42.35,-13.021,184,50.589
34.597,-16.862,170,45.949
26.444,-17.066,165,45.585
17.69,-14.105,164,44.725
16.43,-7.3034,163,48.513
17.512,-1.4953,160,47.727
21.362,-0.45049,170,49.737
28.225,2.5874,178,49.439
34.944,4.1554,179,49.505
39.377,1.3267,168,48.976
41.426,-5.6773,162,45.891
45.316,-10.958,169,48.348
47.486,-11.431,172,46.164
44.721,-14.403,176,46.685
40.002,-17.679,168,47.082
33.019,-20.066,165,45.974
25.528,-18.027,163,45.974
17.914,-12.72,162,44.477
12.056,-7.9399,169,44.965
9.3585,-3.8757,182,53.128
4.1174,1.0283,180,50.283
5.8725,-0.081954,169,48.786
13,-2.5733,163,45.221
19.444,-8.5318,203,51.416
25.913,-15.073,208,50.953
32.196,-12.808,209,51.399
26.189,-10.467,224,59.397
18.061,-12.106,206,50.928
15.957,-6.8465,188,46.437
21.962,-4.4188,199,49.919
29.754,-2.0828,208,51.391
37.567,-2.4216,210,54.054
43.901,-2.774,210,54.302
47.296,-3.7042,203,52.921
48.582,-7.2111,196,50.266
48.836,-14.459,189,48.025
45.335,-18.802,204,51.556
40.235,-20.655,209,55.063
36.179,-22.65,198,51.862
31.3,-21.301,198,52.615
25.423,-14.066,197,54.401
17.648,-10.094,196,50.746
12.364,-9.1621,209,55.394
18.967,-10.732,220,60.786
26.689,-11.873,220,62.787
34.373,-11.184,223,61.828
38.064,-9.6861,225,61.514
43.88,-11.556,212,58.702
48.888,-9.527,211,58.735
49.734,-8.1616,227,65.723
50.757,-9.7541,222,66.956
52.403,-9.5373,204,54.459
52.849,-11.671,187,47.38
51.447,-15.617,184,47.198
49.684,-19.114,194,54.186
47.25,-20.178,197,52.458
41.669,-20.892,190,47.86
34.792,-20.503,191,47.496
31.187,-21.81,181,46.28
33.028,-15.68,158,43.154
37.098,-11.619,139,41.5
40.205,-12.528,142,41.293
45.038,-14.434,172,52.334
48.815,-14.351,204,69.478
52.417,-14.675,201,70.719
56.27,-15.323,205,63.879
59.133,-16.395,200,61.522
61.699,-18.158,187,58.619
63.7,-20.278,183,59.868
64.632,-20.775,209,61.646
64.017,-21.228,213,52.152
60.068,-22.015,211,68.106
53.492,-20.614,221,71.48
47.844,-17.406,217,72.001
42.533,-11.655,216,65.848
42.119,-13.081,202,58.619
49.365,-14.167,203,55.518
54.061,-9.8909,195,50.936
58.275,-11.044,198,54.782
62.538,-17.108,203,53.682
66.595,-23.584,197,50.101
69.857,-27.27,192,50.572
70.825,-26.361,204,52.78
68.892,-23.622,211,59.488
63.125,-22.095,218,63.921
57.002,-24.774,219,71.315
51.233,-20.802,225,72.497
46.663,-14.028,212,62.672
43.502,-15.358,212,61.746
51.373,-15.98,209,57.999
58.82,-14.812,198,55.361
64.066,-18.816,193,53.186
68.661,-24.577,193,51.515
73.888,-27.006,188,47.173
76.929,-30.138,182,47.678
78.308,-32.692,188,51.325
81.264,-35.893,181,46.718
83.807,-39.262,173,46.528
85.793,-42.446,163,45.048
86.795,-43.769,167,46.826
85.643,-42.688,184,52.921
82.247,-37.551,182,51.342
76.739,-33.819,171,46.065
72.579,-34.353,179,50.374
66.693,-30.327,180,50.746
61.504,-24.262,191,51.35
59.976,-18.179,191,51.945
65.356,-15.515,193,52.342
71.133,-19.075,195,54.881
74.901,-24.65,194,55.071
79.033,-31.402,190,54.137
83.676,-36.237,182,50.911
86.082,-37.335,181,53.45
90.612,-38.943,177,49.348
93.677,-40.2,178,49.737
94.918,-42.051,182,51.209
94.864,-40.797,176,48.579
92.148,-43.058,176,49.894
92.666,-44.461,170,45.23
95.304,-40.823,173,48.604
100.5,-40.189,163,45.122
102.39,-42.33,163,45.097
100.82,-47.404,175,45.974
98.635,-50.92,181,47.38
97.114,-52.404,175,49.729
94.824,-48.688,179,47.173
92.581,-51.255,155,43.617
94.027,-47.34,181,50.192
94.611,-40.756,188,49.58
97.725,-35.802,177,46.09
101.06,-39.932,184,47.198
104.17,-45.553,177,45.883
107.7,-48.695,176,46.371
109.56,-50.673,170,46.321
109.52,-51.529,182,55.021
107.7,-52.644,185,57.494
103.11,-53.28,176,55.956
103.05,-53.918,175,52.681
98.897,-49.633,179,51.945
90.808,-47.001,179,51.54
91.306,-47.222,178,50.101
91.907,-39.212,174,50.018
93.617,-37.022,188,57.238
99.961,-35.12,187,51.209
100.47,-37.216,173,50.771
100.77,-35.722,194,59.314
95.426,-36.534,173,53.649
90.619,-41.322,168,47.297
93.382,-40.877,180,54.55
88.721,-34.864,187,53.012
84.914,-36.029,179,47.934
91.725,-36.184,189,51.904
99.159,-33.066,185,46.602
102.19,-30.217,178,47.496
101.67,-34.216,189,56.444
101.47,-42.707,194,60.306
104.97,-49.045,187,54.881
109.8,-48.723,192,59.182
108.78,-50.687,188,64.351
111.13,-54.604,175,53.492
110.08,-56.041,171,52.921
103.37,-54.089,166,50.283
97.058,-49.226,177,50.771
94.38,-40.728,177,46.826
92.403,-35.981,181,49.927
95.581,-36.352,178,53.699
99.877,-30.953,188,54.393
101.21,-28.33,191,56.568
101.4,-30.63,200,71.859
103.2,-29.987,214,74.605
105.35,-25.247,206,69.37
106.56,-19.38,204,63.78
109.17,-14.46,200,61.109
113.91,-10.739,191,56.403
119.19,-8.1523,191,53.095
124.22,-5.4475,188,49.547
129.81,-4.8967,182,47.38
133.97,-3.8664,175,45.42
133.6,-3.0528,181,49.555
136.98,-5.4371,179,48.248
140.92,-3.4187,182,47.537
144.1,-6.4447,176,45.097
146.56,-10.335,172,45.23
148.46,-12.806,172,45.42
147.96,-15.942,157,42.79
147.78,-17.911,172,47.537
145.29,-18.838,175,48.604
142.77,-22.342,163,46.139
144.14,-22.896,162,47.033
142.34,-24.697,167,44.568
143.53,-26.105,169,47.198
144.09,-21.128,186,52.739
147.93,-15.09,184,50.721
147.73,-8.8721,175,48.877
152.12,-7.8633,168,45.858
153.6,-13.113,179,52.78
154.32,-20.204,175,49.249
155.7,-25.982,168,44.386
157.74,-30.241,174,45.817
158.84,-34.249,170,45.445
160.73,-36.867,165,45.908
161.18,-40.799,167,45.916
159.69,-37.447,168,47.132
156,-30.722,165,45.213
150.05,-24.166,176,46.371
145.05,-16.035,179,46.156
140.64,-13.718,174,46.272
145.55,-9.9808,178,47.289
138.92,-10.119,183,53.293
136.98,-13.66,189,56.105
140.68,-20.695,177,50.547
147.13,-24.463,167,46.156
152.6,-23.883,180,48.513
159.4,-28.355,160,43.154
164.27,-31.213,165,44.361
166.58,-33.334,165,46.437
168.86,-36.236,172,52.805
168.2,-40.982,165,53.128
169.04,-45.074,148,45.949
172.21,-46.713,154,46.892
176.22,-47.319,149,47.264
180.34,-46.903,145,44.411
183.71,-47.158,143,45.974
188.23,-45.117,143,45.139
192.64,-45.013,137,45.908
194.84,-43.236,148,48.604
198.69,-42.496,145,49.754
203.71,-38.648,143,48.596
209.46,-35.452,143,49.084
215.84,-33.022,147,49.266
221.52,-30.378,141,47.504
223.62,-34.159,139,49.439
219.05,-32.905,148,58.892
211.88,-34.825,147,51.994
208.91,-31.371,141,47.016
212.68,-30.175,148,57.213
219.18,-30.822,144,58.082
222.42,-30.014,145,52.864
219.26,-29.675,149,57.974
218.12,-26.733,154,55.427
221.3,-23.101,148,50.771
227.99,-23.319,149,45.147
233.24,-23.713,138,45.255
236.85,-25.574,123,37.464
240.41,-26.242,109,35.777
237.42,-25.516,108,34.346
237.19,-24.279,109,34.47
237.19,-24.008,102,34.28
237.34,-23.738,108,34.346
236.8,-23.92,113,35.851
237.3,-23.798,126,39.424
237.27,-23.548,140,43.27
236.75,-23.545,145,43.832
235.61,-22.765,146,45.974
234.98,-22.849,155,48.894
235.89,-23.29,159,50.399
237.44,-24.368,157,50.027
239.6,-26.148,148,48.116
242.64,-27.137,141,47.868
245.06,-28.117,132,46.652
244.79,-30.832,130,44.353
242.76,-33.358,128,39.697
241.76,-31.029,123,40.805
241.3,-29.789,119,42.517
243.04,-32.522,120,43.137
246.11,-34.451,108,38.87
245.51,-31.322,120,45.37
240.74,-31.536,126,41.864
236.02,-34.68,120,38.845
235.77,-32.216,132,40.416
236.25,-23.959,138,41.566
234.59,-19.499,135,41.086
237.51,-25.309,136,43.534
245.61,-25.023,133,40.987
251.67,-24.622,120,37.075
248.95,-27.441,140,42.881
247.85,-35.216,123,44.502
245.74,-38.783,125,42.393
239.68,-37.818,129,41.128
239.01,-39.557,122,39.771
236.32,-32.648,135,41.475
238.02,-23.483,134,40.921
233.63,-21.655,146,45.048
231.36,-29.923,149,50.192
225.93,-35.53,144,53.194
218.23,-36.867,146,52.019
213.33,-38.437,142,44.593
215.18,-33.531,145,45.23
211.25,-25.907,143,41.384
206.45,-23.193,158,44.32
204.18,-25.897,165,47.479
203.62,-27.887,168,52.797
205.25,-31.579,172,55.162
210.95,-27.522,166,51.052
218.01,-29.158,151,50.374
220.97,-25.383,158,48.736
213.71,-27.952,158,46.462
210.84,-35.47,151,42.815
215.93,-36.808,150,43.187
219.34,-30.868,155,45.651
221.96,-23.641,142,41.111
223.7,-18.359,142,41.872
227.03,-15.271,138,42.542
224.38,-16.123,124,40.995
224.84,-18.03,120,38.473
220.29,-20.123,126,44.518
221.7,-21.986,139,45.097
217.96,-23.144,143,48.025
224.48,-25.052,136,45.61
233.29,-26.634,141,48.141
233.82,-26.91,153,44.659
235.62,-32.626,137,41.682
239.6,-28.805,133,41.037
233.75,-26.525,139,45.395
230.07,-34.088,150,50.655
234.09,-39.09,147,46.611
238.1,-34.93,138,60.596
245.34,-33.068,133,44.593
246.66,-30.159,123,42.352
244.53,-37.355,130,42.633
243.1,-43.352,122,39.424
243.98,-45.85,113,40.003
243.82,-47.392,114,40.375
245.77,-48.541,105,40.152
246.69,-48.664,109,46.131
249.79,-48.683,107,45.006
254.23,-48.018,102,40.995
259.23,-47.538,149,46.503
261.78,-44.513,159,47.148
265.65,-40.777,152,44.75
266.8,-35.122,149,45.23
269.38,-29.239,150,43.369
267.81,-24.625,150,44.758
269.26,-19.5,159,46.644
268.87,-13.658,155,44.758
265.82,-9.4437,164,46.619
263.41,-4.922,166,46.156
261.99,-2.3035,167,45.602
260.24,1.799,169,46.255
258.1,2.712,171,48.422
260.64,6.8282,182,50.961
261.63,9.8321,172,53.095
266.37,9.8495,172,54.583
269.61,7.9955,175,61.522
270.71,10.128,189,62.581
272.73,11.529,173,50.746
278.07,10.691,170,47.587
281.16,6.5247,159,44.494
285.39,3.49,163,44.775
288.26,-1.0638,160,45.329
291.02,-5.0053,161,47.107
292.92,-8.5376,158,44.568
294.64,-12.384,153,45.908
296.16,-16.03,156,45.693
301.08,-17.317,146,45.403
302.15,-22.269,146,47.794
305.91,-25.653,138,45.619
308.77,-27.82,138,43.625
307.35,-29.967,134,39.333
308.51,-28.893,114,40.921
311.67,-30.943,125,44.932
314.77,-34.139,120,41.111
310.71,-36.883,123,41.955
307.67,-39.447,125,43.071
308.96,-42.804,127,42.418
308.31,-47.773,119,43.741
308.39,-51.912,121,43.005
306.47,-56.733,117,38.018
307.46,-56.379,104,35.272
306.85,-58.957,113,37.257
305.34,-55.488,106,36.91
307.86,-59.794,129,38.788
305.01,-56.274,118,35.868
306,-61.98,120,36.513
308.32,-60,108,35.314
304.04,-57.404,128,47.587
306.4,-61.362,123,44.94
308.04,-58.86,113,36.331
307.23,-53.792,124,38.572
309.71,-48.176,147,44.477
313.38,-42.544,148,47.777
313.62,-36.168,172,55.129
318.47,-33.924,158,48.058
319.61,-31.931,137,41.781
324.38,-33.67,130,39.399
326.17,-32.375,129,39.672
323.9,-37.595,137,40.276
323.1,-42.715,144,40.441
323.55,-46.392,142,42.608
326.39,-48.379,146,43.551
328.73,-50.819,150,47.868
332.4,-53.111,144,47.107
335.43,-55.021,144,50.688
339.15,-56.315,136,48.141
342.53,-59.485,130,48.331
346.16,-61.597,119,45.139
349.55,-63.906,101,36.24
350.04,-66.6,103,36.265
343.79,-66.299,109,37.348
341.73,-66.692,113,41.401
348.39,-64.185,108,36.612
345.22,-61.63,112,38.589
348.21,-67.168,119,38.291
353.4,-67.077,105,37.927
350.26,-65.607,124,39.879
352.69,-66.353,105,36.612
347.58,-68.234,136,46.834
342.21,-67.223,142,41.897
347.51,-66.455,152,45.031
350.5,-62.403,178,54.881
344.35,-60.554,166,50.084
348.14,-64.547,175,54.467
354.71,-64.87,169,51.647
352.67,-68.501,145,42.699
347.55,-73.609,132,39.35
343.81,-76.798,132,39.788
343.58,-80.624,137,40.16
342.98,-84.609,135,39.391
341.18,-87.528,126,38.2
342.13,-89.398,137,42.327
340.49,-90.552,139,44.494
340.78,-90.364,142,46.09
339.22,-86.812,167,50.68
338.09,-88.509,169,59.471
340.42,-87.705,167,57.329
343.64,-86.891,147,49.621
347.76,-90.167,144,48.629
350.55,-90.308,142,44.684
353.36,-91.008,138,40.135
354.08,-92.465,144,42.699
355.79,-92.356,152,45.726
355.32,-92.942,142,45.37
357.32,-94.051,148,48.025
358.93,-95.625,145,44.386
361.46,-99.046,145,44.039
361.16,-103.32,131,40.524
361.21,-106.75,117,38.887
360.87,-108.75,121,40.615
361.69,-108.05,108,38.382
363.33,-106.23,116,44.452
362.62,-105.27,121,49.34
365.63,-103.72,128,44.75
361.96,-102.9,138,44.94
367.76,-106.38,128,46.346
365.98,-112.22,127,45.61
366.03,-116.62,119,40.598
370.03,-118.52,112,38.754
372.94,-121.38,101,39.25
377.16,-123.52,179,52.64
381.8,-124.79,177,50.308
387.41,-126.76,175,49.811
393.36,-128.29,163,47.636
399.42,-127.32,149,45.213
406.03,-128.94,132,42.815
412.23,-128.05,113,39.631
419.58,-128.54,146,42.889
425.28,-126.94,131,40.35
430.86,-125.4,103,38.887
436.3,-121.75,136,43.832
440.74,-118.67,104,44.039
444.81,-115.05,161,52.946
448.53,-112.35,150,53.98
450.31,-111.67,135,60.712
449.24,-112.79,134,51.416
447.83,-113.88,141,45.536
448.47,-113.46,124,49.845
448.85,-113.06,126,49.208
448.33,-113.44,141,49.489
447.82,-113.05,153,59.008
447.62,-112.64,168,64.376
447.36,-113.23,188,68.031
446.6,-114.18,193,59.48
446.19,-115.33,216,67.129
446.36,-116.54,203,75.979
447.51,-117.85,205,87.988
448.13,-118.06,182,69.611
450.85,-115.69,174,78.601
450.66,-112.87,165,69.528
448.18,-110.71,202,72.323
448.35,-113.38,195,66.708
451.19,-112.03,134,51.416
451.09,-109.76,108,47.794
449.67,-114.46,114,54.27
449.67,-114.46,114,54.27
