0,-0,364,87.937
0.46502,0.49344,366,86.639
-2.6369,0.060906,371,89.054
-5.3197,2.0175,344,84.447
-7.1083,3.5652,333,85.001
-7.911,4.4266,405,87.573
-7.896,7.1716,395,88.789
-8.1808,8.4718,354,85.15
-7.4196,8.8868,378,92.288
-5.567,11.787,410,88.88
-7.0634,12.137,382,87.962
-6.6851,13.327,375,89.186
-6.6902,14.138,384,88.516
-5.6276,16.438,340,83.596
-7.1058,18.426,386,90.129
-7.77,20.596,389,92.726
-8.0829,24.038,385,92.197
-10.017,26.017,381,87.805
-11.485,26.213,389,88.888
-12.166,26.537,381,92.37
-12.576,29.323,384,87.706
-13.558,29.838,394,84.803
-15.312,31.31,372,84.795
-17.891,33.469,399,89.095
-21.252,35.509,413,90.683
-22.77,36.678,403,87.383
-23.147,37.02,386,86.738
-24.123,37.91,397,87.871
-25.859,39.197,402,87.391
-25.686,41.743,354,81.668
-27.656,44.31,392,87.491
-27.794,45.629,392,84.373
-28.975,48.044,393,85.415
-31.461,49.889,393,85.613
-32.335,51.286,378,83.231
-32.973,52.632,401,87.21
-33.404,54.504,362,85.415
-35.693,55.262,385,89.335
-35.745,56.963,392,88.16
-35.267,58.7,361,88.905
-34.507,60.131,398,85.844
-34.434,60.992,420,92.618
-35.861,64.49,372,82.313
-37.076,68.001,407,84.819
-39.352,71.415,390,84.273
-41.644,73.76,404,89.971
-40.768,73.66,422,90.939
-39.123,76.523,401,86.324
-40.561,78.876,353,84.083
-44.047,82.634,404,88.739
-46.592,86.555,372,88.574
-48.883,88.292,378,91.857
-47.578,90.642,393,82.991
-48.493,93.626,409,87.639
-48.241,96.23,406,87.938
-49.667,98.067,388,85.465
-52.497,98.993,393,81.065
-54.512,99.327,360,81.983
-53.323,100.84,389,86.036
-53.24,104.55,413,85.903
-54.457,108.3,399,84.886
-53.96,109.72,391,83.472
-55.945,113.89,406,83.753
-56.411,116.98,390,85.812
-57.936,119.87,402,85.721
-58.389,122.64,406,84.704
-58.397,127.02,403,84.108
-56.08,130.21,380,80.957
-55.765,131.31,374,78.575
-54.262,134.08,324,80.552
-54.486,136.66,352,82.859
-54.334,139.23,328,87.673
-50.335,145.16,302,77.533
-50.679,149.39,337,84.613
-51.891,156.46,305,72.943
-53.374,163.29,317,81.66
-51.744,167.4,350,82.529
-50.722,171.13,291,83.943
-52.647,173.94,252,93.512
-54.073,178.79,445,91.411
-56.772,182.42,439,90.948
-55.152,185.56,462,92.817
-55.189,185.66,462,94.496
-55.229,185.07,463,90.798
-55.038,185.62,481,91.237
-56.379,186.86,459,90.51
-55.833,188.93,418,88.815
-57.849,189,457,88.806
-58.707,190.37,492,91.072
-60.882,188.62,468,87.524
-63.562,190.91,486,90.427
-65.453,192.65,483,89.732
-64.277,194.21,475,90.013
-62.955,194.36,438,86.523
-62.305,192.32,453,89.715
-61.548,191.4,417,86.978
-60.648,191.12,476,89.045
-57.448,191.02,453,87.102
-57.076,191.09,480,93.172
-55.89,193.31,463,91.51
-57.019,195.66,476,91.907
-58.204,195.84,472,87.4
-60.093,194.92,473,88.186
-60.587,194.34,463,84.91
-62.101,193.54,470,87.805
-61.278,193.92,451,83.116
-60.967,192.69,464,83.935
-60.464,192.98,472,89.451
-59.35,193.61,488,92.883
-58.416,194.15,475,91.593
-59.45,194.9,478,92.825
-60.878,195.39,493,91.022
-62.469,195.42,501,94.529
-63.194,194.21,496,93.106
-61.78,194.76,474,86.986
-60.714,194.17,471,89.559
-60.273,193.6,466,87.996
-60.929,193.05,475,87.797
-60.428,194.21,475,88.318
-60.902,194.51,492,88.028
-60.266,195.57,431,88.078
-61.037,194.57,470,86.647
-62.307,194.83,482,86.225
-61.664,194.44,481,87.813
-62.959,191.47,463,87.755
-65.088,190.61,463,88.698
-65.67,190.47,466,86.415
-66.479,190.25,459,89.914
-66.093,190.4,460,88.35
-66.28,191.15,472,89.409
-66.406,190.85,494,90.162
-67.321,191.26,471,86.225
-67.961,190.32,475,90.699
-67.555,190.93,480,91.477
-67.035,190.85,475,90.327
-66.952,191.58,491,89.202
-67.489,190.48,490,94.363
-67.6,190.36,482,88.168
-66.196,191.12,463,89.972
-64.83,187.85,475,89.195
-64.812,185.23,463,90.502
-65.778,184.16,479,88.93
-65.141,185.04,482,88.334
-64.216,186.42,460,88.616
-63.471,190.19,472,89.567
-63.934,194.13,480,87.565
-63.211,198.6,490,89.426
-64.664,202.28,465,87.218
-66.218,203.11,444,83.612
-67.438,205.06,466,87.929
-68.391,204.69,468,85.125
-66.98,204.55,459,84.629
-66.906,205.42,459,85.994
-66.87,206.26,463,91.998
-65.853,207.88,460,90.691
-63.376,208.49,485,90.402
-63.183,207.37,471,87.077
-62.429,206.45,465,88.789
-61.506,208.76,492,93.106
-61.965,208.94,504,96.307
-62.605,210.72,528,95.686
-60.728,211.61,477,93.479
-62.171,210.63,476,87.698
-61.329,210.46,479,82.148
-61.156,209.54,509,88.599
-59.803,209.68,469,91.758
-59.092,209.45,464,91.113
-57.006,209.02,482,94.181
-58.905,209.56,470,92.337
-59.045,211.27,464,93.007
-60.792,214.13,436,87.185
-60.466,215.72,478,91.328
-60.819,214.28,493,91.7
-60.365,210.47,482,92.8
-62.237,211.76,488,96.869
-64.616,208.45,520,105.11
-66.129,208.73,511,102.04
-66.393,209.73,510,91.874
-67.48,210.38,505,99.665
-69.059,209,534,101.86
-69.428,206.62,554,103.78
-72.293,207.15,524,103.24
-72.643,205.31,575,108.33
-74.5,208.44,620,113.24
-78.038,209.67,641,98.391
-79.602,205.52,681,99.218
-77.63,206.81,758,118.42
-80.407,205.91,816,122.28
-79.574,202.25,853,127.02
-77.631,203.85,787,123.54
-81.04,201.97,823,120.1
-78.588,199.3,807,127.39
-76.318,199.59,830,119.55
-75.562,196.41,821,131.38
-77.773,189.48,857,128.05
-75.852,187.62,772,140.92
-70.859,188.31,829,137.25
-70.55,184.9,831,128.51
-68.848,183.57,785,117.21
-66.197,186.07,838,129.08
-67.278,182.62,815,125.92
-68.001,182,848,127.82
-70.723,183.41,881,140.13
-68.966,183.07,906,145.4
-69.228,182.75,932,163.72
-68.995,181.64,848,149.82
-68.665,180.58,841,150.3
-70.952,182.12,806,153.09
-69.783,182.13,832,147.69
-69.539,181.55,751,144.97
-72.715,183.41,786,147.4
-70.728,181.38,826,170.83
-72.404,181.89,844,143.51
-69.125,180.85,850,155.9
-73.241,182.55,829,143.48
-74.756,182.99,831,143.2
-74.471,183.19,891,152.51
-74.401,185.1,864,145.23
-69.969,183.3,899,142.56
-69.453,182.58,880,157
-70.75,181.16,874,151.34
-71.056,181.01,918,126.82
-69.811,181.7,880,146.62
-68.687,181.66,895,140.15
-69.64,180.66,825,140.86
-71.346,180.06,813,142.02
-71.84,178.74,927,143.55
-70.272,178.07,927,134.8
-69.672,179.95,873,149.34
-68.434,180.8,878,131.73
-68.416,178.78,951,143.14
-68.698,178.22,945,134.52
-69.785,180.29,891,127.82
-71.288,183.39,876,132.84
-73.668,185.01,853,130.35
-72.759,183.44,872,123.39
-71.6,181.06,868,114.74
-68.295,179.15,861,116.32
-64.118,177.58,891,124.4
-63.213,179.92,839,121.03
-66.204,182.48,887,122.23
-70.379,181.44,891,121.49
-73.177,182.19,882,117.06
-72.86,184.66,863,114.54
-70.02,187.16,913,118.73
-69.861,184.72,889,130.74
-71.064,180.14,883,124.28
-72.049,176.54,843,115.95
-71.63,178.36,845,119.08
-70.559,183.15,870,120.66
-71.426,187.09,852,119.26
-75.617,187.95,835,121.6
-76.799,184.12,885,118.29
-74.111,181.69,876,118.29
-72.148,184.01,841,115.2
-74.438,188.18,892,118.4
-77.375,185.3,817,114.19
-74.651,180.66,882,120.47
-70.246,179.37,864,119.37
-68.314,182.51,834,118.93
-72.789,184.65,842,121.02
-76.782,183.24,847,116.29
-74.013,179.9,839,114.92
-71.684,182.9,813,119.36
-74.251,186.38,849,115.73
-77.531,188.59,862,117.72
-81.102,187.96,868,119.65
-79.715,184.98,798,111.19
-77.024,181.97,793,114.19
-73.157,182.31,798,113.25
-75.497,183.67,850,115.7
-73.452,181.93,880,110.89
-75.054,181.4,906,114.67
-75.153,180.95,877,121.7
-75.541,181.5,957,126.69
-76.064,180.89,875,124.53
-76.531,181.28,796,128.63
-76.961,181.11,847,133.61
-76.985,181.3,907,137.23
-77.046,181.82,860,131.55
-76.867,181.58,963,136.2
-76.226,181.67,977,136.68
-75.796,181.47,917,154.57
-78.077,181.8,934,135.36
-76.844,180.83,942,160.75
-78.092,182.14,878,146.72
-78.755,182.75,887,149.9
-77.673,183.93,967,154.41
-78.334,182.34,883,149.42
-79.001,181.13,881,141.33
-80.681,181.14,896,164.83
-79.201,181.24,890,144.38
-77.955,183.83,909,145.11
-78.546,186.73,904,137.78
-79.485,189.08,892,140.18
-81.387,189.86,839,134.21
-80.643,188.59,937,131.67
-81.042,187.29,848,132.69
-79.765,184.84,869,117.85
-78.842,181.44,882,117.47
-77.504,180.23,919,116.71
-76.31,182.06,916,118.59
-76.004,184.53,898,132.46
-76.222,187.33,884,135.77
-76.162,189.86,885,133.76
-78.043,192.23,863,135.1
-79.842,195.72,845,131.12
-81.928,198.49,827,136.76
-82.893,199.54,867,129.64
-83.152,197.13,825,117.44
-80.739,193.49,822,113.03
-78.108,190.54,878,116.21
-75.527,186.56,873,117.46
-72.914,182.71,870,118.77
-72.053,178.67,885,116.23
-70.829,177.3,848,111.65
-73.8,179.32,866,115.01
-75.881,183.43,849,116.79
-78.517,187.72,853,117.19
-79.838,191.87,838,114.44
-80.464,195.7,829,115.2
-80.507,198.84,864,115.2
-81.615,202.13,825,119.25
-83.243,201.28,796,117.25
-81.957,196.33,811,114.35
-79.544,193.11,839,110.32
-79.393,192.1,863,113.48
-78.87,191.43,865,115.22
-78.531,190.86,925,118.43
-78.548,190.6,846,120.66
-78.373,190.67,800,120.85
-77.624,189.29,790,121.28
-77.979,189.14,832,116.05
-78.302,188.88,905,120.46
-78.294,188.75,850,126.27
-78.179,187.02,853,121.35
-79.071,187.41,900,129.45
-78.986,186.41,911,123.39
-79.113,186.06,893,128.44
-78.521,185.49,962,129.45
-77.768,185.22,908,127.66
-75.829,184.27,895,140.43
-74.603,183.51,917,137.46
-72.805,182.1,893,137.25
-71.592,180.17,884,129.25
-69.57,177.55,871,131.9
-67.652,176.52,902,132.23
-68.049,178.03,878,121.84
-69.389,179.04,875,118
-69.619,179.3,833,122.18
-70.757,179.43,828,117.1
-68.842,181.23,845,113.97
-67.823,182.9,841,115.92
-68.661,184.91,832,121.42
-71.449,186.72,809,116.37
-74.232,187.79,867,116.36
-76.83,189.03,831,111.93
-80.259,190.47,884,114.75
-79.51,189.8,832,114.62
-74.952,189.42,826,120.54
-70.634,190.04,835,115.61
-67.804,191.06,825,115.93
-66.685,192.75,809,112.91
-67.702,194.86,811,115.6
-70.558,193.77,803,110.17
-72.66,191.02,784,118.88
-70.869,188.36,796,113.84
-68.242,188.06,829,111.8
-68.905,188.13,777,115.18
-70.234,185.2,844,110.26
-72.263,186.84,863,114.95
-71.291,186.2,872,115.16
-70.956,186.64,857,120.31
-70.382,187.83,887,121.63
-70.993,188.56,834,131.2
-71.124,188.54,842,121.79
-71.529,189.6,870,124.45
-71.929,190,902,124.22
-71.883,190.27,870,128.28
-72.151,190.67,929,122.98
-72.613,190.66,855,149.9
-71.598,190.71,899,131.99
-73.096,191.9,880,130.68
-74.204,191.98,875,129.29
-73.997,192.67,919,149.76
-74.48,192.09,870,143.53
-73.175,191.59,903,145.38
-74.845,192.76,917,140.32
-77.244,193.49,866,133.77
-77.527,193.19,965,133.59
-79.67,195.18,868,135.74
-81.303,197.28,869,140.54
-82.011,199.17,933,122.15
-82.7,201.77,858,133.22
-81.648,202.91,838,116.63
-80.258,204.34,883,119.13
-79.713,207.1,803,123.58
-80.779,210.04,837,124.56
-82.818,209.35,851,109.23
-85.483,208.49,817,105.06
-87.668,206.15,774,107.64
-86.469,203.58,822,111.71
-83.073,203.65,851,113.16
-80.352,205.95,804,117.58
-78.55,207.62,830,113.58
-75.748,206.52,795,113.98
-78.008,204.2,755,114.2
-82.751,203.96,841,109.33
-79.975,203.41,820,112.98
-79.5,203.5,846,110.81
-79.227,203.02,862,111.84
-77.953,202.07,888,122.05
-75.723,201.06,768,114.46
-74.007,199.55,787,116.79
-72.554,199.13,861,119.89
-72.392,199.78,753,124.32
-72.021,199.64,853,124.19
-71.374,200.34,859,131.07
-70.761,200.73,886,127.35
-69.886,200.88,826,135.54
-70.856,200.99,811,137.57
-74.063,202.37,834,120.98
-77.226,201.71,869,130.57
-76.938,201.61,865,125.43
-73.766,202.97,860,133.14
-71.22,202.41,809,118.45
-73.332,200.14,812,117.2
-70.743,199.26,903,126.67
-66.604,197.34,844,127.2
-64.921,193.57,876,122.08
-62.681,191.01,812,128.91
-65.519,191.32,784,120.65
-68.939,191.31,864,116.15
-71.144,192.93,844,113.52
-72.914,192.75,877,111.13
-72.164,191.95,886,115.82
-69.72,194.28,808,108.39
-72.051,196.29,819,112.85
-74.994,198.42,853,117.85
-74.66,200.65,858,119.3
-71.535,199.76,829,111.23
-70.075,197.29,803,112.8
-68.225,194.48,837,111.13
-65.179,192.7,807,108.72
-63.953,191.51,809,107.42
-61.904,190.89,770,108.73
-62.425,193.06,736,115.7
-64.413,194.29,757,116.51
-66.243,192.55,795,109.88
-68.168,190.16,817,107.98
-70.035,188.81,808,108.84
-67.297,189.21,786,108.56
-64.941,188.59,773,108.09
-65.196,188.82,818,107.89
-65.721,189.17,799,104.69
-67.014,192.69,775,106.32
-68.044,193.04,798,109.84
-69.666,194.93,821,120.11
-70.119,196.61,904,124.38
-70.881,196.68,819,124.7
-72.5,198.12,812,128.68
-73.941,197.81,753,191.79
-76.277,196.46,696,213.53
-77.926,192.16,588,171.3
-80.515,190.04,604,174.44
-79.44,183.45,502,139.51
-79.389,179.02,525,147.72
-81.935,176.41,684,180.89
-85.486,171.36,658,137.66
-87.405,167.77,637,154.96
-86.164,169.41,647,137.23
-86.416,176,621,130.75
-83.601,166.48,624,137.25
-87.011,166.24,637,142.4
-90.38,160.43,601,130.07
-93.733,154.19,581,135.66
-97.674,147.57,573,127.49
-101.27,141.69,553,117.48
-103.48,135.73,552,111
-103.81,130.02,565,122.13
-107.68,125.44,551,116.33
-110.42,120.84,568,112.7
-110.08,115.45,546,104.72
-106.86,109.46,538,108.39
-103.2,105.12,557,102.95
-101.28,100.8,573,108.13
-99.786,95.21,583,105.21
-97.853,89.455,583,107.65
-96.461,81.977,581,106.14
-94.866,75.12,561,108.77
-92.651,69.868,555,102.91
-88.63,65.258,571,115.52
-84.945,59.587,525,123.3
-83.129,53.406,548,119.77
-83.25,51.717,536,117.78
-83.721,50.916,540,113.15
-85.41,51.38,510,86.705
-86.139,51.413,502,86.465
-86.249,51.231,497,84.472
-85.809,50.971,484,83.992
-85.845,50.937,480,82.404
-85.686,51.071,478,83.438
-85.246,51.642,459,84.191
-85.372,51.474,466,88.045
-84.885,51.984,455,85.191
-84.635,51.879,425,83.074
-85.108,52.091,431,85.812
-85.166,52.378,428,84.654
-85.393,52.487,426,85.117
-84.712,52.557,411,82.165
-84.954,52.821,420,81.098
-84.814,52.59,413,85.812
-84.685,53.021,409,84.323
-85.063,53.005,402,79.667
-84.858,52.943,414,78.36
-84.767,52.598,392,80.66
-84.855,52.884,401,87.425
-84.802,53.35,406,79.03
-84.54,52.908,396,81.512
-84.461,52.782,390,83.571
-84.666,53.248,388,81.859
-85.022,52.969,410,79.973
-85.188,53.285,384,77.649
-84.937,52.989,408,78.84
-84.58,53.352,391,79.072
-85.038,53.391,394,77.558
-84.708,53.149,402,79.518
-85.017,53.532,392,78.865
-84.947,53.017,387,80.999
-85.083,52.56,368,79.427
-85.051,52.865,394,79.146
-85.062,52.999,370,77.74
-85.288,53.432,383,75.97
-84.503,52.853,370,77.484
-84.622,53.07,382,77.186
-84.564,52.81,372,77.649
-84.705,53.11,381,76.433
-84.653,52.852,373,76.334
-84.619,53.142,381,79.171
-84.767,53.232,361,72.935
-84.876,52.863,392,79.063
-84.517,53.231,385,76.913
-84.6,53.24,374,77.004
-85.19,52.851,377,78.129
-85.309,53.247,381,76.053
-85.023,53.13,377,76.152
-85.737,53.202,381,78.087
-85.447,53.215,377,74.746
-85.532,53.019,380,75.383
-85.028,53.203,369,75.896
-85.431,53.167,382,79.072
-85.169,53.199,363,76.64
-86.028,53.146,364,74.92
-85.855,53.162,379,76.243
-86.183,53.109,371,78.03
-85.849,53.361,387,77.161
-85.827,53.275,376,78.03
-85.205,53.219,356,77.112
-85.522,53.441,356,76.913
-85.725,53.197,372,76.706
-85.555,53.07,372,74.531
-85.655,53.207,372,75.573
-86.255,52.89,365,72.86
-86.127,52.923,364,73.249
-85.553,53.145,352,74.556
-85.856,53.393,375,75.366
-86.024,53.348,370,74.184
-86.091,52.998,351,75.036
-85.786,53.326,354,75.127
-86.224,53.364,370,74.258
-86.14,53.316,368,76.69
-85.679,53.279,355,75.706
-85.898,53.013,357,73.53
-85.792,53.334,363,74.862
-86.072,53.081,375,73.059
-86.161,52.843,355,72.48
-85.749,53.305,368,76.549
-86.355,53.278,362,74.746
-86.171,53.302,351,72.571
-85.927,53.163,356,74.192
-85.987,53.249,344,71.38
-85.786,53.441,334,74.118
-85.839,53.595,338,71.769
-85.807,53.74,334,75.516
-86.371,53.545,342,74.002
-86.115,53.357,356,73.241
-86.036,53.458,340,75.681
-86.61,53.19,373,73.721
-86.069,53.072,354,74.002
-85.916,53.236,354,74.101
-86.148,52.943,351,71.835
-86.145,53.464,360,75.681
-86.194,53.377,346,72.571
-86.132,53.257,347,74.482
-86.25,53.277,343,74.556
-85.879,53.264,346,70.892
-86.339,53.539,342,77.492
-86.053,53.549,349,74.399
-86.265,53.114,340,74.672
-86.002,53.332,343,71.165
-85.908,53.676,353,77.302
-86.03,53.016,357,75.201
-85.81,53.527,338,70.52
-85.795,53.705,341,75.028
-86.083,53.53,347,74.192
-85.807,53.528,335,72.116
-85.991,53.339,341,72.116
-86.034,53.578,339,72.96
-85.887,53.472,315,73.522
-86.298,53.51,346,71.471
-86.08,53.737,337,75.325
-85.903,53.667,341,76.26
-85.66,53.776,327,73.258
-85.924,53.899,347,73.051
-85.804,53.4,341,69.974
-86.148,53.571,337,73.812
-85.956,53.821,334,73.125
-85.759,53.493,339,77.311
-85.609,53.45,328,72.009
-85.99,53.713,333,71.901
-86.27,53.701,349,71.835
-85.822,53.444,334,69.486
-85.691,53.439,336,72.571
-85.579,53.954,315,76.831
-85.873,53.791,333,73.911
-85.606,53.566,324,72.389
-86.145,53.878,325,72.968
-85.715,53.715,328,76.07
-85.918,53.779,325,72.042
-86.132,53.571,332,72.968
-85.681,53.536,334,71
-85.749,53.733,326,72.596
-85.899,53.675,325,71.662
-86.301,53.655,330,76.434
-85.284,54.135,323,77.567
-85.844,53.571,322,73.241
-86.169,53.633,329,76.334
-85.646,53.845,322,72.315
-85.358,53.715,325,71.446
-85.895,53.819,328,72.133
-86.167,53.682,330,72.803
-85.694,53.645,327,73.067
-85.651,53.736,320,71.554
-85.776,53.64,323,69.974
-85.753,53.757,312,69.61
-85.13,53.654,319,72.406
-86.122,53.245,318,74.3
-86.061,53.381,316,78.998
-85.612,53.177,317,73.622
-86.155,53.224,330,75.408
-86.286,53.414,326,71.074
-85.856,53.639,328,71.736
-85.628,53.179,318,72.48
-85.823,53.438,322,69.66
-86.195,53.024,315,73.936
-85.925,53.203,314,72.613
-85.99,53.214,318,70.446
-86.087,53.658,329,71.562
-85.785,53.617,313,70.33
-86.287,53.196,333,70.528
-86.266,53.432,280,68.924
-85.798,53.337,295,70.727
-85.972,53.311,316,71.446
-85.661,52.95,307,69.139
-85.813,53.542,329,71.579
-85.383,53.501,301,74.11
-86.054,53.308,316,73.448
-85.966,53.109,322,71.554
-86.039,53.344,319,69.801
-86.279,53.44,318,70.644
-85.697,53.365,318,73.134
-86.174,53.194,316,74.598
-85.9,53.232,312,67.915
-85.912,53.077,316,71.281
-86.193,53.33,311,72.158
-85.664,53.369,314,70.512
-85.775,53.655,304,66.873
-85.972,53.346,311,71.695
-85.893,53.747,296,69.338
-85.946,53.338,317,67.063
-85.84,53.38,310,68.957
-86.24,53.322,303,73.672
-85.897,53.695,333,71.471
-86.023,53.165,307,69.412
-86.619,53.385,301,75.144
-85.997,53.38,307,72.423
-85.967,53.419,296,70.537
-86.423,53.754,307,71.761
-86.103,53.544,282,73.63
-85.876,53.383,307,69.627
-86.512,53.037,304,68.403
-86.025,53.68,322,72.613
-86.564,53.787,299,73.911
-86.568,53.148,305,68.767
-86.064,53.702,305,72.547
-85.979,53.338,282,69.801
-86.258,53.227,298,69.346
-85.452,53.625,289,69.412
-86.233,53.841,310,70.826
-86.115,53.223,303,71.687
-86.37,53.61,311,71.579
-85.86,53.616,277,74.209
-86.44,53.507,307,70.917
-85.986,53.702,292,67.791
-86.505,53.649,304,71.108
-86.248,53.381,300,69.346
-86.337,53.616,297,68.163
-86.263,53.37,320,70.446
-85.963,53.654,309,69.792
-86.775,53.339,301,69.867
-85.985,53.947,289,67.882
-86.052,53.406,288,66.393
-85.834,53.707,283,69.71
-86.272,53.521,268,65.103
-86.026,53.342,294,70.338
-86.517,53.514,320,70.727
-86.451,53.215,297,70.752
-85.734,53.567,295,70.727
-85.688,53.667,280,70.471
-85.888,53.857,289,68.775
-85.878,53.588,313,68.535
-85.638,53.723,293,66.509
-85.596,53.51,287,66.509
-86.07,53.304,298,70.363
-85.564,53.785,291,72.787
-85.51,53.322,299,71.67
-85.859,53.679,296,67.03
-86.336,53.651,292,70.074
-86.36,53.589,297,70.81
-85.613,53.75,281,67.27
-85.702,53.638,271,65.566
-86.071,53.583,293,67.642
-86.276,53.537,287,68.452
-85.397,53.917,287,66.228
-85.879,53.712,308,71.389
-86.075,53.552,293,67.989
-86.098,53.474,290,71.463
-86.043,53.578,258,69.122
-86.255,53.767,287,70.537
-85.508,53.789,283,67.154
-85.957,53.432,289,67.708
-85.836,53.238,293,68.494
-86.134,53.452,289,69.255
-85.726,53.91,307,69.139
-85.483,53.466,295,67.361
-86.169,53.782,283,67.055
-85.887,53.704,302,69.04
-86.119,53.781,290,73.258
-85.61,54.042,266,66.989
-86.111,54.127,300,68.841
-86.165,54.123,292,72.828
-85.528,54.145,304,69.883
-85.703,53.715,285,66.327
-85.344,53.971,275,66.782
-85.843,53.785,291,64.549
-85.338,53.571,280,67.353
-85.784,53.323,286,69.23
-85.295,53.848,274,65.839
-85.695,53.738,312,68.353
-85.555,53.71,279,67.907
-86.488,53.494,300,69.321
-85.932,53.818,277,67.353
-85.873,53.817,281,66.592
-85.976,53.514,276,66.526
-85.813,53.739,279,70.909
-85.841,53.541,283,70.355
-85.648,53.624,294,67.501
-85.891,53.689,279,68.784
-85.363,53.638,278,67.361
-85.934,53.398,279,69.801
-85.143,53.816,267,66.038
-85.846,53.996,293,71.289
-85.375,53.961,279,63.581
-86.154,53.475,273,66.625
-86.223,53.696,278,67.518
-85.534,53.815,291,68.585
-85.824,53.706,277,66.294
-85.092,53.726,266,67.725
-85.926,53.848,274,67.08
-85.901,53.785,281,70.52
-85.69,53.422,278,67.353
-85.591,54.382,270,67.477
-86.156,53.695,277,66.038
-85.964,54.029,272,70.363
-86.045,53.315,272,65.682
-85.529,53.54,282,68.403
-85.149,53.791,260,67.378
-85.671,53.696,267,66.6
-85.832,53.664,270,67.245
-85.809,53.362,274,67.998
-85.982,53.468,277,70.835
-85.635,53.371,270,67.055
-86.024,53.817,262,69.793
-85.942,53.298,264,64.251
-85.982,53.253,272,71.869
-85.654,53.397,270,66.17
-86.252,53.491,282,66.989
-86.106,53.312,299,70.835
-86.079,53.534,278,66.592
-85.824,53.497,270,66.046
-85.42,53.449,248,66.236
-86.221,52.929,272,66.807
-85.923,53.178,273,66.691
-85.866,53.23,279,68.759
-85.989,53.28,273,68.577
-86.083,53.352,267,64.45
-87.466,53.049,274,66.807
-88.603,52.748,251,68.395
-89.174,52.161,277,70.636
-88.334,52.894,269,63.3
-89.067,52.855,275,67.816
-88.885,52.998,278,64.706
-88.608,52.57,247,66.418
-88.763,53.222,251,69.363
-89.582,52.364,230,61.365
-88.57,52.825,276,70.074
-88.367,52.697,269,69.313
-88.258,52.718,261,69.222
-88.776,52.611,274,67.841
-89.132,52.545,270,67.924
-88.654,52.832,263,66.873
-88.333,52.888,258,70.86
-88.466,52.622,274,66.484
-88.92,52.857,248,71.406
-88.806,52.783,268,63.763
-89.099,52.365,273,68.751
-89.008,52.565,272,66.898
-88.697,52.309,275,68.577
-88.498,52.714,263,67.568
-88.601,53.14,258,68.676
-88.754,53.004,267,69.528
-89.022,52.965,264,66.228
-88.647,52.99,257,70.479
-88.917,52.675,270,69.801
-88.089,52.931,282,66.211
-88.815,52.914,247,65.881
-88.666,52.665,272,69.71
-88.564,52.681,264,68.387
-88.709,52.554,267,66.253
-89.182,52.572,276,70.173
-88.436,52.913,254,68.875
-88.287,52.692,264,64.152
-88.65,53.004,283,69.975
-88.698,52.516,270,66.617
-88.787,53.053,266,66.319
-88.877,53.1,292,69.222
-88.885,53.103,277,68.469
-88.732,53.019,255,63.507
-88.351,52.822,257,66.617
-88.924,52.764,263,68.503
-88.636,52.686,271,66.716
-88.588,52.691,261,66.41
-88.342,52.866,265,65.74
-88.881,52.685,267,71.778
-88.672,52.574,269,66.724
-88.726,52.998,278,69.288
-89.321,53.135,264,70.082
-88.938,52.805,265,71.025
-88.914,52.949,260,65.674
-89.011,52.752,263,67.907
-88.54,52.993,271,68.097
-88.886,53.276,240,73.928
-88.921,53.152,237,69.131
-88.818,52.851,254,69.321
-88.579,52.81,260,68.957
-89.3,53.007,263,66.319
-88.806,52.873,265,70.554
-88.577,52.908,257,70.289
-88.576,52.504,265,68.295
-88.26,53.302,247,65.285
-88.616,53.242,268,67.824
-88.543,53.099,242,64.433
-88.672,52.611,261,68.106
-88.455,52.837,259,67.444
-88.444,53.15,251,66.898
-88.771,53.19,256,64.433
-88.517,52.97,252,67.171
-88.555,53.357,246,68.759
-88.873,52.951,267,73.076
-88.536,52.636,259,65.864
-88.511,53.059,264,64.921
-88.395,52.811,255,69.065
-88.548,53.266,247,68.858
-88.476,52.943,251,65.484
-88.305,53.017,241,66.435
-88.436,52.8,251,67.56
-88.938,52.997,266,65.376
-88.109,53.334,242,66.021
-88.411,53.392,250,67.924
-88.337,52.841,258,70.752
-88.219,53.208,243,68.213
-88.49,53.068,230,64.243
-87.838,53.034,252,62.936
-88.461,53.143,240,64.979
-88.295,53.141,244,63.416
-88.25,53.244,246,68.585
-87.932,53.319,247,65.947
-88.63,53.434,224,60.025
-88.355,53.751,234,61.919
-88.465,52.721,258,66.03
-87.978,53.512,246,72.034
-88.407,52.96,250,66.22
-87.883,52.663,249,63.325
-88.662,53.091,226,59.951
-87.953,53.161,234,65.211
-88.249,52.756,251,68.279
-88.222,53.3,246,68.006
-87.973,53.415,252,60.877
-88.505,53.117,221,69.123
-88.524,53.333,255,73.167
-88.61,52.654,255,68.568
-88.68,52.895,244,63.995
-88.212,53.21,242,68.742
-88.161,53.058,221,65.873
-88.464,53.21,224,67.37
-88.727,52.355,252,68.023
-88.703,53.042,230,59.281
-89.132,52.708,249,67.75
-88.585,53.054,234,65.31
-88.783,52.917,254,63.433
-88.779,53.117,255,67.725
-88.989,52.617,252,66.311
-88.613,52.359,242,63.706
-88.211,53.299,228,67.386
-88.029,53.074,239,64.268
-88.724,52.744,253,68.023
-88.115,52.845,247,66.782
-88.143,52.993,244,66.319
-88.466,53.054,231,68.883
-88.892,52.634,215,62.308
-88.324,52.883,236,66.484
-89.097,52.557,251,65.368
-88.314,52.972,231,64.822
-88.822,52.883,261,73.184
-88.633,53.214,260,69.644
-88.685,52.907,237,68.097
-88.9,52.242,247,69.313
-89.373,52.487,249,62.746
-88.955,52.406,249,65.285
-88.787,52.614,247,65.541
-89.213,52.648,251,69.412
-88.087,52.933,236,71.108
-88.242,53.24,235,68.395
-88.815,52.644,250,63.209
-88.654,52.538,248,65.484
-88.309,52.747,237,65.674
-88.528,52.78,255,67.568
-88.465,52.676,249,65.682
-89.136,52.68,249,64.582
-88.173,52.971,222,67.361
-88.815,52.674,246,63.854
-88.957,52.814,241,67.659
-88.486,53.061,246,65.103
-88.295,52.744,250,66.526
-88.153,52.943,229,67.278
-89.084,52.708,249,63.143
-88.745,52.644,241,63.697
-88.609,52.886,237,63.416
-88.852,52.605,246,64.748
-89.247,52.863,252,66.716
-89.186,52.853,248,64.061
-89.096,52.868,259,69.131
-88.378,53.277,228,64.243
-88.957,52.672,240,65.194
-88.669,52.901,262,70.983
-88.53,52.642,238,63.292
-88.728,52.615,255,69.239
-88.572,52.644,242,67.336
-88.069,52.797,241,69.693
-88.082,52.699,216,62.126
-88.333,52.788,245,64.45
-88.565,52.788,248,71.769
-88.9,53.163,248,67.262
-89.207,52.728,250,64.243
-88.637,53.138,267,73.365
-88.679,53.067,234,63.698
-89.046,52.694,243,67.651
-88.75,53.066,248,69.156
-88.199,53.245,235,60.414
-88.471,53.08,253,68.196
-88.916,52.81,240,65.856
-88.266,53.101,240,62.217
-88.782,53.203,239,66.716
-89.051,52.925,242,69.057
-88.524,53.01,240,66.228
-88.485,52.99,239,69.685
-88.623,53.108,244,64.756
-88.842,53.115,256,70.338
-88.486,52.694,243,69.131
-88.417,53.017,233,70.33
-88.463,53.002,244,65.583
-88.082,53.127,226,67.816
-88.286,53.389,232,66.708
-88.603,53.189,235,66.774
-88.42,53.403,227,61.084
-88.434,52.846,244,65.955
-88.525,53.429,248,68.461
-88.889,53.253,264,68.751
-88.63,53.349,224,69.33
-88.237,53.344,224,64.152
-88.601,53.103,248,67.262
-88.589,52.705,238,66.476
-88.882,52.84,262,69.776
-89.315,52.957,244,67.469
-88.619,53.021,245,72.423
-88.693,52.883,236,65.558
-88.761,52.932,238,71.24
-88.831,53.361,246,64.069
-89.205,53.034,241,66.683
-88.171,53.231,231,67.469
-88.487,52.909,234,64.285
-87.759,53.162,221,64.342
-88.749,52.424,241,66.319
-88.718,52.853,236,66.038
-88.405,53.42,218,63.706
-88.791,53.014,244,67.849
-88.43,52.867,233,69.247
-88.491,52.801,244,63.97
-88.386,53.355,235,67.055
-87.877,53.111,242,66.137
-88.031,53.126,229,70.256
-88.372,53.409,220,69.123
-88.128,53.075,222,63.019
-88.575,52.789,237,66.302
-88.019,53.381,227,71.108
-88.384,52.55,234,70.603
-88.517,52.805,241,64.615
-88.464,52.488,236,66.203
-88.252,52.654,236,64.756
-88.544,52.521,239,65.831
-88.449,52.587,237,62.763
-88.553,52.633,236,65.649
-87.915,52.963,216,67.146
-88.795,52.676,239,68.594
-88.846,52.639,233,63.334
-88.209,53.093,222,64.367
-88.909,52.388,237,64.822
-88.223,52.573,231,64.086
-88.444,53.014,228,67.651
-88.581,52.666,234,68.023
-88.617,52.777,231,66.319
-88.631,52.583,232,62.283
-88.651,52.826,243,68.486
-88.601,52.566,237,64.061
-88.752,52.542,234,71.662
-88.631,52.748,257,64.706
-88.012,53.049,221,62.531
-88.539,52.834,242,65.004
-88.661,52.423,232,63.118
-88.676,52.653,253,67.617
-88.907,52.527,241,64.086
-88.418,52.69,244,66.501
-88.164,52.417,222,65.095
-88.471,52.879,244,66.452
-88.565,53.021,218,65.194
-88.5,52.605,227,64.615
-88.23,52.964,225,65.12
-88.875,52.671,238,64.061
-89.085,52.636,234,60.596
-88.343,52.705,219,60.091
-89.065,52.799,226,64.905
-89.131,52.611,235,64.243
-88.918,52.827,252,67.634
-88.883,52.827,237,66.989
-88.698,52.601,258,71.852
-88.556,52.696,235,65.964
-89.082,52.76,230,61.357
-89.099,53.009,233,65.782
-88.641,53.278,241,59.818
-88.786,52.877,230,65.856
-89.034,52.743,234,63.714
-88.836,52.714,241,63.623
-88.464,52.994,230,62.283
-88.766,52.719,381,76.698
-88.822,52.256,396,83.538
-88.817,52.284,396,81.123
-88.721,52.495,394,78.501
-88.973,52.397,403,79.535
-88.866,52.488,392,79.237
-89.1,52.669,399,82.14
-88.581,52.58,403,79.336
-88.208,52.431,399,78.195
-88.695,52.71,393,81.586
-89.085,52.794,393,76.706
-89.021,52.797,398,80.577
-88.984,52.674,401,80.932
-88.971,52.399,392,82.364
-88.494,52.681,399,77.839
-88.662,52.973,392,81.33
-88.605,52.721,401,79.419
-88.77,52.491,399,76.888
-88.979,52.708,396,83
-88.271,52.799,395,77.823
-88.622,52.754,399,82.33
-88.454,52.545,402,86.474
-88.718,52.492,390,81.024
-88.95,52.756,399,81.412
-89.068,52.939,399,79.634
-89.135,52.742,408,79.064
-88.878,52.698,396,83.662
-89.095,52.601,393,77.897
-88.416,52.67,396,80.759
-88.828,52.828,391,78.013
-89.278,52.468,399,76.797
-89.236,52.998,406,81.569
-88.489,52.519,396,77.955
-88.668,52.974,395,78.708
-88.554,52.651,398,77.442
-88.569,52.759,398,81.594
-88.797,52.269,404,85.821
-88.968,52.922,393,83.769
-88.76,52.995,407,81.321
-88.566,53.003,398,79.444
-88.432,52.97,397,79.353
-88.586,52.955,398,76.491
-88.391,52.897,391,78.385
-88.526,52.901,395,78.757
-88.8,52.761,408,79.154
-88.625,52.756,394,79.882
-88.501,52.863,402,78.476
-88.417,52.952,394,80.362
-88.174,52.986,388,76.318
-88.827,52.807,397,79.543
-88.436,52.584,390,79.535
-88.595,52.711,395,81.032
-88.331,52.834,399,76.905
-88.29,53.07,392,79.411
-88.461,53.083,386,79.163
-88.437,52.94,397,80.478
-88.764,52.668,396,85.258
-88.575,52.727,406,80.867
-88.379,53.007,387,80.552
-88.6,53.053,391,76.831
-88.091,52.995,385,77.269
-89.036,52.746,402,81.023
-88.545,52.671,388,78.377
-88.716,52.789,395,75.234
-88.413,52.6,390,79.609
-88.86,52.574,400,82.256
-88.504,52.476,389,78.319
-88.446,52.645,396,76.996
-88.397,52.699,387,78.211
-89.031,52.297,390,80.743
-88.509,52.486,385,78.294
-88.723,52.606,393,81.222
-88.748,52.512,385,77.161
-88.73,52.439,385,77.368
-88.505,52.548,380,77.947
-88.767,52.471,393,79.361
-88.492,52.79,386,78.319
-88.975,52.474,383,81.379
-88.932,52.352,386,79.237
-88.457,52.547,382,79.08
-88.721,52.51,382,78.584
-89.099,52.543,394,77.186
-88.825,52.366,390,78.468
-88.874,52.324,393,78.435
-88.49,52.49,391,78.021
-88.391,52.7,391,77.434
-88.815,52.185,385,78.584
-88.42,52.619,379,79.055
-88.05,52.53,380,75.201
-88.29,52.269,386,75.201
-88.85,52.652,383,80.263
-89.134,52.463,395,79.138
-88.773,52.552,377,76.996
-88.942,52.324,393,78.22
-88.862,52.729,374,80.288
-88.782,53.063,385,77.558
-88.456,52.795,387,76.698
-88.86,52.557,382,75.755
-88.872,52.373,389,78.791
-88.935,52.673,398,82.528
-88.723,52.705,389,79.932
-88.667,52.323,390,83.298
-88.573,52.429,379,79.899
-88.78,52.279,400,80.105
-88.713,52.481,393,80.023
-88.91,52.518,383,81.098
-88.547,52.713,375,77.476
-88.97,52.472,387,79.328
-89.006,52.611,392,79.742
-88.649,52.18,392,82.537
-88.663,52.543,380,75.706
-89.094,52.621,391,80.85
-88.939,52.715,388,80.345
-88.708,52.42,393,83.108
-88.989,52.862,386,78.567
-88.42,53.006,384,77.095
-88.529,52.653,388,78.501
-88.529,52.506,388,80.478
-88.205,52.903,380,77.277
-88.985,52.406,388,76.698
-88.527,52.872,388,79.807
-88.132,52.984,382,78.493
-88.19,53.038,369,75.871
-88.417,52.858,392,80.015
-88.808,52.824,385,78.476
-88.316,52.81,391,76.987
-88.932,53.002,387,79.535
-88.57,52.643,388,81.33
-88.46,52.731,391,77.459
-88.644,52.82,391,79.543
-88.702,52.754,388,78.385
-88.682,53.001,400,79.816
-88.545,52.931,396,80.188
-88.596,52.74,382,80.453
-88.304,52.945,393,81.231
-88.784,52.616,386,82.066
-88.435,52.957,384,81.049
-88.743,52.811,384,76.524
-88.167,52.769,384,74.531
-88.79,52.425,390,85.838
-88.591,53.227,397,80.188
-88.444,52.957,379,79.882
-88.722,53.349,383,78.22
-88.795,52.916,401,80.18
-88.395,52.827,380,77.74
-88.972,53.236,394,80.114
-88.428,53.136,374,77.757
-89.034,53.016,384,77.732
-88.444,52.456,396,84.812
-88.246,52.52,390,77.087
-88.267,52.735,381,79.345
-88.479,52.841,390,77.55
-88.559,53.149,374,75.499
-88.527,53.072,389,79.146
-88.413,53.025,390,81.288
-88.628,53.054,390,80.18
-88.68,52.533,385,80.768
-88.305,52.862,386,77.252
-88.615,52.817,394,79.171
-88.239,52.855,385,76.533
-88.427,52.633,383,79.237
-88.543,52.708,397,81.057
-88.572,52.893,395,79.444
-88.241,52.861,392,76.996
-88.228,52.852,388,78.311
-88.908,52.914,387,78.947
-88.122,52.914,379,77.459
-88.511,52.792,391,80.66
-88.28,52.751,383,82.347
-88.346,52.636,390,82.438
-87.99,52.812,378,76.119
-88.42,52.817,392,79.146
-88.261,52.612,388,81.33
-88.666,52.675,382,78.22
-88.209,52.876,391,76.88
-88.186,53.001,383,76.715
-88.55,52.571,388,78.22
-88.382,52.951,390,77.442
-88.291,52.995,389,79.891
-88.339,52.937,393,77.087
-88.355,52.916,382,78.584
-88.526,52.738,391,79.461
-88.2,52.826,387,77.451
-88.406,52.673,386,75.036
-88.678,52.542,388,80.387
-88.501,52.285,389,78.873
-88.205,52.263,381,79.345
-88.749,52.287,384,78.096
-88.844,52.563,377,78.377
-88.576,52.565,394,81.04
-88.382,52.225,382,75.871
-88.62,52.567,392,79.907
-88.825,52.266,394,85.275
-88.722,52.257,389,83.182
-88.428,52.64,401,82.14
-88.804,52.405,375,81.032
-88.822,52.564,386,81.222
-88.572,52.733,388,78.021
-88.453,52.411,376,78.964
-88.957,52.331,393,83.464
-88.553,52.599,382,80.966
-88.851,52.557,387,79.601
-88.899,52.441,388,79.816
-88.983,52.498,392,80.726
-88.709,52.476,371,77.434
-88.789,52.087,392,86.871
-88.504,52.391,384,82.057
-88.688,52.57,381,79.866
-88.94,52.505,383,80.279
-88.736,52.573,382,77.947
-88.655,52.414,383,79.444
-88.825,52.389,384,78.005
-88.937,52.538,391,79.427
-88.478,53.035,377,78.294
-88.77,52.403,385,80.106
-88.54,52.617,379,81.594
-88.458,52.515,382,77.93
-89.091,52.883,398,79.601
-88.632,52.238,384,80.18
-88.452,52.53,384,81.751
-88.615,52.761,391,80.106
-88.717,52.643,379,75.656
-88.717,52.564,391,82.33
-89.088,52.632,387,80.089
-88.963,52.778,377,80.552
-88.524,52.486,389,78.575
-88.667,52.58,381,81.867
-88.593,52.601,380,77.442
-88.991,51.984,386,79.022
-88.827,52.411,382,80.47
-89.011,52.327,382,79.907
-88.84,52.38,388,82.926
-88.64,52.55,378,77.93
-88.465,52.699,386,79.635
-88.709,52.569,390,81.503
-88.462,52.362,389,78.873
-88.482,52.689,391,79.444
-88.478,52.877,387,78.741
-88.724,52.538,386,81.586
-88.513,52.538,391,79.419
-88.651,52.567,386,77.368
-88.773,52.74,384,77.351
-88.52,52.843,380,78.592
-88.395,52.944,384,78.402
-88.849,52.503,379,76.326
-88.527,52.824,383,79.808
-88.666,52.697,392,76.698
-88.129,52.743,378,78.501
-88.572,52.457,388,81.429
-88.711,52.399,387,80.759
-88.239,52.907,389,80.271
-88.838,52.66,387,77.996
-88.358,52.956,390,79.328
-88.309,52.777,384,76.698
-88.617,52.733,385,80.106
-88.279,52.908,387,78.104
-88.573,52.881,397,78.435
-88.614,52.774,385,80.106
-89.14,52.774,387,76.789
-88.825,52.806,384,79.311
-88.328,52.743,380,78.377
-88.11,52.622,372,79.155
-88.286,52.854,388,78.121
-88.97,53.204,380,77.947
-88.621,52.841,388,77.368
-88.317,52.681,390,79.692
-88.885,52.548,384,78.269
-88.182,53.05,378,77.624
-89.107,52.756,390,80.56
-88.588,52.79,380,78.567
-88.558,52.917,375,79.138
-88.362,53.034,385,78.385
-88.207,52.888,387,79.436
-88.67,52.839,387,80.751
-88.622,52.483,385,82.347
-88.577,52.398,383,77.285
-88.681,52.812,389,79.047
-88.676,52.733,383,78.592
-88.595,52.944,388,79.427
-88.54,52.777,386,78.046
-88.612,52.975,371,73.985
-88.775,52.62,381,82.628
-88.163,52.968,382,75.474
-88.568,52.526,378,76.979
-88.314,52.703,378,77.252
-88.65,52.975,383,77.93
-88.469,52.8,385,79.171
-88.437,52.981,390,76.334
-88.585,52.643,392,78.964
-88.663,52.707,384,76.615
-88.42,52.555,393,81.619
-88.83,52.934,378,80.651
-88.019,52.842,376,79.816
-88.355,52.74,394,78.038
-88.436,52.823,388,83.679
-88.234,52.589,391,78.873
-88.131,52.617,389,76.789
-88.783,52.462,381,76.979
-88.222,52.65,397,77.831
-88.422,52.826,387,78.973
-88.25,52.26,383,76.26
-88.195,52.691,384,78.22
-88.64,53.152,389,77.806
-88.321,52.766,389,77.533
-88.196,52.722,388,79.899
-88.11,52.502,382,78.493
-88.478,52.647,386,80.478
-88.601,52.595,385,78.7
-88.263,52.779,390,80.924
-88.476,52.663,390,79.254
-88.506,52.459,380,77.558
-88.642,52.784,388,81.106
-88.376,53.134,381,77.939
-88.516,52.777,379,78.51
-88.525,52.906,387,80.18
-88.303,52.638,391,79.618
-88.476,52.56,387,79.733
-88.652,52.66,370,79.75
-88.316,52.503,379,78.22
-88.645,52.628,383,77.103
-88.451,52.303,393,78.41
-88.71,52.198,385,80.271
-88.628,52.322,387,76.541
-88.444,52.448,383,78.882
-88.553,52.333,383,78.865
-88.751,52.402,381,79.551
-88.335,52.477,384,78.774
-88.457,52.557,375,80.867
-88.241,52.615,375,75.962
-88.629,52.494,389,80.569
-88.472,52.583,380,78.137
-88.483,52.373,386,79.072
-88.846,52.291,378,78.113
-88.384,52.124,383,78.344
-88.34,52.264,386,81.313
-88.693,52.184,379,75.391
-88.209,52.172,380,80.85
-88.661,52.485,391,82.173
-88.44,52.392,385,81.429
-88.422,52.473,385,81.404
-88.082,52.569,373,76.301
-88.573,52.093,386,82.719
-88.31,52.146,363,77.368
-88.318,52.523,381,78.112
-88.273,52.427,386,76.88
-88.609,52.595,379,77.947
-88.6,52.217,382,80.651
-88.244,52.66,384,76.508
-88.598,52.519,383,81.784
-88.297,52.674,377,75.722
-88.751,52.213,379,77.939
-88.663,52.501,384,80.089
-88.268,52.429,379,78.385
-88.581,52.364,377,78.22
-88.514,52.81,373,79.163
-88.478,52.262,380,75.664
-88.721,52.251,376,78.865
-88.61,52.468,382,81.057
-88.737,52.419,386,77.567
-88.36,52.865,385,77.74
-88.569,52.512,371,78.609
-88.2,52.799,376,78.584
-88.537,52.547,378,82.744
-88.752,52.826,385,79.998
-88.822,52.336,376,76.69
-88.433,52.778,372,78.319
-88.39,52.608,386,79.138
-88.447,52.436,378,77.186
-88.447,52.397,387,77.748
-88.442,52.492,379,79.907
-87.971,52.61,383,75.383
-88.552,52.685,381,78.03
-88.288,52.605,384,76.615
-88.662,52.492,374,79.328
-88.714,52.69,377,76.88
-88.394,52.832,381,78.683
-88.914,52.521,382,81.313
-88.584,52.62,356,76.541
-88.725,52.183,380,79.419
-88.358,52.805,388,77.161
-88.65,52.651,378,79.593
-88.355,52.642,377,79.353
-88.741,52.677,380,77.988
-88.529,52.991,371,76.036
-88.334,52.498,383,78.782
-88.158,52.722,375,75.573
-88.455,52.673,384,79.924
-88.674,52.587,378,77.087
-88.841,52.675,382,78.973
-88.574,52.615,383,80.08
-88.518,52.843,388,77.55
-88.307,52.779,388,78.129
-88.278,52.809,380,80.015
-88.444,52.897,389,76.433
-88.523,52.772,384,76.789
-88.707,52.706,381,80.776
-88.539,52.37,378,78.973
-88.292,52.634,385,79.32
-88.833,52.762,376,77.831
-88.379,52.754,372,78.981
-88.707,52.958,381,77.178
-88.387,52.756,381,78.112
-88.437,53.029,374,77.467
-88.419,52.661,379,79.626
-88.991,52.751,384,80.726
-88.551,52.912,380,78.393
-88.513,52.748,381,76.07
-88.705,53.012,383,78.294
-88.686,52.785,383,76.797
-88.242,53.188,367,76.144
-88.4,52.551,379,79.907
-88.83,52.518,378,83.381
-88.297,52.954,379,77.616
-88.481,52.917,375,81.148
-88.636,52.606,387,78.112
-88.158,52.785,384,76.607
-88.398,52.678,387,77.575
-88.419,52.535,384,77.674
-88.416,53.002,382,79.436
-88.591,52.73,380,78.377
-88.231,52.638,391,79.535
-88.219,52.449,388,81.214
-88.624,52.598,379,77.087
-88.342,52.733,375,82.049
-88.447,52.822,381,80.387
-88.324,52.764,383,76.127
-88.28,52.843,382,76.607
-88.094,52.631,375,78.402
-88.106,52.793,380,76.169
-88.363,52.864,372,77.294
-88.318,52.527,379,79.171
-88.088,52.712,380,78.865
-88.117,52.562,380,77.641
-88.231,52.5,374,77.84
-88.376,52.727,381,76.524
-88.174,52.623,375,81.611
-88.216,52.532,378,77.848
-88.128,52.677,376,76.996
-88.211,52.43,373,80.106
-88.331,52.444,381,75.871
-88.377,52.515,382,80.676
-88.763,52.668,371,77.128
-88.206,52.351,375,82.14
-88.296,52.203,374,80.751
-88.351,52.251,380,78.691
-88.196,52.454,377,79.419
-88.503,52.4,373,74.837
-88.31,52.441,371,78.882
-88.565,52.451,369,78.865
-88.585,52.349,370,75.391
-88.163,52.809,367,79.8
-88.119,52.204,371,74.945
-88.687,52.627,369,78.584
-88.371,52.427,379,80.875
-88.196,52.499,377,78.865
-88.804,52.423,378,77.906
-89.157,52.709,385,77.831
-88.442,52.357,373,78.154
-88.266,52.222,374,82.819
-88.348,52.684,369,79.072
-88.862,52.259,376,76.491
-88.021,52.611,378,76.128
-88.48,52.455,371,78.427
-88.505,52.407,375,77.476
-88.798,52.789,373,74.713
-88.608,52.18,373,74.556
-88.673,52.591,375,79.998
-88.635,52.73,380,78.774
-88.852,52.636,374,77.931
-88.483,52.714,377,77.757
-88.226,52.619,379,78.857
-88.127,52.709,378,77.922
-88.208,52.431,371,78.22
-88.353,52.375,375,82.091
-88.737,52.618,375,76.417
-88.329,52.571,377,77.947
-88.514,52.407,369,76.996
-88.463,52.695,373,79.245
-87.968,52.627,378,77.062
-88.197,52.569,374,76.053
-88.076,52.245,371,77.087
-88.35,52.509,375,77.757
-88.684,52.61,376,77.939
-88.57,52.502,377,79.146
-88.15,52.711,369,82.083
-88.64,52.776,372,76.615
-88.634,52.461,376,76.533
-88.241,52.852,384,75.441
-88.535,52.458,372,78.013
-88.23,52.604,380,79.626
-88.187,52.542,368,77.368
-88.335,52.727,361,78.865
-88.939,52.429,376,78.774
-88.642,52.714,376,76.905
-88.245,52.719,381,78.584
-88.656,52.851,373,77.649
-88.693,52.476,371,74.713
-88.473,52.725,375,76.814
-88.208,52.197,368,83.025
-88.406,52.73,372,77.641
-88.677,52.52,372,74.92
-88.124,52.838,378,79.444
-88.399,52.82,378,78.311
-88.13,52.964,380,77.723
-88.1,52.629,378,79.709
-88.109,52.79,380,79.899
-88.244,52.85,375,77.343
-88.671,52.619,370,75.929
-88.354,52.772,376,79.055
-88.801,52.847,377,76.979
-88.087,52.778,371,76.268
-88.538,52.804,376,77.161
-88.667,52.62,374,76.698
-88.065,52.797,375,77.922
-88.328,52.919,376,77.203
-88.242,52.717,381,79.717
-88.628,52.722,375,78.129
-88.219,52.837,373,76.88
-88.259,52.77,373,78.038
-88.417,52.954,375,78.691
-88.69,52.795,371,75.491
-88.484,52.848,381,75.482
-88.526,52.89,368,76.326
-88.075,52.593,372,81.04
-88.306,52.885,380,76.45
-88.201,52.511,375,77.674
-88.449,52.827,380,77.649
-88.594,52.927,376,77.012
-88.424,52.409,371,81.876
-88.348,52.947,382,79.072
-88.342,52.651,381,80.378
-88.439,53.105,368,77.277
-88.362,53.03,376,76.078
-88.331,52.651,370,80.37
-88.376,52.569,372,79.51
-88.79,53.044,376,78.087
-88.388,52.568,371,80.321
-88.316,52.956,363,77.715
-88.58,52.671,375,77.93
-88.221,52.51,364,79.146
-88.229,52.784,369,77.939
-88.428,52.859,373,78.691
-88.128,52.698,380,78.005
-88.074,52.886,378,77.806
-88.279,53,377,79.171
-88.6,52.672,378,78.865
-88.752,52.576,371,75.929
-88.146,52.379,368,77.823
-88.106,52.762,377,79.155
-88.219,52.775,381,78.311
-88.157,52.586,374,76.045
-88.122,52.679,371,78.261
-88.723,52.561,373,81.793
-88.583,52.649,371,78.518
-87.99,52.562,364,78.104
-88.094,52.466,368,76.499
-88.541,52.439,388,81.901
-88.26,52.572,379,80.941
-88.389,52.35,374,78.203
-88.112,52.831,366,78.89
-87.986,52.561,373,78.303
-88.091,52.69,380,79.444
-88.556,52.598,372,78.386
-88.431,52.341,373,78.964
-88.861,52.335,367,77.533
-88.467,52.347,371,74.829
-88.32,52.58,374,79.791
-88.147,52.502,364,74.713
-88.242,52.725,374,77.55
-88.873,52.552,376,77.947
-88.289,52.627,379,78.03
-88.733,52.44,369,75.548
-88.236,52.6,370,79.552
-88.295,52.575,368,76.268
-88.064,52.551,369,75.59
-87.937,53.039,359,74.92
-88.135,52.756,380,78.964
-88.856,52.873,364,76.136
-88.354,52.615,374,77.649
-88.157,52.617,379,78.021
-88.38,52.735,375,80.958
-88.116,52.314,368,74.721
-88.485,52.945,377,80.114
-88.214,52.73,378,76.342
-88.361,52.884,377,77.492
-88.709,52.461,361,78.683
-88.213,52.584,376,76.888
-88.211,52.785,383,78.129
-88.365,52.427,363,78.03
-88.469,52.706,376,79.609
-88.07,52.521,368,76.533
-88.949,52.474,372,75.4
-88.697,52.53,365,73.861
-88.089,52.685,382,77.757
-88.764,52.639,374,77.244
-88.15,52.506,370,79.072
-88.636,52.492,370,82.248
-88.94,52.196,373,77.996
-88.19,52.62,373,77.277
-88.305,52.797,375,77.368
-88.6,52.854,369,76.045
-88.116,52.828,368,78.683
-88.72,52.686,369,76.781
-88.144,52.526,373,76.036
-88.14,53.029,368,77.095
-88.104,52.706,373,78.104
-88.425,52.923,367,75.366
-88.531,52.857,378,78.592
-88.476,52.544,372,80.006
-88.701,52.797,371,73.77
-88.221,53.081,376,78.485
-88.562,52.842,373,77.649
-88.528,53.149,377,80.188
-88.026,52.826,364,77.368
-88.585,52.535,370,78.021
-88.339,52.625,372,78.691
-88.009,52.762,369,78.22
-87.954,52.862,372,76.913
-88.836,52.627,370,80.246
-88.32,52.646,370,79.063
-88.047,52.735,370,80.643
-88.292,52.887,375,78.782
-88.641,52.943,375,76.607
-88.458,52.529,368,78.319
-88.6,52.84,373,77.897
-88.475,52.923,368,76.905
-88.077,53.017,369,77.64
-88.139,52.667,367,78.22
-88.525,53.041,370,78.195
-88.177,52.907,367,79.055
-88.217,52.709,375,76.979
-88.282,52.875,366,79.46
-88.515,52.51,368,77.823
-87.895,52.797,373,78.576
-88.178,53.198,374,75.474
-88.213,52.833,369,81.313
-88.505,52.714,375,80.097
-88.2,52.986,371,76.789
-88.379,52.981,379,76.152
-88.166,52.645,375,77.856
-87.976,52.811,371,80.362
-88.21,53.073,364,75.78
-88.179,52.942,367,78.129
-87.961,52.647,374,75.474
-88.455,52.69,373,76.26
-88.275,52.878,378,78.691
-88.285,53.122,370,75.681
-88.065,53.089,379,77.848
-88.079,53.128,367,77.856
-88.105,52.788,378,78.865
-87.941,52.822,370,77.186
-88.178,52.833,377,80.586
-88.087,53.131,371,81.512
-88.17,53.227,368,78.22
-88.412,52.633,373,79.163
-88.042,52.749,374,76.152
-88.219,53.026,371,76.822
-88.087,52.813,374,77.459
-88.356,53.031,369,75.226
-88.046,52.991,376,79.262
-88.229,52.666,374,76.913
-87.989,52.827,372,76.88
-88.208,52.483,368,78.7
-88.467,52.551,363,75.97
-87.997,52.534,372,77.087
-88.472,52.733,368,78.808
-88.019,52.388,366,78.666
-88.147,52.652,373,80.313
-88.026,52.602,374,77.087
-88.013,52.762,378,77.062
-88.161,52.397,372,78.402
-88.456,52.706,371,77.856
-88.267,52.733,369,79.808
-87.981,52.706,372,73.489
-88.126,52.894,379,78.609
-88.212,52.672,380,77.269
-88.352,52.526,368,77.36
-88.231,52.837,365,75.176
-87.917,52.53,371,80.197
-88.152,52.537,373,79.179
-88.222,52.746,368,76.938
-87.887,52.633,372,77.443
-88.231,52.551,374,78.592
-88.321,52.58,367,76.533
-87.876,52.63,372,79.155
-88.582,52.743,370,78.195
-87.817,52.732,363,77.666
-88.049,52.987,362,74.457
-88.42,52.735,370,80.668
-87.712,52.635,370,75.846
-88.397,52.487,367,75.507
-88.05,52.624,370,75.201
-88.54,52.941,365,78.873
-88.491,52.768,371,76.45
-88.613,52.569,372,80.387
-88.583,52.415,372,80.296
-88.126,52.89,363,78.567
-88.169,52.775,375,79.824
-88.477,52.604,374,83.679
-88.036,52.857,361,75.127
-88.147,52.471,367,77.533
-88.573,52.846,360,77.459
-88.413,52.656,364,81.611
-88.274,52.843,370,79.825
-88.283,52.895,363,79.353
-88.19,52.871,362,79.262
-88.189,52.664,366,80.106
-88.366,53.005,375,78.228
-88.044,52.897,370,77.087
-88.425,52.776,365,81.238
-88.087,52.746,370,77.831
-88.093,52.725,381,79.163
-87.782,52.644,373,81.57
-88.053,52.957,369,79.601
-88.102,52.859,379,79.336
-88.295,52.792,370,76.888
-88.17,52.874,374,78.41
-88.058,52.702,366,74.556
-88.175,52.891,366,80.66
-88.199,52.828,367,79.072
-88.189,52.806,368,80.651
-88.709,52.854,369,78.311
-88.046,52.812,363,76.218
-87.931,53.162,370,80.328
-88.092,52.468,371,78.964
-88.582,52.714,370,84.506
-88.103,53.098,367,76.442
-88.494,52.583,368,76.144
-88.19,52.659,367,76.789
-87.995,53.254,370,77.243
-88.096,52.692,369,78.311
-87.754,52.416,367,78.005
-88.408,53.024,374,76.632
-88.004,52.725,379,81.66
-87.793,52.783,375,78.501
-88.292,52.804,379,79.254
-87.956,52.757,374,77.335
-87.913,52.925,375,76.028
-88.217,52.893,368,77.624
-88.426,52.897,376,78.493
-87.969,52.807,363,76.045
-88.052,53.068,370,76.913
-88.626,53.059,367,76.45
-88.346,53.036,369,76.334
-88.096,52.69,373,78.6
-87.88,52.754,365,78.22
-88.122,53.051,371,79.717
-88.024,53.026,372,77.368
-88.062,52.933,375,80.742
-87.834,53.266,360,75.854
-87.839,52.792,371,76.409
-88.095,52.87,371,79.584
-88.132,52.719,365,77.947
-88.065,52.562,375,75.979
-88.223,52.937,367,77.211
-87.99,52.855,375,76.516
-88.351,52.673,369,80.486
-88.032,53.156,368,77.922
-88.282,53.048,374,75.598
-88.495,52.888,379,80.494
-88.108,52.801,365,76.624
-88.066,52.57,369,77.087
-87.831,52.643,369,80.635
-88.32,53.077,366,80.015
-87.951,53.261,365,76.425
-87.925,52.897,371,77.732
-87.767,53.038,376,78.484
-87.649,52.644,362,79.345
-87.771,53.192,368,75.854
-87.721,52.717,375,82.049
-87.85,52.911,369,79.328
-87.631,53.389,370,76.88
-87.911,53.397,373,74.82
-87.754,53.059,364,79.039
-87.928,52.843,370,76.698
-87.625,52.765,365,77.947
-88.044,52.957,370,76.053
-88.08,52.803,369,78.03
-87.784,52.945,362,76.425
-88.186,53.081,361,76.979
-87.954,53.013,364,77.533
-87.853,52.968,365,76.822
-87.874,52.627,371,79.146
-87.806,52.602,369,77.939
-88.156,52.891,366,78.013
-87.856,52.561,362,79.916
-88.182,52.663,375,79.047
-87.963,52.697,369,78.791
-88.043,53.024,367,78.021
-87.41,52.426,366,81.503
-87.901,52.855,368,76.698
-88.37,52.538,371,81.148
-88.355,52.637,366,79.725
-88.162,52.634,365,75.366
-88.498,52.708,367,81.743
-87.904,52.678,369,74.738
-87.897,52.483,365,75.664
-88.116,52.846,371,79.808
-88.225,52.428,365,78.121
-87.896,52.569,368,77.368
-88.02,52.869,365,77.368
-87.76,52.565,369,78.212
-88.055,52.771,366,77.88
-88.099,52.639,373,76.863
-88.233,52.524,370,78.774
-88.06,52.79,367,78.087
-88.273,52.839,375,79.932
-87.975,52.492,362,73.77
-88.231,52.462,370,78.6
-88.281,52.478,362,76.607
-88.051,52.646,368,76.227
-88.373,52.498,367,79.336
-87.599,52.531,372,78.882
-88.044,52.724,366,74.043
-88.106,52.711,370,79.634
-88.097,52.592,371,79.857
-88.122,52.672,364,76.136
-88.146,53.007,371,76.607
-88.056,52.459,369,80.271
-88.431,52.52,363,77.947
-88.571,52.924,361,79.146
-87.71,52.815,363,80.271
-87.901,52.7,369,79.436
-87.931,52.686,368,77.417
-88.125,53.131,364,79.998
-88.286,52.893,367,79.841
-88.291,52.423,365,78.22
-87.855,52.67,368,78.774
-88.366,52.719,361,77.815
-87.844,52.6,371,77.732
-88.11,52.659,369,76.979
-88.238,52.824,371,80.643
-88.044,52.918,362,76.491
-87.852,52.692,371,76.028
-88.019,52.828,367,76.698
-88.146,52.893,362,79.063
-87.892,52.81,360,77.848
-87.74,52.719,364,78.013
-88.282,52.677,359,77.55
-88.376,52.808,372,78.22
-88.272,53.023,365,77.013
-88.49,52.813,373,75.201
-88.316,52.782,363,77.021
-88.094,53.133,372,77.459
-88.265,52.793,364,82.347
-88.037,52.858,368,79.039
-88.208,52.604,373,75.019
-87.937,53.002,367,77.922
-88.079,52.939,378,78.038
-87.942,52.9,376,77.922
-87.959,52.825,367,76.227
-88.068,52.882,367,76.607
-88.302,52.77,373,79.643
-88.19,52.809,365,77.112
-88.021,53.237,363,76.218
-87.953,52.692,369,79.121
-87.896,53.066,366,76.987
-87.733,52.851,370,78.112
-87.891,52.639,365,76.07
-88.282,53.041,366,78.51
-87.911,53.128,374,78.203
-87.888,52.73,368,75.747
-87.992,52.891,365,74.622
-88.109,53.03,360,77.095
-88.168,52.67,368,80.213
-88.179,53.219,368,78.294
-87.921,52.978,366,77.459
-88.232,52.771,366,76.334
-88.119,52.757,364,78.393
-87.748,52.721,363,78.013
-87.988,53.215,369,78.567
-87.817,53.005,374,77.558
-88.305,53.022,369,76.814
-87.689,52.921,360,82.157
-87.965,53.059,365,80.056
-87.945,53.081,359,75.383
-87.937,53.63,360,73.778
-87.631,52.776,365,79.444
-87.956,53.135,368,75.755
-88.214,53.205,358,80.089
-87.728,53.016,370,76.516
-88.02,52.954,370,75.78
-87.801,53.3,365,76.789
-88.071,53.287,366,76.044
-88.083,53.029,361,77.252
-87.707,53.066,363,78.121
-87.718,52.991,363,78.013
-87.874,52.757,368,75.474
-87.825,53.028,366,77.326
-88.209,53.141,360,77.939
-87.932,53.223,365,77.467
-87.776,53.318,367,77.657
-87.897,53.191,364,78.302
-87.628,53.382,360,76.417
-88.136,53.47,351,73.729
-87.874,53.336,366,78.484
-87.803,52.66,360,77.757
-87.842,53.378,358,76.161
-87.801,53.324,365,75.78
-87.773,53.332,360,76.996
-87.676,53.36,362,77.831
-87.856,53.184,361,79.047
-87.872,53.369,366,75.011
-87.881,53.306,359,77.326
-87.743,53.059,365,75.573
-88.019,53.122,362,76.152
-87.645,52.97,354,75.755
-87.553,53.31,367,78.675
-87.58,53.006,362,81.032
-87.722,53.094,368,78.683
-87.839,53.227,364,78.658
-87.847,53.196,367,77.053
-87.751,52.76,364,77.649
-87.948,53.331,359,75.763
-88.024,53.182,363,77.078
-88.062,52.876,363,75.846
-87.792,53.151,363,78.782
-87.937,53.006,366,75.755
-87.782,52.995,366,78.865
-87.798,52.676,369,78.113
-87.803,52.628,363,78.17
-87.741,52.894,366,76.541
-88.101,52.909,363,77.633
-87.828,52.419,361,75.085
-87.726,52.768,361,79.609
-88.014,52.641,360,76.715
-88.093,52.707,359,77.459
-87.913,52.415,365,77.087
-87.907,52.667,366,75.863
-87.722,52.481,358,79.518
-87.998,52.466,360,75.548
-87.936,52.807,361,76.971
-87.977,52.506,362,76.235
-87.583,52.816,358,78.658
-87.999,53.009,369,76.706
-87.853,52.838,359,79.626
-87.915,52.771,367,77.641
-88.065,52.826,363,75.499
-87.945,52.638,359,77.079
-87.915,52.52,357,75.201
-87.89,52.722,369,76.88
-87.924,52.834,365,78.882
-87.732,52.719,365,77.244
-87.969,52.803,368,76.301
-87.693,53.183,371,81.288
-88.031,52.591,360,75.863
-87.834,52.79,364,78.013
-87.652,52.654,358,76.326
-87.991,52.61,368,74.895
-87.538,52.567,362,77.939
-87.982,52.797,357,80.85
-88.348,52.913,360,80.486
-87.952,52.735,363,76.144
-87.912,53.035,357,78.7
-87.971,53.02,365,76.342
-87.738,53.04,368,78.302
-88.008,52.829,362,75.408
-88.288,52.819,357,80.833
-87.581,52.67,355,76.88
-88.216,52.654,356,81.884
-87.88,52.746,364,79.791
-87.784,52.627,360,77.459
-87.985,52.708,363,75.383
-88.196,52.994,359,76.169
-87.817,52.991,352,77.823
-87.922,53.03,363,76.855
-87.873,52.771,359,76.036
-88.042,52.875,365,78.129
-88.637,52.652,360,76.417
-88.009,53.232,360,78.394
-87.981,52.961,355,74.374
-88.224,52.915,361,80.47
-87.839,52.835,361,77.55
-88.132,52.802,359,80.214
-87.864,52.984,366,75.937
-87.971,52.9,371,77.814
-88.18,53.067,356,75.962
-88.104,52.973,366,74.258
-87.814,52.646,360,75.565
-88.316,52.953,363,80.006
-87.543,52.909,357,80.842
-88.009,52.96,365,74.92
-87.911,52.602,353,76.979
-87.806,52.928,358,77.302
-87.968,52.948,371,75.267
-87.709,52.55,362,81.537
-88.035,52.792,372,77.939
-87.694,52.881,356,75.962
-87.776,52.724,364,79.725
-87.595,52.738,365,77.74
-87.937,52.882,360,78.658
-88.1,53.026,361,76.508
-87.58,53.126,358,77.277
-88.01,53.169,357,76.326
-87.973,52.527,360,77.178
-87.99,52.749,354,76.88
-87.723,52.807,361,77.939
-87.776,52.976,361,75.945
-87.615,52.785,362,75.772
-87.687,52.777,360,81.702
-87.547,53.248,355,80.089
-88.095,53.03,356,76.607
-87.858,52.754,365,77.07
-87.93,52.746,362,73.977
-87.921,53.136,367,77.087
-88.036,53.209,361,77.715
-87.782,53.066,366,77.351
-87.783,52.972,355,78.964
-87.983,52.786,356,74.738
-87.863,53.142,369,76.309
-87.803,52.579,359,74.465
-87.943,52.733,366,78.03
-88.014,52.648,356,73.241
-88.038,52.708,362,76.417
-87.887,52.68,359,77.294
-87.875,52.852,360,77.74
-88.14,53.055,366,79.626
-88.118,53.014,369,78.973
-87.909,53.004,369,78.294
-87.764,53.199,354,72.852
-87.809,52.82,367,78.286
-87.701,52.933,354,76.45
-87.864,53.075,365,73.522
-88.662,52.366,355,74.556
