0,-0,101,34.164
-1.864,-0.69998,119,37.067
-1.2913,-2.7792,125,37.646
-1.2586,-4.5266,115,36.348
-1.5942,-5.6928,104,33.238
-0.72447,-6.5308,105,34.9
0.42498,-6.3562,104,34.098
0.37156,-6.4054,108,34.371
0.016987,-5.193,102,33.61
0.98267,-5.5165,108,35.198
-0.42055,-7.0541,124,38.291
-1.427,-6.8596,119,37.257
-2.3209,-7.6564,112,35.959
-0.52396,-8.4796,113,35.132
1.0504,-8.9168,107,33.792
0.59726,-10.308,96,33.428
0.087512,-10.049,93,32.965
-0.52243,-10.418,98,34.09
-1.112,-11.042,103,35.967
1.2074,-11.592,99,34.809
1.7531,-12.499,98,33.726
2.447,-12.359,105,34.834
0.60002,-12.173,98,32.965
-0.9946,-12.32,110,36.265
-2.0894,-11.7,118,37.803
-3.8337,-11.365,113,35.843
-6.5432,-11.278,116,36.86
-7.1141,-12.159,124,38.936
-8.8944,-11.649,118,36.422
-10.805,-10.616,119,37.836
-11.117,-11.048,126,38.547
-11.862,-10.7,116,36.331
-10.956,-10.896,122,39.06
-9.2746,-8.7846,138,40.044
-7.387,-10.12,142,42.128
-5.4375,-9.5484,141,39.788
-6.3687,-10.116,148,43.063
-7.1738,-11.331,139,40.185
-7.934,-9.4066,141,41.293
-9.4631,-10.795,143,40.764
-11.012,-10.726,141,39.606
-11.796,-11.792,138,39.424
-12.316,-11.312,124,37.572
-12.899,-11.667,125,38.944
-15.119,-12.27,121,37.555
-16.452,-13.104,114,36.099
-18.567,-14.083,110,34.652
-19.851,-14.287,101,32.758
-21.335,-14.885,104,33.585
-21.795,-15.501,110,35.206
-23.398,-15.711,107,35.024
-25.124,-16.219,112,35.686
-25.304,-16.447,110,37.257
-27.49,-16.581,108,34.9
-28.166,-16.087,119,37.232
-27.689,-16.738,128,39.912
-26.513,-13.977,126,39.978
-25.067,-13.323,125,37.646
-22.908,-11.652,128,39.234
-20.799,-12.902,128,39.027
-22.09,-16.499,130,37.638
-25.041,-15.988,128,37.828
-26.541,-17.615,117,36.918
-26.564,-15.293,118,37.092
-28.295,-13.628,109,35.496
-28.591,-13.915,108,34.743
-29.703,-13.313,108,35.504
-31.513,-13.492,110,34.462
-30.898,-11.761,103,33.726
-31.595,-9.9104,110,35.363
-31.646,-12.767,132,40.16
-30.056,-17.074,128,37.737
-29.861,-15.067,133,39.151
-31.142,-13.249,136,38.936
-31.752,-15.31,134,40.83
-30.429,-15.396,136,41.194
-33.552,-12.895,137,40.259
-35.121,-14.591,130,38.663
-34.79,-16.714,130,37.927
-36.669,-15.706,132,38.754
-36.519,-16.036,139,39.887
-36.49,-15.949,139,39.813
-36.378,-15.273,144,41.475
-38.913,-13.841,127,39.416
-38.617,-12.764,123,38.87
-35.086,-9.9104,132,38.754
-31.283,-8.9952,125,36.91
-33.043,-7.3324,134,40.16
-34.669,-5.4069,152,45.61
-34.499,-2.1004,151,43.46
-36.26,0.5908,146,41.111
-36.192,3.3853,146,41.128
-35.329,7.0018,146,43.923
-33.396,8.6459,155,48.604
-30.017,9.0231,160,49.522
-26.893,6.9878,155,48.331
-23.019,3.5115,149,46.38
-19.673,0.80332,148,45.883
-19.332,-3.826,154,44.94
-19.089,-5.2332,140,40.83
-19.441,-2.6068,144,42.327
-18.038,-0.69706,144,41.012
-13.499,-3.7248,168,46.528
-10.182,-2.6832,152,44.841
-8.2923,-2.4519,160,47.041
-7.2303,-2.6585,162,45.031
-8.0984,-1.8859,148,41.657
-9.8867,-2.3412,155,44.866
-13.483,-1.9494,139,40.805
-15.592,-0.68317,157,45.519
-15.948,0.69106,163,47.57
-18.539,2.1995,162,47.281
-22.474,1.9418,160,46.735
-27.187,1.607,162,46.048
-31.28,-0.02908,159,45.858
-35.706,-2.9993,155,46.925
-37.97,-4.7845,148,46.156
-40.726,-4.3915,144,43.65
-41.75,-4.052,141,42.492
-43.556,-3.9879,128,43.162
-45.799,-3.7308,126,45.395
-48.68,-4.8064,138,45.122
-50.031,-5.4312,127,41.5
-52.308,-5.6588,123,39.143
-53.32,-5.5629,133,40.946
-53.818,-4.2258,129,40.441
-51.827,-3.2992,125,37.373
-50.097,-1.4196,129,39.333
-46.501,-0.06273,137,42.079
-45.067,0.62054,135,41.202
-46.81,-2.8332,140,40.557
-46.821,-6.4467,148,42.823
-47.332,-5.876,140,41.02
-51.442,-6.0118,143,40.83
-51.896,-5.4832,140,39.887
-53.753,-3.2403,140,40.921
-50.664,-1.3924,141,41.632
-46.626,0.48585,142,42.972
-42.46,2.1444,145,46.272
-40.916,4.3927,145,48.331
-39.357,4.8961,145,48.86
-42.09,1.7454,147,45.395
-46.38,-0.42489,151,43.576
-50.308,-3.4791,147,41.963
-52.825,-4.4043,147,42.426
-54.047,-3.3286,141,40.714
-51.353,-1.126,140,41.475
-48.774,-4.0617,140,41.012
-44.629,-4.3144,141,40.714
-41.211,-3.4917,141,40.458
-39.081,-3.9966,134,40.557
-37.891,-3.4297,146,43.526
-39.348,-6.0322,149,45.883
-41.566,-4.8498,144,41.359
-43.341,-5.9114,149,41.128
-46.349,-6.2274,147,41.5
-49.539,-2.6968,147,41.682
-51.5,-0.81331,146,42.12
-49.315,-1.9077,147,41.64
-46.845,0.0013954,149,42.492
-42.334,-0.067274,151,41.93
-38.882,1.356,153,42.12
-36.661,3.3902,150,42.236
-33.5,4.0652,155,44.841
-30.78,6.1805,154,46.065
-29.152,8.6053,156,45.883
-29.569,9.8829,159,49.687
-28.97,10.478,168,55.278
-27.06,14.11,164,52.061
-24.511,16.116,164,51.623
-22.389,18.488,164,51.937
-19.177,20.678,166,50.035
-16.184,23.061,168,49.274
-12.902,25.473,167,48.91
-9.6709,27.401,166,48.976
-7.7111,29.027,169,49.555
-4.8685,30.228,168,47.405
-4.2439,31.288,171,46.925
-3.936,30.595,169,48.207
-4.8866,30.516,176,47.289
-3.2156,30.731,174,49.257
-1.5442,29.695,177,49.894
-0.5147,29.301,190,55.253
0.35829,28.667,203,60.828
-0.028748,28.703,197,66.708
-1.7623,30.032,200,66.311
-3.1135,32.46,195,60.067
-5.9907,34.705,188,52.077
-8.3766,35.656,183,48.215
-9.6695,35.029,184,48.67
-12.554,35.663,185,48.24
-14.467,35.728,180,47.496
-17.051,36.136,171,45.536
-18.124,35.46,154,43.642
-17.608,36.515,141,40.64
-16.939,35.832,128,38.382
-17.433,35.747,121,36.794
-17.061,35.771,121,36.587
-17.535,35.608,127,37.158
-17.489,35.721,131,38.564
-17.528,35.972,142,40.069
-17.156,36.475,171,44.105
-17.203,36.926,202,48.885
-17.549,37.232,224,53.467
-17.948,38.066,235,55.311
-17.651,38.976,232,58.636
-16.027,38.502,216,56.998
-13.643,38.327,197,52.135
-12.86,36.624,189,50.539
-15.063,35.376,186,51.68
-17.706,34.895,180,50.845
-20.245,35.612,176,47.405
-20.322,38.293,165,44.329
-17.538,40.534,166,43.948
-14.187,41.857,174,45.147
-10.352,42.368,177,45.42
-7.0242,42.499,181,46.553
-5.4236,43.343,192,48.149
-2.2297,43.795,186,47.769
0.6848,44.444,188,48.232
1.8109,43.926,179,46.371
1.6588,43.061,176,45.031
2.1044,42.573,191,48.968
1.607,41.814,183,48.133
0.84969,40.838,188,49.82
2.1185,41.04,184,46.71
2.066,39.497,189,48.356
3.8708,41.173,181,46.247
4.8706,42.972,174,44.841
5.5316,43.996,184,47.959
6.0327,44.889,180,46.222
6.0363,46.018,191,49.439
4.9188,46.476,188,47.678
5.6246,47.414,185,47.661
6.6489,47.172,179,45.676
8.1789,46.914,186,48.976
8.9208,45.661,186,49.266
8.4012,44.013,181,48.05
7.3033,41.52,177,46.363
7.2217,39.339,182,49.208
8.212,37.228,169,44.014
6.6228,36.941,173,44.626
3.0332,39.464,183,46.826
-0.19926,42.662,191,49.911
-0.23048,45.259,190,48.695
-0.1015,46.704,199,49.183
1.1537,49.88,190,47.934
4.3296,52.184,196,49.158
7.9751,53.483,198,49.53
11.831,54.361,204,51.044
14.703,55.387,199,49.249
16.679,57.327,206,51.97
19.873,58.407,200,49.034
22.323,60.317,205,50.911
24.758,62.04,199,51.035
26.285,64.292,199,52.706
29.427,66.735,196,52.226
32.136,67.592,196,55.824
33.403,68.572,200,58.371
32.636,68.716,228,68.105
32.53,69.961,222,68.503
33.432,71.613,226,71.67
36.162,73.467,233,74.391
39.527,75.33,233,75.863
42.524,77.254,240,78.41
46.552,79.195,254,79.708
50.575,80.847,247,77.74
55.788,82.274,234,71.14
60.218,82.564,239,66.823
63.57,82.742,233,64.755
65.822,82.982,236,64.268
69.336,84.553,237,63.317
71.266,86.976,238,62.771
73.829,89.3,238,63.118
75.52,90.9,240,68.444
76.885,93.228,249,71.19
77.988,95.572,247,76.541
77.988,97.892,247,77.98
79.028,99.569,254,80.229
80.307,101.59,256,79.973
81.733,104.35,262,83.554
83.205,106.09,267,84.447
84.785,108.87,267,85.225
86.364,111.95,255,81.544
87.371,116.83,243,73.1
88.542,120.81,246,73.29
90.077,124.91,241,68.171
90.681,128.87,234,66.137
92.019,132.74,234,64.433
92.413,136.27,225,62.01
92.987,139.44,228,62.928
92.691,141.55,215,59.628
92.816,143.57,193,56.766
92.315,144.71,151,50.886
91.201,145.07,143,46.387
91.385,144.13,158,50.886
90.891,144.41,164,55.154
89.537,144.84,179,63.011
88.444,145.79,194,66.873
86.718,147.02,199,66.823
84.165,147.39,206,69.18
83.253,147.61,217,72.662
84.068,147.79,212,67.261
83.988,148.33,200,62.398
83.533,148.44,180,61.637
84.325,149.4,130,52.59
84.596,149.8,117,51.366
83.281,149.27,135,54.567
80.249,149.74,122,52.383
78.39,150.28,105,52.35
75.588,150.46,104,54.343
72.86,149.96,133,54.872
70.798,149.58,153,54.715
67.949,149.13,162,53.88
65.409,148.58,176,54.252
65.714,149.04,157,51.44
66.397,148.86,137,46.205
65.345,149.33,116,41.4
65.142,149.53,110,40.176
64.714,149.49,106,39.994
65.297,149.5,108,39.349
65.219,149.5,109,39.531
65.405,149.32,113,39.837
65.142,148.83,132,42.442
65.297,148.55,156,46.106
65.308,148.8,160,49.083
64.274,149.3,144,52.176
62.172,149.93,116,47.859
61.761,149.16,141,48.802
62.988,149.27,145,52.085
64.295,149.68,128,47.28
66.459,149.21,117,43.203
64.555,149.31,118,41.706
60.422,148.11,148,43.203
58.126,147.42,155,43.137
56.794,148.06,146,44.088
55.012,148.19,154,45.833
52.512,147.49,172,47.032
50.66,146.91,166,45.279
49.55,147.49,159,43.228
49.812,147.34,152,42.376
49.494,147.58,138,43.038
50.317,148.67,118,38.704
49.431,148.75,116,37.968
50.749,149.15,123,41.706
52.139,148.79,184,46.991
53.472,149.06,198,50.754
55.38,149.62,199,54.765
55.061,148.62,188,48.24
54.767,146.95,176,44.444
53.559,146.06,175,45.147
52.418,147.16,178,45.974
51.932,148.69,169,43.741
51.146,148.34,170,44.494
52.008,146.97,188,46.826
50.083,144.85,190,48.513
49.545,144.59,191,50.672
48.023,143.06,176,45.304
48.467,141.24,164,43.344
47.171,141.02,179,48.025
46.31,141.59,171,44.576
45.109,142.86,168,44.75
45.37,144.46,181,49.067
46.002,144.35,193,52.433
43.49,144.13,196,52.359
42.715,144.48,196,58.09
40.868,144.35,199,57.85
36.864,145.33,191,54.914
34.646,144.82,195,56.419
31.712,143.98,195,55.344
31.271,143.23,196,58.801
32.113,143.02,197,63.615
34.379,142.79,212,66.641
36.639,141.36,214,67.948
40.46,140.05,219,66.914
42.598,138.04,211,53.955
44.02,135.53,179,47.306
44.708,133.17,155,45.147
44.989,132.54,139,43.741
46.66,130.82,125,42.261
48.31,129.49,114,37.836
49.797,128.29,103,34.462
50.978,128.67,115,36.703
50.811,129.59,132,38.754
50.829,131.74,133,42.426
49.292,135.5,160,50.539
50.199,139.74,174,53.582
49.362,142.42,159,46.809
52.377,140.35,151,44.204
53.337,137.85,158,43.352
53.06,135.59,138,41.5
52.563,135.81,145,40.739
52.368,134.86,147,44.543
52.152,133.05,133,39.399
52.572,133.26,147,41.26
53.389,135.04,163,48.579
54.449,134.61,168,47.471
53.399,133.38,170,46.346
52.381,131.38,164,45.139
51.796,130.09,174,44.634
51.312,128.69,176,48.05
50.283,126.39,166,45.602
50.477,126.48,158,44.775
50.187,127.09,171,47.479
49.921,126.67,173,47.016
50.752,127.52,188,52.896
50.224,126.89,197,52.987
52.439,126.6,184,48.166
51.636,126.77,194,48.703
52.955,125.84,181,47.388
51.483,129.16,211,56.907
49.851,133.53,215,55.6
47.88,136.45,169,49.596
45.658,139.71,112,37.042
44.594,143.08,195,49.894
45.747,143.56,178,45.42
47.075,144.35,175,46.065
50.941,140.99,189,51.209
55.179,138.39,210,53.26
58.715,138.89,216,58.942
59.955,139.5,214,60.05
57.025,141.67,214,57.966
55.025,142.28,191,50.539
51.46,141.11,189,51.433
48.843,138.6,192,50.663
46.14,137.77,192,49.365
43.704,140.29,197,50.895
42.365,143.5,212,61.522
40.286,141.71,218,63.945
35.5,140.96,207,59.752
30.579,141.18,198,57.097
28.044,141.6,197,54.112
25.625,141.98,198,50.672
22.954,141.96,207,56.775
20.762,141.14,181,57.461
18.842,139.64,141,48.008
16.738,138.87,106,38.638
11.586,138.33,218,63.548
6.428,137.59,219,64.135
2.548,136.44,217,66.244
-1.7717,134.41,215,67.03
-5.3974,131.78,207,61.679
-7.25,128.82,210,62.076
-9.0558,125.72,218,62.192
-9.5478,121.76,211,63.044
-8.9222,118.07,211,62.374
-8.9143,114.32,207,59.926
-8.1588,112.45,212,63.672
-6.9136,110.45,218,66.112
-6.2164,106.87,218,65.028
-5.7732,102.59,216,62.911
-5.4366,99.547,218,63.209
-3.613,98.518,219,63.49
-1.0462,95.088,215,60.215
1.2099,92.04,208,60.331
2.7759,91.245,206,59.488
4.1997,90.486,219,62.399
6.7687,90.852,223,62.44
8.9638,91.862,212,64.582
11.959,92.353,212,57.759
13.192,93.978,211,57.528
13.902,94.701,206,53.682
13.73,96.254,198,50.283
15.125,97.538,197,50.423
16.779,97.834,203,51.978
17.583,97.368,180,47.661
19.078,96.96,174,45.999
20.496,96.505,157,42.699
21.174,93.982,159,43.187
21.034,91.156,162,45.428
21.881,88.938,170,45.974
23.218,88.275,156,46.255
25.315,88.67,143,44.659
26.791,87.811,119,39.54
25.162,87.053,77,29.872
24.337,87.79,61,25.1
23.624,87.793,57,25.1
23.867,87.719,58,24.637
24.126,87.667,58,24.728
24.357,88.122,59,25.1
24.858,88.177,63,27.242
24.32,88.024,68,28.648
23.452,87.636,78,31.948
23.651,88.424,84,34.007
23.893,87.843,89,33.701
24.229,88.07,87,31.832
24.394,89.448,85,30.815
24.631,90.187,78,28.35
24.287,90.782,87,31.369
23.947,91.527,95,34.189
24.615,92.333,99,33.122
24.64,91.721,84,30.335
25.263,90.753,93,31.46
26.175,90.257,105,35.314
26.686,89.651,115,37.555
27.904,88.31,108,34.925
27.774,88.55,109,34.942
28.026,88.341,104,34.76
28.198,87.538,93,31.625
27.282,87.709,84,30.269
26.269,88.271,67,26.2
26.641,88.889,66,26.142
26.307,88.768,66,26.117
26.761,88.799,69,27.06
26.034,88.426,73,28.003
26.627,88.655,75,28.193
26.565,88.56,77,28.557
26.328,88.402,86,30.335
26.005,88.45,89,30.889
25.663,88.391,96,32.014
24.449,88.108,111,34.751
23.36,87.318,119,36.124
24.031,86.297,116,36.521
24.789,85.927,118,36.521
24.729,87.362,113,35.016
24.668,88.858,102,33.337
24.428,89.431,94,32.022
25.637,88.341,91,30.98
25.685,87.454,97,32.386
26.043,88.699,108,34.743
24.306,90.171,102,34.652
25.957,89.948,95,31.65
28.276,89.572,104,33.428
29.703,89.153,114,36.455
30.755,88.279,125,38.01
28.495,88.092,139,42.608
27.114,88.856,155,46.289
26.308,90.269,155,48.488
25.671,90.523,145,44.758
25.918,89.972,111,36.885
25.779,90.399,94,34.28
25.388,90.745,92,33.726
24.955,90.787,96,34.189
25.08,90.745,108,35.388
24.893,91.097,123,37.646
24.691,90.926,144,41.078
24.207,90.968,165,43.898
24.71,91.616,190,47.545
23.714,92.13,214,51.399
23.634,92.424,240,56.08
23.273,91.137,232,57.114
23.86,89.518,220,54.6
24.819,89.244,207,51.515
25.824,91.088,194,48.19
24.404,90.928,187,48.124
25.283,89.274,181,45.602
26.707,89.066,177,44.915
28.26,89.179,187,47.19
30.209,88.462,184,45.883
30.972,89.435,182,44.932
30.574,90.536,197,48.24
29.497,90.756,184,45.966
28.247,89.057,176,44.932
26.382,89.066,189,46.553
27.962,90.414,172,44.014
27.22,92.564,188,48.331
27.355,92.332,184,45.784
30.731,90.536,195,49.249
32.823,87.002,209,49.406
32.663,83.997,203,50.655
29.095,83.268,198,51.234
27.328,86.404,208,53.748
27.307,88.85,200,49.811
30.234,91.626,199,49.522
32.001,87.194,193,48.124
32.94,82.64,186,47.107
34.297,79.95,178,45.809
35.865,78.64,186,47.678
38.684,77.731,191,50.382
41.6,76.197,198,54.542
45.762,74.75,196,53.442
51.122,74.11,208,54.873
55.93,72.896,207,53.847
58.93,72.017,207,56.146
61.81,72.544,206,58.015
66.839,72.09,205,58.661
71.56,70.323,203,58.363
75.019,68.436,202,58.751
77.554,68.073,218,69.006
81.737,66.091,213,69.99
84.975,63.235,223,71.843
88.029,60.872,220,71.744
90.788,58.697,218,70.694
92.684,56.743,206,67.634
94.425,56.049,177,59.446
95.759,55.166,158,53.177
97.739,54.872,122,44.998
99.209,55.757,80,34.619
102.95,53.435,212,66.634
106.63,51.054,214,67.188
109.65,48.77,219,68.85
112.57,45.131,218,67.915
114.89,41.598,213,67.452
116.92,37.971,215,66.269
118.7,35.318,210,54.004
120.61,34.651,203,49.472
123.02,33.635,194,52.524
125.33,31.976,194,58.611
127.8,29.934,197,59.306
130.74,27.342,194,59.579
132.8,25.575,193,62.556
135.22,23.848,189,64.169
136.12,22.015,187,59.951
133.9,19.441,179,51.308
134.9,16.53,173,49.828
137.47,13.594,173,47.041
140.58,12.206,173,46.164
143.12,11.621,171,46.346
144.69,10.175,164,44.287
145.58,10.081,161,44.543
144.49,11.417,171,46.644
146.25,10.984,158,44.08
147.97,10.068,153,43.551
148.95,8.185,152,42.972
150.06,5.3666,148,42.393
149.67,2.8088,154,44.13
150.81,1.927,165,49.266
151.74,2.1565,179,54.236
155,2.7293,176,54.186
158.19,3.4651,174,57.767
160.88,3.9722,175,61.249
164.28,3.865,170,62.002
167.91,3.8338,164,63.499
171.47,3.4102,156,62.978
175.66,3.1405,142,56.866
178.74,1.7478,134,50.258
182.44,0.91358,115,44.816
185.12,-0.3358,121,46.04
188.39,-1.4312,114,40.623
192.31,-2.0539,103,37.596
195.73,-2.6903,109,36.306
199.52,-4.2773,105,40.044
202.03,-6.2686,111,44.841
205.4,-6.3523,114,48.91
208.14,-6.1928,112,51.358
212.19,-6.6528,116,51.308
216.59,-8.3212,115,47.355
221.48,-10.584,116,46.454
224.74,-13.801,103,45.991
228.47,-16.611,105,46.868
232.36,-20.324,83,43.469
233.76,-20.121,56,37.365
237.5,-22.073,107,50.598
241.2,-24.983,105,48.323
244.59,-27.622,95,44.312
246.79,-28.47,98,38.225
248.4,-27.477,94,38.498
247.6,-26.417,100,47.107
246.93,-25.522,102,49.944
245.91,-24.811,113,50.754
246.79,-25.901,111,51.35
248.78,-28.734,103,54.625
251.09,-31.504,96,48.678
253.28,-32.449,91,46.553
255.64,-32.952,96,49.092
258.82,-34.146,87,52.284
261.92,-36.507,70,51.879
264.9,-38.218,68,46.826
267.87,-39.354,63,46.801
271.24,-40.64,66,49.158
273.91,-42.345,129,54.807
277.17,-43.422,130,51.854
279.89,-45.429,131,50.837
283.72,-46.495,133,53.029
287.09,-48.086,127,52.723
290.45,-49.736,121,51.532
293.06,-50.35,114,53.591
295.96,-49.727,119,54.807
298.59,-49.428,115,57.048
300.6,-50.045,107,59.207
303.45,-50.202,105,64.731
305.87,-50.845,197,77.74
308.73,-52.444,197,79.32
311.92,-54.661,192,78.468
313.78,-54.734,201,79.593
315.19,-53.392,188,70.81
313.38,-50.916,192,69.743
312.9,-47.693,189,67.774
312.37,-44.503,183,58.793
310.42,-42.809,177,47.314
309.7,-41.651,183,49.357
310.28,-38.423,180,51.821
309.79,-36.765,179,53.955
309.38,-34.968,186,57.767
309.94,-30.878,182,53.731
311.12,-27.262,180,51.97
314.11,-23.891,171,49.53
316.42,-21.56,166,47.239
319.62,-20.257,160,45.304
321.92,-19.464,152,43.46
324.81,-19.831,143,41.409
328.38,-19.773,135,38.961
330.69,-20.016,134,40.251
332.78,-20.353,151,47.239
334.04,-21.327,150,50.564
338.02,-22.753,150,50.771
339.33,-24.966,141,49.646
341.54,-25.182,145,52.375
342.84,-27.642,140,50.506
345.54,-29.611,148,54.6
346.37,-32.408,148,57.767
348.54,-36.08,150,59.421
348.65,-40.662,138,56.75
349.27,-44.255,135,53.756
350.07,-46.098,144,54.972
349.88,-48.16,150,53.731
350.69,-47.969,157,50.663
352.12,-47.773,163,49.555
353.6,-48.762,156,47.777
355.67,-51.108,151,48.712
358.79,-53.566,139,45.991
360.85,-55.698,138,46.363
362.91,-57.81,131,46.545
364.5,-60.867,125,44.75
366.25,-62.601,119,43.642
366.5,-64.136,117,42.972
368.16,-65.383,117,44.61
369.36,-66.859,125,44.957
370.71,-67.472,127,47.132
370.54,-68.12,118,42.261
371.54,-68.396,112,38.225
370.95,-68.254,115,35.851
371.37,-68.217,112,35.57
370.96,-69.072,111,36.91
372.46,-69.964,108,34.652
373.5,-71.074,112,36.521
374.55,-70.867,116,40.094
377.37,-68.885,121,39.788
379.99,-66.282,120,38.382
381.46,-63.939,128,41.872
383.73,-61.453,130,47.752
386.27,-58.355,123,50.241
389.11,-55.444,124,53.864
392.3,-52.441,119,49.894
396.22,-49.987,122,48.562
400.27,-48.592,119,47.545
404.41,-46.491,119,46.966
408.16,-45.189,119,51.457
411.29,-43.229,116,52.499
414.35,-41.451,111,49.199
416.86,-40.826,104,48.976
417.4,-38.964,108,55.41
419.69,-40.057,192,68.221
420.21,-38.133,196,71.57
421.91,-34.233,194,68.237
422.24,-30.044,183,66.037
423.1,-25.849,180,61.216
425.23,-21.356,188,60.943
427.54,-16.987,192,59.421
428.01,-13.388,185,56.237
428.79,-9.4713,192,55.782
428.61,-5.2243,183,54.55
430.23,-0.9292,183,52.706
431.6,2.7554,181,55.079
431.92,6.895,180,51.879
431.02,10.222,182,52.201
430.38,14.065,183,52.664
430.27,18.156,180,51.738
428.52,22.169,183,52.16
428.65,26.253,184,56.552
425.54,29.558,186,54.467
425.73,34.92,188,54.649
426.3,39.607,189,53.558
428.37,44.355,183,50.126
429.66,47.998,184,48.91
432.54,51.726,184,50.953
433,55.462,187,50.845
434.8,56.847,187,55.6
435.26,61.476,191,59.397
439.12,65.247,189,60.621
442.79,67.928,190,61.729
446.53,70.438,195,61.497
451.55,70.765,183,59.421
454.77,72.937,194,62.787
458.34,73.554,191,64.681
462.44,73.574,183,63.854
465.83,74.028,180,62.994
468.83,74.652,172,61.778
473.19,74.995,164,63.093
477.37,75.117,156,60.968
480.22,76.744,142,48.025
481.64,79.988,135,40.921
479.87,82.624,140,43.369
477.8,83.849,151,46.735
474.16,86.114,153,47.769
470.28,85.617,163,52.243
466.4,88.369,169,51.044
461.64,89.492,176,53.103
456.82,90.394,175,53.078
451.82,90.3,180,54.079
446.53,88.686,185,54.6
439.87,86.869,196,57.321
434.1,85.352,199,61.266
429.06,83.079,200,58.272
424.97,79.752,141,49.158
423.03,76.687,142,49.811
419.64,73.527,147,48.099
418.17,69.729,142,48.215
416.88,66.527,146,47.76
417.9,63.044,147,49.067
419.95,60.581,146,51.788
420.86,57.671,145,51.11
419.67,53.596,140,49.274
417.64,49.905,136,45.908
417.4,47.28,136,44.874
417.93,45.847,124,44.295
418.77,44.317,136,50.795
418.8,44.831,128,51.374
418.74,43.488,129,53.334
419.79,46.337,139,55.245
420.48,49.331,140,52.64
421.22,52.132,138,46.528
418.35,55.1,137,43.443
416.52,59.452,139,45.627
416.91,64.193,139,45.329
417.29,69.433,142,45.247
415.46,72.601,154,53.095
414.55,74.526,162,59.744
415.97,80.223,159,56.171
414.77,84.807,155,51.424
413.12,89.23,148,47.099
410.41,92.511,157,45.974
407.07,95.535,150,41.913
404.05,96.908,153,41.574
401.1,98.646,155,44.659
397.71,98.275,160,44.94
395.11,97.754,174,51.391
393.77,96.107,175,49.845
389.17,95.564,172,46.454
386.19,96.143,169,46.925
382.51,97.035,172,48.736
378.76,96.804,175,50.217
376.23,95.815,180,52.127
373.5,93.961,179,53.144
372.22,91.733,178,52.714
371.05,89.505,183,53.839
370.95,86.213,182,51.978
370.34,82.75,178,51.424
371.86,80.81,175,51.879
374.42,79.484,174,51.143
375.25,76.185,169,46.826
376.72,73.98,163,45.147
376.28,71.709,149,42.335
374.47,72.551,133,39.49
374.52,72.522,118,36.794
374.42,72.425,109,35.578
374.33,72.376,112,36.885
374.96,72.838,113,36.306
374.18,72.681,120,37.075
375.06,73.114,122,37.811
374.29,73.278,135,38.845
374.5,73.426,142,40.069
374.3,73.863,160,43.071
373.95,74.766,173,47.082
374.7,75.923,196,53.492
374.26,76.842,211,58.867
373.06,77.147,207,57.941
372.4,75.535,196,54.716
373.2,73.403,179,50.788
375.38,72.513,176,48.786
375.91,71.624,166,45.437
375.37,71.289,164,43.088
375.8,70.266,165,45.304
377.24,70.225,171,43.716
377.48,69.24,161,43.27
379.86,66.551,165,43.468
381.31,63.26,165,43.807
382.17,60.214,177,47.851
383.92,56.804,175,49.894
384.65,52.384,172,47.562
387.17,49.037,171,48.306
388.42,45.753,163,46.429
388.63,42.864,159,46.156
390.8,40.005,163,47.264
393.01,36.944,157,47.19
394.96,33.735,156,44.866
396.33,30.429,158,45.71
396.46,26.713,152,42.815
396.69,23.088,160,43.46
395.55,21.002,138,42.517
395.21,22.106,122,38.117
394.21,22.225,115,36.058
394.17,22.318,110,35.595
394.02,22.103,115,35.967
394.62,22.325,117,36.339
394.38,22.557,123,36.422
394.59,22.677,125,36.794
394.4,22.972,133,38.382
395.07,23.659,142,40.739
394.47,24.322,162,44.014
395.29,25.181,180,45.949
396.03,25.647,199,51.689
394.99,25.002,202,51.027
393.98,24.323,182,48.422
392.74,22.098,176,48.215
395.16,22.991,166,45.329
394.2,24.915,162,44.775
393.26,23.843,153,43.534
397.17,27.548,150,43.187
395.33,28.667,152,42.418
392.26,24.909,165,45.412
393.53,22.295,171,49.729
394.37,20.644,175,53.864
394.71,17.979,166,49.646
394.13,16.33,171,54.716
395.06,14.191,164,52.839
396.56,12.158,156,47.198
397.6,9.352,157,47.934
400.88,7.7413,150,50.374
403.82,7.7868,146,46.784
404.1,7.4916,156,49.803
408.54,7.5008,149,49.919
410.82,6.748,144,54.046
413.65,5.5375,137,59.471
416.27,5.5966,131,63.002
419.33,6.8506,130,65.558
421.74,6.8176,127,69.833
420.35,5.5188,128,69.222
415.56,5.3099,140,58.173
412.72,3.7385,140,49.473
407.72,1.055,152,46.156
402.56,0.028708,152,46.04
397.14,-1.1049,153,46.073
393.73,-3.2478,158,45.668
390.01,-5.8574,155,46.462
387,-9.0727,159,51.837
383.43,-12.17,157,54.674
380.46,-16.085,156,56.163
377.61,-20.154,155,56.452
376.06,-24.13,149,53.723
373.73,-28.693,153,55.923
372.06,-33.354,154,55.733
371.77,-37.62,149,56.866
370.39,-41.993,148,57.147
370.42,-46.481,145,58.363
372.35,-50.842,144,60.646
374.88,-54.922,139,57.884
380,-57.232,139,52.475
385.68,-59.285,135,51.697
388.7,-62.005,121,43.096
389.17,-66.302,120,41.401
388.46,-69.673,118,37.249
388.47,-72.735,101,37.282
389.81,-74.704,98,40.069
391.71,-75.819,100,45.602
392.3,-75.485,91,41.293
395.71,-78.118,93,42.029
398.43,-81.562,91,41.963
399.86,-85.105,86,37.745
401.01,-88.109,84,37.646
399.91,-91.711,82,37.348
398.65,-94.806,80,39.995
398.28,-97.616,81,39.953
398.34,-98.831,63,39.052
398.14,-100.18,55,33.056
401,-104.73,168,58.338
404.79,-106.63,162,56.883
406.6,-108.28,157,51.912
407.95,-110.53,149,46.942
407.5,-110.75,144,42.914
406.52,-111.23,139,44.386
405.67,-112.54,147,43.625
406.66,-114.29,139,44.866
406.75,-118.1,148,50.002
407.79,-120.03,153,58.057
409.5,-120.42,159,63.895
412.97,-120.8,150,68.303
418.17,-121.32,132,61.472
423.94,-122.32,110,53.351
428.8,-122.62,89,51.135
432.45,-122.68,53,35.752
438.66,-122.96,136,48.24
442.57,-121.87,123,43.667
445.59,-119.84,109,42.451
449,-117.8,86,38.225
451.84,-116.51,68,36.563
454.96,-113.47,62,32.882
456.33,-109.33,67,39.449
457.68,-105.25,98,40.276
455.44,-101.98,122,45.999
453.07,-98.174,135,43.989
450.86,-96.274,138,43.435
448.43,-94.823,136,41.839
445.8,-94.187,134,43.849
442.76,-92.537,135,42.625
440.87,-90.508,145,43.94
437.96,-87.871,157,41.955
435.25,-85.249,147,42.889
433.77,-81.626,140,42.65
433.48,-79.021,171,48.53
432.51,-76.521,186,55.559
432.03,-75.664,220,59.678
432.56,-73.817,211,54.782
430.6,-73.249,195,53.112
428.36,-73.187,194,53.475
426.07,-74.298,183,49.191
423.64,-76.904,198,52.929
421.51,-79.745,205,53.773
420.72,-81.675,199,53.194
421.46,-84.094,191,49.803
421.68,-86.288,191,49.522
422.79,-88.605,182,49.638
422.81,-90.838,186,50.961
422.29,-94.344,187,49.373
423.31,-98.148,185,47.661
426.01,-101.1,180,48.298
428.3,-104.4,180,49.712
430.38,-107.74,176,50.035
433.16,-110.77,178,52.979
433.94,-116.29,178,54.575
436.76,-122.02,154,54.401
440.03,-125.49,139,48.265
438.08,-127.95,139,44.849
436.61,-129.77,135,42.798
432.91,-128.91,128,45.999
430.09,-129.55,123,52.822
429.25,-132.44,114,48.331
429.32,-133.87,113,51.325
430.72,-137.39,109,47.173
431.16,-140.6,117,42.153
432.49,-143.18,115,45.883
434.06,-146.4,96,46.661
434.21,-149.39,75,37.39
437.03,-151.19,134,55.667
439.71,-153.14,97,50.3
441.16,-154.51,84,43.212
442.38,-156.64,58,31.584
447,-158.01,127,59.215
448.78,-159.31,100,59.505
449.47,-160.52,78,47.612
451.45,-160.61,63,43.287
451.45,-160.61,63,43.287
