0,-0,103,50.581
1.7108,1.0811,372,69.867
0.80836,0.44438,371,67.518
0.82804,-1.247,319,64.805
-0.5576,-4.4081,291,61.704
1.9448,-3.3475,265,60.298
3.4244,-5.2286,255,60.025
1.579,-10.471,264,61.778
0.61554,-8.6145,307,68.37
-0.066477,-6.2301,327,70.057
0.030286,-2.5947,318,71.852
-0.79198,-2.385,336,73.622
-0.77688,-1.7411,374,73.903
0.58524,-2.6325,382,75.127
0.52055,-5.3862,334,72.877
0.10972,-6.4443,289,68.618
0.16974,-8.3451,290,68.833
-3.9585,-10.347,334,67.89
-3.9212,-15.746,420,72.952
-0.14572,-17.675,418,72.389
3.8448,-20.911,424,72.505
9.3189,-23.097,460,77.095
15.001,-24.462,497,81.958
19.047,-27.629,509,83.322
22.183,-33.547,549,85.58
22.823,-39.328,580,86.531
23.374,-43.81,568,84.637
22.362,-45.501,572,84.455
19.282,-42.717,662,93.61
17.856,-39.644,698,95.215
19.758,-38.977,703,98.498
22.383,-35.592,706,97.464
24.798,-31.923,723,97.093
27.606,-30.118,714,98.614
29.339,-29.141,716,97.134
29.062,-31.306,762,103.45
29.374,-33.518,719,98.424
28.076,-33.298,720,98.68
26.228,-31.045,719,98.333
25.952,-28.521,733,97.547
28.48,-28.075,758,103.73
29.882,-30.539,756,104.91
29.566,-31.128,800,107.19
32.699,-29.212,787,103.11
33.86,-29.307,744,100.21
33.893,-30.662,758,101.66
32.407,-31.092,763,100.81
30.499,-29.888,752,104.01
29.737,-28.419,778,102.92
30.922,-27.534,781,103.85
32.357,-27.103,775,100.95
33.329,-24.663,782,102.41
39.083,-22.633,790,101.77
42.348,-21.509,793,108.84
38.223,-25.079,776,103.08
38.093,-28.379,816,103.93
41.464,-27.895,776,103.04
46.262,-24.862,793,107.28
46.575,-20.417,762,101.06
43.735,-21.811,793,111.16
39.706,-26.614,873,113.77
39.623,-24.151,793,104.8
38.5,-20.761,810,108.37
43.755,-21.351,775,100.59
48.626,-20.415,742,99.003
50.999,-20.01,795,114.55
48.858,-19.581,838,107.63
48.24,-18.873,787,105.26
47.669,-19.913,847,106.6
47.565,-20.366,777,100.93
49.306,-22.471,786,102.28
46.893,-22.557,780,100.04
41.629,-20.644,820,106.48
41.876,-16.295,756,99.929
48.153,-14.763,766,100.65
52.694,-16.285,793,102.95
53.055,-18.912,799,108.82
53.666,-20.372,757,101.58
51.077,-20.432,786,103.55
47.897,-21.124,772,103.89
46.075,-18.305,734,97.399
45.86,-18.857,793,104.16
47.954,-20.657,833,114.2
48.51,-20.596,824,109.82
47.612,-18.982,787,106.21
49.75,-16.033,846,108.3
54.273,-15.176,816,103.28
55.62,-16.182,816,107.48
51.763,-19.453,848,110.61
47.667,-20.388,799,101.89
45.654,-15.481,789,100.29
48.321,-12.553,719,98.515
52.498,-11.637,790,106.31
55.701,-13.296,848,113.32
53.634,-18.277,919,117.49
49.837,-19.892,846,105.79
47.523,-17.276,795,101.97
48.184,-14.117,830,109.35
54.162,-13.211,896,110.47
58.3,-12.295,864,110.27
58.436,-13.635,844,107.45
58.393,-14.784,822,105.45
56.921,-13.684,836,110.12
55.848,-12.43,873,107.1
55.381,-12.244,815,108.21
52.787,-12.647,836,103.93
53.168,-13.25,866,110.53
52.883,-11.618,906,110.68
55.914,-12.284,882,113.26
59.854,-12.874,931,115.96
57.37,-15.856,878,105.77
52.563,-19.557,865,108.46
50.228,-18.746,904,116.73
55.062,-12.692,866,115.86
57.95,-7.5522,895,116.26
63.301,-5.5075,924,113.64
63.166,-10.435,901,110.75
56.508,-14.876,890,110.16
50.566,-17.377,832,105.4
52.763,-16.116,876,114.72
59.821,-10.162,885,120.02
64.535,-5.5135,963,120.92
67.071,-1.9743,906,112.59
66.971,-4.3818,883,114.48
63.582,-10.015,922,113.73
57.692,-12.172,843,106.4
51.568,-12.956,880,115.19
51.5,-12.433,806,114.25
52.625,-14.641,844,115.64
56.88,-12.526,915,118.22
58.768,-8.1543,927,134.6
59.975,-5.4608,955,122.72
62.493,-5.5306,926,117.8
64.014,-7.1327,905,115.78
64.571,-5.9213,906,114.28
65.799,-7.3398,924,115.51
61.765,-8.8751,926,116.1
63.45,-8.2377,955,124.12
68.903,-4.0594,919,117.41
68.188,-5.13,886,112.8
69.529,-3.6023,931,118.31
66.382,-2.0519,908,112.76
64.359,-4.4641,965,113.33
62.418,-2.8344,911,113.24
62.208,-3.2086,913,118.92
61.275,-4.0496,954,124.32
61.262,-3.9022,957,127.01
60.665,-4.1009,985,126.53
60.054,-4.5722,1080,137.25
61.384,0.43947,781,154.01
61.464,-0.99281,894,182.98
61.879,-0.3408,912,148.12
60.882,-3.0516,1035,200.74
60.217,-5.6341,1121,140.36
59.612,-7.9472,1065,136.05
59.516,-11.187,942,147.67
61.146,-11.489,859,161.06
60.193,-8.0448,1087,134.85
59.785,-7.9122,976,124.69
59.351,-10.202,885,116.06
58.976,-11.225,902,121.24
57.3,-11.941,914,119.63
55.268,-9.1227,932,116.11
58.211,-7.2758,1003,127.6
61.887,-5.6005,961,119.52
63.828,-4.1902,993,129.25
61.124,-5.5366,1000,123.92
56.961,-7.7145,1032,121.31
54.336,-8.125,952,116.12
55.727,-6.7493,962,121.24
59.493,-3.3002,954,122.25
64.297,-3.2628,1010,139.32
69.027,-2.4304,1003,127.7
72.698,-0.48672,985,121.83
72.364,-2.6081,993,126.52
68.944,-6.8963,1006,126.68
62.691,-5.2575,1014,122.08
59.247,-1.0623,1014,125.68
60.101,2.9323,961,122.59
61.715,5.6371,922,133.51
65.81,6.1829,880,123.74
69.79,3.6185,976,139.6
66.582,-2.2988,990,134.75
61.129,-3.5271,977,128.78
58.063,-2.8045,969,115.89
60.287,1.6544,922,116.56
62.358,4.9346,959,127.91
63.528,9.9808,963,134.58
67.587,12.831,919,125.05
70.019,15.206,875,118.29
72.951,9.1665,903,122.51
67.09,2.9099,911,129.73
59.247,-1.1019,985,128.09
57.421,-1.3467,889,108.59
58.235,3.8204,882,112.8
61.886,7.7055,940,125.1
65.957,10.091,875,127.55
67.563,17.576,900,121.73
73.397,20.801,871,119.21
77.619,21.316,879,119.49
77.67,18.594,864,111.39
73.735,11.422,874,115.82
66.185,6.6332,860,111.54
65.524,4.6178,965,125.93
66.939,3.336,963,121.56
67.256,6.3716,957,126.46
68.891,12.16,984,133.71
71.292,17.803,955,133.9
75.693,20.817,936,125.83
76.495,25.423,962,127.66
81.516,25.355,941,123.56
79.72,23.918,904,111.39
78.472,18.545,893,113.17
74.794,17.378,873,118.73
72.552,21.787,902,113.1
75.187,24.302,931,119.26
79.575,27.724,888,113.76
85.326,24.048,903,119.5
87.069,19.689,933,121.54
82.904,14.038,899,113.22
77.194,13.278,901,116.31
77.68,17.933,898,113.56
76.936,16.121,943,129.05
75.992,15.53,942,135.51
75.416,15.22,959,133.32
74.478,15.204,1005,134.05
72.619,14.656,1022,137.97
70.72,14.503,1076,144.59
68.918,13.946,1050,142.42
69.007,12.607,1045,149.17
67.485,12.664,1124,154.92
67.698,10.428,1051,150.95
68.474,10.735,1039,152.9
68.365,11.966,1000,137.28
67.158,11.668,1001,135.57
66.026,9.3808,993,130.66
68.14,7.7125,959,123.11
70.347,6.0477,1023,126.48
69.856,3.2897,1074,127.16
66.349,1.7852,1037,124.63
63.624,1.6481,1004,121.03
65.444,5.9268,991,126.19
66.271,8.8582,991,128.02
69.529,10.953,979,130.57
71.088,13.999,1018,137.44
74.315,15.653,994,136
76.991,16.813,1048,129.02
76.142,17.584,1013,124.67
76.904,19.367,1025,126.67
76.524,21.174,1004,123.09
77.435,23.395,976,123.8
74.602,26.734,1018,124.18
76.384,28.352,1016,127.29
81.739,26.324,1003,132.8
83.283,27.839,1008,136.17
81.6,23.591,943,125.7
80.612,19.543,919,123.26
79.329,20.235,902,114.44
83.413,21.412,948,123.01
84.812,23.407,925,118.03
78.166,21.662,921,115.49
77.363,20.112,971,124.56
80.211,24.979,963,127.44
89.065,23.12,1007,130.03
91.178,19.858,975,118.61
86.273,20.033,1004,119.48
82.246,27.327,989,128.95
76.265,25.547,1062,134.46
78.386,24.152,1014,123.95
82.655,25.685,1009,123.62
80.676,27.941,1061,131.25
79.827,30.878,993,128.68
82.914,33.665,1009,127.12
86.745,26.101,969,122.66
91.691,24.317,926,112.73
84.398,20.717,892,119.41
82.577,21.178,978,125.72
89.34,23.382,995,129.87
94.19,27.637,1008,129.7
94.403,28.573,983,128.92
90.085,27.218,934,122.28
86.375,28.141,962,121.02
80.792,23.382,1076,140.07
77.79,21.534,998,143.93
74.663,29.306,972,119.64
73.688,31.029,1008,135.57
81.293,32.073,998,144.59
85.646,36.677,1013,130.08
87.904,35.325,932,119.1
83.951,30.292,880,118.53
81.115,30.763,791,102.64
81.402,30.572,722,102.46
79.813,31.186,783,108.18
74.273,27.651,901,123.8
74.516,21.64,919,130.54
70.185,23.31,869,132.43
74.044,24.099,812,126.27
79.408,28.893,741,108.98
83.603,32.859,669,107.75
85.899,33.598,559,97.051
88.074,34.939,490,89.897
87.934,40.523,434,81.222
85.678,45.147,409,79.626
83.78,47.894,448,83.678
83.375,49.003,536,92.834
82.897,50.23,653,97.101
86.886,46.006,667,100.2
88.873,46.4,704,96.53
89.806,43.617,735,99.615
89.607,44,737,98.143
89.883,40.221,797,101.24
87.255,35.293,853,113.31
84.184,36.993,853,112.09
84.639,38.641,793,106.21
85.879,46.12,783,106.31
90.868,48.057,707,94.595
90.854,45.908,708,99.673
93.291,38.372,837,116.04
98.985,32.108,895,116.94
101.32,28.659,832,112.79
96.672,31.502,811,110.47
96.892,32.201,819,113.8
95.659,31.114,906,121.95
95.592,32.38,932,125.8
95.918,32.45,951,126.67
96.294,32.85,1000,128.49
96.267,33.32,1040,131.48
95.611,34.528,1040,129.98
94.477,33.486,1066,136.82
93.186,34.855,1116,135.45
93.488,34.591,1144,135.06
93.079,34.657,1181,137.53
91.404,34.778,1106,140.15
91.537,34.955,1057,124.23
92.225,35.057,1084,125.34
91.741,38.389,1041,119.77
89.167,39.077,1035,120.49
89.603,37.904,1016,120.34
90.747,38.023,1020,136.32
90.979,37.245,1040,127.75
90.465,36.851,1022,121.75
89.832,35.065,1074,122.76
87.468,37.651,1036,126.02
91.386,40.969,1065,129.59
98.425,40.585,1038,126.7
99.569,35.532,1075,130.6
97.323,31.804,1040,122.33
92.355,30.156,1008,127.67
90.82,36.883,961,122.25
94.363,41.784,1020,123.83
96.569,45.707,1076,130.47
97.42,49.412,1026,122.98
99.683,48.16,908,114
101.13,43.701,894,114.55
105.21,35.675,950,118.65
103.67,28.896,955,120.53
97.262,30.34,908,121.41
92.743,39.143,876,115.31
90.474,40.489,830,118.41
94.448,46.811,913,127.58
96.844,49.254,922,119.89
103.28,48.549,970,124.47
105.78,47.734,918,130.5
105.93,49.167,957,138.19
102.96,40.174,993,134.66
102.51,31.266,938,127.5
105.1,25.22,936,125.68
104.12,30.135,918,126.97
97.156,39.741,947,122.23
97.702,46.407,917,122.46
101.01,49.574,923,138.57
100.28,52.309,933,143.8
104.08,51.494,985,144.48
110.9,52.493,964,123.99
112.35,48.779,962,134.29
114.96,41.822,951,143.69
110.81,36.08,839,116.03
104.04,29.236,844,108.79
94.82,32.893,825,108.08
89.654,37.855,853,119.13
97.216,48.266,853,124.31
104.47,54.632,920,125.01
114.16,58.943,943,116.93
118.46,62.403,875,113.33
118.73,59.35,920,123.2
114.8,61.399,940,118.95
117.17,57.866,955,128.58
116.44,55.768,939,130.24
114.28,53.743,884,112.14
110.73,58.101,845,107.72
104.28,60.852,874,115.34
104.28,59.225,914,115.2
116.15,66.044,886,109.94
119.85,70.768,864,112.94
111.48,62.593,972,139.16
103.96,52.225,942,114.99
96.076,53.243,922,125.34
94.406,46.769,873,116.82
98.444,40.319,889,113.68
102.13,39.147,896,125.79
96.084,42.82,966,141.83
96.835,49.476,942,122.1
96.438,50.572,983,145.17
97.608,45.095,1034,147.09
97.162,45.029,977,132.69
98.36,44.28,995,117.71
92.787,55.271,869,106.11
94.92,63.206,718,104.16
106.51,65.689,749,109.39
116.42,68.49,865,129.91
121.43,71.016,931,132.88
121.75,64.81,872,113.64
109.11,60.401,937,126.56
98.166,50.811,919,128.91
104.6,41.346,1008,142.85
113.42,33.083,980,137.6
113.85,23.138,868,120.83
100.3,22.07,839,121.37
83.304,20.131,942,129.11
73.639,26.058,997,129.98
69.217,27.907,907,124.93
70.013,27.851,875,122.03
70.729,42.064,885,124.9
77.561,46.343,959,148.43
85.412,58.375,993,155.11
94.39,67.981,986,146.47
100.13,75.073,927,133.51
98.018,64.117,944,134.45
86.457,50.517,951,130.73
79.854,42.405,842,110.23
83.533,34.527,878,112.55
87.942,37.799,873,113.51
79.763,40.695,899,115.28
78.673,30.803,949,134.3
75.404,28.52,960,134.42
73.044,23.96,941,140.53
74.221,8.2223,1020,150.86
75.024,-9.7731,1005,149.7
71.928,-22.866,899,127.39
71.18,-27.549,893,123.02
57.336,-25.465,946,140.25
57.333,-11.23,943,131.31
52.446,3.0872,875,117.94
55.841,8.1894,794,112.06
71.656,13.898,834,112.63
79.347,26.204,909,128.42
86.307,38.056,864,113.39
87.039,45.754,898,124.48
91.74,55.441,926,131.56
98.778,58.876,963,137.67
99.323,58.521,967,131.98
94.214,56.837,865,111.56
96.31,54.285,851,112
97.617,58.106,914,116.63
96.786,58.183,856,107.46
93.464,53.874,833,108
87.485,52.951,744,98.647
92.315,50.64,710,100.83
89.67,52.525,746,102.61
92.286,52.523,845,107.96
98.816,52.253,901,113.33
114.28,49.98,984,147.56
122.19,48.691,975,132.57
120.96,42.939,930,132.34
112.45,36.005,881,122.43
105.77,26.648,878,119.03
109.18,25.08,937,132.23
103.02,30.846,882,116.87
100.7,28.296,900,118.56
98.341,26.883,882,115.15
97.162,22.372,885,112.57
98.566,27.582,889,117.41
105.13,44.602,1019,144.05
101.47,58.313,1026,123.09
106.13,68.151,934,117.64
115.68,75.014,839,105.07
120.51,80.885,754,108.18
119.7,72.655,817,114.09
113.03,61.03,846,120.61
95.914,53.646,882,126.23
79.972,44.161,840,134.04
67.692,37.955,789,121.6
67.574,25.437,813,112.47
63.526,8.851,914,131.69
60.032,-9.4692,998,138.53
58.163,-24.309,1003,150.97
58.952,-32.678,966,145.77
61.022,-20.387,994,156.33
56.931,-8.8004,952,155.56
59.857,-9.5319,1070,177.45
59.583,-0.33223,973,138.91
56.587,5.6716,968,149.96
55.435,9.2162,969,144.45
63.118,7.1466,978,126.52
76.002,4.9725,963,133.99
85.89,1.0935,996,139.48
84.922,7.3299,947,144.55
89.813,20.944,963,138.55
103.97,30.773,1041,139.83
117.79,40.68,1034,129.96
122.9,49.085,993,133.68
122.71,45.603,1006,147.2
115.16,33.274,988,143.07
114.83,31.152,933,128.54
108.46,28.833,909,128.14
101.68,14.986,1018,145.43
95.792,4.8701,955,132.5
85.125,-1.2079,937,136.62
85.043,-6.9063,900,123.7
79.009,-20.078,964,133.22
75.522,-33.125,965,131.51
69.935,-46.652,940,124.82
64.855,-50.062,848,126.8
57.39,-41.008,880,120.63
51.662,-25.391,990,139.59
51.607,-8.5539,907,114.17
53.357,6.3193,896,116.39
57.821,18.128,904,129.16
66.789,30.994,954,141.17
76.98,40.705,952,131.85
83.081,46.761,944,129.26
88.714,55.76,978,140.09
97.826,66.057,1016,143.56
109.23,74.684,992,145.41
120.13,80.493,983,138.05
123.06,73.474,949,127.95
109.62,77.414,923,121.03
112.22,76.822,778,101.43
106.53,74.376,894,124.58
105.19,70.208,857,118.64
106.48,73.178,941,120.32
110.34,79.026,926,118.06
113.5,84.675,852,108.6
114.46,82.677,729,97.1
112.85,79.755,550,83.463
104.33,75.901,685,95.752
102.95,73.449,830,106.65
95.504,59.628,848,115.1
82.928,37.979,937,117.45
71.856,18.154,942,120.81
67.079,2.2874,941,122.7
75.845,-5.2014,1008,155.66
70.448,-14.265,985,150.46
60.635,-28.914,975,128.05
47.105,-39.692,981,138.08
33.844,-46.334,1004,152.2
18.733,-45.736,967,139.44
10.96,-44.061,985,142.63
9.9881,-30.56,870,128.21
11.035,-15.017,865,133.41
24.13,-6.5815,968,153.87
32.874,6.6212,1014,167.75
37.609,14.254,947,160.92
40.789,18.211,908,126.96
35.347,16.059,871,128.35
43.318,5.4151,1014,160.85
42.004,7.1005,973,141.66
43.776,15.239,936,129.28
55.68,19.075,1010,136.88
71.76,17.544,998,143.29
83.435,18.12,944,130.55
94.712,24.494,986,136.07
102.12,37.695,1002,142.24
103.93,50.637,1086,146.09
100.47,58.04,1021,125.62
108,63.116,1090,151.25
120.5,61.106,1073,139.7
127.27,66.63,1037,126.4
124.86,70.833,1019,127.78
128.24,76.292,989,119.95
129.18,76.965,927,116.11
128.92,69.44,881,110.9
125.81,63.965,861,109.3
126.5,62.984,829,109.27
124.64,66.574,819,106.7
115.98,70.57,906,112.58
102.98,70.962,963,138.4
103.76,71.649,1025,139.3
116.63,75.069,1024,149.86
126.87,77.863,1023,135.36
131.62,70.601,994,147.45
134.09,67.422,906,121.32
118.49,66.678,1055,168.37
128.01,65.561,1024,158.95
123.93,75.447,1018,147.19
120.39,76.891,967,147.22
112.31,73.796,915,126.89
112.12,65.235,977,146.31
121.69,60.026,1042,152.84
124.78,67.978,1000,145.45
129.67,71.442,949,129.91
116.81,61.027,1014,139.01
111.07,49.748,999,148.36
106.65,34.701,1028,145.43
100.9,18.181,1016,131.53
93.039,7.0633,1023,155.56
81.148,-4.1791,1025,157.41
72.445,-18.923,998,162
60.875,-30.903,1044,155.5
46.731,-36.917,999,138.95
31.99,-42.132,1056,148.34
17.122,-46.236,985,145.02
9.2211,-51.715,903,133.01
1.1692,-49.55,886,128.04
-1.5335,-34.455,895,135.26
19.003,-33.544,926,137.4
41.873,-30.969,929,141.11
48.067,-18.862,965,144.97
41.974,-5.0298,1011,152.01
38.771,2.2978,975,131.38
48.494,13.339,988,127.82
55.546,23.175,958,135.05
65.025,31.503,971,136.38
66.009,35.102,1005,151.58
73.217,40.202,977,152.5
80.278,50.686,984,144.46
84.561,53.588,1015,155.09
75.449,42.77,1059,155.5
67.222,34.911,1032,133.28
63.249,36.316,889,119.41
61.84,39.331,965,138.67
72.856,49.526,956,136.43
84.295,58.75,1004,134.14
91.303,67.371,1085,151.83
98.5,78.318,1003,137.19
105.65,85.791,999,142.27
112.63,80.64,993,147.15
102.87,67.798,1050,162.54
92.276,54.418,1015,150.04
88.077,50.473,921,126.24
87.171,49.169,883,118.96
83.59,46.222,883,125.44
90.706,50.781,966,135.7
107.05,43.648,1059,153.28
119.15,44.923,1094,148.34
126.48,53.006,1065,158.62
132.08,65.443,1011,153.76
138.01,65.552,1012,147.57
127.94,54.249,975,138.93
117.63,45.61,1065,161.37
123.11,43.285,980,135.76
112.31,36.642,1068,154.36
102.01,22.471,1041,159.61
89.726,9.5262,1025,152.25
74.936,-1.3066,1043,156.12
59.409,-13.868,1074,187.66
45.935,-27.496,1071,189.87
35.991,-40.466,1046,191.17
21.836,-48.049,1008,174.87
6.3993,-54.956,963,170.94
-4.6688,-54.471,916,146.23
-10.16,-45.292,937,128.04
-0.60892,-33.378,988,144.72
10.778,-19.438,993,138.14
14.843,-12.049,847,117.44
19.28,-8.6043,823,113.4
20.886,4.8821,940,123.44
33.514,11.426,985,139.77
53.049,17.501,980,139.56
66.064,29.82,990,134.21
66.879,36.454,964,123.08
67.128,23.854,976,143.17
54.78,17.257,961,122.21
44.852,8.438,986,116.73
40.777,0.3809,942,137.02
49.281,6.1826,1016,157.58
53.063,18.124,1010,153.62
62.868,27.734,1023,159.14
66.79,38.088,1003,128.97
74.324,44.884,989,147.45
81.512,53.554,992,133.41
86.779,50.662,1025,149.72
96.191,56.997,1012,129.56
108.64,62.875,1045,151.3
116.59,73.819,1009,141.42
124.5,81.851,1038,137.29
132.78,79.765,1001,132.91
132.92,77.087,901,118.5
123.84,77.471,869,109.2
117.93,82.476,904,123.32
124.34,82.811,967,126.1
122.26,84.457,944,128.27
129.49,84.05,763,107.13
130.56,81.506,776,102.04
131.11,87.289,965,135.59
136.11,89.1,981,132.9
130.56,76.711,921,117.46
125.13,65.957,1116,172.79
124.17,66.016,1075,181.36
123.88,54.788,1053,157.16
114.01,43.416,1098,165.15
100.59,30.545,1180,173.7
86.777,16.922,1096,158.33
71.205,5.2909,1087,160.38
54.48,-2.6473,1084,170.49
39.484,-10.926,1100,180.01
23.985,-20.897,1055,180.34
8.319,-31.088,1038,164.76
-1.3795,-43.846,1001,166.05
-9.7881,-53.911,1001,184.34
-11.004,-51.266,962,159.51
-9.1048,-37.956,951,140.93
-3.5285,-38.788,951,141.2
12.157,-37.198,1022,182.46
26.07,-27.258,1011,170.94
42.455,-31.924,1006,145.9
56.231,-38.417,1044,156.31
68.001,-29.435,1034,140.11
78.255,-14.539,1014,138.08
78.505,-11.165,1038,156.09
76.788,-6.6501,1017,155.47
64.736,-8.7573,1055,164.78
63.941,-16.86,1027,148.61
63.083,-2.6826,1020,149.39
52.175,5.3675,998,145.76
50.554,9.7339,1006,149.01
48.039,20.561,951,139.81
49.862,26.96,902,142.3
55.882,30.335,960,133.13
59.128,35.929,839,109.87
69.297,45.422,874,124.61
81.179,55.356,926,122.49
94.352,58.698,855,108.86
100.27,59.801,893,128.99
96.051,57.74,842,115.75
94.394,58.083,902,128.6
95.131,57.547,962,125.09
95.197,56.73,977,133.66
96.403,58.235,997,141.94
98.395,59.574,1007,140.17
99.854,58.209,1053,143.1
100.03,58.866,1119,148.17
100.43,58.97,1161,157.34
100.82,61.475,1187,159.76
102.81,61.943,1194,160.81
104.54,63.807,1187,157.83
105.89,62.761,1128,150.16
107.48,62.505,1126,143.84
109.25,63.528,1152,145.69
112.29,64.015,1104,154.59
111.34,61.137,1116,155.34
111.27,58.123,1132,157.67
113.99,59.282,1176,148.26
116.47,59.409,1103,141.4
114.7,56.555,1132,159.05
109.82,53.694,1119,134.27
110.23,57.476,1154,150.48
110.25,58.129,1216,153.1
109.61,57.275,1258,155.92
110.01,57.617,1263,170.15
109.9,57.7,1249,175.97
108.87,57.186,1288,184.15
108.65,55.743,1270,186.13
109.32,54.783,1241,194.19
109.46,54.752,1266,198.09
108.79,54.236,1258,204.32
109.07,53.393,1760,176.17
107.97,53.433,1710,175.9
106.49,53.225,1671,176.58
106.54,52.958,1650,175.39
106.36,53.977,1573,175.15
107.22,53.691,1562,166.43
107.22,51.372,1513,167.26
105.85,47.83,1466,162.58
105.91,49.05,1398,159.9
109.98,52.362,1423,166.06
112.08,56.52,1356,152.49
108.68,57.592,1364,174.39
104.83,57.778,1362,150.26
106.58,59.995,1298,154.99
110.98,67.956,1302,151.24
113.71,72.677,1314,148.91
116.89,77.111,1397,172.37
120.25,81.869,1333,169.99
124.65,85.211,1226,153.23
121.2,81.927,1242,156.25
113.7,75.222,1319,158.68
109.06,71.833,1319,157.91
103.93,72.728,1171,143.54
105.58,75.447,1106,145.55
115.19,78.842,1181,153.57
123.23,87.396,1253,158.47
127.78,88.601,1199,155.66
127.85,82.316,1203,158.15
125.15,87.426,1207,163
128.46,91.311,1066,136.2
137.29,93.409,1058,140.16
139.15,91.364,1001,125.54
136.31,87.502,1101,134.85
125.72,83.166,1168,146.84
120.73,71.639,1282,161.09
119.71,59.95,1277,169.33
114.98,49.896,1274,164.63
110.65,40.698,1200,149.66
106.55,26.58,1238,167.53
97.186,15.976,1157,138.61
90.852,20.771,1178,160.94
83.293,35.547,1212,163.72
74.771,37.259,1362,196.79
71.396,45.463,1353,177.78
80.961,53.808,1404,196.61
94.739,56.393,1355,180.1
107.54,59.393,1314,177.01
112.91,64.061,1297,173.24
104.07,68.937,1321,162.3
106.68,74.805,1211,134.69
111.51,76.011,1246,154.3
108.68,66.432,1258,178.89
99.267,63.618,1218,131.21
97.059,57.434,1013,116.35
98.111,53.92,1031,117.32
98.284,56.607,942,110.85
95.014,58.926,1081,128.9
89.354,52.003,1128,141.22
84.781,41.166,1185,168.54
91.196,30.03,1053,161.34
96.167,27.436,909,143.5
101.05,35.134,853,147.68
105.3,45.925,795,146.88
107.3,55.34,803,143.62
105.37,61.274,778,137.82
106.71,61.667,858,139.44
106.82,59.419,954,143.94
112.26,59.555,982,141.74
117.84,65.633,1062,153.59
120.26,75.997,1164,136.12
121.15,83.463,1168,129.64
124.65,85.6,1202,142.94
123.18,86.689,1161,143.12
129.64,90.121,1202,134.55
132.48,90.291,1208,170.05
136.36,84.836,1142,140.97
130.93,90.177,1146,155.63
133.27,93.567,1102,137.04
139.72,95.387,1089,128.29
140.56,87.808,1064,134.66
137.32,99.057,1024,125.88
131.11,95.188,1216,164.25
140.01,89.635,1043,132.43
141.79,97.108,1071,126.29
135.78,92.053,1151,140.46
123.04,82.013,1272,170.07
113.73,71.112,1227,154.07
117.01,57.558,1214,151.39
124.2,60.009,1222,168.12
110.97,68.95,1299,166.59
110.84,63.467,1253,145.56
115.43,70.336,1269,138.32
117.81,66.272,1205,131.26
113.28,71.11,1148,140.19
104.53,76.239,1159,137.29
99.49,76.794,1243,159.86
88.956,67.034,1252,164.13
79.096,55.142,1189,160.49
70.552,46.195,1269,159.12
71.471,28.011,1389,182.35
77.46,11.104,1326,173.14
86.381,3.4392,1252,146.13
86.065,8.2967,1109,160.62
71.527,16.907,1187,157.78
82.21,30.859,1323,195.03
103.16,29.852,1373,198.23
119.78,35.092,1295,165.22
117.01,39.383,1283,162.51
110.15,30.482,1255,153.55
97.231,28.977,1113,133.71
106.15,41.54,1284,143.58
107.75,55.35,1300,153.51
102.74,67.306,1240,148.87
111.39,79.355,1229,152.49
123.62,85.712,1298,163.12
129.33,98.084,1265,160.94
140.22,98.913,1190,146.37
134.38,89.966,1243,167.08
119.49,82.518,1206,155.03
115.13,81.418,1031,125.34
108.43,75.77,1206,140.59
100.19,61.667,1318,179.94
104.84,48.214,1231,142.74
115.88,46.084,1241,133.21
122.21,55.284,1380,154.09
129.76,65.393,1233,146.88
127.42,72.368,1229,140.2
129.84,69.059,1009,118.75
129.77,81.244,1157,132.75
132.57,87.211,1147,133.19
134.88,102.55,1204,139.61
131.41,105.45,1218,156.69
142.75,111.84,1104,142.23
151.96,107.18,1153,139.19
151.81,105.29,1247,171.61
146.48,98.569,1006,116.68
147.65,93.192,895,107.5
146.8,94.474,878,107.65
141.61,98.633,886,110.61
130.34,88.694,838,109.89
117.27,87.526,1041,129.59
103.05,79.264,1055,138.8
95.194,83.21,993,121.32
111.07,84.774,1106,130.4
128.14,83.286,1225,171.8
140.98,85.651,1104,143.59
135.33,85.027,1202,145.09
125.75,89.327,1264,171.87
127.4,103.4,1275,168.43
139.29,113.53,1222,162.33
153.64,114.97,1214,151.96
163.76,112.01,1275,172.19
157.14,103.16,1271,173.22
156.01,108.77,1177,144.69
156.44,121.39,1047,131.46
158.81,128.3,800,104.52
155.39,135.08,842,107.73
150.09,134.73,1117,147.81
156.29,127.85,1107,143.13
167.8,123.71,1149,144.24
177.49,108.9,1067,130.61
170.87,108.95,1009,131.41
164.13,118.08,1071,138.24
160.84,130.25,1020,120.83
169.62,128.96,1066,133.75
182.85,124.16,1020,124.05
194.22,122.28,901,116.18
200.34,114.65,995,124.28
205.23,102.39,979,122.59
209.3,92.413,906,112.62
206.59,93.57,1080,152.37
211.66,86.695,1075,151.4
222.47,72.629,1033,136.07
231.38,62.084,998,134.76
243.31,51.963,952,121.63
255.05,47.004,948,124.54
267.5,45.093,938,119.98
274.6,47.094,1029,143.09
282.31,43.627,1022,133.23
292.06,48.396,1036,126.6
286.71,43.751,1017,130.6
268.67,39.738,1009,138.96
256.76,46.877,1013,152.66
269.36,50.528,1029,135.98
279.78,58.01,1037,131.07
275.82,61.085,1169,175.12
281.39,69.701,1194,180.76
293.91,82.316,1108,144.08
303.39,90.324,995,127.3
303.66,84.077,942,132.62
293.54,74.244,1050,148.85
284.49,75.277,995,127.65
287.46,85.712,930,120.46
297.42,94.084,936,121.64
298.57,95.346,940,120.33
310.68,91.413,848,109.39
313.55,87.131,911,114.87
311.57,83.817,880,117.19
313.48,82.637,834,116.58
317.68,75.456,928,119.72
308.09,71.226,831,109.09
294.83,75.044,1045,140.68
283.75,82.229,1015,125.45
297.42,80.045,994,143.98
299.82,87.372,1061,143.84
295.18,97.737,1074,138.43
304.48,108.73,1047,146.72
307.76,108.13,1081,157.71
314.1,89.776,1044,138.67
313.6,88.903,969,127.98
307.78,81.606,988,130.26
300.33,73.422,1094,134.09
295.34,58.609,1042,129.38
290.72,44.516,1140,141.76
285.85,29.974,1115,140.77
288.99,28.147,1176,170.19
296.26,18.221,1117,155.31
302.88,10.814,1086,146.76
300.55,19.596,1061,146.86
286.68,24.799,1044,138
275.47,40.495,1013,135.14
257.04,46.257,1033,135.72
242.18,54.492,1061,131.68
232.94,62.167,1168,161.86
225.92,76.952,1068,144.63
214.22,87.919,1127,158.9
200.01,96.469,1070,150.33
184.78,98.923,1132,179.45
170.59,92.172,1149,185.74
153.85,80.557,1146,200.36
137.56,64.995,1182,211.32
128.96,44.776,1143,167.07
116.69,25.237,1103,180.46
112.23,9.6138,1127,154.87
102.14,-1.6168,1129,163.03
86.575,-14.501,1165,170.19
72.77,-27.439,1143,175.67
56.314,-36.537,1151,166.98
44.648,-43.635,1163,201.39
42.273,-42.43,1028,150.91
29.153,-30.386,1083,181.08
36.094,-16.101,1054,163.92
52.309,-10.307,1070,163.08
53.993,-9.2494,1152,166.74
57.43,-7.0577,1224,159.37
58.615,-6.7097,1297,171.29
59.416,-6.489,1360,177.88
59.66,-6.1012,1390,182.57
60.02,-6.09,1405,191.79
60.999,-5.7158,1429,196.52
62.692,-4.7789,1455,208.32
62.977,-4.6127,1496,209.84
64.209,-5.3961,1438,222.21
65.269,-4.9065,1487,228.9
65.968,-6.0885,1477,222.53
66.284,-5.1511,1478,224.59
64.323,-5.5523,1446,204.6
64.855,-5.5897,1348,189.31
69.137,-5.1003,1356,196.9
66.414,-3.503,1297,174
65.344,-1.4877,1235,167.99
68.898,2.4685,1229,167.25
74.305,-3.0556,1238,149.53
70.757,-2.7916,1208,164.67
68.431,-4.5232,1260,158.57
69.269,-2.1073,1379,171.67
69.778,-3.1997,1462,169.76
69.943,-3.6456,1487,172.47
69.683,-3.6107,1517,173.61
70.122,-3.3101,1550,181.8
70.144,-3.4704,1580,190.97
70.273,-3.9957,1540,190.5
70.372,-4.0974,1584,195.41
70.369,-3.3476,1586,198.96
71.312,-3.7058,1559,192.79
70.425,-4.6057,1536,192.56
69.858,-3.6303,1592,186.79
68.946,-4.1716,1453,170.2
70.406,-5.8935,1421,173.93
71.705,-2.2827,1400,171.07
71.468,1.2129,1366,168.89
77.53,3.2888,1354,175.31
86.441,6.4037,1298,161.44
92.133,13.188,1302,185.96
94.619,18.144,1379,206.76
99.24,27.496,1408,177.67
104.84,34.361,1355,181.24
111.68,38.165,1303,169.49
121.23,40.373,1306,167.23
122.58,39.981,1309,156.97
113.67,31.827,1367,159.4
106.62,24.296,1323,145.35
101.71,19.421,1337,173.36
97.899,16.454,1370,182.88
93.757,13.851,1343,176.39
85.867,9.3551,1329,190.26
73.17,6.5555,1338,190.69
61.321,-2.2587,1386,171.22
56.982,-16.815,1344,210.06
46.959,-24.826,1351,183.81
40.474,-36.032,1352,220.94
32.998,-42.239,1319,162.63
23.644,-47.881,1255,167.19
26.665,-49.623,1248,190.75
29.25,-46.264,1192,183.99
20.584,-45.05,1208,171.8
7.5142,-45.54,1227,167.11
2.199,-47.185,1129,170.26
-1.862,-41.65,1063,149.76
-6.3962,-33.999,1053,139.36
-5.4971,-27.016,1112,132.86
-1.1448,-15.818,1102,159.66
8.0812,-3.7066,1015,144.17
12.827,6.0986,1089,161.43
18.463,19.431,1110,166.37
28.529,28.771,1104,161.89
40.88,35.953,1114,166.39
52.621,40.781,1135,175.52
65.242,49.194,1172,169.71
73.165,51.73,1201,165.25
77.014,55.488,1136,159.52
87.647,65.143,1129,175.43
86.42,73.421,1161,183.39
86.369,86.856,1068,157.94
90.91,90.368,1063,152.55
89.33,77.151,1157,180.32
82.089,63.923,1088,160.73
70.058,51.864,1027,152.48
67.183,45.95,1096,152.27
65.127,44.668,1137,157.93
65.087,36.386,969,139.47
67.12,20.467,964,149.56
69.028,12.912,978,138.97
75.637,3.7758,1142,166.73
75.075,-4.5034,1193,175.73
64.528,-17.433,1207,181.19
60.062,-35.187,1204,172
58.612,-38.289,1131,175.29
44.802,-36.626,1146,164.8
31.217,-45.825,1140,159.73
14.943,-47.114,1149,170.11
10.932,-46.231,1245,203.55
-0.54698,-51.515,1187,229.05
-8.8748,-56.038,833,167.02
-11.912,-59.254,843,139.22
-15.696,-57.273,636,149.52
-6.7301,-53.596,1175,180.15
4.3324,-46.742,1183,183.48
1.1167,-37.511,1167,163.36
9.6159,-22.213,1139,126.7
21.342,-18.513,1163,201.5
39.335,-7.0101,1204,195.8
49.296,3.8665,1143,172.53
52.756,8.5014,1157,161.71
43.624,12.959,1099,143.23
40.067,22.279,1122,168.08
53.579,25.199,1177,180.46
59.048,9.3974,1177,165.01
54.748,1.2701,1088,160.16
54.816,1.5566,1119,157.33
67.713,-4.4892,1162,152.31
84.186,-0.30923,1171,159.16
96.019,5.1961,1170,166.02
95.963,12.759,1118,147.29
96.723,12.889,1093,131.07
91.139,10.164,1138,157.93
87.975,18.707,1176,145.44
83.429,24.283,1040,139.67
87.727,30.05,1032,143.19
85.61,43.912,1035,134.48
79.876,47.242,1075,154.24
69.732,43.408,1109,150.79
70.545,51.645,1087,142.9
73.506,51.771,1083,161.21
79.278,67.129,1133,162.82
90.317,81.084,1166,159.23
99.414,92.345,1166,174.75
111.91,99.538,1172,172.21
126.79,105.59,1191,187.27
141.55,110.47,1216,183.19
157.26,122.23,1248,195.76
160.57,135.06,1182,148.8
159.51,143.15,1128,158.58
167.69,131.41,1151,155.99
166.21,127.46,1167,167.31
176.47,126.31,1194,182.87
181,133.43,1111,145.07
187.67,134.54,1120,175.91
193.8,135.82,1076,149.72
198.31,134.39,834,106.18
189.17,134.29,750,113.71
184.27,125.61,699,99.069
187.23,133.7,817,142.05
172.67,134.2,941,141.4
162.39,141.44,934,125.25
168.64,141.16,781,118.95
171.43,139.18,681,103
164.35,149.44,874,120.06
161.07,147.43,927,125.72
152.33,143.93,1081,162.79
150.06,133.2,999,136.8
153.25,129.47,1088,152.97
171.27,118.17,1121,164.72
188.05,122.41,1122,163.18
185.73,128.53,1165,167.03
184.4,114.11,1211,180.04
165.54,107.64,1193,191.97
143.52,100.34,1149,184.24
123.22,102.48,1163,175.77
107.43,102.32,1110,165.14
103.23,101.23,1049,162.22
102.44,108.81,1019,161.82
98.634,115.89,842,122.31
90.321,119.42,786,105.77
91.3,123.52,807,110.01
102.07,122.43,822,125.72
108.08,126.44,917,135.85
118.24,124.2,946,138.15
132.25,130.78,924,144.52
144.45,143.42,1033,155.08
156.98,142.48,1058,146.85
145.89,134.82,1193,182.82
152.47,126.76,1238,186.09
150.73,125.23,1170,175.13
136.79,112.32,1171,174.1
132.98,98.822,1101,143.94
138.28,89.63,1124,145.46
149.24,74.399,1135,162.38
159.74,68.206,1232,178.2
163.49,72.938,1195,171.74
172.94,78.913,1202,192.59
177.31,90.055,1221,196.5
170.22,102.03,1209,201.36
166.86,94.343,1146,174.48
178.81,93.806,1193,183.38
192.15,106.21,1166,163.1
191.24,113.66,1048,129.73
184.71,124.29,1038,141.64
200.64,119.96,1195,169.25
201.99,128.08,1144,142.82
201.42,124.67,1065,158.37
213.03,125.07,944,121.23
204.5,124.2,978,135.09
193.82,123.49,1176,172.6
193.14,122.62,1228,181.61
193.86,133.1,1222,191.74
197.45,132.98,1176,178.71
209.29,122.51,1219,170.24
214.98,114.65,1211,179.73
214.04,102.04,1273,198.8
216.96,87.965,1351,223.07
230.04,74.389,1301,214.99
243.73,59.686,1284,197.62
263.75,54.078,1250,176.06
284.55,55.431,1228,183.34
296.46,61.77,1222,193.21
299.2,80.702,1171,182.32
298.7,89.691,1224,190.26
314.99,85.317,1189,179.77
315.89,73.334,1102,133.89
298.62,70.088,1267,187.26
301.56,67.039,1346,217.94
309.53,51.947,1280,189.78
311.72,39.539,1349,218.89
309.98,45.203,1412,243.52
307.16,60.557,1357,229.87
313.96,69.018,1245,187.89
302.51,68.387,1212,183.85
291.82,57.5,1162,170.12
287.72,47.797,1184,167.39
266.6,55.866,1169,154.65
258.1,50.327,1232,181.21
247.19,50.147,1158,183.06
230.95,43.036,1088,144.05
218.15,34.871,1056,148.18
213.5,28.96,1031,165.09
219.74,45.218,1017,167.68
222.87,63.99,1036,157.43
227.97,75.368,914,123.8
229.26,62.834,963,130.55
245.48,58.833,871,116.03
261.29,59.913,985,128.44
275.69,68.713,923,117.54
287.95,77.642,1153,149.29
291.37,92.391,1166,138.39
295.47,106.65,1146,139.97
293.91,112.63,1050,139.05
298.54,119.21,1067,147.14
306.84,102.74,980,126.96
309.97,93.474,1130,166.97
297.08,99.601,1177,164.91
291.88,112.21,1057,151.91
293.69,126.05,1026,146
294.64,122.77,1048,136.38
300.55,114.7,1041,130.56
304.15,105.51,1010,149.63
306.12,99.599,803,109.08
289.53,104.16,992,131.89
282.97,114.95,992,128.72
287.26,112.59,1072,151.72
297.69,92.859,1183,162.28
314.08,86.765,1131,151.1
316.75,85.378,1116,141.59
321.04,81.342,968,122.62
328.25,96.137,888,116.91
322.27,90.095,875,109.59
329.57,80.204,734,97.225
318.6,71.678,677,92.858
302.93,61.437,921,144
297.37,45.171,1053,161.53
293.39,29.284,1128,149.02
293.69,20.304,1176,135.45
296.2,13.611,1039,134.69
290.52,27.256,1140,163.3
275.04,44.848,1103,161.78
268.64,63.313,1127,153.3
272.62,77.257,1262,194.01
275.7,84.533,1282,189.41
280.64,104.6,1164,160.75
283.7,107.72,1124,149.29
287.08,120.72,1077,140.56
291.53,117.24,1168,159.1
303.93,120.47,1023,136.98
314.4,108.64,1073,134.68
325.32,111.38,1107,150.45
319.08,109.93,1179,169.71
309.46,99.275,1205,174.92
293.99,83.805,1208,175.44
286.12,64.575,1326,178.59
272.06,47.895,1230,168.32
256.52,39.035,1168,163.14
243.6,30.932,1191,169.06
234.19,20.597,1216,169.41
230.46,9.6757,1154,166.09
216.1,8.052,1064,132.84
202.18,13.178,1056,148.55
210.97,20.679,1223,184.72
217.92,40.257,1162,159.03
220.02,58.36,1147,167.49
211.48,69.162,1300,200.34
203.29,88.103,1243,194.03
195.57,108.36,1241,209.58
205.68,125.43,1228,204.13
207.93,130.92,1192,194.73
217.51,123.89,1156,169.69
215.56,120.07,1264,212.6
218.52,103.81,1273,199.18
223.62,91.138,1308,213.49
231.4,80.076,1311,205.77
244.5,82.457,1250,167.79
248.5,78.862,1124,139.74
250.36,77.552,991,115.2
233.15,78.766,1212,181.77
224.56,96.027,1231,149.08
226.32,113.2,1172,162.62
224.72,114.52,1085,133.09
231.63,104.27,1159,135.03
236.13,96.543,1084,166.65
240.06,94.19,1115,155.06
244.14,92.761,1147,168.89
255.76,92.723,1215,202.51
269.23,101.03,1254,198.82
280.92,115.05,1253,191.74
297.3,111.83,1231,187.6
313.74,115.55,1196,178.93
308.68,114.09,1266,181.41
294.61,108.67,1248,184.49
281.47,114.62,1221,181.14
278.32,113.56,1159,144.11
279.79,99.095,1245,176.21
284.78,86.268,1225,172.57
284.25,95.969,1236,173.72
282.28,85.96,1180,139.12
296.45,80.371,1211,169.59
293.84,92.72,1291,185.12
295.07,106.99,1243,182.81
304.74,114.36,1109,145.79
320.65,118.11,1110,150.71
326.02,132.62,1141,153.74
330.15,146.61,994,140.8
336.01,154.3,951,128.1
345.29,147.13,1130,165.07
349.84,142.53,1071,158.23
359.14,135.85,859,120.9
356.1,135.41,888,136.1
339.4,135.71,1027,151.21
328.39,141.53,1076,139.4
331.1,143.01,946,139.58
325.67,161.37,792,120.72
321.08,172.68,837,124.56
322.91,177.04,1038,171.48
323.57,177.26,1019,161.83
337.2,187.61,870,119.01
337.37,190.4,938,149.01
324.17,191.46,1017,174.45
317.47,198.64,1061,193.08
327.13,205.08,1127,184.14
334.4,217.71,1128,174.19
338.35,228,1179,184.41
350,236.94,1118,161.49
354.06,245.83,1069,143.08
351.97,246.76,1081,162.05
361.78,252.85,1053,144.34
366.84,257.28,825,118.63
361.33,244.81,812,127.35
351.17,239.82,1007,153.81
349.87,236.79,823,120.78
355.83,242.82,913,132.52
350.99,242.73,936,142.93
348.66,249.19,1012,143.16
360.75,251.44,1115,176.82
369.76,245.04,1133,155.5
375.33,248.37,1050,146.61
372.23,261.38,979,136.51
373.14,259.13,950,147.76
383.14,254.58,818,110.94
369.33,255.08,940,113.45
355.2,255.05,956,128.69
347.85,249.88,1006,145.22
342.91,263.18,989,122.93
341.99,258.73,939,118.5
347.48,265.1,944,132.21
351.8,270.55,991,144.79
358.89,271.18,1042,157.44
373.74,266.99,1072,147.51
384.32,262.38,1070,136.52
372.37,263.07,1029,134.95
379.28,259.74,1153,173.28
384.09,274.07,1109,167.52
387.55,285.23,916,131.12
385.6,286.23,844,124.91
396.5,274.72,890,123.62
389.47,263.88,814,113.83
382.88,259.44,869,111.44
383.13,248.09,847,115.49
372.68,255.18,881,116.97
369.52,266.78,1051,145.37
374.79,271.12,1207,184.72
383.69,284.56,1157,173.53
392.54,295.77,1061,159.56
399.91,301.16,962,142.71
403.1,304.52,774,112.33
414.5,309.49,560,89.806
421.5,309.23,328,79.46
411.44,305.58,911,115.44
423.55,304.54,853,121.46
421.08,305.02,598,117.63
402.94,304.88,551,112.75
397.76,318.83,895,152.34
399.47,317.76,949,155.38
407.93,311.82,871,123.2
408.17,312.08,944,144.77
409.12,311.01,1063,151.58
411.33,310.96,1190,159.22
411.15,310.63,1253,161.68
411.09,308.43,1282,165.56
410.38,307.31,1275,164.17
409.8,306.88,1301,163.49
409.42,306.76,1316,168.32
408.25,306.83,1354,171.89
408.2,307.51,1389,165.65
408.61,308.54,1409,167.49
411.5,309.31,1325,168.02
414.03,310.89,1244,166.62
416.4,309.84,1171,154.02
416.04,311.15,1160,157.69
410.44,307.52,1088,140.43
409.7,304.21,1097,161.68
410.94,314.9,1182,152.89
410.16,311.16,1229,142.42
410.1,310.22,1325,149.92
410.52,310.25,1434,152.25
410.15,310.51,1513,155.47
410.08,310.27,1531,155.84
410.13,310.38,1516,164.94
410.21,310.59,1509,165.49
410.28,310.61,1521,169.68
410.38,310.28,1511,170.44
411,310.02,1508,168.57
411.44,309.7,1504,170.42
411.97,308.78,1476,187.59
410.83,309.23,1450,173.01
412.36,312.31,1399,165.51
414.77,316.3,1276,166.64
411.45,318.3,1271,153.69
405.85,311.23,1250,144.59
410.1,309.29,1323,172.68
418.72,311.56,1333,191.39
416.72,309.66,1179,147.08
409.75,307.45,1213,160.37
411.02,313.03,1291,173.66
413.75,312.03,1356,166.22
413.09,312.13,1421,158.48
412.7,311.87,1461,164.92
412.47,312.25,1484,169.04
412.53,312.18,1454,170.56
412.57,311.9,1456,177.5
412.55,311.49,1440,176.73
412.61,311.64,1454,174
412.33,311.02,1474,177.58
413.24,310.11,1468,176.45
412.7,310.12,1463,170.64
411.16,310.7,1438,161.61
413.06,309.81,1334,158.31
416.79,310.68,1367,158.3
419.11,309.74,1322,170.28
415.75,304.01,1244,142.1
421.5,304.5,1231,138.7
417.83,311.23,1161,148.1
415.41,306.05,1267,181.3
409.79,316.21,1219,161.47
412.23,323.81,1162,158.09
422.34,317.2,1112,129.1
424.32,304.14,1109,127.87
410.64,300.95,1135,134.62
402.81,314.84,1140,185.23
404.05,330.2,1105,149.01
413.58,334.15,1032,117.36
424.41,332.04,961,132.48
427.95,331.29,829,129.4
429.34,318.91,1016,183.34
420.87,299.88,1130,129.99
423.36,290.13,1053,128.67
415.39,293.75,1154,162.09
406.77,309.44,1111,162.39
414.08,327.37,1135,159.04
426.12,337.12,1097,148.08
430.5,331.59,1135,150.63
426.91,314.48,1199,196.19
430.5,294.61,1196,185.38
431.05,302.55,1150,170.78
429.49,316.16,1244,193.98
417.5,321.48,1261,166.03
409.49,313.43,1287,217.7
413.66,313.74,1321,223.24
416.82,331.03,1224,191.73
414.62,343.69,1118,160.74
426.8,349.2,1090,147.49
431.28,351.12,1042,155.31
444.15,345.53,913,139.2
437.14,344.1,779,124.47
436.04,347.61,731,112.69
435.78,348.31,818,111.64
434.22,347.24,952,123.73
434.2,347.15,1000,125.6
434.06,346.28,1026,127.23
433.75,346.03,1019,130.01
433.57,346.05,1007,129.45
433.52,345.44,1036,127.2
432.98,345.08,1039,126.05
431.57,344.55,1046,125.95
430.35,343.55,1099,131.67
430.1,345.65,1156,137.36
432.45,347.19,1212,135.87
434.61,348.79,1180,143.4
435.03,350.28,1063,151.53
428.66,351.45,1013,126.98
426.46,356.34,1094,143.08
435.2,358.87,998,127.17
436.09,354.46,1018,127.77
436.37,353.5,1080,128.35
436.54,352.99,1110,133.14
436.6,352.32,1150,135.22
436.46,351.88,1144,135.58
436.53,351.69,1137,138.43
436.31,351.45,1139,138.4
436.22,351.17,1125,137.55
435.95,351.02,1138,138.58
436.11,349.74,1136,138.25
435.68,350.98,1148,138.33
436.41,354.93,1189,135.32
435.98,355.15,1189,134.7
436.01,350.94,1297,156.03
444.14,345.93,1218,160.47
441.16,349.49,1132,145.38
431.24,354.2,1160,142.75
430.5,359.72,1048,134.85
437.58,367.05,981,123.08
447.2,362.72,916,119.72
454.15,351.53,989,129.22
448.09,346.51,1037,155.18
445.46,348.25,935,125.23
445.89,348.97,1031,143.95
445.8,348.95,1071,144.33
445.8,349.42,1087,146.53
446.03,349.78,1059,145.84
446.01,350.9,1041,141.07
446.97,352.75,1064,143.11
447.42,353.06,1070,140.58
450.49,354.18,1148,151.06
449.14,355.15,1113,142.26
450.59,354.28,1163,145.93
451.45,351.6,1213,152.92
449.67,349.57,1173,152.06
450.15,350.89,1117,143.79
445.05,355.95,1154,148.74
439.7,349.34,1198,183.41
445.58,345.82,1184,174.38
442.04,357.79,1123,159.85
442.31,369.78,1064,136.91
440.52,359.32,1127,139.88
445.49,343.94,1111,160.38
450.26,347,1089,151.63
433.52,351.88,1166,161.75
425.74,365.53,1084,138.24
422.51,363.87,1098,160.6
432.29,357.21,1079,163.92
449.68,356.98,1160,146.68
463.74,357.52,1058,123.97
460.3,355.1,1129,168.5
457.52,339.65,1280,184.94
449.75,343.58,1165,167.74
431.36,352,1152,141.41
429.62,368.98,1046,133.98
424.29,372.48,1067,138.32
435.24,356.19,1110,151.53
454.74,347.53,1168,192.15
456.26,348.55,1344,196.98
438.57,342.88,1298,208.42
426.51,346.02,1232,181.52
430.53,366.09,1182,159.63
436.1,380.73,1092,139.51
447.87,383.48,1078,140.99
449.94,388.83,1035,149.55
451.31,384.47,1002,142.31
459.25,390.94,1001,151.75
455.35,397.68,1106,188.55
457.19,406.58,858,118.48
459.4,397.21,712,135.8
466,395.66,472,95.38
466.47,399.73,383,96.323
466.34,401.35,386,93.933
464.87,401.56,366,93.462
462.42,398.48,357,95.819
463.28,402.69,401,94.437
459.5,402.81,607,99.821
457.41,397.85,737,114.76
461.23,397.61,694,104.56
448.73,392.18,731,106.83
439.85,378.99,872,146.77
434.52,368.25,879,123.6
435.79,367.51,782,108.86
422.54,357.33,946,150.52
425.42,353.68,911,144.22
437.33,365.66,887,132.52
445.83,369.33,890,143.6
443.8,361.49,929,147.71
442.17,361.39,1030,140.75
441.5,361.12,1127,150.46
440.88,361.69,1185,149.65
441.08,362.01,1231,151.46
441.01,362.27,1265,153.31
440.94,362.54,1263,157.96
440.52,362.56,1287,158.98
440.64,363.42,1307,162.26
440.07,363.24,1301,160.85
439.45,364.19,1310,145.37
439.79,367.04,1263,149.19
440.81,369.83,1167,145.16
441.48,370.14,1110,149.39
440.16,366.92,1076,151.31
432.04,367.89,1039,141.32
427.37,366.73,1027,141.97
434.58,365.08,1047,151.72
431.04,365.09,1073,161.86
430.26,365.49,1187,156.13
431.71,365.25,1246,152.96
431.88,365.56,1263,159.4
432.36,365.49,1247,154.73
432.68,365.6,1226,153.68
432.65,365.7,1239,150.82
433.05,365.4,1243,153.94
433.07,365.56,1256,153.86
433.86,365.82,1270,154.89
434.26,365.95,1266,149.96
435.22,365.98,1265,145.88
435.87,364,1249,147.72
433.97,359.67,1189,146.64
435.71,360.51,1084,128.84
440.42,365.72,1089,144.21
439.93,365.59,1070,156.12
438.74,358.65,1137,170.9
440.42,351.36,1126,177.16
436.88,360,1087,146.41
441.15,366.76,1049,146.01
438.38,363.56,1093,163.63
439.09,365.98,1150,149.15
438.79,365.11,1163,147
438.97,365.28,1171,148.19
439.06,365.01,1159,148.08
438.72,365.48,1112,145.61
438.72,365.68,1103,144.58
438.57,365.48,1086,146.56
438.67,365.66,1067,145.93
438.74,365.52,1051,145.72
438.51,364.27,1050,142.71
439.13,363.3,1126,140.76
437.38,363.59,1101,145.8
436.85,359.92,1142,150.18
440.09,360.18,994,127.86
440.29,367.87,894,119.62
441.88,368.04,946,142.51
440.21,372.69,894,123.23
442.49,369.44,977,144.6
440.31,369.73,962,130.11
440.48,368.81,988,129.69
440.07,368.35,985,127.73
440.37,367.5,1014,131.88
439.77,366,1010,128.68
438.07,365.51,1011,128.58
439.35,364.39,1075,136.66
437.43,363.52,1070,124.03
435.27,362.4,1042,121.63
436.06,360.97,979,116.72
438.35,366.1,920,116.5
439.81,372.82,970,130.99
439.49,379.35,957,133.62
445.64,379.44,1036,139.93
451.65,367.58,1019,147.77
451.87,357.84,930,135.51
444.24,364.42,880,110.89
437.77,372.95,906,123.52
442.47,365.31,1079,147.04
457.54,362.25,1058,139.35
461.34,364.83,1091,167.6
447.97,357.21,1151,173.77
443.51,359.6,1247,195.81
439,368.72,1220,174.82
434.26,376.11,1077,146.22
427.83,386.39,1003,141.97
432.55,381.91,1075,171.95
444.94,376.61,1091,173.63
447.65,386.38,1188,209.66
435.32,376.52,1330,224.55
424.23,370.2,1263,215.46
420.43,357.84,1109,168.83
425.5,359.6,1128,172.71
435.08,376.1,1156,192.83
443.19,391.99,1201,159.13
446.7,394.54,1223,221.37
462.43,404.08,1171,182.96
463.81,406.86,1069,138.1
471.44,408.7,1028,172.59
481.55,408.54,1077,190.73
476.34,415.6,1027,211.91
469.7,418.7,1049,194.16
476.21,408.8,1142,226.02
483.85,408.97,1057,170.12
473.99,406.57,1216,189.74
456.48,393.55,1224,182.8
445.51,380.21,1131,178.75
454.37,384.67,1178,200.45
435.75,381.56,1202,198.82
418.18,370.09,1197,175.92
428.13,361.84,1185,224.98
446.56,367.26,1255,240.08
450.01,383.04,1261,223.39
450.71,399.58,1172,204.45
456.25,415.82,1190,194.76
463.04,426.22,998,184.66
478.68,427.11,747,133.75
475.87,424.89,851,134.67
487.85,413.33,916,157.13
488.38,419.9,891,165.95
495.66,408.67,1011,183.47
504.12,397.95,1107,193.01
503.27,395.37,1070,179.6
498.29,406.01,1037,191.43
482.58,420.01,1016,160.09
468.06,424.08,946,153.13
467.87,434.56,861,129.31
468.12,431.99,900,137.16
469.55,432.3,842,123.04
468.28,431.61,913,122.8
468.91,430.19,943,126.69
468.96,430,947,126.34
468.99,430.31,973,131.69
469.52,429.9,956,129.61
469.33,429.41,975,130.54
469.75,428.49,998,129.29
469.42,427.46,1042,133.29
469.47,427.28,1076,143.84
469.22,428.58,1068,142.78
471.22,433.32,948,132.08
476.06,435.56,806,125.44
478.58,436.12,843,136.65
489.03,436.06,750,146.47
500.32,427.12,567,112.03
496.41,419.03,732,106.08
487.92,420.07,857,142.04
485.79,421.94,917,163.4
488.72,424.07,788,128.08
486.02,422.27,856,140.44
486.45,422.15,850,141.21
486.69,422.39,861,140.06
486.64,422.65,863,141.21
486.51,422.08,849,143.46
486.87,422.17,844,140.66
486.63,422.2,820,141.98
487.09,422.46,848,146.45
487.45,422.46,850,145.03
486.33,422.11,893,144.37
486.08,421.74,916,137.48
482.62,424.82,892,140.31
477.09,429.63,843,118.37
480.9,431.45,686,117.41
490.61,434.6,516,109.98
492.56,432.95,696,122.04
499.46,422.11,752,129.68
496.84,417.73,850,147.65
488.01,417.66,978,160.16
488.25,421.64,940,149.44
487.94,421.49,869,133.56
487.81,421.47,852,131.51
488.48,421.64,872,132.25
488.33,421.76,870,137.75
488.9,421.94,857,137.22
489.14,421.83,840,131.66
488.95,421.54,859,137.94
489.73,421.05,856,142.3
490.31,417.63,888,138.97
487.69,415.57,1002,134.24
481.84,417.68,1008,143.03
476.66,424.3,994,137.29
481.72,429.52,815,129.34
483.89,435.17,593,122.89
487.83,435.06,449,83.066
497.64,433.99,409,100.15
508.31,430.31,346,98.193
519.37,431.09,756,151.3
512.61,431.16,914,155.08
496.72,428.14,1043,149.17
481.32,421.79,1116,135.13
484.68,421.2,1210,173.56
495.4,424.31,1203,192.57
500.13,430.38,772,118.66
503.53,443,785,153.3
513.42,431.53,942,177.73
507.29,428.31,881,137.46
497.71,415.8,1272,178.51
480.89,406.5,1339,178.48
470.12,402.99,1154,155.36
459.68,408.05,988,126.76
469.64,421.17,942,122.69
476.65,437.76,1037,161.8
486.97,442.58,763,133.84
502.33,444.98,626,117.87
521.36,434.15,603,120.84
521.36,434.15,603,120.84
