0,-0,126,41.02
0.58606,1.2409,121,38.572
0.9479,1.7019,115,37.439
1.4067,1.6071,112,38.225
2.1726,1.3752,107,38.035
2.7698,1.1905,105,37.762
3.3719,0.83876,101,37.464
4.2333,0.19519,101,38.936
4.9253,-0.39916,102,37.257
5.2275,-1.0686,100,36.397
2.5037,-2.4678,102,36.24
2.3463,-3.592,104,35.868
2.1476,-4.4757,106,34.743
2.0468,-5.0524,109,34.743
1.9243,-5.2441,103,34.371
1.9841,-5.6443,102,34.578
1.7675,-5.9886,100,33.8
1.6366,-6.1094,94,33.031
1.1001,-6.1351,92,33.61
0.67768,-6.3963,93,32.295
0.14378,-6.3759,95,33.618
-0.34142,-6.7089,107,34.718
-0.63082,-6.5148,116,35.669
-1.3404,-5.8145,114,35.777
-2.0843,-5,112,35.471
-2.7793,-4.2592,124,36.422
-3.4716,-3.6864,128,38.589
-3.1032,-2.9762,126,38.316
-2.9841,-3.0317,126,37.646
-3.2785,-3.0686,125,37.993
-3.5624,-3.1417,129,39.325
-4.2431,-3.2316,132,40.557
-5.6862,-3.5841,135,41.128
-6.3113,-3.4665,132,40.756
-6.4896,-3.3577,127,39.151
-6.1105,-2.8446,125,39.143
-5.459,-2.6725,123,37.621
-4.9825,-2.7086,125,37.538
-4.995,-2.9833,128,37.944
-4.8651,-3.6508,126,37.828
-4.9809,-4.5657,124,37.737
-4.8203,-5.4758,127,40.003
-4.4508,-6.4123,123,37.464
-3.7973,-6.5433,122,37.944
-3.7071,-6.6745,122,37.58
-3.5159,-6.6667,126,38.134
-3.5345,-6.7406,125,38.597
-3.6554,-6.7231,129,39.333
-3.5397,-6.5873,126,38.2
-3.6669,-6.4754,128,39.06
-3.6825,-6.3918,136,39.639
-3.7252,-6.3588,129,38.87
-3.9383,-6.1309,131,39.614
-4.2053,-6.0422,132,39.73
-4.3199,-5.9706,131,38.754
-4.2763,-5.2879,128,37.894
-4.342,-4.9431,138,39.54
-4.6056,-4.8516,130,38.308
-4.7899,-4.3101,135,38.655
-5.064,-3.7619,135,38.936
-4.9885,-3.6674,134,39.06
-5.093,-3.5554,134,38.87
-5.3517,-3.4653,136,39.052
-5.2979,-3.5824,130,38.498
-5.1748,-3.8627,129,38.01
-4.8216,-3.9474,133,39.035
-4.5159,-3.9513,132,38.68
-4.2979,-4.0978,130,38.316
-4.093,-4.2569,134,38.779
-3.7227,-4.268,137,39.06
-3.7431,-4.4134,132,38.688
-3.2356,-4.5346,132,39.821
-3.0007,-4.7619,132,39.333
-2.7717,-4.8937,129,37.803
-2.3428,-4.9248,131,38.506
-1.9056,-4.7055,130,39.722
-1.2138,-4.2098,128,39.424
-0.89246,-3.795,131,39.995
-0.51587,-3.2582,135,39.606
-0.27629,-3.1395,128,39.606
0.21746,-2.9363,130,39.515
0.25932,-2.5991,129,38.961
0.57527,-2.2879,128,38.779
0.85622,-2.2735,129,38.126
1.1863,-2.5433,122,37.018
1.9277,-2.8931,127,37.572
2.1612,-3.1629,128,38.134
2.0128,-3.2098,128,38.035
2.0655,-2.9867,129,38.242
2.2283,-2.8782,129,38.407
2.3944,-2.8824,130,38.895
2.4026,-2.7989,135,39.35
2.373,-2.9397,135,39.35
2.2043,-2.8811,137,40.475
2.146,-2.7857,140,41.401
1.5513,-2.9609,139,40.756
1.502,-3.187,149,43.204
1.1396,-3.395,149,42.526
0.94696,-3.594,139,41.773
0.82455,-4.1094,141,40.64
0.56404,-4.4628,146,43.857
0.23005,-4.9111,143,42.145
-0.041695,-4.9074,142,41.012
-0.7193,-4.6124,136,40.003
-1.0943,-4.333,136,40.086
-1.627,-3.9175,135,39.846
-1.9987,-3.5168,136,39.424
-2.1391,-3.1532,138,40.367
-2.5184,-2.7569,134,38.779
-2.839,-2.5507,131,38.109
-3.1307,-2.4508,135,38.688
-2.6166,-2.6999,129,38.498
-2.0585,-3.2503,129,38.978
-1.3958,-3.9727,136,39.515
-1.0387,-4.407,139,40.491
-0.5694,-5.0563,137,40.367
-0.55177,-5.9055,130,38.779
-0.29532,-6.1955,133,39.358
-0.70886,-6.3534,133,38.498
-1.5413,-6.337,131,38.498
-1.7389,-5.594,133,40.177
-2.587,-4.8697,136,40.177
-2.8893,-4.0977,133,38.779
-3.5913,-3.8738,137,39.656
-3.9437,-3.3092,134,38.498
-4.1977,-3.0346,132,38.688
-4.1367,-2.7339,131,38.87
-3.781,-2.4286,132,40.739
-3.3243,-2.3689,134,40.458
-3.1522,-2.1558,132,39.399
-3.105,-2.1417,129,37.712
-2.5934,-2.2425,129,37.927
-2.2277,-2.0376,133,40.094
-1.7659,-2.2392,132,41.111
-1.6674,-2.6634,132,41.409
-1.3825,-3.3175,135,41.417
-1.0738,-4.0083,138,41.111
-1.3825,-4.636,135,39.399
-1.9419,-5.015,133,39.424
-2.4151,-5.165,129,38.911
-2.9732,-5.0487,129,38.2
-3.1903,-4.6766,129,38.754
-3.3544,-4.3192,128,40.094
-3.0768,-3.8107,123,39.308
-3.0065,-3.5486,125,39.242
-3.0268,-3.4286,122,38.316
-2.963,-3.3229,123,38.126
-2.9729,-3.2592,124,38.01
-3.0374,-3.3157,124,37.629
-2.6225,-3.2046,125,37.257
-1.7937,-3.5556,126,39.143
-1.0689,-3.5649,132,39.358
-0.4151,-3.4673,129,38.969
-0.50512,-3.2189,124,38.316
-1.0093,-3.5231,127,38.961
-1.214,-3.4049,127,38.498
-1.8622,-3.4051,128,38.134
-1.9535,-3.5431,131,38.688
-2.3748,-3.4978,130,39.077
-2.8647,-3.7697,129,38.597
-3.236,-4.0698,131,38.961
-3.5208,-4.1124,136,39.606
-4.1685,-4.4074,142,40.946
-4.2767,-4.6242,138,41.318
-4.4634,-4.8327,146,42.468
-4.3797,-5.0131,142,42.253
-4.7173,-5.1369,144,42.145
-5.0182,-5.1067,146,42.906
-5.7389,-5.3581,142,42.798
-6.0992,-5.8522,144,43.948
-6.3375,-5.8018,142,43.948
-6.4825,-5.5143,140,41.508
-6.3825,-5.4643,140,40.921
-6.0065,-5.5272,142,41.591
-5.3412,-5.7044,145,41.938
-5.1045,-5.691,141,41.773
-5.1022,-5.9833,137,40.284
-5.1608,-6.3851,138,40.648
-5.1825,-6.3845,136,41.293
-5.7884,-7.2315,137,41.285
-5.9981,-7.542,141,41.202
-6.4526,-7.633,137,40.069
-6.9739,-7.8099,139,41.872
-7.554,-7.5571,140,41.682
-8.4271,-7.1624,139,42.724
-8.3031,-6.691,141,44.684
-7.8978,-6.4286,144,44.618
-7.2482,-5.7789,137,43.278
-7.2111,-5.5143,140,42.534
-6.9595,-5.2919,139,40.822
-6.5301,-5.2371,141,41.409
-7.2103,-5.7827,144,41.111
-7.388,-6.4628,146,42.145
-7.8032,-7.4562,145,42.236
-8.1687,-8.4493,145,43.733
-8.8075,-8.48,136,43.642
-8.9704,-8.2392,132,43.096
-9.1068,-8.0725,132,42.815
-8.8189,-7.5346,132,41.219
-8.484,-6.7889,136,40.83
-8.2636,-6.6178,148,45.585
-7.1611,-5.5214,140,43.625
-7.0628,-4.5835,142,43.981
-7.3552,-4.8386,139,46.553
-6.9811,-5.3063,139,47.504
-6.754,-5.9286,140,43.187
-6.3562,-6.2619,144,41.889
-5.2642,-6.449,147,42.079
-4.8797,-6.8511,142,42.352
-4.9759,-6.7752,150,42.054
-5.8717,-6.4151,148,43.964
-5.6277,-5.6957,146,40.995
-5.1962,-4.9286,146,41.682
-4.8244,-4.1853,148,43.295
-4.0069,-4.1515,148,43.278
-3.4692,-4.2686,150,46.528
-3.5382,-4.4017,149,45.767
-3.7625,-4.3352,150,45.395
-3.6825,-4.638,148,43.642
-3.8514,-4.5743,151,43.46
-3.5593,-4.2847,146,43.022
-3.6082,-4.6515,148,44.031
-2.7,-5.1209,143,43.667
-2.0032,-4.8837,145,41.285
-1.4309,-3.5964,149,41.268
-0.90085,-2.4286,142,40.259
-0.50138,-1.088,138,39.862
-0.61958,0.08254,135,40.739
-1.0472,-0.0075188,133,40.375
-1.3492,-0.9513,132,40.615
-1.2126,-2.3684,133,40.458
-0.45598,-3.5067,128,39.143
0.29473,-3.7998,132,40.094
0.46408,-4.1654,133,39.35
0.70235,-4.2271,139,41.037
0.745,-4.2692,138,40.673
0.9582,-4.7545,135,40.764
1.3352,-4.9676,141,40.268
2.3023,-5.3907,132,38.779
3.3215,-5.5086,125,38.845
4.1403,-5.09,127,39.581
5.2516,-4.1573,129,41.103
5.5306,-3.1805,129,42.401
5.8386,-2.661,142,42.004
5.7147,-2.2162,146,51.201
5.5572,-1.6409,146,46.702
5.0777,-2.4765,146,44.295
4.8175,-3.9392,141,41.864
4.1804,-4.9323,135,39.598
3.0566,-5.088,138,39.788
0.81052,-4.123,144,42.36
-0.84921,-3.0952,144,43.849
-1.5042,-2.6593,143,43.923
-2.002,-1.7411,144,43.551
-1.9897,-1.2214,140,42.889
-1.9325,-0.8771,136,39.813
-2.1311,-1.23,136,39.54
-1.4487,-2.7883,139,39.97
-0.47784,-3.6702,149,43.716
-0.91227,-4.3069,148,44.452
-1.964,-4.7928,151,45.908
-3.5287,-5.435,156,45.817
-4.8949,-6.1341,146,41.384
-5.7611,-6.1071,140,41.434
-6.3909,-6.3313,144,45.147
-6.5559,-5.7419,150,47.289
-5.8903,-4.7013,154,46.247
-3.4938,-3.3359,151,42.062
-1.7381,-2.4841,144,41.872
-1.3423,-2.4077,144,46.917
-0.96825,-3.6286,140,44.122
-0.8189,-4.7433,143,44.519
-1.5575,-4.9147,144,44.494
-2.5825,-4.3044,145,44.312
-3.5025,-2.6219,150,43.551
-4.2968,-0.65,140,40.739
-3.9955,0.14053,123,37.365
-2.1825,-1.4063,135,39.887
-1.2242,-4.2827,144,42.517
-0.64612,-5.5544,151,48.141
-0.75397,-4.4762,147,45.627
-0.88524,-3.8205,148,44.634
-2.3839,-4.4219,149,44.179
-3.6411,-6.6515,157,48.885
-5.0287,-7.3447,143,44.105
-6.6658,-5.9185,149,43.989
-6.6791,-3.3941,145,40.714
-5.3909,-1.7758,144,42.716
-3.0347,0.0080483,142,43.485
-0.50371,0.15537,137,42.079
1.6653,-0.76915,138,43.758
4.6543,-2.6059,141,44.014
6.5937,-4.009,143,43.741
8.2603,-6.0286,140,44.684
7.9248,-7.7105,149,46.859
6.9565,-8.8392,151,53.674
5.1316,-7.2299,156,58.363
1.7508,-3.7352,150,54.046
-1.1687,-0.4494,144,44.477
-2.3568,0.70779,132,40.557
-2.1669,0.047991,128,44.13
-1.0895,-0.18826,129,44.775
-1.7437,0.14697,139,42.335
-1.6753,-0.34161,138,42.071
-0.49761,-1.7368,146,47.338
2.0975,-4.5486,150,49.778
3.8175,-5.5653,139,42.79
4.7194,-3.2586,153,45.213
3.6394,-0.79843,146,43.923
1.2897,0.064484,144,47.314
-0.92047,-0.64236,145,42.616
-1.8427,-1.7619,153,45.304
-0.77587,-0.9419,150,51.697
2.0675,-1.1978,156,46.9
4.7662,-2.8196,156,46.264
7.0772,-4.3896,154,50.357
8.7341,-5.3837,156,49.919
8.5278,-7.2975,145,47.206
6.1692,-8.1527,145,43.906
1.9668,-6.2597,154,44.204
-0.98124,-2.6948,154,48.033
-3.9759,-0.33524,150,48.769
-6.3797,0.70523,142,45.875
-7.3416,1.4654,132,45.536
-7.3686,1.6489,129,45.511
-4.7484,1.4164,129,44.312
-1.6933,0.84481,139,41.219
1.0622,-0.8971,143,41.128
3.1344,-2.9708,142,43.071
4.7032,-5.5929,140,43.179
4.1347,-7.7182,145,51.433
2.0375,-8.6019,150,47.405
-1.6614,-8.3722,142,42.418
-4.2778,-9.6667,147,41.756
-4.9934,-9.9015,148,44.477
-4.5683,-8.1429,140,46.784
-4.5231,-5.9358,138,45.693
-4.6611,-3.9,140,43.071
-4.5738,-1.9141,138,43.435
-5.0111,-0.57857,140,41.384
-5.1476,-0.050949,143,45.792
-6.7825,0.047291,145,51.837
-8.7937,-0.73413,144,50.547
-9.3275,-1.1097,138,44.932
-8.2037,-0.94266,142,42.492
-6.1756,0.14782,144,42.153
-4.5892,0.8181,150,44.849
-4.1406,2.3756,143,45.767
-4.4724,2.0859,138,49.53
-4.1034,1.9887,139,45.668
-3.1754,0.62817,141,44.874
-1.2892,-1.2019,150,48.008
0.14438,-3.1337,156,50.613
1.206,-5.8362,157,47.173
1.8175,-8.4152,150,42.583
1.5356,-9.791,149,43.286
1.0146,-10.041,142,45.213
1.116,-9.645,134,41.061
0.050543,-9.3383,133,38.853
-1.6938,-8.9699,133,40.416
-3.4095,-7.1945,141,42.98
-5.3183,-5.6,140,42.418
-6.1825,-6.0272,142,43.559
-6.4413,-7.8551,143,49.158
-7.8103,-9.3994,137,48.579
-9.1897,-9.3,140,46.503
-8.877,-7.9702,144,45.213
-6.4897,-7.0571,140,44.767
-4.0444,-6.1457,152,44.295
-1.5575,-4.4348,160,46.553
1.0123,-3.1039,154,46.553
3.2041,-2.2886,150,43.816
4.8242,-2.0637,148,44.684
6.4106,-2.5389,145,47.942
7.0244,-3.6906,145,49.993
7.7777,-4.4882,151,47.744
7.4053,-4.5569,148,44.494
6.7897,-4.0605,144,43.559
6.0488,-3.6531,147,42.401
4.8383,-2.9147,144,44.014
3.3941,-1.5089,137,43.278
2.0657,-1.0562,145,45.445
1.8035,-0.61738,143,42.054
1.1291,-0.044513,138,41.566
0.045401,-0.031513,136,43.187
-0.92135,-0.90618,134,40.739
-0.61013,-1.9872,145,44.055
-0.27976,-3.1925,144,45.213
-0.78798,-3.0884,147,45.511
-1.9067,-3.4906,145,45.916
-1.8084,-2.8912,147,43.832
-0.54618,-1.4286,143,40.83
0.42178,0.63618,139,40.367
1.2279,1.4222,134,41.21
1.5151,1.0908,129,42.947
2.39,1.5485,131,40.557
1.993,1.2737,131,46.28
1.7133,1.0506,144,50.655
1.5009,-0.60123,139,43.617
2.5708,-2.6952,150,42.492
3.1805,-3.0464,157,52.094
2.9951,-3.0009,152,55.27
2.5423,-3.14,149,56.676
2.7906,-4.2742,149,46.851
3.0037,-4.2286,145,44.361
2.2254,-4.3694,152,48.43
2.1597,-5.0125,149,48.794
1.4661,-5.861,148,44.477
0.024603,-5.9714,140,50.101
-2.2804,-5.8412,143,49.853
-3.9968,-6.0857,140,46.735
-5.8119,-6.6454,143,47.934
-6.7034,-6.5744,144,50.258
-6.5868,-5.6981,141,48.099
-5.2929,-4.532,145,45.635
-4.1966,-3.0412,142,43.088
-3.3942,-1.757,137,41.219
-3.2283,-1.1309,131,38.68
-3.0042,-1.134,129,38.316
-3.0706,-1.1226,134,39.06
-2.8909,-1.7827,144,41.02
-2.8959,-2.7219,150,41.756
-3.0759,-3.7552,150,43.741
-3.3133,-4.5985,153,45.494
-3.1642,-5.0139,164,47.479
-3.3502,-5.1172,167,48.397
-3.0388,-4.8717,167,51.118
-2.2977,-4.3498,165,50.845
-2.8411,-4.0749,164,47.868
-3.5243,-4.3273,158,44.684
-3.7381,-4.5462,153,43.088
-4.1616,-4.6523,143,40.64
-4.1825,-4.7052,141,42.517
-3.5986,-5.0125,149,41.657
-3.525,-5.7231,146,42.236
-3.5387,-6.0861,146,41.31
-4.0001,-5.4624,148,42.145
-3.3613,-4.3822,151,41.963
-1.2951,-3.9716,151,42.898
0.25455,-3.8259,151,46.727
2.0121,-4.7373,149,48.439
2.5908,-5.7886,150,47.405
2.1325,-6.2642,146,44.94
0.80413,-5.8219,150,42.492
0.06746,-4.2246,152,44.634
0.23193,-2.4483,152,44.799
0.84486,-1.2916,146,44.444
0.80347,-1.5614,143,44.361
2.7575,-3.1086,150,47.057
4.324,-4.4286,152,44.262
5.1128,-6.2474,149,42.236
5.2071,-6.9416,154,46.784
4.5857,-5.6802,151,49.133
3.3015,-5.7725,157,50.886
3.8687,-4.1658,156,45.097
3.1149,-1.2324,158,46.346
2.6519,1.4522,151,48.05
2.8606,2.8088,139,50.266
3.8248,3.5714,137,52.921
5.0019,5.1104,141,58.313
6.9535,5.6122,147,61.472
8.537,4.3397,164,67.534
9.9193,1.5475,167,68.419
10.185,-1.4792,158,57.304
9.2175,-3.27,145,45.792
6.8795,-4.0079,145,51.416
4.8719,-4.0544,147,51.325
3.1678,-4.3483,137,44.477
1.4146,-6.4573,139,42.236
0.10104,-6.5256,134,40.359
0.99994,-3.2753,137,43.096
3.1925,-0.27579,144,43.071
5.8392,1.2019,138,43.551
7.7644,0.579,132,44.684
8.1824,-1.0928,137,47.347
8.4203,-3.4215,141,45.585
8.4772,-5.7688,144,41.938
8.0915,-7.2063,135,41.756
5.9503,-7.2118,143,44.229
2.8316,-6.5633,141,43.022
0.61893,-5.8036,136,43.832
-0.87219,-6.7941,145,45.337
0.6519,-7.4021,151,48.463
3.321,-5.2087,141,45.858
4.1353,-1.9054,151,46.371
2.5204,1.2308,138,45.875
2.4044,3.8033,138,48.621
4.5242,3.1729,133,46.09
5.7692,0.48867,145,47.959
5.0975,-1.7486,150,46.627
3.7405,-3.1658,156,50.035
2.4575,-2.7686,150,51.54
0.88549,-3.0068,147,48.993
-1.1759,-3.9518,151,42.492
-2.5402,-4.6604,151,50.382
-3.86,-6.8866,155,55.253
-4.6527,-8.3226,151,54.029
-4.4501,-7.7455,142,49.712
-3.73,-5.4943,137,42.029
-3.4833,-2.5564,133,44.841
-3.9751,0.30476,135,44.006
-4.6791,2.5438,145,47.678
-4.5136,2.6128,145,54.625
-2.8791,3.7576,145,54.426
-1.0628,3.5644,142,53.061
0.85913,3.0367,144,54.393
2.045,1.1094,145,44.105
3.3997,-0.182,146,43.038
4.2682,-2.2243,142,47.628
5.5621,-5.1662,141,42.31
7.4865,-7.148,139,41.872
9.646,-7.2643,140,43.932
10.101,-8.2938,141,47.082
8.4958,-9.5894,143,47.661
6.8175,-9.2809,149,45.957
4.064,-6.0861,146,49.828
2.7769,-3.5705,148,46.479
1.5729,-1.9969,139,48.347
0.43984,-1.96,143,54.401
-0.80506,-2.8061,151,54.418
-1.2488,-2.8325,151,51.234
-0.72328,-1.5471,135,41.45
0.32146,0.37143,125,38.547
1.3944,2.433,130,38.969
2.4057,4.1176,119,37.745
3.8082,5.0714,108,37.836
3.5266,3.8351,110,35.686
1.974,3.2671,115,36.033
2.9131,3.4758,115,35.942
2.3289,3.976,131,38.895
2.5198,4.7852,131,38.87
1.7717,5.373,131,39.234
0.81021,6.4555,138,40.557
0.24413,6.8514,150,43.278
0.23576,7.3035,153,43.824
0.32413,7.1781,150,44.75
0.65079,6.2034,144,43.559
2.0639,5.0714,142,42.054
2.573,3.3492,135,39.995
0.88739,2.0679,143,41.566
-1.1111,1.25,140,42.881
-2.9908,0.64677,146,44.659
-4.6511,0.83716,143,47.661
-3.8025,2.1114,150,53.864
-2.2791,3.7438,145,46.065
-2.4274,4.9388,147,49.456
-3.9853,6.1837,147,49.465
-4.2478,6.0714,138,45.511
-2.218,7.0111,141,45.164
0.23125,6.668,145,48.033
0.20522,6.8299,147,49.828
-0.65017,4.147,139,46.462
-0.69288,1.1094,145,50.101
-0.50704,-1.1835,151,51.788
-1.6359,-3.3686,150,50.184
-1.8513,-6.3411,160,50.903
-0.71084,-8.2525,159,52.805
-0.31953,-8.4491,146,47.868
-1.0575,-7.248,144,49.175
-2.9308,-5.6327,147,48.331
-4.5444,-3.9944,152,48.099
-6.295,-4.8661,160,57.42
-9.7345,-6.3571,154,60.968
-12.467,-7.1239,151,59.471
-14.426,-8.047,152,56.998
-15.145,-8.4962,133,49.778
-13.877,-7.7644,131,44.841
-10.819,-6.7998,132,46.272
-7.3339,-5.3167,152,48.05
-4.1462,-2.8649,165,54.484
-1.7659,-0.56548,168,56.469
0.49899,1.0874,157,50.961
2.2541,2.7404,142,45.329
2.5635,4.5079,126,43.27
2.8175,5.0977,133,46.71
3.3738,2.9869,142,47.107
1.6864,-0.34581,145,44.105
-0.50446,-2.408,146,42.79
-2.5159,-3.5201,153,48.976
-4.5771,-4.2381,147,50.936
-6.5224,-4.8665,153,54.534
-7.6617,-3.9355,144,53.864
-7.9441,-1.7332,151,58.834
-5.9905,0.99527,151,54.641
-4.6111,2.7571,140,48.207
-2.9414,3.536,141,42.98
-0.67569,3.6605,146,46.528
0.90022,5.2266,145,53.169
1.746,5.1299,154,59.736
2.7155,2.9727,157,59.587
3.2201,0.44156,154,56.543
3.4926,-1.2502,157,55.865
3.7347,-2.2693,157,54.302
2.6933,-2.3959,153,48.033
-0.049206,-2.0019,150,47.496
-2.5204,-2.9421,148,44.659
-4.8332,-4.6614,146,45.42
-5.8347,-6.2909,138,46.934
-6.9667,-8.2055,139,46.826
-4.9883,-8.8674,139,44.486
-3.0876,-9.2388,137,41.227
-1.704,-8.1429,140,43.187
-0.16227,-4.861,148,46.173
0.87827,-0.58398,148,47.769
1.6464,3.2227,152,45.693
2.064,5.6262,146,42.492
0.12403,7.0605,137,48.067
-2.7592,6.4035,137,49.555
-4.3457,3.3658,141,51.738
-1.6983,2.5274,159,60.96
1.1423,4.6797,157,52.524
2.0577,6.7597,154,47.388
1.475,7.5098,146,52.822
0.21462,6.9048,141,52.061
0.24082,6.4546,137,51.507
1.7527,5.37,139,47.686
0.77949,3.774,158,49.464
-1.5325,1.4339,160,45.213
-3.4443,-1.2876,149,47.521
-5.518,-4.1253,155,51.598
-5.5159,-6.6786,156,53.624
-5.1221,-8.697,149,49.803
-4.9205,-8.6424,145,46.727
-4.6278,-6.684,137,47.967
-3.0298,-4.6925,144,57.213
-1.5116,-2.9447,155,62.374
0.52069,-1.0995,155,60.199
1.5923,0.23368,151,52.268
2.6148,0.42764,153,48.513
3.7521,-0.78151,153,45.627
4.078,-2.8934,142,42.145
4.098,-4.0976,139,40.83
2.6925,-3.6577,144,40.557
2.5071,-3.8079,145,40.367
2.3508,-3.7316,165,43.923
2.0907,-3.8007,172,47.223
1.476,-3.6664,164,49.357
0.88035,-4.4223,159,49.754
0.8059,-4.0818,173,53.517
0.33769,-4.4055,173,54.741
-0.10562,-4.7244,169,54.617
-0.34533,-4.9402,172,51.995
-0.53373,-4.381,168,49.853
-0.71713,-3.7682,159,47.504
-1.3977,-3.5298,158,46.23
-1.453,-3.6235,159,46.296
-1.9492,-4.0486,150,43.807
-1.1956,-3.3894,153,44.816
-0.65996,-2.0673,155,43.65
0.71555,-0.72157,157,44.849
2.0591,-0.5024,149,47.545
3.3968,-0.3734,145,44.386
3.5763,-0.83283,141,48.331
3.74,-2.0931,155,46.164
2.1319,-2.5606,159,48.488
-0.28317,-2.5103,159,49.919
-1.6535,-2.1705,155,49.828
-1.9527,-2.1677,161,56.006
-0.77994,-1.8636,154,46.437
-0.060745,-1.9414,156,43.452
0.63156,-2.6016,156,47.57
0.98739,-3.8338,153,47.297
1.34,-5.4608,155,45.511
0.98629,-6.8052,154,45.792
-0.36555,-7.1148,153,50.721
-1.3263,-8.1148,153,49.439
-1.704,-7.05,140,44.94
-0.642,-5.0502,148,43.923
1.6241,-2.8819,150,46.388
3.8429,-0.58781,157,45.536
4.9623,1.4059,145,43.642
5.5066,1.3214,148,44.957
7.2075,0.11753,141,44.055
7.6426,-0.97403,143,41.318
7.1968,-2.7182,145,42.534
6.4188,-2.4874,153,48.141
3.9603,-0.28571,154,49.638
0.45145,0.77404,153,53.012
-1.1288,0.2023,149,59.719
-1.1425,1.4314,150,55.617
-0.15457,2.4316,143,50.473
0.46815,3.4002,146,46.321
-0.56318,4.2101,155,61.125
-1.719,5.1873,151,71.686
-3.1178,6.8808,139,64.896
-5.2937,8.0603,135,59.562
-4.921,8.833,130,51.953
-4.3791,8.6911,117,42.699
-2.0672,9.1714,130,44.841
-0.32737,9.2404,145,54.484
0.98193,8.1175,152,63.209
1.5658,4.9069,155,62.936
1.1981,1.694,155,45.354
-0.19553,0.93506,154,54.393
-2.9308,0.28571,147,57.511
-5.6102,1.9236,159,54.799
-4.9894,2.068,145,43.352
-2.3173,0.53597,141,41.872
1.5539,0.85521,148,46.991
4.0952,1.0437,144,43.716
3.9216,0.16171,144,42.699
3.1398,-3.968,152,46.247
2.2026,-7.7259,148,46.594
1.7664,-9.9176,137,44.452
2.5503,-11.1,131,46.851
3.4259,-12.75,143,54.765
2.9623,-11.298,145,49.621
3.1772,-9.4717,139,42.517
4.6007,-8.4775,143,45.71
7.3723,-9.5124,155,55.964
9.3206,-10.857,161,63.656
9.774,-11.95,161,69.643
9.2227,-11.023,153,62.192
6.4613,-10.75,146,55.361
4.3835,-10.668,159,54.824
3.2425,-12.616,160,61.084
4.7254,-12.361,163,68.32
8.4053,-10.738,165,69.039
11.764,-9.6238,169,66.095
14.654,-9.8311,159,67.171
18.494,-9.5839,161,68.122
21.609,-9.085,163,73.671
23.951,-7.4043,165,79.625
25.576,-5.0756,170,85.166
26.642,-2.5714,182,92.865
25.438,-2.011,182,103.19
26.922,-1.4181,191,95.413
27.968,-3.0009,166,75.771
30.698,-5.8562,159,59.901
33.282,-6.5143,140,44.775
34.936,-3.3989,135,40.929
34.385,-0.033049,134,41.5
34.198,2.5221,142,43.46
30.892,4.4295,148,43.816
27.321,4.3164,149,55.353
25.357,2.3346,152,58.801
20.895,-0.44643,168,68.535
15.241,-3.6319,182,75.052
11.057,-6.1186,171,68.717
8.6612,-8.6661,160,61.042
5.0054,-10.751,149,57.362
1.7168,-11.254,149,52.251
-1.4307,-11.326,137,48.397
-4.3796,-10.932,137,51.118
-6.5738,-9.7039,138,52.102
-8.8714,-7.9175,135,47.289
-9.972,-6.2707,133,45.511
-8.7855,-5.8403,136,51.035
-6.7428,-5.1803,141,51.515
-3.6555,-3.9015,148,51.027
0.46077,-2.384,157,54.856
2.5887,-1.2913,153,53.012
4.1933,-0.15198,141,50.556
6.0822,1.0935,136,44.775
7.5166,1.9617,123,39.904
8.6274,2.7119,121,39.242
6.9993,1.183,121,39.308
6.772,1.1623,132,43.915
6.9372,0.94467,142,46.181
7.1665,1.0144,149,50.283
7.285,0.81169,154,56.651
7.4796,0.90927,148,55.725
7.7229,0.9971,148,60.596
7.3009,1.1343,151,63.118
7.4671,1.0364,157,68.37
6.846,1.1543,175,65.07
5.2905,1.4457,167,63.292
3.4212,0.95508,159,58.826
0.99811,0.31336,155,51.209
-0.38254,0.6781,150,47.951
-0.44461,0.33695,145,50.416
0.83071,0.24693,151,47.545
1.5382,-0.24026,154,50.142
0.43529,-0.51774,157,50.357
0.1746,-0.57143,168,49.96
0.58124,-0.69629,127,62.672
-0.19167,-1.4286,219,58.685
-0.29263,-2.1075,218,61.423
-0.29103,-2.8295,212,62.341
0.19482,-2.9993,212,64.053
0.38951,-3.1491,229,61.456
0.67144,-3.6985,226,58.892
0.57872,-4.0187,222,57.602
0.21445,-4.6597,199,52.739
0.24678,-4.8788,191,50.845
0.7494,-4.9678,191,52.929
0.98934,-4.314,192,55.841
0.49126,-3.3751,187,50.796
-0.26587,-2.623,180,49.729
-1.2346,-1.6109,192,51.532
-0.59743,-1.3967,188,51.325
0.69767,-1.6369,192,52.061
0.72172,-1.6839,188,50.638
0.22983,-1.7688,194,50.101
0.50624,-2.2041,196,53.211
1.2388,-2.8194,197,51.97
0.65849,-3.4799,195,49.795
0.38963,-3.2482,194,50.779
-0.011685,-2.514,199,51.325
0.2072,-2.4799,195,53.773
0.34078,-1.7964,193,51.995
-0.56398,-0.65538,194,50.961
-0.29484,-0.94194,187,50.374
0.96114,-2.6757,174,49.365
2.1565,-3.9631,174,51.35
3.0599,-4.2346,165,49.778
4.3864,-4.2217,174,47.38
5.6275,-4.0208,179,45.858
5.755,-3.0933,176,46.371
6.3644,-2.3236,181,51.788
6.8066,-2.0155,184,55.609
5.1109,-1.6025,184,50.729
3.5077,-1.0047,184,48.968
2.2021,-0.054945,182,50.3
1.2826,1.5772,172,46.917
1.9495,3.257,159,45.147
2.95,3.204,166,52.598
2.7271,1.5545,177,51.027
3.1648,0.0030075,190,49.067
3.7212,-1.3216,187,51.763
3.6769,-2.3042,185,55.344
4.1545,-2.2186,181,54.575
3.3121,-1.8372,186,53.004
3.8478,-2.1255,198,58.222
5.9651,-2.9,210,63.25
7.1889,-5.0714,210,74.117
8.6039,-7.4189,206,76.036
9.4145,-9.6616,206,73.456
9.5597,-9.6811,194,68.064
8.0338,-8.5046,171,59.943
5.4739,-6.631,163,53.103
3.1545,-4.5335,181,50.539
1.3602,-2.0014,199,62.763
-1.3057,-1.9606,203,65.789
-2.6298,-4.5492,199,71.827
-2.5096,-6.0779,211,87.053
-4.5112,-7.4567,213,95.819
-8.4767,-9.4286,204,96.828
-10.858,-9.46,191,87.111
-11.356,-9.3823,173,79.262
-10.622,-9.4948,166,66.055
-8.5546,-7.7135,172,62.581
-5.126,-3.632,177,55.733
-2.5195,-0.50466,184,56.196
-0.57291,1.7372,187,59.446
-1.482,2.7136,197,67.038
-3.5688,2.127,189,73.794
-5.6429,1.0417,202,83.272
-6.5903,-0.33634,206,95.429
-5.9551,-2.9025,211,91.278
-6.3816,-5.914,206,91.039
-9.3212,-7.1711,202,85.928
-13.356,-9.5759,190,86.358
-17.215,-12.081,187,87.988
-21.801,-16.036,186,91.933
-25.542,-19.296,181,96.713
-29.828,-23.121,169,99.682
-33.706,-26.726,168,107.22
-35.744,-30.231,162,105.41
-34.804,-33.076,190,115.12
-33.035,-31.512,203,117.31
-32.492,-27.351,194,111.2
-31.005,-21.853,186,100.29
-27.261,-15.659,178,94.149
-23.992,-9.9595,194,93.851
-22.685,-5.3644,187,83.769
-20.524,-2.6681,167,76.524
-18.33,1.9975,169,82.131
-17.438,6.4319,172,87.424
-17.905,7.8893,173,87.715
-17.786,7.6832,179,90.261
-14.55,6.6795,185,94.827
-11.246,8.5874,188,89.823
-8.5196,9.135,181,75.06
-6.5794,7.8995,189,72.67
-3.042,4.9498,185,73.911
0.58709,2.1683,191,70.76
3.7562,-1.1071,196,66.211
5.627,-4.0741,189,62.539
6.6508,-7.0063,180,52.623
8.1508,-7.2591,177,56.08
10.936,-4.7658,169,52.425
13.333,-3.3665,161,50.291
13.662,-3.2597,154,57.759
13.321,-0.51368,141,49.133
12.569,-0.54581,145,45.701
11.211,-0.7419,150,46.553
11.356,-0.87729,156,46.644
11.059,-0.77915,174,50.97
11.861,-0.018735,183,56.494
12.288,0.80386,185,61.44
12.202,1.7304,195,63.805
11.574,2.2232,201,65.211
12.183,2.869,205,68.023
12.455,3.2087,204,72.638
12.886,2.3054,203,71.67
11.25,0.86332,185,58.934
9.7387,-0.54372,165,49.481
10.18,-2.1703,182,57.205
10.479,-3.5873,189,63.763
11.975,-4.2319,178,56.584
12.464,-3.7517,164,49.224
11.324,-3.8113,162,48.124
10.435,-2.5026,162,46.561
10.198,-3.0017,171,48.951
9.8622,-3.1604,179,51.184
9.4444,-3.1229,193,53.996
9.0961,-2.8564,201,58.131
8.3435,-2.2058,211,60.736
7.8315,-1.4943,213,64.59
7.9343,-0.76035,214,65.624
7.1993,-0.31494,220,65.45
6.1948,-0.51819,212,62.63
4.9111,-0.93596,203,60.116
5.3317,-1.5476,210,64.028
6.5775,-2.7836,200,63.664
6.4373,-3.4286,192,59.165
7.0321,-1.926,191,55.071
8.011,-1.9931,186,52.657
8.1134,-4.6888,196,55.063
8.3515,-6.6799,191,57.296
9.0781,-6.7371,188,61.431
9.8392,-4.9177,184,54.947
9.4493,-2.8736,182,51.168
8.4764,-1.6193,173,49.365
7.6627,-0.13095,168,46.131
7.6782,1.1094,158,43.443
9.2246,2.2601,167,46.917
11.155,1.6914,175,52.706
13.141,0.90091,173,53.798
14.246,1.6229,175,57.619
15.585,2.112,185,64.111
14.817,0.18105,187,61.737
12.123,-1.3721,177,54.335
9.5422,0.26244,178,50.382
7.0478,1.5321,178,48.621
6.2514,0.61545,159,44.75
7.3375,-0.9219,150,44.568
8.2281,-2.3888,151,46.57
8.6417,-2.7801,165,51.862
7.7698,-2.25,168,49.414
8.4244,-0.71759,173,46.644
8.5843,1.645,163,44.196
8.7292,1.8832,170,48.811
10.002,-0.80287,179,48.951
11.714,-3.6198,183,50.473
12.647,-5.5677,194,58.528
12.387,-9.4959,193,62.952
11.592,-12.036,186,66.988
10.729,-10.734,170,53.979
10.183,-6.7395,164,47.661
10.823,-2.5326,173,46.826
10.605,1.7279,179,47.951
11.014,5.0833,168,48.786
11.066,6.6499,153,46.9
10.438,6.6404,145,52.739
9.8966,4.2117,139,46.553
8.2657,4.0542,145,45.453
7.8175,4.0208,158,50.498
7.4599,3.5229,165,49.853
6.9375,3.2857,175,53.98
5.8175,2.6894,178,57.619
4.3035,1.9737,179,60.712
3.0713,1.9548,193,64.293
2.4875,1.5764,200,68.511
1.2641,1.3336,206,71.587
0.07833,1.3734,207,75.441
-0.1878,1.3504,190,70.843
-0.63505,1.2642,179,63.524
-0.73487,2.3214,172,57.718
0.01861,2.1346,174,51.424
1.9209,1.3186,174,54.509
3.6762,0.41324,177,55.708
5.3204,-1.0192,171,49.729
6.3324,-2.1172,167,51.606
7.1361,-0.48901,182,59.488
9.6834,0.47087,179,53.277
11.845,-0.74901,181,47.653
13.596,-2.1112,167,47.595
13.667,-2.7116,159,43.832
13.595,-1.6451,157,59.38
13.505,-0.029798,163,47.496
13.333,0.032035,165,47.446
12.334,-1.7675,180,56.742
9.534,-2.3323,187,64.59
6.3969,-1.044,195,67.493
2.6526,-0.69985,188,59.81
1.4094,-1.1929,174,55.526
1.6384,-2.7496,162,56.395
0.91926,-4.9974,167,59.86
0.025553,-7.4401,173,51.862
-0.33823,-6.8777,167,51.3
0.96653,-4.3789,161,46.801
2.5181,-1.1172,167,53.169
2.3478,1.2344,181,55.261
4.5854,2.2013,181,53.517
8.2175,1.8229,175,49.15
11.55,2.0771,176,49.621
13.732,1.1486,175,50.63
17.277,1.7151,174,51.234
18.656,0.81988,161,44.221
20.606,-1.8114,175,47.124
19.476,-1.9193,161,47.653
16.564,-2.7514,158,43.716
14.153,-4.9874,170,54.145
13.381,-8.3913,188,71.727
13.213,-11.755,187,77.376
11.929,-15.239,179,84.728
10.058,-18.305,195,93.031
10.392,-19.68,195,94.685
12.682,-20.474,199,93.924
14.434,-23.584,206,92.361
15.655,-28.873,216,86.82
16.97,-32.558,217,88.35
18.746,-35.118,209,88.582
18.465,-33.052,207,85.977
14.516,-29.909,206,89.095
9.2295,-26.574,199,92.395
5.1387,-23.092,193,87.755
0.95187,-18.461,186,84.207
-4.1608,-13.776,184,79.675
-10.3,-11.177,187,72.753
-16.345,-9.2394,185,70.859
-21.552,-8.6012,168,58.983
-25.884,-8.8199,161,64.268
-28.012,-11.717,170,81.189
-27.59,-15.255,184,90.724
-29.502,-17.367,194,99.557
-33.928,-22.219,181,99.797
-36.693,-27.912,184,94.777
-37.827,-32.206,180,91.352
-39.042,-35.672,185,91.493
-41.708,-39.366,177,91.435
-42.381,-43.488,186,97.564
-40.927,-46.975,192,103.52
-39.375,-49.263,187,108.22
-37.575,-50.889,204,110.22
-36.076,-51.855,197,110.59
-34.666,-51.973,182,106.19
-31.799,-52.312,180,101.52
-29.761,-51.862,173,86.349
-28.409,-53.4,177,76.954
-24.993,-55.034,185,80.593
-23.293,-55.289,200,92.304
-22.771,-59.84,197,89.211
-22.148,-64.102,205,86.564
-20.387,-67.833,215,92.18
-18.5,-72.592,214,89.493
-16.528,-77.35,217,89.575
-15.936,-81.629,219,87.747
-16.937,-86.077,216,85.663
-19.217,-89.15,201,78.013
-21.414,-92.22,177,65.864
-23.219,-97.097,166,55.551
-23.5,-101.21,145,41.202
-24.308,-104.19,144,50.382
-22.297,-106.87,166,54.236
-18.565,-108.76,183,61.34
-14.457,-111.43,193,61.803
-10.559,-111.84,194,67.022
-8.168,-112.13,207,75.449
-4.0523,-110.75,215,78.575
-1.9433,-108.13,209,73.886
-3.821,-105.33,213,69.577
-7.3865,-102.21,201,63.763
-12.887,-99.811,196,63.788
-18.992,-97.815,189,60.298
-22.707,-96.199,183,61.771
-23.979,-98.694,192,67.477
-25.003,-102.43,200,78.055
-24.89,-104.79,195,82.553
-23.847,-108,194,75.73
-20.583,-110.2,190,66.409
-18.526,-113.41,201,67.592
-17.288,-117.91,200,71.281
-15.173,-122.12,202,72.298
-13.728,-126.35,196,78.575
-11.921,-128.49,172,77.781
-8.421,-128.06,130,62.44
-6.61,-129.71,124,55.89
-4.6916,-131.25,110,49.522
-2.7138,-133.27,96,44.196
-0.20818,-135.58,78,38.68
2.246,-136.71,63,33.329
4.5701,-138.14,224,86.969
6.3668,-139.2,225,84.844
7.8792,-139.63,219,78.964
10.7,-140.14,225,79.452
13.22,-141.4,230,78.584
14.967,-142.53,232,79.377
17.14,-146.43,238,75.135
19.12,-151.64,227,70.454
18.147,-155.74,236,77.484
18.603,-159.84,243,80.188
20.118,-164.11,246,79.882
22.796,-168.2,241,79.948
25.465,-172.23,228,72.571
27.621,-176.6,216,69.296
29.508,-180.89,209,63.689
29.991,-185.23,204,62.87
31.839,-188.19,201,61.729
31.381,-191.59,203,59.397
32.958,-196.09,202,62.002
36.402,-199.02,206,64.376
40.344,-201.28,204,62.672
43.588,-204.73,203,61.729
45.843,-207.8,214,66.335
44.022,-207.93,223,72.579
41.15,-205.91,218,64.847
39.408,-201.02,209,57.924
36.829,-197.04,213,59.843
33.712,-194.59,214,61.406
29.028,-192.47,201,59.86
25.494,-191.21,197,57.031
27.424,-192.36,195,49.985
26.188,-196.27,184,48.182
28.983,-198.98,195,57.312
33.264,-200.91,200,60.761
36.72,-198.87,192,55.898
41.26,-197.95,197,56.312
41.354,-196.72,219,70.008
37.143,-196.2,223,67.816
33.283,-196.97,218,68.072
30.999,-194.46,217,73.472
31.759,-190.95,215,73.431
32.532,-186.81,219,75.598
33.02,-182.19,209,67.774
34.999,-178.95,229,79.592
37.856,-180.08,224,83.686
41.196,-182.36,215,75.581
42.282,-181.57,203,61.712
41.726,-181.19,195,50.746
44.706,-180.92,204,54.095
48.159,-178.97,209,56.568
49.479,-175.09,220,60.943
49.439,-171.41,223,59.289
48.995,-167.08,217,61.82
47.258,-162.37,217,62.027
45.715,-157.91,219,59.711
44.888,-153.69,222,60.993
41.212,-152.44,227,60.207
38.847,-152.42,225,61.059
40.338,-153.42,220,58.66
40.731,-149.51,215,55.038
42.083,-146.52,205,53.517
45.959,-146.31,208,52.648
49.586,-144.52,210,53.748
52.482,-144.88,225,64.64
57.847,-142.64,222,65.558
61.825,-138.71,226,63.135
64.224,-135.61,210,53.839
68.505,-134.07,207,54.211
71.603,-137.27,208,58.28
75.491,-137.65,216,66.095
80.149,-138.03,222,69.734
84.366,-136.74,229,71.628
86.42,-133.56,225,67.286
87.168,-128.44,224,61.894
90.496,-125.28,234,69.577
92.035,-122.89,233,66.616
93.175,-122.78,234,73.084
94.234,-122.07,232,72.729
92.448,-119.82,231,71.421
92.662,-121.38,233,75.962
94.303,-125.97,234,75.986
94.771,-131.29,225,69.577
98.267,-134.2,233,72.248
101.2,-133.6,257,84.356
104.2,-130.64,237,80.229
106.44,-125.75,233,76.168
106,-121.53,240,80.965
105.45,-115.46,226,76.673
103.7,-114.51,241,89.227
99.798,-116.94,260,95.174
96.343,-121.78,257,91.908
92.448,-127.3,257,86.938
90.267,-131.28,235,76.45
92.085,-129.12,242,73.208
92.341,-124.94,260,87.152
93.975,-121.22,274,95.538
97.294,-118.13,275,98.267
102.93,-115.84,252,87.723
107.98,-112.95,240,78.816
109.13,-111.64,220,64.822
112.31,-113.79,213,57.494
116.36,-112.27,211,63.3
119.13,-107.75,212,64.681
122.41,-104.18,203,61.108
122.73,-99.82,207,61.067
123.19,-94.275,215,60.505
122.16,-89.535,213,60.596
121.22,-84.302,208,59.951
118.2,-81.401,209,65.756
114.87,-77.629,208,64.78
111.92,-76.158,216,67.071
111.32,-78.754,219,74.895
110.82,-82.742,217,73.423
107.89,-85.867,224,69.784
104.46,-88.354,230,72.943
98.824,-89.996,221,67.22
93.635,-91.685,216,63.879
88.98,-90.486,205,56.825
87.497,-91.919,211,57.809
82.853,-91.397,206,57.594
79.252,-95.033,208,59.463
75.769,-94.152,201,53.632
74.988,-91.625,189,49.158
73.475,-92.515,195,54.162
73.982,-96.584,196,57.23
78.013,-100.78,206,56.163
78.891,-99.903,209,52.342
76.69,-101.94,231,62.514
71.356,-102.57,220,59.389
66.639,-100.4,216,60.53
64.312,-100.69,203,66.021
61.868,-104.92,207,67.981
62.151,-109.63,205,70.47
65.639,-110.99,216,74.597
71.162,-109.55,222,77.36
73.078,-105.41,225,76.599
74.132,-99.083,218,74.912
74.593,-94.535,203,65.442
73.824,-94.033,193,49.786
71.413,-94.6,185,51.416
66.628,-92.614,179,50.795
62.729,-95.51,180,52.689
62.331,-95.167,201,62.547
56.861,-97.948,190,57.18
55.035,-103.16,194,59.082
57.76,-106.89,202,50.961
59.904,-111.42,213,59.273
63.611,-113.97,206,64.202
65.219,-116.44,210,67.7
67.205,-113.64,218,73.125
67.873,-112.36,203,66.393
66.238,-112.62,193,60.687
65.911,-112.92,195,58.776
65.865,-112.91,196,58.958
65.235,-113.02,202,59.603
64.137,-113.57,214,63.457
62.397,-113.88,229,66.037
60.775,-113.76,240,72.174
61.252,-112.81,248,73.472
60.93,-111.18,227,68.27
59.401,-109.77,215,62.043
57.138,-110.26,204,59.537
55.746,-111.59,180,48.976
57.416,-111.15,184,49.158
58.122,-110.86,181,50.018
58.388,-110.85,179,50.018
58.527,-110.89,189,50.663
58.468,-111.07,191,50.754
58.682,-111.02,197,51.209
58.558,-111.16,199,51.606
59.249,-111.34,207,52.342
59.413,-111.89,209,51.763
59.242,-111.79,230,53.847
60.686,-111.04,231,54.203
62.695,-110.57,216,54.319
65.55,-111.02,215,52.805
65.809,-109.68,204,51.97
64.07,-112.11,199,50.754
64.829,-115.8,203,51.416
62.638,-117.25,199,48.902
61.968,-116.88,202,56.651
64.509,-117.57,194,55.477
64.265,-116.6,179,49.754
64.236,-116.77,182,49.82
64.022,-116.89,181,48.596
64.06,-116.78,182,47.934
63.605,-116.57,192,51.027
62.227,-115.62,196,50.2
61.543,-114.35,199,51.118
61.329,-112.8,224,55.129
62.34,-111.49,227,58.644
63.891,-110.57,210,55.427
65.504,-111.23,209,54.054
68.059,-112.88,209,56.444
69.591,-111.67,223,62.647
67.86,-110.03,223,63.647
66.858,-108.7,205,57.023
64.815,-108.09,213,62.291
62.591,-112.2,210,55.89
60.595,-114.45,201,47.752
64.279,-112.93,211,49.621
66.624,-108.05,219,53.558
68.077,-104.88,238,71.943
71.937,-101.66,232,73.084
73.235,-100.36,219,68.949
72.216,-104.18,199,52.549
69.354,-108.52,204,56.171
65.556,-112.7,209,57.188
64.623,-114.28,209,50.729
61.518,-114.71,206,54.765
60.015,-119.1,204,53.632
59.448,-115.67,189,50.175
61.424,-111,200,53.45
60.658,-107.6,216,59.636
56.413,-105.57,221,64.317
56.736,-104.31,248,90.939
58.886,-100.34,244,94.297
60.546,-95.424,240,93.238
62.575,-92.757,236,91.121
64.05,-89.416,253,96.249
63.152,-88.943,257,102.67
61.205,-88.354,271,110.19
56.829,-87.274,265,105.49
52.028,-85.694,251,99.548
47.5,-82.169,228,89.773
44.899,-78.055,227,86.077
43.539,-72.634,221,86.688
42.49,-66.647,218,83.471
42.233,-60.31,213,78.749
43.839,-56.331,208,65.26
46.584,-51.953,188,54.467
45.453,-49.307,186,51.143
44.607,-46.141,176,49.53
42.779,-46.077,179,54.145
40.405,-44.495,158,53.194
40.133,-47.939,171,52.739
40.433,-48.443,139,44.477
41.525,-52.301,168,53.359
39.114,-52.468,186,57.668
37.937,-57.216,185,57.321
40.942,-61.094,212,72.886
44.486,-61.805,233,94.074
48.301,-61.525,254,111.52
50.813,-60.874,246,121.08
52.133,-58.957,224,115.25
52.504,-57.085,209,105.75
51.196,-54.829,177,90.005
50.626,-50.809,143,72.34
48.919,-49.02,156,68.668
47.155,-51.398,178,83.398
46.003,-52.795,236,94.811
42.095,-56.848,233,92.321
36.616,-60.362,225,85.622
33.073,-63.051,221,88.434
29.183,-66.287,212,82.256
24.9,-67.606,211,77.384
23.506,-70.933,201,66.228
25.672,-71.454,216,60.323
23.746,-72.089,229,76.54
20.211,-70.905,228,85.125
18.91,-67.563,211,80.478
18.526,-64.464,218,80.692
16.979,-61.528,206,85.869
14.69,-56.353,209,85.191
10.467,-53.807,213,83.654
5.0251,-50.484,204,81.42
-1.3131,-48.368,197,78.939
-6.7763,-47.785,190,74.201
-10.697,-49.616,192,65.591
-12.248,-52.976,194,71.653
-10.64,-56.713,194,76.425
-9.0872,-59.373,191,75.251
-11.181,-60.458,195,88.905
-13.663,-64.941,197,81.586
-15.795,-71.125,205,84.704
-15.623,-76.276,210,87.797
-16.346,-81.248,200,82.495
-16.392,-86.258,195,78.203
-15.34,-89.17,189,68.469
-16.192,-90.048,195,77.996
-15.032,-94.156,202,81.015
-12.76,-98.467,214,88.218
-8.6576,-99.992,224,92.8
-7.0496,-100.41,247,101.33
-2.5455,-101.89,243,101.67
3.1963,-102.32,245,101.66
7.6722,-101.53,236,97.125
11.327,-99.877,225,94.207
13.079,-99.024,224,88.98
16.798,-98.212,223,84.58
17.344,-95.937,241,101.9
16.331,-94.575,247,109.36
17.449,-93.496,229,96.151
22.425,-90.502,230,91.18
27.223,-89.388,208,77.013
27.105,-87.554,192,62.647
30.057,-87.742,189,61.72
31.856,-85.264,186,54.319
28.726,-85.284,195,52.623
28.75,-88.065,215,70.884
26.442,-87.346,230,83.157
23.249,-88.86,243,91.758
16.9,-89.083,239,87.151
11.977,-89.046,230,83.686
9.8478,-88.352,213,81.064
11.297,-83.694,201,64.499
10.619,-78.679,195,55.551
11.606,-73.612,202,61.803
16.131,-71.038,202,66.36
18.31,-67.314,181,55.071
19.818,-70.834,176,50.539
24.263,-71.895,189,57.412
26.975,-72.105,206,64.334
28.492,-68.755,205,63.076
30.875,-71.028,196,59.835
36.877,-73.504,189,53.26
42.149,-76.033,181,49.737
47.238,-78.495,186,61.249
51.675,-77.857,188,73.307
56.013,-76.135,206,89.062
60.202,-77.734,204,100.53
64.716,-80.651,212,103.61
69.448,-80.504,210,102.06
72.726,-79.477,223,107.88
79.975,-84.624,137,50.027
83.71,-84.746,143,60.05
79.182,-76.86,232,107.11
76.684,-75.48,228,99.672
75.307,-71.73,228,97.844
75.417,-68.954,228,100.51
79.095,-66.177,222,94.628
82.236,-63.704,231,97.274
84.878,-59.984,224,97.257
88.552,-57.268,217,85.315
91.62,-56.028,201,66.186
93.189,-55.205,186,64.797
91.006,-51.801,186,64.797
86.745,-51.608,179,68.527
87.556,-52.175,183,79.493
88.205,-50.085,173,65.252
85.009,-48.519,189,73.787
94.131,-53.565,139,54.393
97.108,-57.547,140,54.327
100.59,-59.605,145,53.632
101.58,-56.873,200,79.973
107.09,-57.588,191,73.241
110.79,-55.091,189,75.673
110.81,-51.211,185,71.19
115.06,-50.135,117,40.904
116.58,-44.807,146,55.873
121.81,-44.366,132,60.331
128.05,-47.059,115,48.447
131.39,-44.363,109,48.397
132.67,-39.463,100,52.226
131.73,-31.209,138,75.019
133.14,-25.534,126,45.536
132.52,-22.738,131,62.192
133.42,-19.254,110,56.56
136.2,-17.868,116,59.355
138.72,-15.705,132,63.565
138.96,-12.301,142,76.177
135.7,-9.6797,143,67.518
134.78,-8.4115,136,71.736
131.13,-8.2064,152,69.751
126.33,-6.4224,148,57.983
122.91,-4.4884,157,67.932
122.42,0.9628,101,39.978
121.19,3.9779,93,41.194
123.85,8.8404,89,37.282
126.48,12.739,94,38.126
125.82,17.355,99,41.707
120.58,17.324,122,64.756
117.43,21.439,133,48.215
115.94,21.229,133,45.188
120.06,17.342,123,61.539
122.41,12.392,131,60.224
127.14,12.629,131,57.511
125.99,13.974,126,50.192
124.42,14.546,111,42.575
124.33,18.646,119,59.289
124.5,20.041,117,60.976
118.33,19.068,98,39.49
119.93,13.304,86,31.253
122.59,16.2,95,36.976
118.26,17.928,115,46.346
112.75,17.088,118,51.763
107.78,18.037,118,49.381
103,18.313,116,49.687
105.9,18.57,153,68.651
107.42,23.026,133,49.596
112.11,25.575,133,41.475
113.29,26.08,129,47.818
116.05,28.443,138,55.501
117.42,31.988,122,60.943
119.09,34.537,119,62.159
117.92,37.751,112,58.727
115.29,40.559,91,54.79
111.06,44.597,84,48.72
109.34,45.611,54,27.457
109.26,42.469,59,34.809
112.3,43.229,65,35.016
110.09,45.347,63,31.286
106.49,43.65,53,28.003
103.65,40.725,64,38.018
103.73,34.186,57,36.885
105.66,30.449,68,44.386
109.77,29.847,71,39.441
112.83,34.217,75,36.306
114.19,39.316,68,37.373
113.5,40.829,72,33.494
107.81,44.001,69,33.354
104.22,47.506,96,40.35
101.54,55.239,67,27.887
102.38,59.347,63,43.667
103.26,64.676,65,37.365
103.96,69.368,65,38.382
103.85,74.488,61,36.306
103.52,79.043,83,40.805
103.73,83.495,72,42.699
100.51,85.385,79,42.509
101.05,83.082,101,57.114
98.569,82.379,95,59.934
99.124,85.56,86,49.001
103,90.585,84,43.576
102.99,96.073,84,38.754
103.57,101.23,79,39.35
103.14,105.5,75,38.101
100.66,109.07,60,34.164
100.26,114.33,100,45.883
96.762,114.31,95,46.826
98.469,114.67,107,50.018
96.316,118.41,96,51.862
92.039,118.81,100,61.084
94.761,120.62,94,57.636
95.555,118.37,93,44.006
95.417,118.92,85,38.663
95.633,119.2,94,39.515
95.712,119.15,91,39.333
95.92,119.19,97,39.126
96.125,118.91,83,37.414
95.42,118.57,82,37.414
96.315,117.2,94,40.623
97.495,115.78,80,44.105
94.33,115.1,83,33.453
92.915,115.16,116,46.553
95.011,117.08,127,57.395
93.26,117.48,131,54.831
91.816,115.77,129,49.505
92.561,116.1,124,50.663
93.811,118.21,116,46.9
95.904,118.61,106,37.472
94.409,119.13,109,39.953
95.517,118.71,106,38.39
95.452,118.47,102,38.638
95.259,118.51,104,37.712
95.295,118.53,102,37.53
95.413,118.46,104,38.018
95.094,118.37,105,37.811
95.461,118.59,104,37.348
95.749,118.81,104,37.902
96.554,119.07,111,37.191
97.366,119.75,106,35.595
97.092,120.6,106,36.058
95.596,120.21,107,36.885
93.768,119.46,110,40.83
91.289,119.47,112,41.599
91.043,121.69,108,39.978
93.222,121.38,107,37.555
94.124,118.64,104,34.768
95.466,119.09,103,34.007
94.423,121.34,114,39.606
90.622,120.71,116,40.549
87.155,119.37,112,42.401
86.552,117.15,121,45.899
89.985,117.19,132,42.401
93.534,118.08,133,41.591
96.864,118.28,133,42.815
98.153,119.64,140,47.843
94.917,120.82,136,44.543
92.27,120.17,133,43.443
92.779,119.37,137,41.963
93.876,117.34,143,51.788
97.108,116.22,142,52.987
97.868,118.65,141,47.562
94.485,120.19,141,46.156
92.196,119.87,140,48.67
91.497,118.45,147,48.976
90.629,118.28,145,49.646
89.806,120.91,151,49.191
91.328,122.78,139,44.403
94.686,122.71,134,43.733
98.22,122.61,139,50.018
101.18,120.9,135,50.059
103.43,121.26,138,44.543
102.14,123.05,150,46.139
100.2,119.16,140,51.217
96.614,116.51,151,43.253
93.143,115.48,147,43.741
92.443,117.09,139,47.008
91.497,120.07,131,48.033
88.643,119.5,135,52.152
89.214,116.24,135,58.685
93.27,115.39,145,65.425
97.617,115.71,143,66.592
100.67,116.91,137,68.321
100.37,117.37,143,60.894
99.235,114.65,152,66.807
101.55,114.22,137,61.15
101.65,116.67,131,46.065
100.5,118.82,124,44.659
100.57,115.21,131,44.469
102.8,112.17,129,48.298
104.21,110.86,139,54.732
102.63,112.38,151,60.695
101.02,115.13,147,56.841
102.29,118.83,150,46.139
105.11,121.38,147,42.327
108.26,123.19,146,41.756
109.32,123.45,145,42.244
110.16,122.44,122,37.464
110.38,121.37,97,33.155
109.82,122.04,98,32.568
109.88,119.35,102,34.743
113.36,119.32,124,51.234
113.79,120.68,130,52.16
112.15,119.97,144,59.049
112.71,118.59,146,62.605
114.3,118.27,141,63.3
115.33,119.31,133,58.71
116.34,120.33,129,51.606
117.99,119.47,114,52.847
119.34,118.31,122,62.564
114.63,118.64,118,71.669
109.65,117.37,127,74.514
105.08,115.27,130,61.869
104.33,115.28,137,57.759
103.55,120.04,128,61.059
103.48,120.68,123,56.767
104.65,121.57,119,52.16
104.71,120.66,124,55.526
103.54,121,121,49.828
103.22,121.08,120,48.645
102.68,120.19,121,50.084
100.95,119.57,127,47.818
99.84,118.29,130,49.274
98.428,116.86,137,48.695
98.029,115.25,145,50.192
96.853,113.59,151,50.771
96.951,112.44,155,53.31
97.675,111.59,152,51.697
98.71,111.14,144,50.175
100.04,111.03,149,49.315
100.77,112.49,142,51.184
99.806,114.57,135,51.622
97.967,116.17,142,51.118
96.657,117.46,142,44.684
95.46,117.96,142,46.644
94.749,118.26,142,50.564
94.231,118.81,147,53.45
92.687,119.46,139,47.388
93.421,118.22,135,45.693
93.823,119.22,128,46.156
93.955,118.56,129,46.28
94.164,118.45,138,46.917
94.32,118.5,134,44.469
94.623,118.47,139,45.42
94.456,118.19,145,44.725
94.556,118,141,44.841
94.765,118.18,144,43.642
94.939,118.84,142,42.608
95.932,119.23,146,44.593
96.217,119.91,144,44.659
95.58,119.73,142,44.684
94.821,118.86,144,45.048
93.655,117.9,148,44.08
92.696,118.27,148,44.312
92.859,119.6,150,43.758
94.87,120.38,145,42.625
96.918,119.34,138,40.392
97.544,116.85,139,40.83
96.234,114.76,136,39.788
95.326,114.16,127,39.308
96.022,114.28,134,42.79
96.606,114.78,141,51.135
96.316,114.8,151,45.073
96.37,117.15,146,42.625
97.606,119.42,135,40.623
97.104,119.3,122,38.779
93.67,118.26,126,38.589
93.165,116.41,133,39.35
96.852,117.75,137,42.898
100.27,119.26,135,39.788
101.22,118.07,119,38.134
99.882,115.71,120,38.845
99.939,114.46,140,50.539
100.72,116.02,133,48.612
97.817,118.58,139,45.718
94.904,118.84,144,48.232
95.039,116.14,140,48.422
96.394,113.14,145,48.703
96.673,114.3,143,48.257
99.018,117.82,140,45.329
103.52,116.32,153,47.752
105.42,112.43,148,54.344
108.56,110.97,152,44.088
107.63,108.54,140,62.448
106.51,108.19,147,55.071
104.28,105.13,149,54.93
105.69,105.6,143,50.035
105.21,110.45,142,46.363
106.48,115.73,143,54.12
109.3,120.26,139,54.558
112.28,122.81,128,56.336
115.16,121.2,138,52.83
112.26,117.24,142,46.743
108.68,113.75,144,51.697
110.55,113.15,155,62.374
111.15,116.1,151,63.647
111.18,116.18,134,46.652
111.47,117.38,133,43.733
111.74,116.11,129,41.591
109.28,116.21,144,46.462
108.3,111.15,151,44.891
108.43,107.27,146,48.604
104.45,106.37,148,55.088
100.35,107.4,158,63.706
98.367,112.48,154,54.046
97.21,117.93,151,55.113
92.603,119.84,155,57.114
88.599,119.99,159,58.818
85.855,123.98,142,50.283
82.446,126.22,142,53.566
82.223,125.14,148,66.716
84.313,123.38,147,78.593
86.636,120.16,159,93.049
88.627,118.24,167,99.409
90.847,118.4,153,93.751
92.62,120.14,144,76.078
91.984,120.93,154,73.125
89.88,119.97,173,88.582
88.181,120.6,181,98.622
86.938,123.61,176,100.84
84.932,126.41,177,99.432
84.303,124.2,170,95.264
86.687,122.68,155,81.023
89.425,122.11,144,63.027
91.572,120.71,150,48.207
94.939,119.95,137,46.164
96.039,118.87,122,38.845
96.998,117.04,121,39.978
98.818,116.89,123,40.574
99.354,116.14,121,40.458
102.1,113.38,133,47.818
99.693,108.23,138,44.866
95.432,106.34,142,50.175
93.816,107.31,147,59.372
95.442,109.61,149,61.928
93.976,113.26,158,53.359
90.766,113.28,163,54.898
92.235,115.49,142,43.344
94.571,119.78,133,40.392
93.876,121.96,125,38.961
95.11,123.8,107,37.72
93.378,127.75,101,35.868
92.889,128.78,94,44.75
91.964,132.28,93,48.405
88.851,133.81,111,56.163
84.655,135.17,119,58.636
83.39,136.77,120,68.279
93.346,137.49,70,51.457
97.291,140.92,64,45.279
88.01,146.03,192,119.22
89.045,148.82,203,129.39
91.107,151.12,189,137.96
93.252,153.72,194,142.49
95.064,156.2,190,140.55
106.53,153.78,125,99.788
106.12,155.33,117,91.063
105.36,157.98,115,87.73
104.63,158.62,111,76.714
103.1,159.37,113,62.01
99.404,159.03,106,51.168
97.459,163.65,148,69.759
96.926,164.76,156,49.249
96.133,166.21,139,50.465
94.79,167.71,120,40.367
94.541,169.55,115,41.682
94.818,173.32,79,35.413
90.445,172.69,113,49.803
89.823,175.11,147,69.23
89.845,176.2,150,63.738
93.344,178.42,148,53.268
92.403,181.61,138,54.98
91.101,182.68,142,70.793
91.244,180.8,154,78.89
90.376,175.7,160,89.079
92.695,170.98,152,84.952
97.18,170.05,153,80.229
100.78,173.57,148,78.55
97.545,172.02,106,40.855
104.47,171.86,104,39.631
109.67,174.92,108,45.147
117.67,177.7,147,65.293
121.17,180.39,153,58.462
121.93,180.86,150,60.968
123.97,178.12,157,65.211
125.92,179.99,153,48.579
122.84,183.56,144,55.526
124.45,186.51,132,60.811
126.46,190.35,124,56.08
121.83,191.26,120,60.96
119.92,188.97,128,71.215
116.02,191.16,132,61.547
113.58,193.95,141,71.653
109.52,197.18,139,67.03
106.38,200.83,137,66.956
103.47,203.53,129,59.975
101.65,206.34,119,54.666
101.8,203.41,127,51.515
104.46,200.49,130,51.036
102.44,193.28,129,51.209
104.14,193.27,146,69.23
99.273,194.27,135,56.866
95.666,189.67,154,50.266
96.439,185.99,146,64.383
96.903,183.09,139,66.071
96.268,181.51,131,73.406
102.26,181.72,122,61.497
107.49,178.58,128,58.685
110.84,179.2,127,59.529
108.03,177.4,134,58.636
107.58,175.58,115,41.781
109.4,172.69,146,42.335
113.53,174.96,144,48.72
117.42,180.1,143,63.052
119.58,186.13,137,58.156
119.84,190.29,128,64.127
120.53,193.07,109,60.323
126.29,194.55,98,55.741
130.33,191.7,101,57.536
131.14,188.16,133,67.973
132.47,187.21,150,77.186
132.38,189.12,151,78.964
129.54,187.16,154,78.385
128.2,181.41,166,66.162
127.25,176.02,158,59.562
127.5,171.45,173,60.183
126.59,167.77,170,55.097
124.9,163.7,175,62.87
125.31,159.91,171,65.93
129.28,159.91,174,73.96
133.31,160.84,168,80.709
136.97,162.62,173,70.123
139.81,164.89,166,71.438
139.1,169.79,162,72.637
136.2,169.92,154,69.751
138.68,166.96,161,70.694
137.94,164.01,173,84.687
138.97,157.83,167,75.085
139.51,152.47,163,70.801
140.99,147.8,164,70.818
138.54,143.32,174,70.892
138.71,138.99,171,64.979
138.22,138.8,169,57.255
138.57,135.08,151,43.534
141.28,135.99,159,62.564
137.37,138.21,166,62.994
136.04,132.99,158,59.86
135.11,132.43,164,76.375
131.44,135.33,163,83.247
126.88,137.06,158,80.295
121.96,138.05,164,79.493
119.77,140.08,159,66.501
115.26,141.79,151,66.368
117.49,142.75,160,71.19
119.68,145.76,149,51.879
116.85,150.1,142,47.107
113.54,150.55,156,50.217
110.97,148.22,174,82.106
113.19,145.38,160,75.159
118.52,147.91,156,77.574
117.89,151.2,168,96.562
107.02,153.05,121,64.499
108.96,151.55,163,90.79
108.34,147.48,165,87.54
112.01,148.57,165,94.156
114.36,149.56,153,91.228
117.78,150.79,157,78.989
119.7,149.24,162,68.378
122.95,146.26,177,75.979
124.66,146.5,184,73.398
126.16,145.9,174,69.949
128.56,146.9,158,65.632
128.52,147.36,152,61.431
131.16,149.97,168,62.721
130.39,156.19,166,49.249
128.39,161.2,167,56.568
131.06,164.73,139,66.062
137.56,165.28,136,63.341
141.03,167.42,147,73.191
142.28,164.8,162,90.955
142.54,159.85,181,77.789
143.59,154.14,169,90.029
143.36,148.98,183,75.06
146.2,144.62,176,69.577
147.32,146.62,184,68.924
143.95,150.44,181,83.645
142.07,155.04,176,90.485
143.2,157.86,174,94.538
145.26,161.73,158,89.476
143.04,164.27,160,73.001
142.84,162.77,149,54.029
147.43,164.17,143,55.245
150.45,168.76,146,50.498
154.46,171.52,130,49.067
156.87,173.07,133,53.384
155.57,172.87,145,62.382
156.54,169.24,135,55.435
159.22,169.41,132,54.327
158.57,173.63,124,57.602
156.28,178.25,132,55.361
154.19,176.15,149,53.682
155.75,170.84,140,51.879
156.9,165.48,133,48.422
158.7,164.33,129,51.598
163.02,165.86,126,54.583
168.62,167.64,127,47.868
171.12,170.24,121,50.448
174.14,174.19,123,47.289
178.2,177.74,115,45.147
176.51,179.48,110,49.53
174.37,174.13,105,56.006
172.08,172.85,112,60.042
171.47,176.9,121,48.687
173.35,181.32,113,57.784
173.28,183.65,98,59.049
177.38,185.04,93,53.558
181.4,185.35,83,53.359
185.32,185.99,82,48.811
190.66,187.47,94,46.173
193.24,190.47,88,40.731
194.74,193.29,68,41.012
196.27,192.26,80,30.864
193.38,190.65,84,36.314
194.19,189.72,88,38.663
194.41,190.03,88,35.967
194.24,190.06,91,36.447
194.16,190.23,94,36.265
194.28,190.23,91,36.844
194.42,190.4,95,36.662
194.83,191.14,94,38.225
194.15,191.87,106,40.185
193.1,191.85,104,48.257
194.16,192.44,113,45.577
195.6,193.95,115,45.395
196,194.43,99,48.323
197.88,193.41,93,41.293
200.67,195.13,90,45.412
198.79,198.35,94,44.452
194.69,197.97,91,44.733
195.51,196.89,86,46.065
195.96,199.19,86,45.395
197.17,198.06,91,45.122
197.15,197.92,88,45.974
197.09,197.96,91,45.486
197.18,197.81,91,44.849
197.31,198.16,89,43.534
197.44,197.91,90,42.583
197.49,197.9,92,41.938
197.42,198.06,101,44.758
197.05,197.64,104,46.263
195.69,196.29,106,51.135
194.83,196.08,80,42.98
196.1,199.29,83,42.625
199.19,201.67,81,43.708
199.5,204.58,81,41.434
199.48,201.49,77,39.143
203.98,198.6,62,35.62
207.99,197.88,66,34.867
207.28,196.16,55,29.897
210.45,196.09,58,29.872
210.56,200.27,168,53.674
207.01,200.46,175,59.761
205.85,199.43,164,45.652
208.22,200.03,167,54.245
207.3,199.22,162,51.433
207.47,199.49,163,51.342
207.17,199.59,162,50.3
207.51,199.57,165,50.3
207.44,199.55,166,50.581
207.63,199.65,168,49.729
207.15,199.61,174,49.919
206.9,199.9,175,49.687
207.61,199.5,182,51.283
208.09,198.64,177,52.226
208.31,199.07,172,49.646
208.7,201.53,168,49.249
208.1,203.61,168,57.37
208.56,201.65,174,62.241
207.93,198.21,173,54.509
205.1,198.16,163,47.008
204.44,202.38,160,45.395
203.75,206.12,142,44.27
206.12,205.99,135,44.634
208.61,205.75,133,44.659
208.24,203.11,134,46.065
206.92,203.78,133,49.34
206.71,203.69,133,44.543
206.7,203.61,127,42.418
206.79,203.85,134,43.063
206.59,204.3,150,43.642
206.3,204.74,158,42.972
205.57,205.82,161,43.923
205.71,207.26,171,44.932
205.85,208.47,178,47.198
207,209.61,180,48.604
206.89,210.16,163,46.644
206.7,208.76,145,43.435
207.03,206.33,141,40.623
204.94,204.94,143,40.441
204.4,202.53,151,42.31
204.81,199.54,171,50.539
203.47,201.61,191,63.499
201.42,205.09,177,54.443
199.82,207.54,85,34.991
197.49,204.38,65,33.453
195.33,201.58,75,29.781
196.04,198.03,82,35.76
200.17,198.84,77,29.599
204.41,198.06,78,29.202
200.36,195.85,91,35.942
196.06,192.5,88,40.921
193.12,190.12,84,45.164
195.09,195.07,75,43.113
196.65,195.45,82,38.316
197.2,195.43,84,38.705
197.89,194.94,87,40.549
197.59,194.44,170,53.475
197.92,194.95,176,54.244
198.62,195.51,177,52.623
200.31,196.96,183,53.359
201.56,198.32,190,53.963
201.91,199.09,211,59.297
202.42,197.51,211,62.184
204,195.57,206,64.706
206.48,194.17,195,62.283
208.14,194.6,185,48.257
205.75,197.47,174,46.917
203.04,200.63,170,45.205
200.81,203.83,176,49.067
199.8,200.7,178,51.052
203.14,196.47,166,46.454
207.03,193.08,172,48.579
205.82,190.32,194,49.53
203.33,186.15,179,49.687
198.26,187.41,178,48.604
198.31,191.96,171,46.925
203.38,195.01,184,51.002
202.34,198.91,197,62.754
198.43,199.78,203,58.71
198.26,199.04,185,52.127
200.4,194.7,190,53.996
201.88,191.75,188,59.438
197.58,192.87,185,52.549
197.09,195.15,163,46.09
195.23,197.54,186,51.697
199.21,196.49,191,64.019
201.58,202.52,190,67.609
199.36,206.66,185,61.199
203.33,207.92,179,58.801
204.4,201.7,178,58.065
206.92,196.12,181,53.285
202.06,196.57,174,51.788
196.4,196.3,169,51.118
198.69,195.99,164,49.414
198.32,200.58,171,52.317
196.33,196.91,204,71.852
193.55,192.66,205,71.844
191.28,193.78,195,64.706
194.24,193.9,216,84.529
199.63,192.98,213,79.658
201.04,198.3,194,57.858
198.04,203.37,199,64.59
195.8,201.9,197,62.738
201.1,203.6,184,59.372
207.23,206.09,177,52.896
207.31,207.3,173,61.224
204.72,201.31,175,54.558
207.66,197.75,166,53.037
207.72,203.42,178,61.059
204.24,208.74,187,67.319
201.09,209.66,175,51.879
198.75,203.07,177,55.816
195.17,199.09,181,61.902
194.15,202.82,171,59.587
191.39,206.56,162,51.805
193.48,207.4,157,52.896
197.51,211.02,163,56.353
203.07,210.85,166,58.338
206.43,204.53,165,54.145
208.15,199.78,162,54.6
206.09,203.51,174,48.033
201.37,206.91,179,47.777
198.07,202.05,178,50.084
194.61,201.18,166,48.687
193.27,205.58,157,52.549
191.88,205.26,163,51.689
194.25,209.81,164,48.488
198.23,211.62,169,58.421
203.89,209.48,168,62.118
207.5,204.98,181,73.952
209.17,203.9,183,71.645
203.91,203.11,191,68.833
198.69,204.08,172,52.276
196.06,208.62,161,47.016
200.47,207.16,179,65.442
205.59,205.43,181,73.729
207.84,203.77,182,75.639
212.67,204.42,166,47.636
214.92,203.53,163,55.617
212.75,198.8,164,47.314
209.98,194.18,171,49.464
212.12,194.71,158,44.593
207.96,198.22,148,43.369
205.16,199.63,172,57.577
203.94,204.23,182,55.204
203.38,203.61,181,63.797
205.36,202.29,183,76.425
206.33,203.76,174,61.985
203.68,205.96,174,62.291
200.37,202.12,161,50.283
204,200.91,156,49.348
206.73,205.99,178,65.219
205.83,210.45,187,70.264
208.89,214.11,164,59.769
210.39,216.02,168,60.844
213.16,216.79,167,63.391
211.67,218.97,176,68.568
207.03,216.46,186,76.764
204.22,212.91,186,78.567
200.74,208.69,191,73.679
200.65,202.99,189,74.448
203.63,201.32,176,55.253
207.48,204.06,159,47.314
209.16,201.5,169,51.697
206.06,197.02,169,68.907
207.76,194.27,181,68.469
208.16,199.42,180,64.359
208.35,206.08,181,51.606
208.81,207.97,173,60.414
209.61,208.19,164,67.89
208.99,209.19,176,67.311
212.33,204.33,182,71.256
214.23,202.89,177,62.655
215.78,199.82,191,72.96
217.29,201.11,173,65.723
216.09,204.81,161,57.354
210.66,199.97,174,59.025
207,194.79,186,64.152
202.55,196.42,168,58.131
199.02,200.42,171,59.033
198.81,197.33,190,62.258
202.49,194.58,181,53.128
207.59,194.79,183,62.465
207.95,199.03,180,70.437
204.6,200.89,183,71.256
201.04,196.6,184,60.133
202.93,191.79,173,54.418
207.67,192.64,171,53.657
209.63,198.96,162,50.101
205.71,200.95,165,53.376
199.57,200.07,174,54.368
197.56,196.14,170,50.283
200.74,192.81,193,72.19
201.15,188.54,193,75.209
203.62,187.41,181,66.319
205.72,192.18,179,67.601
204.81,197.26,179,74.192
204.7,199.67,176,63.548
204.99,196.54,175,60.099
205.35,195.12,175,62.374
206.13,195.87,173,64.714
205.25,199.28,169,56.196
200.22,196.53,156,49.249
203.15,192.92,168,54.98
207.53,196.11,174,64.433
208.88,201.73,180,64.433
209.09,204.14,169,56.072
213.47,204.24,150,42.418
218.19,203.97,140,40.185
216.98,199.6,141,41.549
213.15,195.39,153,53.963
208.51,196.81,167,64.26
202.44,199.29,173,70.537
196.67,198.29,177,66.956
193.03,196.55,175,55.725
191.94,192.23,168,54.095
193.6,188.09,166,53.359
198.59,192.14,187,66.211
199.9,198.67,187,67.129
201.17,204.36,181,58.106
203.78,206.07,151,44.61
200.66,205.76,144,46.925
198.16,203.16,159,57.031
199.85,203.55,170,73.423
204.07,201.57,175,77.748
207.53,198.79,182,70.71
208,201.68,177,60.769
208.19,206.02,179,69.875
207.24,210.52,174,69.941
205.32,210.1,157,53.748
209.25,214.14,144,45.883
210.85,219.09,153,54.393
208.95,218.52,167,58.288
210.56,213.03,166,54.368
213.21,207.21,160,60.389
211.9,202.7,168,61.754
205.11,201.88,174,63.044
201.59,197.82,179,51.879
203.67,198.09,149,42.327
198.35,201.08,172,46.338
194.56,204.19,150,45.701
195.41,206.86,164,59.38
201.41,205.23,164,67.402
206.68,205.08,163,54.906
206.5,205.63,147,48.579
207.06,205.51,147,49.183
206.93,204.22,152,47.959
206.19,204.07,153,49.018
205.94,204.11,160,50.101
205.73,203.99,168,52.251
205.49,204.37,168,53.078
205.74,204.72,175,54.063
205.89,205.46,174,53.864
205.43,206.63,179,53.963
203.85,206.11,180,56.469
203.4,204.51,175,56.841
203.23,203.52,171,48.951
203.94,204.4,157,43.344
206.79,205.92,165,47.545
209.99,206.8,153,51.374
210.86,205,150,47.107
207.13,204.12,146,43.46
203.1,203.22,147,43.162
200.81,204.36,149,43.377
204.11,204.54,146,48.116
203.21,203.73,154,46.619
203.65,203.85,155,46.346
203.69,203.86,166,46.834
203.73,203.63,169,46.23
203.6,203.44,175,47.545
203.77,203.32,187,49.621
203.8,203.29,196,49.894
203.7,202.83,198,51.399
203.4,202.05,200,51.97
202.67,201,193,48.67
201.7,200.14,191,47.752
200.17,200.16,180,46.528
198.62,201.46,172,46.619
198.28,203.63,171,46.809
199.78,204.68,168,47.81
199.74,205.64,163,46.826
201.92,205.14,154,43.716
204.6,202.63,153,42.881
203.39,200.31,152,43.361
202.18,202.43,160,47.289
202.66,203.22,154,50.589
202.84,202.83,161,48.174
203.13,202.65,165,48.621
202.75,202.27,176,49.067
202.9,202.34,178,48.877
202.57,202.13,183,49.638
202.66,201.83,188,51.904
202.79,201.27,193,51.168
203.22,200.32,190,50.399
203.46,198.93,190,48.976
202.62,198.21,192,50.936
201.17,198.64,187,50.01
199.49,199.62,179,49.183
198.27,200.12,174,47.413
197.67,199.64,167,46.925
199.6,198.63,170,50.481
202.7,198.59,161,46.09
204.73,200.72,159,44.866
201.8,202.3,163,48.124
199.12,200.75,157,44.336
201.46,199.44,158,45.56
200.81,200.98,157,43.344
201.89,200.68,159,45.114
201.75,200.51,164,44.841
202.13,200.62,168,44.94
202.07,200.77,174,45.519
202.17,200.7,185,47.479
202.22,200.43,190,47.934
202.43,199.8,198,49.993
201.57,199.64,207,52.888
201,199.93,203,52.987
200.44,201.03,194,52.152
200.28,202.5,190,49.811
201.65,203.36,176,48.099
203.93,202.63,168,47.537
206.26,201.32,172,48.736
204.96,198.51,169,49.894
201.29,198.25,165,49.431
199.42,200.18,158,43.319
200.36,203.04,158,44.957
203.28,203.32,166,45.519
207,202.14,162,46.09
208.9,200.25,156,46.09
207.42,197.51,153,44.957
203.63,197.24,151,45.147
202.2,200.06,153,45.056
203.2,203.22,151,42.674
204.4,205.62,153,42.054
204.79,206.83,156,48.331
203.46,207.78,147,47.661
203.08,207.17,144,46.23
204.65,203.45,151,48.976
206.42,204.84,177,56.461
209.12,207.28,165,49.853
208.32,208.19,156,45.238
204.75,205.59,160,51.854
202.17,201.09,168,56.932
198.88,198.66,164,48.116
198.29,199.86,169,60.604
197.86,200.23,165,60.67
196.68,198.42,154,43.923
194.74,199.43,157,45.238
194.43,200.37,166,51.308
198.11,199.62,173,58.082
199.37,201,161,45.966
197.2,201.27,165,59.165
199.6,198.95,164,53.5
200.86,203.91,168,56.932
200,208.18,151,50.357
199.39,205.18,151,51.515
201.28,200.06,157,49.34
199.98,196.87,168,71.074
199.14,194.72,182,73.191
197.55,192.01,187,68.717
197.32,188.63,189,62.506
195.45,188.64,166,53.169
194.22,192.22,155,53.401
198.37,195.51,161,50.448
199.73,200.37,176,60.207
201.54,203.04,167,50.283
203.72,201.27,163,45.991
204.77,197.5,158,46.247
206,193.64,160,51.879
201.32,194.36,150,45.329
196.93,198.09,138,40.094
195.95,198.27,173,57.023
201.81,198.83,169,60.968
201.72,199.93,155,49.158
196.57,195.74,170,55.08
194.59,192.34,181,59.562
196.84,190.94,163,56.08
192.18,192.5,175,54.558
191.63,189.81,194,77.996
194.98,188.12,202,89.045
197.07,184.2,199,82.652
198.65,180.29,205,84.514
200.12,176.36,201,84.596
202.03,173.32,213,85.878
200.81,174.25,211,90.923
200.41,177.35,216,99.25
199.95,182.85,216,103.34
199.57,186.31,235,108.89
198.37,190.63,211,103.05
196.77,194.56,204,89.615
197.65,197.28,188,68.121
200.96,199.53,178,58.065
201.63,201.06,183,67.642
196.92,198.23,189,77.402
194.92,194.7,185,71.19
194.52,196.83,178,53.384
192.49,200.36,168,53.194
194.73,204.37,163,51.052
200.41,202.57,163,47.314
204.89,199.99,157,44.841
206.17,198.19,168,51.11
207.36,197.4,176,60.852
206.43,198.72,164,56.477
202.79,195.5,156,48.488
198.79,193.9,157,46.346
199,199.07,142,45.329
200.76,204.26,134,42.575
202.46,203.02,149,53.45
198.58,201.75,161,58.619
197.08,198.63,141,49.894
200.7,197.17,145,54.625
205.79,199.61,146,54.716
208.09,201.15,153,71.091
206.55,197.87,153,68.643
204.26,194.02,148,58.611
201.2,195.58,145,51.209
199.25,196.37,149,48.116
199.19,201.46,136,47.959
201.78,203.64,127,45.213
204.86,204.02,129,47.173
204.98,206.17,144,56.998
204.02,207.6,147,64.714
200.86,205.1,148,53.359
202.61,200.19,147,51.581
205.82,198.5,140,47.562
208.55,202.1,138,52.16
207.33,206.19,147,67.7
204.09,208.28,146,69.511
201.97,203.34,147,61.795
201.5,197.64,154,60.397
204.55,196.6,153,61.919
204.6,200.3,159,75.333
201.53,203.06,149,67.402
200.36,201.25,135,43.253
203.68,197.11,128,40.904
207.41,193.5,136,45.23
205.63,194.26,134,52.623
201.69,197.25,129,41.938
199.07,201.74,143,54.12
200.89,205.59,143,58.892
204.23,208.79,141,67.617
205.78,211.82,143,67.518
205.58,210.7,138,51.391
206.28,208.01,135,63.962
204.47,203.11,144,61.456
199.93,200.73,148,57.759
196.2,200.27,140,43.84
195.6,202.72,126,44.8
196.31,207.38,126,47.272
197.85,211.97,118,49.712
195.67,210.67,131,52.731
194.31,206.94,135,52.557
195.45,206.14,122,59.19
193.04,206.44,142,58.545
192.1,209.72,141,64.086
189.05,213.08,148,63.854
190.23,215.01,138,70.478
193.73,220.46,109,44.568
195.22,224.18,109,46.198
198.98,226.66,106,44.477
203.33,227.68,99,43.088
202.81,228.25,110,49.365
198.36,225.05,135,72.687
195.21,222.72,141,79.387
191.96,221.74,143,74.854
189.56,224.69,131,64.491
189.44,228.96,141,75.623
193.14,231.09,113,56.312
191.88,230.63,112,53.682
190.35,227.3,123,52.103
190.93,224.45,139,65.765
194.98,227.63,130,65.392
192.72,231.1,130,54.575
187.85,231.92,135,51.771
184.05,235.04,137,51.143
182.16,237.52,127,46.255
182.89,237.77,110,57.188
183.17,240.11,132,51.515
185.56,243.32,120,52.731
185.72,248.05,115,53.591
184.6,250.49,98,48.513
184.65,249.24,110,54.054
189.48,251.02,105,55.642
192.99,253.81,101,49.373
196.67,255.47,98,49.621
200.26,255.33,97,56.378
198.2,261.28,60,34.851
198.83,258.07,89,62.391
192.97,260.47,67,30.062
200.78,259.91,94,65.996
194.56,260.63,69,38.969
196.25,255.39,72,35.504
203.47,256.78,95,46.545
207.76,252.66,95,38.961
208.01,247.37,101,41.293
204.78,244.16,111,42.426
201.42,240.98,115,40.805
204.98,238.73,105,39.052
206.4,243.61,110,39.697
206.17,250.02,105,39.887
200.78,251.77,105,46.007
200.54,250.79,101,52.706
205.6,250.3,99,51.118
209.7,253.55,90,51.49
204.68,255.86,64,33.536
209.95,255.12,108,39.333
209.73,256.33,78,37.762
208.35,255.65,74,40.185
211.41,260.76,85,46.57
213.83,265.21,72,45.445
216.79,267.05,70,41.773
220.26,268.94,79,37.183
221.65,272.95,67,38.688
223.62,277.26,57,39.995
225.02,280.48,94,46.156
226.25,284.12,92,47.496
226.36,287.74,81,42.029
224.11,290.34,84,38.473
223.23,290.32,71,54.095
219.62,294.05,82,55.857
220.23,294.33,79,41.045
224.26,298.76,64,45.999
231.69,303.04,58,29.971
236.27,304.47,58,26.961
233.61,306.74,77,49.274
234.49,305.55,76,43.179
238.67,305.94,125,54.624
237.31,309.32,125,53.268
232.43,308.77,131,58.594
233.54,304.6,143,64.937
237.95,300.45,132,58.288
242.34,299.52,139,60.215
241.2,303.72,131,69.958
242.06,308.09,125,63.49
247.22,309.46,117,52.433
251.36,316.01,77,39.887
251.24,313.19,97,64.309
253.55,314.99,79,53.078
252.37,317,156,73.307
251.31,313.71,146,44.386
256.04,313.98,156,45.238
258.03,316.15,164,55.386
255.79,315.2,148,62.581
257.4,313.24,148,68.304
258.8,311.05,148,67.419
260.07,312.25,149,50.01
257.62,317.33,151,53.996
254.11,318.8,159,63.226
252.23,316.08,156,74.002
255.53,312.88,154,67.568
261.49,312.54,159,66.319
263.89,315.36,163,69.867
263.13,319.1,152,65.814
263.46,320.84,152,64.202
266.8,322.55,148,61.977
270.07,324.42,149,64.979
269.69,331.74,102,40.557
269.77,331.63,141,64.847
270.56,334.59,132,60.348
275.45,333.9,130,58.272
279.92,333.57,124,50.059
282.62,336.37,122,56.816
284.87,339.47,122,55.311
287.58,342,105,56.395
288.97,345,99,56.775
285.05,345.85,109,47.868
280.4,342.67,99,50.68
280.34,339.76,105,54.534
285.64,339.5,109,54.997
287.05,344.01,100,53.475
284.15,347.52,79,53.674
285.18,350.23,66,45.263
290.76,349.06,61,46.297
294.1,346.43,70,52.938
297.92,346.09,80,52.103
299.67,344.94,85,46.644
304.39,343.85,71,52.177
308.04,342.64,68,48.323
311.35,343.11,125,55.427
313.69,345.13,112,53.235
312.72,345.51,95,41.847
310.21,342.22,110,56.56
312.93,338.13,111,49.017
317.34,336.03,113,51.738
319.5,337.22,113,55.592
317.05,340.22,86,51.879
316.59,341.36,63,49.853
321.31,340.62,52,44.99
326.52,341.17,114,65.021
327.45,339.29,138,70.835
325.65,335.62,155,68.577
326.57,331.55,155,56.866
330.25,332.93,152,57.991
331.23,337.02,142,58.065
328.33,338.87,127,70.52
329.71,341.75,115,74.886
330.75,345.04,83,57.9
328.68,348.4,91,52.574
325.94,347,90,62.482
326.99,344.59,117,68.924
330.06,342.04,129,70.437
330.98,342.04,112,63.243
327.57,342.88,129,72.133
324.28,341.7,137,70.529
324.88,345.62,127,63.317
318.53,351.47,100,44.94
319.58,348.48,98,52.293
326.55,347.25,90,44.221
331.42,348.03,81,42.724
329.39,351.46,65,50.109
327,351.25,69,51.342
325.76,351.93,75,48.033
329.29,354.52,64,43.005
334.39,359.32,136,76.632
333.92,362.45,125,71.124
330.49,362.35,134,77.302
327.63,362.98,150,79.353
325.14,362.06,162,76.07
327.57,361.33,159,74.531
331.98,362.03,166,78.129
334.56,365.3,163,82.951
332.24,367.4,144,97.259
328.38,369.41,144,96.506
325.29,369.29,160,95.563
322.16,369.38,163,88.657
319.51,372.47,151,89.087
315.4,377.13,139,89.856
308.1,379.65,98,49.539
311.42,376.51,159,86.961
314.46,374.39,152,80.18
317.97,371.53,156,79.072
321.21,368.8,159,70.752
322.65,372.39,138,68.42
320.14,376.96,134,66.625
316.61,377.88,136,83.497
316.97,375.72,158,84.216
317.95,373.95,166,91.155
317.21,370.62,179,84.795
320.9,369.27,166,65.947
321.94,373.14,149,58
317.2,376.54,159,75.019
312.66,377.2,156,72.985
311.17,376.46,180,82.578
313.31,373.03,183,87.044
314.19,368.51,183,82.165
311.95,364.59,193,79.46
311.98,361.33,218,74.06
315.45,360.89,213,71.711
314.27,365.7,189,64.177
309.63,368.57,180,60.488
306.01,367.17,180,57.048
305.88,363.33,201,66.137
305.71,358.68,205,67.833
308.03,356.29,200,63.805
309.86,360.49,207,76.252
308.26,364.51,205,81.793
304.09,363.01,219,80.089
299.54,360.95,199,73.795
295.71,362.53,210,74.093
294.35,361.07,214,78.245
294.95,362.45,222,90.419
294.12,365.1,218,94.33
294.54,367.7,214,89.922
295.22,368.84,194,78.385
293.26,367.29,192,73.29
291.22,366.28,193,62.068
288.37,366.1,194,60.687
286.3,365.7,210,58.255
283.44,369.06,208,76.962
281.64,370.1,205,81.279
281.5,367.79,216,83.14
