0,-0,281,58.925
1.2345,-2.1192,285,60.852
-1.3472,-3.1545,280,59.909
-3.0193,-1.4753,257,55.691
-3.1913,0.55547,264,59.562
-2.8913,2.3465,266,58.934
-0.43434,3.7562,270,58.024
0.33049,5.0445,274,58.04
0.27882,4.9907,290,66.046
0.90846,2.2425,292,62.862
-0.0086114,1.6248,293,62.721
-2.2867,1.7976,290,60.554
-4.0209,2.529,286,59.19
-4.1819,2.8203,273,60.894
-4.8615,3.6034,265,59.099
-3.4471,4.1499,254,55.923
-3.0426,3.8662,241,53.963
-2.6843,3.6166,247,54.054
-2.6642,3.7229,255,54.608
-2.4906,3.6843,264,55.526
-2.5297,3.706,269,56.866
-2.181,3.6363,271,56.469
-2.0164,3.7064,272,57.313
-1.9084,3.7129,277,57.222
-1.6665,3.4661,289,58.735
-1.3456,3.6382,306,60.869
-1.0519,4.0721,310,60.968
-1.6374,3.9414,287,58.884
-2.8254,2.607,278,58.065
-2.6348,1.9816,268,57.04
-2.1647,2.7929,271,57.577
-2.0212,3.3293,265,56.188
-0.51053,2.4248,295,72.414
0.60222,2.2797,276,58.198
1.3062,0.10873,281,58.09
-0.27953,-0.16673,264,56.725
-2.459,0.15567,265,57.139
-3.208,1.3072,261,58.338
-3.7189,3.1666,264,58.851
-2.6188,3.4174,276,58.975
-0.19427,3.7299,282,60.637
0.31725,3.0254,267,56.907
3.0392,2.0344,273,57.395
2.5231,-0.34732,284,61.704
0.37266,-1.1677,268,56.866
-1.5816,-0.024559,259,58.156
-3.5807,0.39661,274,62.837
-3.8787,1.4958,282,62.746
-2.8291,4.363,287,61.398
-1.8478,5.2271,263,57.42
-1.5686,4.544,269,59.959
-2.3826,3.9796,280,63.763
-2.5758,3.806,296,65.74
-1.1824,2.7883,283,58.619
0.50857,2.9578,299,67.816
0.13897,0.96994,281,60.662
-1.2689,-1.3202,275,57.858
-2.9627,-1.9096,269,58.867
-4.4905,-0.47548,266,59.752
-6.8665,0.5519,265,59.496
-8.6714,1.2469,273,64.243
-8.7654,3.1134,283,66.707
-5.5867,4.3287,301,70.404
-0.48903,4.4287,294,64.317
2.1469,3.1113,292,60.298
1.8481,0.10747,285,61.704
0.69034,0.028419,262,58.843
-1.6215,0.52073,270,61.431
-2.1142,1.4097,277,60.232
-3.1121,3.2904,279,58.702
-4.6771,4.0215,283,60.414
-4.8593,1.9846,299,69.015
-1.9811,1.7309,303,67.278
-2.9012,1.4494,277,60.877
-5.8868,-0.97519,295,63.647
-9.4111,-1.774,280,60.298
-11.228,-0.82047,291,69.966
-13.272,-1.116,291,71.182
-15.322,-1.1985,276,70.049
-13.421,0.20888,250,65.029
-7.8478,1.4979,262,65.947
-3.4471,2.123,288,65.74
-0.48824,3.115,273,59.256
1.115,2.5011,267,57.23
1.3444,0.75859,243,54.095
-2.3683,-0.62398,252,54.765
-3.7098,-3.0669,277,62.829
-4.8889,-4.8437,302,72.869
-7.4937,-4.1555,304,75.747
-8.8065,0.045829,269,61.985
-8.9136,2.9059,259,56.626
-9.3859,3.4546,253,56.651
-5.3344,3.0235,273,58.958
-1.9514,0.65349,286,65.393
1.9696,-0.031476,283,63.226
2.3889,-0.28476,289,64.772
0.95475,-3.0856,268,63.482
-2.2639,-2.0785,262,61.39
-4.7417,0.039786,275,64.4
-5.367,1.4413,290,70.768
-5.0614,2.9555,284,66.021
-4.034,4.4667,278,60.438
-3.8944,4.4107,275,56.932
-3.204,2.9939,280,63.027
-1.5799,3.4133,277,62.002
-0.72809,0.8547,268,57.122
-1.0348,-1.9848,272,61.505
-3.4403,-3.108,260,58.173
-6.2871,-2.7501,264,59.182
-9.6294,-1.235,256,60.025
-11.733,0.22523,252,60.786
-10.352,1.8859,235,55.526
-9.5527,2.3469,218,51.697
-9.2207,2.3511,219,52.615
-8.6183,2.318,224,52.061
-8.3838,2.2902,234,53.74
-8.2285,2.1179,245,54.939
-7.9846,2.1529,250,54.294
-8.1507,1.8863,264,55.336
-8.1397,1.6082,280,58.057
-8.6526,1.2989,300,59.926
-9.0945,1.001,336,64.061
-9.7613,1.2888,351,66.211
-10.476,2.2451,337,67.766
-11.81,3.4186,314,67.104
-12.234,2.3886,284,63.457
-10.074,1.4311,265,58.065
-7.9511,1.417,270,58.594
-6.7739,2.5378,290,64.243
-5.0128,1.2053,283,62.2
-2.8013,0.064016,288,63.945
-3.7958,-1.5216,272,60.596
-5.5752,-0.91862,272,60.662
-6.3462,0.38452,294,65.186
-8.372,1.0733,317,76.4
-9.5015,1.6936,299,71.239
-7.7884,3.4123,272,59.446
-6.4609,4.6405,261,56.08
-2.9744,4.8221,282,61.53
0.091835,3.6641,291,66.501
2.5424,0.43902,288,62.845
2.9138,-1.3267,272,61.051
-0.95756,-0.72041,280,58.404
-4.7616,0.038381,282,58.057
-7.6064,1.6858,283,67.336
-10.822,2.1255,293,68.717
-10.726,2.778,273,62.911
-7.608,4.6092,285,67.187
-2.7273,3.9283,323,94.487
-0.97495,1.3748,302,66.55
-1.1344,1.6543,275,58.892
-2.9089,2.2543,275,61.224
-5.3308,1.8284,277,64.251
-9.0157,1.4227,273,58.917
-13.361,0.85161,278,63.118
-15.733,1.2831,282,70.362
-15.819,1.2279,293,79.956
-18.242,0.1721,310,87.068
-20.982,-0.86763,315,98.151
-23.675,-0.5937,342,105.03
-27.327,-1.7461,334,108.4
-29.663,-1.8278,331,109.29
-31.978,-2.1329,331,98.373
-35.328,-0.022926,305,95.785
-40.468,1.5699,299,94.884
-45.289,1.8689,300,97.985
-44.799,1.9692,297,99.515
-40.151,3.7247,283,90.004
-33.527,4.4689,295,90.732
-27.472,4.3279,305,88.252
-22.559,3.9355,285,79.692
-19.193,4.5283,266,60.042
-13.808,5.4064,240,56.171
-7.8249,7.0083,261,57.089
-2.8215,6.9784,272,67.7
1.4956,5.5697,256,59.198
4.3188,2.1454,251,60.348
5.5913,-2.05,276,65.575
6.6404,-4.0524,277,72.877
3.0559,-0.68076,278,62.655
-2.291,1.6908,301,72.017
-5.1116,4.2822,301,66.087
-7.423,5.1803,271,62.093
-8.8046,3.8073,286,68.072
-10.771,0.04424,276,66.6
-11.754,-1.6457,281,63.888
-14.539,2.1202,269,66.476
-16.991,3.1187,233,61.497
-16.218,0.19808,226,65.136
-10.939,1.3073,234,58.222
-6.3406,3.6842,248,56.469
-7.1162,6.0325,275,63.573
-10.819,3.9423,294,72.323
-11.381,-1.3584,279,67.725
-9.6636,-5.0139,290,72.315
-10.103,-3.8935,314,87.333
-14.321,-4.2871,295,77.69
-13.53,-8.7865,307,78.939
-12.626,-8.6929,314,86.026
-14.792,-4.0087,317,91.113
-15.667,0.55013,320,89.781
-12.073,4.4373,291,78.691
-5.989,5.2893,294,75.11
-1.0834,1.9218,291,65.393
2.5136,-0.53881,286,65.591
3.2277,-2.3198,282,66.575
4.6014,-3.9349,265,67.038
3.0097,-3.6506,298,70.892
-1.5388,-0.5496,303,74.787
-7.2489,1.5146,293,68.535
-13.009,2.3658,289,61.985
-15.589,5.071,283,66.368
-12.854,5.7958,279,67.336
-8.1583,4.2727,264,62.076
-2.0524,2.549,282,62.696
1.1846,0.17266,291,64.689
2.4121,-1.5609,282,67.055
-0.76613,1.7514,286,67.055
-4.829,6.7724,282,65.442
-8.0496,6.6603,281,61.911
-3.4422,6.767,269,60.728
0.99905,8.0558,291,67.146
3.4029,9.5495,310,75.482
3.2747,6.6253,317,84.059
-0.067131,2.9294,324,86.796
-3.6036,2.4069,297,79.154
-8.5512,1.7807,295,74.068
-10.017,3.2209,292,78.004
-14.639,4.6316,295,77.02
-14.327,4.7165,277,63.887
-10.373,7.177,272,63.664
-6.4231,7.5624,276,66.575
-2.9553,4.6299,277,62.622
-2.1562,-0.96021,275,61.77
-5.1236,-2.3655,268,61.696
-9.6561,-2.3966,272,64.226
-12.949,0.24333,274,63.275
-15.989,2.6471,275,61.869
-18.923,4.9493,266,64.251
-17.385,7.101,268,64.326
-11.984,8.1954,245,62.945
-8.7287,8.0654,231,58.942
-5.9136,7.0932,222,53.657
-4.7313,7.1296,237,56.866
-4.4186,6.5885,244,57.031
-4.1194,6.5519,265,59.173
-4.1728,6.7411,288,61.067
-3.9992,7.2406,318,64.218
-3.4435,8.3179,347,69.106
-3.617,9.2775,348,71.711
-3.6229,10.705,353,76.64
-3.7548,11.491,347,76.127
-3.8295,10.275,326,70.015
-3.9466,8.2721,307,66.732
-4.5935,5.9389,297,62.531
-5.105,3.5664,279,61.034
-3.4757,3.8307,283,62.788
-0.33951,5.2411,288,61.076
-1.0177,4.6652,270,57.486
-4.3131,3.3749,283,60.645
-7.6992,2.0864,285,58.503
-9.6745,1.3498,272,58.644
-7.2964,3.5769,263,55.998
-5.9162,6.9239,287,62.465
-7.3533,8.3935,313,71.281
-7.685,7,305,69.387
-6.4936,3.3393,298,61.869
-6.8992,0.23379,285,59.81
-6.8224,2.5614,294,71.529
-8.0298,5.1736,294,68.99
-10.548,5.478,306,76.119
-12.687,4.3351,302,72.761
-11.272,4.1237,303,68.444
-9.1792,6.3055,300,67.559
-7.9652,4.4922,309,77.897
-4.1373,1.1546,315,66.691
-0.12059,0.79315,309,71
0.33463,3.4455,317,72.968
-3.3973,6.4084,301,68.138
-8.2107,5.0689,275,61.067
-10.485,-0.77791,342,95.083
-13.47,-0.46575,309,74.647
-11.356,1.507,294,77.409
-9.4546,4.3397,254,60.86
-7.154,5.9921,224,59.429
-2.4019,4.0201,209,54.815
-1.1011,2.1603,175,46.289
-2.1816,0.70512,149,43.642
-3.6406,0.47688,125,38.779
-4.6235,1.178,110,37.737
-5.6463,2.2591,102,35.76
-6.6048,2.8926,101,35.959
-7.2364,3.317,104,37.489
-8.0275,3.5994,118,40.392
-7.5748,3.3704,128,43.113
-9.2147,4.4154,157,49.911
-9.3225,4.8547,198,57.139
-10.495,3.2266,213,54.807
-8.4021,1.2645,230,55.071
-6.8365,1.9803,253,61.042
-7.5434,6.1926,249,59.008
-7.3215,8.6985,270,64.822
-6.906,8.3108,286,75.201
-4.4231,4.9863,276,68.915
-0.91345,3.0262,272,65.69
-3.8048,5.1543,288,66.36
-9.0306,7.6286,303,67.021
-13.094,7.994,302,69.337
-16.413,5.3355,300,76.284
-13.956,4.9244,299,77.07
-11.115,8.9721,283,68.262
-8.4567,8.8433,282,67.501
-8.148,3.5807,279,62.928
-8.4774,-0.98595,259,60.207
-10.631,1.1861,278,65.359
-14.104,6.9907,284,66.484
-18.267,8.5463,292,69.379
-15.933,8.4008,288,70.239
-10.625,4.8798,275,61.778
-6.6111,0.96888,280,60.645
-4.9382,0.70661,265,57.685
-6.6036,5.7841,262,56.866
-8.0532,10.964,272,62.142
-11.365,8.1394,278,68.469
-16.011,4.9538,292,72.852
-21.594,4.2239,289,77.715
-25.853,3.8482,290,79.237
-26.875,3.3778,303,81.958
-29.378,6.1875,295,85.506
-30.587,8.7115,305,89.806
-30.518,10.724,343,106.25
-32.596,11.822,342,114.46
-33.468,14.812,313,91.088
-32.255,15.607,322,79.345
-30.733,13.315,322,92.386
-28.882,11.309,301,87.895
-32.801,9.6395,286,81.362
-39.021,6.5908,292,81.825
-44.049,2.6218,272,72.571
-47.626,-0.41472,256,69.015
-48.661,-2.3729,268,72.232
-53.177,-2.7084,264,76.723
-60.936,-3.2863,272,73.812
-67.658,-6.5493,286,76.533
-73.093,-9.9704,280,75.499
-78.546,-14.434,276,72.645
-84.724,-17.419,266,72.091
-88.681,-20.85,278,83.256
-91.723,-25.06,274,81.743
-94.263,-30.131,260,81.015
-103.53,-35.282,267,73.216
-109.55,-35.908,267,82.024
-112.8,-34.306,288,95.182
-114.67,-37.117,289,105.54
-118.87,-42.26,275,101.74
-120.5,-48.504,264,97.771
-117.86,-51.873,254,87.929
-116.32,-50.761,281,90.609
-117.42,-46.365,280,83.264
-117.15,-38.824,286,85.075
-120.11,-32.868,272,79.237
-122.98,-29.451,240,64.987
-126.26,-29.201,222,58.156
-130,-28.57,166,55.377
-134.09,-29.598,151,53.029
-136.52,-32.24,139,46.189
-138.84,-32.343,140,42.228
-137.93,-30.179,133,42.542
-138.54,-29.072,140,49.555
-139.19,-30.028,119,47.843
-140.8,-31.726,124,42.881
-142.49,-33.608,119,56.055
-142.89,-36.56,121,62.746
-147.19,-40.198,132,62.936
-152.2,-43.645,132,58.065
-157.29,-46.501,120,48.232
-162.46,-47.079,128,50.109
-168.3,-47.175,172,56.378
-174.73,-46.688,159,54.856
-181.03,-45.744,154,56.609
-186.79,-44.073,155,57.097
-192.03,-41.804,149,56.196
-196.88,-40.624,142,51.325
-200.78,-38.713,184,53.194
-203.15,-35.531,173,48.604
-207.71,-33.082,166,48.662
-212.4,-32.23,151,48.885
-214.42,-31.607,155,50.01
-214.4,-29.247,187,59.281
-213.69,-27.723,204,68.403
-212.34,-27.962,191,73.679
-212.84,-27.524,197,71.256
-213.78,-25.391,210,79.791
-215.69,-22.891,213,71.951
-214.97,-19.789,212,66.484
-214.42,-15.898,208,64.822
-213.19,-12.735,193,62.349
-211.19,-10.864,167,63.209
-208.36,-8.3539,142,54.302
-205.24,-6.5745,116,46.809
-201.55,-3.9414,226,64.731
-197.1,-2.3006,211,61.994
-193.65,-1.4076,234,66.856
-190.48,-1.5713,240,70.156
-186.81,-0.71859,233,71.182
-182.2,1.0113,235,69.602
-178.22,1.9647,248,72.869
-173.73,3.7272,264,74.597
-169.65,6.3274,273,78.633
-166.5,9.4999,275,75.937
-165.05,13.747,282,77.872
-163.13,17.902,285,82.33
-160.54,21.031,283,79.601
-157.65,24.556,278,74.928
-154.43,28.395,272,71.744
-152.32,32.204,264,71.273
-152.83,34.811,264,69.412
-155.65,36.752,259,67.245
-156.55,37.073,257,71.835
-160.07,36.469,241,68.742
-160.87,36.771,226,61.241
-160.91,35.741,197,52.987
-160.51,36.176,176,49.34
-160.14,36.519,173,48.422
-160.02,36.385,171,46.892
-159.89,36.422,170,46.892
-160.32,36.382,178,48.579
-159.75,36.636,183,48.281
-159.43,37.013,219,53.194
-158.85,37.087,263,57.776
-157.69,37.016,302,61.812
-156.48,36.715,327,66.964
-155.88,36.327,319,69.122
-155.66,34.763,319,75.689
-155.76,33.217,309,74.54
-156.13,31.732,287,68.188
-155.45,31.014,285,66.41
-156.37,31.39,264,66.41
-157.95,30.025,246,59.909
-158.46,31.554,230,57.213
-158.32,32.991,203,49.927
-158.28,33.04,180,45.949
-158.79,33.884,174,44.568
-158.82,36.094,184,48.505
-159.64,36.646,223,53.839
-158.33,34.275,244,57.536
-154.93,35.092,278,69.685
-150.96,38.459,295,68.427
-147.88,41.822,291,66.624
-145.85,44.313,299,73.613
-144.4,48.581,295,68.436
-142.37,52.934,288,67.981
-139.84,56.506,282,68.345
-136.33,59.982,284,68.825
-132.53,63.167,288,70.404
-130.15,67.901,284,69.966
-127.23,72.691,279,66.137
-125.74,77.15,257,62.3
-124.82,79.612,233,57.825
-124.34,81.622,177,49.745
-125.06,87.197,316,71.975
-127.5,91.802,323,75.573
-129.87,93.907,323,79.518
-131.78,98.223,323,83.149
-136.14,98.97,315,82.313
-140.93,99.684,306,80.486
-139.61,100.65,333,84.894
-136.95,101.47,333,90.17
-131.9,104.47,323,82.735
-126.92,108.06,326,79.758
-123.99,112.77,330,75.276
-122.68,118.39,340,79.436
-122.56,123.97,344,79.833
-122.58,129.37,336,80.916
-123.27,134.02,328,81.081
-123.04,139.01,333,82.768
-123.22,144.19,318,75.292
-123.78,148.63,314,69.089
-123.89,152.69,316,76.235
-124.38,156.56,303,73.415
-124.82,159.01,294,66.741
-123.49,161.9,255,56.998
-122.59,163.91,262,60.232
-122.27,166.42,280,64.723
-121,170.68,279,68.089
-120.12,175.82,268,63.598
-121.75,180.67,261,63.391
-125.26,183.9,273,67.41
-128.81,187.52,270,67.816
-131.6,192.17,260,69.412
-135.39,195.51,254,66.956
-137.3,197.99,255,66.592
-141.82,201.2,248,71.67
-145.57,202.83,242,71.885
-149.23,205.53,252,74.755
-150.6,208.02,234,66.865
-152.7,211.73,233,67.932
-157.12,210.9,250,73.076
-161.38,213.66,222,62.928
-165.36,215.92,213,65.095
-163.97,218.44,212,64.375
-162.4,219.88,222,72.083
-162.91,224.08,224,72.736
-162.88,228.54,216,66.583
-163.96,226.05,227,72.736
-165.79,220.7,237,76.301
-167.59,216.44,237,76.309
-168.81,212.55,246,77.111
-171.94,207.71,255,78.682
-174.62,203.05,254,77.996
-176.06,199.74,246,66.277
-175.93,196.06,244,64.061
-174.08,193.09,241,61.249
-171.98,192.32,238,64.549
-169.75,191.19,246,66.617
-166.89,192.08,250,76.822
-161.43,191.38,235,53.798
-158.48,190.55,172,48.306
-155.04,189,157,49.919
-151.82,185.5,155,50.126
-148.02,182.02,155,49.762
-144.81,178.38,172,57.23
-143.5,174.73,193,71.099
-142.76,172.21,169,71
-141.43,170.28,130,60.488
-141.19,169.86,115,57.941
-142.31,170.36,130,59.421
-144.69,172.44,174,55.915
-146.71,173.63,195,56.353
-146.5,175.82,180,49.456
-145.66,174.83,150,50.399
-145.11,173.38,147,43.832
-146.04,173.49,142,42.517
-147.06,172.55,140,42.955
-148.15,172.04,140,42.997
-149.57,170.57,137,44.014
-149.54,170.13,123,38.572
-148.42,167.16,156,45.528
-148.15,163.64,156,45.42
-146.4,160.12,168,45.957
-142.72,159.83,181,54.046
-140.19,163.46,184,57.188
-140.19,165.03,225,62.498
-136.69,168.43,232,67.262
-136.13,174.9,242,63.871
-139.34,178.62,243,69.478
-139.42,177.31,240,66.013
-133.18,175.41,232,62.606
-128.75,171.7,248,67.344
-130.28,166.22,243,62.969
-129.3,163.52,250,63.507
-132.5,166.96,251,68.51
-139.79,168,229,58.892
-145.8,164.38,232,56.312
-146.76,158.36,231,54.41
-144.56,152.82,244,58.644
-141.26,147.95,244,62.482
-137.89,142.54,255,65.74
-133.82,138.38,262,70.371
-129.03,136.69,250,72.29
-127.11,134.61,228,57.412
-125.43,129.78,219,59.934
-121.99,126.31,230,60.67
-123.05,123.8,266,69.048
-120.53,119.96,259,68.097
-123.24,119.62,257,67.055
-128.93,118.23,247,60.943
-133.59,114.54,238,57.42
-135.16,107.95,271,63.234
-134.39,102.31,281,72.654
-134.03,96.995,285,79.518
-131.98,93.323,298,82.263
-129.25,90.666,314,85.513
-127.94,86.628,314,91.27
-129.88,81.519,293,83.512
-128.7,75.66,304,89.872
-127.21,70.981,328,96.141
-124.09,68.873,326,89.144
-120.36,66.245,320,86.994
-116.77,64.401,320,88.673
-112.5,65.537,325,92.502
-111.67,66.745,294,93.577
-109.68,69.087,231,85.621
-106.87,71.12,180,66.434
-105.9,74.028,151,53.516
-104.48,76.169,124,44.518
-100.47,79.924,297,86.713
-96.753,83.778,298,90.476
-93.223,88.643,292,78.914
-88.962,93.33,262,67.501
-85.059,96.878,252,67.286
-83.923,97.472,247,66.418
-86.69,98.084,231,58.793
-87.902,98.749,219,56.775
-88.045,98.391,215,54.302
-87.892,98.339,214,53.541
-88.012,98.202,219,54.459
-88.132,98.149,223,55.402
-87.805,98.162,223,55.038
-87.741,98.208,253,57.205
-87.245,97.336,305,64.524
-86.657,96.396,340,69.321
-87.562,96.388,350,70.082
-89.866,96.694,338,68.833
-91.131,95.756,339,67.592
-90.78,93.973,322,67.617
-89.038,96.176,302,65.161
-88.175,100.09,285,61.886
-87.891,103.7,278,59.256
-87.209,106.75,288,63.763
-87.197,110.27,291,69.296
-88.305,111.69,271,68.419
-86.068,111.11,251,61.15
-86.224,110.59,216,51.763
-85.571,110.59,197,48.596
-85.784,110.49,197,49.431
-85.895,110.64,198,48.687
-85.758,110.79,202,48.472
-85.825,110.78,206,49.241
-85.192,110.31,229,51.78
-84.871,110.21,268,58.917
-84.42,110.55,313,63.391
-84.654,110.65,341,67.981
-85.929,111.16,317,66.658
-88.343,111.44,292,63.176
-89.897,113.13,256,57.478
-90.249,114.75,223,53.475
-87.566,113.03,245,57.759
-83.301,112.44,259,58.636
-79.149,113,262,59.372
-77.022,114.33,242,55.683
-80.154,116.04,202,56.072
-84.746,115.49,238,64.664
-87.696,116.7,241,65.69
-92.84,117.03,206,61.174
-98.039,117.6,170,55.931
-101.7,119.15,127,58.379
-105.81,119.32,114,61.356
-111.87,120.44,297,79.402
-118.76,120.74,285,77.756
-123.7,120.95,273,72.306
-119.52,122.82,256,64.218
-115.13,125.95,234,57.85
-111.14,129.26,232,56.502
-108.53,133.4,240,55.543
-108.07,138.19,243,56.378
-110.75,141.4,245,58.239
-113.58,142.22,266,69.155
-118.78,140.42,279,75.011
-123.6,137.45,287,81.106
-124.22,135.35,278,80.072
-125.94,136.32,268,67.336
-128.49,137.93,266,72.637
-131.16,140.42,276,82.875
-133.09,140.31,305,93.47
-135.67,140.92,302,96.282
-140.31,142.33,295,96.083
-145.43,145.48,269,86.407
-146.55,144.79,263,68.055
-145.28,147.85,263,69.668
-143.82,152.98,274,70.901
-139.55,157.6,254,69.718
-136.17,163.15,259,63.664
-131.78,167.51,252,66.964
-127.15,171.59,243,64.979
-123.61,177.2,237,60.513
-120.73,178.14,252,62.076
-116.66,181.77,242,58.776
-112.19,184.1,256,64.731
-110.68,185.53,254,64.135
-112.97,188.3,251,67.691
-113.4,193.41,218,58.057
-110.57,195.64,228,56.146
-107.97,199.42,241,69.643
-104.31,203.93,234,70.197
-102.18,208.99,257,77.351
-100.41,213.51,263,75.416
-96.163,218.11,263,79.808
-92.249,222.38,239,71.049
-89.902,227.35,211,62.903
-89.499,232.23,196,62.258
-89.579,236.57,197,63.093
-89.331,240.15,186,67.584
-88.629,244.92,158,65.533
-88.316,249.69,152,62.415
-88.343,254.09,134,58.586
-88.709,255.76,130,54.947
-83.767,259.08,254,83.157
-80.574,263.01,254,79.46
-80.851,263.03,258,79.576
-76.89,265.37,255,84.935
-71.443,268.03,241,73.696
-68.851,269.96,255,88.897
-64.957,273.55,248,77.368
-60.194,276.65,244,68.262
-56.255,280.19,252,69.519
-52.962,284.7,245,70.975
-49.79,287.7,238,69.288
-46.053,289.69,235,64.962
-42.458,293.18,238,68.518
-39.036,294.68,236,69.552
-34.982,296.06,233,69.833
-32.361,299.88,223,66.947
-29.929,304.78,228,63.763
-26.779,308.97,221,63.953
-25.522,313.35,210,70.586
-25.388,318.7,204,68.924
-28.137,322.6,201,72.389
-25.593,325.33,202,77.847
-25.366,331.25,186,70.561
-24.622,334.75,179,57.875
-24.704,337.34,165,55.559
-25.033,335.96,141,52.822
-23.65,334.01,117,48.678
-23.182,333.3,162,51.184
-22.417,333.3,156,50.663
-22.18,333.34,155,48.331
-22.07,333.19,149,47.471
-22.172,333.22,153,47.198
-21.76,332.97,159,47.479
-21.972,332.72,166,47.661
-21.711,332.07,202,51.49
-21.48,331.97,253,57.668
-21.856,331.89,317,64.797
-22.77,332.33,360,71.802
-22.391,332.37,357,77.839
-20.563,332.52,326,72.736
-18.051,333.36,317,73.952
-15.689,333.28,308,69.668
-13.804,330.54,309,69.213
-12.36,328.07,295,69.139
-10.483,325.93,294,71.603
-8.1142,325.04,299,79.485
-5.6213,327.56,300,77.889
-0.6963,329.11,286,71.678
3.0267,328.58,314,74.167
6.4848,325.82,324,74.076
10.913,325.33,318,74.341
14.247,321.34,318,75.73
18.117,319.07,327,79.493
20.589,320.67,318,76.929
18.548,323.64,317,74.812
20.516,325.42,321,87.83
24.148,324.79,322,86.779
26.371,327.09,312,87.474
28.049,329.52,314,90.443
30.33,329.56,317,97.506
33.139,327.45,294,93.222
36.242,325.09,277,82.918
33.38,327.64,265,78.501
33.79,326.71,233,66.013
34.329,325.5,207,56.469
34.764,324.8,199,52.003
34.836,324.72,192,50.572
34.748,324.71,190,50.192
34.738,324.78,198,50.192
34.124,324.76,208,52.152
33.621,324.48,223,54.393
33.189,324.49,252,58.892
32.434,324.55,287,63.548
32.76,324.55,336,71.446
33.893,324.89,354,76.582
35.558,326.02,347,83.438
37.323,328.38,332,84.72
40.679,328.75,312,78.931
42.155,328.97,295,70.165
42.198,327.61,270,61.613
45.812,328.58,279,66.393
47.186,330.37,314,81.975
51.879,330.21,290,76.053
53.444,326.67,280,69.279
50.866,322.93,258,65.905
49.149,318.57,271,69.412
49.144,316.5,285,73.472
44.143,315.99,299,78.037
39.005,314.19,309,77.078
34.514,311.4,302,77.161
30.413,307.89,306,80.163
28.772,303.02,307,82.652
28.986,300.49,322,85.746
27.665,295.15,339,91.601
28.234,291.62,348,97.316
29.867,290.47,327,93.536
32.703,291.96,306,96.364
36.344,294.21,294,86.944
40.49,298,291,82.578
42.973,300.98,304,78.401
48.304,303.92,310,81.569
53.608,304.79,323,80.097
58.051,307.39,336,75.284
62.756,307.76,324,74.051
67.815,308.36,321,77.144
71.782,309.09,308,70.404
75.382,309.33,295,64.772
77.041,307.16,279,69.222
74.229,304.1,263,66.236
72.68,304.72,249,63.722
73.131,304.99,232,58.156
74.118,304.47,226,56.568
74.388,304.52,223,55.501
74.459,304.45,226,53.541
74.138,304.23,230,54.095
74.216,304.34,235,56.345
74.147,304.55,259,58.983
74.05,305.23,299,64.317
74.451,305.06,340,70.892
74.573,303.63,362,76.888
74.734,301.99,371,81.461
74.642,301.74,364,78.947
72.958,301.21,339,74.358
73.188,298.53,324,69.792
74.524,299.35,315,72.844
77.124,302.62,287,67.435
80.362,305.85,283,64.061
76.543,305.84,292,71.752
75.078,300.53,291,69.106
78.49,298.93,287,60.761
79.256,303.48,275,66.137
74.632,302.66,285,67.311
72.486,297.58,286,66.55
75.316,295.19,274,64.425
78.923,299.88,279,69.296
83.772,303.88,273,64.607
88.919,306.13,260,59.537
92.661,308.86,260,58.644
92.569,313.51,255,61.249
93.207,317.27,251,64.822
95.209,322.89,234,61.431
97.729,325.81,252,64.913
96.676,327.84,290,81.288
94.811,332.47,283,74.506
95.912,339.43,266,68.047
96.41,344.89,254,75.846
96.625,350.5,250,71.19
96.669,350.34,270,90.584
99.729,351.57,278,90.848
102.77,353.09,264,83.753
105.06,351.02,260,77.029
107.63,346.1,273,78.501
112.46,344.04,275,74.01
116.78,343.75,264,72.976
119.81,342.37,247,76.218
123.7,342.28,239,69.544
128.19,341.45,261,73.994
133.4,342.5,250,65.467
137.47,346.3,250,66.253
137,349.77,215,72.174
137.29,350.68,191,70.313
140.42,351.7,162,50.266
143.62,350.07,110,54.856
149.43,346.65,263,80.742
154.59,342.54,260,74.605
159.74,343.59,260,71.702
157.55,347.3,260,69.47
153.28,345.16,235,66.484
154.72,344.57,215,58.082
154.69,344.58,195,53.31
155,343.35,174,48.232
155.17,343.21,175,47.355
155.21,343.44,185,48.579
155.17,343.37,186,48.662
154.9,343.61,198,50.192
154.78,344.43,206,51.325
153.7,345.16,233,55.336
153.08,345.41,276,63.036
153.43,345.48,328,73.746
154.18,344.14,328,75.664
156.15,343.38,317,70.421
159.31,344.28,289,64.805
161.13,346.29,277,67.361
160.17,345.19,254,62.291
162,342.79,243,61.249
165.85,343.77,228,59.678
167.03,343.84,247,66.029
171.53,341.82,241,61.158
172.38,340.57,236,59.926
171.27,343.88,234,60.067
170.4,347.19,219,55.799
172.17,346.25,215,52.632
175.03,340.93,215,52.921
178.78,338.16,222,54.691
179.01,342.65,245,64.533
174.79,344.29,257,64.723
173.99,337.82,258,65.393
179.73,335.57,262,67.204
185.87,338.27,257,68.279
191.26,340.65,248,62.862
196.83,341.94,241,63.267
201.46,344.77,237,65.674
199.86,348.4,233,62.862
197.82,342.74,238,64.615
201.33,336.86,265,66.41
208.17,336.84,264,70.917
210.06,342.8,257,62.556
207.5,342.4,276,75.036
208.16,335.35,274,71.438
213.4,333.75,252,61.911
214.21,340.02,265,69.387
210.5,340.83,285,75.541
211.54,334.52,263,63.854
217.55,332.68,262,65.814
223.08,338.26,278,66.617
222.32,341.07,271,58.247
217.78,338.4,255,60.968
213.51,337.31,236,57.892
213.12,338.56,216,52.896
218.93,342.88,205,51.689
225.08,343.08,212,50.655
230.42,342.36,213,52.202
235.43,344.47,233,60.67
230.64,341.75,241,64.061
229.32,335.28,245,61.514
236.11,335.77,245,58.735
238.69,340.92,236,58.644
242.98,343.63,239,67.427
250.85,343.92,244,67.7
258.24,345.26,235,66.691
265.23,345.69,226,64.177
268.62,342.32,221,61.059
264.21,339.78,233,69.338
262.26,345.04,227,60.894
264,350.32,208,54.674
267.71,346.32,215,54.418
268.13,339.25,231,65.583
270.75,341.78,224,55.989
264.75,345.2,245,61.084
263.43,342.02,238,65.533
265.74,337.08,230,56.634
269.96,339.68,225,52.987
263.56,340.52,236,59.215
259.68,338.57,249,66.046
263.21,339.13,241,68.626
265.63,343.89,234,61.539
261.45,346.95,223,57.131
262.3,340.43,233,56.651
268.51,338.53,241,68.196
269.51,343.74,228,65.186
269.14,348.27,216,61.778
274.94,349.51,205,59.901
279.97,344.67,208,59.727
279.98,344.97,215,67.816
277.49,346.36,205,63.118
278.72,351.21,200,53.79
284.32,356.37,264,61.15
285.29,359.73,266,73.795
285.93,362.69,252,67.774
289.04,367.4,242,68.907
293.99,364.68,224,71.207
295.75,357.75,242,67.989
299.73,353.66,244,65.012
301.52,354.95,218,60.505
295.59,351.77,222,58.735
289.7,348.63,241,60.232
289.89,345.11,252,63.143
295.44,347.34,255,65.674
289.33,350.65,259,64.359
283.18,348.47,258,58.801
284.37,346.48,278,75.507
290.03,350.16,251,64.541
294.25,355.08,237,56.974
290.25,354.28,254,66.674
288.07,350.57,270,71.074
288.41,355.43,266,71.173
284.82,360.03,252,66.319
285.75,358.04,248,63.788
290.19,363.12,232,67.56
296.21,360.59,218,59.463
300.71,355.62,224,66.848
301.94,354.07,236,65.566
302.09,348.63,229,60.116
297.01,352.27,223,61.621
294.73,359.05,212,60.761
294.73,359.05,212,60.761
