0,-0,164,64.194
-1.4337,-3.5049,245,62.598
-1.9178,-5.1214,403,76.235
-5.5174,-3.6978,406,70.71
-6.0279,-3.3975,476,80.618
-5.3247,-1.2479,570,92.138
-3.5178,1.2408,631,95.363
-1.9162,3.9236,634,103
-1.5213,5.9288,613,98.126
-0.80238,3.3982,665,101.44
1.9205,1.9693,690,102.56
3.5813,1.4799,671,98.407
2.0489,1.7243,629,95.372
0.53032,-0.56992,603,91.229
-0.79043,1.2901,596,87.953
-4.6235,3.8553,610,88.383
0.12343,2.6576,642,91.022
2.2425,1.7423,621,87.383
1.7698,2.0898,646,88.789
2.2502,2.0609,663,90.112
2.5139,1.6702,676,91.047
2.509,1.6224,698,93.297
2.8173,1.4124,734,95.53
2.1386,0.6749,779,99.929
1.1248,0.38283,892,108.07
0.61523,1.1316,833,104.62
-0.046204,3.4518,814,103.46
-2.0571,6.9755,753,100.31
-4.404,9.1592,714,96.274
-4.5082,8.6793,707,99.185
-0.42947,6.1224,761,104.34
2.3296,3.6125,783,104.62
0.8134,3.1288,787,103.96
2.3005,0.8728,746,101.45
5.6353,3.6361,722,101.25
3.0967,4.5634,682,98.175
-3.5492,3.0097,778,110.84
-4.4305,-0.10113,850,112
-2.6417,3.5614,744,103.9
-2.2215,9.4863,733,103.21
-7.0477,10.849,807,121.22
-6.6569,7.6661,882,119.68
-3.1088,8.8808,952,141.5
0.2807,10.007,967,139.44
-2.4002,9.286,932,141.75
-4.8247,4.713,893,136.69
-3.8278,7.2375,937,151.15
-3.9812,12.962,974,164.9
-12.434,16.471,957,160.56
-18.221,20.509,899,157.94
-20.189,28.389,888,155.79
-22.668,36.122,911,149.99
-25.648,42.788,864,116.63
-29.667,45.1,863,114.13
-26.367,47.458,779,121.82
-24.236,46.828,740,129.23
-23.099,46.129,675,130.24
-23.05,47.207,645,120.67
-24.396,47.204,664,113.08
-24.447,47.14,685,114.51
-25.092,46.99,697,105.77
-25.874,47.088,759,107.2
-27.474,47.641,807,107.7
-29.132,47.015,919,129.64
-31.898,46.906,900,131.21
-33.339,49.065,852,111.23
-34.792,52.173,790,104.61
-31.174,53.028,733,99.946
-26.296,52.918,725,102.24
-21.563,53.473,764,105.16
-15.621,52.257,828,113.13
-11.719,51.207,853,142.63
-13.32,55.661,948,158.89
-17.574,52.671,950,167.7
-20.879,56.328,908,184.47
-25.693,63.273,991,199.39
-34.896,68.21,946,202.83
-46.103,72.043,924,184.24
-56.497,74.504,903,169.78
-62.891,77.487,839,157.47
-64.24,83.162,840,163.94
-62.829,93.285,823,150.67
-57.764,100.1,772,141.44
-50.932,103.42,755,124.55
-43.583,100.53,760,115.32
-34.717,101.32,772,123.41
-31.04,108.94,811,130.74
-32.073,118.32,828,146.14
-30.254,127.69,812,138.97
-28.383,134.29,743,124.86
-18.625,132.03,784,120.82
-9.3383,131.24,793,135.71
-4.3632,128.4,795,147.65
-5.8749,120.97,852,159.93
-11.43,110.67,852,155.05
-7.6743,101.38,819,147.76
-0.99638,96.593,801,137.96
6.5687,93.928,769,132.5
11.376,93.411,782,139.25
16.535,94.446,833,155.28
18.422,96.958,879,158.35
16.179,101.01,900,166.99
19.781,104.25,875,164.03
27.176,106.98,833,149.17
35.042,106.81,739,133.27
38.563,109.28,702,121.14
39.509,110.87,757,129.8
41.467,113.67,741,103.91
49.396,114.75,746,101.96
58.065,117.3,674,98.316
61.553,122.89,756,108.14
64.936,127.93,783,131.82
65.852,135.23,790,154.89
66.291,142.99,862,162.39
67.334,150.86,849,161.78
64.68,159.04,817,163.87
63.256,166.39,823,172.25
60.805,173.98,826,175.7
57.689,180.73,828,166.99
56.798,188.3,802,174.95
51.313,195.88,781,159.38
49.058,198.98,756,153.66
43.679,203.55,728,146.85
46.45,206.4,752,130.26
51.302,207.83,675,105.16
60.034,204.74,644,102.4
64.397,208.01,623,102.59
68.265,210.67,607,103.69
68.797,206.96,550,90.782
71.257,208.77,461,81.412
72.407,209.27,412,76.806
73.352,208.09,382,73.613
72.881,208.01,372,69.966
73.596,207.9,381,72.215
72.675,208.05,409,72.571
72.198,207.84,417,73.423
71.975,207.71,463,77.26
71.768,208.06,500,81.263
71.618,207.4,552,85.216
72.517,206.52,561,88.136
69.879,206.07,571,92.403
69.976,204.17,554,91.171
72.558,207.85,481,79.609
71.296,211.09,418,71.504
70.992,210.57,424,75.218
70.824,210.66,459,77.74
70.543,212.14,425,74.854
70.222,211.71,420,73.423
66.079,210.48,437,74.159
66.517,207.54,422,75.772
69.439,209.37,411,71.62
70.552,209.78,472,77.062
70.192,207.37,551,83.008
74.616,208.15,621,92.751
77.531,211.4,587,101.33
74.774,212.27,801,132.8
78.172,211.15,859,150.15
77.8,217.8,849,156.58
71.989,220.62,834,149.37
62.684,225,805,130.73
58.385,233.31,806,143.07
58.017,243.03,750,138.31
60.499,248.29,747,121.82
60.047,251.67,785,105.25
62.58,250.92,846,132.19
62.693,255.1,866,152.87
55.999,256.61,815,152.2
53.491,262.18,808,152.81
57.969,270.74,822,140.71
65.773,279.03,803,127.75
71.729,285.08,839,117.41
74.715,294.5,769,134.58
76.211,298.35,822,139.97
82.245,300.5,756,139.68
90.855,301.39,702,124.77
94.469,298.3,685,131.29
99.477,293.55,739,142.59
93.64,288.67,744,152.56
87.668,288.71,725,158.73
84.708,296.13,791,159.41
80.187,302.13,741,131.39
78.263,301.37,694,136.65
79.315,300.68,809,132.82
79.483,299.16,764,138.7
74.28,294.91,808,159.48
75.633,299.54,797,159.38
81.512,306.27,860,181.22
92.954,310.77,865,173.4
98.461,319.38,887,172.18
96.73,323.66,875,196.37
100.43,330.23,891,181.61
106.05,338.72,894,168.25
111.37,342.21,882,185.12
108.25,345.08,907,188.58
101.32,348.73,860,162.77
102.11,346.03,780,131.63
112.91,343.79,890,155.56
121.21,345.8,915,175.36
123.66,350.83,921,207.47
125.54,362.22,936,210.91
132.39,372.42,937,196.5
143.87,373.47,937,187.34
157.57,377.55,889,155.22
159.53,386.26,901,157.6
159.84,387.67,940,163.61
155.01,387.96,791,129.36
154.23,392.64,754,125.15
153.69,395.65,633,110.99
153.75,406.27,621,93.776
151.57,403.79,631,117.21
153.46,398.42,653,134.73
152.74,400.27,715,128.35
155.53,390.99,850,162.33
163.02,378.82,949,187.53
161.52,366.31,919,184.55
158.83,356.05,888,166.03
158.22,349.99,835,140.83
160.39,350.44,869,156.36
168.81,351.09,915,175.36
176.68,357.88,937,191.04
182.67,360.14,854,161.79
188.22,367.97,861,156.81
193.43,370.78,862,148.51
194.03,364.96,906,170.79
199.25,360.23,900,175.38
204.47,363.01,896,161.73
210.88,364.37,906,158.8
218.07,359.65,894,142.78
218.89,370.32,935,153.78
216.28,377.55,876,142.34
227.08,379.05,878,148.25
236.87,379.49,859,137.55
239.17,381.29,769,113.09
240.32,377.82,851,142.77
246.23,375.86,846,139.69
243.25,368.54,881,164.15
248.47,370.55,898,142.12
240.34,370.89,900,145.6
243.53,363.27,887,140.94
236.92,371.68,863,142.43
235.03,362.49,851,142.31
227.61,373,879,143.84
223.79,370.34,897,162.57
216.76,374.29,842,139.44
223.15,376.18,916,153.25
230.34,387.82,860,134.75
240.49,394.49,793,117.75
251.59,395.96,707,102.29
254.19,402.24,645,91.816
258.45,408.08,574,97.092
261.2,410.17,651,100.57
262.84,406.43,748,129.87
256.29,413.78,701,120.33
261.39,423.67,741,118.25
258.34,428.5,677,105.55
256.75,435.22,675,108.16
257.01,437.35,643,113.14
257.67,438.77,619,115.64
258.48,436.94,619,117.56
258.03,436.73,651,118.29
257.73,435.84,688,117.7
256.86,435.11,759,118.95
256.04,434.49,829,129.36
254.83,434.39,879,134.02
254.16,435.01,879,136.16
255.59,435.43,867,132.14
255.85,436.07,826,116.19
252.82,440.15,782,109.67
253.88,445.5,780,109.33
257.54,444.85,818,137.33
260.17,443.08,753,128.99
261.36,433.09,804,131.73
266.27,426.17,824,130.4
267.65,433.02,832,123.21
266.93,435.57,851,142.18
271.77,441.04,891,122.57
276.15,446.4,813,116.44
278.62,450.52,859,130.22
280.94,456.78,876,135.22
285.2,465.04,825,132.05
290.98,471.13,739,125.16
290.15,478.04,685,121.85
291.61,485.88,735,120.19
293.43,492.06,761,121.7
296.58,498.65,702,108.54
297.6,502.53,673,102.77
301.57,511.18,694,118.6
309.55,515.34,671,109.02
315.28,515.81,662,112.24
325.41,510.37,681,113.86
330.57,517.58,723,125.44
335.15,526.66,732,140.06
342.83,526.75,704,140.91
345.55,528.47,477,112.09
353.6,527.79,533,96.77
365.4,526.11,444,83.049
376.67,527.17,435,85.266
388.29,526.87,378,83.736
388.29,526.87,378,83.736
