0,-0,191,60.902
-1.979,3.8372,163,57.164
2.0924,5.8918,122,48.629
2.0063,9.0476,436,76.061
-0.42152,12.591,469,77.649
1.6336,15.439,474,80.37
6.9358,12.995,418,72.207
5.608,13.591,506,81.271
0.6087,12.698,554,86.887
3.7421,14.802,580,86.093
2.698,11.575,535,83.959
3.9471,3.1642,536,83.785
6.2568,-1.3246,536,82.495
3.4035,-4.5619,533,84.191
3.4523,-5.1544,521,82.024
-3.0642,-1.9629,551,84.447
0.093887,3.6238,533,82.148
1.6915,11.024,536,81.768
6.2536,17.342,512,79.998
9.9441,16.511,514,80.742
11.544,9.6237,505,80.246
9.9164,7.6032,499,80.072
9.5022,7.3284,554,85.812
9.4477,6.62,579,86.548
10.781,6.9645,546,86.912
9.7446,7.1975,625,91.84
9.6541,7.3979,624,94.223
10.228,7.4824,678,97.605
10.098,6.8929,720,101.55
10.65,7.2303,603,94.273
9.101,7.3841,735,102.28
8.7622,7.5488,696,98.597
11.395,8.3609,695,98.821
13.879,11.128,675,95.265
16.183,13.543,639,94.487
14.168,8.8555,678,98.779
8.8355,4.5071,641,93.189
2.5415,4.0385,654,91.03
-2.7979,4.3027,627,88.193
1.8175,8.9983,616,88.218
8.1259,13.026,616,89.343
15.772,15.4,614,88.028
20.46,13.209,617,88.136
19.77,11.895,595,90.525
19.62,12.38,596,89.707
20.113,12.383,593,91.105
20.439,12.284,583,90.683
20.764,12.143,557,85.836
20.518,12.229,627,92.064
19.956,12.566,625,93.115
19.613,12.724,677,95.157
18.862,12.73,694,98.176
19.321,11.007,695,98.258
19.607,9.4218,682,101.36
17.597,7.193,684,96.687
12.905,8.4311,640,93.197
6.5538,9.5248,651,93.164
2.9452,7.1276,662,97.142
4.0708,6.0278,632,90.219
12.291,10.801,654,93.784
19.334,13.758,668,95.62
25.375,13.998,632,93.999
26.96,14.003,610,97.638
19.022,8.7539,617,105.72
8.325,8.0936,611,93.933
-1.4258,6.5732,589,89.202
4.2919,7.2231,592,89.616
15.262,14.729,621,92.924
24.666,16.435,606,92.882
33.177,14.688,597,97.481
32.813,14.222,599,101.66
19.069,10.871,610,98.812
6.2845,6.5653,608,93.238
-4.3853,4.9465,570,87.747
3.0251,12.906,558,85.274
14.557,16.941,564,86.3
27.67,15.867,563,85.762
39.303,17.765,556,91.46
47.769,19.172,519,88.971
42.391,17.206,552,95.496
26.539,16.817,538,91.112
11.754,13.175,611,95.545
-1.8622,11.264,589,87.317
-0.66147,16.122,566,86.812
11.099,19.871,539,85.133
25.895,14.295,605,90.302
34.743,18.326,588,89.847
23.484,12.643,589,94.263
7.7735,11.033,597,91.352
-3.3165,6.5466,549,84.108
-3.6763,14.345,481,82.057
7.5829,21.096,547,84.29
22.581,21.73,544,82.371
36.13,18.624,520,80.229
46.726,19.494,527,84.546
37.328,16.607,549,85.282
24.61,12.13,589,93.875
7.1273,10.181,600,94.719
-5.6207,9.3462,571,89.616
1.6895,16.152,579,87.491
19.408,19.904,635,91.609
29.028,22.598,595,86.573
29.874,21.06,607,92.13
18.853,9.3578,619,99.044
0.22236,7.7743,598,94.131
-8.0687,10.124,553,83.248
8.145,14.387,575,83.438
22.581,17.692,600,88.219
32.41,18.877,617,97.845
39.446,17.2,588,92.155
36.968,19.484,593,93.809
19.721,16.298,626,96.116
3.1143,7.5169,626,97.572
-9.9787,0.68611,546,86.39
-3.3458,10.376,547,83.231
13.878,16.865,589,85.762
29.002,14.85,609,94.239
40.118,19.986,580,96.951
46.156,18.162,578,92.229
30.096,15.223,580,93.139
11.345,12.613,603,93.147
-6.5101,0.24495,605,94.065
-3.1034,-5.5354,559,85.241
14.341,4.925,632,91.725
16.106,21.382,614,92.064
29.587,14.885,605,94.371
44.853,21.921,575,90.922
51.318,23.587,570,89.599
36.98,16.335,567,88.384
18.184,9.364,585,89.103
-1.1971,-2.7313,611,93.47
5.3499,-12.407,603,90.823
14.082,0.91666,631,94.612
23.841,10.015,631,92.32
35.521,17.336,645,95.43
34.542,17.925,595,91.816
46.54,23.438,587,93.032
60.011,24.702,591,90.749
64.818,24.818,583,88.516
73.246,25.025,576,85.72
80.082,29.164,573,85.506
63.289,33.166,565,83.446
64.818,42.097,564,82.908
67.031,47.275,506,80.643
73.354,50.923,418,73.497
71.226,54.219,334,68.717
74.202,55.092,357,73.026
82.811,53.212,340,72.778
84.388,49.384,343,73.704
81.301,50.801,343,70.33
77.939,50.039,285,63.093
74.368,47.172,295,69.048
73.51,47.521,315,69.387
73.572,48.302,316,67.195
72.768,49.313,339,70.33
72.449,48.634,316,68.262
71.362,50.059,319,68.279
70.28,57.634,248,57.403
70.79,56.369,208,54.285
77.274,53.763,253,64.896
77.135,55.674,264,64.681
76.541,60.523,316,70.446
81.185,56.444,284,65.814
82.294,54.07,283,64.218
84.181,53.119,279,65.682
85.247,54.378,292,64.681
86.444,55.377,326,68.37
87.093,56.181,322,67.683
88.541,54.637,316,69.048
89.356,54.44,306,67.725
89.68,54.485,316,69.222
91.667,53.758,299,66.716
90.82,54.532,311,71.86
85.874,54.657,277,68.601
84.645,55.513,285,70.652
89.428,58.28,288,68.155
93.361,59.95,283,67.468
92.25,59.575,293,67.336
92.392,60.564,306,68.072
93.019,63.479,300,66.856
94.996,64.416,300,67.518
96.329,66.119,300,69.296
97.202,64.237,309,69.461
95.502,63.777,304,69.081
95.976,64.611,314,68.436
98.215,66.143,312,69.197
100.97,70.09,333,71.099
100.9,73.542,324,71.091
99.714,72.95,330,68.353
100.24,72.111,329,69.205
101.64,73.649,335,68.99
103.54,72.87,335,69.594
103.76,73.112,341,71.281
105.71,73.629,330,70.239
108.53,72.81,326,69.867
110.03,73.081,343,72.778
108.72,72.055,316,68.742
106.51,71.026,316,67.956
106.28,70.373,289,65.632
104.17,70.31,298,68.353
103.47,69.612,280,68.37
104.38,66.526,278,69.015
103.8,65.251,270,68.08
106.63,63.572,281,67.799
107.22,64.381,293,67.799
107.7,65.019,315,69.867
109.73,64.433,307,69.85
110.59,63.847,317,71.512
109.23,63.797,320,71.223
106.56,64.267,315,68.874
106.64,66.115,319,71.239
106.34,66.427,333,71.719
108.3,67.515,320,71.926
109.75,66.829,315,70.545
112.93,65.546,323,73.084
117.05,65.002,311,69.933
118.29,63.822,323,71.165
119.44,64.328,319,71.537
121.08,64.177,331,71.438
121.04,64.732,344,73.886
121.73,63.62,343,73.77
122.46,61.421,336,72.645
123.33,59.419,335,70.586
121.87,58.539,345,72.034
119.8,56.5,314,71.96
119.28,56.947,321,74.573
121.38,58.856,287,70.537
120.83,58.987,263,67.973
118,61.589,288,69.892
119.77,62.129,296,65.07
120.37,61.103,271,65.93
120.17,60.403,295,68.502
117.16,59.737,313,70.793
101.55,56.258,261,64.64
94.604,59.925,232,58.065
85.196,60.636,302,62.308
82.119,59.042,425,72.968
90.664,64.045,419,70.396
92.34,65.109,397,68.535
91.953,61.353,399,69.288
99.425,60.816,398,69.288
98.625,55.919,390,69.131
103.97,54.298,338,65.955
103.76,60.63,342,64.276
103.8,56.47,338,63.846
107.27,55.079,326,62.556
103.42,60.515,286,57.784
102.34,59.45,257,55.832
102.46,53.078,309,61.522
102.1,56.686,424,70.719
104.62,63.923,469,76.789
110.69,69.226,471,76.706
111.05,73.97,348,65.376
111.85,83.515,329,66.683
112.7,83.852,303,66.013
111.9,86.094,308,68.436
116.08,86.325,319,70.057
118.53,85.454,288,68.37
121.15,84.774,304,68.097
122.76,82.712,315,68.825
124.38,81.675,312,67.7
126.3,80.664,319,68.833
128.91,81.061,317,68.651
130.7,82.619,335,69.85
130.98,85.271,313,70.355
126.54,86.085,273,67.435
127.9,93.599,252,62.349
129.87,97.609,300,68.188
130.97,90.501,295,67.163
131.57,89.149,293,66.873
133.8,85.768,299,65.69
133.12,82.04,311,68.279
132.37,83.201,312,65.897
135.75,86.102,317,72.704
141.98,87.557,322,70.04
149.11,88.882,335,70.71
152.25,92.141,332,70.421
151.26,92.243,321,68.196
151.87,93.18,339,69.776
154.03,96.15,331,70.33
155.72,97.945,340,71.281
154.97,99.281,336,70.611
148.32,96.245,328,69.395
139.53,91.418,324,68.858
138.74,91.036,325,71.116
139.12,91.771,332,70.131
139.22,90.912,328,70.52
139.21,88.653,326,69.552
139.13,87.934,333,69.817
137.14,86.373,322,70.636
129.06,91.2,291,64.979
135.04,94.207,337,70.057
135.2,94.334,327,68.651
135.58,90.685,325,68.957
134.51,88.795,343,70.305
132.56,93.993,284,64.491
139.56,94.366,246,55.807
141.8,92.325,240,65.186
141.09,89.322,314,68.626
139.28,90.79,330,69.106
134.93,93.095,325,69.296
133.24,93.223,329,69.23
133.19,90.93,331,68.626
129.35,88.709,322,67.617
115.72,83.86,301,62.539
118.63,77.479,300,62.002
114.65,73.07,381,69.271
106.93,70.697,464,77.616
104.68,67.621,517,84.58
113.61,63.903,539,81.834
118.96,61.668,540,85.903
127.09,65.447,526,84.563
136.38,64.778,541,83.422
145.09,62.554,518,82.785
147.61,63.474,475,81.428
154.16,62.545,496,80.18
162.37,62.547,551,83.918
171.36,66.427,545,87.846
181.25,66.679,542,86.821
182.58,68.738,584,91.047
194.08,69.415,570,86.25
201.67,69.032,537,83.811
211.8,66.821,569,86.614
222,67.239,533,84.273
226.4,66.187,597,88.02
224.84,62.296,523,84.654
221.88,63.864,506,78.294
221.43,63.141,519,79.187
222.29,68.228,535,81.478
226.88,69.37,602,90.386
238.29,69.941,606,86.349
245.66,71.758,562,85.448
255.55,71.752,544,82.594
261.42,73.839,526,80.188
270.46,75.96,553,82.793
278.7,78.189,594,86.341
286.11,83.32,589,86.457
292,81.618,604,86.713
294.95,82.263,598,87.937
294.31,86.729,519,80.279
293.31,89.882,403,70.909
296.92,95.56,332,63.399
299.47,90.953,349,65.368
306.64,91.296,440,75.516
316.46,94.104,449,74.465
322.39,96.227,477,75.292
322.84,93.235,508,78.203
320.27,96.933,445,76.053
325.6,91.883,390,68.006
331.85,93.317,472,75.201
340.12,93.267,496,77.252
349.19,91.451,517,79.981
354.26,91.053,606,87.449
354.74,92.032,646,96.878
365.65,94.685,631,90.559
373.84,95.858,650,92.627
383.75,95.957,643,90.848
394.01,96.362,627,87.284
403.57,99.943,625,87.259
413.22,100.62,602,84.836
422.61,101.87,599,86.159
428.46,100.85,605,88.442
436.92,99.851,632,89.434
444.42,99.662,649,92.635
453.26,97.41,667,94.554
454.85,99.559,668,93.47
442.36,99.796,672,92.27
433.52,102.37,596,88.988
426.68,107.57,466,74.407
427.61,105.31,445,76.036
437.96,100.24,534,83.165
452.36,100.96,662,91.237
462.22,99.618,647,89.996
461.04,96.55,648,90.542
469.13,94.561,645,90.84
474.83,95.207,626,89.02
481.64,93.145,619,88.326
491.13,95.031,594,86.821
499.2,95.59,617,86.605
508.98,96.141,624,90.005
516.77,97.757,657,89.591
522.17,98.713,675,93.925
531.67,99.23,682,92.13
540.14,100.15,660,94.189
544.61,103.05,472,80.005
547.89,99.313,305,64.358
555.98,99.19,635,90.84
562.19,97.888,598,86.415
572.13,99.91,598,85.514
581.82,100,583,84.935
588.07,102.78,618,86.738
591.7,103.25,592,86.432
591.89,112.14,563,83.802
599.2,109.92,563,84.282
606.77,112.21,566,84.753
612.74,112.17,566,83.058
620.87,113.4,578,85.696
626.72,115.62,612,87.598
632.75,117.79,598,86.051
638.23,121.65,604,89.385
642.05,122.01,587,86.068
651.52,122.36,580,83.802
659.46,122.7,594,88.624
665.78,124.7,651,91.005
672.81,120.78,645,90.468
676.69,119.4,714,94.975
680.7,121.18,711,93.809
682.23,122.35,701,92.014
677.07,123.32,714,93.891
672.93,129.4,676,93.015
671.5,122.76,775,102.6
683.61,120.13,751,100.39
683.38,122.62,746,97.481
678.33,112.49,766,101.41
671.99,116.02,750,100.83
682.33,116.97,752,98.316
690.84,114.18,732,96.191
694.83,112.64,748,97.597
701.97,109.95,725,98.738
709.88,104.78,717,95.339
714.65,98.215,707,94.388
721.1,93.272,719,96.191
727.42,89.839,705,97.324
730.46,84.15,706,99.417
734.86,78.62,645,95.016
742.33,75.006,596,86.523
748.15,72.218,545,83.182
751.52,70.894,539,82.305
757.03,72.602,525,83.157
759.42,71.788,469,78.559
761.13,70.597,446,73.778
758.09,72.075,461,75.218
752.59,73.395,575,84.96
757.8,73.304,526,79.402
766.91,74.878,437,72.497
772.19,72.309,458,76.136
772.19,72.309,458,76.136
