0,-0,449,83.488
2.1649,-0.94295,448,103.43
-0.98721,-2.3203,1163,127.16
3.0136,0.57918,1162,129.22
7.707,-1.9154,1188,131.01
7.139,-3.6376,1175,124.9
8.6099,-4.5629,1154,121.4
12.635,-2.3325,1186,127.59
12.354,-2.1899,1052,120.06
15.184,-4.9272,988,116.39
16.159,-7.7124,977,119.74
9.2623,-6.6846,986,122.85
3.8354,-4.3542,997,123.71
1.6213,-1.2783,1002,118.57
3.3331,2.4546,968,117.92
8.2277,3.5382,968,118.75
10.936,3.5973,967,125.84
11.277,2.2829,1029,126.92
11.618,2.3267,1073,127.5
11.38,2.1057,1126,130.75
11.336,1.8677,1185,134
10.797,1.2349,1224,133.63
10.904,0.85298,1269,136.9
10.568,0.18042,1290,138.01
11.586,0.055114,1327,141.5
11.549,-0.75549,1384,142.04
11.098,-0.35932,1423,147.23
10.635,0.17927,1417,145.37
9.3789,0.16686,1357,136.79
10.02,1.4338,1279,128.06
12.037,2.1002,1210,129.96
11.135,0.36354,1205,137.31
8.8088,-2.6133,1204,133.14
8.3675,-3.6817,1169,135.26
8.7765,0.79291,1181,134.77
8.4143,4.5094,1238,136.47
7.4094,1.603,1245,133.42
10.493,-0.75553,1424,144.09
12.331,1.493,1426,142.97
10.123,6.4163,1485,153.17
9.4567,2.7297,1602,160.04
10.102,0.77398,1563,160.91
10.54,0.90386,1563,158.27
8.2148,2.6272,1576,159.26
2.9034,1.6725,1688,168.86
1.1788,1.4725,1707,172.3
-1.8533,2.3238,1667,173.2
-2.0751,1.5352,1653,184.65
-0.2969,-1.8355,1654,194.18
1.4049,0.51025,1581,182.61
-4.681,3.4753,1681,185.99
-9.0483,4.8047,1726,189.49
-12.585,-0.11248,1661,196.9
-14.319,-1.7228,1699,207.85
-18.829,-2.2196,1628,199.7
-21.083,1.9295,1528,187.77
-24.132,0.84279,1439,178.78
-26.978,0.41834,1327,167.07
-29.569,5.0694,1260,159.56
-30.846,4.5497,1315,161.1
-29.091,6.3425,1380,173.03
-26.251,6.9484,1348,167.36
-23.78,6.1157,1368,168.44
-23.3,6.3241,1436,172.61
-22.612,6.5882,1497,176.23
-22.607,6.0325,1546,179.42
-22.133,6.0254,1582,184.34
-21.308,6.0309,1579,182.62
-21.771,6.2245,1573,186.39
-20.617,5.9862,1606,187.39
-19.867,5.9907,1631,188.96
-20.025,6.01,1685,191.62
-19.881,5.733,1708,189.84
-19.779,5.5616,1757,195.44
-20.628,5.5202,1754,202.26
-21.248,5.049,1702,198.47
-21.457,4.2405,1653,193.99
-16.725,4.4615,1586,185.08
-19.195,6.5746,1575,190.02
-16.823,7.2382,1600,190.62
-12.594,6.0512,1686,191.69
-8.4651,5.6746,1763,193.54
-4.1121,5.5066,1829,197.09
-0.45775,5.0765,1756,192.77
3.1701,2.9246,1747,187.96
4.3573,4.6005,1818,196.83
1.0811,2.2421,1840,206.27
-3.8429,2.988,1953,220.77
-11.225,6.2255,1952,221.67
-15.832,5.9504,1881,217.17
-18.678,7.3867,1751,199.32
-20.769,6.1609,1782,199.57
-17.455,10.327,1797,215.27
-17.839,9.0201,1827,225.47
-22.159,10.643,1750,211.7
-27.494,12.626,1674,204.6
-29.057,15.498,1616,195.22
-31.008,17.693,1560,189.29
-30.978,19.915,1499,176.95
-29.885,22.214,1475,183.81
-23.201,20.512,1404,195.59
-20.349,20.58,1459,196.65
-17.929,15.198,1508,196.62
-14.371,12.041,1544,194.53
-9.4659,9.8614,1619,197.21
-3.6636,7.7192,1638,186.42
2.1961,7.5787,1543,167.91
2.5702,4.7545,1407,149.43
-1.5183,2.9014,1530,179.14
-0.77618,3.5664,1632,186.45
-1.7734,3.593,1702,194.23
-0.57866,3.5677,1767,193.2
-1.535,3.198,1778,192.25
-2.03,3.5403,1823,196.76
-2.7301,3.5372,1851,205.54
-3.1639,3.6189,1890,207.19
-3.9962,4.0147,1923,212.11
-4.3896,4.5752,1977,214.5
-3.2177,4.9758,2024,215.75
-2.9621,4.7538,2051,215.64
-3.4096,4.3171,2078,213.52
-5.9395,3.937,2009,209.16
-8.9752,3.8584,1970,208.35
-11.156,4.1256,1908,206.11
-12.918,4.5586,1906,210.29
-9.8218,5.4943,1898,202.16
-4.8959,6.0962,1859,198.95
-0.82704,5.6185,1803,193.89
2.6579,3.4483,1782,192.93
6.7029,3.234,1778,187.42
8.7644,1.7681,1779,183.35
9.029,0.23827,1742,181.91
8.5178,3.6459,1756,173.65
11.217,4.0677,1699,160.18
14.538,4.5921,1813,173.76
18.621,5.0655,1721,170.43
21.807,4.1838,1804,160.91
24.871,3.5471,1674,148.81
26.724,0.54931,1687,152.89
24.486,-1.7815,1718,157.75
22.321,-3.5737,1775,157.95
18.823,-4.8056,1853,160.14
17.036,-4.2263,1782,156.81
16.916,-3.4045,1760,175.64
16.465,0.9954,1686,166.02
16.339,1.8592,1721,188.88
11.72,-0.85793,1843,207.92
6.2041,-4.4955,1730,181.83
6.7836,-0.19268,1711,162.3
14.306,3.4652,1545,161.48
19.528,3.5471,1521,149.52
24.018,1.1617,1403,143.8
24.247,4.188,1301,147.58
21.794,6.7933,1271,150.93
22.422,7.1608,1094,130.51
26.594,8.1247,992,117.5
28.087,5.2826,853,110.44
28.346,4.564,803,113.24
26.144,2.3438,795,114.26
28.729,1.8368,752,109.94
29.999,1.3355,724,105.35
30.945,1.9085,692,100.64
30.497,-0.28337,651,98.358
29.304,-1.2278,693,103.1
27.014,-2.9499,753,107.43
23.593,-2.6467,912,116.15
20.671,-1.7215,1002,115.5
18.952,-0.31816,1056,115.08
21.141,0.37114,1124,125.72
20.259,4.6323,1190,129.67
17.74,2.6232,1200,130.13
22.497,-1.695,1201,136.44
25.227,-1.8827,1169,130.77
22.685,3.0588,1168,139.89
21.27,4.4593,994,121.44
19.998,6.781,977,124.68
20.485,6.7679,970,122.26
16.498,1.7029,1009,131.34
17.624,0.15668,1054,140.5
20.79,1.1003,942,117.37
23.249,1.5259,931,118.85
22.974,-5.0656,904,131.54
18.561,-0.77091,850,110.89
14.647,1.7833,794,116.93
11.461,5.8451,754,115.27
10.912,6.8954,721,112.85
12.344,6.9493,652,104.54
13.224,6.9925,608,99.077
11.643,7.5075,622,101.9
12.114,7.1703,656,103.76
11.409,6.9549,686,108.24
11.546,7.4593,684,110.13
11.284,7.3926,672,110.37
11.668,7.4199,686,111.61
10.802,7.7321,682,113.74
11.014,7.8261,679,112.24
10.654,7.7034,684,113.56
11.338,7.8703,679,113.71
11.768,7.3895,670,111.61
13.19,7.1309,634,106.53
13.036,6.3473,615,102.52
14.404,6.3434,621,100.52
14.588,6.6992,672,103.64
14.551,7.2756,710,102.54
14.448,7.426,756,102.94
14.152,7.4747,763,104.06
12.445,4.3236,794,101.79
10.915,5.4009,828,107.39
9.1388,6.1161,862,106.31
12.722,5.0449,924,114.88
14.559,7.6455,1053,130.21
15.384,11.718,1020,122.63
13.799,10.125,952,115.76
13.782,3.7224,992,121.28
17,3.6392,1056,133.47
17.441,7.6988,1021,129.68
13.778,5.3332,982,120.57
11.479,3.9504,903,111.58
13.244,6.7323,941,116.97
13.424,10.331,976,127.15
12.03,6.9782,929,114.95
11.584,9.0508,976,121.52
8.9925,8.9247,947,117.32
12.378,8.2922,960,118.91
11.167,12.249,1048,127.32
8.1893,8.9773,1101,133.45
11.817,4.6762,1133,125.39
15.213,9.7219,1202,135.56
14.122,9.331,1212,139.78
15.773,7.3904,1232,139.2
19.274,2.8863,1370,149.17
16.834,7.5673,1378,153.08
8.8328,10.991,1381,156.79
4.1027,10.247,1427,168.91
3.1505,6.308,1590,200.51
-4.7118,5.5233,1536,189.01
-14.27,8.7709,1489,177.94
-18.678,3.9861,1468,177.31
-11.842,8.0668,1501,180.56
-6.1894,10.423,1589,207.92
2.3369,6.7279,1602,195.1
8.2863,10.504,1518,180.31
13.343,10.136,1521,177.95
18.335,12.262,1517,168.86
20.612,7.1998,1528,180.85
26.284,2.3477,1455,159.55
25.757,2.0899,1370,149.19
24.208,-7.2106,1375,138.75
22.882,-3.206,1508,160.67
18.295,6.426,1513,161.08
13.742,4.6558,1510,167.75
23.341,0.84682,1551,150.77
28.202,-4.093,1477,139.14
27.515,-7.1025,1455,143.79
27.082,-4.8046,1509,141.4
27.876,-9.0119,1527,148.49
29.356,-11.686,1474,171.62
25.136,-14.381,1465,169.12
26.768,-13.667,1400,160.37
28.318,-11.432,1339,150.57
27.286,-9.1392,1492,169.51
27.019,-7.4595,1501,145.64
27.604,-1.4251,1496,151.32
25.294,-1.7906,1463,153.67
19.059,-6.7095,1526,156.28
15.403,-6.456,1548,167.66
14.882,-1.5298,1483,150.39
16.665,-0.48794,1496,150.3
19.956,-5.6413,1467,152.02
25.503,-5.0015,1475,145.13
28.549,1.2046,1471,146.97
30.64,6.5107,1467,153.04
30.359,9.2003,1581,173
29.573,7.1934,1589,171.58
32.085,7.6889,1514,164.49
35.392,13.377,1477,156.12
39.554,11.352,1544,173.87
37.765,15.315,1541,173.62
31.523,12.959,1591,187.99
28.709,8.2359,1664,197.98
25.852,6.403,1716,213.96
16.554,1.9121,1670,201.22
9.205,4.0787,1498,161.06
5.1269,3.0905,1500,165.99
2.4397,7.4812,1581,192.45
5.0948,8.1706,1728,224.66
15,13.576,1713,217.43
26.567,15.381,1627,197.82
35.689,18.356,1533,176.31
36.437,16.442,1495,166.69
30.201,10.099,1648,197.59
23.674,5.8174,1617,181.8
22.572,4.6089,1515,169.77
24.444,3.8007,1740,199.81
24.631,0.59522,1717,207.69
16.735,1.8215,1689,205.3
3.5455,-1.9478,1698,206.29
-10.3,-0.35923,1721,214.41
-21.954,-0.33218,1674,214.74
-26.701,-1.0065,1581,201.79
-17.223,4.1783,1665,201.67
-3.2077,5.732,1683,195.38
8.5114,4.8268,1593,170.44
20.948,4.1452,1577,167.17
31.245,8.1429,1545,168.07
40.958,7.6618,1578,163.61
40.766,11.833,1599,172.78
36.153,10.428,1610,191.51
26.845,8.7321,1731,211.09
14.069,4.771,1812,233.63
-1.5693,3.9291,1807,237.41
-12.823,4.4462,1689,225.1
-26.736,3.0996,1723,241.65
-32.976,-0.20178,1645,230.9
-41.561,-1.5766,1618,221.07
-52.016,-6.5744,1589,216.18
-63.418,-8.6864,1504,213.14
-72.939,-8.9632,1442,213.3
-81.198,-5.167,1406,212.77
-82.85,-0.36324,1333,204.16
-84.593,6.7042,1318,197.11
-86.256,15.577,1333,196.61
-84.931,23.513,1257,181.45
-83.755,31.169,1271,175.22
-82.604,26.272,1265,163.39
-82.796,25.725,1197,145.8
-83.028,15.901,1171,141.83
-85.515,13.451,1213,142.59
-88.693,0.70279,1148,133.84
-84.168,-9.8301,1149,133.03
-78.003,-17.651,1147,138.22
-79.491,-26.197,1159,135.17
-89.806,-23.663,1212,146.39
-98.73,-25.188,1205,140.07
-102.77,-30.7,1190,143.69
-109.07,-30.348,1152,133.18
-116.86,-26.085,1153,133.99
-120.31,-19.267,1196,141.48
-120.83,-12.66,1177,139.68
-121.21,-11.776,1098,134.87
-124.99,-5.9137,919,115.64
-124.58,-2.246,872,109.66
-122.21,-6.8814,764,103.01
-120.15,-5.0157,743,104.44
-126.7,-1.7343,755,103.39
-133.39,-5.3339,893,119.64
-139.73,-10.894,1091,143.31
-146.28,-10.514,1259,159.62
-148.06,-15.086,1299,177.15
-140.19,-21.138,1308,180.65
-133.64,-25.413,1257,175.55
-132.69,-23.39,1254,175.88
-137.7,-22.978,1221,151.34
-147.7,-26.692,1271,153.89
-150.91,-29.827,1234,154.92
-156.53,-27.279,1231,164.41
-160.1,-33.178,1188,156.33
-166.55,-41.547,1075,138.65
-176.9,-44.831,990,131.69
-180.61,-49.723,1011,134.47
-176.65,-53.19,1002,127.63
-167.65,-49.055,974,132.31
-161.37,-39.679,1003,131.98
-154.3,-29.33,1151,141.23
-156.65,-29.643,1216,143.2
-151.7,-41.252,1301,161.65
-157.31,-52.638,1316,166.15
-155.94,-64.163,1260,153
-155.2,-71.649,1244,154.34
-157.9,-80.947,1115,142.33
-162.93,-88.437,1037,139.59
-168.16,-92.866,1058,140.81
-171.07,-97.391,1061,153.41
-174.06,-106.72,1034,150.25
-175.02,-116.68,1004,138.36
-177.43,-120.23,1037,149.67
-179.44,-116.39,1048,156.46
-175.02,-108.96,1063,155.94
-177.64,-104.2,1013,147.72
-169.85,-99.193,894,132.64
-167.16,-95.059,1058,122.56
-163.76,-97.8,1106,132.8
-164.29,-104.36,1139,142.88
-161.54,-112.02,1103,137.79
-161.06,-118.49,1115,153.07
-161.81,-126.33,1058,144.93
-165.64,-127.51,997,134.9
-170.76,-131.2,1037,166.41
-165.44,-138.45,1025,170.15
-168.65,-145.38,988,163.63
-170.62,-150.82,1020,165.11
-167.89,-153.93,1120,179.31
-166.5,-159.83,1077,134.5
-165.32,-162.56,877,111.93
-165.01,-165.52,1059,142.02
-171.59,-169.04,1230,157.39
-174.95,-174,1225,163.71
-165.69,-176.7,1271,165.97
-156.18,-181.05,1261,170.9
-148.61,-182.96,1195,135.92
-144.18,-182.69,1081,128.63
-138.53,-176.92,1048,137.5
-134.68,-170.51,989,128.35
-130.7,-167.63,875,113.45
-125.01,-161.9,977,124.92
-120.24,-162.77,1029,132.09
-122.53,-159.94,837,112.57
-116.8,-155.21,894,113.17
-118.69,-163.69,1050,123.96
-121.52,-167.42,918,117.3
-120.74,-170.09,970,118.45
-131.39,-178,1047,124.05
-139.41,-186.93,1126,133.92
-146.37,-194.75,1122,134.89
-151.92,-200.61,1004,122.98
-148.58,-202.81,1091,141.48
-144.16,-213.06,1147,143.63
-140.66,-223.75,1125,142.15
-132.8,-231.77,1089,136.02
-121.16,-235.72,1066,132.46
-110.98,-236.28,1003,121.35
-100.19,-234.58,998,124.26
-93.533,-227.21,1019,125.23
-89.239,-219.54,1069,131.9
-85.276,-215.72,1089,133.42
-80.009,-208.04,1169,146.92
-74.646,-205.74,1238,153.02
-75.862,-207.05,1265,157.36
-66.989,-206.48,1274,157.21
-71.895,-208.02,1207,141.67
-80.996,-215.3,1260,150.1
-92.643,-220.72,1205,142.67
-100.66,-223.51,1145,139.1
-109.89,-219.46,1087,131.95
-113.63,-213.4,995,136.72
-107.41,-216.77,1144,164.76
-97.998,-216.42,1144,152.09
-92.06,-211.63,1164,143.76
-78.88,-210.22,1275,150.77
-66.078,-201.31,1261,148.53
-55.485,-193.44,1219,143.04
-51.373,-187.72,1256,149.48
-47.224,-185.96,1361,171.84
-39.661,-175.99,1362,170.68
-29.441,-170.36,1364,172.15
-16.503,-169.29,1302,165.76
-5.91,-172.4,1255,149.49
1.925,-181.01,1193,138.76
6.9308,-191.84,1177,134.59
10.639,-191.93,1174,140.22
3.1108,-198.16,1156,133.28
6.4397,-207.49,1124,131.36
11.017,-201.74,1176,142.61
5.662,-191.78,1270,155.56
7.3829,-194.21,1264,159.65
11.302,-204.89,1279,156.63
18.548,-210.22,1246,131.95
14.075,-212.51,1361,172.28
19.51,-219.84,1248,145.94
28.866,-226.73,1182,131.09
37.229,-232.67,1099,124.95
44.36,-234.84,1074,119.41
43.833,-229.48,1175,132.7
38.955,-225.89,1260,145.56
37.092,-226.95,1324,155.89
39.16,-225.66,1370,163.41
50.121,-229.25,1364,164.11
63.211,-229.91,1368,164.56
75.691,-228.02,1320,151.9
84.533,-228.74,1336,160.3
91.984,-232.81,1356,163.74
100.93,-238.6,1276,151.47
107.88,-247.35,1216,141.14
113.47,-255.12,1221,150.25
115.41,-265.32,1226,148.14
114.92,-256.64,1305,158
103.49,-244.85,1371,166.2
89.185,-234.41,1322,155.22
84.47,-222.29,1309,151.04
86.509,-212.8,1282,149.74
89.315,-202.83,1287,155.12
93.99,-194.28,1291,155.14
98.893,-182.64,1205,144.95
98.012,-171.23,1132,132.66
90.978,-163.16,1104,129.26
81.254,-160.01,1095,129.83
74.535,-159.98,1094,126.41
76.414,-162.48,1022,119.98
70.544,-162.04,1165,140.84
62.756,-173.14,1138,137.94
68.321,-174.53,997,131.88
69.048,-170.94,1087,139.95
58.733,-171.56,998,127.25
54.972,-162.98,845,110.77
54.727,-153.65,770,103.09
57.397,-146.56,633,94.752
58.387,-141.62,558,87.813
58.05,-140.86,644,90.724
56.131,-140.28,540,86.084
57.436,-141.77,536,92.138
55.696,-142.88,455,77.599
54.761,-143.45,568,83.794
51.527,-144.14,701,97.646
51.487,-142.06,616,91.527
54.356,-141.22,680,107.45
53.755,-138.5,636,98.813
49.29,-132.39,672,97.796
50.015,-129.82,722,102.72
53.224,-128.33,792,109.58
55.141,-123.71,929,114.96
58.667,-123.38,912,112.78
63.058,-121.24,919,117
56.03,-125.46,1034,130.73
47.343,-128.38,1109,141.06
37.052,-132.93,1164,151.35
24.537,-127.62,1178,156.65
10.344,-125.78,1191,159.68
-3.228,-119.21,1157,150.77
-13.801,-111.15,1109,144.08
-25.088,-101.52,1090,141.28
-32.854,-89.858,1048,135.97
-41.376,-82.377,1081,137.78
-44.746,-70.919,1118,144.36
-51.301,-61.415,1043,135.62
-55.792,-54.052,1067,137.1
-65.432,-47.68,1002,131.27
-76.728,-41.804,1115,148.72
-92.352,-34.536,1146,151.09
-101.94,-26.953,1138,149.5
-103.84,-23.219,1125,156.18
-102.06,-7.6869,1107,142.31
-97.468,9.8803,1096,137.47
-87.43,21.901,1094,128.23
-84.682,28.197,1029,125.99
-77.708,28.641,981,128.72
-64.725,28.121,1102,157.97
-54.194,30.752,1241,168.91
-42.946,35.431,1125,153.38
-33.225,36.859,1152,136.29
-36.376,35.007,907,109.39
-25.325,34.612,1078,126.68
-14.263,37.324,1085,134.4
-13.483,38.287,1137,144.63
-8.467,32.16,1226,155.1
1.6848,35.717,1178,139.29
3.7907,26.313,1250,146.78
11.911,27.198,1273,150.85
17.259,31.244,1257,150.61
19.116,24.105,1365,189.47
22.597,10.566,1390,186.05
21.677,-0.83199,1290,166.26
13.134,-13.189,1320,153.44
0.42721,-14.9,1326,163.1
-11.395,-8.8106,1383,189.84
-21.965,-7.9966,1380,185.98
-26.289,-2.3983,1382,192.22
-27.441,1.9299,1389,196.3
-21.014,3.9233,1258,150.43
-9.4353,8.3288,1206,153.98
-12.709,9.9968,1055,136.94
-6.0661,3.1365,1304,186.54
0.18349,-6.1394,1471,218.39
10.221,-14.768,1475,207.25
16.415,-15.594,1447,187.78
22.857,-11.802,1464,177.82
27.488,1.4757,1448,179.17
39.078,5.1738,1459,207.36
44.806,3.6261,1438,169.68
46.513,-3.0467,1341,153.83
46.08,-8.429,1377,141.82
45.495,-8.6926,1362,152.08
43.802,-10.572,1149,137.33
45.618,-11.029,1125,128.3
47.349,-5.38,1295,153.72
52.723,-9.1558,1197,141.66
51.929,-10.273,1127,137.24
50.231,-5.0568,1104,126.69
47.281,-7.2474,1183,133.98
47.888,-6.6457,1203,133.37
46.845,-6.2061,1289,140.83
46.865,-6.6863,1344,143.59
45.156,-6.8554,1390,149.53
43.705,-6.4109,1460,154.5
42.147,-6.9722,1543,161.6
42.295,-7.3468,1605,170.66
41.204,-6.7066,1676,172.43
41.323,-6.4902,1773,179.02
41.186,-8.2214,1750,194.13
39.296,-8.8018,1747,174.81
42.036,-8.1454,1648,161.54
43.312,-6.1245,1610,159.48
43.611,-5.7871,1546,156.76
41.657,-9.1924,1545,155.93
40.09,-7.4012,1427,145.5
38.151,-4.3584,1391,150.41
35.879,-6.8753,1463,170.15
41.035,-7.7204,1308,140.1
47.774,-4.1975,1322,138.24
43.708,-2.3717,1394,147.66
42.804,-10.358,1491,155.55
48.401,-12.645,1556,178.36
40.389,-10.667,1505,172.27
32.116,-13.552,1541,180.79
37.601,-11.834,1650,206.6
39.458,-5.4467,1535,170.67
31.382,-8.7071,1537,176.82
30.774,-15.356,1636,207.06
21.101,-15.12,1618,219.38
14.278,-17.972,1622,222.62
2.9769,-17.292,1569,240.77
-6.2689,-18.948,1516,230.89
-10.769,-13.344,1412,208.28
-21.313,-8.7923,1414,217.21
-31.39,0.76203,1424,221.5
-35.325,14.744,1317,196.72
-31.936,27.539,1237,181.78
-27.948,38.773,1281,197.62
-17.26,40.41,1287,185.21
-12.394,42.22,1356,187.21
-12.736,31.745,1329,191.14
-2.5431,27.078,1328,176.71
8.3216,28.855,1341,172.53
7.6693,32.433,1377,179.76
18.816,27.346,1343,160.31
27.86,32.611,1418,143.98
36.474,35.138,1276,132.42
49.994,31.589,1192,130.5
58.053,25.53,1189,142.26
57.695,18.251,1351,185.28
54.961,6.3808,1379,187.5
60.214,4.017,1314,143.44
64.556,7.6203,1248,135.8
71.605,8.1053,1305,135.47
78.122,13.166,1185,123.82
83.35,21.502,1204,151.33
85.526,24.777,1253,156.56
86.569,29.419,1345,177.47
92.451,32.546,1288,158.14
102.14,38.598,1347,139.32
111.55,35.49,1099,121.63
115.37,41.885,1306,136.14
113.64,40.495,1143,142.58
115.77,35.58,1243,153.92
113.53,32.005,1408,172.53
111.04,35.753,1437,192.47
112.09,48.02,1348,166.63
125.53,47.347,1236,125.97
137.75,46.862,1275,130.73
147.49,50.657,1208,129.45
155.9,55.486,1126,130.4
163.26,59.45,1208,149.48
175.36,63.119,1297,154.54
188.19,63.583,1319,155.36
189.99,61.391,1408,180.8
199.62,62.875,1510,206.13
204.93,64.888,1354,168.07
216.24,57.922,1327,158.86
206.3,58.462,1338,156.77
196.7,56.587,1215,137.06
195.15,56.412,1277,151.12
207.18,55.764,1301,149.82
216.06,57.768,1457,188.37
226.53,62.897,1449,187.33
235.89,66.377,1387,152.59
245.48,68.274,1371,158.06
253.49,66.69,1400,172.47
263.6,71.939,1389,174.34
275.06,77.69,1363,166.47
284.87,71.602,1451,183.48
289.83,75.442,1449,177.2
288.13,65.309,1307,155.83
283.1,62.502,1287,140.55
282.28,56.384,1207,141
291.96,55.496,1237,143.43
301.25,57.913,1419,178.64
309,56.573,1335,149.32
316.37,61.417,1338,159.69
315.61,68.12,1434,174.64
320.86,61.375,1548,206.96
337.49,62.819,1470,184.59
348.61,53.815,1383,165.91
352.04,58.758,1409,176.01
340.88,55.42,1285,173.26
331.72,50.15,1117,147.56
323.03,50.695,1042,134.37
325.09,45.877,1078,126.25
323.72,56.687,1245,148.69
328.52,71.432,1209,143.95
337.02,78.945,1208,138.37
344.84,85.337,1150,134.14
346.13,93.611,920,115.62
350.24,102.76,690,97.133
352.05,99.133,692,113.6
355.49,98.383,735,115.01
353.13,99.302,667,106.22
351.25,95.477,537,92.701
351.87,100.71,513,85.531
353.1,100.14,667,99.094
352.06,102.63,679,102.65
350.8,103.84,752,113.78
345.4,105.26,755,131.58
343.26,106.3,699,120.04
342.69,106.77,674,112.55
339.01,108.13,737,124.02
335.62,106.69,738,118.12
332.27,105.93,750,112.2
332.61,104.63,693,105.58
334.76,106.55,633,92.874
335.72,110.65,709,101.13
333.18,112.76,768,111.96
332.21,121.6,695,105.65
333.06,122.53,691,101.7
331.06,122.58,589,99.003
335.62,118.06,626,101.24
342.96,113.1,698,113.89
343.79,111.51,787,133.81
339.09,111.6,977,153.25
339.76,103.46,928,136.21
343.45,95.036,909,123.4
336.61,83.229,951,113.47
330.07,65.012,1118,123.21
338.81,56.149,1280,159.9
343.08,59.311,1426,174.36
336.82,58.329,1527,201.2
328.51,54.886,1530,208.97
333.59,45.701,1441,189.1
348.29,51.98,1539,204.56
361.57,51.182,1474,196.5
376.17,60.782,1423,188.43
384.69,72.901,1312,164.3
392.58,78.712,1311,160.29
404.67,71.408,1243,150.79
412.66,73.8,1242,152.3
399.82,80.534,1321,159.66
396.22,93.171,1240,147.61
394.64,100.66,1201,136.39
393.7,103.87,1296,156.56
400,95.496,1202,140.25
401.18,84.572,1343,174.58
413.38,81.274,1232,136.93
426.65,76.085,1204,138.74
424.93,78.793,1173,136.35
417.06,74.977,1248,141.49
406.54,66.1,1259,139.11
400.56,67.214,1175,136.57
405.35,58.954,1162,140.48
402.55,45.529,1222,149.05
411.6,41.813,1323,154.65
414.7,43.586,1291,132.38
419.56,39.402,1242,134.05
421.31,28.974,1160,143.25
425.06,18.321,1115,137.72
430.66,9.4144,1111,131.75
440.76,2.8085,1095,131.06
452.22,-0.53552,1128,135
458.86,-4.4339,1212,147.14
468.18,-4.2932,1229,152.23
479.02,-9.8519,1230,136.72
476.49,-20.724,1241,140.81
473.73,-15.713,1279,133.68
472.48,-9.219,1125,133.75
472.18,-10.525,913,120.08
473.04,-14.091,852,112.5
472.04,-14.352,814,107.36
481.39,-11.575,872,110.93
491.91,-6.4027,779,104.47
490.9,-6.9667,1005,139.44
483.79,-9.5347,997,125.89
492.33,-14.654,790,107.8
494.81,-15.512,983,127.2
492.5,-18.144,1084,148.58
495.69,-26.126,1055,149.8
495.16,-24.651,1197,172.3
489.91,-18.666,1308,195.05
495.49,-22.167,1369,206.26
504.5,-25.375,1348,220
511.83,-18.863,1362,212.52
511.18,-17.954,1441,237.3
516.74,-18.048,1424,228.13
525.98,-13.568,1407,213.2
538.82,-10.115,1402,203.5
545.03,-7.3018,1290,186.24
549.42,-9.2487,1230,151.36
558.53,-17.178,1091,137.92
553.74,-10.74,1102,133.68
554.47,-19.592,1055,131.42
556.27,-26.158,1092,132.06
552.26,-32.9,1076,130.8
556.78,-41.352,1197,148.35
559.39,-47.95,1332,168.53
563.31,-55.863,1062,147.14
560.46,-62.695,1019,137.04
563.86,-55.681,899,149.96
560.2,-44.601,963,169.23
560.15,-56.047,1276,182.45
566.58,-48.139,1167,185.8
563.36,-38.816,1236,173.28
556.99,-38.995,1197,146.43
559.63,-41.294,1281,168.4
559.42,-45.909,1344,181.11
559.85,-43.514,1248,165.99
561.17,-45.412,1294,173.4
560.32,-45.613,1297,177.39
561.61,-46.152,1293,173.4
562.31,-46.584,1274,170.16
561.67,-48.152,1313,173.38
562.2,-48.858,1326,175.44
562.11,-50.078,1384,180.11
562.87,-50.744,1354,179.7
564.02,-51.034,1313,181.91
563.92,-51.651,1327,183.18
563.7,-50.797,1237,177.9
562.1,-48.516,1175,171.19
562.45,-44.289,1176,164.58
562.45,-42.793,1258,172.28
559.84,-51.231,1326,172.27
559.82,-46.812,1169,163.76
559.88,-43.19,1134,157
561.17,-45.307,1150,162.17
560.04,-47.099,1231,163.36
560.33,-46.755,1219,162.15
559.91,-46.836,1228,164.68
560.43,-46.614,1232,162.91
560.29,-46.365,1253,167.82
559.95,-46.639,1284,168.63
560.14,-46.17,1307,171.92
560.22,-45.462,1350,173.67
561.23,-44.456,1398,178.17
562.47,-44.053,1415,174.42
563.39,-44.35,1451,175.11
562.61,-47.883,1443,166.67
558.67,-50.491,1418,161.97
558.97,-52.415,1309,157.05
560.85,-42.546,1196,164.52
560.8,-32.271,1180,166.1
560.93,-39.2,1441,204.48
562.6,-37.567,1506,184.85
560.04,-37.889,1349,154.14
562.07,-34.504,1146,158.9
559.97,-28.358,1277,196.17
563.45,-35.717,1115,166.25
566.14,-46.127,935,151.84
565.44,-48.553,762,106.5
560.3,-49.526,1154,149.82
560.44,-37.037,1350,165.3
559.02,-26.755,1442,170.96
555.73,-40.226,1467,147.74
563.27,-40.071,1091,162.01
560.25,-27.087,1226,187.91
555.39,-31.511,1463,177.13
563.88,-36.838,1124,149.64
570.25,-27.856,853,141.69
564.14,-39.138,1196,165.6
571.02,-39.913,975,169.92
564.17,-34.766,1024,152.06
563.6,-48.927,1182,137.23
570.08,-35.535,946,140.49
563.41,-30.441,1344,181.42
552.72,-41.69,1471,158.6
561.11,-36.278,1269,144.5
568.8,-23.638,985,125.37
574.1,-18.178,563,103.39
576.83,-11.366,241,66.798
588.19,-12.324,1175,147.09
593.32,-5.8534,1238,174.28
592.17,-3.1191,1219,199.34
593.65,3.9866,1293,212.25
600.85,11.05,1351,213.06
610.96,8.4742,1294,184.75
607.57,3.7851,1419,229.27
599.69,0.0079199,1377,214.59
600.84,0.19401,1148,158.22
593.2,5.7976,1350,202.11
596.41,12.529,1342,205.01
605.77,21.874,1332,195.32
606.45,27.945,1352,203.8
612.84,18.093,1297,186.44
614.04,13.617,1303,169.97
610.53,3.9369,1346,208.84
611.05,6.1237,1323,213.15
613.34,15.783,1342,203.15
624.06,28.81,1256,158.72
638.9,34.243,1192,158.44
646.2,38.569,1267,167.14
653.35,48.067,1231,179.31
657.66,57.466,1311,184.28
658.54,65.667,1408,207.89
665.52,73.712,1412,216.76
674.9,79.025,1460,217.09
685.29,78.82,1493,227.14
691.02,76.33,1442,214.58
703.57,69.522,1301,181.93
716.53,66.94,1181,146.85
728.09,65.581,1106,144
728.74,64.404,1245,175.85
729.31,51.92,1210,170.39
735.99,55.019,1094,157.99
734.57,56.035,1184,175.54
744.96,48.997,1163,176.11
743.94,59.326,1196,185.68
737.74,49.12,1202,192.46
734.13,37.888,1134,168.78
731.51,28.862,1120,159.72
736.62,18.405,1169,148.1
745.95,15.743,1025,133.28
750.97,15.935,1098,149.29
752.55,11.957,1043,182.78
758.97,5.9359,809,174.22
763.73,4.7568,626,139.35
768.68,4.6038,541,115.87
774.63,-3.9407,483,81.428
772.96,-10.069,510,90.633
769.37,-10.877,605,93.776
770.45,-4.8719,629,112.52
768.17,5.8084,726,133.45
772.48,3.9191,505,91.064
778.26,-3.9214,359,68.047
778.26,-3.9214,359,68.047
