0,-0,521,111.5
3.4402,-0.57118,513,114.86
5.5071,-3.6285,584,115.15
8.1231,-6.5513,649,125.1
8.274,-10.98,675,129.6
5.031,-12.218,650,128.97
3.4523,-12.063,601,131.88
4.9149,-15.173,685,144.77
5.1279,-18.713,560,157.8
9.3411,-19.463,1254,161.15
7.2611,-22.873,1308,165.16
7.2942,-26.095,1342,168.02
8.9509,-25.653,1346,166.38
9.1286,-23.472,1334,161
8.6513,-26.296,1320,159.32
7.2589,-29.979,1321,164.24
7.1666,-32.428,1473,171.36
10.872,-32.57,1544,173.55
14.066,-32.622,1581,175.1
14.579,-32.961,1522,165.33
15.073,-34.867,1562,173.91
15.68,-36.248,1575,182.62
17.778,-33.363,1435,174.74
16.995,-34.933,1367,167.26
15.521,-33.409,1329,158.57
15.965,-32.967,1420,164.7
15.581,-33.305,1508,167.19
15.971,-32.901,1579,165.02
15.835,-33.227,1716,164.93
15.042,-33.668,1780,170.08
15.221,-33.785,1868,173.37
15.02,-33.754,1932,174.11
15.187,-33.974,2022,176.73
15.552,-33.826,2081,182.22
15.416,-33.889,2132,184.79
15.178,-33.626,2007,184.72
15.763,-33.982,1850,176.49
14.556,-34.846,1763,171.68
17.022,-35.928,1638,166.34
16.824,-38.123,1658,171.01
14.282,-39.38,1637,173.77
15.213,-37.002,1685,169.82
15.232,-33.978,1794,178.83
15.611,-35.143,1759,177.75
12.066,-34.325,1770,169.1
11.926,-36.551,1865,177.62
14.618,-35.192,1855,178.98
14.687,-35.058,1928,178.15
14.856,-35.225,1973,174.87
14.661,-34.558,2023,178.75
14.551,-34.383,2060,179.18
15.768,-34.44,2058,178.99
15.056,-34.15,2099,181.67
15.107,-34.058,2117,182.71
15.839,-34.16,2150,183.27
15.333,-34.382,2266,187.58
15.144,-35.587,2361,188.9
15.637,-37.366,2228,189.81
14.732,-38.012,2017,186.16
15.032,-37.171,1932,179.8
13.856,-36.116,2044,184.61
14.836,-34.346,1987,178.25
16.295,-34.427,1902,178.42
13.993,-37.115,2027,189.63
10.594,-37.628,1993,182.6
12.116,-35.034,1895,175.13
15.343,-32.778,1926,174.5
15.586,-34.23,1961,178.27
15.765,-36.581,2022,213.66
13.557,-36.305,1920,187.67
13.21,-35.105,2017,187.95
13.462,-35.805,2079,186.22
14.041,-36.088,2112,183.37
13.789,-36.077,2135,180.62
14.414,-35.954,2165,181.27
14.221,-35.854,2137,180.34
13.506,-35.65,2189,180.57
14.466,-35.204,2225,184.04
14.001,-34.853,2310,183.62
13.227,-34.586,2391,189.82
12.334,-34.535,2424,192.62
12.203,-35.143,2258,188.34
12.295,-35.566,2081,184.19
13.235,-36.197,1961,178.04
15.567,-36.417,1997,191.01
16.65,-37.297,1961,181.59
13.836,-38.652,1907,176.68
12.075,-38.596,2002,176.88
13.181,-36.048,2105,189.31
13.849,-33.415,2063,177.21
11.916,-32.269,2087,176.42
10.375,-33.699,2097,195
10.87,-33.964,1975,181.72
14.121,-35.293,1920,161.07
15.832,-37.26,2002,175.06
15.116,-40.26,2038,179.74
12.789,-40.963,2011,187.42
13.175,-37.946,1910,168.73
15.337,-35.04,1868,169.28
16.169,-33.03,1900,181.8
15.267,-32.898,1990,195.13
13.68,-34.754,1956,193.18
13.001,-34.645,1836,165.33
15.391,-34.648,1797,156.75
18.348,-34.792,1845,169.75
15.681,-33.978,1927,189.84
14.304,-32.119,1831,188.25
12.116,-32.314,1656,164.07
12.085,-35.59,1690,168.25
12.986,-35.666,1730,169.77
13.005,-35.665,1741,166.55
12.856,-35.934,1791,167.78
13.073,-36.278,1829,167.69
14.149,-36.415,1880,174.24
13.869,-36.711,1924,173.57
14.247,-36.637,1930,167.03
15.209,-36.615,1984,173.68
14.889,-36.175,2048,173.6
16.666,-35.822,2131,177.27
17.753,-34.951,2133,178.2
17.145,-35.029,1980,175.63
15.897,-35.807,1813,166.97
13.744,-36.798,1787,166.51
10.542,-37.024,1780,167.56
11.631,-34.67,1855,166.75
16.72,-34.104,1992,184.14
17.891,-32.837,1893,172.94
16.197,-34.052,1858,175.06
14.71,-38.033,1859,167.84
14.983,-39.65,1816,164.25
16.406,-38.781,1816,163.85
15.127,-33.944,1929,167.1
14.365,-31.38,1855,165.74
14.394,-31.436,1881,166.69
16.157,-33.143,1903,170.73
16.98,-36.222,1858,165.46
18.836,-40.968,1991,189.07
19.23,-41.711,1816,173.29
16.201,-37.334,1723,157.48
11.703,-33.967,1769,154.85
10.998,-31.191,1824,190.72
15.38,-32.024,1980,184.53
17.304,-31.678,1910,181.3
15.192,-30.991,1838,176.98
12.567,-32.523,1818,164.3
15.918,-29.686,1972,186.89
15.283,-29.941,1923,193.56
12.186,-31.989,1747,176.88
11.821,-31.008,1829,177.53
13.369,-31.261,1841,179.87
13.846,-31.247,1708,167.53
12.159,-29.201,1692,165.16
10.516,-27.703,1758,194.54
11.705,-27.287,1815,186.6
12.746,-25.126,1760,171.33
11.977,-27.618,1709,174.17
14.788,-34.226,1674,154.01
18.949,-32.283,1738,163.38
15.095,-28.028,1709,164.54
12.942,-27.599,1755,175.21
12.646,-28.994,1866,184.73
14.834,-27.293,1839,185.34
16.223,-24.21,1719,159.46
16.27,-27.137,1825,175.08
14.04,-32.728,1916,184.78
19.829,-32.28,1829,175.95
20.64,-28.481,1765,164.2
15.632,-26.939,1773,166.69
11.428,-27.968,1911,202.54
14.544,-28.208,1932,205.67
15.857,-28.677,1837,162.3
13.469,-29.672,1787,158.77
15.492,-32.685,1739,163.29
17.578,-29.446,1858,182.7
15.983,-21.782,1839,176.53
12.161,-22.131,1772,174.21
13.217,-25.197,1856,183.98
13.792,-29.957,1692,161.81
13.404,-33.166,1592,151.86
10.398,-32.174,1569,150.33
9.2102,-29.573,1779,173.89
14.811,-28.308,1715,164.99
15.754,-27.869,1794,194.43
9.3587,-31.125,1939,218.64
5.7916,-31.983,1865,186.82
11.105,-33.545,1711,168.76
17.854,-31.645,1671,164.68
15.732,-28.488,1720,171.01
8.5324,-29.066,1836,182.64
7.6297,-31.925,1901,187.88
14.772,-31.749,1837,177.24
19.06,-30.403,1640,158.11
15.064,-33.953,1609,152.43
16.512,-38.222,1559,160.57
17.687,-35.338,1669,183.99
15.17,-28.172,1606,160.05
11.351,-25.218,1614,166.84
13.238,-24.584,1626,161.48
16.586,-28.172,1633,146.65
15.944,-33.164,1461,139.34
18.455,-38.669,1482,143.98
16.62,-32.665,1570,165.82
13.651,-24.659,1621,168.65
9.6515,-16.41,1549,159.86
9.6391,-16.043,1394,146.18
14.361,-25.177,1602,160.18
20.425,-33.656,1739,176.63
22.379,-37.743,1622,163.31
22.769,-35.205,1576,158.54
11.858,-32.469,1587,161.7
6.9477,-28.378,1576,152.62
10.402,-22.602,1740,168.92
7.4378,-15.514,1773,186.44
5.9622,-16.176,1495,150.15
13.435,-22.085,1412,139.71
17.537,-25.53,1408,144.36
20.931,-30.475,1304,136
18.476,-30.485,1348,145.3
13.5,-30.002,1441,144.28
15.264,-33.295,1552,158.04
23.41,-33.162,1839,188.26
22.292,-31.095,1774,186.16
13.064,-29.014,1609,157.37
5.7798,-21.361,1658,167.5
3.6452,-12.221,1551,161.92
6.4251,-1.7413,1613,176.25
3.7492,1.5539,1498,165.22
3.2631,-2.9941,1275,136.94
5.1364,-8.6051,1249,137.89
6.6604,-16.481,1253,135.33
9.6051,-21.512,1341,136.93
12.707,-28.752,1440,146.9
17.299,-33.624,1347,136.63
16.149,-35.028,1690,175.06
10.126,-40.143,1729,191.16
9.7321,-42.975,1669,166.59
9.8117,-44.701,1660,170.7
15.006,-36.596,1613,169.46
12.911,-26.835,1676,170.7
8.4154,-17.199,1624,154.44
6.8583,-8.6821,1511,151.04
4.9919,-11.4,1739,176.35
7.6041,-18.93,1698,187.82
8.1191,-23.86,1531,157.88
9.311,-23.291,1588,158.9
7.0088,-13.768,1509,150.21
3.4442,-5.4642,1474,147.01
1.9271,-1.4892,1346,143.38
1.66,-0.071647,1195,133.69
2.0974,-2.6315,1125,124.71
4.2248,-9.2379,1130,129.1
9.7391,-18.214,1269,143.18
12.127,-24.32,1354,137.98
8.3964,-33.297,1413,148.66
6.1035,-38.792,1372,146.97
2.655,-32.987,1391,143.84
3.7833,-21.746,1402,142.5
4.5359,-12.356,1458,146.71
3.5168,-7.1688,1601,170.07
5.0078,-12.469,1673,174.54
7.9168,-25.178,1709,179.98
7.3751,-30.212,1707,177.78
2.0485,-34.992,1602,168.83
4.0753,-36.902,1506,160.19
-29.926,-37.651,1584,168.07
-29.847,-27.609,1497,159.83
-31.446,-18.325,1441,152.67
-33.235,-12.275,1458,151.42
-31.416,-17.244,1410,148.37
-26.229,-25.151,1431,155.87
-28.248,-33.231,1436,155.54
-31.844,-41.778,1527,163.93
-27.594,-42.119,1516,152.62
-29.227,-34.574,1464,153.54
-33.4,-28.557,1415,148.61
-30.606,-19.714,1415,163.91
-31.268,-11.539,1385,152.54
-68.821,-16.926,1285,155.45
-69.127,-10.244,1146,149.68
-66.875,-13.276,1265,171.28
-63.246,-23.141,1440,181.51
-64.531,-33.291,1478,167.17
-64.949,-40.59,1356,144.82
-59.409,-37.912,1237,127.74
-61.288,-32.811,1202,132.56
-64.34,-29.737,1186,134.54
-67.38,-21.998,1167,136.09
-66.973,-13.02,1167,136.49
-65.649,-5.8926,1190,140.15
-67.304,-7.5822,1357,169.27
-66.447,-17.015,1463,202.38
-64.038,-29.182,1496,197.42
-62.659,-37.674,1489,172.87
-55.019,-38.933,1500,166.16
-46.653,-45.829,1709,168.61
-39.173,-49.603,1726,186.9
-39.729,-54.691,1711,210.32
-43.241,-56.154,1779,236.12
-51.294,-52.219,1817,204.46
-55.88,-43.408,1647,185.48
-55.903,-32.336,1525,165.68
-63.224,-30.816,1364,152.01
-63.861,-31.437,1292,150.35
-70.007,-26.89,1172,134.94
-69.987,-17.593,1181,135.38
-71.183,-9.5555,1227,134.06
-71.929,-6.2513,1418,158.48
-74.693,-0.13708,1308,148.52
-74.844,-3.7327,1444,178.07
-70.608,-13.081,1443,182.46
-63.498,-24.272,1501,170.04
-55.133,-32.861,1484,161.05
-50.648,-38.781,1492,166.05
-43.345,-38.522,1379,155.24
-45.481,-41.977,1323,147.79
-50.133,-38.748,1461,155.47
-54.941,-28.57,1378,141.74
-54.501,-24.481,1416,149.75
-57.962,-21.239,1436,164.41
-65.751,-13.326,1486,160.77
-69.658,-2.0338,1446,157.74
-67.107,8.3255,1353,145.9
-67.06,11.226,1334,147
-62.381,11.555,1233,140.73
-67.219,7.67,1246,147.97
-63.018,7.2573,1179,134.17
-63.465,3.4814,1187,131.42
-61.511,11.636,1194,129.2
-61.473,20.615,1194,134.76
-60.003,27.629,1108,132.38
-63.473,25.586,1189,154.39
-60.696,15.331,1319,168.87
-60.639,5.212,1360,167.8
-59.378,-11.006,1409,163.83
-60.84,-27.283,1408,162
-59.427,-37.91,1350,142.94
-47.599,-39.195,1304,134.8
-41.011,-36.066,1380,152.87
-42.744,-39.085,1401,168.81
-44.846,-32.491,1454,169.55
-52.037,-25.247,1350,146.64
-50.89,-32.593,1261,139.01
-53.034,-30.631,1277,136.53
-66.698,-32.727,1303,145.13
-66.88,-39.044,1395,175.07
-65.953,-51.001,1497,193.8
-65.523,-64.855,1469,175.77
-60.824,-70.051,1483,168.37
-49.517,-64.058,1562,177.11
-39.054,-56.164,1515,167.23
-39.956,-53.352,1598,176.51
-49.983,-59.767,1657,192.37
-44.782,-64.394,1575,164.95
-37.145,-59.65,1585,174.4
-32.349,-62.379,1652,186.06
-26.464,-66.805,1711,203.88
-18.608,-62.026,1732,230.6
-17.068,-54.571,1814,235.47
-15.153,-46.906,1694,216.14
-16.794,-42.248,1534,201.59
-24.739,-33.492,1475,189.7
-33.895,-23.37,1622,209.08
-35.439,-18.938,1636,208.72
-29.644,-14.047,1642,205.96
-27.046,-14.669,1488,205.13
-17.65,-17.198,1460,190.84
-12.017,-15.473,1355,163.56
-4.4363,-15.029,1288,152.26
1.6999,-13.371,1259,155.44
4.3869,-13.708,1329,175.51
3.9796,-8.6068,1396,199.64
7.3498,2.1079,1334,176.83
8.4337,12.428,1247,168.75
7.1372,17.168,1249,161.87
4.2566,17.147,1254,157.72
5.5619,24.469,1244,165.24
7.2938,25.388,1225,149.75
10.51,31.562,1383,160.62
5.2551,36.615,1490,178.49
11.332,46.242,1470,170.84
13.63,53.381,1531,176.52
18.545,63.004,1423,163.96
16.095,67.697,1383,145.69
16.118,74.444,1277,138.65
15.916,80.201,1275,136.57
24.353,86.603,1376,143.68
28.997,93.225,1319,138.91
31.409,100.71,1374,140.8
35.343,109.71,1310,139.12
41.655,115.67,1260,131.7
46.462,123.5,1226,128.32
50.89,125.9,1222,133.66
54.152,134.99,1200,131.49
53.739,145.06,1131,126.39
57.163,152.08,1156,122.94
58.41,144.52,1273,133.15
64.384,139.78,1201,136.95
62.625,145.13,1221,143.91
60.943,137.45,1320,146.08
68.865,131.06,1198,130.73
61.939,126.73,1267,145.44
52.006,131.25,1438,170.54
55.592,140.41,1366,163.66
52.717,150.48,1344,147.44
58.762,147.24,1411,157.25
56.265,154.95,1271,137.88
57.131,150.68,1346,157.67
59.314,154.23,1268,150.62
61.337,157.11,1279,152.99
63.152,169.5,1202,142.85
65.326,167.45,1291,152.72
61.963,156.43,1485,182.66
56.956,145.99,1379,170.75
47.961,141.12,1354,166.98
48.314,133.62,1329,148.3
47.417,139.09,1136,133.32
48.756,153.85,1141,130.01
49.449,162.52,1244,135.61
47.543,168.73,1267,139.11
49.271,174.55,1244,134.4
45.659,179.34,993,123.07
48.879,183.84,1071,130.54
50.111,182.83,1043,136.36
55.383,176.28,1034,138.41
56.532,176.4,1167,147.24
53.804,174.62,1331,147.59
63.92,179.5,1176,130.02
66.914,182.26,1108,129.86
64.848,184.23,1113,126.15
66.511,184.82,1098,127.88
66.029,187.41,1142,129.25
60.798,184.99,1200,130.78
55.256,177.17,1249,137.08
43.988,177.65,1261,129.26
45.488,186.11,1140,125.47
46.077,193.27,1158,126.53
45.068,186.45,1276,148.48
46.704,185.48,1285,140.41
46.224,191.72,1311,148.04
47.457,200.55,1232,137.58
56.089,196.23,1242,139.94
54.489,197.7,1177,136.02
51.458,204.37,1103,125.07
50.907,209.38,972,117.15
53.696,204.29,986,132.52
54.047,208.36,1051,121.1
50.956,213.14,1187,132.27
49.816,211.74,1140,128.53
56.669,210.65,1043,128.2
54.824,203.24,838,104.56
53.35,201.97,734,102.01
55.294,212.43,890,108.12
56.115,221.45,940,114.96
58.689,228.74,951,117.16
59.671,229.74,1031,132.33
58.942,228.07,1023,130.04
55.765,220.13,1052,134.03
57.908,219.94,952,122.72
59.852,227.19,895,123.42
63.623,234.57,936,122.43
61.812,237.92,945,125.77
57.668,227.77,1080,150.24
52.868,221.22,980,131.9
49.456,213.79,894,112.54
53.655,217.53,847,108
54.704,228.43,983,115.39
55.238,228.04,1169,137.47
53.785,234.31,1259,145.72
56.248,236.38,1206,153.29
57.426,242.78,892,123.43
57.956,243.39,812,127.54
62.534,243.89,815,145.89
62.744,250.92,603,118.78
70.801,254.08,500,86.349
66.877,258.13,1001,115.85
67.487,252.76,905,115.66
71.926,254.63,998,126.24
71.059,263.53,956,114.17
74.466,261.98,1084,128.33
77.042,254.8,1167,142.71
70.045,247.93,1072,134.52
70.442,253.48,1134,132.37
75.661,263.15,1239,134.59
78.186,270.16,1209,139.71
83.11,273.09,1144,128.69
79.628,267.25,1245,134.03
70.834,261.64,1221,137.46
76.331,265.35,1201,136.08
66.659,265.47,1231,130.16
66.662,264.32,1374,166.79
72.35,274.57,1257,138.63
65.281,274.37,1227,139.75
73.145,278.19,1200,135.63
71.501,277.8,1118,122.84
63.164,279.89,1012,116.21
62.412,285.7,920,117.32
58.594,285.23,997,125.09
65.269,284.98,1030,125.06
58.848,287.52,863,110.03
62.672,283.89,848,112.09
66.647,288.87,859,106.31
60.327,286.64,749,96.844
62.753,289.64,790,98.961
59.309,290.25,848,104.69
67.584,290.36,842,108.75
62.432,292.24,840,107.09
62.579,286.89,881,112.68
63.36,293.08,915,110.75
63.131,284.25,919,114.73
60.048,290.45,850,104.91
58.056,290.13,803,104.1
61.057,290.92,805,109.73
60.218,296.55,766,107.6
62.729,299.76,689,97.53
65.073,297.2,666,101.18
66.086,295.3,659,99.978
71.254,297.34,610,97.969
64.793,299.05,704,95.612
61.281,291.21,901,116.95
68.205,288.51,957,117.08
75.486,284.16,1046,132.07
73.48,284.2,1268,155.21
67.9,279.49,1340,173.92
75.04,286.1,1273,162.56
75.934,278.74,1373,177.97
78.061,279.98,1219,157.62
67.744,285.07,1285,147.72
60.012,294.59,1269,139.9
55.262,297.77,1232,135.53
58.041,302.68,1165,132.02
51.807,306.97,1238,138.89
50.881,313.6,1239,142.45
54.459,318.96,1239,150.39
56.293,316.53,1265,156.65
57.065,308.04,1290,147.69
63.764,302.86,1066,126.52
59.823,302.41,1093,136.14
57.725,299.21,1183,143.73
64.582,302.21,1293,159.39
57.35,311.03,1292,154.58
49.858,318.81,1320,148.32
51.572,321.8,1297,162.67
55.906,316.99,1368,181.4
50.816,310.91,1356,163.72
52.781,310.72,1158,132.23
58.874,317.04,1150,130.29
52.787,324.71,1200,137.33
46.839,324.87,1212,148.39
51.917,333.1,1118,125.12
50.071,328.99,1073,119.05
51.9,328.96,1112,124.86
51.499,326.86,1179,131.73
52.663,325.92,1268,143.74
52.648,324.6,1391,148.05
52.913,324.07,1424,155.78
52.767,323.87,1502,161.34
53.261,323.65,1493,170.32
55.204,322.9,1450,216.04
57.251,322.01,1053,255.39
63.308,301.6,516,120.02
55.73,318.07,2237,188.97
54.978,317.61,2333,196
53.723,318.86,2361,202.3
54.56,318.8,2377,200.38
57.147,319.87,2287,205.86
59.951,320.99,2234,216.19
60.034,321.46,2236,217.08
58.885,319.13,2058,188.57
58.968,316.3,2026,188.69
59.116,314.18,1891,183.8
56.262,313.46,1956,192.31
55.269,317.35,2062,213.46
58.415,323.46,2031,210.79
56.249,325.91,1879,188.12
56.598,318.77,1826,179.28
62.568,315.59,1947,201.31
57.847,314.23,1966,212.88
54.419,316.59,1882,202.93
56.823,318.15,1904,196.29
56.325,317.54,2036,203.23
56.656,318.65,2084,192.97
56.752,317.59,2188,200.9
56.137,317.27,2252,205.9
55.884,317.34,2264,212.65
56.325,317.1,2402,211.02
56.467,316.88,2447,215.76
55.969,316.72,2527,217.46
56.897,316.96,2597,224.11
56.152,317.78,2666,230.66
56.699,318.36,2779,237.45
56.239,317.11,2736,235.34
58.234,314.55,2641,240.66
59.743,311.85,2538,244.69
60.834,309.49,2344,215.97
62.154,307.08,2149,202.87
59.123,307.9,2035,205.09
57.154,314.67,2032,206.03
53.059,319.82,2049,204.82
56.515,326.57,2055,196.51
58.537,330.21,1930,187.41
57.796,329.7,1789,168.74
60.241,325.28,1698,164.48
61.283,321.25,1841,191.75
57.835,315.69,2031,202.56
60.677,311.33,1887,176.1
61.779,313.06,1861,171.42
57.399,315.63,1912,195.64
55.888,318.9,2005,203.45
56.911,327.21,2010,190.32
53.346,335.21,1821,181.3
59.412,342.11,1782,170.75
57.246,342.06,1835,191.65
56.432,336.5,1927,202.79
57.386,331.65,2000,215.78
60.478,335.85,1966,189.43
58.447,345.88,1798,185.38
60.732,354.21,1732,171.5
64.969,354.16,1645,176.84
61.144,346.57,1790,208.9
58.056,339.21,1877,210.27
54.161,338.13,1532,167.42
50.602,343.92,1303,155.74
61.388,347.74,1177,157.54
59.94,352.04,1129,146.93
63.547,356.17,859,121.6
62.682,350.96,546,99.383
63.281,347.39,452,86.962
64.751,346.56,436,87.019
65.333,348.66,531,95.223
66.332,349.82,547,101.95
67.52,351.42,480,102.16
64.263,351.09,630,115.63
57.65,347.39,730,110.71
63.25,346.08,970,132.08
61,349.6,1204,150.18
60.217,342.1,1382,155.8
64.962,341.31,1686,193.65
62.86,338.7,1785,207.52
57.836,340.22,1790,206.78
65.334,346.25,1732,175.35
61.709,356.03,1752,188.06
63.583,356.87,1794,211.21
64.449,363.41,1779,205.79
64.095,372.7,1763,194.13
69.995,373.32,1716,197.31
61.389,369.59,1781,218.18
66.041,359.52,1871,227.58
60.004,351.42,1750,203.22
59.304,343.19,1560,180.19
62.722,354.19,1540,168.85
58.564,367.21,1568,171.57
60.808,377.72,1581,171.94
60.464,387.55,1446,158.3
64.17,394.55,1422,157.77
57.751,389.41,1407,155.34
68.339,381.68,1365,166.99
66.245,370.86,1523,180.84
62.51,356.98,1511,172.93
61.238,349.06,1456,155.74
53.208,359.55,1483,159.61
63.184,371.55,1610,173.35
64.389,386.06,1665,172.69
59.283,390.77,1472,151.68
68.441,392.64,1457,152.2
63.329,396.1,1578,162.97
66.33,385.48,1549,160.33
62.263,374.46,1513,159.67
61.506,380.55,1579,165.94
55.449,392.97,1529,162.17
66.758,400.84,1581,171.47
60.696,403.17,1570,158.6
52.446,405.44,1467,159.61
54.486,414.92,1361,156.76
53.327,422.66,1295,153.23
59.259,424.92,1397,175.82
55.519,428.83,1283,164.8
51.945,435.93,1015,134.3
58.552,441.84,812,126.96
57.971,443.55,833,116.68
48.08,443.93,736,108.12
48.164,444.09,408,94.172
53.338,449.37,1347,160.79
55.566,442.81,1341,145.51
49.602,428.93,1337,159.48
51.864,424.96,1323,164.38
43.284,425.19,1397,154.98
36.789,436.98,1282,136.76
39.191,451.29,1262,139.82
38.987,460.68,1366,142.76
36.667,456.14,1417,167.03
42.828,450.08,1478,181.17
39.808,461.94,1363,149.54
34.721,469.8,1308,138.39
31.715,473.42,1356,152.75
25.564,478.86,1245,138.98
23.69,481.33,1200,139.27
26.971,478.24,1258,151.49
36.944,471.62,1212,137.95
43.216,456.95,1229,136.14
45.301,452.61,1435,156.99
37.612,460.03,1374,150.1
35.506,451.26,1265,148.66
49.07,450.43,1321,153.18
50.659,461.22,1262,137.29
35.807,455.9,1427,171.53
32.536,458.47,1543,197.56
30.991,472.7,1499,175.72
28.584,484.92,1209,187.39
24.035,485.28,763,134.86
18.176,488.73,540,121.24
24.746,489.01,527,93.098
22.684,494.06,438,91.709
13.029,495.53,470,88.409
12.283,501.81,336,89.178
-3.0431,515.36,1177,202.95
-0.29358,520.38,1107,147.95
-0.32304,512.33,1269,165.16
-5.9394,509.29,1209,154.56
-5.7123,520.19,995,134.34
-11.639,521.41,907,141.93
-7.4718,517.39,1103,165.33
-8.705,524.56,804,155.16
-15.809,520.27,924,145.57
-3.3746,518.46,1002,170.63
2.8749,521.75,898,169.85
-7.4049,517.31,1068,171.23
-16.159,515.48,1005,140.99
-19.449,522.42,735,115.48
-21.894,528.02,558,111.64
-21.894,528.02,558,111.64
