0,-0,216,53.484
-2.4437,-1.7434,159,49.927
-1.6026,-2.4112,181,47.777
-2.1031,-0.17957,193,52.243
-1.3278,0.83123,269,62.746
0.65765,-0.32894,251,56.296
0.60328,-1.6337,220,56.676
-0.87748,-1.1777,224,56.146
-0.93275,-0.89682,278,60.025
-1.5723,1.586,346,69.288
-1.0711,2.7231,297,70.346
-2.7689,1.5299,391,75.954
-1.8787,-0.4392,249,62.837
0.029409,1.1045,349,71.893
1.5541,3.4642,348,68.56
2.9222,3.546,301,70.702
4.2,4.5707,733,97.175
4.1334,4.0028,774,101.84
4.1054,4.8233,775,99.193
2.5333,5.2515,798,101.41
1.296,3.4019,810,102.46
2.4926,1.5551,822,104.81
3.4554,3.4516,804,100.02
3.6466,3.8384,870,105.95
4.6803,4.3987,877,105.55
6.9256,5.3114,905,106.64
8.3778,5.1888,929,109.28
10.014,4.2748,932,107.98
10.029,0.97424,1012,115.45
10.377,-1.5347,1139,123.38
9.671,-3.1155,1173,128.25
11.065,-4.2684,1177,128.34
12.896,-2.5258,1210,131.41
11.564,1.347,1281,137.3
10.16,3.0524,1245,137.48
14.12,5.5359,1245,136.45
16.04,9.9453,1314,139.25
20.265,12.657,1320,144.06
22.167,16.237,1375,156.17
23.87,15.415,1258,144.84
23.685,15.931,1252,138.5
22.04,15.679,1338,144.9
21.589,15.616,1429,151.57
20.719,15.397,1489,154.61
20.067,14.899,1542,157.7
19.841,14.918,1602,162.99
19.383,14.846,1631,162.61
19.439,15.243,1651,168.45
21.349,15.713,1727,170.94
22.17,15.901,1746,167.45
22.59,16.257,1704,165.44
19.793,15.286,1606,160.87
18.52,13.059,1557,156.69
18.998,9.9134,1509,154.13
14.954,8.5933,1453,146.75
11.973,12,1418,147.89
16.321,14.389,1505,157.83
20.589,16.624,1555,163.15
22.759,20.956,1593,162.2
26.736,22.565,1553,164.21
27.171,22.149,1464,149.38
28.282,19.078,1492,153.07
26.84,20.548,1523,148.76
23.897,17.729,1466,147.61
21.979,14.781,1607,169.84
19.879,10.217,1573,155.68
19.371,6.5349,1539,151.1
16.512,7.4203,1605,160.4
19.957,11.916,1672,176.28
23.837,18.069,1612,167.79
26.3,24.18,1605,158.26
29.476,27.805,1572,153.84
34.263,27.464,1508,150.15
34.986,28.479,1538,147.77
34.255,28.553,1488,147.8
34.241,27.932,1527,151.73
34.294,23.6,1611,154.29
31.425,23.761,1559,158.75
28.325,19.853,1624,155.84
27.786,19.822,1725,165.07
27.013,19.115,1830,177.54
25.811,18.963,1966,185.96
25.466,18.317,2065,193.24
24.66,18.255,2092,196.08
24.567,17.933,2121,192.92
24.054,17.505,2213,193.42
23.084,16.916,2265,195.19
23.459,16.917,2284,196.6
25.553,17.497,2231,192.29
26.568,18.3,2074,183.53
26.536,19.358,1893,174.3
25.509,20.915,1750,166.02
25.052,19.631,1693,168.28
23.155,15.272,1671,163.7
20.068,12.949,1689,163.37
18.419,8.9974,1662,162.23
18.853,7.5199,1618,157.88
20.855,12.098,1615,158.65
23.103,16.635,1731,170.12
27.61,20.202,1782,175.83
30.5,24.662,1784,173
33.933,25.774,1704,157.29
32.362,25.687,1673,150.4
31.946,22.42,1645,153.54
29.161,18.727,1734,167.53
22.875,16.31,1768,178.08
20.887,12.28,1811,181.22
21.25,8.4703,1718,167.45
18.531,11.329,1639,161.03
15.881,14.613,1640,159.23
19.778,17.154,1674,163.62
27.473,20.074,1724,161.86
32.3,24.201,1809,163.13
36.764,30.547,1741,159.21
41.735,32.766,1669,159.77
43.848,33.695,1668,163.16
39.848,34.528,1773,176.42
41.831,34.679,1796,186.67
45.226,38.056,1763,170
48,37.232,1730,171.88
45.526,35.153,1787,178.38
41.371,29.047,1824,172.3
36.69,28.886,1762,161.89
35.891,29.755,1801,166.33
37.214,32.803,1800,166.48
40.085,36.127,1867,178.67
42.602,38.225,1847,174.92
45.454,37.302,1840,175.3
45.341,35.11,1875,180.12
41.431,34.843,1786,171.7
39.922,35.424,1848,181.43
38.851,34.331,1866,187.92
37.295,37.589,1850,171.73
40.447,40.269,1779,167.89
45.957,43.884,1786,170.71
49.219,43.192,1784,175.99
47.971,39.138,1802,168.6
43.125,34.849,1753,160.91
37.297,30.85,1824,171.67
33.635,29.009,1752,168.27
36.351,30.945,1707,164.6
35.63,35.721,1630,153.69
38.159,38.037,1747,164.82
42.428,44.124,1753,164.31
45.496,48.842,1764,167.64
48.689,49.615,1730,172.1
48.049,45.917,1763,175.28
49.12,40.549,1746,164.4
43.216,37.317,1737,164.2
40.379,35.417,1818,177.04
39.984,39.688,1752,170.01
44.774,44.869,1682,160.16
48.212,50.172,1697,170.67
49.115,52.079,1754,175.44
48.198,52.008,1776,177.26
46.188,49.848,1788,177.7
45.084,48.6,1802,182.69
44.229,47.301,1783,175.21
45.47,47.489,1771,179.55
45.078,47.366,1793,181.22
46.444,47.41,1805,176.35
45.917,48.581,1777,177.37
47.866,50.612,1822,183.35
48.617,52.208,1802,178.64
48.164,52.173,1822,185.69
50.851,51.79,1819,186.86
46.111,48.963,1747,174.99
43.768,46.806,1774,186.14
44.997,52.095,1720,175.32
47.941,56.992,1702,169.27
48.701,60.128,1686,171.34
51.795,62.159,1655,166.23
49.45,55.419,1608,163.53
48.452,54.646,1712,173.52
47.94,53.097,1939,181.51
48.06,52.813,2022,188.96
47.227,51.743,2137,191.57
47.335,51.281,2217,197.08
47.214,50.645,2300,199.82
46.39,50.357,2339,201.4
46.233,49.634,2385,202.08
45.499,48.37,2378,200.78
45.593,48.08,2446,203.85
46.532,49.616,2420,205.89
47.602,51.474,2302,197.93
48.339,48.27,2121,184.28
44.999,43.988,1996,179.37
42.847,39.388,1894,171.7
40.312,34.32,1783,167.94
36.776,33.772,1710,165.52
37.092,40.464,1729,168.78
43.103,47.605,1807,175.58
47.852,54.739,1879,176.03
51.553,60.049,1844,173.72
50.622,59.966,1820,172.28
49.77,54.469,1828,177.28
48,47.271,1984,182.26
45.438,42.809,1920,161.94
45.314,43.747,1769,160.72
46.821,48.594,1964,191.9
48.055,56.021,2011,197.93
50.819,62.827,1970,192.5
53.399,65.192,1805,184.99
53.625,66.726,1777,176.34
55.447,64.396,1795,174.64
53.498,56.708,1829,169.04
47.596,50.226,1906,180.7
48.305,47.933,1873,186.5
45.757,47.69,1860,183.71
46.167,52.993,1835,183.75
48.685,57.864,1883,193.62
50.261,63.625,1927,194.49
53.673,65.614,1932,202.94
54.787,64.15,1915,204.55
55.315,62.331,1890,189.92
54.351,58.598,1814,183.22
52.85,55.151,1705,165.08
53.986,54.649,1754,168.74
50.095,54.044,1828,180.57
50.067,57.222,1858,183.6
52.936,64.556,1831,168.57
55.968,70.135,1767,174.03
57.457,72.394,1919,199.42
57.807,75.112,1941,201.24
59.676,78.604,1849,199.87
61.809,81.561,1887,211.92
65.622,83.049,1935,221.7
63.803,75.772,1961,237.8
58.313,64.942,1970,226.02
53.502,55.1,1892,188.8
54.473,49.372,1783,167.98
55.353,57.746,1678,163.8
57.112,66.259,1816,181.8
60.922,76.45,1892,196.4
64.86,84.967,1866,195
68.078,92.835,1795,194.68
71.26,95.508,1734,196
71.263,96.186,1576,174.79
74.376,93.004,1568,162.1
67.898,84.384,1722,178.99
62.521,71.711,1742,176.22
62.467,63.953,1685,166.14
60.945,61.129,1666,165.3
56.569,53.732,1738,176.69
54.896,47.423,1642,162.2
51.166,49.416,1570,160.62
44.455,50.86,1620,154.06
49.622,58.255,1798,185.06
56.794,67.83,1798,175.05
62.218,77.004,1848,185.79
66.299,87.715,1880,193.61
73.206,95.941,1840,185.03
78.38,102.61,1747,177.35
83.49,107.9,1640,167.12
85.596,107.6,1573,162.6
86.105,108.28,1578,163.23
84.949,111.63,1571,157.61
85.583,111.87,1617,169.06
85.105,110.71,1669,172
88.955,114.94,1690,170.24
92.544,120.09,1457,147.05
95.59,120.71,1489,162.24
100.37,129.09,1394,140.79
105.88,132.66,1318,141.43
105.33,137.1,1377,153.02
110.56,142.85,1377,160.93
114.89,147.62,1348,155.02
116.48,152.52,1449,164.27
118.85,158.26,1385,160.92
121.82,162.7,1324,149.93
122.33,164.31,1156,137.28
125.46,163.93,1058,134.26
124.08,161.09,1149,144.42
122.17,161.96,1172,137.58
123.74,166.57,985,114.46
123.07,171.97,1073,119.91
129.03,171.94,992,113.79
129.75,172.89,1053,124.17
128.92,175.05,1217,133.16
132.66,177.4,1054,117.64
138.63,178.6,856,106.39
138.97,175.3,880,111.78
132.06,170.81,1134,132.17
127.95,163.96,1242,143.57
121.06,155.21,1495,162.33
116.81,143.69,1497,159.65
108.13,135.32,1582,165.22
107.49,129.65,1526,156.51
102.74,131.22,1658,153.85
103.42,130.54,1691,161.2
104.97,135.05,1556,148.69
106.91,134.01,1652,160.68
107.4,138.92,1719,176.3
113.03,145.81,1714,175.09
117.59,149.44,1740,175.59
122.46,155.82,1725,176.84
123.38,158.38,1738,171.05
124.09,160.91,1741,173.87
124.38,161,1772,183.47
125.46,159.56,1729,175.04
125.08,160.48,1711,172.84
118.92,152.26,1756,186.26
114.98,144.26,1603,165.7
116.06,140.85,1419,145.56
114.85,142.18,1293,140.09
113.74,147.21,1358,146.53
116.93,154.49,1384,149.89
119.12,160.7,1477,156.97
120.78,161.79,1578,165.71
120.76,160.17,1596,166.56
120.54,160.43,1609,160.67
119.33,159.84,1618,159.99
120.77,160.24,1596,157.67
124.72,161.95,1657,167.94
120.6,160.42,1556,150.95
119.62,155.79,1546,165.69
123.83,167.1,782,108.48
120.73,164.82,1291,138.8
121.72,169.67,1320,142.07
125.48,173.41,1333,145.48
126.85,168.46,1403,154.89
120.52,156.43,1387,147.09
117.07,152.49,1333,141.14
118,154.35,1425,154.9
118.59,159.29,1488,165.16
123.05,161.78,1499,160.32
125.53,164.06,1429,152.62
124.78,166.59,1447,152.59
126.18,166.96,1415,147.84
124.25,165.67,1378,148.94
126.15,161,1473,168.23
122.69,160.06,1344,148.28
125.34,168.59,1325,143.97
133.48,171.7,1258,137.57
133.88,174.82,1229,135.57
136.77,178.38,1181,129.05
136.31,175.52,1109,121.46
130.6,169.37,1243,136.16
123.9,160.71,1303,143.12
121.95,162.27,1256,134.29
128.27,170.38,1350,143.22
134.92,178.48,1259,127.94
136.3,176.3,1098,121.8
129.96,170.95,1123,125.9
130.91,169.45,1130,121.19
130.18,173.1,1206,127.82
132.18,175.54,1198,124.07
130.43,174.86,1227,125.01
130.02,171.8,1235,127.53
127.06,167.67,1258,133.08
125.77,164.82,1330,142.22
124.81,167.87,1278,134.11
125.92,171,1292,138.39
128.99,170.4,1374,143.02
131.4,169.69,1309,132.57
127.08,166.97,1242,134.86
121.65,162.13,1359,147.43
122.35,158.17,1500,171.94
121.96,160.91,1419,148.09
121.2,167.09,1344,140.68
128.88,178.08,1303,129.03
136.42,180.46,1280,134.85
132.98,173.03,1335,143.58
125.6,163.23,1392,146.82
116.82,160.9,1388,154.93
123.27,167.34,1390,148.13
135.16,176.15,1284,131.4
131.95,174.48,1300,132.24
129.02,167.97,1438,153.29
129.49,169.21,1395,140.57
132.56,173.23,1360,138.68
133.29,173.63,1404,142.74
132.06,171.46,1408,142.55
132.28,171.28,1413,138.26
130.63,171.46,1362,138.72
130.54,172,1368,136.77
132.13,172.92,1409,140.05
132.82,173.2,1397,137.44
134.12,173.38,1329,134.69
131.67,171.77,1348,134.69
132.85,172.95,1365,141.91
130.7,171.27,1405,137.61
131.82,170.79,1371,138.7
130.53,173.53,1330,131.13
132.9,171.11,1369,137.14
132.77,173.43,1324,129.11
133.8,172.54,1355,133.86
133.53,171.77,1344,131.66
132.12,173.61,1330,132.54
128.64,169.09,1383,142.26
133.86,167.93,1395,143.96
131.97,163.38,1459,165.01
121.21,152.69,1580,173.77
116.74,140.08,1660,187.17
106.04,128.34,1725,200.45
95.572,120.24,1710,190.84
86.695,108.46,1781,182.78
77.671,97.33,1727,180.37
70.464,83.816,1720,186.46
67.733,70.18,1736,194.58
62.832,58.542,1700,176.06
57.81,46.439,1683,172.15
52.008,33.966,1653,185.85
44.41,22.682,1687,192.47
34.191,8.6535,1672,192.51
22.673,0.52109,1700,181.71
7.1895,1.8521,1651,166.36
10.286,-2.8099,1579,159.19
16.748,-4.1107,1587,171.13
11.24,5.4356,1641,164.5
13.444,11.769,1574,165.64
23.517,24.184,1636,178.73
34.404,35.485,1602,173.45
45.191,47.764,1728,179.12
51.649,62.055,1623,166.39
51.766,74.581,1664,171.98
56.215,86.205,1578,160.01
63.937,97.681,1596,165.31
71.216,105.79,1622,166.31
83.573,116.5,1598,159.71
92.997,126.88,1558,154.69
98.309,136,1554,165.28
104.63,142.49,1487,154.66
111.07,150.32,1496,168.09
121.08,162.89,1451,146.21
128.15,175.62,1502,155.34
136.61,178.34,1395,141.41
132.22,176.39,1370,139.27
127.8,166.8,1398,140.54
123.31,169.17,1417,152.49
126.89,173.85,1470,146.38
130.21,178.66,1380,141.11
131.58,178.77,1311,130.59
130.4,173.95,1293,133.94
125.59,168.22,1438,141.44
123.73,173.82,1365,143.19
129.41,178.08,1357,143
132.81,175.52,1307,128.84
129.29,170.98,1370,137.16
126.71,170,1445,146.09
126.98,173.75,1462,142.13
131.65,181.02,1345,135.33
133.72,181.41,1361,137.96
132.02,176.13,1310,132.65
130.45,171.61,1239,129.18
124.55,168.2,1385,144.59
119.48,169.28,1505,162.53
125.05,171.32,1499,172.85
128.21,175.69,1341,136.13
128.54,181.75,1240,128.08
128.05,175.39,1407,147.91
128.9,165.84,1316,137.19
122.41,168.35,1278,142.03
126.99,176.66,1464,151.99
132.94,183.85,1456,146.46
137.04,179.85,1399,145.35
126.18,170.44,1449,149.63
123.83,171.85,1423,151.76
129.95,181.47,1372,136.26
131.29,186.92,1251,130.85
133.74,178.29,1413,153.03
128.47,167.78,1379,139.16
124.99,174.06,1325,135.6
133.19,183.05,1360,133.37
134.74,181.09,1301,136.79
132.87,173.09,1458,145.7
133.05,176.52,1392,135.09
134.27,176.62,1452,140.87
132.05,175.72,1469,140.06
133.68,176.04,1394,134.16
131.68,176.59,1420,138.03
132.34,174.52,1458,142.16
133.68,177.41,1458,139.62
132.79,175.12,1401,137.2
129.39,173.93,1469,142.09
133.7,179.29,1420,138.42
135.11,176.7,1421,139.04
132.54,177.46,1410,137.89
134.98,176.72,1409,133.98
133.15,175.87,1409,138.56
132.61,176.1,1436,139.25
134.28,176.35,1394,140.4
133.21,174.91,1418,141.06
138.84,181.65,1387,144.51
133.19,174.17,1344,134.84
127.92,170.1,1320,138.49
128.73,160.94,1452,169.51
124.89,153.93,1627,196.23
114.06,141.93,1703,190.07
105.25,131.55,1754,205.32
92.722,122.19,1736,201.51
84.198,110.88,1744,188.63
75.278,95.791,1750,195.42
68.289,78.259,1778,207.09
63.384,62.484,1810,201.4
58.097,48.714,1726,196.81
49.11,35.825,1814,194.51
37.858,25.006,1750,181.8
30.571,15.875,1733,168.16
18.054,4.4277,1728,165.75
10.966,-3.5951,1691,156.22
7.0175,-4.4419,1644,154.68
9.4902,-8.339,1577,154.55
9.9466,-1.3194,1682,172.84
6.2385,8.5516,1567,156.03
17.578,8.653,1550,161.48
19.918,20.918,1648,171.63
14.347,26.33,1764,177.5
26.33,32.801,1623,168.66
41.761,41.197,1591,163.65
46.771,54.31,1735,181.8
47.179,65.444,1756,170.54
58.706,74.707,1665,159.48
55.378,83.968,1694,177.78
63.771,88.438,1738,198.24
75.565,100.64,1751,183.06
76.483,113.66,1745,184.16
84.513,122.71,1683,172.34
95.111,131.77,1651,172.3
101.1,143.12,1660,178.56
105.92,151.49,1593,165.64
113.58,162.29,1599,166.84
121.76,173.08,1524,161.27
128.16,181.52,1474,153.54
130.46,186.97,1399,140.13
136.69,181.51,1371,144.22
130.66,171.91,1479,159.35
124.65,168.86,1416,146.13
124.44,174.92,1346,144.56
126.54,178.14,1500,158.24
128.23,178.04,1433,141.16
127.98,177.89,1432,150.87
129.98,177.31,1528,157.56
130.49,176.21,1535,152.6
124.64,175.43,1537,159.32
125.62,174.84,1445,150.74
124,181.91,1371,139.49
130.81,180.96,1346,134.47
130.43,182.99,1268,130.47
133.44,181.18,1290,134.87
132.78,180.76,1364,148.63
130.75,177.69,1464,154.84
125.24,173.24,1487,160.28
129.22,177.59,1539,157.03
129.71,187.4,1379,138.22
139.95,186.19,1354,141.91
136.7,181.63,1452,151.22
127.52,169.38,1417,142.37
123.59,171.98,1526,160.33
130.6,180.27,1531,155.78
136.05,186.83,1400,144.09
138.77,186.94,1422,146.66
136.02,177.74,1564,152.97
131.4,181.54,1455,148.98
134.92,179.18,1454,143.17
134.89,181.78,1420,136.78
136.5,176.81,1448,139.82
132.74,179.81,1482,148.14
136.94,180.01,1430,138.63
131.18,178.06,1513,152.71
134.04,173.29,1615,158.61
132.13,171.4,1646,165.28
130.9,173.11,1606,163.27
136.36,178.6,1471,149.07
132.62,178.66,1417,149.69
130.06,169.61,1601,172.87
126.01,160.33,1655,188.37
118.62,151.68,1801,215.88
106.83,140.8,1910,224.81
96.177,134.16,1909,227.17
91.408,125.13,1846,216.18
87.104,114.42,1818,226.83
83.719,103.28,1767,213.72
79.692,87.843,1840,233.08
73.879,71.594,1862,238.95
61.511,57.081,1823,232.63
55.121,40.498,1840,231.63
44.718,26.31,1784,216.42
33.791,14.212,1716,193.16
23.448,0.18362,1755,190.43
15.324,-7.3806,1654,172.81
4.1987,-3.949,1570,156.94
0.2095,3.5633,1520,147.56
9.4068,5.9174,1765,193.49
11.184,16.95,1785,174.2
19.343,24.29,1795,186.54
31.066,38.837,1731,170.66
31.67,52.153,1721,177.55
38.572,58.199,1750,196.36
49.847,73.088,1774,191.41
57.095,86.776,1715,188.29
64.118,95.858,1732,185.81
75.449,107.19,1647,168.95
83.589,120.61,1674,169.8
93.011,126.49,1750,191.41
100.1,133.91,1622,162.18
92.777,132.43,1614,175.65
89.708,124.69,1680,172.36
97.44,122.84,1629,177.93
99.049,137.58,1700,175.72
107.04,150.1,1668,174.18
110.93,163.73,1678,180.82
119.69,175.1,1620,165.16
124.54,179.08,1641,169.56
122.92,180.74,1521,155.36
120.8,172.09,1535,160.21
118.55,170.82,1635,191.01
118.04,162.96,1643,176.64
113.07,155.67,1678,191.52
107.04,144.26,1718,196.77
100.44,138.67,1672,182.6
104.6,137.43,1607,172.11
112.09,147.45,1565,167.78
118.4,154.9,1651,174.76
125.3,167.38,1631,174.23
134.48,179.96,1562,158.33
141.38,182.46,1511,147.96
136.96,179.89,1498,158.31
127.79,175.78,1623,170.23
130.14,182.36,1578,165.74
132.28,188.86,1529,159.05
140.05,193.42,1418,147.08
132.59,192.09,1511,163.41
135.87,184.63,1427,143.71
134.12,177.59,1441,156.86
126.52,181.18,1527,166.55
132.68,191.76,1450,154.41
137.57,195.76,1311,136.71
137.14,191.12,1263,132.94
132.02,187.43,1281,132.5
131.64,185.79,1262,131.83
127.03,186.82,1345,135.82
134.39,189.54,1288,134.9
131.43,186.14,1432,152.46
130.67,184.06,1431,167.34
125.38,181.3,1474,154.91
124.58,183.09,1438,155.29
129.09,185.72,1439,161.48
132.9,190.04,1591,169.1
130.98,193.05,1522,165.86
130.02,190.58,1453,163.94
135,186.11,1415,156.13
129.16,190.68,1310,141.65
127.62,192.95,1236,132.03
133.05,194.41,1229,131.97
135.91,194.66,1277,133.74
137.35,189.97,1378,143.27
129.19,181.89,1388,143.72
118.96,183.09,1458,152.21
122.6,191.3,1453,152.67
134.93,194.85,1411,141.43
135.03,190.15,1429,163.47
131.32,183.09,1547,169.24
132.81,190.43,1417,146.78
133.88,190.75,1509,154.5
128.94,184.48,1537,162.98
126.88,191.4,1492,153.35
133.55,198.01,1467,158.81
132.87,195.11,1553,170.38
135.57,193.94,1478,158.08
136.21,193.95,1476,152.26
135.54,197.8,1376,137.21
135.66,184.95,1494,157.32
132.38,182.87,1504,145.17
139.41,190.27,1337,134.91
143.58,186.7,1269,137.1
140.48,178.83,1405,148.15
131.92,177.79,1509,161.08
132.82,170.56,1523,165.4
128.17,165.96,1685,195.05
127.02,157.25,1684,226.24
118.87,145.32,1743,241.8
109.51,126.96,1793,245.34
99.2,111.34,1798,252.43
84.133,96.129,1868,265.26
76.953,76.373,1828,248.65
67.793,58.572,1833,240.81
54.298,42.412,1849,240.42
47.129,24.609,1781,229.6
35.847,9.0015,1723,210.93
21.749,-3.8171,1742,203.82
12.397,-8.0543,1578,169.71
3.9962,-2.7428,1593,165.82
3.2332,10.067,1505,153.3
11.825,-1.5531,1560,153.36
21.016,-6.1725,1557,173.1
14.459,-11.78,1440,148.79
15.186,-13.752,1551,167.16
19.303,-3.2615,1597,185.1
32.602,10.757,1504,157.68
38.272,27.513,1605,171.94
42.005,42.649,1716,178.6
41.988,45.935,1730,172.31
52.154,61.64,1614,164.66
59.191,76.986,1589,154.98
68.118,91.515,1612,162.59
77.141,106.29,1692,182.55
82.74,121.69,1649,174.82
96.157,132.29,1646,171.67
108.32,145.61,1659,170.26
116.66,163.07,1729,192.42
120.49,178.84,1680,171.33
121.36,188.86,1638,157.73
127.61,192.64,1450,157.49
130.89,196.24,1377,145.74
136.67,200.76,1404,158.42
144.87,200.22,1451,170.1
142.62,189.34,1508,176.2
136.28,184.75,1530,152.06
134.48,192.34,1489,143.84
141.48,189.74,1477,147.27
134.27,187.93,1533,158.04
136.98,188.23,1632,160.95
142.18,189.72,1476,155.57
133,184.59,1646,172.15
140.86,190.28,1495,146.24
134.63,199.4,1510,170.43
141.48,191.72,1558,161.83
147.01,189.82,1495,175.93
136.35,195.68,1447,156.27
141.35,198.03,1420,148.52
148.93,192.78,1452,156.26
136.51,192.34,1494,159.39
132.76,192.99,1543,160.44
139.93,202.58,1359,135.93
135.66,192.32,1428,152.44
137.26,197.74,1541,155.92
127.31,198.08,1601,160.34
133.27,201.44,1466,150.7
140.86,199.63,1423,155.57
140.59,201.21,1464,153.78
128.81,200.46,1552,173.59
133.91,200.02,1497,151.8
138.46,195.12,1537,169.55
142.65,202.81,1478,161.48
148.07,198.21,1456,149.27
143.4,195.32,1443,149.95
137.9,199.69,1520,171.38
145.05,199.51,1495,157.94
145.51,199.55,1367,134.18
141.09,198.2,1400,150.81
135.1,198.5,1364,147.68
133.02,196.11,1260,138.11
133.42,204.17,1356,158.33
132.61,203.35,1275,143.52
142.34,210.4,1280,138.03
142.12,207.76,1120,125
130.43,205.59,1329,144.67
126.91,208.41,1402,142.67
139.3,209.9,1348,150.91
147.68,210.6,1369,151.82
152.78,201.88,1295,139.52
142.27,208.16,1305,132.77
129.67,207.28,1109,125.08
138.05,207.97,980,113.49
136.11,212.82,1162,128.97
143.04,206.67,1291,143.87
148.23,213.13,1129,122.56
136.93,213.5,1173,131.76
133.67,210.13,1263,135.14
145.4,214.03,1196,125.38
151.76,217.21,1221,137.33
146.34,213.01,1386,155.29
143.65,198.7,1444,161.67
135.56,203.25,1419,164.83
118.89,205.02,1409,161.04
117.14,209.12,1346,139.61
127.17,211.75,1088,125.71
138.48,204.57,1138,132.29
128.58,206.87,1230,144.33
122.34,192.86,1413,165.18
130.04,176.32,1576,200.79
131.01,163.21,1607,202.53
127.5,153.56,1686,212.77
116.18,135.06,1696,213.4
102.94,120.8,1765,223.8
81.774,112.05,1778,206.98
65.881,104.08,1846,210.1
58.681,93.604,1720,200.89
65.182,86.091,1696,192.36
61.738,87.759,1539,158.28
52.467,77.967,1460,152.6
48.215,69.685,1350,161.43
56.994,61.516,1667,217.74
51.584,46.02,1606,198.71
60.459,47.199,1587,184.72
63.439,61.213,1603,179.65
66.272,78.688,1581,168.1
67.713,83.133,1705,194.13
76.634,93.835,1743,210.92
77.912,110.14,1672,176.74
90.385,126.38,1590,153.52
97.964,140.57,1606,157.81
104.13,157.43,1546,163.21
105.3,175.07,1525,161.92
111.1,190.28,1612,177.07
117.82,202.88,1621,159.43
126.02,214.67,1519,168.57
136.24,217.2,1263,132.6
138.19,210.93,1450,169.5
136.88,210.16,1283,129.87
137.24,209.41,1500,163.72
134.87,208.63,1551,153.03
134.21,207.33,1708,156.34
133.44,206.39,1816,160.67
132.59,205.72,1868,161.86
131.15,204.35,1948,164.65
129.6,203.15,2002,167.08
129.62,202.18,2038,168.84
129.12,201.81,2056,171.56
128.44,201.19,2074,176.23
127.28,200.81,2072,175.92
126.38,200.45,2058,180.91
128.23,199.95,2074,188.15
126.03,200.13,2058,191.36
125.67,199.35,2056,193.18
125.48,201.91,2019,192.78
123.57,201.47,2058,200.13
125.44,204.24,1965,183.18
123.73,208.27,1785,163.8
127.59,208.98,1590,157.75
130.52,203.12,1565,162.46
127.91,204.2,1563,162.72
126.53,213.06,1368,137.92
130.54,210.06,1297,141.84
131.76,201.58,1307,141.28
133.37,200.84,1279,138.38
122.89,208.22,1346,141.01
118.7,215.53,1273,134.98
114.01,213.54,1257,139.29
127.28,213.32,1195,137.04
137,215.39,1387,151.19
133.55,216.2,1591,166.82
142.31,222.1,1526,161.28
150.78,226.52,1448,162.04
150.28,225.42,1577,183.51
142.15,221.69,1662,204.17
139.82,214.57,1622,188.63
142.95,217.02,1654,198.66
141.76,222.18,1606,192.1
147.6,224,1551,180.53
149.33,230.71,1460,157.32
152.77,228.39,1371,152.03
147.89,230.81,1426,167.29
157.19,238.46,1228,139.84
162.04,246.73,1117,127.93
160.35,252.11,1131,130.53
161.63,259.08,1134,136.41
162.28,270.8,1048,126.25
164.42,276.53,842,124.37
160.71,274.61,630,92.8
159.27,272.23,486,83.587
159.56,274.02,557,94.14
158.89,274.68,463,85.589
158.58,276.04,533,97.828
158.61,273.05,544,91.609
157.02,274.39,614,94.297
159.24,277.19,614,91.536
162.54,279.65,720,101.21
164.21,273.85,790,111.53
167.96,272.01,954,124.38
166.7,260.68,931,124.19
171.32,254.53,1093,132.65
175.62,244.14,1148,144.43
176.95,239.26,1094,128.25
170.67,232.57,1293,148.96
156.14,226.98,1429,172.83
138.99,217.22,1575,189
122.44,203.23,1585,188.11
112.49,187.76,1610,184.38
117.71,189.02,1498,164.52
106.55,193.51,1368,159.1
105.46,202.62,1338,167.32
107.25,217.06,1361,157.46
105.41,228.34,1376,154.22
104.21,240.39,1295,144.13
108.73,246.83,1384,159.56
109.05,256.61,1378,153.46
106.92,267.89,1327,151.46
114.12,274.61,1113,137.32
110.08,271.72,1025,130.56
111.24,261.02,1036,136.75
111.99,262.82,1151,163.94
113,276.6,1032,138.87
119.54,281.58,1057,126.71
118.17,271.43,884,116.53
118.23,263.96,978,119.22
112.54,267.19,1191,144.17
115.44,253.94,1282,152.87
116.24,241.83,1137,135.24
120.65,240.7,1208,136.47
135.15,231.68,1245,145.81
155.15,236.7,1365,156.76
169.26,243.89,1444,155.96
167.86,251.83,1406,153.56
166.31,261.8,1417,162.77
166.58,268.49,1384,166.35
162.31,266.01,1393,149.73
171.94,261.99,1363,176.4
165.32,261.89,1420,158.12
170.81,274.16,1167,126.87
169.72,282.31,998,116.04
169.65,277.12,981,118.09
170.26,286.29,946,117.5
168.63,273.58,1078,134.95
170.66,265.58,1132,126.54
171.87,253.6,1035,121.8
171.92,248.72,1278,146.06
183.17,248.53,1250,146.88
171.57,258.39,1391,160.51
175.19,266.55,1269,145.17
182.38,260.42,1184,137.95
170.38,264.66,1381,140.34
167.94,264.31,1194,149.57
163.15,270.13,1405,183.68
160.28,286.08,1186,135.53
167.8,294.48,1189,139.07
169.48,289.17,1393,196.17
173.13,302.06,1352,181.58
180.6,316.15,1316,164.36
182.75,326.89,1163,148.31
192.84,336.97,932,116.1
194.16,333.63,763,107.89
192.83,330.5,1076,133.97
186.15,339.13,932,134.33
195.17,348.69,973,121.52
195.79,360.31,1060,126.53
194.19,370.66,1147,129.27
197.29,378.81,1021,124.58
192.86,381.29,1201,146.59
200.01,387.94,1147,140.57
202.04,400.95,1062,128.15
201.6,409.85,1052,137.09
202.16,421.92,1015,127.16
203.08,432.3,1024,130.32
206.73,440.15,1023,129.87
212.73,449.12,834,113.07
205.59,443.49,762,108.86
201.87,436.95,963,128.34
210.92,442.75,973,133.95
204.53,447.22,655,96.025
209.84,453.49,512,89.839
210.97,452.95,469,89.169
212.17,446.63,778,109.01
209.43,455.39,311,70.238
213.74,462.22,949,128.45
220.68,461.61,1037,145.96
213.26,465.22,976,149.65
220.93,467.28,892,133.93
222.88,477,811,125.06
223.38,480.21,801,129.14
223.19,474.63,649,102.67
227.39,476.64,679,112.89
224.37,476.04,609,93.172
224.68,475.83,580,86.995
230.51,480.08,539,88.21
233.18,478.08,512,85.051
225.89,476.99,494,91.022
220.8,473.38,536,85.812
223.09,461.82,608,113.81
219.44,461.02,607,104.06
212.5,457.47,718,133.59
219.27,447.89,704,115.91
214.79,459.2,824,121.61
225.05,472.61,793,114.77
236.62,480.92,738,108.89
233.87,477.45,761,109.2
239.49,475.79,713,98.242
232.93,479.39,768,106.14
220.38,472.31,779,107.85
225.75,476.47,831,120.34
230.96,486.91,736,124.46
238.33,489.3,649,96.43
240.31,489.56,667,108.74
240.04,490.72,698,102.77
239.52,489.04,513,114.28
245.88,493.27,453,85.787
251.93,501.99,342,83.017
249.54,495.13,237,73.473
258.7,520.83,1064,126.18
261.38,520.94,1074,134.29
259.89,527.91,1022,141.92
267.15,535.71,689,110.47
277.03,538.63,618,105.02
268.82,541.15,589,94.719
265.64,534.46,770,123.7
261.99,528.23,978,131.5
268.36,536.13,856,140.25
277.88,541.82,487,93.876
279.67,543.2,365,77.194
292,557.75,732,114.7
296.48,560.65,519,99.929
293.61,555.52,645,114.39
286.7,548.62,868,129.36
284.31,542.11,1064,169.41
276.59,542.98,991,159.75
285.71,550.83,805,127.91
291.73,561.16,626,117.48
291.67,557.01,681,117.46
285.88,546.99,930,136.88
279.13,545.08,1107,144.69
274,543.31,1003,140.87
281.75,552.88,906,126.87
286.18,564.64,656,126.28
289.15,560.62,740,122.97
284.19,549.37,825,123.36
282.61,540.5,1128,141.25
272.27,527.52,1225,145.16
269.74,529.85,1345,172.94
258.94,517.57,1350,167.02
253.09,502.82,1311,161.05
250.29,485.97,1419,176.12
233.57,470.17,1547,190.74
220.06,451.65,1562,188.32
208.63,435.4,1520,174.16
208.11,423.87,1592,187.23
202.03,407.34,1584,187.03
196.65,388.32,1586,192.89
192.7,368.26,1663,215.53
192.2,345.24,1637,204.31
196.88,331.95,1417,158.97
194.54,328.89,1139,133.94
188.96,337.67,1414,174.48
186.85,339.07,1521,183.71
185.42,325.08,1526,169.38
191.24,325.32,1359,142.76
179.55,340.83,1086,140.33
175.46,344,1083,134.88
181.98,350.3,1273,173.6
185.85,364.58,1220,163
183.36,381.39,1190,158.05
184.65,393.4,1241,148.24
194.34,409.2,1209,138.63
191.47,413.23,1403,161.27
198.06,428.64,1450,170.43
206.51,446.8,1347,140.76
205.39,452.18,1376,152.99
210.48,455.38,1518,183.04
216.45,473.34,1455,168.65
224.55,484.16,1393,156.68
228.81,489.83,1369,151.48
236.03,503.97,1358,158.13
237.01,516.97,1380,151.46
239.86,528.73,1311,147.47
249.95,538.09,1308,156.65
260.12,546.68,1284,181.39
260.9,550.81,934,162.53
269.21,556.77,663,131.84
269.68,568.34,359,95.083
290.01,559.08,329,77.36
283.66,548.71,932,132.33
275.45,539.18,1165,145.26
268.77,526.69,1187,146.88
272.8,532.03,1162,171.39
265.29,542.85,1113,185.04
273.24,542.27,855,156.31
275.66,556.12,630,113.98
284.76,563.59,315,105.39
289.44,555.74,524,98.035
282.16,546.88,971,146.89
283.75,544.25,876,144.99
275.52,551.8,702,124.74
275.52,551.8,702,124.74
