0,-0,864,118.78
-0.06133,0.66338,855,117.55
0.76103,-0.03775,867,119.83
0.54287,-1.4402,832,116.72
1.3466,-1.4586,928,122.96
1.5134,-2.0061,958,132.61
-1.4866,-0.84652,981,135.31
0.1859,0.5619,887,122.58
-0.60311,0.97391,825,107.49
0.023397,1.6826,780,100.75
-0.81435,1.5039,810,106.85
-0.52204,0.19084,832,117.8
-0.53928,-1.057,962,132.5
-0.27549,-3.2841,1047,128.82
-2.6434,-5.0345,1026,133.75
-3.2229,-5.9081,1006,119.01
-4.9505,-7.2619,1006,117.22
-4.9617,-7.6268,972,115.92
-4.5902,-8.18,967,109.63
-3.8933,-5.855,969,115.3
-3.9115,-7.0241,927,109.82
-3.2513,-7.8906,996,115.66
-4.3661,-7.8112,1042,118.31
-6.2504,-6.1923,1045,129.74
-7.3381,-2.6228,1143,140.73
-5.906,1.299,1225,139.48
-4.1615,1.6285,1246,138.89
-2.3936,1.6269,1346,150.01
-1.3552,2.8487,1329,156.64
1.1524,1.7446,1461,159.89
3.7228,-0.00070862,1568,166.88
5.4538,-1.2802,1643,196.85
5.6259,-3.5981,1749,216.31
2.6353,-5.8634,1736,214.62
-0.82625,-7.7311,1545,198.95
-2.521,-11.462,1638,182.56
-3.3601,-15.198,1650,169.7
-2.1789,-17.854,1678,159.66
-0.070226,-20.647,1769,156.74
1.196,-21.908,1705,174.73
0.68561,-19,1768,162.73
0.39099,-18.274,1867,169.59
-1.0351,-16.9,1899,169.13
-0.37159,-15.44,2475,190.88
1.2512,-12.906,2510,194.13
-0.34682,-15.415,2530,194.8
0.52614,-16.204,2576,193.32
0.52927,-17.126,2577,191.49
0.16158,-17.527,2630,194.48
0.62479,-19.821,2570,193.22
3.7299,-20.72,2665,201.93
4.4906,-22.612,2579,194.53
3.8845,-24.189,2615,197.05
5.4194,-23.191,2658,195.67
7.9634,-24.598,2628,195.37
7.7611,-26.363,2530,190.58
8.1093,-28.855,2605,192.49
10.051,-29.005,2643,204.05
11.959,-27.599,2699,213.83
12.985,-30.019,2630,200.57
11.516,-30.125,2643,199.99
11.144,-28.27,2637,198.43
9.9361,-27.224,2669,199.34
10.652,-26.656,2669,194.73
11.862,-26.91,2652,192.89
10.197,-30.451,2670,198.51
11.7,-30.344,2681,195.07
12.281,-29.705,2681,194.32
12.983,-32.775,2688,193.85
13.835,-33.801,2708,199.54
15.835,-34.439,2655,196.91
15.693,-36.921,2669,196.27
15.943,-33.229,2684,195.88
16.864,-31.096,2640,191.91
21.895,-31.108,2665,195.5
25.076,-36.341,2643,199.28
28.057,-39.432,2610,197
29.413,-41.479,2652,204.44
29.963,-38.421,2849,230.75
29.951,-36.692,2789,226.67
30.915,-36.794,2814,223.97
32.371,-36.384,2766,224.01
32.378,-37.429,2639,194.39
30.927,-39.734,2668,194.94
30.261,-38.653,2707,206.89
31.061,-37.451,2684,215.27
35.051,-39.332,2777,220.34
35.513,-42.397,2721,211.45
33.871,-44.169,2645,204.58
31.899,-43.075,2662,211.7
30.18,-43.973,2504,190.49
27.592,-43.84,2555,200.9
23.048,-43.122,2718,210.97
20.387,-40.822,2683,219.52
17.548,-36.378,2865,245.86
16.973,-33.693,2845,248.91
21.253,-35.123,2826,253.34
23.517,-36.324,2858,235.29
25.147,-35.883,2710,215.62
27.071,-34.972,2645,204.98
29.763,-35.558,2682,205.55
33.296,-34.899,2732,211.78
38.637,-36.475,2721,208.62
43.575,-39.003,2662,215.22
47.917,-39.164,2780,224.11
49.112,-41.783,2809,228.91
45.744,-43.179,2760,219.95
41.647,-44.476,2721,207.94
37.693,-43.463,2682,208.26
31.573,-40.727,2893,232.7
30.171,-38.696,2815,224.93
27.587,-34.274,2873,241.88
32.38,-33.601,2736,220.75
37.483,-34.507,2504,190.84
43.029,-35.329,2570,203.75
48.227,-36.56,2699,214.83
51.448,-41.508,2852,226.02
53.833,-43.82,2745,219.95
50.032,-47.096,2738,216.64
47.355,-48.166,2701,213.06
39.468,-46.477,2621,196.9
34.693,-45.312,2626,200.39
36.273,-41.856,2639,204.13
42.918,-40.666,2642,203.48
51.171,-40.161,2743,209.67
58.742,-42.558,2871,223.06
61.432,-44.472,2840,222.48
59.63,-49.395,2756,210.14
57.126,-52.817,2710,212.1
52.262,-51.945,2656,209.04
46.976,-48.901,2545,198.59
42.357,-46.548,2783,213.91
42.197,-45.903,2775,219.24
47.054,-41.716,2631,191.32
52.786,-39.751,2639,197.55
58.347,-39.975,2656,204.42
63.474,-42.389,2769,212.58
67.502,-45.072,2800,213.88
65.367,-46.033,2721,215.53
62.932,-49.821,2742,217.29
58.489,-48.648,2707,207.17
49.925,-45.959,2849,224.84
44.907,-43.484,2894,232.43
44.953,-36.976,2860,230.03
51.255,-35.101,2677,212.68
60.031,-36.29,2784,226.4
66.688,-39.759,2801,215.48
71.688,-43.87,2752,209.33
74.891,-45.937,2820,211.66
71.513,-48.452,2727,203.89
65.641,-48.905,2651,196.06
58.863,-49.479,2804,219.44
53.975,-46.908,2773,213.67
47.514,-44.128,2818,216.73
49.522,-43.752,2578,209.63
55.284,-39.213,2801,212.31
64.232,-41.302,2781,210.95
71.844,-44.076,2883,211.96
75.606,-44.383,2866,216.76
75.492,-49.159,2858,217.98
67.92,-50.127,2760,201.57
59.956,-50.628,2722,200.46
52.354,-48.671,2883,227.35
47.755,-46.375,2738,203.66
49.289,-43.194,2759,212.71
58.327,-40.051,2782,210.17
67.169,-44.134,2831,210.87
74.514,-47.356,2943,222.43
74.091,-48.918,2875,217.09
70.515,-51.879,2781,206.46
62.175,-54.146,2658,190.64
56.635,-53.763,2644,200.63
49.401,-50.68,2847,213.02
49.337,-48.833,2819,222.82
54.885,-46.688,2929,232.19
63.695,-46.223,3015,233.57
75.368,-49.446,2946,227.14
82.495,-50.667,2823,213.23
86.86,-53.951,2831,225.31
84.656,-55.597,2990,262.09
79.089,-54.394,3016,252.79
72.935,-55.126,2897,234.3
70.478,-54.411,2792,214.95
68.006,-54.715,2710,200.71
64.888,-50.708,2819,226.64
64.359,-45.204,2916,231.28
68.95,-44.187,2865,238.35
74.232,-47.017,2772,216.59
76.824,-47.432,2679,203.36
76.356,-44.623,2688,200.78
82.19,-44.693,2765,213.21
85.668,-44.211,2791,227.46
87.705,-46.576,2872,230.94
88.269,-47.672,2967,233.61
87.307,-48.161,2927,238.48
86.083,-53.688,2888,226.07
85.53,-55.345,2920,232.23
80.606,-56.625,2748,207.62
74.983,-56.459,2794,210.04
73.351,-53.331,2879,229.88
81.246,-51.129,2844,216.97
86.82,-46.585,2914,222.08
92.235,-48.778,2869,225.13
98.557,-49.858,2925,241.23
102.13,-52.78,2853,234.97
105.47,-54.801,2973,246.28
104.79,-56.329,2893,235.31
102.62,-57.869,2822,229.92
97.398,-55.502,2671,212.5
90.389,-55.004,2684,215.82
82.429,-52.37,2923,232.91
78.962,-51.819,2827,226.57
78.877,-51.495,2746,202.21
82.206,-46.185,2936,227.05
90.106,-44.93,2968,238.38
102,-47.697,2993,227.03
111.03,-47.031,2922,226.32
116.63,-52.141,2915,225.54
116.39,-53.508,2892,230.27
113.86,-57.273,2875,227.48
107.59,-56.486,2817,222.62
95.258,-57.377,2792,210.15
84.383,-56.059,2902,227.05
80.332,-55.309,2846,224.21
82.629,-47.179,2887,226.15
90.483,-42.662,2845,229.18
101.95,-46.549,2895,223.91
112.45,-49.858,2974,231.03
120.66,-50.208,2890,232.18
122.35,-51.751,2650,206.82
118.37,-51.423,2479,202.36
114.69,-50.769,2780,223.71
112.38,-50.871,3097,240.89
111.83,-51.876,3349,253.06
110.19,-51.273,3527,255.96
108.78,-51.407,3673,266.67
107.36,-50.977,3844,274.32
106.43,-50.899,4035,280.83
104.49,-51.328,4114,280.89
103.19,-51.21,4186,286.15
102.69,-51.46,4244,290.18
100.33,-51.577,4220,280.09
100.56,-50.462,4337,288.17
99.611,-50.018,4375,286.63
100.24,-50.341,4367,290.48
100.39,-49.714,4340,289.55
100.42,-50.006,4313,290.29
101.28,-50.074,4192,280.92
102.38,-50.82,4079,277.22
100.96,-51.328,3889,277.78
97.062,-51.26,3774,274.02
93.193,-52.113,3571,272.57
92.13,-51.635,3328,250.92
91.641,-50.51,3209,235.21
93.201,-47.818,3206,230.75
96.451,-48.85,3233,238.21
99.042,-51.435,3392,255.31
102.83,-53.932,3463,265.86
103.04,-52.948,3467,260
103.52,-54.112,3515,263.88
104.8,-54.016,3525,256.38
108.06,-54.403,3532,266.9
108.22,-54.148,3520,271.88
108.51,-53.595,3571,283.16
110.01,-56.236,3663,305.41
112.44,-55.526,3622,286.87
112.1,-51.758,3293,245.86
113.62,-54.892,3230,236.82
114.7,-53.291,3154,244.13
116.83,-53.072,3356,263.66
117.4,-53.304,3543,288.11
121.75,-51.803,3452,277.02
127.33,-52.787,3318,266.97
128.2,-52.978,3228,251.73
126.01,-54.343,2814,210.46
118.28,-55.923,2703,202.42
108.58,-54.71,3022,231.57
100.69,-51.826,3190,256.81
99.933,-50.643,3047,243.35
105.09,-45.15,2899,222.72
113.53,-42.781,2825,218.22
123.7,-45.506,2890,220.79
133.13,-50.053,3090,242.63
140.45,-50.771,3098,243.01
146.13,-54.215,2943,221.97
145.33,-56.291,2841,223.86
134.08,-55.715,3192,253.29
119.64,-57.451,3235,261.65
110.77,-53.757,3018,228.8
106.04,-52.586,3122,241.85
99.594,-55.041,3053,243.7
97.002,-57.731,3009,226.04
101.21,-53.767,2690,205.38
109.28,-49.828,3020,228.48
120.31,-49.261,3249,247.27
133.48,-49.826,3187,235.5
143.68,-50.267,3127,235.58
152.29,-50.988,2946,227.53
156.93,-50.294,2843,219.09
150.81,-53.219,3027,255.81
142.79,-54.535,3264,271.53
138.6,-58.501,3087,241.84
126.38,-53.964,2963,235.77
115.24,-54.088,3095,250.22
110.17,-51.448,2993,233.62
108.68,-50.365,2804,219.15
111.74,-49.435,2809,210.65
116.14,-50.115,2993,224.21
127.6,-49.705,3017,228.3
138.02,-51.541,3105,244.72
148.66,-52.974,3153,240.09
158.94,-51.829,3091,242.72
164.96,-54.209,2833,221.44
165.76,-58.484,2678,209.36
159.48,-57.808,2829,233.52
144.75,-59.599,2857,241.37
134.73,-58.806,2849,237.94
126.09,-57.984,2901,238.18
123.45,-55.007,3010,235.89
133.41,-51.601,3017,246.31
144.64,-50.001,3041,243.82
157.68,-51.466,3033,236.14
168.41,-53.79,2987,236.74
173.44,-55.577,2895,237.01
174.25,-58.663,2954,232.14
169.69,-57.552,3046,253.93
158.44,-59.115,3175,277.98
147.72,-58.159,3142,275.76
143.78,-57.134,2965,243.23
144.9,-54.651,2862,225.67
147.72,-55.608,3149,252.3
150.61,-54.967,2986,223.23
155.19,-56.881,3051,230.08
160.46,-57.15,3095,241.84
170.14,-61.667,3096,245.22
170.12,-63.436,3050,245.15
169.65,-60.99,2882,236.56
171.22,-64.895,2693,220.86
168.6,-65.512,2422,209.62
170.68,-66.526,2366,197.63
164.06,-61.8,2369,207.37
154.73,-59.937,2584,223.13
148.46,-57.461,2812,242.28
139.42,-55.597,3044,270.93
127.73,-58.524,3051,261.68
119.71,-63.041,3170,261.08
112.18,-65.061,3022,248.04
111.4,-68.934,2827,223.06
114.09,-71.656,2896,252.75
124.23,-69.922,2947,242.75
132.09,-67.07,3121,254.77
145.54,-62.979,3018,245.41
158.9,-62.266,3067,246.38
171.39,-63.724,2988,234.68
180.9,-60.034,3052,240.7
189.29,-62.717,2787,224.79
194.82,-61.775,2589,209.05
195.04,-64.8,2725,245.81
191.76,-66.327,2725,257.24
191.08,-67.226,2542,231.6
192.28,-68.276,2387,206.6
189.29,-69.821,2235,188.88
186.5,-71.352,2264,181.16
181.78,-72.39,2517,200.92
177.74,-70.805,2645,211.68
177.43,-65.855,2920,234.39
181.24,-59.296,3018,241.84
185.01,-60.072,2993,249.15
186.46,-60.086,2999,233.24
185.79,-57.469,2953,226.95
192.65,-60.479,2802,209.38
192.33,-58.366,3043,260.94
199.24,-58.324,3021,262.6
207.29,-60.469,2785,231.17
210.44,-60.195,2816,244.26
206.87,-59.207,2862,255.23
203.92,-61.681,2415,206.78
199.8,-64.623,2207,186.31
193.86,-67.223,2417,218.99
192.01,-64.812,2183,182.56
188.41,-62.585,1809,157.54
188.52,-63.892,1679,147.31
191.79,-63.446,1762,155.89
194.38,-62.444,1951,166.19
202.3,-58.697,2252,185.98
203.28,-56.026,2712,213.32
201.96,-52.267,2767,236.38
208.11,-49.269,2742,229.2
217.11,-48.596,2659,223.26
221.4,-48.684,2191,187
227.98,-46.853,1942,175.47
234.19,-44.74,1747,156.86
241.25,-43.135,1893,172.48
251,-42.67,1897,174.33
254.71,-44.803,1835,165.65
256.08,-43.706,1880,169.52
257.46,-44.072,2144,191.41
258.92,-41.338,2254,205.87
263.09,-39.34,2317,204.45
267.04,-35.256,2306,205.06
268.85,-30.812,2219,209.32
272.61,-25.153,2040,203.6
276.48,-24.086,1935,201.1
279.4,-21.889,1980,201.41
282.48,-19.839,2237,223.4
283.71,-19.658,2428,228.03
283.63,-19.17,2712,258.37
282.91,-16.183,2639,257.29
289.78,-12.912,2279,215.36
295.32,-10.938,1899,187.8
301.87,-6.1635,1558,160.61
308.78,-4.8568,1240,134.86
310.33,-11.207,1126,137.91
311.31,-5.4922,839,115.22
324.74,-4.5632,3085,292.42
338.83,-6.3475,3050,283.2
351.94,-9.002,2898,245.3
362.6,-12.453,2749,230.56
372.17,-15.135,2527,210.33
379.01,-15.35,2391,196.16
379,-16.523,2473,211.35
379.76,-19.194,2626,216.55
378.69,-19.822,2808,234.69
378.14,-19.425,2750,219.71
378.46,-19.837,2860,228.31
379.56,-21.459,2717,208.1
385.64,-19.25,2727,229.28
389.71,-19.049,2794,231.25
399.37,-19.855,2806,232.43
401.45,-21.006,2677,228.51
406.53,-20.152,2827,236.47
408.63,-17.803,2859,246.41
414.49,-17.174,2704,229.66
419.52,-18.139,2537,209.01
421.03,-17.571,2510,214.71
424.36,-18.214,2478,198.14
422.84,-15.535,2458,207.51
421.13,-15.095,2385,204.63
422.56,-13.504,2352,185.68
427.86,-12.841,2418,189.92
430.02,-12.318,2433,195.12
430.47,-10.912,2237,188.64
430.53,-7.2469,2396,200.12
436.3,-6.0659,2323,187.12
438.18,-8.1892,2221,185.64
438.13,-11.747,2219,186.51
435.09,-12.501,2142,186.44
434.07,-15.323,2384,203.49
428.62,-15.023,2664,227.73
421.51,-16.245,2627,201.71
416.27,-17.551,2574,222.27
410.39,-14.656,2617,218.72
403.81,-13.14,2751,236.72
408.19,-16.798,2745,246.42
410.64,-12.032,2721,233.29
414.35,-9.6588,2578,215.18
425.11,-7.7253,2442,200.11
433.78,-8.2445,2408,192.8
440.12,-13.389,2407,188.13
442.95,-11.488,2303,175.74
442.17,-14.06,2365,174.06
439.72,-12.038,2486,184.74
439.3,-12.055,2613,192.23
442.45,-12.993,2435,179.99
443.74,-10.115,2434,177.41
444.91,-14.063,2472,180.75
446.62,-17.184,2370,180.38
446.83,-18.749,2369,176.12
446.09,-21.557,2552,188.65
441.85,-21.977,2488,186.31
440.37,-19.379,2544,193.37
436.34,-24.378,2589,196.74
441.25,-20.469,2617,193.84
442.79,-13.99,2524,200.74
445.48,-14.167,2381,188.27
445.79,-18.665,2302,179.44
442.91,-21.432,2314,176.72
439.82,-16.574,2292,179.71
438.49,-14.786,2331,196.73
441.13,-8.4184,2495,212.63
444.1,0.30794,2543,195.61
452.11,6.84,2467,193.03
451.72,9.4787,2550,214.95
452.26,13.275,2704,232.45
454.22,15.85,2516,216.79
458.76,15.624,2663,253.22
460.93,19.249,2679,262.02
468.9,28.568,2718,264.34
476.63,34.304,2756,277.31
483.41,43.788,2819,288.67
489.95,53.448,2919,300.19
496.78,62.62,2891,284.16
502.56,71.873,2853,272.18
506.99,80.461,2772,247.65
518.2,84.194,2597,223.77
531.16,87.452,2489,201.47
541.28,85.516,2523,194.84
550.52,84.059,2616,217.72
561.23,86.898,2464,208.17
566.61,89.402,2200,186.29
573.67,88.692,2151,173.53
580.73,88.551,2052,171.51
584.43,91.21,2156,172.12
586.73,95.392,2467,221.42
586.72,89.015,2667,218.8
588,82.638,2552,219.68
584.19,75.9,2408,191.91
573.75,69.263,2448,193.69
570.32,65.209,2449,197.42
570.2,74.063,2594,221.36
577.9,84.446,2763,224.44
593.76,86.996,2614,203.19
605.46,86.236,2646,219.75
608.99,80.01,2522,208.21
611.56,80.297,2493,207.71
621.55,85.033,2608,223.86
629.38,82.072,2493,207.57
630.95,75.698,2359,211.37
630.47,70.913,2115,176.35
625.14,67.064,1965,164.83
619.39,70.361,2295,185.29
611.18,67.38,2358,191.18
606.75,69.776,2401,208.44
595.5,79.522,2468,199.39
595.18,77.876,2797,228.52
607.48,79.64,2801,230.25
621.6,80.893,2778,218.23
625.68,72.658,2698,209.79
630.58,66.608,2670,215.87
632.77,63.036,2723,233.8
635.1,59.919,2576,234.21
627.37,69.752,2655,219.83
616.7,69.091,2665,209.86
616.35,73.256,2509,195.48
614.75,75.76,2719,232.24
619,73.784,2736,226.46
629.5,73.207,2565,202.42
633.04,77.318,2888,258.29
636.14,77.429,2862,262.46
636.61,76.254,2769,247.95
633.43,78.344,2698,226.09
634.61,79.103,2561,219.56
640.54,80.017,2612,197.21
640.9,83.301,2757,199.43
646.53,76.904,2589,202.92
647.08,73.196,2583,210.22
644.65,74.718,2303,192.11
643.63,78.015,1966,164.44
641.57,77.694,2163,185.92
638.81,75.546,2327,192.35
636.6,74.618,2759,246.64
638.88,82.773,2703,220.29
643.79,88,2584,205.03
653.66,87.524,2574,210.25
660.69,78.659,2632,213.91
665.71,74.601,2497,190.69
667.9,75.18,2591,194.88
666.34,72.555,2612,197
659.68,73.974,2715,218.67
658.82,73.895,2678,196.39
665.14,71.881,2566,197.14
666.62,67.536,2804,227.23
665.18,66.836,2943,250.72
670.26,69.19,2601,199.81
673.2,68.566,2530,203.6
672.22,67.261,2767,218.42
672.07,65.216,2550,189.27
670.54,66.306,2523,188.49
671.74,63.325,2563,192.6
672.79,61.948,2653,199.83
673.92,57.933,2647,201.48
679.24,54.855,2691,215.91
681.2,53.447,2525,199.98
673.12,54.2,2609,200.45
678.11,49.863,2335,185.3
677.76,46.64,2444,212.71
673.83,51.277,2420,194.01
672.35,54.752,2275,191.15
675.26,55.957,2134,180.09
679.11,57.948,1931,156.55
683.34,54.021,1900,158.13
679.54,49.438,1709,154.79
680.16,50.568,1799,158.06
681.19,49.73,1626,147.23
683.53,44.99,1822,171.88
684.95,45.99,1930,185.96
683.05,42.636,1839,176.09
685.27,39.574,1927,181.14
682.77,39.52,2119,191.82
680.44,42.807,2266,198.06
677.22,44.118,2195,194.34
673.41,41.512,2344,207.01
664.17,43.521,2652,245.13
654.2,41.212,2865,267.26
648.91,42.125,3157,306.1
638.46,45.58,3252,323.17
626.15,42.606,3257,322.2
614.17,39.507,3267,331.1
602.47,35.414,3189,322.24
593.79,28.448,3133,312.65
588.67,21.061,3057,293.78
587.27,11.775,3080,279.21
585.36,7.7894,2916,249.6
581.76,1.2412,2798,234.29
582.2,-2.6084,2467,202.13
579.8,-3.6363,2385,196.86
572,-6.3198,2287,200
564.51,-4.9821,2040,174.25
561.94,-9.3167,1990,169.8
562.03,-5.2195,2179,181
567.34,-2.9913,2389,198.97
576.53,0.89574,2349,186.24
588.61,6.1305,2148,175.04
600.59,5.7608,1977,163.02
599.56,11.137,2091,187.41
590.91,8.5438,2191,184.31
593.64,1.5663,2438,202.94
586.14,3.3492,2491,209.46
591.85,-5.3635,2456,202.17
598.1,-1.2809,2528,201.27
594.09,-6.3158,2611,200.9
590.24,-7.6689,2514,187.31
595.76,-6.0812,2548,197.5
604.57,-14.471,2652,197.59
605.13,-17.601,2738,223.18
599.92,-14.568,2871,244.12
601.81,-9.4913,2823,225.29
598.72,-7.6627,2628,200.22
594.48,-11.194,2618,196.19
604.97,-11.276,2784,208.58
600.48,-14.44,2827,231.35
607.7,-9.455,2713,219.15
608.24,-11.301,2807,224.58
610.05,-12.885,2682,216.75
608.36,-9.4122,2727,210.13
609.7,-14.2,2629,223.2
604.01,-9.2982,2806,224.75
594.04,-5.1354,2729,230.18
589.68,-1.505,2777,228.08
591.3,2.3385,2658,221.56
591.92,1.2591,2764,223.34
596.41,-0.060104,2686,215.76
611.24,-4.407,2570,199.84
622.79,-8.017,2504,195.51
626.72,-12.904,2346,178.05
632.4,-15.78,2153,180.99
632.42,-18.442,2208,185.57
638.34,-18.371,2281,189.79
641.41,-16.866,2454,207.46
644.09,-14.715,2555,212.11
639.38,-19.573,2442,211.73
630.52,-21.448,2721,244.99
623.2,-14.323,2877,248.9
615.42,-11.508,2748,225.4
612.34,-9.0124,2396,180.85
616.95,-3.2728,2293,182.93
625.88,-1.3689,2095,174.59
628.44,3.9456,2333,213.3
620.3,11.073,3090,297.41
616.29,23.023,3135,298.15
615.03,40.259,3284,320.74
614.84,56.273,3299,318.44
611.1,72.697,3290,315.02
610.32,88.783,3254,314.04
609.43,102.31,3119,298.21
613.2,111.56,2965,281.78
616.4,117.76,2808,253.05
626.76,125.32,2601,234.12
635.78,129.83,2555,221.13
642.99,129.16,2618,239.49
655.42,121.7,2698,238.7
663.45,109.89,2748,240.11
675.6,100.16,2661,228.85
684.89,88.144,2544,216.22
691.15,76.502,2480,215.12
696.05,73.056,2497,208.46
695.61,58.37,2660,240.7
698.23,45.368,2441,190.29
699.91,46.143,2488,193.76
701.73,47.761,2395,209.82
698.81,51.146,2455,211.1
706.91,49.92,2359,205.03
708.23,48.551,2308,197.58
707.25,45.865,2224,193.67
704.34,40.519,2213,184.51
702.13,35.852,2259,184.29
704.03,35.418,2178,184.55
703.08,33.22,2124,188.77
701.76,31.393,1903,171.25
700.94,33.308,1517,145.03
700.81,31.189,1409,153.5
697.31,33.882,1478,152.81
700.47,42.753,1874,157.46
705.71,50.852,1814,160
710.67,44.91,1906,169.83
711.05,37.537,2272,191.63
705.47,45.421,2488,202.08
699.72,50.863,2499,202.72
699.89,52.821,2478,199.83
699.64,53.321,2512,239.09
692.55,55.729,2656,255.67
688.25,70.92,2763,256.48
674.55,79.509,3077,294.55
658.9,81.341,3311,316.37
651.54,79.359,3146,303.69
646.36,64.627,3178,311.33
653.24,57.298,3242,322.78
656.3,49.695,3184,324.54
667.21,41.117,3101,282.28
673.46,39.777,2903,247.23
681.3,39.2,2749,221.54
684.13,45.271,2696,204.66
689.21,51.493,2555,185.97
690.24,57.186,2698,228.73
704.17,57.481,2400,195.83
713.83,46.763,2404,192.01
720.3,34.106,2499,203.02
721.71,23.704,2268,178.45
717.58,20.812,2370,187.72
717.87,19.193,2496,195.47
720.72,14.916,2309,181.59
720.04,13.415,2307,182.52
712.88,13.313,2382,192.05
712.01,14.837,2471,202.5
706.52,21.41,2671,241.97
702.19,27.22,2863,255.24
698.19,41.839,2882,247.39
696.07,45.228,2800,252.7
702.39,42.231,2607,223.02
706.91,37.778,2500,211.83
708.68,33.736,2426,204.03
712.94,30.68,2358,192.1
718.45,28.315,2416,210.12
721.19,24.59,2373,215.55
724.86,22.774,2088,182.11
725.95,21.806,2135,182.1
723.68,19.32,2341,206.05
720.63,18.411,2448,214.6
717.15,18.982,2718,253.62
720.06,20.37,2401,214.09
717.81,18.656,2058,176.86
717.08,28.173,2282,195.58
712.74,40.917,2289,189.73
709.55,37.395,2514,204.52
716.18,22.472,2683,242.59
720.89,10.917,2556,228.51
717.94,3.9195,2466,214.92
716.69,-3.4995,2692,261.26
715.17,-12.138,2734,252.87
717.08,-16.245,2419,214.04
718.82,-25.925,2324,195.99
720.01,-34.046,2301,227.42
723.62,-38.635,2289,186.09
729.23,-40.711,2316,188.52
734.43,-37.809,2394,190.62
738.12,-33.845,2378,207.43
741.64,-29.655,2386,215.98
744.93,-29.497,2520,252.06
742.84,-28.643,2502,230.91
737.37,-27.821,2480,237.68
735.43,-25.379,2454,233.1
732.64,-21.365,2403,220.85
733.27,-19.381,2498,245.76
732.53,-7.784,2520,241.49
736.64,-5.2633,1981,173.09
734.28,-2.1761,1794,153.17
730.69,0.063785,1937,164.83
733.18,2.2778,1968,172.5
733.05,-1.4479,2184,185.04
734.04,-4.8516,2246,180.76
729.27,-0.4671,2529,230.51
717.87,-1.2317,2621,227.15
721.1,-0.0068256,2277,197.8
721.34,-7.5678,2391,202.92
724.34,-6.6589,2214,182.91
734.43,-7.4835,2215,183.91
745.46,-6.6882,2282,193.42
753.56,-6.2679,2076,180.87
758.68,-7.0483,2134,187.43
756.37,-0.45276,2283,230.83
761.65,3.1403,2093,197.11
761.06,17.195,2108,205.78
758.71,29.764,2142,208.79
755.62,45.721,2157,219.33
745.47,60.47,2102,211.71
735.48,67.445,2331,245.82
723.73,57.168,2638,294.88
708.57,46.96,2816,282.1
695.94,32.237,2804,276.35
689.13,11.938,2776,258.18
690.56,-7.2922,2831,253.39
696.95,-24.656,2706,243.81
706.71,-34.036,2587,229.71
723.77,-33.367,2527,235.18
733.85,-32.284,2512,235.6
742.19,-25.982,2340,198.9
746.57,-16.447,2406,225
757.43,-4.7588,2212,203.33
764.95,-1.0548,2050,184.57
772.31,-2.0332,1792,161.95
776.6,-0.31862,1631,151.77
775.37,-3.0079,1559,143.23
776.74,-7.408,1578,151.38
770.35,-6.588,1476,148.81
771.42,-4.4646,1652,162.7
771.05,-18.213,1585,159.86
771.59,-10.732,1614,150.94
768.68,-10.49,1642,151.23
771.23,-14.264,1648,162.22
771.23,-14.264,1648,162.22
