0,-0,126,89.121
-3.892,-0.2065,835,126.48
-2.0507,-1.9234,808,117.02
-3.1144,-1.9493,766,125.26
-2.5903,-1.1215,857,131.05
-4.1361,0.98126,808,130.51
-5.6293,0.13937,738,123.17
-5.7551,-0.69631,723,106.92
-5.9496,-0.43451,722,121.46
-5.2091,-0.67317,827,143.17
-2.9449,-0.36134,714,116.62
-3.977,-0.38294,670,107.7
-4.0907,-1.4536,656,104.8
-3.4167,-0.80382,659,106.41
-4.7204,0.21176,622,110.84
-4.3561,1.0962,554,102.02
-1.5854,4.5422,581,96.39
-0.25397,6.473,630,103.5
2.6925,4.2253,695,107.22
2.6701,2.5204,767,131.17
2.1665,2.234,696,117.23
-0.061762,-3.2988,633,106.47
-6.4102,-4.4099,621,101.63
-10.636,-1.938,657,110.18
-7.2661,-4.1131,687,107.49
-1.2352,-4.6494,647,105.76
-1.2355,-7.0557,656,109.11
-2.6385,-8.5896,746,124.38
0.38262,-7.508,761,122.95
1.3917,-7.2168,806,134.48
2.2007,-3.809,813,129.91
3.2615,-2.6737,715,122.61
4.0658,-0.27017,680,112.18
0.84921,0.23588,602,100.87
0.57992,5.064,600,105.18
0.91958,-4.2644,678,118.94
2.7852,-4.4397,692,110.5
5.4531,-0.082624,638,106.9
6.2576,-4.4522,599,105.35
0.18476,-8.5326,622,111.25
-7.4997,-7.7418,728,116.54
-7.5452,-9.0439,716,113.04
-4.6192,-9.1383,665,104.82
-4.207,-4.9203,563,94.049
-1.9319,-9.4632,681,119.07
-0.80568,-12.934,665,113.72
-1.6395,-10.7,696,114.33
-1.9945,-5.8549,626,108.18
-1.8746,-4.5689,681,123.83
0.99457,-1.6763,684,119.33
0.43375,1.2475,681,106.19
-0.34818,2.4762,651,109.04
-0.96753,0.080821,654,122.64
-1.9446,0.98755,654,103.29
-3.8986,1.8111,611,100.38
-6.0509,3.0319,662,120.2
-7.501,6.2902,662,106.05
-9.0825,4.9034,722,118.78
-9.3465,7.2957,698,112.72
-8.4055,5.1824,668,106.88
-4.9656,5.4355,781,132.54
-6.6905,4.3526,673,124.97
-7.1768,6.0622,680,120.89
-5.621,6.686,672,111.56
-5.1848,4.0357,732,130.1
-6.5845,-0.40205,711,115.23
-5.3295,-1.922,703,114.28
-7.8348,-4.1408,694,119.81
-12.278,-3.8951,697,113.71
-15.984,-0.86183,732,115.77
-17.729,1.3199,731,104.13
-17.614,-2.5061,778,120.57
-18.003,-3.1998,793,130.1
-18.604,-2,812,128.72
-18.794,-3.3409,699,111.09
-18.282,-0.64592,746,108.55
-19.572,0.98182,770,112.78
-18.787,1.2844,768,115.49
-19.495,0.46961,745,115.41
-18.106,-2.1335,675,103.63
-17.966,-2.0905,707,110.12
-16.515,1.5267,668,107.08
-16.629,-0.69728,588,105.14
-15.763,-1.4583,664,105.84
-15.622,-0.58366,666,102.1
-12.339,4.896,698,125
-11.246,6.4061,623,98.515
-12.703,4.5032,662,106.21
-10.589,-0.24054,800,121.6
-12.934,-4.2199,807,121.58
-14.172,-2.7093,804,121.15
-13.96,-0.013498,762,110.77
-12.262,0.033314,729,119.67
-14.7,3.4181,861,130.73
-14.844,8.0189,922,124.39
-15.887,8.1986,930,134
-18.654,6.3297,773,125.21
-19.038,5.2993,807,127.47
-26.193,7.3253,757,111.23
-20.538,12.45,858,130.11
-18.281,11.298,921,122.32
-16.905,10.647,856,117.53
-20.469,10.469,910,119.2
-21.853,10.902,820,117.3
-23.059,12.266,824,118.5
-22.471,14.496,848,129.18
-23.054,13.594,666,105.18
-22.648,13.218,707,104.25
-21.506,12.627,668,106.3
-23.894,11.389,699,104.31
-22.769,8.6133,696,102.44
-23.414,10.034,691,109.75
-22.869,10.866,710,115.84
-23.229,11.828,727,123.03
-22.991,12.738,720,109.54
-23.322,14.095,744,119.68
-25.418,14.554,739,111.23
-26.401,16.526,761,116.5
-26.239,17.938,714,113.63
-25.589,15.558,764,112
-25.227,14.162,768,112.4
-25.49,12.912,792,110.52
-22.938,13.125,733,104.95
-21.919,10.837,786,110.63
-22.515,8.162,881,113.51
-21.701,6.4419,986,129.43
-21.708,6.05,857,114.93
-21.533,3.8254,793,111.15
-18.263,1.9915,860,118.78
-15.55,0.50311,828,122.19
-13.008,-2.3385,817,114.62
-11.026,-4.4531,716,108.48
-8.1822,-0.62617,749,108.17
-9.2953,0.4268,645,103.41
-11.731,1.461,656,104.92
-11.09,3.4325,647,97.208
-12.469,4.83,599,105.31
-13.887,2.8983,586,93.362
-12.684,6.2726,609,98.35
-11.482,5.222,644,99.631
-11.092,-0.19613,909,140.54
-8.1164,-2.7174,969,143.86
-5.7248,0.4634,923,133.67
-7.1229,1.7735,863,125.23
-7.6687,3.5476,840,119.15
-6.5485,4.1444,736,104.84
-9.1641,6.7614,637,110.63
-8.2821,6.6237,639,98.415
-6.9707,12.507,573,91.452
-7.0471,14.031,566,92.933
-6.1957,17.567,561,90.608
-8.9745,21.503,553,86.515
-9.6822,26.203,596,91.237
-2.128,26.061,561,85.365
-7.1563,30.273,546,85.464
-1.3558,30.21,539,91.187
18.121,29.042,558,97.398
22.381,42.266,551,97.779
31.39,53.978,579,99.73
36.96,59.111,566,96.976
41.032,63.897,602,93.288
47.196,68.86,535,87.316
51.622,76.313,541,90.03
56.271,80.661,575,94.959
60.516,89.77,557,92.734
66.801,93.965,571,90.112
72.324,95.413,589,95.43
78.006,99.203,601,98.804
82.609,106.79,577,92.957
87.606,110.34,579,98.804
90.6,109.58,549,96.191
95.498,113.79,584,104.8
101.47,115.89,563,98.44
105.59,118.93,537,91.229
107.54,119.63,559,94.909
113.3,128.99,641,100.28
120.69,131.12,612,97.274
127.17,139.39,611,101.63
126.94,146.99,593,92.147
123.62,152.22,625,98.539
125.01,154.49,573,94.164
126.38,156.65,571,90.65
130.35,160.48,538,85.489
132.42,162.08,598,92.817
136.72,160.71,574,91.658
139.24,162.11,687,104.28
140.28,165.54,752,113.79
140.93,169.5,763,118.4
140.87,177.31,706,112.09
140.01,180.85,689,106.91
143.85,185.16,631,94.065
146.76,189.93,584,92.899
147.95,194.62,567,95.992
154.92,203.31,597,96.464
157.92,210.65,578,96.588
160.93,217.46,588,99.739
161.93,229.27,583,102.22
168.27,236.08,590,101.63
175.42,238.92,591,97.498
182.69,240,561,89.07
189.68,240.99,577,88.077
191.15,242.89,536,85.133
190.81,245.95,576,87.301
192.21,248.61,577,86.482
192.02,251.17,586,89.079
193.95,261.56,636,93.503
198.09,269.9,617,89.955
203.39,280.85,565,87.416
209.98,288.06,560,86.978
215.01,292.24,536,84.083
214.91,298.25,575,92.601
216.54,301.8,588,94.487
219.3,304.48,572,89.55
223.78,317.21,596,94.859
226.95,321.86,606,100.23
233.62,326.49,601,103.01
240.06,331.94,679,116.22
246.03,333.83,649,104.17
254.85,335.64,590,104.42
261.75,337.5,568,89.351
265.5,341.21,623,105.53
265.33,346.29,654,111.38
266.65,349.56,610,100.81
268.97,352.3,615,100.28
276.62,360.22,640,92.411
288.34,364.29,605,93.544
289.96,367.26,583,94.529
293.12,373.59,584,101.31
290.68,377.58,580,89.748
286.65,379.68,617,98.978
287.49,384.99,596,94.346
288.25,391.27,614,101.82
287.35,397.85,614,108.07
285.91,400.82,552,94.339
284.77,400.57,568,101.07
290.62,398.28,571,99.912
296.38,401.07,573,96.199
298.51,410.59,536,88.466
298.82,414.21,535,89.318
300.54,412.82,499,83.132
303.19,413.28,557,93.842
307.22,417.69,552,88.963
306.11,417.47,574,101.36
305.1,414.71,565,97.646
305.99,427.28,613,100.43
306,433.69,587,99.325
305.34,434.52,564,91.022
309.62,441.57,554,97.489
313.27,444.16,569,101.42
315.71,445.76,606,102.31
321.11,455.34,521,99.292
323.19,463.82,539,91.303
329.21,466.27,555,90.277
331.47,469.49,565,91.882
332.81,468.87,633,103.69
333.03,468.45,616,99.491
335.37,470.49,633,99.83
339.73,472.08,600,94.462
339.49,474.68,589,95.637
340.68,470.01,572,92.775
347.31,474.6,558,91.369
353.61,470.06,572,92.626
357.1,468.36,585,90.079
358.42,468.12,566,94.14
353.54,468.97,515,85.605
352.7,472.81,628,104.53
349.95,471.55,602,97.125
349.71,468.18,592,98.366
349.89,465.2,576,96.753
348.5,467.15,633,113.33
345.55,467.1,654,103.02
345.94,467.23,664,105.86
345.17,466.1,730,113.33
345.1,467.26,624,107.88
343.52,467.45,573,94.578
341.37,470.24,563,90.277
340.83,467.28,675,106.92
340.42,470.03,697,107.03
339.44,466.02,723,114.65
339.5,465.18,822,116.84
342.8,462.51,790,109.56
338.95,467.41,773,113.44
337.63,468.97,761,111.86
337.95,467.41,837,125.03
334.86,461.65,826,122.46
337.57,461.99,764,119.45
335.38,460.7,764,113.95
336.71,459.57,801,118.88
338.9,461.24,893,129.16
337.87,462.44,886,125.49
339.43,464.53,944,135.04
339.9,462.84,947,121.59
340.98,463.88,1006,134.95
341.61,467.23,921,123.56
341.32,467.95,878,123.27
341.47,463.6,943,137.11
342.25,460.56,1005,128.69
343.09,463.42,1015,135.56
342.56,464.43,950,133.93
339.85,461.7,907,125.95
339.93,458.39,1058,138.77
338.87,456.06,1114,136.38
338.12,454.92,1275,147.79
335.27,456.23,1357,158.94
337.48,460.48,1255,156.47
336.52,460.72,1137,132.02
340.89,463.66,1366,158.59
340.68,463.19,1575,175.4
345.07,462.22,1440,160.19
349.01,463.92,1301,143.22
345.19,466.23,1304,147.39
339.43,467.71,1219,145.45
339.7,470.77,1193,138.74
340.21,471.26,1160,144.54
340.33,467.56,1219,149.67
339.27,467.72,1240,144.94
338.24,463.7,1338,158.67
341.2,467.84,1272,147.45
345.33,469.94,1279,148.17
348.73,473.04,1109,140.75
347.44,470.42,1009,171.9
343.72,467.83,961,139.43
338.87,466.34,850,122.4
335.55,466.53,906,127.96
334.94,466.41,991,137.73
327.56,463.6,965,134.05
326.17,466.15,873,130.13
331.19,467.78,745,104.13
331.63,465.29,896,127.5
335.39,465.35,1088,132.14
338.88,466.27,1022,128.01
342,469.81,1080,136.06
343.75,472.63,1092,146.09
346.61,476.79,999,135.73
348.56,477.44,852,126.55
352.7,474.49,751,129.45
349.72,475.68,563,92.684
348.99,468.26,524,91.51
349.58,468.72,579,112.52
348.68,467.58,615,102.17
348.09,467.02,646,106.43
348.39,464.4,608,113.38
350.93,464.21,596,105.84
349.95,465.09,649,111.15
346.53,469.17,614,94.43
344.95,469.38,593,96.208
342.67,470.19,604,95.893
341.39,469.55,697,106.9
342.42,469.51,807,110.14
340.9,469.39,845,115.79
337.13,468.53,768,125.38
333.98,467.04,718,117.23
333.57,468.21,725,107.31
332.72,471.12,712,108.41
331.94,472.95,750,110.32
335.18,472.32,862,134.28
337.92,470.85,965,144.72
336.32,467.51,1113,163.3
335.55,467.33,1009,136.56
334.58,466.91,917,127.39
336.95,465.17,949,133.84
338.79,464.28,930,124.19
340.11,461.73,1032,136.36
340.85,460.91,1007,129.02
339.48,459.98,1042,126.04
339.69,460.16,998,123.79
343.46,458.12,960,134.18
343.05,457.04,1077,137.52
342.47,458.33,1053,137.39
338.96,458.98,1073,138.34
339.51,460.23,1072,140.68
343.03,465.44,1085,144.86
344.7,468.36,1057,131.87
346.12,468.23,1005,131.4
349.13,469.31,1058,135.59
349.04,470.78,1121,140.44
348.16,470.27,1157,142.08
348.17,470.07,1027,138.27
349.09,469.59,1049,146.53
350.53,471.75,1126,152.82
352.15,470.65,1077,130.16
353.41,468.41,1026,130.75
352.47,463.69,1079,146.77
349.94,461.94,1239,153.73
345.78,462.63,1329,168.47
340.67,460.44,1308,174.54
342.79,461.4,1270,168.42
348.06,460.07,1168,137.83
348.45,460.04,1177,162.77
343.68,455.8,1417,168.12
344.16,454.47,1282,179.7
343.34,455.13,1067,151.19
343.09,458.42,929,126.53
347.5,459.99,893,142.33
351.58,458.39,865,137.54
347.6,458.29,802,129.35
345.63,464.28,718,115.68
351.18,460.5,770,123.51
351.1,458.83,780,121.84
344.47,461.91,697,97.671
342.79,461.09,904,148.08
343.79,456.94,947,150.21
342.83,459.69,880,139.57
342.63,463.19,753,118.82
342.58,461.31,704,121.13
340.84,460.76,793,123.53
340.71,457.64,866,131.3
336.12,460.76,799,128.95
336.55,463.31,722,116.54
343.8,463.34,933,153.88
349.42,462.14,886,141.52
351.38,460.12,777,138.07
353.66,459.9,707,108.94
361.22,458.19,635,109.01
363.92,453.87,638,114.25
362.13,457.53,638,115.56
359.83,453.92,652,109.01
355.98,455.15,729,123.66
353.31,455.31,687,122.47
352.66,453.6,691,107.79
354.06,451.96,649,100.99
352.31,451.67,725,107.87
354.34,447.94,687,108.95
356.08,444.44,695,102.93
356.76,443.21,680,109.96
356.49,446.25,648,103.44
353.6,443.49,644,105.4
357.14,443.58,667,115.5
355.22,445.58,660,111.23
354.92,441.77,652,106.92
360.18,438.69,630,105.09
364.85,441.12,654,107.46
365.96,451.92,671,106.6
372.78,451.49,656,122.13
372.17,451.81,739,126.25
377.41,448.09,710,124.84
378.1,447.75,594,98.358
374.14,446.32,635,105.46
369.79,446.04,648,110.88
362.79,452.2,695,119.26
362.57,458.71,638,107.79
361.47,453.91,625,100.4
368.69,448.91,672,115.1
368.32,457.89,607,95.083
370.12,459.6,612,106.67
375.09,461.44,686,109.71
374.6,467.46,699,109.81
376.17,469.13,643,108.78
378.74,472.89,710,118.85
374.45,474.34,633,110.07
381.98,474.05,620,103.34
383.68,476.35,561,101.54
389.51,482.34,234,69.031
400.5,490.93,576,106
411.16,497.85,540,93.652
416.33,502.89,450,82.098
425.81,503.05,368,83.43
430.82,505.56,434,99.193
431.37,505.86,445,106.02
431.73,508.07,441,99.4
431.08,506.75,469,98.242
431.85,507.34,495,113.21
432.74,505.35,412,109.16
431.3,508.75,231,76.384
430.9,507.21,323,81.148
432.58,504.88,427,97.622
435.86,504.8,482,89.211
436.49,505.9,417,94.487
432.7,505.47,425,100.81
432.18,510.48,258,90.559
433.31,509.77,296,93.561
430.99,510.62,303,88.07
432.44,511.09,348,92.635
437.45,509.64,276,87.525
440.66,508.08,352,85.117
437.55,508.2,321,88.541
437.27,509.4,357,96.431
440.26,505.44,390,93.958
437.73,506.34,336,84.588
433.84,508.53,390,87.946
434.16,510.73,355,78.898
435.5,507.27,442,94.438
437.19,508.63,329,89.36
436.54,508.53,394,97.167
438.78,507.95,353,93.421
443.59,514.32,497,98.407
441.28,516.56,512,109.78
440.13,515.71,511,104.83
440.19,514.98,486,93.917
440.05,511.43,532,98.151
441.41,513.59,525,100.07
442.38,512.79,492,89.823
440.43,510.85,513,94.165
438.1,510.86,542,98.821
439.38,511.53,518,92.734
442.17,510.47,500,93.66
436.63,506.41,564,97.373
436.48,511.66,562,101.76
433.86,510.55,609,99.69
435.19,511.24,622,106.97
434.85,510.06,648,111.57
437.92,510.04,601,107.88
436.59,512.5,562,104.12
434.62,509.99,635,112.69
435.46,513.21,582,105.56
438.75,511.15,621,100.83
440.54,512.33,571,96.224
440.26,511.4,546,116.4
438.88,511.57,576,113.95
436.97,513.19,573,96.439
438.73,511.73,585,110.42
440.77,513.35,507,98.093
438.83,510.66,533,98.151
439.52,512.09,552,101.29
442.15,511.99,575,98.755
439.21,513.79,547,111.09
439.07,512.44,581,99.102
438.78,511.96,562,91.998
435.85,515.14,528,90.683
434.97,514.93,521,100.18
437.41,518.73,453,89.806
434.06,520.49,505,99.78
435.72,518.71,502,118.02
436.8,516.83,509,106.95
434.72,515.24,533,102.43
430.79,517.25,532,98.564
427.67,514.82,650,128.23
427.26,517.47,626,102.95
431.17,518.65,539,118.06
433.68,521.6,504,128.42
436.13,518.56,488,104.54
439.84,520.46,477,96.662
439.92,520.37,303,84.952
440.76,520.04,348,120.13
441.6,517.1,494,86.349
440.26,514.36,472,101.58
440.53,516.23,553,94.785
444.99,517.37,477,110.63
445.01,511.42,525,106.7
445.13,514.32,466,98.747
444.81,514.22,494,93.569
446.09,513.65,445,86.556
449.22,511.49,534,96.91
446.17,508.3,634,101.36
444.57,503.66,627,102.33
444.37,499.01,618,104.05
447.86,498.71,606,114.6
447.25,498.66,651,103.91
448.47,502.63,617,105.19
445.79,512.29,520,89.682
446.59,512.26,634,110.78
445.41,513.77,555,106.45
448,509.58,562,100.55
446.19,511.83,605,110.29
442.5,507.58,611,98.961
441.2,507.13,562,95.81
441.49,508.45,558,100.07
437,505.63,553,95.174
441.26,511.09,547,102.19
442,513.35,534,100
444.41,514.19,467,88.731
441.48,514.17,523,102.39
444.01,513.83,526,105.39
443.21,512.77,506,102.12
443.02,512.17,481,97.332
441.8,511.44,495,100.53
439.33,510.73,588,111.4
437.08,511.86,523,119.72
437.72,512.33,585,111.66
435.47,513.58,545,104.65
437.2,511.57,595,117.02
434.22,516.12,531,99.797
442.17,517.92,404,98.474
440.06,520.27,353,84.704
437.93,522.28,403,92.106
439.85,518.13,469,91.783
436.41,514.89,482,118.07
435.88,516.08,541,122.85
434.84,513.79,646,116.94
433.56,512.88,565,119.65
438.03,509.86,611,118.36
439.15,509.01,660,114.44
437.48,509.78,639,118.25
438.23,509.02,576,106.47
441.41,512.39,557,98.681
441.94,515.76,464,92.916
438.05,519.49,417,84.091
439.74,519.71,423,85.1
444.16,517.82,460,88.971
445.09,513.48,551,107.45
449.94,516.1,472,96.026
445.67,512.33,518,100.34
446.61,516.37,482,102.96
443.36,514.61,535,92.667
439.92,507.47,592,96.439
435.66,501.6,567,101.43
440.93,498.01,682,111.36
440.95,502.75,666,112.84
438.77,504.87,638,121.44
434.86,505.5,587,107.32
439.65,506.99,533,91.237
438.32,511.08,551,123.94
439.61,512.82,521,100.09
444.66,512.95,417,92.552
451.37,513.48,359,91.254
455.42,509.25,475,101.72
458.87,503.7,499,98.855
457.1,503.52,525,101.68
453.52,502.55,610,112.18
455,501.5,519,100.23
453.4,503.53,477,94.231
451.43,505.29,501,107.84
453.14,504.81,414,94.884
455.1,508.94,375,109.7
456.92,507.7,439,101.7
457.43,507.82,452,87.738
456.7,505.19,453,91.394
457.33,505.92,503,91.394
455.92,508.33,517,102.19
453.79,510.33,422,99.574
456.04,510.43,482,116.46
455.92,511.59,469,126.22
457.41,511.91,419,101.84
456.33,506.89,540,108.33
457.76,508.68,551,98.672
461.97,508.64,432,94.711
460.45,508.3,450,93.155
456.98,506.38,476,91.99
457.66,505.58,554,92.825
457.99,508.22,468,106.69
459.08,507.65,484,99.59
455.65,506.58,565,107.89
456.07,505.74,493,112.57
456.75,507.43,522,106.97
457.37,506.18,568,109.51
458.14,509.25,486,111.35
457.03,509.08,492,97.87
457.06,508.67,455,100.25
460.46,510.01,447,95.546
451.8,511.34,473,101.29
460.03,509.52,386,79.833
456.23,507.14,469,87.607
455.45,509.41,436,81.776
458.01,509.38,409,93.007
456.76,511.67,399,89.095
455.33,514.13,388,93.305
453.19,513.95,350,89.939
459.05,514.05,387,91.874
459.98,508.03,408,104.28
456.6,508.73,356,84.133
458.44,506.94,462,99.301
460.37,507.13,500,102.43
462.19,514.23,558,96.489
458,515.33,531,99.384
458.9,517.64,522,101.19
455,517.6,595,102.18
454.64,516.38,593,93.553
453.29,514.93,574,108.32
453.49,513.53,577,97.77
452,517.54,615,110.73
454.37,517.08,569,104.92
457.82,517.04,561,110.42
460.6,514.28,565,112.79
464.48,513.1,578,111.38
462.61,511.75,591,103.15
464.34,511.84,576,105.61
463.23,511.17,577,110.9
461.6,511.63,595,106.55
453.7,514.08,641,121.04
448.76,515.25,702,121.21
448.57,514.98,704,137.16
448.66,515.04,653,111.65
455,513.64,582,101.87
453.69,510.51,693,117.44
452.42,511.31,588,100.37
449.22,515.73,518,94.868
448.53,511.52,698,126.62
452.69,509.9,615,119.64
454.64,511.81,642,112.1
453.41,509.56,681,112.59
450.17,508.06,668,108.41
443.5,508.63,736,117.46
440.31,510.38,638,115.01
437.38,506.7,644,115.83
442.15,512.62,622,111.44
440.65,512.56,598,100.96
436.15,509.58,634,105.63
438.38,513.11,640,102.26
445.03,518.41,541,96.083
450.05,523.42,445,84.1
446.77,524.14,527,102.7
451.79,524.98,518,99.441
454.17,523.79,503,105.31
459.98,521.7,390,100.76
463.68,527.82,429,104.3
463.08,528.95,452,99.036
463.03,525.84,478,101.93
461.01,525.73,546,112.04
458.44,523.14,576,119.36
455.27,521.07,624,111.16
454.57,518.84,644,108.35
456.79,516.73,651,112.1
452.63,518.19,630,104.83
454.68,515.85,691,112.69
455.53,514.09,757,126.53
456.66,514.29,755,123.09
458.98,513.77,752,121.84
456.27,514.41,704,107.45
457.86,511.36,727,115.41
456.37,514.6,626,106.93
457.07,515.18,683,117.2
456.51,512.5,626,106.46
456.72,513.63,622,112.14
455.6,513.8,627,109.23
456.42,515.3,732,122.44
458.89,515.84,727,134.62
456.59,518.32,655,110.84
456.24,517.53,608,116.69
458.68,516.47,600,111.28
460,516.52,666,114.27
460.32,517.05,589,101.06
457.06,517.03,639,109.89
460.22,514.87,606,119.93
458.83,514.02,687,129.22
458.7,516.9,625,110.61
463.05,516.65,637,116.43
459.37,514.24,648,110.12
459.87,517.26,608,108.37
460.94,515.41,586,109.38
465.16,512.45,660,134.4
463.62,512.67,684,122.12
468.59,513.38,601,109.46
462.76,515.82,622,100.52
465.25,513.18,635,107.05
465.54,511.61,609,114.66
470.08,514.59,607,111.9
471.46,512.87,609,107.17
469.28,512.71,556,104.25
466.1,513.17,624,111.27
465.56,512.18,740,123.09
466.14,512.01,708,118.17
464.96,516.96,731,127.62
464.16,515.18,663,119.19
460.8,514.03,630,103.55
459.7,511.11,613,99.366
456.66,511.14,619,99.755
450.75,514.03,631,101.47
448.57,515.51,674,111.64
452.66,512.66,680,109.18
451.33,511.63,676,111.83
448.33,510.4,738,129.73
444.64,513.45,685,110.26
447.07,512.78,627,109.47
447.39,513.78,703,111.81
443.76,510.92,676,115.87
441.9,514.05,607,107.44
440.65,517.23,557,106.55
448.41,521.61,625,109.7
446.98,521.43,624,109.78
447.87,521.89,640,111.55
442.08,523.61,623,116.53
439.32,523.2,626,116.65
441.3,521.25,690,127.96
441.52,520.33,687,133.43
438.92,523.45,605,110.01
440.81,522.39,719,133.32
441.56,520.5,624,107.82
441.77,521.38,589,99.441
440,521.5,628,101.92
438.23,524.18,616,104.74
439.51,520.83,685,113.05
441.14,518.39,702,126.61
440.19,517.7,712,126.19
440.73,520.07,692,124.98
446.02,520.84,722,115.17
447.25,518.42,759,120.55
450.24,512.99,930,127.31
454.53,506.81,1056,142.66
455.58,503.43,999,153.67
457.35,504.22,978,144.35
459.48,502.99,921,139.1
457.24,505.3,957,134.37
462.48,504.34,961,129.96
461.75,503.8,913,122.96
459.42,506.25,875,134.42
458.16,507.93,860,120.93
458.01,510.98,760,119.05
459.31,511.04,680,112.99
460.75,510.77,616,115.36
460.08,510.08,681,107.41
462.2,510.26,673,106.88
462,510.82,664,115.67
461.74,510.53,684,126.88
461.63,511.32,694,115.32
462.65,512.42,656,106.36
460.13,514.27,618,102.48
456.28,515.38,712,121.49
455.22,512.83,745,126.98
455.77,514.5,744,122.54
457.22,514.17,696,115.44
458.69,514.88,667,116.92
458.87,517.28,622,116.54
461,518.22,607,118.07
460.66,512.74,588,104.27
459.81,511.71,646,110.1
459.51,510.39,641,96.96
456.69,514.15,658,112.04
457.47,511.07,616,110.11
452.75,510.25,610,107.84
454.76,509.21,689,120.25
452.32,511.69,706,116.63
452.94,513.71,626,107.91
453.43,512.85,659,108.1
452.17,512.24,698,121.55
451.4,515.85,601,104.73
454.24,515.83,612,103.87
456.29,515.43,616,109.04
450.88,513.38,688,119.69
450.43,511.12,742,119.93
448.92,511.76,708,111.92
448.21,514.51,629,110.35
449.7,512.1,649,116.15
450.59,515.05,555,101.02
450.17,514.14,557,98.92
449.91,513.76,566,96.1
447.5,512.5,662,110.31
448.14,512.26,626,96.017
446.13,512.8,645,106.44
446.93,513.7,661,107.59
446.52,512.47,607,105.01
447.81,512.5,636,109.9
449.59,511.52,618,102.66
445.71,509.23,625,106.52
446.56,510.49,607,102.47
449.11,511.17,661,108.81
451.04,513.43,635,109.97
450.22,513.89,627,100.66
446.28,513.71,671,111.48
441.72,512.58,722,120.53
442.55,515.36,653,124.45
444.23,517.2,867,145.16
445.45,519.85,765,146.38
445.38,521.2,806,164.85
448.87,522.38,749,150.87
447.2,519.76,771,144.6
447.58,520.98,644,116
446.42,522.83,567,92.783
445.97,521.28,676,110.35
444.46,523.91,678,110.55
443.52,523.64,584,112.75
444.04,523.76,618,101.19
447.7,520.22,723,110.16
447.05,523.76,673,117.55
445.52,520.42,639,101.05
442.1,521.24,625,99.747
441.46,522.99,591,101.23
438.6,523.4,632,113.14
442.94,523.85,542,96.762
448.91,523.29,541,103.58
451.5,523.02,526,101.26
454.67,520.87,541,103.63
453.26,520.71,661,106.86
451.84,520.91,653,122.07
456.71,517.13,584,111.35
462.08,513.28,556,97.77
463,514.17,588,109.9
460.28,512.01,645,115.03
456.88,510.45,711,135.9
458.08,511.31,665,117.41
459.19,509.38,719,121.27
461.97,508.2,683,129.41
459.61,510.3,616,107.27
458.93,508.81,614,111.11
463.01,513.81,529,106.42
466.26,511.35,535,105.02
463.41,515.75,530,93.859
464.2,518.36,520,90.832
465.72,518.32,482,106.03
469.74,515.65,518,107.84
469.54,518.22,483,90.683
467.24,518.96,442,89.649
467.09,519.15,501,105.74
468.94,517.45,489,110.55
464.5,516.95,500,99.97
461.29,520.02,523,105.85
459.98,521.31,558,107.76
459.41,519.3,542,111.28
453.53,520.59,625,106.32
452.82,524.28,554,118.7
455.32,523.38,528,104.1
458.81,520.88,551,107.62
457.52,522.18,539,103.25
458.59,518.96,631,113.19
454.32,518.99,699,133.54
453.27,521.79,789,159.87
453.11,520.81,747,143.69
457.34,521.39,674,132.75
459.52,523,534,108.12
460.86,520.64,615,114.41
460.29,521.56,557,113.53
458.89,524.21,596,136.7
460.45,523.17,536,124.91
459.88,520.61,633,124.52
462.18,521.85,544,106.35
464.66,519.26,557,108.51
462.18,518.81,579,108.39
459.93,521.5,580,107.17
453.15,522.14,594,118.57
453.93,521.68,632,124.6
455.55,521.95,614,121.52
454.35,522.84,649,126.58
452,525.14,639,122
449.39,524.21,643,122.03
445.05,524.22,762,135.09
443.59,519.8,813,149.24
440.81,512.99,841,135.23
442.26,507.4,906,149.21
442.42,504.71,1008,156.89
444.67,504.96,970,150.1
449.25,507.96,757,112.28
451.84,507.59,742,116.15
449.86,506.43,695,106.88
452.25,506.31,749,123.4
454.95,508.02,699,121.98
457.66,509.56,669,119.73
456.91,512.22,645,100.29
460.16,508.01,665,104.41
461.23,509.71,626,108.21
462.32,507.76,634,100.03
459.9,512.37,630,113.24
457.88,511.59,592,98.688
455.63,511.71,597,99.789
457.66,509.58,599,96.596
458.37,509.78,694,112.78
462.12,507.43,684,106.47
462.87,510.61,643,102.74
464.33,508.3,654,111.43
462.35,507.47,683,110.43
465.33,505.47,737,121.98
465.36,505.79,688,117.65
463.11,505.39,734,117.48
460.54,505.46,652,109.41
462.84,508.77,540,97.25
458.5,509.99,609,100.72
457.2,508.23,675,115.52
460.69,509.35,656,113.45
461.45,511.16,605,104.77
459.98,512.13,659,116.36
458.39,510.18,684,132.18
459.34,511.16,661,133.15
460.11,511.47,647,122.51
454.47,509.99,694,125.13
458.22,507.64,734,124.72
458.24,506.9,657,112.83
460.06,513.93,681,112.05
459.7,513.49,700,117.55
455.6,516.13,672,143.12
452.15,512.62,612,114.4
450.57,510.61,646,109.85
454.65,508.76,634,117.01
455.12,511.52,569,94.181
453.86,510.54,699,112.41
453.61,509.96,629,105.64
455.47,505.81,681,108.14
455.49,505.35,689,112.28
458.43,505.75,710,128.88
462.95,508.51,623,114.47
462.92,510.59,529,102.67
461.79,508.58,611,114.28
460.62,505.15,694,110.96
460.47,503.61,650,111.81
461.87,506.37,641,113.8
463.39,505.46,663,131.9
464.99,507.83,579,114.15
462.1,508.48,675,122.13
461.53,509.49,623,107.44
461.35,511.13,642,112.39
462.8,511.3,597,105.26
462.64,507.13,570,92.072
463.83,513.51,519,88.789
467.54,508.91,721,115.53
464.97,507.53,732,124.13
458.61,511.26,666,115.5
456.05,509.64,676,107.25
456.74,511.75,627,107.55
454.08,514.58,556,97.208
454.74,513.4,618,104.8
454.85,513.4,613,95.24
448.81,513,703,116.22
444.64,511.62,765,127.85
443.83,510.64,701,106.77
443.2,513.54,696,108.56
440.8,516.2,764,118.4
440.47,516.97,814,114.73
440.44,519.76,708,123.34
440.63,521.34,647,112.6
436.86,524.2,653,110.82
437.65,523.41,737,114.22
435.78,522.21,727,113.6
434.8,521.66,758,120.19
437.4,519.85,731,120.32
436.14,521.18,669,118.77
437.34,518.08,624,112.43
439.19,516.96,590,106.15
438.55,514.81,602,108.6
440.94,515.65,630,110.1
442.89,514.96,603,111.1
439.92,516.34,590,102.1
440.68,519.66,558,98.333
442.52,519.43,570,96.026
443.86,520.48,562,95.091
441.16,518.38,565,96.563
439.37,516.53,574,93.147
442.6,515.73,589,96.191
443.02,514.54,582,100.87
441.47,513,644,103.88
441.13,511.76,717,112.64
442.77,511.13,841,134.6
445.03,508.65,811,123.33
446.8,507.37,845,132.75
448.97,507.08,845,138.15
451.32,506.88,929,133.72
452.08,505.28,871,119.84
450.02,504.19,762,110.63
448.99,504.4,700,106.4
450.35,503.88,698,101.16
448.18,505.98,786,123.38
447.51,507.2,720,122.75
446.95,509.64,700,113.69
447.08,511.83,663,105.78
446.37,513.94,711,114.6
446.03,515.11,665,105.16
445.17,514.47,590,96.497
443.5,513.63,654,102.58
441.42,514.01,724,110.12
443.12,511.74,681,105.06
443.86,511.17,670,106.46
441.41,508.74,750,120.34
445.38,507.74,709,109.76
446.27,507.36,669,101.99
444.2,504.6,702,105.02
443.96,504.79,695,106.41
446.31,506.33,669,100.88
445.33,505.64,793,108.57
445.59,506.58,815,115.07
445.43,506.42,814,112.34
445.54,507.12,807,112.48
446.49,509.17,777,111.97
447.03,510.07,750,104.7
446.61,510,798,111.23
445,512.1,780,109.41
445.45,513.59,721,105.82
445.42,512.21,706,105.86
446.13,510.77,734,109.78
448.58,509.79,732,116.28
446.89,511.53,661,102.19
446.45,511.9,600,103.85
445.39,513.77,537,93.081
445.44,515.15,521,92.883
445.59,514.16,553,104.32
445.59,511.76,604,105.91
447.76,510.55,562,98.589
448.72,508.87,562,101.13
448.7,506.89,568,94.421
449.39,507.9,546,95.736
448.54,508.87,566,89.715
446.55,508.11,626,101.04
443.6,508.23,748,116.61
442.81,509.86,877,136.13
441.74,511.45,846,133.79
443.42,509.39,764,113.53
444.03,507.99,664,101.8
446.35,509.4,628,97.514
446.02,509.62,630,96.489
448.03,508.84,590,97.614
448.83,509.94,561,90.402
448.21,510.35,576,93.859
448.28,511.01,580,101.25
449.93,509.43,547,96.654
451.62,511.43,554,101.48
452.86,511.74,571,108.36
452.14,511.57,612,107.7
450.72,512.32,614,99.549
449.03,511.3,606,95.612
448.85,511.64,642,99.35
450.65,510.14,590,95.438
453.51,508.66,558,92.13
452.64,510.22,513,88.326
452.24,511.39,515,86.25
453.45,511.11,523,90.096
454.2,508.08,519,91.808
454.88,505.37,528,87.449
453.85,503.15,563,93.826
452.67,504.92,576,94.967
454.68,504.39,535,88.698
457.03,502.56,570,95.455
457.55,501.23,615,98.878
455.53,503.47,615,98.474
454.17,504.16,641,101.15
455.34,502.68,666,99.921
455.85,501.31,660,100.32
457.09,500.7,650,102.46
458.74,499.58,629,99.119
461.02,497.51,630,97.696
460.87,496.92,585,95.463
461.91,497.33,558,91.791
463.59,498.59,525,91.436
463.55,499.21,487,81.685
463.53,499.6,517,87.937
463.63,499.45,545,97.961
463,498.82,606,101.92
463.33,498.96,646,104.81
461.74,500.17,623,106.01
463.09,502.56,564,98.639
464.2,503.55,534,95.513
464.86,503.43,549,93.015
468.64,503.45,545,90.087
468.95,502.38,546,92.568
468.78,502.02,552,87.912
469.27,502.85,536,91.295
469.88,504.8,473,81.867
471.39,507.54,453,83.753
471.64,507.39,478,84.373
470.86,507.1,450,80.808
470.82,505.81,492,90.931
469.44,505.84,504,86.961
469.36,505.68,527,92.155
468.33,506.03,512,88.582
467.74,507.96,535,87.135
466.87,507.22,514,83.918
465.75,506.4,512,84.406
465.99,506.23,533,89.252
465.93,504.68,537,90.03
465.99,507.34,494,88.905
468.2,507.61,468,82.95
469.87,506.43,470,87.962
470.65,505.82,471,84.927
469.8,504.99,478,86.573
469.23,506.65,509,88.235
468.41,504.9,503,89.914
467.81,504.61,509,89.559
467.24,503.61,490,82.545
466.46,503.02,515,86.531
465.54,504.6,491,83.157
467.33,506.4,503,80.75
465.35,505.65,495,80.684
465.79,505.08,499,87.548
466.03,507.48,536,91.469
466.39,506.66,538,93.024
465.19,506.31,569,95.538
464.75,506.96,572,91.064
464.75,503.93,604,96.373
466.36,504.01,582,91.485
465.17,504.98,594,99.259
464.31,505.62,573,97.902
464.19,505.71,550,103.05
465,504.96,522,94.165
466.1,504.7,508,97.316
467.58,504.85,514,88.144
468.41,503.79,513,86.829
465.3,502.66,515,90.311
463.64,502.08,555,89.186
463.56,502.42,544,87.218
464.8,503.74,554,87.59
467.08,503.94,528,86.763
467.6,501.72,511,83.736
465.78,500.98,503,83.083
465.35,498.58,522,86.258
466.12,500.86,521,88.045
464.76,500.94,516,82.975
464.52,500.04,509,86.292
463.32,500.2,469,79.419
460.62,500.05,480,80.717
459.21,499.51,459,84.166
459.75,500.48,443,76.582
461,502.23,479,81.635
461.5,501.8,428,84.017
462.2,499.11,463,82.214
461.27,499.26,466,82.421
460.85,496.7,488,83.595
459.53,498.23,507,87.548
459.14,498.97,510,88.474
460.32,498.18,545,94.703
459.17,498.91,580,96.555
460.16,499.7,567,92.362
460.02,500.67,572,91.667
461.26,503.01,472,82.33
461.31,501.46,507,83.256
460.07,499.39,535,89.153
462.04,500.49,553,88.259
460.94,501.33,556,92.8
458.96,501.35,611,107.6
459.07,501.02,550,96.944
457.91,504.1,583,101.4
458.15,503.16,523,98.077
456.49,504.03,508,102.66
456.94,506.09,480,86.871
455.89,505.7,518,91.907
455.88,507.3,562,109.29
456.17,503.85,600,116.04
458.64,505.37,607,125.94
458.44,504.73,588,115.67
459.31,506.18,589,105.81
460.43,503.98,611,109.12
462.92,502.1,608,104.79
462.45,498.82,682,117.49
459.16,497.11,659,127.59
458.5,497.89,591,116.49
458.96,497.79,582,113.06
459.3,496.53,606,110.58
460.55,498.12,648,112.15
459.6,498.63,639,112.96
457.46,496.98,619,104.77
459.95,499.58,575,102.29
462.98,500.94,626,96.836
459.63,499.99,614,101.98
460.32,501.82,597,106.64
463.6,500.85,605,102.86
466.14,502.6,559,98.233
463.5,501.72,579,99.127
461.88,500.25,593,101.97
463.77,497.93,609,96.984
462.75,497.7,552,100.85
462.77,500.74,596,112.68
463.54,503.35,560,105.68
463.95,504.6,507,93.461
463.53,504.88,566,102.02
461.16,501.54,612,97.605
460.06,506.46,646,124.25
456.99,509.37,681,113.83
454.41,512.19,708,132.13
453.5,513.94,671,121.24
456.82,514.03,594,122.18
461.76,513.84,616,118.98
461.35,512.2,607,109.15
464.45,511.31,495,100.12
464.28,508.85,575,111.41
459.11,506.21,583,96.654
455.36,504.69,635,100.82
457.57,505.34,790,121.9
460.53,506.8,795,161.9
458.81,505.44,805,144.09
458.51,508.52,681,126.28
452.14,509.48,687,128.99
449.36,510.68,706,177.66
452.28,511.37,616,121.03
455.76,509.82,695,125.19
458.65,507.55,669,112.5
458.89,508.09,648,115.3
457.09,511.32,614,105.15
454.38,514.48,599,101.83
452.8,515.85,569,99.433
450.33,517.42,535,93.453
452.59,517.03,524,96.389
453.15,516.17,530,104.12
455.26,517.44,524,92.106
456.28,518.15,492,89.832
455.64,520,496,99.441
453.79,519.02,582,115.1
456.03,518.6,578,110.39
458.02,518.93,524,119.75
461.31,519.48,433,91.924
466.33,517.03,358,100.14
464.27,516.77,383,89.575
463.3,515.95,424,110
462.46,511.23,509,96.745
463.74,511.44,526,99.573
464.19,513.33,515,100.55
463.85,513.98,533,98.978
466.05,512.69,556,103.02
463.98,512.51,621,109.1
461.7,511.72,604,108.19
460.94,509.78,646,128.84
462.19,510.43,651,129.1
460.18,510.93,720,155.6
459.13,508.34,753,133.03
460.93,512.66,643,117.39
458.27,512.99,668,109.12
459.48,508.94,676,114.67
461.01,513.93,665,121.76
469.4,511.93,622,127.5
467.5,512.29,579,122.97
465.37,513.51,586,119.1
463.54,511.68,679,131.92
465.91,510.4,604,112.08
461.58,510.99,633,109.18
457.37,509.73,676,115.43
458.35,511.99,656,122.61
457.6,514.59,722,119.7
456.64,512.53,692,128.74
458.7,511.76,756,121.23
458.09,509.71,802,135.7
453.26,511.52,760,137.55
453.11,512.58,707,128.62
454.14,511.89,679,125.81
456.05,515.57,583,119.62
456.72,514.83,644,130.5
457.82,510.88,696,138.53
456.27,510.62,703,141.25
455.45,509.07,738,118.59
458.17,506.05,679,120.71
456.5,508.45,683,133.58
456.62,512.15,673,110.9
455.59,516.88,597,105.48
456.26,516.23,527,97.804
455.35,515.18,576,118.95
462.34,512.03,477,102.2
460.75,510.49,473,108.84
461.5,513.79,490,93.958
462.24,513.93,536,123.01
459.19,514.15,481,88.144
460.35,514.1,509,92.817
460.56,511.18,572,106.34
458.94,509.05,615,102.87
461.3,512.28,515,91.121
463.43,511.37,520,96.415
462.79,510.28,521,100.52
463.53,512.98,459,93.429
463.47,513.12,557,112.05
460.58,512,494,106.52
460.88,512.89,521,93.081
464.26,512.47,512,94.049
461.14,513.35,545,114.21
461.2,512.74,549,115.27
463.04,512.51,560,103.55
461.51,513.78,558,110.95
460.9,513.68,603,108.92
462.55,511.36,613,120.56
458.18,514.02,530,107.89
456.98,513.16,632,114.48
457.62,510.07,596,119.23
458.26,505.52,677,124.11
454.64,499.89,812,127.16
456.92,503.8,741,123.52
457.64,506.07,642,116.6
458.47,507.17,650,108.02
458.49,506.41,599,109.16
456.66,505.02,612,120.28
453.17,504.03,717,116.79
456.23,507.15,650,122.8
459.55,509.6,608,106.64
458.33,510.77,546,95.827
456.64,508.58,565,98.639
457.8,511.36,529,102.47
458.76,511.7,614,110.27
458.05,509.94,541,95.728
459.55,512.41,497,104.21
459.69,512.28,523,112.24
456.88,512.69,643,132.38
456.71,512.86,630,127.12
455.38,513.72,624,108.93
454.1,512.09,681,111.92
454.92,513.75,571,102.43
453.14,513.26,593,103.64
451.85,513.06,641,118.2
453.15,512.65,539,92.965
452.11,515.87,571,106.87
450.69,514.95,632,103.95
453.97,513.08,587,99.267
455.4,510.98,643,113.74
454.02,509.58,767,125.15
455.33,505.56,843,132.41
455.19,507.59,761,126.5
452.93,510.49,641,103.69
453.36,510.25,575,96.96
453.75,508.04,739,116.84
452.29,511.87,700,120.46
449.58,516.06,743,123.67
447.54,516.31,742,151.22
451.9,515.57,600,122.37
453.27,513.1,568,131.15
453.47,513.35,647,123.66
453.68,512.02,702,136.76
454.71,509.56,660,112.01
454.56,503.56,673,122.18
456.52,498.6,767,137.96
460.49,500.02,710,123.26
462.52,504.3,659,113.24
463.41,503.11,633,104.31
465.97,502.66,625,116.44
465.93,504.25,594,106.32
465.42,506.08,506,96.787
464.36,508.77,488,87.59
465.15,506.04,545,102.88
463.14,505.58,545,100.43
461.74,508.08,526,100.71
462.07,508.14,516,101.42
460.12,508.03,557,103.77
461.1,505.93,674,123.93
460.05,505.66,659,125.06
459.55,505.19,634,108.22
460.46,504.82,635,111.76
459.18,504.89,594,105.09
457.91,506.35,596,107.61
458.69,510.73,542,110.49
459.2,515.28,484,98.664
458.27,515.64,472,103.15
459.94,512.34,548,101.82
463.07,509.38,587,100.78
463.69,510.02,508,91.345
456.11,510.28,614,106.44
457.83,509.93,692,116.75
453.75,511.23,643,105.64
454.24,510.43,674,114.36
454.15,508.54,655,110.94
454.78,508.42,627,103.73
452.48,511.74,624,112.69
453.46,513.22,594,116.1
456.97,514.86,445,87.598
455.52,514.96,461,82.76
454.66,513.83,499,100.44
454.72,513.69,566,110.72
452.94,513.05,611,115.87
452.33,511.25,617,115.59
452.15,513.56,530,105.28
451.03,514.92,529,92.859
451.17,515.78,551,95.563
451.9,517.26,525,95.753
455.47,516.45,454,81.511
456.56,513.42,454,89.732
453.58,513.09,615,108.26
452.6,512.76,616,106.64
453,511.06,571,99.789
455.09,510.2,564,103.11
455.87,511.28,561,109.06
458.86,513.17,505,92.66
458.49,513.96,483,92.478
457.99,513.52,454,89.385
456.67,514.56,491,91.907
454.86,513.47,481,91.444
456.26,513.97,411,91.146
455.71,517.9,421,89.393
452.31,517.94,455,82.404
453.55,519.27,386,79.824
455.29,517.93,397,81.917
456.96,517.15,409,81.974
456.41,516.51,387,79.543
458.29,516.56,373,80.18
458.16,511.64,491,92.362
460.55,509.75,519,96.927
462.69,510.07,481,99.698
463.76,506.92,558,98.432
462.77,503.46,583,101.36
465.17,505.04,557,100.78
465.04,506.33,584,102.58
463.77,506.95,528,109.04
464.88,507.13,581,98.151
464.66,508.44,535,95.935
463.13,509.51,534,94.694
463.95,507.93,507,93.711
465.15,507.69,563,103.12
463.75,506.28,578,96.009
464.48,504.12,625,106.62
463.17,504.99,612,111.86
459.49,506.65,650,115.13
460.71,505.51,611,114.54
460.78,505.14,676,140.03
458.97,504.78,663,114.13
456.48,503.61,641,100.24
457.3,505.4,722,106.9
456.86,507.64,720,122.12
458.87,507.41,660,124.77
460.44,508.21,654,126.09
460.95,508.27,631,104.58
463.17,504.38,676,116.95
464.85,503.68,702,121.45
466.46,507.55,593,117.56
462.61,508,543,96.944
462,503.24,559,100.88
463.12,503.13,549,103.8
464.4,503.78,574,105.07
467.11,502.15,617,107.69
465.56,505.89,594,109.78
466.36,505.33,612,106.84
465.23,505.68,559,107.37
465.9,505.37,556,111.73
464.95,505,588,110.84
464.89,503.08,670,112.33
464.81,504.78,653,111.86
461.6,504.98,631,103.04
460.91,503.62,614,105.4
461.4,505.81,593,104.3
461.69,504.28,606,119.56
463.39,503.15,627,113.55
463.97,502.26,618,117.61
461.47,503.02,653,109.63
459.02,503,627,109.41
458.7,504.79,575,93.627
460.39,508.09,546,96.935
457.19,509.09,663,134.65
453.29,512.44,664,148.95
451.44,512.15,691,165.25
450.4,511.04,657,157.49
452.39,507.41,659,142.82
456.25,509.44,606,129.73
460.67,509.03,497,93.098
458.26,506.96,515,101.16
457.21,506.12,587,110.43
455.74,507.36,608,106.16
454.32,506.32,663,114.81
453.93,504.02,745,111.77
452.19,503.35,787,125.3
451.03,503.57,761,113.2
450,506.54,771,117.06
452.51,502.44,744,109.79
455.48,505.28,692,118.36
454.17,502.48,743,120.37
456.35,503.27,706,111.97
456.86,500.63,776,123.44
456.92,501.92,723,111.87
455.5,500.46,727,116.82
455.07,500.18,809,124.6
452.29,503.08,745,122.26
451.97,502.22,700,120.09
450.58,503.46,719,119.99
450.14,500.89,778,126.4
452.58,500.79,815,143.26
455.02,501.91,818,130.95
456.78,501.85,847,141.18
455.14,501.8,838,134.95
453.22,499.78,867,144.74
453.93,501.49,830,137.93
454.38,498.43,851,133.02
453.88,500.76,776,119.65
450.8,502.6,708,117.4
451.55,501.46,686,115.86
454.06,502.8,704,114.47
459.43,503.8,698,113.31
464.34,505.57,679,115.62
466.89,507.81,578,125.34
466.67,509.2,574,116.35
468.22,506.3,727,146.48
466.91,502.62,974,180.92
463.14,502.37,889,187.63
465.27,500.07,921,182.25
461.51,500.17,832,166.12
460.6,497.96,963,152.55
457.47,498.61,898,157.53
459.44,499.76,866,133.02
461.75,500.83,876,137.31
461.26,501.69,773,123.97
461.69,504.4,721,141.99
465,505.53,622,128.08
464.86,506.02,674,137.07
464.29,501.54,789,143.31
464.04,498.75,802,141.51
461.84,499.53,829,138.77
463.53,502.03,757,131.7
464.1,505.2,718,142.67
468.28,504.4,735,145.2
469.74,504.84,767,174.54
469.95,499.87,817,163.95
471.06,501.01,805,146.64
471.55,502.11,789,151.31
470.15,503.43,810,157.94
468.57,502.8,829,169.96
465.52,500.56,796,163.8
462.27,501.96,781,136.47
460.07,502.32,798,152.38
459.7,498.63,763,169.49
460.05,504.99,692,127.69
458.91,506.52,613,118.98
463.6,508.96,578,133.05
462.54,510.36,657,136.19
461.01,512.03,666,178.91
460.9,512.2,588,149.71
465.89,508.74,503,122.36
461.88,509.36,608,134.36
462.22,509.13,708,143.69
463.9,505.94,739,171.29
461.7,507.6,611,153.83
462.43,508.64,536,121.32
467.96,505.91,613,142.33
469.69,503.21,728,154.55
469.34,501.51,749,145.91
468.74,501.51,796,146.89
468.57,501.04,848,148.93
464.51,503.08,746,144.8
466.17,506.06,732,132.27
466.96,508.82,576,137.17
469.15,505.95,578,132.39
467.91,501.55,728,120.33
467.72,499.16,848,155.5
467.16,499.09,831,137.51
465.77,500.91,898,155.96
468.36,500.63,861,149.98
468.58,501.21,838,150.72
466.74,503.14,729,130.59
465.36,502.03,754,135.28
465.72,501.61,794,148.13
463.04,500.57,804,141.2
463.18,497.56,862,147.56
460.23,494.54,949,154.83
461.59,492.69,989,162.72
464.39,489.72,1087,172.09
466.25,489.14,1097,167.34
463.72,491.12,1035,155.59
460.12,494.46,879,129.58
458.19,494.61,882,133.13
460.91,494.9,871,135.04
456.89,496.36,795,127.11
461.09,496.07,816,135.9
457.06,499.04,693,137.96
459.54,503.92,566,92.825
459.52,506.05,564,102.41
460.78,507.25,539,106.03
462.05,509.3,510,105.88
463.14,508.43,578,126.78
465.48,505.95,618,128.49
464.86,504.25,728,123.58
465.72,502.75,734,146.16
466.22,502.11,734,153.04
467.65,502.85,717,136.85
465.15,503.4,733,157.87
462.57,503.82,726,142.98
462.3,504.08,680,130.75
457.83,510.16,564,108.28
457.12,509.39,544,119.1
458.61,505.52,613,104.85
461.27,504.13,557,118.89
464.19,503.68,512,112.72
465.77,507.2,479,105.26
466.14,505.72,579,110.36
465.88,508.39,487,89.873
464.07,509.89,446,95.108
464.54,511.41,405,101.78
466.08,506.52,445,107.81
464.56,506.08,416,85.721
464.73,508.1,387,87.284
467.03,510.04,413,95.389
467.68,508.5,498,97.606
464.64,507.08,516,103.84
465.35,507.44,566,101.46
464.06,509.22,475,101
463.21,511.93,432,87.152
459.56,515.17,375,81.015
461.31,515.27,388,111.97
467.01,509.93,465,118.16
466.45,508.98,462,138.2
467.23,510.49,461,128.01
468.35,509.11,387,129.28
466.63,508.67,389,130.51
469,508.18,388,109.08
469.35,507.12,475,118.42
469.17,509.07,410,103.55
467.37,511.64,363,95.761
464.16,511.74,323,93.089
466.38,510.93,426,106.5
463.69,513.77,460,111.23
463.57,511.35,472,98.151
461.05,511.51,472,109.13
460.52,510.11,479,98.73
460.08,512.4,387,87.855
460.53,511.87,490,104.78
463.15,511.45,465,102.1
462.21,512.27,471,110.86
459.06,513.9,530,119.55
459.46,516.37,414,103.85
460.01,515.11,442,131.46
463.8,513.63,368,127.82
462.93,512.83,410,87.747
462.16,513.43,413,100.82
463.37,512.33,374,83.091
464.28,510.92,380,82.802
463.94,509.03,375,85.721
462.79,510.76,378,87.383
464.64,510.51,381,86.788
465.1,509.25,419,97.829
464.29,507.7,423,111.38
465.34,504.75,483,98.441
465.72,504.18,591,108.94
463.75,500.23,706,119.81
456.55,500.27,828,119.08
451.55,496.68,976,136.31
451.55,496.83,1012,148.51
455.68,492.92,966,137.2
456.99,496.04,848,125.26
460.01,499.06,779,114.69
465.14,501.7,660,116.96
460.81,500.14,672,122.16
460.68,498.88,772,132.08
462.51,501.79,652,106.52
463.23,501.55,653,105.95
460.64,499.86,594,103.92
462.14,498.06,635,104.34
460.17,496.2,632,133.27
460.85,496.55,716,144.37
460.69,499.35,617,125.86
461.49,502.21,548,109.74
461.2,502.28,615,112.45
462.81,502.89,585,105.37
464.38,503.97,527,92.684
465.27,502.22,573,103.58
464.02,501.75,578,122.75
463.2,502.47,643,111.95
463.54,501.97,649,132.71
464.22,499.53,722,122.51
463.86,500.27,645,120.84
466.32,501.48,676,149.34
468,500.09,678,143.23
470.64,500.42,638,125.39
470.39,499.55,673,123.38
470.9,499.79,680,142.07
472.38,496.29,694,137.34
471.24,500.25,701,115.24
469.29,500.59,657,117.64
466.95,503.65,586,116.26
466.56,505.14,555,118.7
467.34,504.24,569,111.99
467.46,503.12,619,123.78
469.55,500.71,646,113.1
466.98,502.88,565,124.67
466.98,500.56,588,109.34
467.77,501.21,647,115.24
466.61,498.74,755,171.4
465.04,501.56,682,133.46
468.87,502.16,656,138.3
468.1,503.76,605,136.81
468.8,501.46,704,134.92
469.51,503.85,671,123.85
468.11,504.59,617,111.65
470.62,503.66,619,131.91
470.55,503.26,613,135.91
467.89,504.1,659,152.25
469.86,503.09,617,118.43
470.56,503.93,614,128.28
471.48,503.26,647,133.62
469.96,502.59,659,141.54
468.12,505.47,615,125.89
464.57,505.02,621,116.4
461.45,506.1,637,130.04
455.51,507.21,671,113.08
458.36,507.56,607,101.84
461.12,505.11,536,116.85
466.13,509.8,462,104.44
465.42,513.31,406,116.19
461.35,514.99,304,71.86
461.89,514.21,337,87.772
462.86,513.44,431,110.14
462.86,513.44,431,110.14
