0,-0,159,59.513
-0.68276,-2.9632,290,68.602
-3.1128,-3.4549,257,72.82
-5.2161,-4.947,361,77.484
-2.9375,-7.3584,320,68.535
-0.29462,-8.0995,353,77.293
3.4588,-6.6893,364,78.03
8.4368,-2.225,364,79.535
10.931,-2.1027,259,83.977
14.626,-1.0784,329,75.623
16.136,2.3859,317,73.216
18.63,3.3375,338,72.571
20.225,2.8655,298,80.436
22.504,3.0253,264,74.92
22.07,5.9259,298,73.886
21.913,5.6708,358,80.064
24.601,5.5578,353,79.584
23.378,4.3279,325,80.18
22.573,-1.2961,281,82.603
24.733,-3.7556,288,63.763
26.179,-6.2291,291,61.63
29.131,-6.5349,291,65.996
33.393,-8.4505,239,55.013
46.161,-6.9814,299,73.646
45.01,-4.2235,384,81.726
47.15,-3.0602,413,86.804
48.481,-2.8351,370,73.423
57.569,6.427,295,76.789
60.906,6.4367,299,70.975
61.099,10.058,292,72.96
56.376,7.4449,306,69.594
57.592,9.8195,387,80.891
53.488,14.833,363,77.442
52.66,13.299,321,75.673
49.132,14.812,317,71.934
46.9,14.156,339,73.166
47.1,14.064,351,75.97
47.512,12.413,320,73.051
48.782,13.434,418,77.252
48.01,12.581,412,82.214
47.816,11.051,463,82.33
46.584,9.1009,461,82.62
49.051,7.1648,468,83.339
47.375,6.9769,477,87.267
44.498,5.0452,450,90.808
44.622,5.7829,497,96.895
46.545,8.953,475,97.25
44.677,6.389,498,117.89
48.66,6.1766,1202,143.52
45.6,4.8791,1271,134.98
47.243,5.0533,1280,134.98
45.329,4.2219,1328,135.23
45.616,4.6104,1372,141.18
46.268,5.2243,1424,147.24
46.97,5.4637,1429,145.86
47.462,4.9673,1395,141.13
47.057,3.7121,1431,142.8
46.918,4.2172,1419,140.36
46.504,4.9851,1441,143.22
45.41,1.6275,1429,144.03
46.136,2.5035,1448,148.37
45.984,3.0449,1461,157.09
45.151,2.817,1492,144.99
45.055,4.1393,1552,150.51
45.096,1.7113,1520,151.12
47.758,1.0304,1483,146.56
44.672,-0.48906,1467,146.91
45.81,2.029,1515,151.62
44.699,-0.43663,1433,145.69
47.385,1.6066,1516,155.51
47.669,1.2121,1552,153.44
47.453,1.1745,1520,146.46
45.508,-0.73063,1479,147.9
46.717,-0.31357,1577,158.85
47.413,1.96,1533,148.54
46.916,-0.932,1481,143.66
46.357,0.77957,1562,153.7
47.989,1.5132,1576,152.44
47.145,-0.11509,1564,157.37
45.067,0.54893,1531,151.54
48.978,2.0799,1604,152.85
48.821,0.82841,1589,155.89
44.962,-1.8002,1530,151.95
45.813,-5.0376,1505,154.2
49.353,-3.0406,1533,152.23
48.568,0.68354,1630,155.46
49.231,-0.8865,1626,160.57
47.447,0.70412,1639,160.71
47.175,-4.6887,1625,159.72
49.191,-3.5214,1584,154.27
48.641,-3.0282,1596,164.21
46.597,-3.1482,1644,158.01
45.231,-3.3539,1634,160.7
46.3,-5.398,1555,159.46
46.913,-5.3524,1546,157.54
47.326,-4.5448,1664,163.21
49.791,-7.1893,1558,152.03
45.026,-5.6744,1598,157.97
46.682,-4.2402,1636,161.32
44.69,-9.6029,1537,150.7
46.35,-2.5423,1655,161.91
44.962,-7.3286,1621,159.9
46.542,-7.7976,1543,147.97
46.501,-4.1778,1642,163.3
47.179,-6.1369,1641,160.43
48.092,-4.5395,1658,161.48
46.814,-6.8846,1617,155.81
45.281,-5.563,1608,160.41
48.229,-6.4524,1644,163.15
43.496,-10.399,1606,163.33
48.498,-4.5055,1523,150.48
52.072,-2.7017,1619,161.76
52.431,-5.0985,1645,161.56
47.686,-5.7539,1657,165.58
49.34,-4.399,1678,162.92
51.547,-2.0688,1653,161.79
49.167,-4.728,1696,162.25
54.22,-0.6563,1598,155.31
51.313,-3.4558,1684,166.52
50.038,-1.5901,1732,161.77
52.145,-4.9017,1621,160.08
52.227,-3.4826,1631,158.03
50.725,-1.546,1674,167.46
52.367,-1.3892,1685,157.88
53.286,-3.4118,1701,161.62
51.955,-1.5005,1714,171.69
54.57,-3.9143,1580,160.26
52.641,-2.7167,1707,172.8
51.106,-2.0033,1725,172.12
51.402,-3.6458,1724,167.78
52.556,-1.938,1711,159.93
52.661,-2.0548,1762,175.32
52.976,-3.3059,1675,161.56
57.106,0.7174,1611,154.03
54.528,-3.6899,1631,172.24
51.595,-1.9615,1665,173.77
53.292,-0.51712,1653,169.45
54.179,-0.067128,1711,175.73
54.573,0.68887,1725,167.98
54.202,-3.0306,1722,170.19
53.106,0.34654,1655,158.95
58.012,1.927,1678,174.11
55.09,-4.8382,1680,170.75
52.324,-0.4499,1731,165.06
55.877,-0.094853,1653,162.8
55.179,2.4013,1551,153.02
57.394,2.11,1450,156.72
56.28,-0.0018476,1491,158.61
56.829,1.4297,1493,211.24
56.8,1.1241,1502,201.26
57.925,1.7416,1462,176.31
56.604,0.32248,1547,185.57
54.691,-1.0395,1684,196.57
54.417,-1.338,1776,202.22
54.031,-0.13456,1850,190.03
54.699,1.7664,1878,194.11
53.564,-2.5984,1806,177.43
49.921,-2.6154,1618,162.28
52.647,2.6269,1542,159.76
58.722,4.3041,1477,149.67
60.346,-0.87775,1476,159.08
54.261,-8.737,1506,158.8
48.81,-8.8049,1571,165.78
49.157,-4.3244,1671,163.24
53.312,0.79067,1684,164.14
57.596,5.0888,1638,165.08
57.933,-0.3477,1681,174
54.396,-5.6303,1565,156.12
55.371,-1.7173,1761,179.12
53.663,-1.8606,1809,179.52
57.325,7.01,1804,183.31
61.703,1.4915,1685,165.02
57.375,-3.2753,1755,186
53.096,-1.0476,1837,188.36
56.371,2.8876,1897,186.55
59.501,3.5703,1969,201.43
57.733,-1.0355,1872,186.44
57.106,-4.4087,1817,179.19
55.492,-1.0066,1898,199.54
56.281,-0.95887,1930,200.96
58.583,-1.3004,1823,174.27
60.013,-3.4698,1816,192.05
59.529,0.72959,1947,199.07
60.3,-2.4068,1855,183.54
56.719,-5.5038,1805,168.39
58.008,0.46408,1942,202.18
61.254,2.2587,1897,183.19
60.525,1.5333,1780,174.65
63.307,4.9854,1787,182.08
60.749,-0.75987,1877,195.44
58.941,-1.6728,1921,180.49
59.273,-0.43282,1887,195.18
58.696,1.1379,1914,196.04
61.645,4.2851,1965,196.89
65.284,6.9258,1833,180.13
68.498,0.89753,1754,172.49
63.72,-6.2223,1804,175.07
55.477,-7.0246,1917,180.67
55.959,-5.9564,1761,187.98
59.947,-0.17623,1880,200
64.363,1.2595,1703,164.58
63.962,4.8799,1816,191.36
64.821,2.1687,1846,185.7
62.923,-2.8075,1833,175.78
60.01,-3.9895,1759,164.49
57.408,-5.8291,1813,186.76
54.554,1.2527,1841,170.65
64.014,8.9373,1815,179.34
70.046,12.046,1799,176.93
68.953,6.056,1809,196.19
62.331,-3.311,1889,178.45
60.906,-5.6556,1889,192.54
61.048,-3.9942,1919,191.71
61.981,-3.8202,1887,172.91
63.332,-2.4396,1847,173.39
61.442,-1.6717,1897,178.63
63.241,-1.1155,1892,169.87
62.436,-3.3367,1854,180.28
63.13,-3.1571,1811,172.48
66.736,-1.4399,1840,174.87
61.521,-4.0369,1822,171.64
60.948,-7.511,1848,179.37
57.655,-6.2392,1696,166.64
64.735,-4.5207,1613,154.72
65.929,-1.2759,1771,158.68
63.198,-2.6639,1786,167.04
60.165,-3.7431,1853,177.02
64.551,-4.2335,1753,164.63
66.513,5.1367,1786,172.15
63.832,-0.46797,1827,180.06
66.673,-3.6918,1706,168.68
65.252,-2.634,1600,167.06
63.871,-3.501,1599,158.94
63.119,-2.6157,1694,170.94
63.882,-3.0009,1777,198.29
64.306,-2.661,1736,210.02
64.575,-2.7317,1729,216.66
62.292,-1.7776,1904,213.56
61.542,-2.7194,1909,225.19
59.92,-2.0582,1988,222.97
60.174,-0.59531,2081,197.08
61.712,-2.3812,2070,207.24
61.505,-1.9237,1871,169.48
64.582,-2.1308,1632,161.12
62.571,-2.6044,1563,150.98
64.003,-5.6511,1409,143.25
60.08,-0.75965,1310,134.41
58.348,-2.0079,1343,139.05
63.11,0.26491,1367,139.87
63.849,7.0933,1373,143.38
66.502,4.878,1407,140.37
70.195,2.1904,1514,158.27
68.405,-1.0525,1721,175.53
65.184,1.4016,1980,192.01
63.398,-5.602,1757,161.49
60.433,-1.8753,1721,165.6
64.626,5.5762,1747,176.21
72.422,12.433,1684,165.55
71.941,5.6682,1909,189.47
65.398,-2.6193,2019,199.86
59.739,-6.2988,1869,179.78
65.628,0.6949,1764,177.56
71.847,8.5104,1754,167.3
71.108,5.6892,1764,178.5
62.966,-1.8377,1822,170.1
64.478,-1.1775,1864,183.41
66.73,-2.1661,1857,177.21
65.398,-5.2044,1894,179.56
61.654,-2.3707,1894,191.99
65.64,-4.3281,1850,178.88
66.474,-0.47395,1890,187.93
63.196,-6.5986,1868,179.27
66.068,-5.0421,1695,158.09
68.327,-3.8658,1658,158.64
65.621,-7.2966,1682,162.87
63.392,-4.5582,1832,181.19
66.416,-5.7638,1711,163.98
67.929,0.79844,1718,170.62
71.699,-1.862,1829,192.56
67.262,1.5831,1760,174.45
65.97,-3.7978,1704,171.6
72.113,1.6822,1778,176.94
65.886,-4.8153,1683,163.05
62.212,-3.4559,1801,184.38
71.668,2.8576,1607,166.62
63.856,-5.8528,1675,157.46
70.648,-4.0041,1618,165.78
72.835,3.1277,1611,163.23
66.176,-5.4107,1820,204.54
68.603,-0.38365,1749,185
69.724,3.491,1643,165.62
68.726,1.5506,1682,175.82
68.791,3.3018,1763,170.18
71.467,6.843,1652,155.69
67.589,4.2712,1737,174.1
69.718,7.5104,1802,182.05
73.311,13.574,1718,170.26
73.459,9.9226,1825,192.8
70.958,0.13475,1629,167.39
59.823,-4.4702,1521,148.67
71.234,-1.9225,1672,169.03
69.35,-4.6049,1699,163.31
66.791,-5.6839,1633,155.39
69.517,-3.9654,1603,158.43
58.854,-3.1362,1640,174.92
66.458,-3.7649,1661,169.41
71.365,-6.597,1569,154.43
71.363,1.3853,1596,164.26
68.761,-5.3966,1498,148.93
58.831,-9.3005,1584,170.18
55.506,-3.7481,1671,180.95
47.947,-9.8204,1747,192.9
58.371,0.028806,1772,201.45
68.515,-2.0513,1721,165.81
73.594,-3.6032,1675,172.31
61.463,0.38829,1535,160.09
68.437,-4.022,1522,152.39
71.746,2.645,1435,151.65
73.086,1.924,1545,158.68
73.62,8.166,1592,170.79
75.641,15.619,1589,170.68
75.658,9.4906,1645,174.04
75.185,7.8199,1646,172.94
73.39,3.0038,1624,163.06
70.9,0.92565,1635,169.82
65.699,-1.4562,1596,163.06
74.015,6.2739,1494,148.33
75.854,13.507,1698,187.57
77.243,8.1541,1554,163.56
73.568,0.54042,1610,171.8
66.447,1.4722,1550,167.57
68.751,5.5904,1586,174.77
76.744,8.8695,1722,191.41
72.797,10.973,1637,187.02
75.607,2.9489,1550,154.45
73.117,1.1648,1631,172.61
61.909,-6.1797,1775,202.51
67.3,1.7685,1661,173.24
78.277,12.507,1549,157.88
74.769,0.59026,1692,191.65
62.864,-9.9146,1630,164.31
70.484,-7.6122,1566,163.69
76.218,1.0043,1639,167.11
73.145,-0.86648,1556,152.82
75.872,-1.7211,1490,145.27
72.587,-2.9681,1522,155.92
72.842,-5.0772,1459,144.43
71.787,-3.2608,1504,147.1
73.836,-1.4049,1424,141.15
77.338,5.9361,1429,145.51
79.286,8.029,1531,168.26
69.313,6.6024,1740,209.38
69.939,1.4211,1618,180.47
72.386,1.4142,1551,174.61
71.698,8.119,1512,168.7
78.31,18.202,1611,175.13
83.084,20.943,1525,175.87
74.722,8.3999,1479,168.67
65.14,2.5283,1534,163.18
67.898,-3.669,1597,170.7
69.809,-9.95,1485,151.12
71.02,2.8525,1416,149.25
73.952,13.161,1491,155.28
74.33,13.521,1448,153.27
65.74,23.599,1537,170.35
74.079,20.646,1691,193.64
74.393,8.5485,1553,177.19
68.082,-1.7133,1380,151.21
74.205,4.0815,1364,146.68
74.574,5.83,1228,132.93
71.605,4.0033,1300,144.89
69.471,2.5453,1443,153.13
70.903,0.11525,1416,146.8
71.882,-5.4343,1528,166.22
71.402,1.4198,1447,143.48
67.275,6.8388,1521,163.72
70.098,9.7401,1558,160.07
71.683,17.092,1548,160.05
73.998,16.001,1610,171.74
77.33,14.885,1615,172.31
71.978,0.082659,1533,165.01
68.086,-2.307,1463,157.01
72.035,1.2288,1453,148.47
67.619,-3.8672,1410,140.56
71.726,-1.6895,1432,145.45
76.358,-1.2241,1412,140.43
72.801,-6.4792,1455,145.08
70.772,-3.0755,1446,153.92
69.075,-1.0207,1430,148.65
70.487,-3.9083,1435,142.08
74.416,-3.5716,1427,142.83
74.511,-1.2635,1419,142.43
70.572,-1.3613,1434,148.99
69.857,-2.568,1504,153.21
78.124,5.1431,1415,155.11
74.357,10.347,1410,156.52
65.056,10.777,1532,165.63
68.36,0.041104,1602,178.22
68.888,-10.193,1504,161.83
66.543,-5.0347,1536,162.68
68.913,-9.9141,1526,160.74
69.219,-12.772,1539,162.92
73.683,-7.4404,1439,149.99
71.896,-4.6609,1432,153.13
72.032,-2.5261,1321,141.88
71.383,-8.1861,1445,157.22
66.199,5.4433,1404,152.53
54.909,11.365,1489,163.75
41.866,1.0401,1684,193.99
41.865,-7.5243,1788,209.4
53.657,-6.4514,1744,205.69
53.984,-15.761,1772,199.58
60.833,-4.6752,1734,200.2
70.059,-3.8087,1480,168.22
81.491,1.6919,1481,157.69
83.581,-1.2239,1467,157.13
82.591,-5.1097,1537,182.99
78.88,-3.5746,1469,161.81
82.408,-1.9567,1467,157.76
73.813,-2.1301,1367,152.01
70.92,-2.7904,1467,161.75
75.687,-0.00069192,1318,136.3
73.605,3.4006,1353,142.58
76.299,0.27464,1265,131.24
71.974,6.0907,1404,152.53
72.652,14.924,1577,163.93
71.857,20.104,1581,168.27
75.29,19.634,1618,170.18
72.728,17.571,1683,184.1
70.084,28.469,1578,181.66
76.373,29.655,1600,192.48
78.708,12.38,1721,207.58
83.188,5.1624,1556,168.84
92.965,15.003,1458,146.56
93.336,11.8,1638,195.3
100.83,9.3762,1544,170.92
111.62,12.138,1434,153.62
122.26,11.123,1313,148.68
130.81,7.8052,1363,154.1
138.9,6.2303,1286,142.97
148.07,1.5124,1207,135.11
147.58,-0.42404,1280,153.4
139.46,3.2439,1241,158.37
139.51,1.7068,1252,161.05
143.46,0.96216,1214,149.68
140.79,3.0137,1165,147.13
145.63,-2.2355,842,116.06
147.82,-2.5997,918,119.24
154.71,-12.053,752,100.27
152.53,-16.379,608,90.683
151.2,-15.545,759,104.13
146.75,-9.3594,815,105.88
138.03,-2.4185,868,111.38
129.1,10.458,1222,142.24
126.44,17.017,1238,136.84
134.33,6.8999,1310,145.01
144.93,-2.8791,1176,132.68
152.87,-5.8106,1175,137.05
159.76,-10.108,1088,129.82
164.05,-9.1205,1362,156.29
177.67,-10.077,1322,145.59
192.25,-10.458,1251,140.1
205.26,-11.808,1198,133.29
214.74,-15.86,1157,129.85
222.21,-23.058,993,115.77
222.68,-29.271,1116,124.05
221.42,-30.887,1065,124.44
226.12,-35.549,857,106.55
225.69,-38.417,818,105.87
229,-38.04,840,108.37
227.68,-37.631,953,113.04
232.25,-41.951,940,116.87
232.46,-41.675,853,106.18
227.47,-37.686,831,108.45
231.61,-34.366,501,89.607
230.69,-38.606,380,76.897
228.8,-39.653,316,70.454
230.62,-40.901,353,71.926
234.15,-37.827,428,81.759
236.25,-37.493,427,89.244
232.67,-36.732,433,81.602
231.67,-38.73,404,76.789
229.15,-39.983,386,74.548
228.72,-36.473,387,74.019
229.23,-35.694,471,103.19
230,-40.657,550,85.977
233.12,-37.707,815,107.89
237.31,-37.18,1082,136.47
237.78,-40.658,1054,137.95
239.35,-39.638,706,102.05
239.36,-32.978,511,85.555
235.12,-34.634,847,108.05
230.4,-38.305,1064,127.47
227.06,-40.812,1079,122.03
228.88,-39.295,1067,124.27
227.56,-37.477,1166,130.17
227.99,-38.956,1131,127.96
228.52,-40.032,1122,129.68
229.29,-41.67,1135,135.46
228.53,-40.087,1163,130.63
228.38,-40.529,1172,126.82
228.39,-40.137,1210,132.89
227.54,-39.582,1252,137.44
229.09,-38.535,1294,143.36
227.13,-41.079,1316,142.2
228.09,-40.594,1445,146.36
227.01,-37.272,1414,156.2
227.73,-36.397,1398,153.82
228,-36.029,1368,142.09
229.63,-38.453,1341,139.94
228.66,-41.21,1358,141.71
228.58,-41.069,1306,136.62
228.52,-42.118,1230,130.92
228.42,-42.171,1283,134.84
227.97,-42.597,1356,136.52
227.87,-41.939,1406,148.89
225.99,-39.344,1397,144.89
226.92,-40.316,1455,153.71
227.94,-38.614,1502,154.69
228.72,-38.949,1582,165.89
228.78,-43.545,1564,165.98
229.61,-43.95,1512,154.26
227.42,-43.32,1501,149.19
228.09,-43.565,1495,147.29
227.42,-42.769,1505,148.44
228.55,-44.534,1541,151.7
228.2,-40.879,1548,152.72
226.8,-40.87,1539,158.48
229.61,-43.993,1508,146.28
230.25,-44.641,1553,155.15
226.3,-40.249,1512,153.31
227.09,-38.545,1436,149.72
227.61,-41.867,1490,155.11
227.98,-41.402,1509,151.41
228.55,-40.898,1515,154.89
230.89,-44.739,1484,151.91
230.08,-43.42,1537,162.3
228.64,-42.712,1492,152.48
231.42,-43.179,1565,153.35
231.59,-43.602,1572,161.32
230.88,-43.294,1568,154.79
232.03,-43.058,1620,161.12
232.84,-46.144,1515,158.47
231.68,-45.562,1584,167.06
229.93,-44.922,1549,162.9
232.64,-45.331,1540,150.59
234.12,-46.271,1578,156.31
234.05,-45.982,1557,160.77
232.21,-43.81,1512,167.26
232.91,-42.243,1583,158.3
238.03,-45.503,1500,152.25
236.66,-45.534,1592,173.97
233.04,-45.7,1504,158.28
233.85,-44.749,1557,151.78
233.84,-43.181,1567,153.76
232.47,-43.946,1556,156.53
234.05,-45.436,1545,160.26
231.71,-45.395,1543,165.95
235.23,-47.505,1509,153.54
233.64,-47.699,1458,153.19
232.47,-44.016,1553,169.27
234.68,-46.312,1472,147.75
234.1,-50.537,1417,150.16
229.67,-50.308,1473,156.42
230.61,-46.528,1438,152.09
231.31,-42.606,1501,153.16
233.8,-40.784,1501,158.56
234.45,-44.276,1536,168.31
237.82,-50.426,1478,153.12
238.32,-55.998,1479,153.19
234.43,-52.574,1392,154.08
231.25,-41.023,1409,149.76
232.16,-41.108,1517,154.07
230.81,-44.367,1529,148.53
230.59,-42.721,1546,158.32
231.4,-44.201,1574,149.3
231.9,-42.685,1578,155.36
231.71,-41.773,1582,153.18
233.66,-44.961,1581,156.82
231.07,-43.458,1544,158.22
231.67,-42.714,1575,153.2
229.02,-41.369,1586,157.32
228.98,-41.295,1624,164.81
226.37,-38.399,1614,172.95
228.47,-38.707,1578,167.09
229.02,-36.503,1620,163.7
230.52,-33.002,1714,166.86
232.88,-32.414,1673,164.83
235.06,-30.496,1706,178.12
236.79,-31.89,1675,169.8
235.46,-32.828,1723,175.38
236.67,-35.248,1696,170.91
236.11,-32.333,1717,186.73
235.68,-38.462,1690,182.51
237.65,-38.054,1674,175.86
235.54,-40.121,1705,170.94
235.1,-39.592,1641,169.56
233.6,-44.003,1676,167.88
236.59,-44.136,1656,173.41
233.76,-38.108,1627,178.21
233.72,-41.312,1670,161.23
233.63,-42.251,1656,162.56
234.04,-44.802,1480,155.74
233.92,-44.649,1511,156.26
232.68,-40.069,1580,163.6
229.9,-40.639,1558,171.8
229.61,-37.922,1553,174.89
235.65,-40.959,1570,162.63
232.45,-41.969,1501,166.12
231.97,-40.733,1591,182.22
233.35,-42.915,1588,177.03
236.32,-43.737,1517,175.7
237,-38.26,1528,180.57
238.96,-38.493,1559,173.29
236.47,-41.324,1517,165.11
238.94,-44.071,1510,166.09
236.61,-42.353,1541,162.24
241.89,-45.696,1555,164.14
245.8,-49.527,1571,196.62
254.56,-53.724,1600,168.75
261.3,-58.462,1539,165.03
268.51,-62.481,1528,162.1
276.09,-66.825,1368,164.52
281.66,-68.095,1384,160.23
283.15,-73.662,1374,162.53
282.88,-77.951,1444,179.64
282.85,-83.244,1416,177.27
281.98,-91.509,1420,184.52
278.15,-97.514,1369,180.89
284.54,-86.094,1453,180.54
288.92,-72.853,1367,159.19
292.82,-70.699,1442,174.34
294.91,-73.09,1398,172.42
300.05,-67.382,1313,150.22
296.9,-62.364,1271,138.8
294.06,-59.175,1349,157.17
303.43,-50.947,1347,156.32
306.18,-50.655,1456,176.48
305.28,-41.249,1558,187.3
306.87,-27.2,1482,171.35
303.88,-16.277,1477,175.13
297.67,-8.7709,1400,183.25
286.97,-3.407,1324,175.31
274.47,0.28212,1269,179.93
270.66,6.2911,1279,188.14
285.12,3.3175,1290,167.7
297.02,-6.6998,1358,179.93
303.35,-15.241,1418,183.33
305.95,-27.011,1449,185.92
312.05,-37.247,1468,184.27
313.23,-47.05,1400,182.72
315.12,-39.902,1423,189.23
311.88,-30.957,1430,191.31
301.13,-21.537,1429,185.82
292.97,-16.139,1463,218.01
294.18,-19.312,1413,194.94
298.21,-20.544,1350,200.12
298.09,-21.655,1169,187.14
300.53,-25.06,934,164.22
300.6,-24.133,810,186.65
302.02,-24.962,642,195.51
300.54,-23.613,718,177
299.52,-21.576,392,171.14
301.94,-21.009,2046,311.91
303.41,-20.004,2040,344.48
301.94,-21.383,2135,348.8
300.84,-18.476,2293,318.34
300.33,-20.677,2211,271.78
301.75,-19.746,2026,232.14
299.22,-17.55,1866,191.93
296.06,-14.078,1844,188.59
300.42,-18.637,1889,196.24
304.05,-24.725,2019,200.68
306.27,-28.807,2009,206.96
305.03,-25.576,2011,214.33
302.83,-18.874,2108,207.04
300.93,-17.375,1940,198.2
302.98,-13.063,1884,191.19
306.45,-17.998,1921,192.46
307.02,-23.875,2062,211.56
309.22,-25.913,2038,210.76
307.87,-24.486,2002,211.76
303.7,-24.887,2038,214.25
305.69,-21.815,1950,209.69
306.62,-17.877,1842,191.31
305.31,-16.408,1835,180.11
306.36,-11.33,1891,199.79
310.34,-13.442,1828,189.74
314.74,-17.242,1728,182.6
318.04,-20.467,1641,165.79
317.58,-20.188,1798,194.27
319.28,-21.106,1629,175.8
319.15,-19.451,1425,157.28
316.24,-18.38,1793,199.1
314.18,-19.505,1852,207.85
318.64,-17.427,1925,209.27
323.18,-12.807,1742,180.76
326.33,-16.945,1725,194.54
327.84,-13.608,1829,184
331.7,-10.142,1606,166.41
340.17,-12.942,1455,148.51
341.16,-13.492,1468,161.11
342.27,-13.027,1821,177.85
349.77,-12.237,1537,158.06
353.65,-13.007,1421,159.29
357.67,-18.93,1526,172.17
363.06,-26.033,1566,177.18
368.89,-27.65,1586,166.45
376.23,-29.675,1578,181.38
379.95,-36.566,1377,156.21
382.1,-40.058,1451,168.37
381.3,-39.29,1549,191.17
383.42,-47.233,1477,157.83
379.4,-50.013,1544,163.57
375.7,-50.777,1579,164.45
377.84,-50.764,1520,163.94
374.42,-46.863,1682,178.16
367.95,-36.046,1702,198.4
362.72,-34.057,1767,209.92
363.64,-33.752,1813,207.43
363.75,-34.197,1952,220.5
362.47,-32.358,2000,270.37
363.44,-31.871,1987,300.34
364.64,-30.532,2003,351.5
363.79,-29.926,1978,419.06
365.37,-29.998,1996,364.61
361.44,-29.306,2143,449.39
365.24,-30.86,2229,413.52
362.66,-29.802,2476,379.52
358.5,-28.628,2587,346.83
359.1,-27.089,2430,272.83
358.12,-26.13,2128,219.88
354.06,-25.066,1921,201.58
346.22,-21.324,1840,192.96
338.6,-20.899,1848,201.43
336.08,-21.263,1992,223.73
332.57,-18.039,1858,242.17
328.8,-16.769,1810,263.99
327.75,-16.253,1656,267.43
327.44,-15.743,1675,277.21
323.85,-14.903,1774,304.58
320.56,-15.04,1895,360.69
318.54,-16.75,1935,396.27
319.91,-17.143,1990,391.27
324.05,-14.862,1899,427.1
326.45,-18.652,2071,445.56
324.35,-20.643,2282,338.85
321.01,-19.624,2363,276.64
316.65,-18.424,2103,240.42
312.22,-16.137,1947,219.95
309.35,-15.478,1758,195.19
311.07,-15.788,1642,171.3
315.35,-19.794,1805,178.07
319.54,-23.845,1939,194.45
323.15,-26.213,1992,201.95
320.98,-30.516,2022,211.44
320.61,-30.219,2015,195.94
319.31,-31.225,1978,186.79
321.25,-28.012,1986,186.5
326.42,-25.948,2151,226.73
333.43,-24.192,2124,224.39
341.03,-22.943,2070,216.75
350.82,-23.442,2122,227.08
361.32,-27.836,2198,236.45
371.97,-28.618,1975,214
378.99,-33.155,1847,216.68
379.89,-35.197,1759,189.09
387.22,-39.102,1572,168.75
391.11,-43.323,1463,174.45
386.63,-43.537,1707,173.54
391.48,-41.23,1508,157.29
393.86,-42.293,1450,167.69
397.29,-46.47,1327,146.33
390.35,-48.164,1563,172.21
382.95,-46.656,1577,186.8
372.77,-48.603,1485,178
367.01,-43.713,1533,173.77
374.17,-38.652,1749,183.38
385.74,-41.413,1703,167.17
395.23,-46.897,1526,166.53
394.3,-44.837,1483,158.76
396.48,-45.381,1339,142.51
394.23,-41.252,1307,140.68
383.06,-44.161,1539,174.43
377.68,-42.924,1713,179.61
377.31,-34.021,1582,181.84
368.43,-31.742,1893,231.51
348.78,-23.963,1966,248.4
334.54,-15.687,1817,226.74
329.48,-13.305,1639,186.77
337.56,-6.7201,1659,183.38
352.84,-12.628,1579,158.38
352.78,-9.6141,1539,160.27
350.85,-6.1869,1500,156.26
364.26,-12.607,1331,136.18
368.51,-18.54,1387,147.58
380.22,-30.555,1526,164.57
395.39,-42.152,1511,157.93
400.45,-44.382,1435,148.35
397.19,-48.594,1472,155.23
385.16,-47.406,1632,170.24
376.62,-55.573,1777,194.15
358.65,-56.766,1685,188.7
336.08,-59.641,1720,202.37
310.25,-62.376,1924,236.47
284.64,-62.73,1902,247.25
263.87,-56.576,1764,226.29
245.06,-43.758,1784,231.66
237.7,-31.736,1599,197.86
240.64,-21.214,1498,181.32
255.52,-9.4649,1490,172
275.04,-2.8084,1520,179.17
294.79,-2.7716,1550,173.29
313.49,-16.019,1758,185.77
328.91,-18.78,1840,203.58
341.96,-26.055,1763,182.2
347.37,-14.76,1742,200.25
362.77,-19.165,1645,169.8
363.94,-20.535,1631,176.03
374.23,-17.619,1446,152.74
382.03,-22.589,1660,188.26
388.6,-33.88,1657,188.98
393.88,-40.821,1529,153.06
404.27,-52.306,1394,156.61
398.91,-52.037,1478,156.86
399.24,-41.953,1425,150.22
399.36,-53.749,1497,170.47
385.62,-58.424,1536,179.98
383.15,-55.532,1813,218.37
393.15,-55.795,1662,199.23
407.99,-53.768,1448,156.14
400.27,-56.741,1405,164.21
384.87,-57.239,1544,186.7
375.6,-56.288,1495,181.84
368.2,-47.211,1600,193.75
350.65,-44.213,1747,208.35
328.52,-33.86,1865,220
314.38,-19.064,1819,200.2
310.5,-5.2177,1669,186.44
322.4,2.7217,1615,169.94
322.66,6.0615,1714,204.37
327.59,3.9629,1599,159.71
334.47,-2.4468,1503,156.25
341.71,-1.0101,1513,156.56
344.43,3.6171,1561,171.26
344.9,6.8796,1556,172.38
344.71,0.63901,1441,148.47
335.34,6.8939,1507,164.44
335.5,16.56,1512,172.97
344.53,10.748,1452,157.8
349.49,6.2567,1343,152.34
354.41,-3.2003,1499,163.52
357.76,-14.027,1444,162.46
345.65,-20.561,1650,191.39
328.4,-13.689,1648,184.04
327.28,-9.8212,1546,164.17
341.89,-18.114,1519,162.86
351.55,-17.639,1560,160.77
362.87,-14.562,1488,151.09
374.02,-22.068,1515,162.45
388.84,-32.485,1567,165.65
403.37,-40.722,1568,167.22
410.26,-42.834,1410,150.15
407.95,-42.598,1146,154.58
411.8,-50.443,1172,134.9
413.08,-53.189,1290,148.42
404.78,-61.619,1463,165.94
392.74,-53.322,1706,209.49
387.84,-43.101,1610,181.84
391.42,-45.226,1616,178.8
402.59,-47.078,1571,179.07
398.49,-42.975,1526,168.45
394.21,-43.918,1560,154.6
404.56,-51.573,1472,155.83
398.11,-58.051,1421,164.07
389.28,-53.485,1607,177.71
393.13,-42.082,1583,168.12
397.48,-55.782,1528,163.79
387.15,-63.106,1361,148.95
377.97,-58.624,1368,150.2
364.69,-59.635,1554,170.61
346.36,-60.545,1440,166.45
328.08,-64.691,1440,174.39
314.7,-74.987,1576,200.29
305.71,-86.374,1649,197.58
293.56,-97.741,1615,198.43
286.22,-108.9,1445,190.31
284.98,-113.75,1325,159.52
274.61,-115.91,1313,152.77
274.19,-119.14,1450,165.47
280.85,-105.09,1408,170.56
277.51,-90.831,1458,162.2
275.95,-94.627,1533,183.7
280.49,-108.33,1403,164.2
270.97,-115.54,1181,136.47
267.74,-111.12,1384,160.56
282.16,-103.1,1601,195.25
275.04,-108.89,1583,178.34
264.39,-113.1,1474,166.55
275.65,-97.727,1383,160.64
293.73,-95.401,1332,144.89
283.58,-102.96,1407,164.3
274.13,-108.62,1335,150.74
280.77,-96.41,1496,172.26
294.79,-94.167,1459,153.1
275.9,-102.98,1375,150.28
277.04,-106.55,1495,169.26
284.22,-91.372,1533,169.92
283.99,-79.389,1478,151.52
291.17,-77.477,1535,164.67
294.91,-66.216,1549,159.83
290.33,-59.439,1568,177.72
294.66,-57.088,1641,190.54
305.68,-40.759,1656,200.78
327.04,-29.529,1618,164.86
348.43,-28.983,1734,194.92
364.53,-40.329,1715,174.35
372.81,-47.643,1728,175.83
390.81,-46.784,1637,166.24
406.42,-48.101,1579,161.17
415.35,-52.131,1377,146.87
399.78,-53.76,1532,172.05
403.12,-49.321,1438,161.77
406.46,-41.774,1428,165.34
402.41,-52.873,1468,164.55
405.62,-51.846,1439,150.24
400.49,-56.588,1411,155.02
394.15,-59.729,1669,201.18
384.26,-59.865,1508,168.68
376.75,-56.917,1401,175.1
378.76,-56.952,1478,153.48
384.24,-57.824,1401,150.52
389.75,-58.708,1292,135.28
397.58,-55.207,1378,143.16
404.88,-48.547,1484,156.19
402.74,-44.615,1514,172.62
379.95,-36.111,1580,180.75
357.84,-36.258,1629,200.49
335.55,-45.801,1658,205.05
329.65,-45.349,1806,202.42
322.62,-51.45,1570,175.06
328.57,-39.464,1458,164.85
334.01,-26.263,1788,216.4
345.22,-9.3192,1800,200.61
348.72,4.6309,1697,191.65
354.85,5.205,1544,177.06
353.56,-4.8148,1624,195.67
360.16,-4.7395,1593,184.9
359.26,-9.3265,1624,179.35
357.9,-12.957,1623,170.29
360.4,-16.058,1778,225.56
355.91,1.3315,1563,168.17
362.47,-2.0352,1260,137.52
372.6,-16.711,1301,143.5
371.76,-14.465,1531,177.97
374.02,-13.353,1524,173.12
374.22,-15.464,1469,169.89
381.37,-17.776,1297,142.83
393.83,-33.454,1467,170.26
404.83,-46.24,1536,167.44
407.66,-42.162,1491,181.27
415.76,-54.986,1398,158.63
400.85,-56.406,1548,184.27
376.47,-58.15,1701,206.21
348.78,-55.475,1752,212.82
321.12,-52.703,1775,218.22
294.36,-54.901,1749,236.78
269.38,-62.818,1788,228.17
250.75,-61.109,1803,238.98
234.2,-46.09,1759,226.21
228.45,-30.53,1638,206.99
237.87,-21.018,1580,177.02
256.88,-12.658,1593,186.97
279.02,-4.8605,1668,204.23
284.59,10.262,1690,198.91
293.99,17.883,1660,203.85
283.12,29.694,1587,180.23
279.97,42.267,1588,189.78
281.68,57.186,1439,166.03
278.21,69.429,1461,175.29
280.61,78.354,1235,144.71
281.96,79.71,1287,158.26
281.75,71.93,1401,175.32
288.19,78.474,1368,157.28
287.71,70.59,1334,164.29
291.6,75.459,1389,164.16
297.12,82.917,1255,153.87
299.32,73.766,1385,183.14
300.47,82.888,1437,186.88
308.55,87.52,1368,183.41
311.38,94.092,1229,152.13
312.3,84.207,1402,184.89
298.22,81.209,1419,186.65
297.83,75.572,1234,149.67
306.35,71.593,1499,192.17
308.82,74.446,1494,204.47
314.26,81.173,1507,190.93
315.53,76.712,1426,185.91
313.72,75.496,1294,160.96
302.69,69.879,1343,169.57
310.26,73.793,1360,163.28
321.82,83.339,1230,146.12
323.08,83.537,1190,147.04
316.54,75.666,1123,137.85
312.94,71.453,1167,136.72
314.74,70.958,1107,136.18
317.94,79.651,1224,150.7
317.38,86.1,1343,157.98
317.52,90.636,1321,147.32
319.51,93.062,1211,136.66
314.75,89.803,1343,150.99
308.25,80.35,1387,163.08
310.42,86.588,1431,163.25
311.2,89.474,1422,171.7
306.41,80.352,1389,158.28
305.51,83.615,1443,162.53
306.9,88.273,1369,154.04
308.22,91.54,1439,163.53
319.83,93.069,1369,147.49
323,93.25,1294,145.15
309.48,84.574,1505,175.78
302.94,89.163,1473,169.99
316.07,95.056,1453,170.12
328.92,87.453,1267,132.35
318.69,79.826,1258,145.06
319.46,78.125,1387,159.15
321.06,79.645,1435,160.19
321.18,95.498,1427,156.76
331.07,93.782,1328,157.62
327.67,88.365,1225,138.46
324.65,88.945,1234,136.57
320.19,90.595,1363,165.59
324.23,97.943,1336,154.45
322.05,90.885,1501,172.97
311.72,78.141,1524,175.53
299.86,76.19,1405,157.22
303.57,84.866,1429,157.21
318.04,94.842,1484,165.69
324.24,96.118,1405,154.89
323.02,87.411,1389,155.72
329.34,90.14,1330,145.05
324.92,75.403,1406,165.98
326.97,90.3,1406,154.77
329.12,81.55,1297,142.69
323.69,64.521,1371,150.09
309.21,65.584,1366,160.11
300.31,71.825,1528,197.11
298.73,73.314,1569,206.42
278.25,58.667,1526,174.77
274.68,42.512,1627,187.73
280.68,20.452,1661,186.74
289.01,10.166,1578,192.76
298.37,-1.8276,1533,168.71
318.3,4.4968,1596,190.12
341.33,-1.6067,1663,187.25
354.84,-13.318,1514,166.92
353.23,-11.462,1622,176.21
362.14,-7.7932,1653,189.7
371.26,-16.158,1543,167.97
382.73,-23.706,1457,169.82
387.79,-29.978,1623,195.51
386.38,-24.874,1623,184.24
375.43,-17.371,1497,165.5
381.19,-19.364,1678,216.32
390.2,-24.946,1583,178.28
400.97,-29.777,1309,143.64
413.14,-43.559,1427,161.59
404.75,-41.719,1457,161.82
409.53,-42.498,1432,157.11
411.29,-52.444,1434,152.62
408.22,-45.394,1522,174.98
409.5,-53.412,1447,165.47
413.09,-50.143,1333,148.9
414.12,-58.23,1276,141.05
401.24,-61.366,1452,181.98
381.32,-65.274,1657,209.09
359.33,-67.436,1607,198.64
335.46,-68.014,1572,195.19
317.04,-77.705,1594,204.72
303.9,-93.379,1518,187.52
288.87,-107.71,1555,197.59
272.81,-121.12,1492,174.35
264.81,-131.98,1428,163.79
260.31,-136.73,1516,174.85
258.57,-144.81,1472,167.55
256.79,-153.63,1163,143.39
256.33,-149.72,1316,161.37
247.4,-144.38,1138,135.6
259.75,-138.7,1158,142.45
264.38,-122.87,1369,164.45
280.99,-107.61,1517,182.45
278.56,-112.28,1425,167.37
274,-109.75,1640,206.71
279.08,-110.91,1575,186.21
280.84,-103.99,1492,171.15
285.37,-89.853,1503,183.38
284.57,-86.198,1579,203.36
268.23,-72.202,1537,190.83
257.06,-57.504,1572,200.87
238.78,-41.273,1635,212.44
230.87,-23.737,1547,174.85
237.91,-11.898,1474,181.13
249.89,1.4415,1565,190.66
258.85,15.892,1537,217.08
265.5,19.433,1557,212.57
284.09,23.851,1614,204.46
304.97,26.316,1581,191.26
317.95,25.198,1514,184.41
335.75,21.744,1401,166.13
344.27,18.881,1509,186.35
356.22,9.957,1504,176.23
367.43,-3.5379,1409,173.38
352.61,3.0342,1418,154.93
348.75,4.5434,1509,182.29
368.49,-9.6067,1426,165.84
376.32,-24.375,1409,162.7
370.35,-15.637,1616,179.88
389.71,-26.692,1570,178.84
408.39,-36.13,1439,177.49
411.7,-43.858,1417,163
405.62,-36.906,1590,202.57
418.76,-45.425,1274,160.09
410.61,-44.352,1290,160.19
407.95,-39.245,1503,182.93
420.71,-51.294,1297,156.41
416.94,-55.903,1188,142.34
406.86,-56.323,1326,152.39
386.67,-65.079,1201,147.75
368.09,-73.605,1258,148.17
359.21,-77.811,1484,190.41
343.2,-79.672,1535,186.62
320.06,-80.379,1592,202.65
297.36,-89.362,1579,205.65
283.64,-101.58,1634,187.56
268.88,-120.31,1555,188.04
261.76,-126.66,1493,170.38
272.29,-112.23,1574,194.09
288.93,-111.95,1463,183.72
282.67,-114.5,1177,156.98
274.07,-126.83,1322,166.57
268.2,-127.7,1383,166.09
268.83,-140.26,1308,158.02
268.45,-141.6,1461,187.38
275.12,-126.66,1484,187.88
273.05,-126.22,1427,167.97
267.65,-111.56,1379,174.15
266.72,-86.105,1571,187.1
261.4,-59.995,1612,194.08
248.26,-36.591,1611,199.25
239.54,-21.897,1578,184.11
229.53,-13.276,1421,150.25
237.74,-1.5577,1436,187.26
245.15,3.8609,1643,239.9
260.3,-0.14301,1706,241.89
285.23,-4.6718,1656,227.88
310.75,-6.9833,1644,233.09
323.14,-12.958,1589,198.81
338.68,-18.605,1560,195.53
337.17,-13.512,1623,206.66
320.53,-15.216,1540,180.87
324.26,-4.3553,1561,189.97
338.03,-7.3336,1599,193.7
350.7,-8.3614,1690,206.84
365.09,-7.2959,1560,178.65
376.28,-14.675,1477,167.13
393.15,-25.936,1500,186.53
410.92,-35.77,1462,179.64
418.81,-41.705,1481,178.81
422.77,-48.325,1308,149.87
416.03,-46.158,1407,166.18
411.8,-44.967,1499,166.34
418.79,-52.992,1313,155.71
414.15,-55.739,1384,161.95
424.33,-59.718,1141,131.06
418.01,-54.466,1348,149.83
418.92,-55.356,1220,138.9
423.99,-45.151,1193,137.12
426.28,-56.371,1063,127.17
425.59,-55.345,896,116.75
422.68,-53.499,1053,125.62
420.54,-53.695,987,119.65
418.38,-50.058,945,120.9
422.16,-53.038,989,123.47
422.14,-56.472,963,126.04
421.65,-55.039,781,104.61
411.45,-40.566,954,126.12
391.74,-28.761,1251,156.52
370.12,-15.5,1576,196
345.54,-4.923,1596,174.4
322.2,6.1378,1624,185.24
300.91,12.712,1651,192.32
275.34,13.181,1609,189.4
260.43,21.575,1490,169.3
255.11,22.849,1460,183.2
240.66,14.253,1490,190.31
230.81,3.2088,1355,163.3
228.89,-0.19477,1421,183.5
236.84,-11.483,1506,201.54
250.71,-26.645,1576,190.67
264.9,-28.477,1584,197.24
289.45,-28.797,1535,164.65
299.78,-28.451,1512,181.32
320.17,-19.467,1347,170.03
336.31,-15.437,1571,197.67
356.05,-11.199,1540,180.05
366.65,-12.693,1559,168.76
385.91,-19.056,1530,165.31
393.88,-25.005,1480,171.33
409.53,-33.905,1451,165.78
419.74,-44.244,1487,164.73
418.92,-49.938,1429,164.57
413.79,-51.021,1393,154.72
411.32,-51.843,1397,153.74
411.06,-47.295,1426,155.6
416.99,-42.887,1310,135.54
417.71,-42.304,1364,152.36
420.88,-43.603,1253,141.88
419.27,-45.791,1245,140.44
416.42,-45.237,1231,144.66
406.96,-38.397,1479,181.41
403.79,-35.498,1490,178.09
407.21,-34.821,1420,168.16
414.26,-37.967,1294,155.85
425.38,-48.372,1210,150.39
424.23,-44.779,1179,140.6
429.48,-45.793,776,127.29
418.46,-48.068,1057,130.28
426.73,-56.237,1250,149.69
419.72,-60.161,1282,149.35
422.7,-56.436,1357,150.26
411.83,-57.2,1479,173.38
389.44,-56.008,1645,196.66
360.5,-48.186,1669,206.93
333.82,-45.826,1675,213.06
310.32,-34.987,1675,221.94
293.08,-27.802,1594,194.9
275.51,-28.56,1513,174.85
265.27,-30.96,1555,193.56
273.87,-48.992,1750,230.19
283.25,-70.717,1814,223.63
289.59,-91.652,1710,205.79
301.1,-88.611,1723,206.49
321.25,-81.243,1575,184.39
341.88,-77.801,1538,175.56
351.85,-80.677,1433,167.6
362.69,-75.673,1476,166.5
346.27,-81.184,1447,171.11
334.71,-71.251,1565,202.36
338.26,-72.238,1615,209.42
360.42,-77.362,1520,193.22
355.23,-76.948,1378,161.04
340.91,-77.13,1274,154.04
321.57,-74.289,1349,165.03
324.2,-77.041,1756,247.51
301.59,-74.906,1800,260.06
275.17,-74.579,1759,258.81
253.85,-76.743,1701,244.98
247.19,-83.768,1619,224.78
254.58,-90.307,1743,244.33
245.68,-103.7,1564,212.98
244.85,-111.16,1470,192.29
247.63,-129.2,1522,207.02
251.39,-151.05,1393,171.32
245.46,-147.06,1362,170.29
244.16,-142.38,1395,189.37
245.46,-141.57,1504,192.31
252.08,-138.18,1406,167.12
259.91,-146.38,1508,168.97
256.87,-149.53,1460,171.51
259.93,-143.6,1405,153.02
262.35,-158.05,1418,166.8
256.13,-146.31,1368,149.31
269.83,-150.04,1273,150.69
259.28,-154.23,1384,162.53
257.32,-147.16,1464,168.22
267.74,-150.79,1371,163.39
247.95,-155.82,1376,157.46
251.44,-148.59,1444,176.65
254.09,-146.63,1392,171.02
258.48,-148.11,1444,175.19
260.12,-142.7,1407,166.89
266.65,-121.29,1573,193.74
284.03,-100.86,1590,190.25
288.18,-79.358,1636,202.3
289.78,-55.202,1699,211.73
290.5,-29.968,1714,214.36
278.95,-8.5313,1666,216.78
270.25,16.324,1659,210.13
269.35,38.533,1592,190.75
270.4,49.284,1577,191.1
268.9,62.248,1486,186.51
281.71,62.413,1443,184.62
285.39,63.616,1491,199.54
290.43,70.743,1523,196.14
311.02,81.434,1630,212.77
321.79,93.84,1521,188.88
326.1,94.926,1536,185.9
329.22,95.257,1472,191.96
322.68,101.85,1477,193.81
325.38,100.78,1494,212.1
322.12,99.767,1454,203.13
327.38,84.7,1392,189.9
325.26,79.86,1382,171.74
321.26,86.474,1564,213.61
332.37,93.3,1433,164.8
328.14,75.958,1414,167.91
322.32,82.194,1572,209.79
324.58,93.189,1315,156.26
325.82,98.769,1195,153.8
333.01,96.313,1332,167.34
336.8,95.688,1197,140.24
339.16,96.875,1323,175.34
327.73,83.251,1157,159.15
329.02,76.256,1182,149.38
330.99,97.279,1217,150.03
338.54,93.489,1117,133.67
334.8,78.674,1125,140.78
330.67,73.042,1263,172.43
324.09,65.532,1237,166.71
317.52,50.713,1200,147.72
310.92,32.11,1344,166.91
324.43,17.871,1502,182.56
345.38,17.646,1439,176.1
360.99,12.309,1513,198.67
368.33,2.1847,1467,177.89
377.18,-7.9287,1448,166.99
389.38,-14.487,1299,160.76
398.44,-19.026,1471,189.69
406.91,-30.076,1263,154.48
419.24,-40.451,1191,150.6
425.53,-47.247,1255,146.71
425.5,-51.929,1261,149.7
425.92,-66.255,1185,142.5
412.97,-63.776,1433,182.51
407.65,-59.96,1326,149.83
423.13,-54.492,1315,152
425.15,-61.715,1340,165.68
410.62,-66.357,1363,166.1
412.23,-58.218,1341,155.64
423.1,-66.093,1261,145.8
420.02,-63.262,1369,160.52
404.8,-67.853,1331,157.31
408.09,-59.045,1443,181.71
416.15,-67.123,1517,163.56
397.56,-73.635,1332,155.41
387.41,-71.293,1492,199.23
391.48,-74.958,1747,250.1
387.97,-79.12,1602,212.94
386.62,-78.495,1574,211.98
377.14,-75.855,1600,230.54
359.97,-72.522,1693,260.31
339.66,-60.479,1692,257.02
321.29,-38.595,1760,254.91
302.84,-18.804,1764,266.24
290.89,2.4052,1720,233.45
274.19,24.82,1723,228.79
266.99,45.844,1661,212.76
271.5,61.365,1630,196.77
276.95,76.65,1525,199.15
291.01,86.916,1414,162.35
297.12,76.558,1478,188.94
284.55,83.401,1438,170.86
286.05,84.378,1379,170
302.77,93.671,1382,161.05
318.27,91.325,1459,180.2
328.04,73.743,1362,166.45
318.62,65.543,1377,168.92
315.57,80.47,1486,174.01
324.11,90.991,1426,162.37
331.61,102.06,1301,156.56
335.34,97.38,1212,155.45
341.06,93.101,1317,158.04
326.09,104.78,1350,160.11
336.06,100.91,1215,144.99
343.35,88.492,1097,134.21
329.14,98.571,1274,157.59
335.42,100.7,1321,150.26
340.21,86.178,1305,160.19
335.73,86.619,1232,157.56
338.46,97.622,1244,158.04
335.02,82.47,1320,160.85
340.52,92.327,1287,148.15
336.19,88.481,1185,157.01
338.69,74.019,1272,166.1
335.23,96.348,1175,141.02
337.25,96.631,1197,139.54
332.24,77.814,1301,144.75
336.94,86.907,1317,156.53
337.01,90.982,1328,168.64
337.98,86.158,1419,179.07
333.02,66.582,1356,171.46
332.7,69.257,1459,188.28
341.44,84.937,1395,173.93
347.33,77.921,1302,153.35
352.25,74.072,1333,156.5
359.85,78.553,1176,156.22
371.91,69.821,981,151.2
364.9,67.515,1231,179.48
350.24,73.792,1215,183.85
337.48,77.854,991,136
332.89,101.23,1172,149.6
331.32,94.867,1393,171.57
325.17,95.098,1596,214.12
324.2,112.29,1534,201.41
329.4,116.79,1481,200.06
321.36,123.12,1329,172.88
323.55,131.27,948,149.09
327.62,130.51,1161,156.99
324.36,141.5,770,120.88
321.68,129.72,1025,152.42
333,115.3,1121,163.08
330.11,97.657,1217,161.95
322.74,89.702,1399,187.53
295.93,79.474,1423,193
287.36,61.534,1504,192.73
272.5,47.137,1532,178.7
266.88,31.265,1617,206.37
256.61,29.851,1469,180.17
238.27,19.148,1477,207.82
228.75,17.149,1461,197.2
243.24,22.061,1428,192.58
257.26,20.967,1476,179.09
262.14,23.72,1330,161.19
261.85,31.347,1380,178.69
269.82,34.799,1447,196.99
270.36,41.359,1469,187.35
276.58,54.426,1386,184.72
285.37,76.347,1518,206.75
291.14,87.829,1476,197.55
306.22,88.226,1547,203.15
322.25,96.09,1543,206.62
329.63,97.019,1595,205.79
346.28,91.486,1577,204.38
352.25,85.165,1550,219.74
354.31,91.571,1568,206.49
367.69,83.783,1361,178.98
373.39,74.43,1169,137.59
362.26,80.668,1350,182.18
361.75,81.643,1447,175.52
364.56,74.694,1424,169.84
372.02,73.39,1302,159.36
364.04,80.98,1306,157.99
373.14,73.458,1249,150.36
371.56,69.175,1200,142.77
372.13,75.682,1212,144.23
381.9,64.811,1258,154.73
374.15,65.058,1306,149.8
365.48,68.051,1375,172.09
365.15,77.227,1384,189.51
377.89,68.913,1325,181.52
377.04,64.456,1307,159.13
379.12,66.352,1288,148.22
379.04,66.212,1082,127.99
369.63,73.306,1301,173.6
380.54,73.599,1274,156.66
382.18,58.624,1159,145.54
378.46,60.813,1089,139.95
368.48,72.765,1124,143.3
368.8,76.715,1236,147.92
358.84,78.475,1364,176.8
340.93,65.032,1357,181.13
325.25,48.391,1379,195.92
327.82,28.206,1398,192.24
342.92,18.859,1557,197
360.46,6.0359,1470,188.82
372.28,-6.3478,1470,178.75
383.39,-15.301,1411,180.52
392.14,-20.665,1534,215.38
402.48,-27.966,1403,176.26
419.38,-37.046,1342,168.19
418.33,-39.7,1397,196.51
401.49,-27.441,1488,202.12
409.02,-29.793,1401,175.58
423.46,-38.751,1167,152.8
415.18,-52.46,1434,168.59
409.09,-37.482,1527,188.26
393.52,-44.075,1540,168.89
407.96,-49.584,1585,195.1
404.1,-50.418,1633,208
406.72,-41.532,1511,190.67
415.83,-55.481,1409,179.55
405.6,-53.319,1550,206.05
408.2,-55.525,1576,204.13
414.92,-58.498,1558,194.04
422.89,-60.154,1427,161.15
425.32,-63.186,1131,145.6
426.18,-67.205,1117,148.18
424.63,-67.27,1049,139.19
424.74,-65.788,1000,131.95
417.71,-75.273,1163,141.55
427.35,-65.63,950,123.81
414.26,-71.971,1287,146.7
389.69,-69.519,1320,150.98
365.19,-74.023,1474,184.41
339.01,-76.163,1556,191.46
316.83,-87.197,1623,193.55
294.96,-103.35,1607,194.4
281.24,-121.7,1557,202.15
269.42,-143.19,1537,191.09
267.59,-156.71,1477,194.45
260.14,-168.34,1398,177.26
261.56,-162.99,1486,200.5
272.99,-178.54,1213,141.97
273.59,-180.85,1305,167.1
263.96,-172.45,1146,154.66
269.78,-167.92,830,125.25
270.84,-182.92,951,132.91
268.78,-187.99,1126,146.05
259.73,-177.98,1289,170.18
266.36,-178,1249,151.82
261.11,-177.56,1178,147.62
264.89,-170.11,1103,146.98
263.47,-180.4,1080,135.92
262.18,-173.52,1280,144.97
261.51,-178.08,1341,149.94
263.09,-164,1480,171.04
252.55,-161.03,1410,187.06
245.27,-161.67,1508,207.2
240.46,-158.45,1503,195.52
230.92,-148.69,1296,170.69
233.88,-134.96,1274,175.6
236.48,-120.46,1447,203.14
240.37,-100.87,1446,184.85
236.98,-78.88,1436,195.95
234.65,-62.1,1532,216.84
221.01,-42.255,1458,190.73
222.35,-36.455,1395,189.12
233.14,-28.822,1425,190.04
231.05,-15.781,1444,200.45
228.13,-4.8621,1451,199.98
225.24,13.437,1315,174.12
229.45,21.866,1483,211.6
235.85,33.632,1483,210.02
249.58,40.971,1543,222.59
270.17,54.95,1589,228.42
283.55,70.451,1559,223.27
285.36,80.466,1615,220.47
295.99,100.25,1476,177.54
307.13,111.97,1433,194.16
321.12,110.62,1412,191.31
341.51,104.88,1445,182.29
356.17,97.004,1471,190.37
367.5,86.3,1546,203
378.79,71.188,1451,185.84
371.42,80.204,1453,185.23
363.07,83.506,1500,193.47
369.88,85.942,1350,176.59
375.01,72.156,1360,168.04
366.4,79.346,1440,181.29
365.4,80.988,1477,173.85
361.53,88.093,1236,147.14
377.49,88.149,1278,157.17
381.06,76.103,1295,152.49
376.91,71.364,1190,143.88
374.85,74.424,1113,130.16
373.22,78.389,1284,154.42
380.85,76.447,1304,158.4
383.23,72.891,1361,169.28
388.98,72.783,1373,169.81
391.68,66.68,1181,153.67
397.35,67.943,986,142.76
401.22,59.783,718,107.51
395.81,60.023,757,107.7
390.77,65.244,903,132.07
387.55,50.794,953,126.35
378.62,65.291,1248,162.75
382.06,57.099,1270,166.17
376.41,58.202,1339,177.65
376.45,47.2,1355,185.34
377.27,30.537,1473,204.2
381.73,19.703,1549,225.16
389.23,2.0688,1525,211.74
405.19,-18.714,1442,203.73
417.16,-35.458,1471,214.63
423.76,-41.547,1274,153.13
421.58,-39.345,1277,168.54
418.88,-38.686,1172,149.94
430.4,-51.394,967,127.58
419.51,-62.689,1371,177.2
417.71,-59.668,1510,195.9
399.97,-70.756,1536,205.54
372.76,-69.361,1550,203.78
366.01,-64.286,1524,196.63
349,-72.634,1544,207.57
336.92,-75.484,1510,179.94
337.44,-82.746,1670,242.39
352.84,-79.336,1737,248.74
375.94,-75.354,1645,220.33
391.59,-71.767,1522,190.61
398.71,-73.344,1536,196.36
417.59,-64.309,1476,184.57
421.28,-56.813,1386,168.8
422.64,-60.857,1381,183.81
419.41,-64.093,1108,149.71
422.03,-61.321,1240,156.07
421.94,-58.928,1382,166.34
425.32,-47.319,1323,158.97
427.7,-64.241,1029,139.89
420.7,-61.807,1227,153.2
423.89,-61.976,1460,182.13
419.35,-61.173,1300,151.33
426.24,-53.921,1206,144.66
426.19,-55.556,1160,145.69
423.66,-54.601,1319,151.29
418.59,-50.684,1386,175.39
412.62,-32.314,1397,165.19
400.5,-33.382,1504,195.03
375.31,-23.989,1606,218.91
357.2,-26.762,1718,213.02
338.95,-16.738,1698,218.37
316.29,-8.2523,1704,214.85
295.52,3.1216,1595,191.07
271.49,-6.1517,1560,194.8
269.24,-10.608,1448,197.45
243.44,-10.73,1424,210.44
229.85,-20.99,1476,227.75
210.61,-13.918,1413,200.59
208.89,-11.753,1536,235.38
213.49,-11.036,1500,214.5
204.12,-9.0569,1432,205.16
187.09,-0.068793,1413,196.45
178.63,-5.2652,1431,201.39
191.29,-3.9001,1510,221.48
212.75,-4.1183,1518,238.84
223.28,7.7076,1413,204.66
222.84,9.9831,1352,175.92
219.23,7.0651,1367,179.95
232.78,20.553,1469,226.74
254.31,22.088,1490,185.14
265.99,28.323,1518,218.95
289.49,32.549,1682,251.42
307.44,41.63,1704,268.81
315.15,62.287,1684,241.23
326.82,83.819,1622,208.76
331.63,98.407,1568,228.08
339.18,111.21,1475,214.27
352.98,105.05,1505,210.62
367.63,94.079,1470,213.1
380.65,80.153,1464,187.11
374.07,80.492,1510,205.65
356.19,92.793,1422,182.67
356.04,95.047,1313,178.68
373.4,85.248,1466,187.73
380.39,69.154,1389,165.97
372.38,81.844,1380,174.96
382.35,74.949,1480,188.35
391.01,64.299,1410,172.82
388,59.703,1375,176.4
386.93,54.625,1485,220.73
394.5,49.03,1375,183.21
388.22,36.771,1399,198.56
388.65,15.982,1517,215.23
395.14,-5.5158,1605,227.89
404.59,-20.72,1539,228.89
412.72,-36.081,1528,211.06
427.04,-51.857,1377,186.32
420.48,-57.412,1542,205.07
418,-70.627,1503,199.06
408.57,-67.954,1460,175.66
420.54,-65.218,1248,154.21
414.43,-68.483,1486,190.21
404.63,-68.249,1335,160
412.26,-69.501,1610,214.03
419.91,-60.942,1501,197.16
417.92,-71.531,1335,184.79
418.14,-72.42,1324,176.32
422.72,-65.823,1234,161.74
419.6,-74.11,1155,147.02
418.82,-66.92,1279,160.2
423.13,-74.067,1240,150.99
416.04,-71.603,1266,147.77
421.44,-65.071,1455,171.76
412.64,-74.76,1340,173.63
396.61,-76.379,1458,202.76
375.67,-76.935,1666,237.83
346.97,-79.502,1712,256.33
321.38,-88.868,1754,239.41
297.46,-102.38,1692,231.47
279.13,-121.74,1639,221.05
267.33,-145.25,1652,220.29
265.83,-163.12,1573,207.86
268.37,-179.02,1475,179.34
267.34,-182.45,1458,182.2
268.59,-188.5,1391,181.73
267.74,-196.98,1219,144.36
267.4,-194.4,1342,175.61
270.31,-180.99,1382,185.48
270.65,-184.67,1363,194.95
271.79,-199.34,1148,155.45
273.36,-203.88,1145,167.25
268.99,-191.13,1404,207.33
271.31,-184.75,1270,189.89
272.33,-198.04,1202,166.56
270.1,-209.28,1111,150.11
268.75,-214.08,1104,143.01
272.3,-219.76,890,124.03
273.35,-214.69,1153,165.72
270.1,-205.29,1181,159.66
269,-208.63,1098,152.41
273.87,-209.39,1036,141.05
273.67,-215.78,862,122.13
273.78,-211.21,1039,148.2
273.33,-197.25,1412,206.99
273.47,-193.76,1339,177.63
275.77,-200.63,1312,169.16
277.14,-198.5,1381,189.66
276.18,-207.27,1230,168.07
276.99,-212.45,1242,156.17
274.49,-208.26,1308,176.69
272.9,-205.75,1468,194.99
268.67,-212.9,1325,172.38
265.7,-205.29,1383,186.62
266.64,-202.48,1421,194.53
268.63,-213.78,1249,185.43
263.77,-212.43,1206,175.28
264.6,-207.36,1406,191.17
268.95,-214.28,1206,146.62
268.93,-213.08,1174,163.77
269.68,-209.63,1255,164.58
274.05,-216.56,994,132.44
278.37,-217.14,1005,147.47
277.37,-213.53,972,135.35
276.5,-210.6,1154,154.88
279.02,-223.23,597,102.82
273.62,-219.81,711,128.7
271.38,-206.65,1425,204.72
276.83,-213.58,1067,143.13
275.87,-220.1,860,141.37
276.82,-219.63,975,157.38
278.38,-218.17,1051,175.34
277.68,-215.11,836,147.06
274.67,-225.66,529,103.65
268.43,-219.99,1072,156.18
280.24,-211.62,1163,167.56
277.52,-218.69,846,144.42
271.59,-222.91,729,130.61
278.13,-220.55,781,128.39
280.19,-216.63,931,158.93
281.29,-206.25,1189,185.96
278.87,-202.94,1173,183.85
283.83,-216.19,779,132.13
276.73,-225.95,1258,150.8
281.76,-214.1,1204,151.33
280.38,-212.47,1475,187.7
290.58,-222.35,1345,161.48
289.73,-230.37,1253,151.29
281.4,-223.48,1123,134.25
276.75,-209.82,1232,162.52
281.66,-208.07,1452,182.7
280.91,-217.75,1479,189.18
285.05,-221.76,1205,164.86
284.99,-222.62,1125,142.81
290.41,-228.84,1308,165.56
285.82,-227.46,1326,178.35
270.91,-218.85,1400,170.21
278.03,-203.64,1508,215.18
280.87,-202.04,1534,213.08
288.67,-214.78,1358,177.86
287.08,-219.46,1429,183.52
279.97,-216.76,1592,215.17
280.42,-202.05,1546,210.57
282.83,-204.29,1407,180.07
290.46,-216.52,1290,162.59
293.23,-233.08,1396,169.03
291.45,-235.74,1228,151.44
289.27,-243.28,1290,172.51
282.84,-256.47,1171,148.14
277.01,-264.57,1334,182.08
263.91,-272.83,1299,178.17
250.38,-281.97,1210,151.8
246.46,-279.09,1242,161.16
240.19,-281.56,1216,152.6
240.25,-276.02,1141,138.68
248.17,-267.69,1034,133.76
262.11,-262.45,1189,150.96
263.45,-268.53,1202,146.78
259.18,-279.99,1091,137.86
247.99,-285.9,1170,155
242.41,-277.9,1186,147.81
252.58,-266.8,1284,154.74
260.6,-266.04,1451,189.19
253.71,-276.72,1440,184.78
243.71,-276.57,1405,174.89
261.3,-267.23,1421,161.67
264.63,-272.59,1495,192.18
255.79,-267.11,1495,186.52
266.55,-271.65,1487,192.01
261.24,-267.87,1456,178.59
272.72,-262.98,1544,192.66
269.63,-271.11,1512,193.09
262.49,-276.93,1305,154.78
248.75,-273.22,1405,181.94
265.13,-262.34,1444,175.47
262.4,-261.85,1623,235.02
262.52,-237.74,1684,246.97
268.7,-214.19,1660,212.62
267.47,-202.8,1627,216.35
267.25,-203.71,1618,197.7
262.43,-197.12,1563,203.07
265.81,-200.73,1584,209.05
255.78,-189.56,1487,219.64
262.75,-175.58,1501,223.92
269.31,-169.34,1369,157.03
270,-161.42,1472,200.58
278.37,-169.49,1378,178.14
272.35,-161.91,1305,174.39
274.19,-156.34,1439,194.89
265.83,-165.74,1421,199.03
264.45,-159.06,1510,214.03
252.42,-158.71,1538,234.22
240.25,-146.38,1410,189.21
237.34,-126.55,1405,201.11
231.88,-127.09,1454,211.97
243,-127.82,1531,206.4
230.54,-122.21,1404,194.53
228.8,-102.7,1474,199.62
225.57,-83.663,1478,215.2
228.78,-64.449,1472,193.41
243.87,-54.687,1446,190.56
242.29,-48.944,1553,219.99
252.31,-59.329,1466,208.05
270.49,-64.4,1392,180.23
265.99,-67.312,1332,179.13
269.6,-64.146,1285,163.92
270.07,-63.778,1579,185.53
268.94,-63.421,1848,190.58
268.64,-62.979,2017,201.64
268.56,-62.232,2092,207.71
268.67,-61.653,2172,229.73
269.26,-61.509,2153,251.35
269.33,-61.419,2145,242.71
268.88,-61.755,2087,237.57
268.69,-61.317,2161,237.7
269.07,-62.749,2100,252.35
266.97,-62.293,2210,233.8
269.85,-61.411,2208,224.52
270.99,-64.605,2140,213.47
266.71,-65.416,1999,198.88
268.4,-63.806,1906,203.02
275.75,-62.228,1782,188.61
270.26,-62.945,1662,184.94
268.56,-59.464,1707,198.56
270.23,-59.026,1720,198.34
282.17,-64.451,1560,175.29
276.2,-68.255,1548,181.66
273.51,-66.476,1585,191.82
275.84,-64.679,1539,179.75
275.45,-63.881,1813,183.43
274.84,-63.659,1968,194.12
274.09,-63.372,2014,200.15
273.53,-62.865,2054,208.19
273.02,-62.374,2093,209.28
272.26,-62.229,2157,200.03
272.41,-62.359,2159,214.3
271.55,-62.06,2197,202.35
271.53,-62.14,2191,198.87
273.29,-63.566,2084,251.43
271.1,-62.562,2135,198.83
270.26,-63.71,2151,212.69
272.51,-65.329,2141,223.87
271.97,-65.212,2115,210.58
274.95,-62.894,2020,194.37
272.22,-63.564,1973,207.75
276.63,-61.618,1835,196.53
274.79,-67.034,1782,201.72
274.42,-63.267,1672,179.89
271.71,-62.584,1716,190.31
273.23,-63.868,1933,198.97
272.88,-63.799,1950,191.98
273.1,-63.575,1906,188.68
272.74,-63.355,1861,196.18
272.73,-63.06,1850,189.5
272.74,-63.586,1819,188.21
272.83,-63.008,1857,190.92
271.58,-63.067,1877,195.22
271.25,-62.972,1909,199.33
272.07,-62.972,1916,192.62
272.41,-64.936,1893,190.36
272.79,-62.571,2046,204.12
273.91,-63.46,2053,198.67
279.69,-63.484,1877,191.78
282.55,-68.028,1864,193.06
288.56,-68.3,1783,197.24
287.54,-69.048,1849,209.12
280.07,-64.662,1781,202.15
276.75,-59.022,1803,212.42
279.08,-60.589,1764,211.08
279.49,-54.843,1970,245.09
283.37,-45.235,1963,221.91
286.59,-35.72,2002,235.27
297.59,-27.853,2049,243.56
304.8,-23.487,2039,251.15
317.09,-26.58,1955,234.68
326.73,-35.979,1865,208.69
325.19,-40.345,1717,199.02
325.24,-36.271,1596,201.54
328.04,-38.542,1673,201.94
327.73,-37.918,1907,226.34
326.95,-37.81,2046,211.88
326.65,-37.456,2019,225.17
325.97,-36.071,2070,241.35
325.27,-34.8,2156,240.16
324.54,-33.93,2225,243.63
324.36,-33.701,2257,247.09
323.57,-33.072,2248,244.4
322.59,-32.217,2258,247.55
324.04,-30.886,2234,265.09
327.39,-32.012,2203,250.41
328.53,-35.569,2262,262.32
328.73,-37.985,2281,258.42
328.82,-36.706,2144,223.88
326.9,-35.89,2128,242.84
332.76,-38.881,1936,217.58
336.88,-38.542,1758,199.49
330.88,-34.807,1837,213.12
330.49,-30.736,1728,206.8
329.12,-24.694,1843,205.69
331.19,-16.925,1843,201.64
345.68,-11.63,1815,208.84
360.8,-12.685,1965,232.41
371.65,-20.088,2115,249.33
383.35,-24.629,2074,219.89
398.72,-25.757,1946,225.93
412.86,-34.923,1784,199.22
414.64,-48.518,1836,200.72
410.13,-59.206,1913,227.9
399.85,-60.425,1935,259.69
384.22,-59.663,2054,265.68
364.46,-56.404,1945,259.97
347.56,-45.146,1931,274.16
345.55,-46.529,1808,212.87
364.9,-51.413,1858,210.36
387.7,-47.242,1946,224.17
405.5,-44.392,1885,210.5
419.63,-49.261,1746,187.22
417.73,-56.121,1716,187.87
406.64,-63.855,1776,199.39
405.09,-64.836,1605,182.84
418.14,-68.873,1494,169.75
417.39,-65.332,1198,150.67
403.07,-73.104,1201,153.47
402.9,-63.334,1428,182.37
408.84,-64.014,1299,157.71
404.49,-55.44,1396,164.5
413.6,-50.736,1474,178.59
411.62,-51.615,1440,172.28
388.15,-50.882,1594,196.04
364.42,-56.078,1584,204.37
354.66,-62.023,1791,234.6
346.32,-74.203,1674,218.28
330.89,-85.799,1524,178.23
315.26,-93.627,1499,198.01
301.58,-103.71,1413,203.35
290.58,-111.98,1511,215.22
284.21,-124.74,1470,201.43
283.95,-142.26,1534,199.77
284.31,-142.6,1482,198.89
275.33,-144.77,1336,178.37
253.32,-141.7,1504,217.46
233.7,-130.54,1485,193.99
227.75,-113.36,1443,187.52
227.36,-93.434,1508,202.28
224.57,-66.818,1575,202.59
224.45,-42.239,1605,222.87
224.65,-44.511,1557,203.97
223.76,-30.583,1495,194.52
223.89,-16.367,1440,180.51
225.35,-24.448,1523,200.25
215.46,-29.408,1423,184.55
219.23,-8.9883,1485,213.12
201.29,-12.175,1614,228.13
182.73,-0.98107,1590,221.14
161.68,5.3372,1655,223.31
140.82,8.5279,1670,223.95
118.45,14.346,1691,231.13
103.65,12.524,1606,190.08
84.183,7.115,1640,231.78
73.356,1.9842,1683,207.45
67.98,14.286,1672,218.09
48.237,15.817,1579,217.91
46.274,29.111,1477,178.51
49.099,31.6,1637,223
62.188,49.721,1508,186.26
74.56,51.163,1545,197.24
83.231,42.024,1516,203.99
76.873,50.403,1434,170.64
89.438,54.813,1440,178.76
98.838,52.66,1481,195.23
107.34,52.178,1609,230.75
119.05,49.926,1486,197.38
122.65,43.49,1532,221.51
138.83,33.579,1469,210.39
150.75,21.903,1491,232.76
159.6,28.103,1501,211.14
171.42,17.502,1432,198.56
185.11,10.007,1597,213.02
197.78,14.222,1501,203.88
201.07,1.4452,1410,186.33
186.19,7.2203,1281,156.08
184.44,15.242,1213,154.77
193.85,12.997,1218,162.65
207.78,3.2133,1294,157.33
201.83,5.6781,1354,153.25
206.9,7.1708,1304,163.63
215.68,11.192,1689,245.09
234.93,28.252,1624,214.23
262.54,37.237,1716,211.3
281.67,49.012,1864,252.84
294.42,63.382,1818,241.54
305.39,79.193,1805,239.47
302.49,81.796,1322,188.31
315,89.498,965,163.83
337.25,99.478,714,159.55
353.62,101.73,527,141.72
375.65,96.859,863,146.64
383.63,84.092,1256,156.41
381.73,77.542,1500,182.98
382.71,80.616,1280,195.92
388.59,86.436,1112,155.37
389.45,73.492,1261,167.55
384.72,61.805,1412,190.03
384.17,43.503,1441,212.25
382.19,39.974,1715,253.98
388.07,20.677,1634,238.48
395.79,1.0246,1622,232.28
393.05,-13.716,1625,230.94
385.93,-25.491,1598,201.56
402.01,-32.435,1539,196.77
398.65,-19.205,1586,205.47
394.62,-27.207,1655,211.73
413.96,-41.176,1667,207.39
422.65,-39.989,1483,170.57
413.37,-33.23,1539,181.66
421.72,-36.348,1508,180.13
409.44,-40.67,1535,200.51
405.86,-20.806,1447,174.81
418.1,-28.081,1356,143.58
434.29,-39.037,1233,144.65
421.73,-36.205,1285,156.32
421.09,-39.103,1547,180.6
417.57,-51.926,1470,175.03
421.35,-56.191,1482,168.56
415.99,-39.329,1489,175.35
426.78,-45.814,1499,175.3
428.42,-46.937,1494,181.06
426.1,-56.356,1392,165.66
414.51,-66.388,1465,197.69
407.06,-67.767,1567,211.47
388.5,-76.237,1388,179.2
371.65,-76.775,1460,200.78
353.88,-81.379,1400,188.97
339.14,-88.855,1406,169.94
328.94,-95.307,1302,170.4
318.07,-97.494,1334,190.41
312.93,-95.878,1434,177.42
292.58,-97.721,1635,220.08
287.33,-113.36,1570,216.13
283.27,-121.31,1573,203.53
281.77,-137.16,1414,184.43
282.52,-155.64,1430,193.33
280.1,-176.16,1518,209.38
278.85,-188.4,1473,198.6
276.51,-195.54,1549,208.07
283.91,-211.05,1484,228.48
285.45,-224.4,1492,227.5
292.44,-240.48,1456,217.66
287.94,-251.66,1435,168.84
275.4,-264.4,1564,209.34
264.96,-281.08,1378,169.11
253.74,-287.78,1350,172.2
247.72,-281.86,1497,188.78
244.42,-270.91,1488,207.5
251.99,-248.91,1562,218.47
267,-238.12,1669,231.42
271.27,-233.65,1658,241.37
282.27,-243.95,1538,216.37
286.53,-234.56,1491,182.74
286.94,-236.48,1585,196.32
293.67,-248.29,1525,194.38
283.76,-251.79,1399,178.73
289.07,-236.35,1295,151.81
303.1,-234.35,1126,146.07
295.98,-249.51,1057,162.69
290.5,-255.69,949,141.62
291.15,-254.13,1041,146.49
282.07,-249.17,1453,188.83
263.91,-238.17,1409,189.38
259.08,-231.42,1275,168.68
253.18,-223.91,1502,183.7
251.33,-233.56,1514,195.2
242,-231.59,1314,177.35
254.7,-232.43,1569,243.13
259.49,-241.41,1583,217.61
268.64,-242.85,1550,247.37
262.68,-260.63,1678,245.01
260.31,-275.87,1658,247.69
251.72,-277.88,1561,216.33
261.34,-274.92,1642,229.08
260.64,-281.75,1551,207.81
263.09,-296.89,1387,173.06
253.91,-285.6,1472,186.52
258.51,-281.52,1440,181.25
261.94,-275.4,1456,201.68
258.52,-289.24,1378,174.33
258.88,-290.27,1223,146.85
260.6,-274.34,1441,195.21
272.04,-283.6,1428,178.87
277.96,-260.77,1548,206.42
281.86,-237.23,1439,174.99
287.63,-222.66,1606,217.85
282.58,-212.19,1719,246.49
281.47,-190.45,1608,208.35
274.24,-168.6,1548,205.56
259.48,-166.49,1586,205.79
241.68,-156.23,1598,200.19
227.83,-141.89,1416,184.97
228.66,-124.92,1401,185.61
227.17,-110.32,1363,169.81
225.98,-84.795,1342,174.19
224.18,-64.251,1311,162.58
236.68,-55.676,1455,197.82
237.61,-50.551,1488,228.87
246.65,-63.761,1360,190.26
256.14,-63.432,1582,249.44
274.55,-63.096,1427,181.65
272.79,-75.259,1549,203.83
256.78,-79.911,1554,219.46
267.87,-71.918,1405,167.49
284.37,-70.467,1306,158.29
285.88,-65.682,1192,163.94
288.51,-57.415,1388,216.94
301.54,-68.264,1485,229.9
317.32,-73.063,1537,191.81
332.39,-71.239,1533,222.32
337.93,-69.197,1527,228.03
346.12,-75.399,1480,196.38
345.58,-65.271,1312,177.29
351.46,-67.115,1453,225.68
374.3,-68.284,1479,211
381.59,-74.011,1437,181.94
362.51,-70.781,1427,187.15
360.68,-65.715,1369,180.91
352.89,-51.998,1316,176.36
341.26,-44.534,1504,235.94
342.19,-28.734,1668,265.85
339.15,-3.122,1763,266.18
339.46,19.827,1784,250.56
331.45,37.149,1700,226.78
316.67,50.057,1652,219.95
304.02,61.745,1627,234.54
285,73.341,1599,214.7
279.09,71.346,1564,226.83
269.87,82.591,1275,171.19
275.52,91.617,1043,152.82
290.13,91.975,1343,176.77
305.35,94.887,1116,190.01
328,96.824,833,166
342.31,94.7,1073,183.63
355.07,91.485,1447,199.31
372.56,96.741,978,168.71
372.18,91.714,1335,174.6
372.47,92.97,1386,189.77
365.85,97.114,1063,153.54
374.85,87.277,1422,182.85
381,88.398,1306,170.83
365.62,77.385,1384,171.2
372.11,92.068,1167,176.65
371.56,94.009,1118,134.32
387.91,87.532,1283,153.95
387.31,72.247,1247,153.35
383.45,79.01,1434,181.77
377.13,93.227,1143,157.24
381.14,88.144,1205,146.64
381.31,83.888,1335,186.1
364.24,82.053,1401,175.94
376.99,84.753,1432,196.99
371.11,80.66,1342,167.62
378.95,90.044,1150,161.85
386.3,82.224,1333,177.68
372.64,71.613,1395,179.7
362.91,78.795,1422,201.39
367.84,88.278,1184,172.91
366.3,89.536,1496,205.4
376.03,90.962,1265,190.3
377.52,85.21,1254,176.95
382.36,88.052,1043,184.28
373.55,94.402,689,128.57
357.48,106.61,1372,203.31
344.59,117.56,1339,205.75
340.17,124.45,1374,220.78
328.32,129.63,1376,193.38
321.15,122.68,1272,175.99
318.39,115.04,1322,187.78
311,103.38,1321,211.55
324.23,99.508,1285,182.23
345.65,85.089,1403,189.65
350.74,88.446,1423,211.77
361.75,81.541,1408,207.92
370.12,67.627,1380,182.28
366.07,68.26,1433,203.03
348.15,65.856,1368,193.07
341.2,69.554,1416,190.28
350.21,71.43,1505,221.77
355.3,82.979,1465,208.09
348.76,68.461,1467,197.39
353.26,51.322,1361,189.05
346.63,54.817,1470,203.93
341.59,34.379,1535,233.8
332.17,17.241,1569,246.15
326.61,1.3429,1576,234.58
338.43,1.8356,1557,224.42
361.63,1.2871,1559,227.54
383.7,-3.4374,1530,213.81
384.99,-10.068,1427,179.93
391.48,-15.919,1241,162
390.75,-17.87,1182,151.01
389.45,-21.327,1261,153.37
390.4,-21.137,1468,168.87
389.83,-19.676,1637,176.05
390.11,-19.041,1741,182.19
389.84,-18.523,1840,194.43
389.57,-17.911,1924,202.56
388.94,-17.674,1954,207.61
389.01,-17.978,1920,215.58
388.68,-17.21,1930,229.91
388.21,-17.863,1899,234.54
387.81,-17.316,1978,219.36
388.24,-17.715,1974,212.64
389.39,-15.424,1931,189.51
387.07,-17.026,1910,195.09
387.86,-14.978,1880,203.18
393.66,-13.666,1681,176.73
390.84,-20.854,1651,172.9
391.78,-17.783,1553,178.76
388.04,-19.509,1411,183.09
392,-15.218,1487,166.17
390.74,-16.325,1714,181.57
390.93,-17.375,1838,188.43
391.03,-17.802,1819,180.58
390.85,-18.124,1786,194.45
390.69,-18.279,1748,193.11
390.38,-18.116,1747,192.54
390.22,-18.078,1741,183.1
389.78,-18.09,1744,191.41
389.71,-17.703,1743,191.36
389.24,-17.242,1764,187.73
388.91,-17.504,1770,175.54
389.93,-18.042,1763,174.37
389.94,-16.585,1797,171.26
389.39,-18.028,1744,168.44
393.85,-19.002,1834,188.64
390.9,-19.476,1733,189.58
392.67,-21.06,1730,208.86
400.27,-22.242,1631,185.75
396.3,-23.293,1586,188.19
389.57,-26.656,1554,192.19
385.61,-28.436,1561,202.26
386.57,-32.297,1546,187.87
385,-43.272,1474,186.93
386.11,-54.978,1491,191.36
385.08,-60.182,1492,185.07
391.63,-54.123,1646,199.41
398.66,-52.582,1787,217.5
407.52,-62.371,1913,245.89
420.55,-70.808,1848,219.86
430.56,-70.29,1774,201.62
432.78,-73.644,1773,209.62
439.82,-63.361,1560,193.01
444.26,-61.676,1613,214.44
441.84,-72.952,1646,195.75
437.95,-84.418,1443,176.54
436.58,-78.596,1527,195.15
436.35,-72.543,1645,207.95
441.88,-82.748,1425,179.31
429.46,-84.23,1538,197.51
420.32,-79.356,1498,203.27
422.63,-73.876,1455,194.85
431.7,-81.398,1533,193.83
437.67,-79.162,1564,198.13
431.57,-84.436,1683,241.67
416.12,-93.127,1566,212.79
397.45,-95.597,1569,229.84
377.69,-96.229,1593,229.75
365.82,-101.35,1478,192.3
353.01,-108.35,1489,213.83
335.86,-115.22,1563,221.89
320.22,-123.02,1534,238.77
316.77,-126.16,1455,215.5
313.21,-118.77,1710,248.22
299.34,-120.39,1500,213.58
291.38,-107.03,1631,246.1
286.55,-86.77,1638,244.95
295.14,-69.727,1596,238.73
308.82,-73.269,1731,275.18
323.29,-67.493,1673,244
334.31,-48.144,1682,221.91
344.55,-32.801,1662,234.92
365.44,-32.111,1631,214.33
376.2,-40.501,1560,207.07
372.53,-36.716,1591,210.12
371.18,-55.665,1567,203.84
357.33,-63.491,1555,212.33
352.51,-69.821,1553,226.19
358.05,-57.526,1663,252.99
379.28,-66.266,1658,227.31
397.92,-76.015,1653,206.67
405.01,-71.177,1642,221
395.65,-63.488,1600,188.3
412.35,-62.661,1630,221.64
422.65,-64.352,1656,216.55
427.24,-71.829,1636,214.75
441.47,-59.482,1603,191.84
451.82,-57.682,1538,205.77
447.55,-67.751,1534,196.08
448.71,-75.603,1400,181.27
441.13,-66.082,1516,212.1
442.46,-77.747,1411,181.89
454.31,-76.093,1263,153.06
451.04,-79.289,1282,170.23
451.8,-76.05,1270,166.45
446.26,-72.13,1322,168.7
446.68,-75.38,1296,168.8
445.72,-70.37,1336,175.53
449.99,-51.177,1305,170.47
462.4,-62.289,1286,164.02
462.53,-73.768,1330,170.36
462.14,-75.268,1124,141.31
450.81,-75.574,1457,202.12
456.33,-61.162,1307,168.31
461.35,-70.83,1338,164.63
474.57,-79.065,1168,149.23
476.03,-80.261,1284,158.38
476.56,-89.65,1107,146.88
469.72,-82.899,1222,153.5
453.19,-76.08,1505,208.93
435.15,-72.067,1570,221.89
409.34,-58.65,1639,234.66
385.39,-49.934,1668,228.9
361.71,-42.941,1704,236.06
339.28,-41.622,1698,234.44
323.13,-27.078,1620,224.35
312.65,-40.106,1589,221.81
304.5,-36.313,1447,204.32
286.04,-53.024,1525,225.53
267.01,-67.227,1468,213.11
269.07,-76.373,1459,226.58
259.89,-72.034,1417,206.92
258.74,-64.614,1437,200.68
260.41,-67.211,1566,250.63
249.79,-49.55,1494,182.09
241.48,-41.476,1528,214.36
227.23,-41.088,1359,164.18
220.81,-32.596,1515,241.93
210.38,-27.535,1406,187.49
195.99,-21.988,1436,211.49
180.32,-17.48,1232,186.1
171.27,-7.9171,835,158.44
171.56,-6.8561,845,141.25
147.79,-5.2413,1605,236.78
141.13,-2.4142,1470,200.52
137.28,-3.7311,1536,221.85
119.32,-12.055,1599,240.63
96.564,-15.246,1630,250.6
76.266,-22.011,1520,222.96
58.432,-15.581,1580,224.91
60.718,-13.282,1576,232.2
53.572,-21.993,1451,195.21
43.654,-11.522,1298,169.56
54.867,-11.299,1454,195.81
57.682,-10.188,1426,177.84
64.475,-19.515,1479,186.21
64.694,-6.1853,1347,169.03
60.615,-20.411,1357,175.78
74.816,-19.403,1319,182.64
78.187,-18.736,1530,232.59
96.49,-15.362,1557,207.3
115.39,-7.6067,1514,190.5
109.4,-12.965,1503,186.42
116.03,0.63617,1567,195.33
123.13,17.041,1642,242.31
120.8,22.762,1725,297.07
105.26,22.376,1628,233.84
104.43,38.46,1509,204.69
109.43,41.093,1481,193.6
112.78,45.796,1305,186
108.77,39.881,1228,170.18
106.15,36.205,1209,158.75
107.39,36.512,1374,165.54
107.1,36.189,1480,170.48
106.88,35.77,1535,176.85
106.59,35.131,1580,176.28
106.29,34.192,1638,193.27
105.55,34.121,1674,197.31
105.37,33.43,1754,196.62
104.3,33.827,1763,205.34
103.66,33.458,1801,197.09
103.38,34.34,1827,210.57
102.39,36.052,1871,199
103.7,36.487,1865,202.15
105.01,37.403,1769,185.42
106.98,34.604,1703,176.84
106.48,38.243,1629,188.3
105.52,39.603,1580,190.63
106.11,43.735,1471,169.81
112.06,48.252,1501,190.81
111.08,50.105,1358,169.16
109.98,42.738,1286,162.33
110.24,44.004,1164,147.6
109.29,44.346,1413,164.87
108.35,42.453,1593,177.78
107.68,42.011,1649,204.22
107.31,41.107,1674,203.45
106.91,40.324,1717,210.28
106.61,39.415,1761,204.03
106.24,38.514,1815,201.97
105.98,38.241,1810,201.26
105.32,38.825,1806,198.29
105.69,38.094,1832,197.96
105.26,36.053,1823,203.29
104.48,34.273,1849,200.99
103.2,36.179,1910,206.27
104.69,38.856,1857,206.82
109.35,38.161,1811,204.75
107.48,38.364,1662,186.6
107.99,43.69,1698,195.65
113.88,44.228,1725,210.45
110.87,45.582,1640,210.34
116.23,51.547,1558,186.99
121.28,57.581,1597,203.26
124.88,65.175,1534,201.98
129.68,71.43,1498,203.33
128,76.836,1411,199.68
131.48,70.331,1261,198.58
128.47,70.302,1224,179.33
128.62,69.27,1375,187.92
127.68,68.193,1491,206.62
127.61,67.856,1446,211.33
126.63,66.765,1418,209.8
125.19,65.424,1456,225.01
123.78,64.038,1498,209.63
122.07,62.606,1551,217.31
119.87,60.961,1610,218.63
117.98,59.67,1656,213.17
115.87,58.107,1723,213.78
113.35,57.455,1756,207.26
113.55,58.63,1837,220.29
117.35,60.505,1854,252.08
120.36,62.194,1916,270.25
119.1,58.238,1862,221.63
117.88,57.1,1799,221.14
116.59,57.003,1751,217.02
121.3,62.083,1710,207.59
125.28,63.305,1692,211.12
125,62.663,1612,224.7
126.27,63.412,1511,219.3
127.71,64.726,1544,228.46
122.91,61.776,1501,218.93
122.85,61.657,1541,204.99
122.6,61.065,1549,225.11
121.22,59.067,1575,234.6
119.36,57.527,1623,241.33
117.55,55.796,1703,251.63
116.64,54.848,1741,250.92
115.62,55.079,1776,251.87
114.89,54.145,1849,242.16
113.79,53.55,1868,239.09
112.91,54.189,1860,239.16
113.15,57.114,1807,235.31
116.54,60.525,1777,219.14
122.41,60.464,1866,232.07
125.1,61.436,1853,227.77
123.18,61.305,1653,210.14
122.31,63.354,1649,219.45
129.52,68.287,1568,214.41
135.22,65.631,1464,203.24
133.46,56.454,1429,190.96
126.43,49.128,1490,195.75
126.5,50.691,1546,210.64
128.03,60.111,1557,219.54
134.15,66.52,1498,193.15
134.83,61.774,1570,217.42
136.5,56.754,1510,185.77
141.27,64.488,1560,199.89
135.54,66.671,1484,179.77
135.67,67.174,1630,226.56
136.25,70.824,1579,228.32
135.46,69.313,1563,222.97
135.09,75.414,1388,160.25
127.1,83.585,1486,190.06
134.97,86.402,1455,186.85
143.05,88.738,1499,202.02
154.53,88.054,1342,179.39
156.14,91.338,1513,221.44
159.75,92.799,1641,236.06
171.62,105.3,1521,209.56
184.29,113.97,1412,206.93
188.64,117.34,1379,207.28
193.64,124.57,1275,174.62
193.18,129.13,1260,176.16
196.14,128.85,1377,196.14
189.61,147.69,1304,176.58
191.46,155.43,1330,188.91
199.16,171.47,1212,161.74
204.22,179.9,1278,196.65
217.02,176.1,1285,193.13
222.99,170.26,1247,189.53
220,178.01,1564,236.81
227.39,175.65,1439,202.1
244.17,183.1,1388,192.77
256.66,183.16,1272,169.21
264.25,175.46,1329,180.62
257.02,168.42,1309,185.22
242.92,167.04,1277,170.77
242.7,178.78,1384,184.82
255.48,182.11,1308,164.66
270.1,171.46,1164,151.01
270.44,162.23,1160,151.01
258.71,159.44,1162,158.09
250.78,166.92,1336,178.18
251.18,172.77,1354,185.18
264.35,180.05,1301,162.13
278.68,175.75,1251,162.6
278.87,164.36,1240,160.86
266.58,169.21,1268,187.24
276.68,173.86,1364,187.46
289.95,168.88,1179,155.93
289.92,165.81,1214,163.34
275.69,166.47,1411,206.76
279.86,179.52,1246,172.21
285.79,179.37,1091,144.41
290.56,166.34,1313,186.88
284.62,162.15,1313,160.36
275.75,163.28,1267,165.29
272.88,170.94,1219,166.9
277.35,177.2,1241,171.52
277.94,174.65,1278,179.92
279.52,183.02,1021,135.8
284.91,179.36,965,133.51
282.93,172.38,992,134.36
278.97,170.17,960,133.41
273.76,171.43,1308,198.14
255.24,162.17,1376,195.6
233.61,156.4,1383,206.85
225.79,151.23,1490,242.92
225.03,133.82,1543,244.91
216.33,121.21,1487,222.09
218.98,109.09,1357,199.78
223.28,104.69,1379,204.55
220.53,103.02,1326,180.89
221.39,97.871,1320,183.88
220.49,105.29,1289,195.91
225.93,104.79,1305,189.81
233.83,115.72,1293,188.87
231.37,107.69,1169,156.61
225.67,91.754,1128,143.83
222.22,101.9,1305,193.17
225.6,101.22,1396,179.71
230.03,94.766,1313,170.66
226.33,93.668,1378,186.37
220.43,96.64,1469,201.49
217.34,87.207,1277,154.26
218.02,85.646,1221,165.4
217,95.816,1368,191.88
219,105.14,1446,217.06
230.13,103.11,1415,209.8
223.26,86.242,1323,171.83
214.96,90.057,1269,167.88
222.96,101.8,1306,169.83
234.73,102.78,1341,168.84
230.34,103.38,1412,183.66
220.47,90.877,1385,184.54
223.66,106.75,1323,156.7
233.1,119.15,1385,188.08
240.08,113.93,1457,208.49
238.42,110.8,1465,202.68
238.62,111.81,1485,210.34
244.94,120.64,1235,154.02
242.13,102.47,1139,151.92
244.09,95.961,1234,147.82
243.26,91.16,1204,173.53
234.66,91.921,1257,166.08
235.34,84.703,1330,190.33
228.59,77.744,1187,154.12
231.59,82.628,1316,165.66
234.23,73.409,1250,175.25
229.56,67.163,939,138.07
232.31,70.473,1129,175.83
242.09,75.514,1233,191.31
234.48,71.135,1099,152.4
237.36,70.199,1062,164.16
238.42,82.906,1084,170.1
245.96,84.275,1192,186.34
248.47,89.79,1138,160.07
242.75,77.759,1214,171.46
240.35,74.622,1064,147.9
234.42,67.274,1026,145.65
221.97,69.365,1097,159.81
224.33,76.664,1172,161.63
224.28,69.783,966,123.03
224.5,79.754,1093,153.17
226.6,86.923,1211,163.87
229.16,75.062,1348,200.59
230.39,70.267,1417,205.7
232.33,73.608,1324,175.24
234.48,70.625,1392,207.52
248.14,59.113,1356,201.44
256.37,56.907,1456,226.42
271.3,58.12,1427,210.98
295.09,55.28,1523,227.07
317.58,49.596,1538,218.42
329.55,53.997,1499,208.76
346.05,64.923,1505,191.76
367.18,78.726,1539,199.25
389.54,86.32,1512,194.75
388.92,78.193,1470,180.41
404.93,76.816,1384,176.06
402.01,79.75,1402,167.92
403.04,78.069,1387,185.19
410.49,77.484,1369,178.15
415.41,59.016,1377,176.65
414.7,48.662,1333,184.54
407.97,36.818,1402,198.87
412.64,45.952,1439,207.6
408.48,64.426,1480,193.81
420.03,58.597,1352,171.54
419.31,41.183,1271,161.44
413.78,44.052,1257,183.65
416.09,54.669,1418,172.24
407.91,65.093,1317,167.97
421.18,70.881,1280,170.55
417.24,62.231,1388,199.14
420.46,50.129,1351,201.58
413.26,38.565,1298,170.86
420.17,51.611,1289,165.34
422.77,40.258,1315,172.37
420.41,36.322,1253,158.1
419.18,45.76,1299,160.18
418.81,46.547,1310,185.96
421.89,49.058,1337,184.47
425.6,43.115,1308,182.14
418.49,53.008,1391,215.22
410.77,72.509,1355,197.33
420.47,76.799,1289,169.41
423.31,61.382,1283,169.9
424.54,57.155,1209,150.88
412.32,68.21,1298,181.04
409,70.55,1349,189.41
404.12,73.314,1416,201.75
389.08,71.182,1571,248.47
363.49,71.238,1572,235.24
338.75,74.329,1571,237.58
317.02,79.079,1511,216.08
319.53,82.052,1387,191.48
329.4,93.522,1439,228.14
322.02,100.45,1309,174.54
323.67,94.677,1299,170.18
337.49,112.65,1399,201.97
350.33,116.48,1357,190.8
368.64,105.32,1307,175.5
370.84,99.834,1269,179.38
352.98,107.96,1309,175.25
352.23,118.08,1322,193.7
346.6,129.84,1162,157.46
354.52,122.52,1208,176.59
368.32,108.54,1300,176.18
375.78,102.03,1257,167.88
383.37,106.77,1328,198.11
399.48,96.173,1370,182.44
396.88,94.743,1364,188.33
403.76,92.525,1413,202.58
414.02,84.861,1351,184.44
402.9,77.667,1301,178.92
403.17,92.295,1274,173.68
417.38,88.615,1178,155.5
426.01,71.902,1260,160.35
417.24,61.478,1307,167.79
421.54,75.405,1330,177.07
424.06,70.83,1319,170.26
431.56,54.746,1163,149.2
429.09,56.079,1137,152.4
424.04,69.261,1252,172.9
428.99,73.392,1216,164.76
434.83,55.088,1237,162.57
429.3,53.885,1223,148.15
429.74,58.717,1300,170.29
425.25,61.268,1326,173.06
434.8,57.337,1250,175.63
437.2,49.633,1169,141.79
423.84,61.308,1292,181.92
436.38,61.361,1287,176.03
437.16,46.483,1083,151.24
429.36,58.66,1188,187.55
424.89,71.237,1370,202.12
434.2,57.923,1327,181.38
436.4,42.065,1234,158.21
431.68,48.782,1138,175.14
437.21,55.225,1350,199.71
438.35,47.7,1250,171.24
441.04,36.63,1225,163.39
440.6,26.497,1149,170.85
429.41,15.873,1182,173.64
423.96,8.5053,1407,201.59
409.17,-5.3527,1450,200.81
390.14,-20.373,1434,190.92
370.11,-29.479,1420,210.76
373.06,-22.155,1380,178.46
358.54,-15.076,1333,187.54
344.86,-10.129,1346,189.57
339.31,-3.7684,1334,194.97
352.52,-12.572,1396,196.05
372.63,-16.181,1415,192.07
387.53,-17.231,1481,217.07
407.14,-17.456,1492,203.75
402.72,-23.169,1336,176.64
396.24,-16.887,1339,186.39
397.78,-19.482,1342,175.19
399.37,-18.885,1387,168.32
399.88,-17.703,1528,166.75
398.88,-16.417,1595,194.22
398.14,-16.349,1608,192
397.44,-16.421,1608,194.52
396.97,-16.428,1614,194.56
396.39,-16.134,1618,188.49
395.54,-15.89,1613,182.33
395.29,-15.603,1612,177.59
394.95,-15.338,1610,176.85
394.53,-15.816,1669,187.03
394.9,-16.825,1769,208.61
391.47,-16.67,1685,190.58
389.94,-15.184,1722,193.5
387.73,-11.634,1660,192.85
387.96,-16.136,1604,178.72
392.93,-13.046,1496,171.77
388.95,-18.342,1454,167.62
393.26,-15.906,1430,177.79
397.68,-18.838,1382,164.82
397.19,-14.566,1324,173.04
393.97,-15.303,1305,167.97
399.6,-21.173,1243,156.13
393.46,-21.746,1279,179.4
400.68,-21.393,1145,143.93
400.91,-19.421,1189,140.68
398.79,-19.855,1288,144.62
398.16,-19.672,1270,152.21
398.06,-19.628,1220,144.29
397.93,-19.544,1142,148.8
398.1,-19.307,1094,142.71
398.02,-19.153,1047,141.92
397.79,-19.211,1030,140.49
397.63,-18.858,1025,137.48
396.87,-18.686,1055,134.29
396.24,-17.68,1130,136
397.7,-17.3,1252,142.27
398.55,-18.31,1379,157.15
396.09,-21.226,1404,156.99
398.94,-23.664,1488,165.44
399.38,-27.695,1459,161.87
399.59,-29.628,1480,177.01
402.75,-32.755,1487,165.95
401.04,-33.358,1496,183.62
406.25,-33.537,1399,167.13
412.73,-35.099,1400,183.76
411.57,-29.859,1430,190.29
410.09,-20.814,1358,167
412.54,-17.865,1358,161.04
419.54,-28.578,1456,184.05
417.42,-35.33,1553,210.77
414.03,-30.045,1470,174.82
409.42,-26.028,1362,171.5
413.17,-22.415,1343,165.75
409.16,-21.887,1358,160.28
405.41,-10.639,1404,175.93
414.39,-11.107,1408,181.01
426.05,-13.321,1474,183.85
429.85,-23.113,1553,199.64
430.23,-24.928,1510,162.52
437.17,-29.524,1451,186.4
449.3,-28.94,1399,170.8
459.76,-32.914,1363,163.64
460.76,-40.922,1429,172.96
463.38,-44.193,1479,174.19
471.23,-55.074,1442,184.34
476.17,-57.263,1351,189.67
465.24,-55.659,1441,188.55
471.16,-46.383,1410,171.21
474.64,-36.88,1290,148.93
475.01,-48.528,1326,175.8
479.23,-59.971,1358,189.69
482.38,-61.208,1333,177.48
478.18,-48.855,1359,172.91
480.58,-39.852,1279,158.73
490.78,-44.634,1310,185.25
492.76,-51.571,1406,203.99
487.58,-56.426,1477,201.54
482.15,-53.692,1420,179.99
489.2,-61.63,1394,175.3
500.55,-71.828,1361,176.59
500.79,-81.999,1313,185.34
495.53,-77.171,1367,162.56
494.08,-80.902,1419,184.3
493.91,-92.964,1362,185.51
480.64,-97.879,1362,184.18
469.89,-97.221,1458,210.38
453.96,-100.53,1484,213.73
433.7,-100.75,1460,213.84
415.44,-103.33,1406,194.74
399.9,-107.65,1505,231.54
387.59,-111.48,1358,186.42
369.08,-108.66,1522,227.18
372.74,-102.55,1467,189.66
384.54,-97.744,1488,228.36
379.94,-113.93,1344,178.2
365.48,-121.16,1316,185.81
364.13,-109.73,1372,179.78
375.37,-110,1351,172.53
379.48,-111.56,1351,179.55
368.55,-124.2,1273,156.34
371.47,-114.76,1433,193.32
376.12,-114.49,1394,187.01
383.33,-128.51,1327,165.1
378.36,-125.33,1321,177.01
378.83,-124.35,1423,204.49
377.65,-110.23,1385,190.77
395.43,-109.23,1326,181.39
389.98,-111.63,1365,169.6
384.65,-113.11,1368,188.75
390.11,-100.56,1335,180.15
379.18,-99.17,1498,223.2
374.73,-75.48,1504,236.04
361.23,-57.93,1467,224.42
345.16,-47.844,1436,225.99
329.23,-42.463,1490,219.76
317.86,-41.588,1495,237.03
311.99,-34.523,1475,230.68
298.9,-37.233,1373,185.09
293.41,-30.02,1283,165.91
300.94,-21.083,1366,204.22
299.83,-35.658,1283,157.63
298.22,-31.464,1267,171.21
312.91,-21.078,1295,186.02
326.26,-15.734,1426,215.17
332.06,5.1631,1452,214.31
335.69,19.772,1452,197.89
342.72,21.729,1440,188.39
344.56,33.453,1447,202.05
347.49,29.354,1406,192.08
348.71,28.288,1338,167.06
335.32,31.755,1371,205.8
334.74,44.662,1295,183.23
333.73,36.44,1423,248.54
319.21,35.226,1437,218.64
303.64,23.139,1450,213.98
290.04,10.471,1493,240.86
273.62,-3.0589,1469,235.39
257.72,-11.908,1459,224.43
255.51,-0.64205,1475,234.17
264.53,-11.408,1334,182.66
274.48,-1.9209,1420,224.5
288.72,-10.81,1372,195.51
290.24,-18.653,1312,177.88
275.11,-12.326,1261,173.41
283.3,-8.0966,1242,173.39
299.27,-10.432,1246,171.09
308.63,-19.122,1308,186.35
308.01,-26.057,1233,155.57
317.02,-14.688,1401,213.92
331.59,-9.2408,1378,203.46
349.12,-11.33,1391,190.35
367.69,-16.409,1448,184.28
382.02,-10.153,1482,198.64
393.4,-12.982,1479,207.99
401.65,-3.9886,1363,172.24
416.73,10.075,1394,190
428.79,7.949,1414,201.43
429.11,3.5978,1397,196.08
419.61,1.309,1395,178.74
435.54,5.2433,1384,177.39
444.23,-6.9422,1228,155.79
442.63,-3.7743,1369,189.83
443.7,-11.634,1277,162.9
445.17,-9.82,1365,207.29
