0,-0,173,44.477
-0.93402,3.021,147,41.566
-1.7349,8.2348,142,41.665
0.99073,10.317,144,40.433
0.98934,14.573,135,41.194
2.2423,18.296,130,38.944
1.9372,20.473,121,36.604
2.6538,23.976,109,34.826
2.2188,25.321,111,35.107
4.1337,25.12,131,39.581
4.0255,26.794,143,41.409
3.801,27.459,133,39.399
2.4632,27.852,124,38.506
2.1686,24.828,121,37.365
5.1492,23.766,138,39.308
2.3187,22.257,140,40.276
1.719,22.429,147,41.674
1.446,21.716,145,42.583
0.67594,20.089,146,41.384
1.1554,18.618,139,40.284
1.6782,18.469,141,40.135
2.7409,19.88,133,39.887
3.3116,20.634,120,36.885
3.2338,20.962,117,35.752
7.5001,17.547,131,39.581
9.2072,18.571,138,39.978
11.289,19.61,137,41.111
13.964,15.452,146,41.012
12.861,16.363,146,40.458
13.508,14.758,125,37.927
14.317,13.214,157,41.864
17.203,14.52,157,43.832
18.303,10.697,161,44.386
15.085,9.9312,178,46.636
27.081,7.9565,129,38.382
37.678,10.94,138,43.625
50.987,10.634,124,39.614
62.48,8.2567,141,40.995
65.988,9.758,130,41.988
68.206,10.942,139,40.83
68.916,6.9242,115,37.067
71.143,7.4661,114,35.479
71.523,8.8247,129,39.532
69.054,9.7146,140,44.262
68.1,8.3873,135,42.426
67.727,6.435,137,41.591
66.438,4.9436,150,41.566
64.719,4.443,164,43.46
65.773,4.1336,180,46.181
68.348,3.7254,193,49.183
69.13,3.9038,211,53.053
72.99,4.9145,229,54.302
76.106,4.4979,233,55.683
74.474,2.251,268,58.801
73.18,-0.95594,273,60.604
73.409,0.3698,287,60.323
73.749,0.89512,290,60.315
74.466,1.8915,286,61.621
73.667,2.9099,287,61.332
72.088,2.0525,276,59.702
70.703,0.81587,308,62.928
69.765,3.5649,328,66.79
72.75,4.9421,317,62.994
76.195,3.7452,316,64.243
77.267,0.043493,309,64.359
75.339,-2.512,302,63.201
72.137,-2.4391,302,62.366
67.614,-1.6478,317,63.962
67.893,2.7773,311,64.359
71.173,4.8845,316,62.721
74.309,3.5807,316,65.905
75.021,0.6715,330,64.706
73.423,-1.9839,328,66.038
71.139,-2.6103,330,66.459
69.486,-2.0456,337,66.046
68.9,1.1151,341,67.51
71.705,2.0803,343,67.518
73.614,1.1901,352,67.89
73.717,-1.5025,360,68.171
71.778,-3.8272,355,68.56
70.156,-2.2169,354,68.444
69.335,-0.39699,349,67.336
69.912,1.963,363,69.205
71.577,1.305,375,71.86
72.596,-0.74918,378,71.554
70.578,-2.6319,381,71.264
69.795,-2.2886,360,71.074
70.333,0.40578,364,71.926
71.478,0.85918,371,70.611
66.513,-0.15656,365,69.412
67.27,-1.7348,348,67.956
72.137,-7.6706,374,69.85
73.025,-11.956,368,73.704
72.294,-11.979,372,71.736
68.164,-8.8729,388,73.828
67.945,-7.4849,392,74.854
68.876,-5.104,405,74.25
68.765,-2.6688,398,76.334
69.325,-4.1308,402,74.06
69.684,-6.8722,400,73.042
66.334,-8.6786,409,75.284
66.371,-11.164,398,73.952
68.49,-6.9639,403,75.474
69.742,-6.1671,397,73.994
68.612,-8.6232,393,71.165
67.404,-10.903,395,72.092
65.54,-10.019,407,74.63
65.874,-9.5172,400,72.877
66.535,-8.7259,420,73.514
66.649,-6.8588,439,76.541
66.62,-8.1267,426,74.184
64.912,-10.537,442,76.218
65.252,-10.069,420,73.522
63.095,-8.6802,407,75.085
65.425,-10.35,416,74.812
70.123,-12.352,422,74.647
74.947,-13.581,421,75.085
75.299,-11.497,428,74.838
76.898,-4.6359,421,74.043
77.929,-4.9611,422,74.184
75.104,-6.6595,431,77.806
74.41,-7.7518,429,74.341
75.296,-6.4208,429,75.962
72.713,-0.19823,439,77.715
77.101,-0.25103,456,77.434
77.165,-1.611,444,75.664
75.282,-3.1198,448,77.757
74.07,-3.1703,443,76.888
74.855,-3.4708,446,76.979
72.856,-3.1019,456,76.88
72.447,-4.9947,462,76.888
73.126,-10.44,464,78.104
70.825,-16.178,445,77.07
69.506,-10.125,461,80.072
71.475,-7.9684,455,80.742
77.181,-7.0836,449,76.4
77.944,-6.2425,443,75.912
77.9,-5.2942,441,75.383
77.802,-5.0435,449,74.465
77.1,-3.5344,463,78.17
76.594,-2.153,455,78.724
78.631,0.35391,442,76.028
78.283,2.9773,445,76.888
77.465,-0.44297,445,78.393
77.052,-3.6403,444,78.195
78.7,0.20186,446,75.598
78.452,0.62009,447,76.169
77.527,0.68757,456,77.624
76.935,-0.34336,472,77.36
80.537,-1.434,457,76.028
81.149,-1.5709,452,75.54
78.677,-5.2889,469,80.825
77.778,-4.5832,454,75.846
77.611,-4.4515,447,75.308
78.53,-4.0669,465,78.79
78.231,-5.1236,460,77.26
74.103,-8.2369,470,78.939
75.122,-12.744,452,77.194
78.825,-9.2696,462,77.723
76.295,-9.6648,465,78.369
77.131,-9.5429,453,74.614
77.807,-10.333,459,76.4
75.886,-9.6458,461,77.442
74.106,-11.076,464,75.871
72.326,-10.897,483,79.369
67.454,-12.941,459,77.252
69.596,-13.913,455,79.774
73.026,-15.211,473,79.394
74.718,-13.734,484,80.998
70.959,-11.207,473,81.776
75.502,-10.519,471,79.419
74.253,-10.401,477,80.825
70.594,-10.789,481,79.113
70.846,-12.609,478,78.914
73.302,-12.416,468,77.36
73.592,-13.482,498,81.371
73.322,-14.431,499,80.717
71.025,-18.2,463,75.937
74.836,-15.125,468,77.698
76.881,-8.0726,498,81.189
78.259,-1.4079,473,79.03
77.595,-0.82758,497,83.529
76.371,-2.3966,490,79.766
77.423,-4.2359,479,78.484
78.991,-5.4546,486,79.328
77.975,-8.3588,497,81.007
76.213,-9.3319,506,81.337
74.63,-14.042,495,80.759
79.518,-11.035,490,79.468
77.067,-10.031,470,76.987
73.86,-16.105,467,81.188
76.639,-10.02,481,80.726
78.791,-7.5185,477,78.137
78.234,-8.8794,472,79.931
77.363,-9.3755,504,81.362
76.848,-11.449,494,79.518
71.255,-16.523,481,79.328
71.791,-15.422,472,77.235
72.621,-16.898,479,78.542
72.737,-16.301,481,77.831
72.37,-15.199,496,80.635
70.38,-16.634,505,80.535
70.48,-16.879,485,78.079
70.344,-16.108,488,79.7
67.758,-18.176,469,77.516
64.66,-19.011,458,77.922
66.78,-18.281,457,78.203
72.654,-15.006,473,78.55
68.053,-14.783,508,82.652
64.171,-19.112,458,78.294
66.661,-20.519,453,74.481
67.692,-20.623,472,79.394
65.656,-18.768,475,77.74
65.247,-21.839,451,74.829
64.168,-16.583,480,78.939
65.558,-16.749,476,79.402
66.467,-18.71,474,77.326
64.188,-18.797,477,78.658
62.901,-19.708,480,78.211
64.405,-19.547,475,77.831
65.827,-19.668,483,78.583
65.507,-19.746,499,80.965
64.28,-20.176,484,80.775
62.031,-21.537,470,76.582
62.143,-20.502,463,77.666
64.348,-23.298,455,76.119
66.384,-21.578,464,76.93
64.035,-18.645,470,76.764
59.229,-17.185,447,76.764
65.723,-23.284,474,77.922
67.35,-24.322,481,80.32
59.049,-21.071,460,75.846
62.593,-24.334,454,78.087
65.431,-23.686,463,79.51
63.933,-24.791,461,77.715
61.859,-24.534,460,76.028
62.773,-23.575,469,77.666
56.595,-20.594,427,72.687
62.284,-22.216,418,75.358
60.588,-21.17,394,69.842
60.316,-21.352,404,72.215
59.969,-21.246,421,72.091
59.973,-21.396,439,73.878
59.697,-21.346,451,75.234
59.695,-21.253,461,75.714
59.842,-21.043,466,75.59
59.997,-21.097,481,76.516
60.001,-21.675,492,79.427
59.68,-21.285,503,78.956
59.494,-20.782,502,79.89
58.927,-21.382,535,83.025
60.72,-21.64,473,77.814
62.612,-23.391,453,76.706
63.633,-20.537,467,78.178
59.734,-22.825,440,76.144
66.021,-24.285,443,77.624
65.669,-25.441,458,75.706
65.241,-23.249,476,77.442
67.482,-20.874,487,80.08
68.022,-19.594,493,81.263
65.943,-24.005,514,81.305
63.804,-27.142,506,79.865
58.714,-25.498,500,80.362
61.707,-20.477,480,79.261
69.689,-20.629,512,82.33
70.318,-21.931,541,84.265
69.061,-24.806,522,82.057
65.458,-25.047,533,82.346
66.584,-17.038,526,83.918
68.834,-15.681,528,85.472
70.792,-15.822,534,85.762
73.242,-19.378,526,83.438
76.327,-19.648,545,90.377
75.757,-22.256,531,85.514
69.375,-24.279,512,80.825
71.139,-24.502,509,82.52
69.065,-24.864,491,80.18
70,-28.112,527,81.586
70.196,-26.117,542,84.753
68.619,-24.704,550,85.977
66.163,-24.49,562,87.391
61.125,-16.366,537,84.91
65.633,-14.51,563,88.648
64.666,-8.4562,559,87.656
73.128,-9.5741,577,86.39
75.435,-14.272,564,85.994
73.225,-17.994,562,86.275
70.674,-23.403,566,89.17
70.371,-21.522,540,85.63
73.932,-13.066,541,83.893
72.913,-20.643,536,83.364
72.326,-25.841,480,77.269
70.67,-24.441,509,85.373
70.748,-19.428,524,81.081
73.031,-18.657,525,86.052
71.848,-20.303,519,80.204
79.16,-17.83,546,85.787
73.935,-18.679,533,85.522
75.711,-26.33,512,83.265
74.593,-27.877,518,82.967
74.28,-30.358,484,81.197
68.172,-32.102,455,78.104
66.887,-24.801,472,77.558
70.48,-21.334,504,82.024
79.34,-12.428,512,83.273
83.209,-1.6666,497,79.104
75.825,-3.0691,547,89.269
78.302,-7.4635,523,86.656
79.894,-9.8112,519,80.055
79.86,-11.526,541,83.992
78.857,-12.985,531,82.396
78.67,-19.302,535,86.639
76.24,-12.387,534,84.265
80.017,-6.6953,531,83.165
77.492,-1.0973,529,83.595
78.758,-2.1411,525,83.083
78.207,-2.5247,523,82.347
80.838,-1.815,519,83.686
79.019,0.56161,530,81.842
74.138,8.2605,499,80.072
80.834,1.2459,502,78.087
82.012,-4.3072,518,82.975
79.467,-5.6568,534,81.908
79.394,-4.8342,515,80.394
83.931,-1.326,506,83.157
83.981,-6.6996,493,78.368
81.335,-5.0968,522,82.562
77.579,3.6748,511,79.874
83.162,-1.0371,491,77.624
81.078,-5.1276,493,79.667
80.687,-5.4256,514,80.444
82.25,-5.0882,520,81.453
77.192,-3.8441,539,82.611
79.597,0.93166,526,81.9
80.647,0.93769,508,81.462
75.652,-1.2593,520,83.066
76.282,-1.2497,525,82.793
82.498,2.2403,522,81.652
81.902,-4.8516,522,83.107
79.181,-6.3161,536,83.214
79.179,-0.22353,527,81.743
82.115,-5.2675,505,80.502
79.446,-6.4627,522,81.296
78.549,-4.485,510,81.66
79.227,-2.9931,516,82.901
81.347,-1.4535,530,84.307
77.325,-3.096,532,85.415
74.779,2.2889,541,86.159
80.671,-0.41338,534,87.523
79.953,-4.1462,425,73.307
79.281,-0.039366,290,65.169
80.823,-0.65246,218,53.591
77.628,2.7374,201,51.416
80.744,7.1449,187,50.109
81.582,4.6686,191,50.539
79.368,4.438,219,53.74
82.372,3.002,236,55.7
79.961,4.1503,259,60.761
82.197,1.9789,280,58.214
80.781,2.6325,338,65.078
81.786,2.2775,346,65.467
83.04,0.35768,352,70.983
80.977,-2.1139,371,72.662
81.571,-2.3096,411,71.802
82.241,-5.7823,371,68.932
81.715,-15.634,385,76.525
74.667,-27.237,418,77.368
64.571,-34.629,422,76.276
59.297,-33.262,420,74.06
54.005,-23.577,425,76.88
55.568,-16.594,422,74.73
60.972,-9.8895,427,73.216
63.717,-8.2776,444,74.506
63.51,-10.746,445,74.796
61.203,-12.63,450,74.903
59.218,-12.937,437,72.852
58.421,-11.097,452,75.292
59.022,-11.641,460,76.053
60.836,-12.871,461,75.474
60.89,-13.773,468,75.474
58.993,-13.801,473,77.004
58.975,-9.3138,459,74.44
61.472,-16.028,460,76.508
61.254,-16.593,486,78.36
59.411,-17.103,493,76.673
59.542,-13.795,479,76.979
60.214,-14.233,465,75.78
59.708,-8.8497,475,77.897
59.504,-16.366,463,77.872
57.288,-18.808,506,80.163
59.038,-28.09,492,78.153
62.874,-33.391,493,78.708
63.417,-34.86,488,77.823
62.818,-37.757,465,76.499
62.424,-38.676,381,70.867
61.666,-38.062,353,66.525
60.639,-36.955,419,72.273
58.257,-34.38,428,74.804
52.317,-30.299,403,69.85
55.823,-28.954,404,69.875
60.284,-28.949,452,74.597
61.715,-28.271,449,74.432
63.028,-32.214,478,76.946
62.194,-32.512,465,74.134
63.476,-32.086,452,74.986
64.573,-27.722,486,79.468
70.689,-26.252,487,78.327
70.85,-24.621,489,78.964
68.795,-25.155,485,79.493
71.714,-23.862,504,81.743
79.228,-22.487,480,79.08
74.855,-26.539,480,79.7
67.175,-33.156,477,77.599
62.005,-33.412,446,75.168
61.234,-28.858,458,75.482
64.456,-26.561,475,78.22
63.895,-27.218,480,76.937
62.574,-28.979,487,77.558
65.979,-23.758,490,78.211
68.115,-24.182,512,78.261
66.454,-28.746,513,80.345
64.05,-30.618,493,79.601
61.382,-31.575,481,78.013
59.226,-28.911,472,75.639
59.317,-25.82,501,78.352
60.99,-24.563,512,78.517
59.69,-25.54,500,80.089
58.217,-24.715,506,78.36
58.37,-20.393,491,77.69
60.022,-16.121,490,78.112
58.738,-16.17,515,80.66
59.755,-9.069,488,78.518
61.121,-12.263,465,78.757
70.057,-11.113,467,77.732
61.468,-10.427,454,74.622
58.918,-11.123,469,78.848
58.708,-16.507,478,77.781
59.425,-25.253,488,80.213
60.304,-23.519,465,76.21
59.668,-18.879,448,74.92
63.346,-16.645,460,76.243
66.636,-24.404,471,79.419
65.55,-29.574,537,83.636
60.917,-31.92,539,83.339
61.879,-28.156,535,82.603
66.522,-25.626,515,79.427
67.96,-27.935,502,78.584
65.291,-29.705,498,77.848
62.829,-25.34,477,76.028
65.655,-20.209,471,76.922
62.555,-27.512,513,80.254
65.544,-24.731,513,79.063
66.073,-27.856,503,79.799
64.695,-26.621,511,82.322
63.437,-31.697,529,84.149
61.622,-28.486,539,84.571
63.812,-25.56,535,84.571
67.228,-22.125,555,87.085
66.133,-24.236,525,81.975
64.172,-25.205,523,83.587
61.165,-26.347,495,78.964
60.913,-27.544,487,77.533
61.029,-26.314,470,80.867
61.101,-25.299,470,76.425
59.409,-31.368,448,75.201
54.569,-31.08,468,75.375
55.759,-30.475,459,76.533
57.792,-29.999,456,76.607
57.279,-28.062,448,74.73
57.354,-26.579,432,72.034
62.102,-29.663,444,73.679
56.339,-34.038,446,75.706
51.345,-32.399,435,77.459
57.124,-25.545,472,77.732
59.432,-21.114,447,74.076
63.397,-30.655,472,76.747
58.523,-33.336,442,73.894
53.214,-31.162,455,75.598
57.488,-29.561,460,77.963
59.248,-29.644,452,74.415
56.108,-28.202,448,72.844
57.018,-26.618,458,76.582
56.026,-30.596,473,75.176
54.033,-30.367,464,74.986
55.752,-32.484,462,76.218
54.763,-28.909,454,74.614
57.296,-26.159,446,73.812
56.868,-36.709,418,71.38
54.391,-36.195,432,74.027
53.759,-36.068,431,72.571
55.496,-32.272,429,71.546
58.381,-29.586,455,76.557
54.061,-35.276,441,72.712
51.5,-29.187,457,74.969
59.301,-33.07,449,72.918
53.058,-37.35,454,75.656
52.359,-34.872,446,72.96
56.424,-36.001,444,74.3
56.146,-31.112,454,75.639
58.821,-30.353,451,74.812
55.304,-35.238,448,74.234
53.815,-28.692,464,77.029
54.211,-31.728,462,76.078
53.751,-34.824,465,74.167
50.347,-32.867,474,76.723
52.026,-30.402,478,78.17
55.305,-31.611,477,75.937
53.117,-35.714,464,74.068
51.855,-32.547,473,75.78
53.176,-29.434,469,74.556
53.843,-34.63,474,75.846
51.043,-35.907,474,76.582
48.813,-28.753,474,78.691
53.909,-30.575,459,74.837
55.534,-32.344,469,75.408
54.526,-35.568,476,77.087
49.517,-33.189,451,73.911
51.72,-31.721,452,75.284
56.601,-35.874,460,74.44
59.977,-33.601,491,79.931
61.564,-37.427,492,77.161
56.604,-34.561,481,76.301
55.283,-32.303,465,75.292
57.674,-34.2,480,76.624
57.718,-34.848,484,77.169
56.815,-36.832,463,75.515
56.577,-32.658,486,77.55
59.334,-35.645,478,76.533
59.156,-36.85,484,76.954
58.815,-36.3,473,75.73
59.255,-35.034,498,76.888
61.103,-35.059,491,79.518
62.659,-37.255,496,77.02
57.383,-36.631,466,74.655
59.966,-36.966,480,76.202
59.553,-34.581,473,76.905
56.807,-34.804,459,76.028
59.956,-33.732,451,74.622
69.977,-31.353,491,79.865
75.922,-16.766,537,84.877
82.897,-4.8861,522,81.288
82.635,6.0439,489,80.552
78.579,9.7613,455,79.799
68.824,10.603,448,76.979
63.466,7.7577,456,80.485
57.734,7.9789,461,78.724
58.274,7.956,458,79.32
55.913,7.6675,437,78.261
62.892,12.439,460,82.007
58.2,8.1016,472,79.791
60.341,9.6807,477,79.584
51.284,10.243,474,78.485
63.089,11.848,476,79.51
72.375,6.3653,493,83.521
64.832,11.681,479,78.666
53.621,8.0826,502,81.908
62.1,9.4133,498,83.148
70.638,7.2456,493,79.096
56.332,9.2399,502,80.709
53.306,11.571,499,85.77
65.615,9.8223,497,80.94
65.556,9.3793,511,83.174
66.961,5.4569,512,79.212
62.332,7.2012,550,84.422
61.277,2.4416,532,84.166
64.381,8.369,544,86.953
65.32,7.5935,528,80.783
65.901,8.7514,524,83.314
64.689,6.6775,552,83.884
67.876,9.4979,538,83.967
64.233,5.7372,564,83.181
63.898,4.4291,556,85.415
66.424,2.5284,558,83.827
67.858,1.1224,573,87.151
68.245,-5.0017,579,86.961
67.482,-3.0372,576,86.738
66.533,-5.5533,560,84.406
67.553,-0.99083,574,87.706
68.389,0.086459,564,88.417
71.063,0.2118,569,86.54
73.264,-1.711,591,89.872
73.07,-3.5152,586,84.538
70.098,-5.1291,569,82.76
73.541,-12.802,570,83.504
78.24,-10.328,579,83.562
76.237,-10.4,576,87.292
77.779,-12.272,564,86.118
82.51,-16.207,554,82.528
75.378,-9.7819,546,82.487
81.208,-2.7685,579,84.199
83.267,-9.4977,571,85.861
83.914,-13.716,562,85.671
83.131,-6.4026,586,86.804
82.609,-3.3436,569,87.176
80.154,3.5514,556,86.159
82.742,-1.5157,515,84.324
81.393,-8.5288,511,80.37
83.229,-9.8137,528,79.956
82.177,-8.8443,555,84.075
84.727,-1.927,556,85.811
83.331,-11.124,535,81.313
79.609,-6.3767,537,84.033
86.558,-6.9424,518,81.478
83.099,-15.362,539,82.454
81.32,-8.2858,532,82.106
85.344,-5.7511,517,84.215
84.472,-17.059,521,82.338
79.051,-17.315,529,85.414
73.82,-5.9489,595,92.469
76.144,-1.4321,589,89.252
79.218,-3.7236,587,87.73
81.572,-3.2229,560,86.316
83.591,-3.5725,552,85.2
81.028,-7.3506,545,83.107
81.926,-8.452,528,80.386
83.951,-4.6684,579,87.276
78.455,-6.4564,595,91.394
78.979,-5.127,577,89.599
80.015,-5.5147,588,88.896
84.538,-7.9572,577,85.878
81.171,-10.393,585,91.485
85.841,-2.751,527,83.504
87.404,-5.3189,535,87.888
84.051,-10.288,538,87.201
80.84,-12.228,571,83.438
79.091,-14.062,608,92.783
80.025,-12.595,596,87.937
82.505,-12.62,580,85.315
81.32,-16.447,568,82.578
84.147,-11.741,569,87.887
83.63,-8.192,558,89.45
81.775,-15.169,545,85.646
85.075,-10.087,569,86.151
83.006,-9.8973,567,90.766
82.106,-7.2429,562,84.157
81.881,-9.2222,537,82.098
79.338,-15.41,560,85.688
82.985,-16.737,558,90.468
84.306,-14.34,581,86.39
86.099,-12.75,572,88.789
83.122,-10.182,533,83.546
86.537,-6.674,552,86.424
87.635,-13.089,536,84.728
84.002,-17.122,544,83.843
82.51,-14.365,524,83.869
85.659,-7.18,539,84.654
93.596,-7.6236,544,84.703
93.953,-12.572,525,83.91
90.984,-12.184,515,80.94
86.259,-14.667,514,80.229
89.407,-3.1587,521,80.51
94.07,-7.7777,514,81.908
92.213,-12.668,545,83.769
89.786,-13.585,514,79.592
88.105,-13.662,511,80.635
91.447,-4.6446,512,79.212
92.556,-5.2464,489,79.063
92.875,-6.213,468,78.766
91.796,-5.3128,542,85.001
91.863,-5.2517,592,89.955
91.208,-5.9237,662,98.225
90.581,-5.4497,695,97.729
89.172,-5.4196,744,102.75
89.638,-5.9146,771,105.47
88.216,-4.8186,771,105.58
88.995,-5.2854,808,108.28
87.499,-5.0665,761,105.46
87.645,-4.5261,751,102.29
88.505,-4.4201,789,105.94
87.158,-5.0326,667,96.886
88.194,-4.5762,669,94.636
86.46,-1.287,622,89.451
88.825,-3.3952,627,94.049
84.983,-4.8702,633,90.468
84.081,-6.0904,619,87.06
84.086,-8.9041,643,91.005
87.374,-7.5496,643,91.84
92.871,-7.3107,653,89.79
94.923,-11.529,643,89.409
94.635,-10.335,632,89.889
93.674,-8.8753,625,91.03
93.134,-2.593,631,91.378
95.725,-4.0058,583,88.988
90.884,-7.9618,598,87.052
86.965,-10.838,576,85.423
89.363,-11.587,601,90.451
93.268,-6.4728,597,88.995
96.644,-9.9962,553,87.383
98.974,-13.685,566,87.639
94.935,-11.055,604,88.78
88.728,-10.085,595,92.436
92.861,-3.312,597,88.491
92.75,-6.3194,577,88.309
97.174,-7.4004,621,90.327
96.779,-11.405,607,87.656
95.061,-14.284,622,90.741
98.537,-19.341,609,94.148
96.689,-18.782,623,89.128
95.981,-17.419,596,86.895
95.449,-17.456,592,87.118
101.49,-20.557,563,84.893
97.067,-23.674,574,86.176
96.733,-17.778,588,89.732
97.631,-20.712,589,85.713
99.336,-22.381,567,85.249
97.65,-22.647,587,87.821
98.149,-23.157,566,84.447
101.15,-25.347,559,83.645
100.06,-25.728,557,84.174
97.461,-26.971,579,85.175
98.961,-30.522,553,81.172
94.807,-31.601,562,83.132
96.917,-29.377,506,82.884
99.476,-28.954,568,91.03
93.558,-37.398,545,86.184
93.656,-33.072,521,85.001
101.17,-23.76,523,81.478
101.72,-29.765,518,81.933
99.615,-31.345,535,83.231
97.535,-25.026,529,82.768
104.31,-19.823,534,79.948
104.69,-25.304,535,81.222
102.25,-25.169,504,79.899
103.57,-21.637,516,81.04
104.18,-20.333,534,85.15
107.88,-27.893,533,85.092
108.71,-21.143,531,84.157
111.29,-27.013,522,82.024
111.3,-27.075,537,81.379
109.07,-29.896,518,79.146
108.24,-32.922,541,83.686
106.74,-31.602,553,83.339
105.85,-32.688,527,80.436
105.29,-37.357,546,81.759
107.93,-34.19,514,80.254
108.97,-43.067,506,79.237
105.95,-39.37,507,83.554
109.52,-41.339,513,81.098
110.71,-40.324,517,80.47
106.04,-38.769,523,79.758
109.64,-28.33,535,82.396
116.59,-32.351,501,79.857
113.52,-36.848,514,80.692
108.13,-35.187,507,81.321
109.42,-24.241,521,80.047
110.39,-36.715,518,79.799
105.19,-33.521,539,83.711
108.72,-30.201,532,80.965
113.33,-31.737,534,81.379
116.44,-36.953,530,80.568
117.13,-35.773,546,85.1
121.78,-40.14,540,90.468
128.66,-45.621,547,98.813
135.77,-49.855,529,92.635
142.54,-50.493,505,88.012
145.97,-54.924,468,81.354
144.49,-53.96,481,84.397
146.74,-52.873,478,80.949
150.61,-53.366,498,78.633
152.34,-56.417,511,81.296
152.58,-57.317,475,79.32
150.77,-62.573,495,79.808
153.84,-65.837,487,78.939
152.79,-66.029,501,81.371
152.7,-73.882,495,77.252
149.83,-75.622,510,80.386
148.87,-77.236,512,80.461
144.8,-82.212,511,79.882
143.78,-79.464,516,79.791
138.06,-84.923,463,77.277
137.45,-79.44,495,81.288
137.27,-76.734,500,78.468
135.52,-80.826,500,79.609
139.23,-83.605,540,81.379
138.51,-83.35,520,79.477
137.16,-81.611,544,81.015
137.59,-77.978,552,81.478
137.99,-79.101,541,82.743
140.38,-81.802,543,81.47
136.49,-81.041,544,82.032
141.5,-74.972,547,83.595
144.95,-82.279,540,81.85
138.66,-83.504,552,85.307
140.99,-81.914,542,82.652
139.41,-80.612,555,82.611
140.47,-81.065,553,83.719
133.19,-85.903,529,85.861
140.04,-82.804,547,82.512
135.62,-79.818,538,82.421
138.16,-82.662,539,81.47
136.08,-82.022,534,80.874
132.13,-82.623,530,80.966
142.68,-79.43,531,82.504
147.01,-80.754,544,87.309
144.56,-81.667,535,83.066
144.67,-72.521,569,89.318
147.07,-70.95,557,88.061
148.01,-69.875,513,82.007
150,-67.636,548,87.978
153.1,-66.233,522,85.72
150.2,-67.376,498,82.396
146.7,-59.16,515,80.072
148.98,-53.384,500,77.798
150.38,-61.209,512,80.345
148.19,-68.619,538,84.191
141.99,-69.979,556,85.332
146.08,-62.473,568,87.904
152.08,-59.678,543,83.43
152.97,-63.931,518,80.354
154.1,-61.358,527,82.156
155.22,-69.595,511,79.716
154.81,-78.19,494,79.245
160.41,-77.149,538,85.134
162.91,-85.152,510,81.081
165.35,-87.622,504,78.914
165.43,-88.215,498,79.618
164.01,-87.945,473,75.391
171.26,-89.281,489,77.798
174.48,-93.588,527,84.96
179.56,-99.076,535,86.738
183.03,-102.26,527,85.464
188.91,-102.76,488,80.833
187.9,-103.25,486,81.081
186.62,-103.32,499,82.677
190.47,-103.04,513,82.172
191.36,-101.15,538,83.975
192.93,-105.67,466,79.659
196.38,-104.39,360,67.634
197,-105.45,197,51.556
194.69,-104.67,153,42.906
194.34,-103.37,146,40.83
193.81,-102.39,147,42.211
195.49,-101.13,162,46.991
196.25,-102.45,190,51.945
194.76,-103.48,244,59.934
193.57,-103.9,289,61.886
192.27,-102.02,338,65.227
193.25,-99.665,331,63.482
196.26,-96.528,320,62.3
192.44,-94.272,308,63.598
189.54,-92.75,291,60.645
192.58,-94.341,287,62.2
192.44,-97.643,329,65.996
193.5,-100.97,326,66.501
196.23,-100.37,419,72.472
196.36,-101.32,434,75.275
193.49,-104.5,468,78.112
192.33,-102.92,424,73.613
189.32,-98.699,471,75.474
196.75,-100.43,498,77.07
194.77,-107.14,503,78.426
187.76,-104.24,531,79.998
193.4,-103.55,536,82.404
196.28,-102.55,526,80.188
194.88,-105.23,537,82.073
193.5,-107.22,549,82.611
190.97,-109.82,524,79.692
186.41,-109.57,554,82.123
189,-105.38,561,84.273
190.52,-107.45,532,80.436
190.23,-109.44,524,79.981
184.74,-109.17,523,80.428
185.44,-108.73,530,79.973
188.46,-106.53,525,79.022
186.83,-106.15,524,80.155
187,-110.13,532,79.766
183.08,-109.37,510,79.725
183.57,-106.55,538,80.527
186.44,-106.85,526,80.296
185.46,-106.35,516,78.956
184.86,-108.04,519,81.131
183.24,-108.22,520,79.51
183.53,-107.44,541,82.603
183.47,-106.38,530,80.982
183.22,-112.85,516,79.187
183.67,-111.97,521,82.677
190.05,-105.47,543,86.316
194.27,-100.97,543,81.958
190,-105.8,547,84.77
190.82,-102.63,525,80.982
195.81,-106.98,534,82.024
187.39,-109.16,534,81.958
195.44,-100.02,497,77.666
196.85,-104.11,523,81.354
193.22,-96.272,514,78.716
196.94,-97.634,524,80.436
190.94,-108.87,518,79.204
188.46,-101.97,508,79.237
199.47,-102.99,493,77.839
198.64,-108.58,520,79.46
190.84,-107.2,493,77.459
189.6,-95.973,528,81.222
198.59,-103.03,497,79.618
188.66,-106.75,518,81.66
193.58,-99.25,497,77.136
200.22,-102.25,506,79.237
193.2,-101.31,492,76.946
194.9,-97.029,492,78.459
199.12,-103.36,505,79.973
190.62,-104.87,523,84.489
195.85,-93.754,504,78.286
200.96,-96.177,522,81.552
196.61,-103.02,500,78.6
185.27,-101.06,519,82.346
196.31,-96.269,494,78.848
195.24,-108.85,505,78.038
187.12,-103.26,532,83.174
197.89,-97.391,491,79.402
203.07,-103.99,510,80.254
196.89,-107.01,516,80.328
189.43,-102.11,506,79.973
197.7,-96.317,482,76.681
197.22,-107.51,507,78.757
190.27,-99.51,504,78.55
197.84,-103.25,497,79.336
193.65,-113.62,487,76.888
194.67,-98.92,483,76.21
200.48,-99.002,498,78.41
200.42,-108.46,507,81.453
191.97,-107.84,490,79.377
195.8,-96.504,512,81.908
199.67,-104.96,482,77.392
190.12,-110.43,485,76.309
187.49,-100.34,493,79.468
196.72,-110.06,476,76.508
189.76,-110.97,504,80.908
193.92,-104.14,530,83.769
192.59,-111.76,519,82.57
189.34,-105.7,505,80.262
193.84,-113.79,477,78.269
191.97,-107.46,499,79.675
192.04,-109.37,512,82.628
192.41,-112.16,515,78.724
189.99,-115.08,527,80.783
187.01,-113.11,527,79.766
188.46,-113.33,548,82.553
188.33,-113.29,520,81.023
186.72,-113.13,519,79.419
185.41,-114,522,81.751
185.43,-113.61,520,81.271
189.37,-113.46,516,78.948
188,-115.8,521,79.99
189.87,-113.77,527,80.874
183.61,-113.77,533,81.784
182.6,-110.75,527,81.776
187.73,-111.44,517,81.776
187.99,-114.27,528,79.857
185.05,-113.77,550,82.446
180.65,-114.69,533,81.089
187.41,-110.4,531,82.032
187.81,-114.36,533,81.098
183.84,-115.22,538,83.248
188.85,-116.8,538,82.719
181.41,-114.31,548,84.43
179.22,-113.83,558,91.452
170.51,-109.78,544,87.631
164.44,-104.31,551,95.149
154.74,-99.004,519,91.386
142.34,-88.618,534,98.97
134.74,-72.473,541,94.794
137.48,-57.899,531,100.25
142.88,-54.945,522,86.986
150.98,-52.019,514,81.081
150.86,-57.367,518,83.149
144.73,-62.53,520,85.092
145.11,-65.802,548,85.812
137.46,-76.698,575,86.316
131.92,-73.234,570,89.963
136.33,-73.747,556,85.481
140.22,-75.889,559,84.315
133.98,-79.501,539,82.04
135.22,-86.663,551,83.802
133.83,-85.715,571,84.902
126.8,-84.692,520,82.992
132.63,-80.424,550,82.131
136.18,-83.798,526,79.692
130.01,-81.184,517,78.906
130.48,-84.288,523,79.187
129.5,-79.605,543,82.33
134.46,-81.591,548,83.347
140.16,-79.787,591,89.997
142.49,-83.523,585,94.785
141.62,-84.54,587,88.368
130.79,-87.836,529,80.965
136.76,-82.186,547,88.392
149.68,-86.107,576,95.827
156.97,-90.67,533,87.242
166.97,-89.169,560,87.821
175.27,-95.56,539,83.644
177.31,-105.59,564,92.172
184.85,-108.29,571,91.982
194.59,-114.8,555,87.334
180.99,-114.07,546,86.474
190.91,-112.17,575,86.498
183.33,-115.9,541,83.711
187.38,-104.1,531,82.81
198.63,-99.777,533,85.605
199.44,-103.65,533,87.399
193.61,-109.9,536,82.627
190.58,-98.77,538,85.2
198.83,-101.88,553,83.992
201.27,-106.25,533,82.652
202.16,-111.33,546,85.332
202.11,-115.49,538,82.197
199.25,-114.91,580,90.253
198.78,-117.56,537,82.264
198.58,-117.54,532,83.736
194.09,-117.6,536,86.804
200.24,-113.82,519,82.868
190.27,-113.33,514,81.106
192.24,-110.9,473,76.4
195.49,-109.52,493,77.955
194.29,-105.4,526,83.868
194.49,-103.61,537,83.538
194.68,-101.06,530,82.305
200.93,-95.413,533,83.893
194.03,-95.404,536,86.01
193.12,-92.829,536,85.406
192.5,-93.072,531,83.471
185.49,-100.51,543,85.324
185.66,-96.338,528,85.489
197.32,-92.989,501,78.178
202.17,-95.93,500,78.377
198.4,-97.564,504,79.617
188.7,-98.82,544,84.298
193.24,-89.364,521,81.155
199.18,-94.325,524,82.074
193.15,-100.18,519,81.842
197.68,-94.897,506,78.385
193.34,-94.449,526,81.487
195.28,-92.756,513,80.825
191.8,-102.24,529,83.554
186.21,-103.79,500,82.024
193.4,-94.267,518,80.692
195.67,-98.4,542,82.462
193.79,-101.03,561,87.458
195.52,-105.66,574,85.886
194.15,-107.6,584,90.724
195.06,-107.82,548,85.026
196.43,-105.39,585,87.267
196.76,-114.06,542,83.248
201.05,-111.97,559,82.892
196.95,-117.12,549,84.265
196.05,-114.58,564,84.364
198.09,-118.55,568,86.804
191.68,-117.43,549,82.768
198.13,-115.72,543,82.396
192.22,-112.22,550,92.527
195.68,-119.04,537,83.736
195.73,-119.55,562,83.86
191.99,-122.76,577,86.134
186.82,-119.68,557,86.374
184.99,-118.23,588,89.831
186.61,-114.77,571,85.142
189.69,-115.62,563,82.454
185.98,-121.3,532,80.825
182.89,-120.73,555,89.476
188.03,-117.82,556,87.946
184.09,-122.06,502,80.734
186.9,-115.25,545,84.315
185.31,-115.49,570,86.986
188.98,-116.47,549,83.438
183.93,-116.86,551,83.968
186.56,-121.84,519,80.246
186.67,-118.72,543,83.579
179.35,-111.81,532,85.605
190.87,-114.41,562,83.521
186.65,-109.9,553,84.555
191.8,-118.07,558,83.529
190.26,-119.25,576,86.134
188.42,-117.63,572,89.393
183.45,-120.52,475,78.41
183.87,-114.7,557,85.663
180.3,-114.96,517,80.808
191.94,-114.08,564,83.819
191.52,-113.97,569,84.563
188.74,-115.81,564,85.307
185.27,-117.05,556,84.629
189.1,-114.83,523,83.049
192.72,-116.02,543,84.083
184.62,-116.97,536,82.297
186.81,-112.27,527,85.199
189.42,-119.75,535,82.992
186.94,-116.19,540,84.753
198.95,-109.27,540,84.696
199.78,-106.74,559,86.796
197.85,-110.37,574,90.286
200.43,-109.91,549,91.369
199.99,-107.83,536,84.58
199.38,-95.107,533,83.927
201.76,-96.412,498,83.24
190.34,-96.773,550,89.178
188.99,-95.036,531,82.057
190.77,-92.579,518,84.365
189.88,-94.101,564,87.664
192.34,-89.62,519,81.677
191.42,-93.497,504,81.784
186.81,-99.216,532,92.238
191.28,-96.702,522,82.239
190.99,-96.692,513,79.907
190.6,-93.988,534,83.612
187.64,-103.48,576,88.301
185.02,-100.6,543,85.927
186.75,-93.544,552,88.905
194.13,-92.53,516,79.799
192.22,-95.082,521,83.504
186.47,-98.987,531,83.438
188.66,-92.44,542,84.083
190.46,-90.715,548,85.944
196.18,-95.666,517,84.075
182.9,-99.091,547,82.867
183.41,-93.084,529,87.325
188.25,-101.81,568,88.235
189.24,-100.11,545,85.216
190.39,-98.962,561,86.432
192,-95.25,542,85.977
193.47,-101.1,552,84.977
192.8,-108.96,562,88.185
188.64,-104.26,559,83.794
198.9,-103.55,526,82.892
200.6,-103.46,531,82.785
198.15,-104.75,538,86.151
191.78,-96.178,567,89.939
197.65,-96.617,529,83.041
199.69,-96.988,537,83.198
196.6,-100.23,550,85.034
187.67,-95.006,557,83.578
192.49,-92.581,548,86.614
197.99,-97.087,569,92.13
203.3,-104.72,555,85.299
197.06,-108.18,550,86.275
194.38,-106.72,542,83.19
193.46,-94.169,561,86.779
198.34,-99.469,559,85.919
196.89,-104.02,589,92.651
189.88,-97.307,584,90.766
196.61,-92.265,558,86.316
190.22,-100.71,554,86.068
184.73,-97.697,556,85.406
191.43,-93.999,582,95.314
197.87,-98.18,584,88.127
198.8,-102.41,578,85.398
194.84,-107.74,595,86.233
193.94,-110.77,576,88.21
197.32,-111.9,552,89.318
195.53,-110.24,542,88.797
196.44,-120.47,545,84.199
192.41,-119.32,533,82.247
192.59,-114.16,567,83.62
193.48,-116.09,561,86.531
193.1,-119.6,585,85.861
191.71,-118.01,590,88.466
185.87,-120.96,569,85.307
177.49,-116.04,546,86.54
181.76,-114.21,582,94.686
172.65,-107.94,592,94.512
170.55,-106.54,543,93.842
175.75,-109.33,579,92.229
187.36,-109.76,628,99.052
201.75,-113.89,586,89.202
203.93,-120.36,548,85.927
195.76,-116.25,570,93.867
206.49,-109.59,577,87.565
205.17,-116.97,512,83.595
203.91,-112.27,577,89.567
199.55,-121.13,585,94.33
198.59,-118.1,611,91.559
192.04,-121.16,540,86.614
185.81,-120.36,506,79.981
193.81,-116.9,513,79.03
188.77,-121.47,541,83.711
196.73,-114,535,82.512
196.28,-114.83,560,88.897
196.33,-120.43,624,95.595
195.9,-120.64,603,89.476
193.66,-123.29,571,90.468
194.8,-117.77,569,87.78
193.96,-118.06,538,81.594
191.57,-120.04,553,83.794
190.09,-119.11,576,89.442
192.66,-122.45,542,87.193
189.41,-122.76,587,91.775
189.1,-119.18,559,90.054
191.72,-119.6,558,85.969
192.75,-118.5,551,84.398
188.84,-120.09,553,83.843
190.38,-119.54,564,86.606
183.95,-122.07,557,92.593
182.8,-114.08,599,105.96
192.06,-118.39,601,100.81
188.47,-124.52,560,88.069
191,-116.97,563,87.54
204.37,-112.57,563,85.026
205.02,-114.09,552,90.021
198.75,-112.72,628,96.497
192.42,-123.22,563,89.417
195.84,-118.64,522,86.556
190.36,-123.02,480,77.674
191.21,-122.83,496,78.484
188.87,-121.46,488,76.615
189.62,-120.83,556,84.265
188.68,-120.65,632,90.261
188.41,-119.66,702,96.05
188.2,-118.51,767,104.77
188.25,-117.75,800,107.45
187.55,-116.26,833,112.72
188.39,-116.42,853,111.83
187.59,-115.82,853,112.69
187.86,-115.39,873,112.97
187.66,-115.96,869,114.02
187.74,-115.09,885,114.28
188.53,-115.27,909,115.99
186.97,-115.05,880,111.95
186.61,-114.55,914,116.44
187.65,-114.11,893,117.02
188.41,-114.4,869,114.89
187.49,-113.93,894,117.93
188.03,-112.41,865,116.42
189.97,-114.24,795,111.62
190.26,-114.65,782,105.36
188.48,-113.43,764,108.22
189,-111.76,705,99.392
188.07,-110.46,688,97.092
184.54,-109.17,686,101.57
188.99,-113.47,680,98.399
188.97,-113.3,685,99.201
188.59,-112.45,690,101.13
193.65,-114.94,658,98.242
194.65,-114.52,637,96.05
197.84,-114.9,635,93.95
197.06,-112.73,630,90.402
195.68,-113.54,605,91.155
195.64,-113.57,646,95.819
194.96,-112.95,710,97.663
194.6,-112.93,776,101.36
193.89,-112.53,814,105.77
192.96,-112.36,845,109.31
193,-112.04,859,111.55
191.68,-111.08,837,117.27
191.28,-109.66,818,114.14
190.45,-109.52,820,115.6
190.45,-110.3,847,114.51
190.37,-109.34,853,116.87
190.6,-106.95,821,113.03
191.76,-105.19,808,109.31
191.77,-106.12,793,107.91
188.55,-107.43,743,98.539
191.52,-108.4,738,100.25
194.84,-104.99,711,102.82
197.93,-109.43,687,94.834
196.38,-108.99,698,97.258
196.46,-108.06,642,91.874
196.31,-109.15,640,94.314
193.32,-111.54,624,91.394
199.18,-108.27,637,89.194
200.18,-112.89,645,90.865
202.59,-116.15,663,94.735
202.91,-118.11,689,97.456
203.42,-120.39,670,95.413
206.72,-117.91,575,85.787
202.12,-120.22,661,98.151
200.01,-115.62,681,95.91
195.09,-110.26,648,102.02
197.78,-103.3,639,97.498
199.2,-94.709,626,94.644
199.47,-94.22,543,92.601
201.94,-91.278,364,72.083
200.03,-91.876,452,79.609
190.21,-95.11,561,90.906
181.63,-89.288,588,86.903
180.27,-84.507,590,90.385
181.99,-82.839,572,87.474
179.66,-84.719,596,98.2
176.17,-96.732,637,106.13
168.32,-101.91,616,95.802
159.62,-105.67,506,87.557
154.08,-98.752,421,77.74
142.46,-92.578,559,96.521
129.84,-86.405,605,102.61
128.92,-83.77,592,98.043
142.42,-73.874,648,105.83
147.35,-75.063,642,105.75
160.02,-85.402,639,103.87
165.41,-88.136,629,96.356
162.5,-90.362,589,90.36
160.43,-96.563,618,94.893
152.52,-99.968,642,100.09
149.86,-86.228,640,94.305
151.89,-71.899,606,89.6
149.53,-68.558,682,103.68
147.9,-71.306,682,101.57
150.25,-84.553,653,101
143.19,-95.272,641,96.852
135.83,-87.569,635,106.29
132.06,-71.864,637,110.33
136.14,-56.157,637,107.69
141.56,-49.003,619,99.176
143.31,-56.837,643,108.22
154.3,-52.967,565,87.904
161.57,-57.497,570,90.079
163.89,-67.208,586,93.718
169.49,-74.787,586,91.047
172.75,-72.181,612,94.62
176.93,-77.258,602,92.378
180.42,-80.907,598,88.326
176.28,-92.161,616,94.976
183.96,-107.04,623,96.819
192.16,-109.11,635,98.044
208.15,-113.97,629,91.047
212.83,-123.05,585,92.478
210.34,-127.92,570,93.238
206.31,-132.18,532,92.213
207.83,-120.02,576,92.502
207.91,-121.6,537,85.506
200.71,-116.15,605,93.883
206.59,-110.13,600,88.954
212.77,-111.96,576,94.231
211.47,-115.55,562,95.248
205.53,-121.01,564,88.582
206.73,-116.9,550,91.286
210.92,-114.77,556,85.96
213.25,-116.65,530,83.752
212.71,-122.41,541,84.406
205.63,-119.59,583,90.443
205.75,-107.83,520,80.353
203.91,-100.8,506,85.076
188,-94.648,561,87.54
174.06,-92.433,640,101.91
170.08,-103.71,616,101.87
159.29,-104.01,559,95.347
158.52,-102.34,561,88.656
156.26,-106.25,561,96.199
163.01,-107.32,540,89.062
157.52,-104.42,571,107.17
160.24,-104.23,573,88.889
162.63,-107.26,608,90.435
166.01,-111.22,580,97.671
162.12,-107.63,573,93.056
165.29,-109,565,90.269
158.94,-106.99,545,86.63
161.51,-110.22,525,86.622
159.01,-109.78,543,91.601
164.13,-104.76,541,83.223
166.8,-107.88,568,86.986
169.83,-114.1,622,100.55
170.76,-118.34,609,94.396
164.54,-116.08,589,94.231
163.53,-108.82,545,82.768
171.13,-115.57,561,86.085
178.15,-114.09,605,99.408
172.73,-110.43,566,88.855
181.33,-117.46,556,88.483
191.91,-123.85,602,92.478
201.92,-128.91,599,92.056
203.34,-133.86,645,102.76
208,-141,621,95.314
209.27,-149.16,585,87.333
211.13,-153.55,501,87.267
213.25,-155.42,556,93.445
213.98,-154.2,573,93.553
209.6,-152.41,574,90.377
212.33,-154.98,513,83.455
218.64,-158.88,500,77.599
222.06,-159.07,375,80.808
225.02,-157.59,426,77.144
227.7,-161.22,368,69.387
224.85,-162.58,311,68.601
220.89,-157.74,309,63.391
222.92,-157.54,434,76.863
226.03,-158.63,405,75.036
228.82,-158.66,491,82.14
228.65,-163.15,461,80.362
222.83,-161.18,448,79.493
223.71,-157.29,459,84.96
229.45,-163.92,455,77.343
231.23,-167.99,515,86.639
239.42,-169.24,539,93.155
248.29,-172.63,540,85.613
252.6,-175.98,557,91.411
256.97,-181.76,478,93.346
263.45,-183.91,484,89.732
268.53,-183.51,498,84.017
274.07,-187.66,497,82.925
269.84,-190.47,423,76.218
260.25,-188.21,334,67.634
264.11,-181.34,345,67.535
269.95,-183.46,470,79.634
274.17,-186.29,493,78.476
269.48,-183.84,464,75.185
269.78,-186.11,538,85.605
267.84,-187.56,549,86.614
270.75,-186.92,539,83.637
267.77,-188.08,530,87.193
265.39,-189.98,477,81.214
271.93,-182.42,526,83.727
264.13,-188.29,507,83.81
269.75,-179.91,528,84.455
270.79,-185.76,572,88.863
270.01,-187.06,582,85.026
271.74,-186.06,576,85.117
270.04,-188.85,556,87.739
268.37,-186.43,553,85.539
265.43,-184.92,527,83.504
264.51,-184.39,568,90.84
259.09,-190.69,536,84.166
253.73,-187.15,435,78.36
262.36,-183.07,505,85.092
267.2,-188.04,575,87.474
269.52,-185.14,569,85.77
266.98,-188.37,578,85.489
263.4,-190.2,561,85.39
269.65,-182.11,558,82.867
263.93,-191.64,549,85.696
258.9,-182.4,550,85.795
270.3,-189.36,560,85.307
270.48,-186.52,583,87.598
274.39,-187.08,579,84.364
270.31,-189.68,588,87.581
264.8,-190.97,565,85.952
261.08,-186.36,539,85.828
268.74,-188.08,582,92.386
270.5,-192.7,557,87.722
268.21,-189.22,580,93.453
270.88,-190.37,577,92.667
275.35,-191.72,536,86.043
274.5,-192.12,576,90.84
271,-186.02,548,86.895
268.55,-179.08,550,86.407
269.78,-183.98,535,81.933
270.94,-181.77,534,82.239
273.64,-182.57,529,82.388
264.17,-186.11,573,86.837
261.94,-182.47,532,84.174
266.19,-181.82,557,84.927
269.05,-178.54,531,80.932
271.69,-187.94,546,85.861
265.99,-185.83,533,83.943
268.7,-180.06,519,81.189
274.77,-181.01,472,78.145
271.93,-182.86,472,78.038
272.47,-182.18,478,76.971
268.27,-186.54,529,83.81
267.59,-180.37,549,88.011
279,-182.96,512,84.819
278.72,-185.94,496,81.304
276.37,-191.81,559,85.282
267.14,-188.57,543,86.308
269.53,-174.29,536,81.478
276.24,-184.64,517,80.734
273.86,-191.91,527,82.189
271.64,-185.98,550,84.935
270.18,-178.56,574,94.032
276.64,-186.36,537,87.284
274.94,-181.71,567,86.432
276.58,-185.64,557,85.035
274.96,-190.44,561,85.183
271.93,-185.77,596,88.599
271.92,-190.99,554,85.15
272.63,-189.26,546,82.694
270.07,-193.6,533,82.958
272.67,-191.72,588,91.874
262.49,-188.77,593,90.137
269.27,-192.37,618,94.834
262.37,-194.37,570,91.766
268.57,-185.91,544,85.191
277.2,-183.46,548,85.092
278.43,-189.88,536,86.06
265.09,-185.93,436,74.39
264.81,-186.7,513,82.322
269.94,-187.6,558,89.566
274.02,-189.48,555,83.521
271.46,-188.84,558,84.662
268.04,-182.07,568,91.692
275.8,-176.75,575,91.502
274.54,-181.49,585,97.589
266.53,-187.63,563,86.622
269.57,-187.41,540,81.155
276.46,-184.97,571,87.333
269.62,-188.96,590,87.201
263.93,-178.86,581,91.121
263.03,-180.37,575,99.548
259.49,-188.84,563,86.713
259.07,-192.59,546,82.62
264.62,-183.17,536,83.388
275.53,-178.69,554,84.265
279.9,-180.79,573,93.222
268.48,-183.83,572,91.187
260.67,-185.01,566,85.745
266.57,-181.81,567,87.424
274.89,-181.71,603,90.162
272.11,-180.86,552,85.299
266.37,-179.59,561,85.514
268.83,-175.55,554,88.954
272.86,-180.27,587,87.491
275.84,-185.39,589,95.405
277.07,-182.75,569,90.269
274.4,-190.08,593,89.525
270.64,-196.41,578,87.556
272.35,-183.39,532,87.333
279.07,-187.63,598,90.84
279.11,-190.46,479,80.99
279.37,-188.11,525,87.077
274.06,-185.39,530,82.76
269.61,-188.25,573,92.13
270.66,-186.94,603,98.126
275.79,-189.3,568,86.83
273.28,-193.29,573,91.94
278.91,-194.45,561,85.679
276.65,-194.65,567,95.455
275.29,-194.95,532,93.767
278.86,-198.62,560,91.576
277.45,-192.58,550,87.383
270.75,-198.87,568,89.641
260.77,-191.9,530,86.25
259.77,-188.46,503,84.605
259.35,-189.47,567,93.842
259.23,-192.56,547,94.239
249.62,-182.29,593,97.836
240.42,-178.95,617,106.02
227.55,-171.08,634,109.96
216.62,-162.54,602,103.2
209.41,-153.56,575,98.986
206.86,-151.07,557,93.785
206.86,-147.18,538,90.84
211.44,-148.23,570,99.904
218.66,-149.41,556,91.559
224.64,-157.75,572,90.906
219.03,-164.71,520,82.347
218.45,-160.37,510,86.051
221,-159.25,577,87.491
221.51,-159.55,632,96.836
221.14,-159.43,736,102.75
220.99,-158.99,769,106.45
219.99,-158.49,757,105.06
220.15,-158.16,776,108.13
220.26,-158.31,761,103.99
220.76,-157.83,778,105.99
221.05,-157.12,785,106.15
222.24,-156.46,769,108.17
223.99,-156.04,758,104.89
222.76,-157.55,744,99.507
222.59,-159.15,761,108.1
222.61,-155.66,669,99.88
221.86,-156.13,625,91.973
223.29,-158.32,602,95.289
221.78,-158.19,574,91.047
224.34,-157.52,599,92.924
225.59,-161.12,627,100.08
221.17,-158.96,627,98.722
219.22,-154.42,599,89.897
221.7,-154.78,613,95.57
218.34,-158.59,614,94.661
217.29,-159.78,610,90.311
222.5,-161.68,627,90.204
227.98,-166.49,690,99.763
235.88,-170.05,658,103.28
243.13,-174.4,651,103.01
253.91,-181.16,662,107.28
261.1,-188.87,653,103.6
269.28,-191.71,655,103.45
275.62,-193.69,627,102.88
264.28,-192.34,643,102.02
255.62,-187.14,633,102.54
255.66,-181.46,650,98.514
263.24,-178.29,662,101.03
265.61,-178.62,687,98.25
272.93,-183.11,686,101.53
273.27,-186.92,690,103.05
272.59,-192.85,664,99.665
273.89,-195.34,674,97.175
271.75,-192.85,650,97.671
276.44,-190.52,606,91.518
279.73,-192.08,638,93.503
280.88,-191.35,624,92.164
278.26,-194.88,621,89.195
273.78,-189.55,603,89.434
271.65,-183.59,626,100.74
277.88,-177.73,573,89.732
282.83,-181.89,548,84.803
279.2,-184.26,619,95.538
273.22,-186.73,578,88.045
268.72,-185.71,614,89.318
273.43,-183.75,617,89.666
273.93,-184.96,641,93.958
279.38,-190.18,636,92.064
285.08,-193.93,657,100.67
286.45,-199.72,526,87.499
287.66,-196.5,421,75.275
286.46,-195.3,278,57.66
286.69,-195.6,183,45.461
285.63,-195.46,167,44.452
284.88,-194.62,169,46.346
283.71,-194.02,201,50.233
285.91,-191.25,227,54.575
286.82,-193.93,232,53.756
282.86,-195.49,287,58.983
281.21,-194.49,397,74.275
275,-191.47,523,86.457
279.14,-189.09,586,91.485
280.91,-190.06,549,85.737
281.47,-200.69,551,85.688
283.39,-200.42,531,85.456
282.63,-198,513,81.288
281.79,-198.68,556,85.514
280.35,-200.92,568,85.067
281.07,-200.01,545,83.835
281.23,-202.12,564,88.954
282.86,-200.75,563,84.356
281.2,-198.79,540,85.142
282.97,-196.99,603,92.411
281.34,-202.42,562,88.185
276.65,-201.78,553,84.704
272.76,-202.73,556,92.155
284.63,-199.9,555,87.565
286.33,-203.8,539,83.835
286.5,-205.98,582,92.047
284.24,-202.12,568,87.656
281.43,-197.15,554,86.961
283.79,-192.88,566,85.166
285.71,-195.48,595,89.252
285.97,-200.2,623,93.842
284.37,-205.16,629,99.565
288.45,-205.78,566,87.647
283.93,-202.84,588,92.428
287.25,-203.81,554,87.772
288.12,-201.63,578,88.855
289.4,-208.33,592,89.02
291.19,-207.89,572,87.276
292.2,-206.38,575,87.474
289.3,-211.98,578,87.151
291.66,-208.43,575,85.605
286.42,-212.65,551,86.92
289.83,-210.9,496,81.428
288.42,-206.78,504,81.453
287.64,-208.31,587,85.895
286.45,-207.56,606,87.375
286.89,-207.62,653,90.592
287.44,-207.95,661,91.924
287.07,-207.75,699,94.736
287.07,-207.87,698,95.298
287.12,-207.79,718,98.002
288.32,-207.97,736,100.72
288.61,-208.23,712,101.36
287.79,-208.96,698,99.135
288.79,-208.95,685,98.184
288.4,-208.92,695,99.127
288.33,-209.9,672,96.662
288.34,-210.75,655,97.605
288.82,-210.26,673,96.646
287.58,-209.79,685,99.615
286.93,-209.44,722,98.233
289.46,-209.27,701,101.04
292.25,-211.53,671,93.701
292.82,-215.6,648,92.13
294.15,-213.59,638,94.777
293.7,-214.66,642,90.741
293.98,-216,611,88.227
293.06,-215.48,593,88.698
291.94,-212.77,619,90.848
293.73,-214.21,607,88.673
295.56,-213.72,595,91.147
296.89,-216.13,611,91.394
295.42,-223.37,568,85.861
292.26,-224.13,584,95.422
297.33,-223.07,576,92.618
298.61,-224.8,554,88.458
300.49,-227.21,556,91.99
302.48,-226.71,608,101.4
300.34,-224.87,604,103.87
295.55,-221.22,602,95.083
292.88,-217.34,593,93.966
297.9,-224.52,569,86.92
298.69,-228.82,610,91.518
301.73,-226.99,629,92.933
306,-225.28,643,94.785
306.61,-223.98,633,100.32
313.99,-224.41,597,93.09
315.36,-228.05,566,90.956
312.28,-229.91,591,95.893
312.72,-230.82,669,105.5
308.55,-235.33,685,113.33
307.54,-232.01,677,99.515
307.07,-230.5,654,92.188
304.8,-232.19,662,100.21
305.67,-229.71,664,94.876
306.16,-231.29,636,89.533
307.25,-233.84,657,94.587
306.9,-232.79,676,99.259
308.53,-233.61,675,96.05
302.1,-229.23,625,96.026
305.31,-230.48,628,92.891
306.84,-232.14,636,98.374
302.22,-234.51,624,97.316
305.42,-230.49,657,106.55
309.34,-231.97,626,91.187
309.08,-236.24,614,93.007
317.01,-233.73,575,92.717
311.3,-234.53,628,98.217
312.9,-232.05,622,101.71
318.44,-225.35,595,90.633
324.57,-229.14,571,88.648
318.04,-237.67,590,96.414
309.65,-236.04,584,91.948
307.51,-228.36,614,94.718
314.75,-230.65,605,88.582
316.16,-232.06,646,93.859
317.9,-237.39,645,96.811
318.79,-239.06,643,95.414
318.41,-237.5,626,89.409
314.36,-236.46,578,88.375
309.76,-234.58,572,87.085
313.17,-231.45,582,88.897
321.82,-237.44,605,95.025
325.81,-243.48,621,97.249
331.78,-244.15,631,101.55
335.39,-246.75,578,94.768
330.38,-244.44,614,100.99
327.04,-241.09,607,93.569
325.09,-240.39,575,92.13
330.84,-233.67,597,90.675
331.62,-239.29,493,88.706
328.15,-242.47,554,95.289
318.5,-238.91,574,91.791
319.92,-238.35,547,92.511
321.99,-239.04,536,84.265
323.43,-242.21,584,90.525
324.31,-242.65,613,95.587
324.67,-244.24,588,89.004
323.65,-243.71,586,92.461
323.09,-242.83,567,89.269
320.14,-243.45,575,87.424
313.72,-236.78,576,87.399
307.55,-238.5,577,95.149
302.52,-229.48,612,112.52
292.19,-227.79,589,101.38
285.61,-220.65,561,93.536
277.67,-216.09,520,90.584
270.72,-212.07,507,93.313
270.76,-204.13,523,86.788
277.13,-205.07,541,86.639
281.23,-201.06,609,95.157
284.17,-194.65,568,87.681
282.81,-195.11,635,101.85
275.72,-195.5,648,106.45
263.32,-187.26,649,107.22
259.03,-179.01,632,95.711
251.56,-185.42,643,104.06
245.51,-179.45,630,102.47
233.33,-175.73,611,110.61
221.12,-172.01,562,105.52
213.38,-164.44,573,100.04
213.74,-164.94,598,100.28
212.41,-156.73,618,98.606
207.77,-147.14,611,91.733
202.49,-141.46,629,105.07
196.59,-133.61,629,102.1
188.23,-120.38,640,113.91
193.53,-120.86,611,104.97
192.42,-105.55,615,101.88
194.9,-103.65,645,103.29
200.83,-110.3,647,107.98
202.7,-108.89,635,107.33
210.12,-117.83,645,103.97
211.64,-115.87,604,95.033
210.31,-121.68,660,116.34
208.28,-125.91,632,97.853
212.2,-137.27,629,96.993
222.24,-149.42,647,97.878
235.8,-156.59,643,100.86
244.41,-163.25,623,100.78
252.28,-165.39,617,106.69
263.83,-172.76,622,106
273.49,-185.06,650,109.79
273.16,-183.79,665,109.99
272.92,-197.4,648,101.21
275.69,-194.98,612,95.356
274.09,-191.71,636,96.257
278.16,-202.49,649,96.96
281.61,-191.69,657,101.53
282.16,-198.97,657,107.31
290.15,-204.62,677,106.36
298.83,-213,681,108.9
299.25,-218.13,690,103.94
300.45,-219.56,631,94.33
301.15,-226.75,648,101.92
304.4,-222.2,651,98.713
304.23,-231.36,620,98.879
298.7,-230,606,98.358
304.48,-230.9,607,105.22
305.31,-234.14,621,95.719
310.26,-236.15,634,96.274
315.38,-238.55,691,102.91
317.74,-243.02,659,97.58
319.45,-244.07,642,101.45
317.45,-244.25,625,104.83
310.49,-239.46,588,93.536
313.73,-243.29,548,93.098
316.96,-244.46,604,102
313.57,-245.81,609,99.946
319.44,-245.7,558,95.943
316.09,-244.89,546,88.946
315.13,-241.67,591,93.015
314.49,-240.89,649,95.744
314.03,-240.66,726,104.06
314.89,-240.22,775,104.78
313.94,-239.88,769,104.9
314.24,-239.87,788,106.66
314.85,-239.61,788,106.29
314.74,-239.19,791,106.48
314.98,-239.16,801,108.43
315.07,-239.02,777,106.16
315.12,-239.12,773,105.54
315.69,-239.48,809,111.65
314.91,-239.38,815,112.38
315.1,-239.09,796,112.5
315.56,-239.35,801,112.57
314.49,-240.14,718,106.25
314.14,-239.24,767,109.05
315.93,-240.59,813,110.42
317.47,-240.17,790,109.06
318.86,-242.89,738,101.96
317.78,-245.18,692,95.836
316.6,-246.21,660,98.126
318.19,-243.88,663,99.855
317.83,-244.55,635,95.703
315.26,-244.52,612,92.254
318.38,-242.64,655,99.838
322.15,-240.82,666,109.93
319.88,-241.18,646,104.33
317.17,-240.49,592,96.223
320.49,-239.77,593,95.165
320.16,-239.82,662,95.694
319.84,-240.25,705,99.358
320.43,-240.42,740,101.5
319.89,-240.22,751,100.73
319.72,-240.29,745,100.09
319.98,-240.18,753,102.62
319.84,-240.35,743,101.79
319.8,-240.2,753,103.26
319.63,-240.03,733,101.05
319.46,-240.15,744,102.29
319.61,-240.57,726,101.21
317.7,-240.54,684,100.3
316.14,-240.85,725,103.42
315.29,-239.15,736,108.56
312.26,-241.15,714,110.61
317.01,-239.35,663,100.93
322.01,-240.95,675,102.74
320.99,-237.71,657,95.893
316.42,-240.45,654,98.134
316.26,-241.65,680,101.5
317.77,-240.92,620,94.669
318.75,-243.24,638,96.745
320.66,-241.88,597,98.415
324.52,-242.05,634,101.23
324.42,-243.54,635,97.961
325.88,-243.5,644,107.29
330.33,-242.57,614,106.09
331,-241.31,609,111.42
327.66,-243.37,537,89.335
327.41,-240.95,572,90.319
328.88,-236.18,592,93.983
328,-236.82,597,99.665
325.94,-240.13,666,107.68
321.37,-244.2,650,97.307
318.64,-238.58,612,95.637
318.5,-234.85,662,106.9
313.93,-227.54,704,114.97
318.09,-222.83,708,107.39
321.61,-225.48,695,106.31
322.01,-227.51,713,102.54
324.46,-231.32,711,103
327.52,-235.15,708,101.19
326.41,-244.66,717,107.04
331.07,-247.9,683,114.17
331.14,-251.53,662,113.58
332.38,-250.68,642,110.41
328.84,-254.28,598,105.51
324.63,-258.02,580,96.563
323.07,-258,607,104.98
323.1,-256.92,608,96.621
326.45,-254.65,601,92.337
327.9,-258.41,623,106.96
331.61,-258.96,539,103.67
333.39,-256.32,630,119.94
334.4,-257.85,652,122.8
326.42,-261.08,614,116.29
318.58,-257.06,585,117.74
307.33,-251.06,618,107.49
302.03,-238.6,658,116.58
302.02,-230.18,657,102
311.9,-228.53,652,105.76
320.14,-233.94,660,108.63
326.76,-241.17,658,101.23
327.13,-241.59,648,99.292
328.71,-237.81,641,101.8
335.11,-242.9,643,99.375
331.75,-246.32,666,118.42
331.71,-244.73,643,113.93
334,-240.14,637,103.43
327.25,-243.91,577,92.196
330.39,-237.09,601,106.4
327.94,-239.55,600,100.36
325.04,-240.75,608,99.97
328.99,-241.17,590,90.675
331.65,-249.33,643,101.19
330.15,-247.73,660,97.44
333.98,-244.49,635,99.788
341.01,-242.16,613,90.939
342.72,-247.53,621,98.597
339.76,-249.8,604,95.405
337.4,-245.86,647,102.43
341.78,-243.07,615,90.633
343.23,-248.08,619,96.588
344.23,-246.62,636,102.22
349.43,-253.61,612,100.95
350.25,-258.05,632,104.25
351.37,-254.86,645,111.78
349.93,-253.56,590,98.631
344.61,-254.66,557,87.366
346.3,-248.72,574,91.047
343.52,-251.85,568,86.895
348.08,-255.29,539,93.925
349.39,-253.39,538,91.601
351.91,-255.89,589,93.619
349.47,-256.12,614,101.55
348.2,-250.46,579,89.823
351.63,-256.31,591,93.172
353.13,-257.54,624,103.74
356.93,-254.03,618,101.94
358.55,-254.7,634,107.3
364.07,-256.49,623,109.58
369.17,-259.68,580,110.03
376.24,-261.62,554,99.648
377.83,-258.03,441,95.331
379.83,-258.53,271,67.526
378,-259.66,268,69.503
379.28,-257.36,358,78.848
377.94,-252.82,363,71.14
380.91,-255.99,365,72.414
385.25,-260.83,366,75.135
387.59,-263.88,398,79.237
386.28,-266.96,330,72.298
385.59,-267.15,355,77.062
389.41,-269.55,400,75.871
387.05,-272.33,351,75.408
388.76,-267.54,324,67.907
383.74,-267.66,368,77.922
384.73,-263.53,509,97.804
383.42,-257.61,560,104.32
385.78,-259.58,513,99.077
388.95,-265,506,83.711
393.81,-272.5,458,76.987
399.49,-278.92,409,75.78
403.09,-282.33,477,82.371
405.62,-282.72,478,80.874
410.19,-287.15,482,81.081
406.26,-288.38,524,97.15
412.88,-287.67,508,87.292
418.68,-294,466,83.546
427.65,-293.75,477,90.468
434.04,-293.12,470,86.986
439.94,-293.7,487,84.72
446.5,-298.69,485,84.753
446.08,-301.81,494,85.671
440.65,-298.49,540,99.284
441.91,-297.19,509,90.708
444.43,-300.3,411,87.011
444.51,-303.67,456,85.538
448.15,-302.83,520,94.438
454.5,-308.38,478,89.045
456.86,-311.22,483,96.968
461.91,-312.64,466,97.878
468.58,-317.55,451,86.556
471.09,-319.15,469,85.671
471.99,-323.22,428,77.153
467.83,-322.36,447,81.222
464.54,-314.79,450,85.316
467.12,-318.24,501,87.681
469.55,-318.08,507,95.406
476.31,-321.62,497,90.493
471.23,-319.49,462,85.895
470.34,-319.28,523,87.201
470.3,-318.72,556,87.474
470.09,-318.48,518,83.844
469.82,-318.48,592,88.417
469.91,-318.63,578,87.226
470.12,-318.89,610,89.732
470.02,-318.6,589,88.814
469.37,-318.04,504,84.075
469.7,-317.69,556,88.334
469.58,-317.99,589,88.681
470.22,-317.96,565,86.25
470.24,-316.59,626,94.322
470.03,-317.87,618,91.121
471.62,-316.7,571,95.752
471.73,-318.07,603,91.948
473.91,-317.13,502,86.407
476.95,-318.13,563,92.692
475.49,-319.59,552,88.202
477.14,-321.57,521,84.853
476.16,-320.56,518,85.076
475.32,-320.79,537,84.844
474.68,-320.37,656,95.075
474.33,-319.88,524,88.235
470.52,-317.85,187,100.36
474.2,-319.74,615,92.147
473.82,-319.47,529,85.903
474.15,-319.5,824,107.08
473.7,-319.64,823,106.91
473.34,-319.62,829,107.27
473.71,-319.57,821,105.59
473.56,-319.74,822,106.97
474.35,-319.6,827,106.37
474,-319.87,837,107.39
473.18,-320.43,846,111.53
474.54,-318.44,799,104.21
475.16,-320.62,811,105.16
474.42,-320.46,803,108.34
476.59,-322.56,779,107.34
478.09,-321.29,745,103.67
473.39,-319.31,708,97.059
472.08,-317.44,744,106.69
476.23,-320.43,718,97.481
476.52,-323.54,740,104.34
478.1,-324.22,758,111.1
477.9,-325.21,743,112.77
477.81,-325.05,776,116.79
481.92,-325.57,790,114.6
485.83,-329.82,736,104
484.86,-329.28,655,104.29
482.59,-325.74,736,105.39
482.49,-323.88,739,103.15
482.67,-324.26,741,103.6
481.02,-322.15,735,107.48
478.67,-317.49,742,104.42
482.58,-317.81,677,100.47
483.55,-321.85,659,98.382
483.56,-320.17,687,107.99
486.1,-322.56,668,99.879
489.22,-330.58,692,108.57
490.46,-334.66,667,106.85
497.03,-334.74,691,112.01
502.53,-340.25,669,110.96
510.28,-343.3,673,109.29
518.77,-347,670,106.45
525.46,-348.67,600,95.14
528.45,-350.43,526,85.605
522.65,-352.42,459,80.444
523.04,-353.24,492,81.495
522.41,-352.67,564,86.887
522.35,-352.79,579,87.474
522.6,-352.44,587,89.087
522.39,-352.71,592,87.838
522.32,-352.7,589,87.937
521.88,-352.4,582,87.838
522.25,-352.16,584,87.747
522.14,-352.51,596,88.698
522.18,-352.42,589,88.533
522.66,-351.89,596,88.599
523.44,-352.26,588,88.417
524.54,-354.13,621,90.617
524.43,-351.79,652,91.99
525.84,-351.3,707,100.72
529.19,-350.85,685,97.969
527.27,-353.17,694,100.53
530.22,-351.9,659,96.464
528,-356.52,650,97.315
523.41,-354.61,646,100.16
528.63,-352.37,661,102.33
534.18,-352.55,652,102.2
534.9,-353.12,630,98.961
536.66,-355.26,648,101.97
537.38,-352.99,662,103.34
533.89,-354.58,677,100.24
528.28,-354.57,685,98.002
522.32,-349,722,106.55
527.07,-344.87,641,94.884
534.14,-346.45,632,97.151
534.02,-352.89,667,103.01
528.66,-355.24,724,110.98
522.69,-351.29,698,105.49
521.49,-349.28,665,95.629
523.94,-347.28,693,99.929
529.39,-345.69,696,103.02
529.84,-349.5,762,108.38
530.93,-350.35,746,106.45
534.6,-353.26,717,102.54
536.57,-353.11,661,96.654
535.32,-351.81,574,87.921
532.21,-352.52,717,105.82
532.22,-351,833,109.88
530.92,-350.45,916,117.77
530.54,-350.27,928,119.17
530.41,-349.82,941,119.17
530.61,-349.84,935,121.42
530.44,-349.64,938,120.29
530.39,-349.72,935,119.17
530.4,-349.84,922,117.59
530.66,-349.3,913,114.28
530.39,-349.1,889,112.85
530.32,-348.58,866,113.14
531.44,-347.47,850,112.48
531.44,-346.42,831,109.51
529.64,-347.9,814,110.67
528.91,-346.13,742,100.3
528.57,-350.29,750,102.81
530.49,-352.77,718,99.358
532.51,-348.35,684,104.97
531.48,-352.1,675,98.523
528.64,-350.17,797,108.54
529.54,-349.66,856,112.39
529.48,-349.21,859,111.03
529.3,-348.96,865,111.39
529.4,-349.41,860,111.65
529.22,-348.93,867,110.72
529.95,-349.34,855,111.26
529.24,-349.38,859,112.11
529.42,-349.7,846,112.06
529.41,-349.07,836,117.11
527.88,-348.25,787,122.65
527.11,-348.04,774,114.6
528.85,-347.68,761,105.61
530.5,-350.6,761,105.41
532.29,-351.54,737,106.51
530.19,-346.34,738,100.12
525.94,-346.65,669,93.958
531.9,-349.93,692,96.935
535.47,-354.43,669,103.09
533.75,-351.2,699,101.33
535.91,-349.12,665,94.504
537.48,-350.68,682,99.202
534.65,-350.4,743,112.28
529.89,-348.62,757,111.13
528.3,-347.03,735,100.81
531.46,-348.53,731,112.81
532.37,-352.07,762,112.73
530.16,-356.05,741,107.21
524.78,-352.68,773,105.69
529.68,-347.26,718,100.07
537.88,-350.48,712,99.366
544.42,-352.1,657,96.05
537.71,-351.54,684,105.32
533.01,-352.15,705,100.1
534.78,-352.79,750,105.88
534.65,-350.52,766,113.3
538.9,-353.17,763,108.21
540.84,-352.85,754,108.06
540.75,-352.19,718,99.813
534.86,-352.98,720,106.51
534.39,-355.48,752,105.36
527.47,-356.19,719,116.73
534.19,-358.31,693,109.3
538.59,-360.91,664,103.6
533.92,-359.64,712,118.26
534.71,-357.23,711,107.25
536.41,-354.25,666,95.91
542.98,-351.03,657,101.41
548.43,-351.78,587,99.036
549.03,-357.41,552,96.05
543.57,-350.86,620,100.33
542.81,-349.25,398,77.93
547.05,-349.32,275,61.828
548.67,-347.07,202,49.811
550.53,-345.62,181,47.173
548.89,-346.84,197,50.87
546.96,-346.95,207,54.36
546.88,-348.12,238,60.852
548,-352.39,380,72.943
547.98,-353.24,441,81.685
551.67,-356.55,368,69.552
551.37,-354.86,431,77.285
550.55,-350.08,356,70.653
549.2,-354.46,309,63.962
548.18,-357.55,357,71.438
545.86,-356.7,435,78.873
544.6,-354.56,318,66.203
543.22,-355.76,311,65.277
541.5,-352.61,367,72.877
545.12,-358.43,261,61.034
547.11,-353.81,264,63.97
543.63,-353.3,430,76.59
536.17,-357.67,403,73.82
540.54,-355.17,465,77.773
538.57,-354.7,529,87.011
545.34,-352.83,546,85.191
547.43,-355.13,562,88.375
544.28,-355.71,559,87.383
540.84,-353.2,509,85.001
544.48,-356.2,551,86.506
544.19,-353.81,632,94.14
544.17,-353.37,665,93.263
543.91,-353.06,696,95.868
544.22,-352.86,699,98.291
543.43,-352.6,701,98.87
543.27,-352.73,705,98.01
542.95,-352.45,704,98.688
543.07,-352.47,707,98.663
543.21,-352.46,705,102.05
542.81,-351.38,726,100.4
544.04,-350.84,758,104.97
544.38,-349.76,744,104.57
543.28,-349.77,718,100.46
542.55,-352.3,722,97.828
543.35,-348.95,694,98.118
541.33,-347.9,697,104.19
541.63,-348.81,677,98.498
540.48,-347.98,688,101.96
542.6,-348.9,729,103.08
541.84,-350.01,813,110.22
542.22,-349.73,816,107.09
541.98,-349.79,819,109.24
542.28,-349.37,812,107.42
542.14,-349.63,807,107.45
542.4,-349.78,802,106.11
542.36,-349.66,803,106.69
541.94,-349.81,805,109.66
542.47,-349.62,790,106.02
541.35,-349.7,777,107.88
539.62,-349.26,741,107.73
540.57,-347.72,752,107.02
542.04,-343.93,751,107.31
541.24,-345.63,715,103.31
539.26,-348.75,751,104.63
541.35,-345.53,706,101.23
543.51,-348.02,706,96.72
541.53,-350.26,717,100.3
544.08,-348.62,687,98.457
544.22,-349.5,666,97.572
541.91,-348.82,730,98.498
542.43,-349.54,807,106.3
542,-348.93,829,106.67
541.96,-348.82,833,109.87
541.92,-348.53,825,110.27
541.78,-348.66,821,109.71
542.31,-348.58,810,110.08
542.04,-348.76,812,110.38
542.24,-348.74,794,107.74
542.27,-348.2,776,106.5
543.17,-348.65,757,108.36
542.7,-351.05,784,111.62
540.17,-350.52,720,97.671
543.64,-347.56,754,103.68
546.5,-351.62,768,107.17
544.07,-351.34,760,105.95
543.17,-347.36,728,98.06
544.5,-350.5,665,94.032
544.27,-353.73,685,99.54
542.36,-349.69,697,99.424
544.34,-348.5,648,93.453
547.75,-351.87,626,91.576
546.7,-351.47,650,98.515
545.91,-350.2,639,91.8
546.45,-347.9,636,90.451
546.12,-348.07,669,93.114
543.43,-350.02,688,95.976
542.47,-346.18,684,97.58
545.51,-344.74,686,97.862
545.6,-343.97,701,103.64
549.43,-345.2,690,99.855
548.57,-343.37,639,98.424
549.29,-348.81,661,97.208
549.74,-352.15,711,104.29
551.03,-355.11,715,104.39
544.74,-356.2,687,98.283
545.87,-355.14,725,105.37
543.06,-355.75,687,98.134
544.33,-350.12,712,108.85
542.23,-351.98,660,107.36
540.73,-352.97,664,102.35
542.68,-355.94,670,98.614
545.72,-358.84,662,94.504
546.13,-354.45,694,97.531
553.9,-351.59,696,97.092
559.28,-353.86,660,90.807
561.4,-355.3,622,96.265
555.34,-356.41,690,101.95
542.7,-354.41,660,95.885
547.08,-352.24,672,99.548
551.59,-355.33,681,101.58
556.41,-355.76,658,99.193
559.28,-362.16,684,101.31
558.66,-360.99,703,103.48
556.19,-361.76,674,95.918
548.91,-360.25,663,95.273
555.55,-357.42,663,95.794
552.3,-359.56,671,95.058
552.68,-355.2,631,92.221
556.05,-363.42,652,94.09
554.69,-358.47,683,103.87
556.5,-354.28,621,96.265
559.83,-356.97,587,95.066
556.71,-358.54,627,99.433
551.67,-358.55,632,98.16
552.37,-353.74,639,97.671
559.64,-355.3,593,90.335
560.06,-359.56,600,96.762
560.18,-361.51,593,93.048
556.09,-360.73,601,97.514
551.64,-353.83,631,98.481
554.22,-353.44,615,93.842
552.8,-346.05,644,104.58
557.77,-350.21,634,100.79
561.66,-353.66,667,103.9
563.6,-354.18,681,99.284
562.23,-360.74,675,101.24
566.26,-363.95,695,101.89
565.4,-366.21,657,96.902
562.79,-366.33,650,98.151
564.26,-368.68,669,118.77
559.72,-361.73,656,106.49
555.93,-362.46,631,94.214
554.88,-356.12,627,97.762
556.71,-359.08,639,96.885
556.91,-356.59,636,93.561
557.42,-361.16,656,94.537
561.14,-361.99,646,93.057
562.32,-365.58,689,109.51
565.56,-370.02,690,104.73
568.3,-373.06,656,103.51
571.2,-380.4,633,99.052
573.76,-383.21,670,107.96
577.73,-389.96,648,112.36
580.66,-395.64,581,101.64
578.45,-393.31,486,91.535
577.42,-391.97,533,94.793
576.57,-391.42,597,99.846
576.62,-390.72,639,104.25
576.33,-390.24,663,105.56
576.46,-389.93,664,107.93
575.9,-389.85,659,107.32
576.4,-389.78,668,108.49
576.5,-389.77,661,106.99
576.26,-389.59,655,105.56
575.74,-389.17,669,104.92
575.68,-389.61,682,106.51
576.97,-390.17,702,108.28
576.03,-392.29,738,117.55
577.69,-391.2,726,123.4
577.99,-392.32,747,123.9
576.89,-394.59,713,117.31
582.18,-395.38,678,109.51
586.24,-398.84,689,111.26
587.03,-399.45,737,119.6
592.31,-399.61,680,115.87
600.42,-403.58,684,118.69
606.51,-408.26,631,115.41
612.29,-413.26,608,112.43
615.01,-417.37,539,96.398
620.09,-422.65,500,89.31
620.73,-420.93,514,89.07
617.94,-426.34,520,92.254
615.93,-425.11,442,83.14
616.95,-425.14,501,87.681
616.91,-425.82,556,90.608
616.74,-425.5,574,91.311
616.84,-425.31,568,91.89
617,-425.38,569,91.874
617.33,-425.27,574,91.468
616.79,-425.31,560,89.69
616.44,-425.01,555,92.064
616.71,-424.95,556,89.69
616.16,-424.46,584,92.229
615.41,-425.02,579,93.197
614.45,-424.64,613,93.478
613.85,-421.35,585,89.988
615.14,-422.75,609,90.765
619.9,-425.24,608,96.72
619.67,-426.03,627,101.49
614.34,-425.41,591,89.922
617.08,-423.63,581,92.866
620.98,-422.21,604,103.58
624.81,-428.62,533,88.813
625.86,-430.31,465,82.487
626.67,-432.55,490,86.878
624.11,-435.94,489,86.093
615.51,-430.77,562,92.354
612.28,-426.68,600,104.12
618.74,-423.19,588,97.597
619.32,-419.07,606,92.527
618.25,-425.16,602,93.966
619.58,-424.6,587,90.286
621.83,-429.07,616,96.546
620.83,-434.43,620,103.06
618.4,-435.74,620,98.358
615.28,-439.15,610,98.25
614.28,-440.41,658,102.3
610.09,-436.98,649,106.92
614.42,-436.46,660,103.8
616.37,-438.85,636,94.132
611.26,-442.59,616,92.014
610.82,-437.69,547,86.085
611.11,-436.69,607,89.286
613.93,-435.81,708,97.58
613.72,-435.64,774,101.35
613.61,-434.97,787,102.12
613.71,-434.64,793,103.62
613.83,-434.35,775,102.39
613.59,-433.96,834,107.47
614.25,-433.51,830,107.99
614.29,-432.84,817,113.06
614.76,-433.11,854,118.33
615.38,-433.7,783,112.49
616.06,-433.88,800,109.9
615.64,-432.87,778,106.71
618.1,-435.05,743,104.55
621.26,-438,740,108.09
621.98,-436.51,677,102.51
617.77,-435.23,680,97.423
615.8,-437.29,652,97.398
621.37,-437.63,598,92.817
620.03,-441.01,595,98.912
616.61,-438.75,642,103.26
621.29,-437.19,593,91.982
622.24,-441.38,596,89.277
620.85,-438.56,596,93.768
619.8,-439.16,611,98.771
622.45,-440.38,578,87.937
616.82,-442.63,576,92.428
623.34,-438.98,555,86.407
619.17,-443.22,512,83.389
620.31,-439.4,575,92.527
623.08,-440.81,566,93.098
623.4,-442.93,556,91.005
621.63,-445.25,554,89.633
618.25,-446.76,600,97.531
620.28,-450.69,556,91.882
618.43,-451.59,586,93.379
618.03,-449.18,559,83.711
620.5,-447.82,548,86.25
614.88,-451.49,550,88.045
610.46,-447.28,482,80.916
615.71,-446.21,494,83.943
615.49,-445.51,615,90.187
615.2,-444.45,665,95.654
614.49,-443.47,655,96.233
614.28,-443.37,662,104.73
614.52,-443.35,705,101.64
614.91,-442.92,726,104.52
614.71,-442.94,728,108.75
615.1,-442.33,736,108.83
614.94,-441.97,732,109.21
615.59,-441.31,687,112.34
616.61,-442.17,722,112.61
616.21,-442.09,710,109.48
616.4,-443.98,703,105.78
614.91,-445.78,649,100.05
614.28,-442.53,628,97.853
616.49,-439.09,682,98.779
612.52,-441.33,635,93.098
616.31,-444.55,623,95.058
620.2,-447.96,558,91.857
624.08,-450.73,549,93.511
622.26,-454.05,518,101.14
625.45,-457.35,465,92.618
624.49,-459.06,441,92.461
621.36,-461.64,291,103.96
614.01,-463.94,238,84.043
606.77,-463.07,348,83.588
605.72,-458.5,566,118.73
609.62,-457.8,541,109.64
613.77,-462.7,543,91.402
612,-460.32,508,91.221
613.4,-460.16,590,97.523
613.45,-459.3,593,101.96
613.26,-458.73,589,96.903
613.12,-458.13,561,100.9
614.2,-458.71,648,95.149
614.12,-458.25,589,99.442
614.65,-457.8,616,93.487
615.07,-457.64,578,91.436
615.43,-456.59,503,85.985
616.28,-457.71,592,94.455
619.61,-456.88,576,90.022
619.61,-453.43,579,93.876
618.01,-455.46,586,91.138
616.1,-459.74,531,88.938
618.68,-460.65,437,83.745
619.62,-459.01,486,84.935
616.17,-457.49,528,87.301
620.23,-459.16,462,82.95
618.39,-461.1,359,74.25
619.01,-459.69,402,81.47
618.09,-463.75,421,79.725
625.31,-459.46,295,68.395
625.31,-459.46,295,68.395
