0,-0,411,84.307
1.4186,2.5984,744,99.73
3.6164,3.6654,758,102.88
5.1982,4.0912,749,100.59
5.2954,4.1402,751,101.43
5.6664,4.1357,754,98.961
4.1851,3.1496,765,99.97
6.2445,1.7398,778,102
8.1251,3.0034,793,101.3
8.781,3.658,779,100.86
10.147,2.2159,781,101.23
11.157,3.7812,757,98.663
10.484,4.1556,809,104.71
11.032,4.5329,776,101.19
9.9737,5.1351,766,99.424
10.399,3.6559,766,100.23
13.034,2.1432,757,98.523
14.214,0.92999,765,100.55
17.634,3.6064,729,95.405
21.259,4.2278,720,95.132
25.056,4.5521,743,99.648
28.159,6.4307,772,97.87
32.72,8.9788,743,96.811
36.829,9.7145,752,99.135
38.985,10.167,738,96.794
39.73,10.833,746,96.902
38.489,10.293,745,98.193
38.498,8.1798,788,102.16
37.81,6.4561,793,101.45
37.7,7.5698,766,98.275
38.09,10.388,757,98.804
41.692,10.993,758,98.796
42.954,9.1876,742,97.489
41.91,7.0176,766,99.805
40.026,5.9931,783,100.62
41.248,6.5264,840,103.83
41.245,6.1595,895,108.68
40.84,6.2108,950,112.62
40.667,6.0047,985,116.58
39.898,6.002,1033,116.99
40.202,6.2685,1055,120.69
40.064,6.1077,1062,118.98
40.166,6.2153,1070,121.01
40.177,6.1782,1134,127.35
39.59,5.6518,1140,128.05
39.311,5.2468,1063,121.73
39.823,6.2029,973,114.8
43.098,4.216,960,111.38
45.565,5.4147,926,110.19
44.582,8.0087,934,110.86
44.205,7.4352,952,109.48
46.043,7.2279,935,110.49
46.458,8.5097,936,110.58
47.796,8.5239,916,109.47
49.052,6.3738,934,110.68
49.218,7.5731,987,115.08
49.844,8.8196,994,115.23
49.775,8.3227,1048,117.06
49.705,8.0863,1084,120.6
48.394,8.0761,1100,122.1
49.05,7.9334,1113,123.04
48.654,7.6404,1129,121.7
48.522,7.5491,1118,121.8
48.643,7.923,1130,122.54
49.437,8.3338,1182,127.04
50.42,7.7184,1222,131.05
50.407,7.7748,1115,129.05
49.367,9.2101,1088,126.02
46.818,9.9016,1073,125.46
46.66,7.9665,1041,123.87
48.438,9.0368,1036,120.7
50.742,11.13,1077,124.62
49.966,11.134,1031,115.53
48.079,9.8986,999,112.28
49.16,7.8981,1012,118.38
50.296,9.4753,1003,113.89
50.346,11.575,1023,117.02
50,12.502,982,116
49.347,12.196,967,114.81
48.969,10.736,983,121.85
51.612,9.045,1050,131.5
52.242,9.832,979,122.96
52.442,9.3757,1063,125.88
52.503,9.4769,1143,129.73
52.434,9.2007,1157,130.73
52.349,8.6351,1161,132.15
51.937,8.5698,1173,134.5
52.688,8.802,1170,132.9
52.081,9.2355,1178,133.18
52.383,8.6476,1179,134.64
51.882,8.3679,1156,130.83
51.068,8.2927,1131,128.95
51.188,7.1676,1077,126.14
49.93,6.1976,1038,123.76
49.713,5.3164,1037,121.84
48.639,5.2333,1051,120.67
49.458,5.6481,1070,123.04
51.458,8.0163,1072,121.51
55.338,10.738,1078,120.03
58.121,12.306,1048,117.28
61.296,11.572,1049,119.82
63.064,10.991,1007,118.7
62.798,12.49,979,119.49
61.774,12.578,995,122.87
63.323,10.82,972,120.08
61.62,12.021,978,123.61
62.362,11.72,1074,127.96
61.74,11.493,1128,133.37
61.151,11.397,1153,133.91
60.967,11.486,1178,136.75
60.647,11.22,1172,139.04
60.766,11.511,1170,137.6
60.692,11.825,1182,136.82
60.236,11.863,1188,136.24
59.99,12.343,1202,137
59.882,11.505,1174,135.4
59.333,10.594,1088,132.64
59.427,8.1946,1033,119.79
62.168,5.9028,963,115.27
63.314,8.2355,992,116.68
63.51,9.4477,984,113.4
64.527,8.9989,1019,117.35
64.621,8.355,1008,117.91
65.299,5.9321,1018,119.49
64.376,4.2896,1004,117.72
65.397,5.1547,1021,118.32
65.435,8.8308,1006,114.91
66.522,7.9905,1042,120.7
67.531,9.3348,969,118.27
68.403,9.0756,1002,122.85
69.832,8.7297,1000,132.81
68.904,9.2634,1009,133.15
67.705,10.765,990,127.22
67.784,12.426,983,122.67
69.674,14.446,967,121.5
72.882,15.561,1011,125.1
74.929,12.667,939,119.43
77.861,10.003,904,114.13
78.671,7.9786,868,110.79
80.376,6.5609,860,109.76
79.398,7.0729,887,111.34
79.259,6.6431,960,119.16
78.797,7.0268,994,121.67
78.917,6.899,993,124.57
79.214,7.0037,993,122.3
78.659,6.9375,1011,125.86
78.692,7.0206,1008,122.46
79.03,6.5664,988,120.78
78.031,6.6666,988,122.57
77.284,6.5082,969,118.17
77.243,6.5458,985,116.46
80.06,7.2209,999,120.8
81.006,5.7145,918,112.57
79.518,4.3621,911,112.18
77.028,0.38785,923,112.67
74.365,-1.615,946,115.66
69.85,-2.3544,942,123.4
70.252,1.2984,970,123.25
71.648,4.6548,986,119.18
72.27,5.8698,993,122.89
74.705,6.7366,974,123.58
77.454,8.8341,968,114.48
81.263,8.3713,1004,123.42
84.444,9.2095,966,113.56
89.708,5.6291,938,112.53
92.492,1.3058,912,109.94
96.328,0.87105,959,116.95
103.79,2.3,937,111.67
110.23,1.0714,924,111.26
110.46,-0.6615,803,102.97
110.52,-0.74484,766,102.35
110.92,0.3354,826,104.31
110.78,0.2095,846,106.88
110.73,-0.23237,855,107.36
110.87,0.37784,853,107.98
111.41,-0.22239,853,107.91
110.55,0.1499,849,105.86
111.09,-0.22058,838,105.56
111.12,0.72689,845,106.11
111.18,-0.11318,838,105.56
111.5,0.90779,873,106.39
112.51,2.7603,850,103.29
112,-0.65284,815,107.52
110.16,-5.2061,806,108.65
106.23,-6.6967,763,100.06
103.07,-5.0364,693,95.058
99.174,-0.51122,716,96.497
98.514,2.1325,391,71.289
101.59,1.9034,254,56.014
108.18,3.9914,218,51.234
115.19,11.602,228,55.452
115.84,18.484,270,59.678
116.56,22.59,300,64.408
115.07,24.305,318,62.837
112.63,23.829,348,67.915
112.16,25.215,307,65.814
111.42,24.551,240,56.659
111.73,25.704,229,57.792
112.63,26.577,252,61.332
112.33,27.875,245,63.49
111.48,27.87,243,57.296
110.76,25.919,253,61.547
110.3,24.804,253,61.431
108.92,22.688,283,69.437
106.83,20.804,301,68.552
101.67,17.294,295,66.583
97.094,20.993,237,54.178
94.218,22.094,166,46.71
91.833,21.277,161,50.729
92.19,17.948,212,56.287
94.158,13.689,215,58.983
94.406,17.061,194,53.004
93.023,16.644,164,43.096
97.802,19.451,254,59
103.54,23.101,317,72.686
106.34,28.078,321,73.431
106.74,28.777,365,81.205
110.1,29.761,362,70.801
112.79,25.898,350,77.55
118.7,20.214,338,78.476
116.08,18.029,254,59.537
111,9.6448,359,79.377
116.49,2.7535,402,93.487
120.22,-0.7217,350,92.577
120.05,-4.6092,307,85.365
116.82,-10.168,361,84.72
107.6,-12.096,427,91.286
99.519,-14.71,357,102.46
91.244,-14.215,512,93.197
81.198,-12.787,571,95.248
70.816,-12.617,594,102
62.087,-9.5061,632,104.34
49.696,-5.7546,717,113.23
38.047,-1.3735,715,116.34
26.135,1.2173,771,113.32
16.784,0.0012817,710,102.3
11.921,-3.8362,675,96.125
8.4191,-1.2608,706,96.538
9.0704,0.36698,697,98.126
2.5831,-0.5443,657,92.899
0.47969,2.1051,671,95.339
-1.3324,2.4219,626,88.938
-2.0728,5.342,650,90.757
-2.4377,6.2196,667,93.495
-0.057171,5.7811,748,104.35
1.2252,2.029,779,102.62
3.2805,1.8414,778,104.87
-2.2535,3.6428,755,99.392
-8.2172,4.5733,708,95.81
-4.9624,2.1999,673,95.579
2.843,4.8854,732,101.94
0.70024,3.0562,689,97.977
-1.1677,2.471,659,92.386
-4.1495,2.8003,702,98.697
-6.0832,2.7434,672,94.512
-4.9909,0.38899,646,89.806
-3.2083,-0.015755,667,101.57
-1.98,-2.7655,685,95.083
-4.1838,0.37607,707,93.9
-3.8621,4.3825,617,88.268
0.13438,4.3852,522,80.478
5.2856,1.3992,511,80.18
-0.12813,-0.72785,644,91.807
-6.6489,0.49672,653,95.587
-9.2997,7.8522,641,91.948
-5.1698,-0.0020845,677,98.788
-2.5245,-1.4101,674,100.94
-7.1413,1.7815,666,93.585
-10.122,0.92376,663,93.172
-7.9102,1.7688,693,94.007
-6.6216,4.7991,693,95.951
-4.8359,4.4212,678,93.089
-1.1976,5.4184,695,96.257
-5.0893,1.8675,696,96.364
-7.9929,2.5105,681,92.941
-11.421,1.6513,664,91.791
-5.3522,1.2985,696,98.399
-7.5295,0.82749,642,91.411
-6.724,1.5792,641,90.162
-4.8972,1.1501,641,90.501
-5.652,2.7063,613,86.548
-6.5094,4.5138,615,90.244
-5.0798,1.4228,598,87.598
-11.05,-0.95001,621,88.244
-15.106,2.6271,622,93.214
-6.8987,3.1754,682,96.513
-1.5774,-0.070031,677,100.45
-7.5941,-1.3999,625,91.345
-11.696,3.5513,602,95.686
-9.7325,4.7308,588,90.947
-5.3812,5.4416,477,76.764
-3.5463,7.8523,362,66.691
-5.1273,7.8009,407,69.453
-1.969,-0.52159,463,77.119
-9.767,-0.7978,478,77.186
-11.241,4.1091,443,77.252
-5.6768,4.8056,485,79.948
-2.7457,1.5554,548,85.109
-0.87726,1.9617,521,80.916
0.78193,3.8486,546,84.646
-2.2738,2.9305,543,80.726
-6.3851,1.6328,597,85.531
-6.136,2.0428,605,92.138
-2.4029,3.3441,664,94.081
-1.114,-2.5996,622,90.451
-7.2481,-1.5088,592,86.639
-10.086,4.4905,599,91.452
-7.3911,2.9907,684,100.48
-2.6043,0.52743,678,100.43
-4.7515,2.0005,653,92.502
-5.7438,4.7679,670,92.908
-5.054,6.5582,702,97.663
-2.3989,6.8009,747,101.04
0.9248,6.0893,779,104.68
11.98,6.879,811,116.66
25.286,4.753,818,128.65
37.674,1.4288,809,140.02
45.091,-1.8188,764,115.04
50.407,0.71612,705,98.143
50.641,10.167,630,96.745
51.889,17.795,731,108.17
47.261,17.32,731,122.21
36.972,10.953,782,110.15
28.644,12.457,765,101.93
30.455,17.695,630,96.291
38.37,15.633,675,98.275
43.07,15.312,735,114.2
47.412,19.194,771,110.88
48.848,19.879,752,101.43
45.421,17.789,728,99.358
40.403,16.183,721,102.74
37.738,14.328,761,105.31
31.421,11.306,755,99.929
26.624,12.129,685,98.457
27.333,14.086,666,98.035
33.232,12.662,650,101.09
35.957,15.161,708,97.58
40.332,12.046,764,105.83
41.043,11.923,741,103.18
34.165,14.51,726,95.819
31.615,14.071,734,101.76
34.601,10.641,760,105.18
33.347,12.907,781,101.9
31.171,13.821,774,101.7
31.264,14.207,781,105.16
31.588,13.342,798,110.68
36.167,15.671,746,101.94
37.41,16.031,768,113.4
36.464,16.234,770,102.86
33.715,13.531,743,103.94
33.246,14.754,750,102.54
34.457,14.231,758,107.01
31.624,9.6467,719,105.63
33.538,4.7807,729,115.99
30.866,6.3697,675,108.38
25.595,7.2727,692,112.64
23.715,1.4196,793,112.5
20.777,1.2395,705,117.4
17.859,2.5976,808,131.21
11.732,5.1299,699,115.58
8.1284,5.3828,788,118.97
2.6395,3.5838,716,96.803
-0.64008,7.0719,692,101.06
-1.6937,8.5702,637,93.123
3.0122,6.5138,742,98.217
4.0835,5.1285,707,95.91
3.1055,2.6764,723,99.342
8.3517,3.1032,749,110.47
9.9468,5.3608,732,107.5
5.0045,7.3439,805,116.17
1.7998,5.9575,708,97.415
0.59139,8.2594,689,103.53
4.5618,7.0701,795,112.8
12.467,5.7109,793,106.53
15.128,7.0308,808,109.7
17.881,8.9688,856,125.14
29.579,10.044,844,133.51
41.651,12.73,780,127.71
53.39,14.142,751,124.79
65.846,16.849,828,132.18
76.83,16.823,830,130.77
88.454,17.841,748,115.36
96.62,22.684,787,111.25
101.78,27.741,743,111.77
106.62,30.65,703,104.04
104.72,31.007,689,114.75
96.782,29.159,755,112.57
95.767,20.917,736,116.37
96.68,18.457,731,102.9
96.667,21.771,674,104.5
100.16,30.572,724,105.39
104.72,31.318,730,106.6
110.24,30.678,697,103.12
114.22,29.536,709,106.53
111.86,28.342,705,109.72
103.96,30.538,727,116.86
89.078,26.489,776,135.76
74.625,22.687,687,131.99
63.08,17.204,787,126.72
48.69,16.775,795,118.48
35.823,13.259,683,105.17
27.813,8.5925,580,95.48
25.751,8.2833,647,101.61
32.451,12.724,729,103.28
42.558,16.063,709,98.416
50.961,17.22,776,117.64
57.923,14.342,755,115.32
70.232,15.464,801,106.43
82.1,15.411,776,115.77
87.352,10.856,749,113.82
85.067,14.391,801,129.09
87.426,17.175,756,121.83
98.268,19.898,798,125.53
107.55,17.689,767,110.95
111.46,24.457,715,107.1
118.37,20.81,675,96.257
124.45,18.298,674,102.27
121.2,18.731,739,133.18
111.13,25.817,725,118.89
104.62,32.935,747,108.22
96.527,27.859,749,116.96
81.295,24.37,825,114.82
66.391,21.98,820,117.29
52.157,21.64,817,113.44
39.015,18.449,803,114.92
28.27,12.565,727,103.95
18.993,9.5746,740,107.17
22.396,7.5365,767,110.49
25.412,5.5654,781,118.07
35.972,0.97107,750,111.16
47.92,-1.6186,818,109.32
57.202,0.27004,776,102.8
61.805,5.458,783,110.86
62.956,13.875,764,113.47
61.139,17.747,798,117.67
67.134,18.203,766,104.36
76.392,17.679,837,112.65
81.253,15.688,761,109.29
87.623,8.8761,808,107.77
97.854,2.6206,789,108.22
104.03,-3.9122,756,103.95
96.841,-5.5347,597,95.339
98.965,-3.9441,715,101.91
101.13,-2.0781,740,111.27
97.852,-1.7129,757,102.29
98.269,0.40737,762,109.73
102.62,-1.342,816,109.56
105.58,-6.4654,783,102.44
100.37,-8.4145,719,101.64
97.908,0.63658,745,103.58
101.76,6.0546,757,114.81
97.499,17.476,895,129.54
93.564,27.089,862,124.95
87.935,32.07,810,116.08
80.575,31.361,775,116.56
70.844,26.962,717,110.45
57.936,23.664,813,122.41
45.619,20.14,789,115.6
32.429,14.531,790,117.29
28.226,7.1952,755,101.28
30.629,3.4257,827,112.64
43.264,7.8199,806,103.97
54.212,6.1778,809,106.71
64.378,0.57695,848,109.13
73.168,-2.7847,793,108.79
79.978,-1.472,795,111.53
81.407,1.3172,839,114.66
80.09,4.3188,809,113.22
82.113,4.5435,830,118.14
83.632,3.0764,855,120.56
84.118,0.77257,818,113.67
82.599,0.82813,826,112.75
89.317,1.211,820,116.05
97.37,-3.9338,850,128.01
99.883,-8.5727,819,122.84
96.498,-9.7135,748,106.04
92.028,-5.0061,694,110.86
97.37,-1.8559,744,116.86
107.58,-7.3764,751,114.09
113.24,-11.104,706,104.22
115.51,-13.541,743,112.27
114.12,-15.971,716,114.55
112.91,-16.113,701,107.68
112.95,-14.482,730,102.7
114.94,-16.78,703,96.621
115.71,-17.764,649,94.322
110.12,-17.846,748,107.72
116.81,-14.363,607,99.466
119.44,-9.4472,720,110.99
119.06,-8.2641,599,101.54
118.01,-14.352,600,92.014
120.51,-18.021,588,93.751
124.45,-17.533,621,99.102
128.96,-22.42,635,97.141
128.73,-22.982,613,92.229
124.69,-24.489,686,103.97
119.82,-19.011,626,97.241
127.05,-15.061,664,94.677
135.48,-19.239,655,91.419
138.03,-23.699,707,106.02
134.71,-22.592,701,107.7
135.86,-21.334,663,92.403
138.96,-23.291,629,95.174
139.95,-25.953,592,98.523
141.83,-27.573,602,91.874
144.42,-31.153,688,112.31
146.05,-27.354,607,102.43
142.74,-31.644,476,80.924
135.23,-28.275,561,85.828
131.28,-21.924,638,98.498
139.18,-18.7,599,87.722
148.45,-19.336,607,88.26
153.25,-22.578,638,92.8
152.06,-26.676,595,99.35
151.6,-24.009,646,99.111
150.83,-26.402,558,92.817
150.03,-23.613,560,90.153
153.52,-23.952,623,104.66
152.15,-26.029,666,98.962
148.09,-26.836,699,107.43
152,-25.616,713,99.896
152.29,-26.761,693,98.077
153.39,-27.753,632,92.048
152.03,-27.134,631,93.933
149.43,-28.722,604,99.813
152.07,-27.679,681,95.471
151.12,-26.486,656,93.718
150.38,-28.311,654,98.242
151.27,-28.297,704,101.09
152.4,-26.589,663,93.569
150.03,-27.507,701,97.423
147.22,-28.916,580,92.163
150,-31.088,621,92.32
150.89,-28.54,609,97.324
150.93,-29.905,700,101.09
150.39,-29.434,703,102.91
147.64,-26.035,587,99.392
150.67,-31.42,665,98.498
149.88,-29.055,603,96.208
148.44,-28.338,567,91.891
151.7,-29.995,707,97.192
147.11,-28.728,634,95.521
150.47,-30.558,609,97.622
153.95,-27.931,707,96.48
152.79,-32.223,678,97.969
154.33,-28.893,657,94.768
151.6,-30.626,697,95.529
149.23,-34.478,656,94.909
153.64,-28.943,629,91.601
150.03,-31.636,632,92.122
151.19,-35.263,639,101.13
154.19,-29.546,605,94.744
148.29,-33.846,576,95.347
152.96,-28.864,507,87.383
157.57,-29.834,619,95.447
154.1,-34.411,578,91.32
155.65,-29.024,561,88.607
156.16,-34.909,579,102.08
151.6,-30.966,575,97.283
159.33,-26.672,626,100.46
165.72,-25.351,598,100.33
162.56,-25.052,664,110.27
167.5,-17.883,594,94.909
167.9,-18.564,631,95.223
169.15,-19.145,661,102.38
166.75,-26.184,652,100.09
164.09,-24.803,695,101.48
164.42,-25.664,666,96.356
166.03,-25.153,656,96.439
168.15,-19.447,659,94.81
170.32,-16.805,657,100.82
166.97,-21.534,645,94.181
163.88,-22.127,697,99.623
170.69,-18.302,591,92.577
167.09,-26.852,579,94.843
161.81,-24.52,680,97.787
168.78,-18.1,729,99.243
174,-19.662,655,98.399
167.4,-25.839,667,95.943
164.53,-23.062,641,96.166
171.45,-18.057,677,97.117
172.08,-25.746,643,98.722
166.11,-25.838,618,92.064
168.8,-20.85,597,95.149
172.22,-23.7,692,100.12
168.23,-25.499,692,94.123
170.64,-22.583,648,92.99
171.87,-21.53,673,99.864
171.47,-16.797,627,97.531
176.3,-22.113,667,98.267
168.88,-28.547,648,95.794
169.95,-19.861,456,93.098
175.65,-17.559,619,94.206
174.9,-25.301,524,91.973
170.5,-26.346,534,85.134
171.14,-21.809,625,96.307
177.48,-23.495,353,105.25
171.78,-30.038,441,109.46
169.76,-22.332,618,94.513
176.35,-25.279,614,95.91
171.14,-30.734,547,93.81
169.31,-27.721,576,94.851
174.88,-23.013,618,98.308
174.21,-29.617,576,92.296
167.81,-31.823,580,94.967
172.19,-22.541,398,97.44
178.5,-21.307,600,92.66
177.43,-27.566,629,94.512
172.86,-27.593,524,90.609
174.49,-25.492,634,94.189
171.87,-25.677,679,98.11
173.52,-27.097,617,94.868
171.46,-26.321,666,93.958
171.13,-26.748,717,97.44
170.45,-26.447,711,95.381
170.51,-26.785,759,99.193
170.27,-28.393,809,102.77
170.01,-27.765,753,108.33
170.07,-27.494,838,108.38
170.47,-26.206,748,110.1
171.11,-27.159,887,110.76
170.51,-26.998,909,113.57
171.28,-25.15,808,108.3
170.27,-25.19,730,102.54
173.53,-25.608,714,102.21
173.98,-29.089,747,101.66
173.51,-32.107,696,99.507
172.49,-28.868,801,106.84
175.23,-30.254,712,99.623
174.25,-31.125,737,104.57
175.83,-27.643,611,100.99
176.09,-34.268,691,98.416
176.73,-32.593,645,106.06
178.91,-33.773,712,101.63
178.4,-33.591,681,99.383
177.5,-30.505,717,99.383
179.05,-30.513,731,101.56
178.11,-32.126,690,108.74
181.26,-29.735,710,98.357
182.27,-31.126,717,112.37
181.69,-34.7,628,98.424
181.93,-36.475,670,104.44
184.37,-36.14,628,110.15
189.53,-35.008,625,106.38
190.24,-41.209,575,94.95
189.83,-41.486,635,106.22
195.95,-45.848,640,98.73
201.25,-48.084,480,93.412
202.29,-51.089,477,94.305
197.44,-53.631,457,86.208
195.29,-50.133,316,99.772
201.49,-49.13,542,90.559
207.48,-48.898,522,93.297
203.46,-52.527,643,102.07
204.23,-51.688,579,89.343
202.61,-54.139,566,90.212
202.5,-50.477,641,92.742
204.49,-55.72,665,97.548
206.5,-53.053,603,91.857
207.63,-56.828,548,96.927
209.14,-53.131,540,103.25
208.53,-58.359,532,90.212
206.03,-58.049,609,97.631
208.83,-57.397,630,95.257
207.26,-59.337,629,98.457
207.57,-57.266,574,95.529
208.27,-56.603,578,91.766
206.61,-58.513,626,97.15
210.65,-55.543,588,92.767
206.7,-57.605,628,96.058
206.7,-58.046,630,97.886
207.79,-58.734,635,95.918
206.88,-57.837,657,96.009
204.68,-61.856,642,99.358
209.39,-61.799,491,105.53
209.06,-59.499,537,96.423
209.38,-61.569,506,90.419
209.74,-57.482,512,96.563
212.44,-60.598,599,100.19
204.93,-59.947,537,96.117
207.07,-50.37,250,155.08
208.88,-59.7,671,95.024
209.32,-57.974,483,86.209
211.33,-58.405,548,93.594
206.06,-59.745,620,91.179
210.83,-53.87,622,102.63
212.41,-59.6,543,88.905
206.1,-56.911,532,88.268
208.65,-53.139,552,87.573
213.76,-54.145,569,88.946
210.71,-57.587,633,91.692
211.53,-56.846,555,85.927
209.82,-54.764,609,90.352
210.66,-54.552,662,93.197
210.37,-54.611,614,97.572
209.7,-54.686,644,95.91
210.23,-55.061,582,102.86
210.94,-56.497,468,120.25
209.91,-57.222,951,113.52
209.21,-57.03,1017,116.91
209.06,-58.384,1025,118.82
210.07,-56.996,1088,121.52
212.91,-57.654,1005,119.36
215.31,-58.595,918,110.98
213.47,-57.227,859,106.66
214.58,-56.442,805,104.13
215.57,-58.514,803,104.64
217.67,-56.363,850,105.98
216.91,-60.895,831,109.92
217.2,-58.849,838,106.16
218.16,-58.326,802,103.26
221.47,-54.332,810,101.69
220.49,-59.98,760,104.38
216.88,-59.036,793,104.35
222.56,-56.954,784,103.27
221.09,-59.819,769,112
220.99,-56.457,761,101.69
224.04,-57.278,775,103.94
219.95,-60.534,765,101.47
219.63,-53.942,764,100.67
227.41,-55.851,780,102.05
220.72,-60.658,737,106.11
221.08,-53.454,806,103.39
227.49,-56.652,800,105.84
226.26,-62.43,672,106.11
221.26,-55.684,787,110.39
226.53,-53.34,806,110.98
233.39,-54.08,792,109.68
231.56,-55.263,859,119.73
235.06,-54.644,707,106.64
237.53,-52.904,662,105.77
238.79,-52.951,639,100.52
240.78,-55.494,737,113.47
238.95,-56.951,648,103.34
238.05,-53.162,655,98.25
235.86,-53.911,712,104.65
237.87,-61.623,734,111.28
238.09,-59.643,700,102.94
233.66,-62.014,701,99.755
236.74,-60.223,780,102.33
238.79,-59.537,724,100.67
238.37,-63.307,672,100.85
232.83,-57.847,730,103.7
236.1,-59.988,773,109.79
233.03,-66.544,791,109.98
233.64,-55.788,743,109.74
234.26,-61.838,736,102
236.64,-62.931,704,103.57
234.47,-61.426,662,95.1
230.49,-67.712,711,103.47
230.71,-65.266,703,100.86
231.34,-58.082,667,98.035
235.62,-64.666,695,98.829
233.93,-65.655,722,96.472
226.05,-71.617,691,102.47
218.44,-66.075,757,112.52
214.2,-61.253,777,117.23
222.27,-62.027,831,112.55
232.11,-68.921,785,103.02
237.29,-76.253,717,101.22
243.58,-77.521,726,102.2
248.06,-83.922,673,101.72
253.56,-89.403,660,102.29
259.09,-97.49,664,95.802
265.2,-105.2,689,94.702
268.77,-112.47,611,94.322
274.67,-115.88,574,93.669
280.57,-117.43,684,101.5
286.04,-121.02,669,95.149
282.11,-121.15,642,95.719
283.83,-120.86,606,92.329
283.58,-121.27,653,94.578
284.27,-121.84,654,95.554
283.89,-122.26,693,97.861
283.78,-122.83,713,101.07
283.96,-122.98,765,102.19
283.93,-121.75,805,106.14
284.37,-120.29,841,109.67
284.46,-120.69,847,112.72
284.36,-120.31,847,114.67
284.2,-120.91,863,116.49
285.77,-122.32,851,113.16
288.44,-125.13,688,97.944
289.44,-124.28,645,97.605
291.89,-124.34,691,99.424
295.73,-126.81,692,104.03
298.59,-126.99,694,104.23
303.63,-129.73,536,91.485
308.41,-130.54,567,95.339
315.61,-132.31,631,95.819
320.48,-136.33,638,97.671
323.79,-139.08,700,102.72
327.53,-143.04,783,112.59
331.51,-148.1,790,110.83
336.96,-150.68,679,98.904
338.02,-155.32,562,88.392
341.54,-152.51,613,87.565
339.65,-156.08,694,94.785
344.71,-158.34,653,93.916
344.5,-161.27,673,99.02
351.31,-166.06,614,92.197
353.44,-168.55,524,85.291
355.15,-172.66,410,73.241
353.39,-168.59,376,70.943
355.71,-165.74,291,66.898
353.86,-168.87,233,55.369
354.07,-169.94,296,61.158
352.11,-163.46,402,81.825
351.47,-165,336,69.296
349.66,-165.95,340,74.432
351.06,-164.37,359,75.226
355.96,-163.31,391,79.328
359.49,-160.14,383,72.298
356.51,-165.01,276,74.862
359.29,-164.16,327,70.338
359.42,-164.4,304,74.564
355.58,-168.77,386,78.923
354.06,-163.05,513,88.326
353.07,-161.74,564,90.691
352.97,-156.8,633,95.108
357.93,-159.71,697,99.515
361.83,-164.48,672,100.41
360.19,-168.86,603,90.724
357.84,-166.08,591,90.046
357.66,-163.1,623,91.443
359.64,-168.83,630,93.387
362.77,-171.54,667,96.356
363.85,-172.5,646,93.445
360.27,-173.71,608,90.84
361.9,-182.67,524,81.958
361,-181.04,523,82.495
360.61,-183,528,83.62
359.2,-184.55,522,81.933
363.17,-182.16,481,79.808
359.16,-184.27,591,85.754
364.86,-189.08,640,90.981
369.25,-197.75,642,95.05
371.01,-200.07,489,81.685
373.87,-200.64,277,75.59
375.22,-205.21,273,74.167
376.46,-207.4,254,62.332
375.66,-207.29,253,63.391
376.97,-203.69,229,66.484
379.81,-202.94,257,66.294
375.42,-208.73,241,70.71
381.49,-200.29,224,64.408
381.54,-196.55,317,71.603
375.53,-191.14,275,60.736
371.59,-188.64,279,64.582
370.68,-191.82,260,63.647
370.14,-193.8,256,62.018
371.19,-194.82,276,65.368
371.11,-199.16,303,67.154
380.25,-200.87,284,66.666
389.38,-201.7,122,60.207
394.98,-204.06,261,62.928
394.02,-203.99,209,64.342
396.56,-202.75,253,70.14
397.08,-200.45,226,64.814
405.34,-195.14,231,61.125
413,-185.4,170,68.858
416.54,-183.63,195,65.814
419.56,-183.45,137,54.327
423.25,-181.01,184,60.323
426.2,-179.46,253,64.524
426.36,-185.99,254,61.067
424.32,-184.49,247,70.611
425.91,-180.71,206,60.166
425.52,-186.2,117,97.457
424.42,-188.96,433,72.389
422.35,-184.41,494,80.394
421.1,-186.44,503,78.84
420.55,-185.58,498,81.371
423.75,-185.6,508,82.421
418.44,-186.1,544,84.1
427.01,-188.56,562,85.175
426.4,-191.94,661,95.612
438.92,-195.32,614,91.692
445.53,-196.2,587,90.236
454.39,-197.74,587,90.468
464.01,-199.43,585,88.673
472.95,-201.6,613,93.354
483.5,-204.27,582,88.764
487.23,-203.05,572,90.948
482.28,-206.05,524,96.53
492.18,-206.15,512,93.553
494.86,-207.54,503,81.751
495.94,-204.98,435,77.451
499.23,-205.21,384,73.241
495.81,-203.78,394,78.592
496.96,-204.25,345,66.79
499.31,-206.46,364,66.41
496.19,-206.07,376,67.311
499.19,-205.82,378,69.643
498.81,-207.17,409,70.503
503.06,-204.11,415,73.233
505.09,-209.75,438,74.233
502.83,-208.12,415,72.571
500.99,-200.5,432,73.911
503.49,-196.19,539,86.912
507.85,-187.8,486,83.876
509.43,-188.49,429,90.865
513.65,-185.65,330,74.465
510.83,-193.21,235,61.663
507.83,-188.49,201,54.145
504.05,-190.18,272,63.689
507.01,-191.55,361,77.558
507.65,-185.04,379,72.298
514.58,-192.12,427,73.795
511.08,-191.25,593,91.121
515.99,-182.97,600,88.152
521.36,-187.99,491,88.971
523.49,-185.68,459,86.779
523.83,-191.79,434,77.856
524.89,-188.85,358,65.93
525.29,-189.17,341,66.641
518.06,-192.74,408,82.057
517.9,-192.89,378,76.897
516.49,-194.2,381,71.397
511.71,-193.5,373,74.531
510.17,-195.37,267,65.078
510.74,-196.36,298,72.613
515.94,-192.07,211,58.843
519.24,-192.83,340,72.728
520.49,-191.34,499,92.072
513.41,-190.67,590,96.91
528,-194.37,577,87.35
534.93,-200.53,581,90.411
534.48,-206.8,464,76.028
533.43,-207.01,468,79.601
534.18,-210.3,427,76.88
537.74,-215.1,398,78.476
542.55,-220.67,400,81.288
550.92,-223.89,537,89.368
558.56,-230.56,557,91.907
566.36,-238.28,494,92.924
569.26,-238.17,239,76.277
575.99,-245.87,179,79.833
589.11,-255.55,527,91.998
589.81,-258.11,324,99.417
597.08,-261.32,504,93.421
601.28,-265.73,405,86.176
607.21,-270.98,353,77.459
609.48,-272.33,325,85.035
609.48,-272.33,325,85.035
