0,-0,150,44.502
-0.94659,4.218,172,50.547
-0.90349,3.5419,252,69.966
-1.0067,2.0524,246,58.793
-2.7397,-2.4374,256,61.795
-3.239,1.2593,274,66.12
-2.7055,2.1526,280,63.763
4.2989,3.5751,288,67.469
9.2126,8.223,228,60.91
8.1299,0.076448,244,55.088
9.1069,1.7324,273,61.167
8.7849,0.71395,323,68.626
5.7606,0.14478,318,72.133
2.0918,0.46426,379,81.089
1.9765,1.2927,474,77.897
0.94873,1.4226,553,85.332
-1.8098,1.5504,652,96.753
-2.0256,3.0129,687,97.853
-3.598,3.2151,717,97.216
-3.5151,5.3701,771,101.72
-0.67459,7.7385,795,104.58
2.2751,6.8325,737,101.4
4.1789,4.9229,751,101.91
3.3864,3.1106,737,107.31
1.5544,-0.051271,808,111.64
-2.6855,-1.8672,822,110.95
-6.3254,0.055345,845,112.75
-7.9354,2.8452,828,107.6
-6.017,5.3733,777,108.23
0.24285,4.6745,859,114.56
1.2211,1.7399,881,123.86
-1.532,-2.1332,941,130.79
-5.5127,-4.5686,940,123.51
-10.709,-1.7249,853,124.14
-12.949,-2.033,861,112.16
-14.208,1.3455,913,123.31
-12.498,2.8921,868,116.95
-8.4518,4.3809,912,116.7
-3.0405,4.1471,888,109.85
-0.26878,0.71312,922,116.03
-1.1879,-1.7193,890,121.82
-6.8404,-6.2425,874,122.03
-10.464,-8.1411,790,126.14
-12.091,-10.58,652,119.63
-13.162,-10.514,738,116.12
-14.988,-11.506,667,114.97
-15.044,-11.649,601,108.6
-15.625,-10.907,579,106.29
-15.413,-11.215,646,111.46
-18.983,-11.07,355,156.78
-21.042,-8.5658,374,129.65
-12.566,-8.0197,932,137.14
-12.792,-6.7976,1044,143.31
-16.349,-6.6988,985,137.89
-18.251,-6.1344,1009,140.5
-14.25,-8.9526,1032,140.2
-16.57,-11.321,1081,141.43
-15.688,-11.181,1032,127.1
-19.242,-9.2468,1094,130.5
-23.01,-7.8414,1105,134.26
-22.129,-3.596,1101,148.97
-17.151,-1.5756,1048,133.75
-10.688,0.59438,1029,135.1
-3.512,2.3107,1054,131.61
-0.79071,2.4227,1099,132.59
4.0196,4.4348,1039,124.05
5.7427,5.1012,988,128.24
6.247,5.6061,966,116.17
5.7209,5.7074,941,120.97
5.2236,5.6967,912,125.2
5.7836,6.562,847,129.52
6.1688,6.9375,779,158.18
4.4605,5.9901,852,167.73
5.7566,7.1241,742,148.99
7.5094,6.7077,498,127.51
6.6471,6.6288,774,152.76
10.781,5.3585,522,154.02
12.486,4.3002,840,128.25
8.1818,4.3639,842,117.06
5.0124,7.5301,751,111.07
5.2459,7.9225,718,102.71
1.3609,3.9156,789,108.74
-1.4113,2.3754,790,115.72
-2.9411,1.6969,874,111.87
0.37857,-0.59932,790,112.33
6.2898,0.51933,867,115.75
10.842,5.2654,888,112.02
11.595,6.6889,907,113.66
7.0647,8.9912,901,120.73
0.92737,6.508,859,115.33
-0.27022,3.6735,898,120.94
-0.94269,0.87124,917,124.08
1.054,4.9984,983,135.63
4.8161,5.595,899,130.35
10.138,7.6079,914,119.49
11.537,6.8613,865,118.13
7.4276,8.6998,902,114.6
0.11719,10.99,950,128.03
-1.5391,6.6867,879,118.64
-5.0254,4.3079,889,116.97
-8.0545,4.2889,934,132.89
-1.7396,7.4568,891,130.16
4.3332,4.6911,919,122.9
5.1801,5.3639,894,120.29
5.8552,9.6064,1016,125.7
3.7785,12.838,934,120.31
0.38026,10.562,933,122.05
-1.6148,8.0669,905,117.16
-0.67779,5.9563,898,115.38
4.1385,6.7176,983,128.08
8.8929,5.7425,906,121.51
13.432,0.66662,929,120.96
14.314,-1.2138,975,124.3
12.369,-4.1299,917,130.01
10.726,-4.5621,992,133.81
6.4885,-1.0605,1001,128.54
6.2642,2.5211,1025,124.94
10.972,1.9212,1036,127.21
12.227,3.6499,1040,123.81
14.154,4.0425,1101,135.33
14.988,4.0911,989,140.59
14.907,4.4936,965,151.41
15.755,3.248,995,152.67
15.363,3.3666,983,158.52
12.071,2.9391,1148,161.2
11.395,2.8269,1271,165.78
11.861,0.98307,1305,156.84
10.368,1.2744,1298,155.36
8.9021,1.9138,1293,153.8
10.297,1.4323,1226,142.56
13.125,1.0985,1077,127.22
16.514,2.1898,1046,129.82
17.426,1.1612,1128,133.86
15.857,2.6275,1062,132.29
16.424,-1.1553,1102,123.33
15.676,-4.3995,1129,128.59
12.891,-7.7529,1166,131.12
9.6506,-8.1378,1139,128.81
6.5005,-8.9277,1145,142.55
5.2831,-9.3758,1147,144.37
3.833,-8.9808,1179,150.21
3.9704,-8.8731,1179,147.42
4.3456,-7.9979,1214,154.89
3.858,-6.8011,1133,156.47
4.0585,-7.0867,1145,145.08
6.633,-5.6073,1224,149.69
8.2663,-4.3996,1275,147.41
4.7671,-5.4195,1233,145.68
4.4867,-5.4292,1200,149.59
5.1568,-6.0289,1160,141.57
7.8329,-5.0312,1128,138.1
11.559,-4.745,1122,141.8
14.108,-6.3683,1061,135.04
15.29,-6.8345,978,125.41
17.588,-6.0085,936,124.19
21.379,-3.5178,911,128.32
21.943,-2.7885,856,126.8
18.958,0.96077,898,126.25
17.509,4.0891,908,125.94
13.068,7.0139,935,124.56
11.6,9.7957,872,117.55
6.3928,11.313,892,112.74
3.3822,11.468,847,108.84
4.0682,11.062,766,104.13
3.3599,12.407,782,117.73
7.9603,12.526,786,105.47
11.798,11.044,840,107.5
17.301,4.7765,950,115.94
15.646,-2.0396,1007,120.7
14.983,-5.982,1038,123.55
8.887,-6.1732,1019,122.55
3.6736,-5.7823,977,119.69
-1.1102,-8.8724,911,117.68
-4.0462,-7.6119,1019,129.59
-1.6032,-2.7727,1027,127.72
2.5498,-1.1808,1071,126.29
5.2104,-3.7555,1075,123.24
6.6661,-9.3344,1034,129.41
0.88663,-9.0501,1034,137.09
-5.1441,-13.655,1111,146.85
-10.816,-13.437,1096,137.07
-16.663,-9.8672,1181,143.17
-19.553,-6.6737,1235,135.97
-19.425,-2.5979,1264,136.67
-13.357,3.3302,1213,139.63
-7.7466,5.1194,1160,137.39
2.8936,3.9587,1203,135.36
4.2447,-1.9264,1208,130.31
3.8539,-8.4627,1229,131.57
-1.0716,-12.65,1175,137.3
-7.9999,-14.179,1179,139.12
-16.004,-14.183,1150,137.33
-16.956,-9.9032,1146,131.84
-19.906,-6.6274,1184,135.45
-16.122,-3.1983,1168,125.88
-12.122,-5.0127,1238,135.4
-6.6615,-8.4524,1179,129.92
-6.4625,-12.744,1186,131.65
-10.028,-13.693,1177,140.65
-12,-13.992,1196,137.85
-14.945,-13.912,1141,135.14
-16.556,-12.753,1113,139.89
-13.427,-13.39,1069,136.83
-9.5533,-14.553,1075,138.8
-1.7311,-13.246,1074,143.86
3.9084,-10.296,1040,125.1
8.7224,-3.6713,1031,123.46
7.9866,2.3234,1038,134.01
5.708,2.7992,1041,134.63
2.9304,0.84164,1060,129.09
4.9305,-2.2117,1083,127.12
7.0722,-2.193,1061,126.69
12.527,0.13672,1069,130.32
14.397,1.3111,1052,120.6
15.169,4.8861,1065,125.04
13.613,5.4751,984,118.37
14.371,6.8597,962,113.47
17.446,1.1816,1054,125.58
13.681,3.5249,1057,120.76
16.841,4.8414,1026,125.05
16.317,2.001,1006,117.5
13.429,4.934,1043,124.44
15.673,6.2772,995,118.83
12.937,10.188,1006,122.51
13.959,10.081,1008,121.47
11.65,8.3833,1015,122.37
10.57,8.1543,1025,127
16.329,8.2485,1058,123.04
16.848,5.4032,1090,119.55
16.893,5.9053,1048,121.12
17.435,3.7139,1089,122.64
17.623,2.6675,1144,128.13
17.32,2.7989,1161,130.83
17.316,2.8207,1189,130.9
16.252,3.7047,1209,134.56
16.017,4.529,1251,137.36
15.722,5.9597,1263,141.58
15.108,5.2175,1306,141.26
15.504,1.6631,1275,138.24
15.071,-1.359,1266,138.84
16.405,-0.85398,1132,129.61
19.852,0.88606,1056,121.42
18.103,5.5812,1090,126.55
19.195,7.4766,1101,125.82
22.808,7.8329,1109,132.27
23.085,8.51,1137,142.37
19.65,11.051,1083,133.05
17.653,10.425,1089,131.7
16.84,8.3386,1083,126.25
17.574,6.301,1188,136.02
18.915,2.0524,1099,124.43
20.58,2.626,1063,120.36
21.55,5.5605,1089,140.39
23.826,6.4183,1069,122.36
21.357,4.7766,1075,146.18
17.402,9.4866,1002,126.84
14.004,11.932,992,119.03
16.027,12.955,1020,121.01
15.985,10.047,1087,127.7
18.177,7.1403,1114,124.43
17.837,1.7697,1164,125.14
16.613,-1.7988,1081,121.09
14.973,-1.4433,1033,117.88
15.724,-0.21935,1019,117.2
11.518,3.9502,1036,119.25
19.781,1.8663,1081,126.55
18.206,-0.44881,1046,127.96
18.64,-3.2861,1074,123.8
16.229,-6.2179,1093,124.16
11.072,-5.5832,1061,124.72
7.3917,-6.29,1076,125.47
5.1788,-5.595,1001,118.28
8.0202,1.8865,992,121.7
15.227,5.2466,1028,122.22
15.594,10.75,999,125.66
13.353,4.1652,1021,129.73
11.271,-0.0037553,948,120.51
11.206,-1.3437,919,115.5
14.869,-1.6294,933,116.27
16.814,0.53536,917,115.27
16.155,9.4006,1020,129.64
17.471,11.118,994,123.9
13.263,11.288,1017,138.13
9.4215,13.433,938,120.07
11.2,5.8275,1011,121.9
15.746,4.8388,958,113.95
17.439,4.0864,1003,118.79
15.921,12.471,945,118.43
20.715,11.105,1011,126.32
25.603,4.9746,1081,152.91
30.118,-1.7127,1023,122.32
24.126,-5.1693,1097,148.76
16.788,2.109,1142,137.92
13.209,7.9228,1160,135.29
16.08,13.094,1138,128.52
20.136,10.338,1098,129.45
23.505,5.4104,1121,131.98
23.781,0.46577,1169,136.11
21.761,-3.5209,1110,123.9
17.012,0.91007,1043,122.74
13.45,-2.6598,1058,125.24
16.363,6.244,1087,120.7
19.002,4.7092,1054,120.34
17.777,4.5092,1071,120.13
19.578,6.007,1082,125.87
20.516,3.5697,1078,127.65
23.228,-0.37382,1090,134.91
21.373,-1.9992,1111,134.38
17.554,-2.684,1061,122.75
13.083,0.53752,1009,120.24
9.6458,2.983,1059,126.29
11.121,3.9186,1068,126
16.77,3.461,1021,122.22
19.778,0.73965,1041,128.7
17.932,6.3072,1006,126.1
19.355,5.892,1003,122.44
15.708,3.8973,963,113.91
15.597,7.7038,984,120.53
16.016,5.6123,996,120.87
15.656,2.3894,967,117.85
17.285,4.6525,983,117.81
18.986,4.0576,1004,125.28
16.751,4.5405,941,115.83
15.479,4.9929,922,116.3
17.446,3.2926,965,117.52
18.155,3.4543,959,115.1
18.309,3.3784,996,122.41
17.32,5.9765,979,118.34
16.619,5.1154,980,119.23
12.651,7.009,978,120.73
10.436,6.891,967,113.88
17.38,4.2208,1024,125
19.19,4.168,988,124.98
17.673,4.2705,999,116.47
18.531,4.8542,961,113.82
18.961,3.1821,989,122.22
15.528,3.6098,983,118.11
11.631,2.8665,1017,133.21
14.428,0.8981,985,122.13
20.238,7.8032,993,122.14
22.082,2.1242,1016,131.87
23.42,-2.7043,1009,129.89
18.323,-4.0528,1029,130.34
9.4699,-10.342,1103,137
-0.026736,-13.018,1146,158.31
-12.398,-15.774,1111,147.19
-22.449,-13.807,1050,128.65
-27.268,-9.8613,1063,132.08
-32.222,-7.1636,1069,127.45
-33.772,-3.7943,1018,119.31
-25.571,-4.8224,1090,123.57
-20.982,-7.4745,1138,135.24
-23.433,-11.223,1173,136.1
-24.603,-9.0789,1108,129.43
-23.252,-10.357,1109,123.51
-23.721,-8.525,1059,121.43
-24.322,-10.451,1092,125.11
-26.659,-9.3372,1081,124.72
-25.747,-5.9781,1061,120.4
-23.67,-5.8593,1023,120.6
-25.61,-12.202,1032,128.19
-24.209,-12.15,1037,119.06
-24.066,-11.166,1059,119.91
-26.457,-9.4898,1023,117.59
-21.77,-10.865,1029,121.32
-26.597,-10.32,1057,123.25
-26.899,-8.6569,1062,119.41
-21.365,-5.0361,1044,118.75
-27.022,-9.6253,1079,127.69
-24.187,-10.866,1031,122.23
-25.032,-10.102,1088,123.01
-22.648,-13.638,1054,121.28
-27.097,-11.957,1090,128.44
-26.28,-12.354,1060,124.15
-31.104,-9.0235,1060,117.93
-30.586,-4.2085,1075,120.66
-26.36,-6.6044,1109,125.37
-24.043,-10.844,1111,125.21
-22.529,-10.483,1095,122.8
-25.291,-12.61,1068,123.18
-27.537,-11.559,1060,123.62
-30.888,-9.1432,1041,118.48
-30.311,-8.7787,1047,118.2
-28.247,-8.7058,1106,129.82
-24.015,-11.839,1099,123.19
-26.251,-11.656,1063,119.35
-22.905,-12.894,1027,117.61
-24.53,-10.406,1020,124.59
-27.608,-11.8,1018,118.57
-27.853,-9.9506,1063,118.8
-27.736,-8.6892,1043,122.26
-21.312,-12.314,1044,120.34
-24.976,-12.493,1045,121.95
-22.85,-12.794,1006,118.42
-20.55,-14.624,1000,116.8
-29.701,-9.3658,1008,120.9
-27.943,-9.7253,1010,118.02
-22.571,-12.074,991,120.82
-23.108,-12.345,992,121.4
-21.843,-12.867,961,118.15
-22.844,-11.351,974,120.01
-25.104,-10.719,938,111.19
-23.119,-11.148,937,112.89
-23.268,-13.469,932,112.66
-24.143,-10.797,932,116.81
-11.053,-7.3016,988,129.75
-0.16899,0.97061,1037,133.4
11.635,9.8845,1049,129.84
21.421,14.611,1100,132.15
26.309,16.625,1054,125.19
31.051,15.316,997,126.93
31.931,14.663,932,119.05
25.843,15.315,1034,141.2
19.277,11.223,1048,130.83
16.995,1.8587,1084,123.87
20.877,0.98377,1042,124.05
24.4,6.4397,1094,138.65
26.397,10.51,1032,122.28
25.747,15.114,971,117.37
28.031,14.841,932,117.22
23.077,9.5513,984,132.78
22.606,0.84327,1022,121.59
22.674,1.9455,1007,129.99
23.694,5.052,994,122.25
22.916,8.4868,1047,139.88
20.939,9.3256,1013,127.29
16.772,6.3551,1030,123.61
18.689,7.7613,1051,125.58
21.182,4.2053,1000,118.08
21.174,4.8371,999,124.18
24.369,8.1153,1043,133.36
25.172,6.3896,988,116.06
20.697,8.0272,987,119.91
19.703,9.8279,995,125.22
23.285,5.465,1038,124.3
22.979,5.4308,1049,124.42
23.061,7.927,1025,125.61
25.267,6.5552,1023,146.66
25.919,5.6558,1036,117.45
25.961,5.6859,1130,143.75
26.762,5.2221,1122,123.01
25.625,5.6891,1148,145.94
25.244,6.3064,1067,125.58
24.126,6.3189,1109,141.19
23.289,6.9194,1119,136.81
22.23,7.1106,1106,140.51
21.927,6.5443,1137,137.52
22.507,6.8371,1180,143.87
23.518,10.295,1126,126.35
21.413,13.119,1112,149.91
24.432,11.584,1065,123.78
24.84,12.178,1012,123.36
24.078,11.571,998,117.07
20.848,18.577,1052,123.01
23.166,21.556,1009,117.7
26.842,21.882,977,123.46
31.256,19.526,1082,128.56
33.278,14.828,1133,130.19
32.614,9.8432,1118,128.59
33.527,8.5772,1149,126.57
30.32,4.4354,1090,124.46
30.26,4.1543,1171,131.37
29.775,4.3958,1115,127.31
29.449,4.9151,1115,128.24
29.923,5.2689,1099,128.72
29.075,5.5792,1084,129.97
28.328,6.3226,1080,126.05
27.218,6.3455,1150,160.18
25.933,6.8274,1126,156
26.015,6.4496,1127,133.1
26.31,4.6717,1200,150.87
24.224,6.2934,1144,139.03
25.22,6.4172,1109,132.52
25.537,3.7683,1058,136.57
21.221,7.2837,1068,129.24
18.637,7.1466,1053,131.11
14.144,6.3492,1047,128.39
8.9752,1.2547,1047,135.33
6.9927,-1.3791,991,126.2
11.697,0.97825,1029,123.62
17.232,2.088,987,125.91
19.051,3.4837,999,120.38
20.947,7.9423,1023,126.24
17.305,6.5968,1028,122.9
15.207,11.03,1036,119.88
19.409,8.7147,1036,127.93
17.422,6.7925,1013,118.37
15.235,3.9867,971,117.83
12.046,6.8321,953,116.32
13.239,9.5191,998,120.04
16.222,8.336,997,122.34
20.358,7.2872,966,121.29
20.336,11.077,972,123.43
28.628,14.262,1021,125.28
34.475,15.427,950,118.65
40.777,15.957,929,112.25
44.595,9.4432,970,117.3
46.367,4.7616,958,114.19
47.055,6.1278,899,109.15
45.259,7.2455,840,103.98
49.022,-0.47344,847,110.17
49.789,-3.4681,884,113.58
49.076,-0.63931,1039,127.83
47.968,-0.14457,1171,135.45
46.851,0.39072,1132,126.4
48.295,0.37256,1030,121.62
51.809,-1.6616,1022,121.48
51.26,-4.1951,1083,126.58
51.6,-7.021,1005,127.77
51.204,-10.896,973,120.68
52.037,-14.329,930,114.16
46.15,-19.611,892,115.29
42.803,-12.733,685,112.7
41.501,-13.49,810,105.7
47.43,-4.1545,1008,125.81
53.984,-3.2528,956,110.84
52.789,-5.0395,975,119.12
47.299,2.6375,1034,122.34
48.552,8.0091,979,115.17
50.892,6.6449,997,130.21
45.865,15.029,1136,150.82
42.419,18.679,1187,154.01
46.76,15.146,1197,150.51
51.791,8.7723,1164,143.31
56.106,-4.3517,1116,145.23
55.445,-11.461,1056,130.21
57.872,-15.353,907,110.41
60.711,-16.738,962,117.26
61.201,-20.097,1092,128.26
58.998,-17.148,1153,140.16
59.287,-16.556,1110,128.63
59.955,-8.5533,1215,152.27
56.616,-6.0636,1232,158.28
62.763,-10.493,1175,149.04
67.645,-17.881,1062,137.53
68.658,-24.89,1047,125.19
65.786,-30.627,1106,132.5
62.962,-31.455,1089,130.08
60.801,-31.095,1088,128.86
62.193,-30.465,1137,124.51
61.506,-29.893,1162,126.19
60.84,-28.283,1235,126.7
61.023,-27.781,1263,133.26
61.551,-27.144,1312,139.39
61.591,-26.004,1364,143.49
61.192,-24.16,1391,150.77
60.753,-22.995,1465,152.4
59.398,-19.569,1472,157.73
58.137,-15.229,1504,158.22
55.54,-13.082,1460,156.17
54.919,-14.901,1366,156.48
56.515,-16.714,1271,148.5
56.527,-18.055,1122,134.85
54.017,-15.174,1209,144.58
55.389,-13.432,1184,139.67
54.101,-15.527,1156,141.54
57.018,-13.701,1231,137.75
60.207,-14.582,1236,130.9
62.563,-15.308,1187,129.26
61.838,-16.085,1222,131.67
63.908,-19.747,1217,131.45
64.21,-22.406,1212,130.22
67.766,-28.73,1134,124.47
66.676,-34.482,1083,121.57
62.098,-34.232,1183,134.68
60.691,-26.616,1222,140.72
63.532,-23.69,1161,127.79
63.05,-25.64,1263,136.51
66.236,-29.236,1241,134.32
67.245,-31.515,1207,131.74
63.423,-34.577,1170,129.69
61.474,-37.535,1139,126.96
56.844,-34.637,1139,122.13
58.931,-31.809,1133,125.74
60.275,-30.435,1178,129.82
62.681,-36.954,1230,131.84
63.091,-37.407,1225,127.77
62.404,-37.537,1212,128.32
63.222,-37.957,1074,120.19
60.684,-37.865,1041,119.69
62.694,-38.387,1097,124.98
61.502,-38.559,1091,120.37
63.085,-37.678,1190,126.11
62.261,-36.707,1177,123.78
62.903,-35.598,1174,128.56
62.668,-34.64,1194,131.59
62.89,-34.161,1192,134.66
63.056,-32.621,1264,137.55
62.202,-29.423,1185,146.17
63.611,-26.948,1296,138.48
60.915,-26.863,1287,141.8
60.069,-28.522,1348,145.04
57.827,-27.806,1252,129.15
56.349,-27.424,1274,143.18
58.379,-28.945,1121,131.44
61.347,-33.13,1047,120.01
56.37,-32.833,1061,120.16
56.915,-27.11,1077,123.32
57.048,-27.936,1073,121.11
62.778,-28.205,1233,127.51
64.753,-29.465,1200,126.5
65.482,-34.057,1177,125.56
63.635,-36.039,1111,121.48
62.707,-33.278,1095,123.64
59.272,-37.247,1119,125
58.407,-34.07,1097,119.14
58.652,-35.354,1088,119.82
63.506,-35.093,1112,121.75
64.317,-38.099,1091,122.8
63.776,-35.146,1085,122.86
65.069,-38.791,1066,122.28
63.878,-41.642,1026,117.78
59.774,-35.731,1090,125.51
61.103,-35.564,1125,125.74
63.675,-38.853,1152,127.25
57.319,-33.83,1136,135.28
64.092,-36.167,1088,123.91
62.62,-42.199,1015,117.29
59.928,-43.739,996,120.92
55.597,-45.781,952,114.6
61.098,-40.778,998,116.72
67.056,-34.29,894,110.22
65.667,-31.736,912,111.93
67.584,-34.985,914,110.13
65.43,-39.419,891,106.37
63.98,-35.487,904,109.84
60.51,-29.989,992,120
57.518,-23.596,1015,134.5
47.27,-6.3475,1148,152.92
34.04,9.0005,1161,142.36
21.187,13.181,1158,131.85
11.135,4.847,1145,139.32
5.0799,-5.265,1147,135.36
2.0981,-9.7204,1155,140.84
8.8418,-2.8832,1153,138.15
19.408,6.9653,1277,141.74
23.916,0.36485,1316,148.68
28.626,1.0257,1221,156.94
27.517,3.2234,1145,142.07
27.322,3.5093,1129,141.48
25.139,6.0479,1116,133.62
21.563,2.4912,1175,140.14
20.151,-0.61329,1112,125.94
21.872,2.1618,1114,124.85
28.06,4.1251,1191,148.93
43.346,8.7961,1157,142.31
53.011,4.9149,1149,133.68
57.802,5.1027,1034,126.63
51.831,3.2286,1041,121.59
43.536,6.1717,1011,119.74
44.12,3.9527,1052,124.95
42.364,5.7477,1113,146.81
43.471,6.4996,1051,126.9
46.065,11.93,1041,127
50.575,2.7701,1078,129.45
62.453,-0.89476,1112,141.76
70.935,-18.597,1122,143.93
72.67,-32.32,1071,132.11
69.146,-45.24,1063,135.47
56.574,-46.747,1063,130.53
55.633,-45.231,1081,124.78
55.66,-43.395,1140,125.38
61.093,-41.303,1162,130.45
59.526,-46.151,1077,120.1
61.888,-44.104,1049,119.63
59.743,-44.059,1053,121.86
54.689,-48.864,984,114.02
59.185,-37.847,1009,118.66
61.013,-43.171,1005,116.23
62.45,-39.791,1011,116.39
58.214,-44.029,958,113.47
60.779,-47.103,952,114.03
56.34,-47.163,932,112.95
53.872,-42.416,981,118.64
61.464,-43.436,940,112.5
58.72,-44.006,974,116.02
64.856,-36.73,908,113.4
71.318,-37.054,955,118.81
69.76,-36.145,955,121.3
64.552,-36.396,972,120.1
69.554,-33.034,975,121.27
75.361,-34.651,953,118.47
70.91,-29.662,980,115.44
64.421,-23.943,964,117.44
65.884,-23.758,983,121.63
66.555,-20.615,1045,131.24
74.018,-26.382,983,117.89
69.138,-27.628,973,119.81
65.622,-18.429,983,122.85
52.639,-7.9584,1087,138.27
32.392,-6.5907,1115,133.87
12.994,-14.043,1180,162
-2.3651,-17.384,1184,141.14
-17.295,-14.969,1168,143.06
-31.433,-13.926,1167,140.22
-38.607,-9.9402,1083,133.9
-38.74,-2.6934,1102,132.45
-32.114,0.48148,1168,139.25
-22.415,10.577,1101,154.45
-7.345,18.862,1142,166.71
9.4384,24.742,1172,165.27
25.714,26.497,1234,170.61
38.859,20.515,1227,161.81
52.826,12.653,1170,144.4
60.487,1.9884,1145,146.59
72.017,-13.024,1126,146.61
76.57,-18.596,1075,145.43
83.331,-27.507,988,132.8
79.475,-27.34,999,126.79
76.819,-26.006,1101,128.03
72.692,-34.337,1170,137.2
70.234,-31.797,1095,127.85
65.092,-34.818,1144,130.74
51.76,-34.149,1155,150.33
35.49,-23.639,1222,191.91
21.622,-13.761,1166,171.69
6.4275,-4.9908,1210,174.64
-3.1442,2.6061,1183,157.76
-4.0788,1.201,1164,134.29
-12.587,-4.5363,1256,152.62
-18.117,-8.9377,1235,147.05
-22.182,-6.8358,1179,147
-20.327,-3.9889,1174,154.58
-9.7146,0.32142,1163,142.23
-1.3106,-0.15057,1133,145.78
3.9894,-5.0821,1100,127.78
8.6974,-5.2556,1095,129.81
15.309,3.8523,1107,137.3
15.865,8.5756,1086,130.73
7.7394,7.5943,1129,131.39
8.1975,15.321,1084,130.11
16.267,6.2567,1116,130.18
20.069,0.65904,1083,126.19
17.137,-7.6054,1159,152.58
24.932,-2.6988,1171,153.85
30.561,4.3537,1194,154.02
33.539,10.208,1157,131.06
32.759,13.605,1109,139.65
32.803,12.939,1065,120.78
33.038,10.355,1075,122.05
22.883,6.5673,1174,146.28
31.83,12.384,1195,150.63
44.15,14.373,1150,144.76
56.123,11.838,1124,134.78
68.798,4.7375,1035,126.16
76.832,-7.7278,1114,136.57
79.845,-16.662,1087,130.21
79.429,-17.785,1093,129.3
79.695,-21.254,1118,132.85
83.308,-23.191,1130,136.43
80.06,-25.622,1127,124.95
81.767,-29.277,1090,128.44
80.61,-32.593,1083,123.32
70.671,-38.726,1140,140.58
65.408,-41.199,1170,145.01
68.376,-37.499,1154,149.11
64.127,-38.854,1083,134.5
66.784,-40.92,1065,127.37
76.464,-36.41,1064,129.16
70.379,-41.687,1060,123.34
58.558,-42.378,1135,142.25
57.502,-45.367,1026,123.91
57.197,-50.649,1010,128.12
53.875,-44.072,1059,130.59
61.078,-48.055,1124,132.55
55.563,-45.298,1124,128.48
55.902,-46.786,1130,124.84
56.993,-42.389,1178,138.36
55.239,-44.508,1146,129.89
55.023,-44.393,1091,120.86
54.079,-45.159,1091,123.79
63.329,-41.907,1079,129.2
61.132,-44.253,1055,120.36
65.623,-41.699,1095,124.14
62.399,-47.583,1024,120.87
56.42,-47.443,1037,120.95
56.943,-41.017,1005,116.41
57.653,-45.905,1013,122.89
67.449,-40.053,1065,124.26
64.781,-43.069,1109,134.9
62.548,-46.981,1048,122.59
62.055,-43.55,989,114.31
68.396,-41.895,993,117.93
66.192,-42.335,1002,121.49
70.763,-38.794,958,118.76
72.418,-36.115,994,118.12
68.503,-33.983,1018,123.92
69.548,-35.416,1003,119.23
75.275,-34.675,990,115.69
76.412,-35.58,1028,122.71
77.199,-27.369,998,117.62
78.039,-27.301,1015,119.5
75.116,-25.931,1074,126.1
77.268,-24.999,1132,127.01
77.364,-25.523,1135,125.13
76.896,-25.33,1142,126.22
76.628,-26.755,1158,129
75.732,-27.162,1200,130.59
74.983,-28.488,1240,136.02
72.619,-30.228,1271,136.19
72.077,-32.3,1320,139.49
70.659,-30.965,1257,134.97
68.436,-30.373,1284,134.04
70.959,-33.135,1148,126.32
71.171,-35.964,1075,118.84
69.848,-35.788,1057,125.67
73.272,-33.076,1112,123.11
72.791,-33.635,1085,120.32
75.227,-32.049,1037,116.66
75.642,-37.176,1044,120.43
76.26,-32.606,987,117.92
74.551,-35.366,1008,118.65
77.476,-38.704,1004,116.68
74.04,-37.174,971,112.55
70.569,-41.931,971,114.55
65.923,-44.883,1017,122.38
61.723,-56.547,1013,126.44
58.364,-62.108,973,116.79
56.734,-65.153,952,119.31
56.196,-71.384,847,107.69
57.683,-72.903,881,106.73
59.378,-73.895,863,107.38
59.818,-70.555,938,122.13
53.768,-66.819,1020,129.17
47.96,-55.432,1187,156.31
47.325,-47.52,1125,143.08
52.151,-54.001,1139,137.86
53.467,-59.175,1087,130.64
56.845,-64.284,1068,124.95
58.867,-56.728,1027,124.09
64.207,-40.914,1132,136.31
70.046,-26.791,1065,133.19
64.763,-22.083,1012,117.84
62.04,-27.782,1055,120.52
64.611,-33.833,990,117.37
72.698,-28.832,997,117.85
81.083,-29.065,1090,132.04
78.585,-30.394,1062,124.09
72.491,-33.952,1059,131.97
60.31,-29.064,1136,135.8
55.092,-36.987,1068,120.58
59.518,-37.865,1049,125.47
66.611,-35.451,1089,131.03
69.939,-25.683,1058,128.84
83.602,-24.358,1064,122.03
94.425,-27.622,964,116.3
98.885,-30.98,964,116.13
94.123,-33.334,1049,125.48
85.437,-31.351,1118,135.43
78.449,-28.576,1141,129.44
80.981,-27.094,1127,126.18
87.191,-32.18,1092,133.47
80.85,-36.663,1141,129.04
75.439,-38.302,1128,127.82
74.735,-37.85,1133,125.6
73.338,-41.607,1107,128.28
81.421,-33.745,1145,129.99
76.303,-37.69,1100,126.34
78.626,-34.974,1050,117.24
79.936,-40.358,1043,129.01
75.518,-48.22,1052,124.68
70.273,-53.929,1088,140.17
68.042,-65.555,1067,137.53
65.445,-77.151,1004,126.39
63.973,-84,1012,128.68
65.249,-82.758,1072,139.37
60.953,-81.871,1042,125.99
56.954,-74.593,1103,129.31
59.989,-72.183,1057,137.33
66.627,-63.568,1101,143.59
69.269,-59.66,1109,128.11
72.008,-64.802,1056,131.86
68.256,-79.01,1061,127.03
68.012,-82.091,1082,133.18
68.985,-86.528,1002,126.87
65.497,-83.747,1064,123.28
57.772,-82.046,1023,121.42
56.327,-78.053,1091,134.86
49.369,-70.424,1071,133.06
55.469,-73.98,1160,150.83
56.587,-75.277,1177,148.06
54.143,-71.275,1173,142.78
57.309,-71.771,1159,139.3
60.409,-73.026,1135,133.19
60.575,-79.516,1098,132.06
56.563,-77.493,1134,139.16
58.009,-77.411,1124,131.72
58.609,-78.698,1080,128.56
52.524,-68.335,1141,138.72
45.347,-56.948,1054,135.48
49.292,-55.317,998,123.94
53.772,-61.265,1037,128.18
61.511,-65.135,1087,127.82
60.75,-57.36,1080,131.57
61.654,-44.805,1092,130.79
58.967,-38.807,1011,122.83
58.222,-43.145,1043,122.76
63.687,-48.748,1058,129.78
61.755,-50.496,1137,136.55
61.364,-54.068,1193,130.45
60.143,-57.201,1329,143.98
60.145,-57.768,1370,158.84
60.18,-58.169,1395,164.44
60.363,-59.185,1440,167.6
60.321,-60.722,1495,176.83
60.127,-62.756,1503,178.74
60.075,-65.198,1501,182.32
61.027,-68.974,1507,176.49
63.046,-72.825,1419,171.47
64.001,-74.81,1257,155.36
63.382,-73.774,1077,136.08
65.694,-77.497,1025,132.22
66.403,-82.262,1018,129.25
62.413,-78.209,1135,139.36
59.191,-72.024,1194,137.41
55.498,-65.551,1239,154.03
51.953,-54.599,1254,162.49
51.957,-45.21,1248,158.56
54.399,-45.445,1185,152.5
57.554,-46.706,1224,146.29
57.804,-50.132,1197,137.05
58.438,-51.258,1219,142.61
58.083,-44.058,1196,138.91
61.517,-37.579,1146,149.12
56.537,-35.832,1096,128.93
59.106,-39.27,1095,131.56
69.71,-40.968,1154,136.9
74.153,-36.346,1199,141.64
73.903,-28.6,1119,124.91
72.28,-34.786,1148,137.28
65.04,-32.617,1174,144.94
58.4,-21.881,1224,147.46
45.226,-14.258,1226,154.41
27.176,-8.4758,1251,160.67
7.6249,-4.2156,1368,169.03
-10.617,-3.2665,1485,163.31
-23.301,-4.8011,1473,169.77
-29.908,-6.2166,1376,152.88
-32.997,-7.0405,1255,143.89
-23.068,-4.8483,1383,158.76
-17.95,-4.1439,1314,145.46
-11.8,-2.5521,1363,154.37
-8.5402,-13.188,1352,150.27
-13.161,-13.955,1385,160.56
-13.947,-11.112,1386,160.14
-17.543,-11.437,1285,151.34
-16.38,-13.496,1243,133.27
-11.935,-11.035,1208,136
-15.851,-8.6488,1236,141.38
-16.95,-5.203,1258,160.02
-11.831,-10.974,1375,162.58
-6.6206,-12.532,1309,150.45
1.3476,-13.78,1241,130.66
-5.051,-16.009,1308,161.34
-11.261,-20.497,1209,148.48
-14.519,-21.018,1058,133.36
-11.972,-14.171,1016,134.02
0.92591,-5.6967,1058,139.23
13.044,7.007,1279,162.59
19.789,23.769,1272,150.96
31.267,28.174,1199,146.47
34.862,24.656,1229,155.88
36.763,21.834,1179,149.44
39.919,15.132,1139,146.68
41.299,9.6217,1192,144
46.014,-2.5827,1168,138.66
50.012,-1.3953,1097,135.22
51.272,5.1168,1138,140.87
46.678,7.9723,1163,148.22
48.347,13.304,1074,128.64
41.097,10.269,1130,134.1
30.529,17.037,1175,156.79
11.303,16.245,1163,147
-0.33774,14.066,1180,154.03
-18.495,7.898,1203,149.46
-28.489,0.55573,1137,135.11
-26.755,2.7065,1202,145.16
-20.653,-0.18196,1297,162.15
-12.396,-6.55,1307,145.99
-1.5693,-11.784,1327,141.79
4.8077,-17.966,1318,154.89
8.3422,-21.284,1221,148.17
-4.784,-19.909,1175,139.67
-9.9253,-21.972,1127,146.42
-4.1687,-21.952,1072,143.03
3.1376,-17.387,1063,134.74
2.2925,-9.6505,1084,134.88
2.5329,5.1607,1120,148.63
1.0974,13.032,1108,132.55
9.0178,20.731,1253,158.17
23.538,19.494,1300,160.24
27.87,23.772,1241,166.35
30.618,19.923,1179,146.71
31.235,11.318,1131,133.03
34.371,12.482,1085,122.44
44.088,18.189,1117,125.69
54.739,16.575,1070,127.48
65.775,9.5351,1074,133.18
74.781,1.213,1074,135.94
84.075,-8.1008,1158,166.18
89.399,-15.055,1120,143.41
100.71,-18.442,1032,137.76
104.29,-29.205,1032,136.2
101.9,-25.013,1100,133.66
108.52,-25.203,1069,131.51
111.83,-29.286,1053,129.94
113.08,-34.376,1062,141.7
110.2,-43.471,1012,135.29
104.13,-45.006,973,133.48
88.742,-46.82,1057,149.85
75.236,-50.133,1112,153.89
66.551,-38.167,1145,141.26
67.782,-45.426,1163,142.71
67.578,-46.383,1088,136.13
69.24,-37.379,1130,135.08
73.345,-39.141,1087,131.4
73.924,-45.882,1212,148.86
75.365,-47.006,1109,129.51
77.777,-52.41,1076,125.52
68.084,-51.771,1096,131.72
69.838,-65.058,1041,136.86
65.937,-72.548,1148,138.81
66.456,-72.46,1147,133.52
64.731,-73.599,1177,131.3
64.797,-75.508,1130,134.17
64.648,-75.038,1057,125.75
65.819,-75.689,1067,123.64
65.729,-74.697,1146,133.56
65.684,-75.723,1148,130.67
65.845,-76.145,1144,137.43
65.665,-75.832,1163,138.14
66.214,-74.677,1169,143.02
66.424,-73.988,1199,146.58
66.499,-72.683,1183,151.53
67.641,-70.528,1203,146.09
70.133,-67.012,1247,150.63
72.437,-67.529,1269,148.33
72.676,-70.269,1231,145.52
69.408,-75.618,1175,136.98
69.17,-75.893,1147,141.07
74.327,-68.392,1043,134.27
78.618,-62.568,997,132.17
78.375,-68.685,969,132.26
75.233,-71.016,1040,138.66
74.939,-63.827,1032,139.73
75.035,-58.933,1063,132.67
72.076,-52.799,1123,135.38
75.928,-53.862,1068,128.85
76.363,-56.277,1022,116.86
75.06,-50.152,1106,128.62
75.301,-58.436,1084,129.77
69.894,-61.352,1146,132.34
68.075,-62.9,1158,129.53
66.23,-61.788,1120,129.04
68.597,-69.439,1110,125.65
70.985,-70.632,1115,128.63
73.853,-78.453,1156,138.45
67.069,-81.207,1141,136.55
60.23,-82.57,1110,129.35
58.575,-76.058,1197,140.49
57.718,-73.096,1187,139.26
62.55,-77.906,1207,143.34
56.886,-75.99,1205,136.16
57.317,-79.638,1147,131.41
61.445,-73.567,1212,144.96
59.863,-81.921,1123,136.44
58.815,-78.246,1145,134.66
62.446,-72.255,1160,138.52
62.108,-83.036,1055,121.08
63.674,-78.389,1132,130.24
57.662,-77.774,1124,129.5
62.253,-82.192,1053,130.22
59.326,-87.082,1023,122.13
54.911,-74.122,1084,127.33
65.855,-83.929,1082,126.32
65.815,-85.888,1111,137.41
57.586,-72.643,1100,133.36
62.689,-76.321,1067,137.45
69.603,-81.788,1069,129.28
63.477,-84.466,956,116.62
66.193,-81.248,962,115.82
69.129,-76.658,1012,116.6
70.198,-76.699,975,115.51
69.325,-75.867,992,121.73
70.363,-74.121,1046,126.75
71.628,-70.958,1020,122.14
74.126,-80.05,1104,132.41
67.135,-87.339,1069,128.18
67.698,-84.074,1082,120.88
63.118,-82.177,1067,122.46
66.208,-86.587,1052,119.76
65.616,-85.409,1032,116.83
62.124,-80.031,1078,130.71
69.686,-87.038,1022,121.17
68.884,-87.429,987,114.89
65.519,-90.885,992,117.59
63.821,-80.039,1069,121.94
67.957,-77.47,1016,119.49
66.323,-75.631,1077,128.25
66.164,-75.536,1115,130.43
69.136,-79.699,1091,134.43
71.439,-83.694,1000,115.67
69.904,-78.845,988,116.37
67.922,-74.247,990,120.8
61.881,-74.956,1005,129.11
64.726,-76.184,1032,128.11
69.426,-73.404,1017,122.96
72.617,-73.462,1003,120.46
71.635,-68.901,1047,125.38
71.548,-59.762,1097,131.59
64.212,-45.97,1143,133.67
46.924,-39.659,1213,141.7
34.464,-34.097,1207,148.73
20.289,-30.513,1203,153.6
5.2679,-25.248,1293,152.65
-11.108,-15.916,1386,181.41
-23.575,-9.2081,1372,166.17
-31.298,-2.5412,1323,174.62
-30.388,3.973,1190,145.67
-15.902,4.3678,1277,169.84
-5.776,10.838,1266,156.94
6.6092,12.466,1306,160.91
16.367,3.0887,1342,159.83
12.321,-4.8466,1349,179.92
25.988,-6.4982,1313,155.53
43.024,-12.337,1264,165.45
57.608,-25.583,1250,182.52
69.222,-19.164,1255,154.79
78.092,-23.772,1281,154.7
93.525,-24.051,1258,150.75
97.655,-20.247,1205,153.06
108.59,-25.904,1186,151.17
119.41,-35.431,1154,139.17
117.57,-36.537,1149,144.9
116.55,-35.951,1220,148.05
126.91,-45.65,1075,137.19
131.88,-49.086,1106,146.36
133.1,-44.349,1113,158.16
134.55,-41.676,1118,155.31
136.27,-45.783,1030,131.86
138.04,-40.17,1102,157.36
136.01,-35.751,1085,168.36
134.28,-37.018,1100,149.75
128.77,-40.566,1086,139.63
126.19,-44.406,1047,130.67
126.81,-42.668,1043,126.57
124.72,-37.626,1101,134.57
128.38,-30.976,1035,134.69
136.03,-28.236,932,115.04
142.27,-27.662,1011,124.61
149.18,-26.252,1040,126.57
149.33,-26.118,1109,151.32
153.9,-25.181,1033,134.09
157.9,-28.884,1014,129.92
155.12,-28.512,979,121.94
152.39,-30.834,1052,128.42
151.79,-32.572,1117,134.68
151.69,-32.65,1122,136.97
151.29,-32.921,1109,138.06
151.46,-32.546,1098,137.29
151.88,-32.389,1086,140.6
151.4,-32.307,1067,139.92
152.13,-31.874,1064,140.4
152.22,-31.863,1064,140.13
151.41,-32.737,1059,143.03
151.33,-34.901,1012,132.06
148.39,-37.792,1034,139.5
149.44,-37.319,978,130.97
145.41,-39.611,1021,140.45
139.76,-38.97,1093,138.72
140.44,-34.001,1091,132.91
138.26,-40.499,1142,150.22
129.33,-41.835,1159,154.25
127.51,-44.603,1148,139.46
130.43,-47.538,1119,133.87
131.09,-49.095,1101,138.23
136.1,-53.353,1079,134.58
141.93,-56.711,1091,143.3
145.45,-60.687,1135,155.4
150.58,-69.781,1157,160.45
153.43,-74.079,1109,150.79
151.95,-79.173,1062,148.08
146.52,-73.008,1125,144.64
135.39,-64.768,1128,148.19
125.55,-55.122,1171,154
121.21,-49.418,1172,153.51
114.12,-41.697,1157,157.22
120.39,-33.509,1199,156.02
120.43,-36.369,1375,168.08
126.4,-31.572,1333,174.91
127.49,-35.802,1294,168.41
133.56,-41.793,1254,159.06
144.05,-53.248,1244,160.53
153.4,-62.51,1204,155.36
160.69,-72.092,1105,151.35
167.12,-75.957,1125,142.44
173.47,-77.162,1088,148.21
183.09,-80.826,1078,145.14
189.41,-82.396,1039,141.03
194.41,-84.95,1064,135.51
197.21,-83.171,1061,134.97
197.21,-86.066,1098,131.77
201.44,-86.228,1047,136.06
196.14,-85.174,1089,139.63
192.03,-83.907,1114,143.77
195.59,-85.256,1064,124.18
196.19,-85.994,1121,129.95
195.65,-87.061,1086,132.76
192.63,-83.877,1040,118.55
188.88,-82.674,1007,121.45
187.16,-77.198,980,120.89
192.75,-80.421,966,116.71
195.99,-86.168,1003,131.33
194.61,-87.248,961,117.71
185.17,-88.208,948,119.82
187.72,-82.405,934,118.16
192.74,-77.08,924,114.67
197.88,-77.419,930,121.42
198.45,-81.121,947,120.8
196.11,-83.624,963,120.51
191.09,-83.306,982,119.61
182.79,-84.109,1022,142.94
170.2,-81.066,1018,146.65
153.66,-73.702,1120,161.98
144.41,-54.741,1143,156.58
140.83,-37.28,1164,171.53
149,-20.237,1164,149.48
159.64,-17.123,1146,137.44
161.57,-25.708,1038,126.2
158.51,-29.531,1156,139.67
154.75,-21.619,1145,140.94
159.51,-18.583,1073,129.27
163.57,-22.687,1067,134.04
162.85,-22.075,1062,126.48
163.41,-33.314,1065,131.79
163.91,-49.367,1072,134.6
171.12,-51.152,1078,132.94
179.43,-49.679,1087,161.98
184.01,-53.196,1107,160.67
184.07,-56.277,1161,196.06
179.79,-52.589,1143,165.47
171.78,-48.478,1134,148.09
157.05,-38.272,1143,140.67
146.95,-34.36,1085,140.16
142.78,-40.264,1106,149.61
144.8,-42.328,1093,128.95
147.53,-44.538,1074,134.07
151.97,-39.722,1057,122.88
153.31,-34.624,1085,123.5
155.93,-35.864,1044,130.77
153.47,-38.635,1082,129.48
161.76,-23.412,1083,134.49
165.15,-19.111,1030,121.51
165.25,-19.144,970,119.59
169.44,-26.075,973,116.79
170.35,-27.287,931,118.97
162.5,-20.753,1067,133.05
150.87,-21.052,1098,141.61
145.46,-16.359,1039,143.55
154.12,-19.535,1018,139.06
156.82,-23.558,946,126.07
155.93,-23.788,1010,125.67
155.31,-25.42,1069,132.71
154.72,-25.754,1058,128.43
155.34,-26.511,1065,128.25
154.97,-27.427,1059,132.17
155.11,-28.126,1043,137.81
154.82,-27.756,1035,137.62
155.09,-29.656,1046,140.87
154.94,-29.533,1031,137.52
153.42,-28.636,978,135.66
153.06,-28.316,964,129.95
155.19,-27.916,944,112.57
153.68,-28.547,794,106.64
148.78,-28.42,757,106.75
151.71,-22.85,811,106.77
160.47,-19.752,938,121.58
162.66,-21.511,1025,131.18
161.9,-24.341,1031,134.86
169.01,-23.145,978,123.17
173.73,-29.136,1097,146.09
179.23,-33.381,1087,139.38
182.72,-43.964,1051,135.28
186.98,-49.184,1115,148.7
187.33,-58.569,1160,165.35
180.94,-71.814,1186,169.95
175.47,-77.898,1149,158.44
168.04,-75.792,1236,171.66
162.57,-71.12,1209,165.4
161.97,-71.414,1228,153.5
166.95,-75.363,1289,160
176.17,-83.004,1179,140.5
175.45,-83.598,1195,157.99
177.65,-82.176,1247,145.34
182.09,-90.131,1144,132.23
171.15,-83.698,1116,133.48
167,-89.735,1067,132.98
166.99,-90.213,1175,147.56
163.21,-88.339,1128,135.24
168.35,-88.356,1153,135.14
166.68,-89.3,1063,126.92
167.29,-87.245,1076,129.44
170.77,-85.639,939,114.44
172.85,-84.046,866,107.92
171.99,-84.431,978,134.09
171.87,-79.948,969,131.7
179.05,-79.183,979,125.55
182.1,-80.021,917,114.42
183.68,-75.183,1015,134.04
186.78,-72.791,1015,137.7
179.67,-67.493,1052,138.07
185.1,-62.268,1045,134.79
188.93,-65.254,1070,141.48
199.02,-69.688,950,117.69
203.99,-78.673,967,125
203.01,-82.378,1004,139.43
206.21,-82.141,1040,126.48
202.74,-84.779,1090,126.05
199.35,-79.913,1050,122.73
201.69,-88.842,1087,125.05
195.68,-79.163,1049,126.78
196.78,-73.172,982,129.66
191.2,-74.802,963,126.92
185.26,-74.447,976,128.56
189.68,-76.429,989,125.68
191.76,-74.752,955,116.2
193.69,-65.864,1014,138.53
200.24,-69.617,1007,131.08
204.06,-71.923,901,117.72
198.7,-72.714,950,113.97
196.29,-72.011,912,117.71
183.05,-82.464,1024,139.22
177.2,-88.279,1030,135.53
170.86,-92.047,984,126.13
163.9,-86.646,997,119.31
156.47,-74.213,1045,141.18
149.72,-56.19,1113,139.56
143.27,-42.881,1154,153.32
133.68,-37.62,1140,143.03
117.64,-35.791,1151,162.96
107.69,-28.412,1223,164.83
92.147,-31.083,1222,172.33
69.876,-29.634,1247,173.22
51.768,-35.218,1245,160.1
40.487,-41.906,1190,154.36
27.225,-38.491,1155,162.02
15.265,-33.584,1227,168.69
-3.0921,-26.57,1249,171.02
-13.477,-15.907,1333,186.96
-24.715,-5.328,1423,175.99
-19.735,4.706,1338,184.79
-6.2831,12.137,1248,165.07
2.5482,-0.058344,1264,169.16
11.333,-6.3528,1268,165.64
26.971,-6.9686,1306,176.89
38.744,0.88831,1231,158.6
52.165,10.801,1251,149.9
56.79,9.3774,1242,165.66
73.756,1.7463,1177,166.11
85.599,-1.6804,1188,179.23
101.63,-7.0701,1123,177.4
117.41,-11.17,1106,183.59
133.83,-13.018,1105,174.87
152.76,-15.286,1166,156.88
157.54,-25.301,1211,144.22
167.95,-22.474,1173,145.6
173.85,-23.532,1133,160.9
177.04,-22.49,1053,134.74
181.26,-22.123,940,128.72
184.38,-32.707,940,121.08
178.16,-28.87,1116,157.66
182.14,-33.573,1132,154.16
190.85,-47.876,1020,141.66
201.99,-60.824,1007,127.82
208.08,-72.553,990,125.62
205.72,-75.871,1064,133.71
208.71,-89.09,1008,126.44
204.37,-97.152,934,117.02
191.91,-97.309,862,112.48
198.98,-94.772,875,112.96
199.7,-96.762,896,118.3
200.12,-94.951,895,111.87
201.03,-94.618,896,113.52
200.57,-94.313,881,112.3
200.54,-94.307,852,112.52
200.16,-94.151,858,111.47
200.54,-93.878,844,112.62
200.83,-93.774,872,113.67
200.85,-93.491,877,115.69
200.27,-93.469,883,115.14
199.55,-93.231,848,112.46
200.87,-88.734,831,113.58
204.28,-86.069,832,111.88
205.08,-83.855,871,114.3
201.33,-90.549,854,115.22
196.85,-90.588,773,102.38
198.78,-88.327,724,102.24
207.45,-88.068,774,106.91
206.7,-91.805,870,111.87
202.97,-88.021,935,121.93
210.05,-85.086,897,111.3
210.69,-92.171,889,114.65
205.67,-92.749,865,111.23
202.31,-81.654,919,119.34
199.61,-72.562,1043,127.26
200.24,-68.388,1103,135.19
201.83,-68.125,1099,133.16
205.7,-80.647,1073,142.23
201.74,-91.694,1020,126.07
207.48,-85.727,975,126.89
205.22,-87.609,891,117.44
204.36,-87.748,1021,125.62
204.43,-87.351,1028,126.16
204.5,-86.021,1022,125.14
204.27,-85.784,995,124.94
204.73,-85.432,962,126.59
204.49,-85.059,966,129.64
204.33,-85.111,949,128.12
204.64,-84.901,950,129.28
204.22,-84.591,944,128.61
204.43,-85.985,914,125.43
205.83,-89.486,902,123.32
202,-92.52,856,118.22
201.04,-96.559,826,114.04
196.25,-94.11,793,107.91
199.93,-97.333,699,105.89
196.3,-99.2,690,100.25
198,-101.76,698,99.399
193.73,-100.13,779,109.97
193.85,-97.566,823,107.13
186.08,-90.449,1005,122.11
176.83,-83.15,1175,153.95
162.9,-84.534,1249,145.7
151.85,-83.378,1157,138.26
149.89,-82.78,1167,154.07
151.53,-88.179,1215,157.22
152.92,-88.177,1124,142.52
157.99,-91.073,1210,144.41
160.1,-95.878,1149,147.79
162.74,-98.323,1090,139.96
168.94,-93.852,1089,132.23
179.69,-93.997,1164,145.13
194.98,-95.477,1139,133.4
206.81,-91.222,1127,136.38
212.4,-93.332,1093,134.28
211.25,-99.022,1061,126.72
206.5,-97.299,1028,120.32
202.67,-101.77,1049,139.55
184.12,-101.3,1091,145.76
180.29,-99.661,1057,135.55
164.06,-98.023,1079,143.03
154.14,-93.845,1088,135.81
152.12,-103.72,1052,144.31
157.55,-107.66,1067,136.15
156.15,-104.92,1114,163.1
160.57,-104.2,1050,136.27
160.65,-99.338,1025,130.88
164.56,-90.126,1033,138.05
155.78,-77.846,1116,153.69
140.85,-69.168,1159,158.42
127.77,-53.41,1203,152.06
121.79,-39.031,1223,165.96
121.71,-25.81,1182,150.72
133.81,-17.943,1160,153.5
150.58,-12.764,1103,149.41
165.82,-17.403,1194,161.94
178.72,-32.83,1229,152.21
187.84,-38.066,1171,159.36
198.56,-49.999,1139,149.46
202.28,-62.217,1117,144.3
203.54,-61.639,1173,155.59
205.05,-72.166,1215,155.85
214.88,-89.04,1106,138
217.6,-96.636,1037,132.43
220.04,-94.585,1110,146.94
218.67,-99.249,1071,136.81
211.06,-100.68,1033,134.93
198.07,-100.6,977,130.65
196.99,-96.922,963,123.7
198.56,-101.98,1043,123.04
193.02,-102.45,1026,146.31
185.16,-107.26,1050,129.52
185.54,-107.88,1016,127.97
185.41,-109.69,1051,130.48
183.43,-108.29,1082,129.21
181.43,-113.84,1011,128.27
185.46,-112.27,1017,120.3
180.52,-111.9,969,114.77
181.64,-114.12,1012,122.03
187.05,-113.28,906,111.51
181.15,-115.87,940,129.11
177.44,-120.89,1039,146.18
172.66,-120.34,1064,128.26
168.53,-121.57,947,114.75
170.64,-118.76,903,114.05
169.23,-118.77,991,119.74
169.84,-119.41,990,117.49
169.97,-119.25,953,116.92
170.49,-119.37,947,115.01
170.73,-118.09,901,114.7
170.42,-118.8,886,115.44
171.15,-118.3,895,116.99
171.54,-118.31,883,115.9
171.48,-118.47,885,116.38
171.38,-117.93,903,117.7
171.18,-119.12,886,117.87
170.96,-120.97,931,118.57
174.65,-117.28,953,124.04
176.73,-116.7,926,123.57
168.69,-121.58,919,124.49
163.83,-124.68,902,117.78
159.61,-119.77,906,117.15
158.44,-127.27,873,113.65
151.15,-124.05,1010,131.75
142.5,-121.79,1036,136.76
133.6,-117.66,1040,138.44
125.67,-111.72,1064,147.2
119.04,-105.45,1087,146.64
113.5,-100.86,1140,152.06
115.27,-103.06,1132,145.17
116.49,-104.56,1224,148.98
120.39,-105.53,1214,153.16
123.82,-111.71,1180,145.94
126.84,-113.15,1192,140.3
125.64,-114.68,1206,142.75
123.84,-109.56,1174,135.29
117.92,-109.31,1112,139.15
114.19,-106.75,1124,131.84
112.8,-107.4,1099,153.64
113.69,-107.42,1177,171.06
116.4,-104.74,1121,151.56
124.32,-103.29,1161,158.84
135.43,-100.08,1197,160.98
144.22,-90.872,1162,139.22
159.57,-85.142,1243,155.26
165.75,-94.981,1204,152.73
171.39,-87.386,1186,161.31
177.74,-71.958,1228,164.12
190.85,-63.985,1246,158.7
200.52,-66.371,1199,151.12
210.66,-77.714,1136,138.76
219.36,-90.607,1111,143.94
224.4,-93.893,1074,142.99
213.49,-90.03,1106,145.87
211.85,-82.658,1091,133.2
207.88,-93.943,1101,144.02
216.17,-88.078,1019,123.9
211.64,-88.95,1023,136.67
210.2,-81.081,1110,155.22
201.01,-70.395,1039,140.58
198.53,-68.434,1011,135.76
189.55,-68.526,1087,153.72
184.8,-73.281,1074,140.3
192.45,-65.452,1120,148.06
206.4,-75.416,1074,133.67
200.17,-80.563,1094,145.23
196,-67.807,1099,135.73
197.05,-66.77,1163,157.26
197.42,-66.158,1122,143.87
200.07,-71.377,1062,144.22
209.33,-79.309,1095,140.12
210.36,-82.904,1056,138.22
222.56,-96.17,991,123.34
227.31,-101.74,936,118.56
219.24,-99.136,1020,132.94
212.17,-89.623,972,139.77
212.55,-84.959,889,122.74
203.01,-78.58,1059,149.56
186.78,-68.911,1028,150.76
177.89,-73.54,1008,133.12
190.92,-72.792,1045,137.37
196.8,-71.468,1053,133.7
191.21,-69.912,1065,136.71
204.29,-75.058,1055,133.26
204.93,-81.624,1074,135.47
197.45,-80.453,1066,150.98
199.7,-76.452,1073,160.99
191.91,-84.083,1047,152.49
187.58,-95.468,1102,168.32
177.54,-103.66,1126,164.81
163.51,-102.91,1162,166.99
157.23,-97.447,1232,171.59
154.88,-91.751,1182,168.69
149.83,-75.785,1166,155.65
152.53,-57.85,1157,158.04
154.82,-39.889,1207,157.88
165.65,-23.37,1231,154.94
177.23,-28.101,1136,142.87
181.85,-36.133,1185,147.66
185.66,-44.853,1080,133.45
181.59,-50.128,1063,137.46
183.99,-46.506,1081,135.72
186.63,-56.508,1079,136.5
189.08,-48.293,1092,138.2
188.14,-35.861,1061,143.7
178.45,-28.737,1085,157.95
167.38,-28.175,1108,148.28
158.4,-31.893,1060,149.4
148.26,-37.778,1123,175.72
140.68,-46.205,1074,157.37
133.65,-60.524,1098,156.5
132.77,-66.822,1141,156.7
145.66,-73.292,1193,169.25
160.2,-77.244,1134,149.41
169.75,-79.258,1090,147.33
175.73,-77.512,1053,134.12
188.46,-68.381,1058,142.17
194.09,-68.04,1053,151.38
189.78,-55.985,1111,157.95
182.79,-37.301,1113,163.92
174.31,-22.615,1111,158.24
169.13,-20.201,1113,170.93
148.46,-20.355,1093,162.59
133.97,-20.705,1163,179.53
114.36,-19.527,1139,180.41
96.466,-11.717,1145,188.02
84.127,-3.4208,1157,187.31
77.685,2.7014,1187,205.48
83.032,-0.046359,1171,209.8
86.438,-4.4336,1192,208.64
102.71,-10.723,1185,210.2
117.91,-11.122,1160,184.36
133.1,-11.754,1149,190.9
144.49,-12.237,1128,174.36
151.41,-19.536,1150,152.66
149.62,-32.144,1220,152.97
154.12,-39.883,1201,158.51
163.61,-29.553,1098,134.71
177.77,-30.073,1022,127.03
182.58,-34.126,970,128.66
181.72,-37.725,966,119.28
181.01,-33.711,894,108.54
184.78,-34.051,874,112.92
183.45,-32.061,905,113.79
183.35,-33.676,893,110.97
183.24,-33.699,875,109.95
183.35,-34.163,853,110.52
183.71,-33.893,820,110.64
183.67,-33.744,805,111.39
183.57,-33.521,812,111.67
184,-34.355,810,113.71
183.65,-34.474,815,110.89
183.01,-33.817,818,109.84
182.62,-33.638,816,108.17
182.74,-29.895,912,118.04
185.59,-29.018,917,119.34
187.42,-34.881,878,113.45
183.96,-38.492,938,130.88
175.12,-35.855,941,123.13
175.44,-30.865,909,114.37
180.26,-31.686,927,120.88
179.04,-31.667,976,120.88
179.81,-32.177,998,123.09
180.86,-32.032,944,124.52
181.03,-32.156,914,122.4
181.11,-31.717,894,124.92
180.97,-31.987,891,121.84
180.65,-32.127,903,120.31
180.34,-31.783,934,125.01
178.79,-30.922,958,124.47
178.55,-30.257,905,125.18
179.46,-30.658,909,126.27
182.42,-31.57,894,122.09
181.3,-33.545,905,125.01
180.04,-36.501,902,123.23
173.88,-35.602,883,119.7
176.08,-36.063,919,126.7
177.66,-30.538,939,119.5
177.77,-36.136,988,124.46
176.04,-41.042,962,126.53
176.52,-36.1,1016,122.74
177.45,-35.663,1095,136.12
179.29,-38.242,1032,125.38
181.8,-34.59,1055,130.98
187.06,-38.257,1038,134.09
186.89,-44.162,1164,130.4
191.09,-50.943,1140,141.29
190.83,-56.172,1141,149.29
200.16,-59.822,1123,153.98
210.36,-65.995,1059,151.6
218.34,-73.117,957,146.15
221.94,-79.455,1049,164.8
223.21,-78.76,1087,171.09
224.64,-80.815,1005,158.14
227.39,-84.413,929,129.08
228.07,-88.028,994,139.84
229.38,-90.154,989,135.51
230.51,-97.463,991,130.18
227.03,-101.08,972,141.62
223.37,-103.56,965,140.64
219.91,-97.161,1080,155.85
225.43,-94.829,1085,152.35
218.99,-93.823,1051,144.21
213.83,-96.974,1113,149.32
211.59,-103.53,1088,145.94
214.04,-100.4,1007,128.2
213.36,-108.02,1117,147.59
205.74,-109.08,1087,151.92
209.48,-109.37,1120,146.16
207.49,-111.51,1063,126.72
199.91,-114.49,955,119.37
202.01,-121.3,1009,145.74
197.32,-127.83,995,141.24
195.82,-134.3,1008,150.74
197.57,-137.64,1088,153.45
200.8,-137.44,1044,143.41
199.79,-133.51,1041,133.66
199.9,-133.44,934,128.31
204.13,-124.85,1023,129.48
213.22,-119.65,938,122.12
217.86,-115.62,830,116.03
213.89,-121.85,905,119.88
210.64,-132.64,917,128.64
209.44,-139.99,818,109.55
208.24,-146.09,831,114.98
203.19,-146.44,749,106.22
204.22,-144.54,749,109.86
203.12,-144.49,752,110.52
203.11,-144.97,726,111
203.8,-144.61,706,109.68
202.79,-144.63,705,112.57
202.92,-143.97,680,111.9
203.24,-144.32,685,112.89
203.47,-143.59,690,110.32
203.08,-144.55,706,111.93
203.23,-144.75,701,112.57
202.66,-144.47,725,113.11
201.27,-143.11,742,114.16
199.58,-142.25,775,119.27
197.39,-145.38,725,109.98
198.59,-142.72,689,104.71
201,-143.38,628,102.49
199.34,-143.85,680,98.573
198.39,-142.38,782,111.12
200.82,-145.83,651,94.057
202.44,-148.65,618,97.026
202.31,-148.91,652,100.85
202.1,-145.77,934,134.02
194,-144.68,930,151.44
180.68,-140.83,984,144.84
166.13,-134.85,990,151.28
150.89,-133.58,1037,156.39
135.69,-128.39,1059,167.98
121.23,-119.8,1049,166.11
107.45,-113.01,1096,168.41
93.056,-103.57,1104,177.22
90.545,-102.33,1151,175.22
84.555,-106.4,1110,180.37
71.064,-98.018,1095,179.88
58.617,-85.237,1123,178.86
49.763,-73.374,1139,177.49
47.944,-65.816,1152,180.61
46.225,-52.401,1074,148.16
45.575,-47.205,1087,152.81
50.314,-31.243,1209,174.27
37.79,-17.527,1283,177.37
24.74,-11.731,1189,160.95
11.198,-0.58354,1247,164.7
0.30875,7.5269,1284,184.82
-9.4532,2.8843,1240,171.7
-21.134,-2.2476,1266,186.28
-30.674,-5.0437,1267,167.16
-39.923,-3.7605,1133,150.03
-32.316,3.8845,1132,148.03
-17.267,7.2174,1124,139.68
-9.1165,3.8802,1171,166.36
4.0793,9.7189,1217,185.57
9.2952,13.517,1302,178.17
19.831,7.697,1237,167.26
29.666,-5.1519,1165,158.91
41.072,-4.5425,1261,175.61
59.276,-12.202,1161,168.17
71.307,-24.207,1163,165.83
84.227,-24.317,1198,154.81
89.578,-22.634,1132,157.89
94.483,-13,1121,153.05
89.23,-13.054,1184,186.94
79.929,-3.2293,1179,186.83
67.33,0.0079279,1110,166.24
62.057,1.9269,987,137.05
61.373,4.3429,1041,152.18
64.374,1.7654,1138,179.24
65.827,-0.42875,1105,155.22
62.801,-1.6879,1167,151.3
57.076,-12.866,1134,161.68
52.368,-24.416,1166,184.47
41.101,-35.87,1205,197.08
28.584,-41.895,1157,184
16.532,-41.115,1097,171.79
1.7996,-34.778,1125,176.07
-6.6233,-36.058,1159,197.08
-10.441,-30.558,1165,184.36
-7.8927,-17.791,1185,186.57
0.18189,-4.534,1188,171.51
7.4548,4.3298,1132,153.83
7.7158,18.238,1159,152.57
13.782,19.341,1207,158.32
27.052,24.394,1221,182.91
36.821,25.42,1148,141.86
45.761,21.435,1180,147.3
57.404,9.7229,1145,143.86
65.521,13.245,1028,127.06
60.331,12.885,979,138.15
69.957,11.691,998,135.14
77.244,6.3986,978,130.38
80.987,-1.9439,1031,146.59
93.204,-7.203,1037,150.17
105.75,-19.603,1083,158.1
112.49,-22.054,1138,162.59
120.01,-31.197,1126,142.02
113.2,-21.291,1033,128.88
107.26,-19.14,974,133.02
107.26,-14.671,924,128.31
121.26,-21.563,980,130.1
130.88,-31.072,1031,129.88
140.75,-22.335,1018,130.09
160.32,-23.165,1021,129.23
166.78,-26.441,917,124.5
163.97,-27.29,876,114.07
164.64,-27.664,901,119.51
164.27,-27.797,896,118.02
163.2,-27.819,861,114.72
163.55,-27.301,814,116.63
163.17,-27.39,800,115.37
163.19,-27.683,767,112.45
162.94,-27.836,777,116.24
162.74,-27.267,788,114.39
163.87,-26.713,799,116.3
164.76,-25.913,846,118.82
164.29,-26.042,806,111.44
163.3,-27.186,862,113.25
163.42,-31.587,932,118.06
165.6,-36.036,876,113.35
166.74,-27.506,894,120.09
163.96,-27.528,892,120.33
167.78,-20.78,954,123.42
171.97,-18.939,1009,128.68
174.57,-26.468,1035,130.24
178.48,-27.922,1034,136.6
181.4,-37.479,1029,137.05
187.38,-37.223,1051,132.94
183.87,-43.941,1081,139.32
186.79,-41.345,1075,134.05
190.28,-45.452,1096,136.19
184.9,-39.078,1083,146.11
176.5,-27.982,1034,143.72
165.26,-21.354,1018,146.44
152.91,-21.646,1074,166.68
141.33,-20.435,1103,159.75
145.43,-18.116,1034,142.31
153.4,-16.779,1080,143.99
160.32,-17.798,1007,133.51
165.09,-19.357,1028,137.11
169.21,-19.849,1057,138.72
163.98,-18.472,1166,162.65
162.92,-12.612,1068,132.82
165.67,-7.7421,941,122.32
171.89,-14.921,958,126.42
183.72,-24.476,988,129.31
191.78,-32.31,986,130.3
198.64,-46.215,956,132.24
199.24,-51.089,1039,153.48
197.97,-61.197,1109,177.16
198.14,-81.796,1051,168.24
201.64,-94.629,1073,173.47
206.72,-96.69,1100,167.94
217.48,-95.495,1113,145.91
223.58,-96.984,1056,149.62
228.68,-103.74,1043,145.53
228.86,-110.58,1016,158.18
228.66,-121.57,1013,158.57
227.35,-130.5,943,139.32
229,-138.17,962,145.73
232.91,-139.91,996,156.35
233.65,-139.86,970,153.83
229.26,-137.49,934,139.72
222.33,-140.95,978,134.26
216.73,-144.01,1053,159.33
212.39,-151.83,1005,130.37
208.17,-149,974,144.34
194.28,-140.3,1036,144.75
188.39,-125.38,1048,152.25
187.07,-118.25,1004,149.95
182.82,-113.09,999,150.88
172.61,-105.74,964,146.83
169.55,-108.74,1044,177.55
178.78,-115.38,969,149.94
194.06,-125.45,931,134.2
199.01,-134.19,917,130.27
207.06,-129.68,1023,141.8
216.89,-120.9,951,141.93
225.22,-108.49,953,136.75
227.14,-98.011,979,139.19
235.03,-100.9,935,128.92
237.22,-95.186,933,139.43
235.25,-103.89,916,128.09
231.82,-113.44,954,143.12
219.15,-110.73,954,142.37
205.84,-95.427,1011,145.85
195.49,-82.247,1028,154.36
187.92,-72.683,1063,138.7
185.2,-71.576,1026,155.36
168.89,-69.811,1054,167.35
149.46,-63.656,1093,163.13
132.52,-56.156,1089,177.51
120.46,-41.678,1108,180.64
117.58,-39.273,1056,165.78
131.62,-41.336,1043,166.25
131.89,-34.133,1106,162.31
133.84,-20.157,1126,160.67
147.03,-12.864,1102,157.27
162.29,-11.919,1058,128.23
173.55,-20.259,1038,122.24
185.44,-28.778,1016,123.62
191.76,-38.936,1010,130.3
192.36,-43.696,999,125.68
195.59,-57.553,973,126.91
200.12,-61.714,994,137.7
214.04,-67.83,993,135.19
223.89,-76.374,915,136.06
235.06,-86.215,922,138.87
242.08,-94.348,883,131.12
237.18,-95.624,925,142.16
232.23,-90.501,945,125.34
229,-96.19,888,129.75
222.22,-108.5,911,132.53
223.79,-107.06,887,123.01
224.87,-107.96,864,118.87
234.17,-101.41,889,117.81
239.67,-100.54,844,118.63
246.6,-108.2,798,105.28
245.76,-112.65,807,111.84
242.52,-117.03,702,102.1
238.3,-116.92,692,101.36
237.13,-115.84,695,103.31
236.14,-115.77,725,107.62
235.85,-116.14,683,102.62
235.61,-115.93,668,102.65
235.79,-116.62,638,99.929
235.23,-116.4,665,103.48
235.66,-116.18,654,102.68
235.66,-116.82,654,103.44
236.22,-117.2,681,104.16
235.68,-117.27,695,110.92
234.56,-117.49,672,102.81
233.66,-118.57,674,102.36
237.36,-116.1,659,103.24
242.38,-115.57,601,94.561
243.6,-118.3,546,89.641
237.74,-119.6,579,90.005
242.01,-117.22,482,81.222
240.7,-118.42,522,90.567
244.44,-120.85,457,82.876
244.91,-115.88,501,84.993
246.56,-113.91,524,86.671
246.54,-113.28,513,83.918
246.18,-111.12,529,84.29
246.9,-108.47,557,84.182
246.41,-107.97,653,92.105
247.26,-115.26,785,105.77
247.42,-115.92,728,99.515
244.54,-119.12,710,98.184
238.62,-126.04,817,110.38
235.99,-133.52,793,112.45
240.02,-136.73,836,130.29
246.95,-144.56,819,128.97
252.34,-153.19,877,126.81
257.36,-158.1,926,141.12
259.94,-161.26,914,147.95
265.49,-169.01,893,140.28
270.96,-178.02,857,132.27
274.88,-184.61,912,140.27
274.87,-185.16,890,141.15
272.08,-184.25,892,131.96
261.15,-179.01,908,129.08
255.33,-174.12,843,114.19
251.06,-176.84,800,120.25
244.81,-179.19,906,133.32
238.98,-183.99,866,127.1
232.87,-186.8,828,128
224.02,-185.79,808,127.53
214.92,-187.02,831,129.47
209.38,-186,828,124.95
206.02,-182.69,772,109.14
213.1,-179.61,865,130.85
212.17,-178.63,926,141.97
204.4,-169.77,931,145.49
192.91,-160.26,934,133.89
183.98,-152.63,904,127.38
174.95,-145.56,907,126.15
171.34,-138.13,1005,131.68
175.32,-137.76,956,120.36
175.62,-138.22,927,118.88
188.35,-139.8,886,122.88
205.44,-137.88,943,117.9
216.03,-138.97,900,120.93
227.93,-136.45,923,124.95
238.38,-132.04,901,125.48
242.04,-138.57,898,125.23
245.63,-137.85,931,129.27
250.49,-143.38,921,131.6
254.56,-143.79,858,115.93
253.33,-149.19,788,108.09
251.41,-153.31,660,98.953
249.33,-154.22,724,107.82
249.14,-154.52,731,113.42
249.6,-154.89,701,107.31
248.85,-153.99,639,102.84
249.35,-154.08,664,105.61
249.4,-154.35,633,102.62
249.16,-154.41,660,105.35
249.18,-154.4,633,104.86
249.34,-154.97,627,102.24
249.67,-154.85,647,104.22
249.94,-154.38,651,103.36
249.59,-154.58,652,103.67
248.74,-154.96,645,106.9
249.33,-155.56,600,103.91
256.42,-155.93,618,112.73
254.03,-162.39,564,100.76
257.41,-162.62,613,112.18
255.23,-165.12,579,106.68
259.35,-168.57,605,106.39
259.36,-173.29,784,115.78
263.2,-178.12,749,126.01
269.69,-186.17,880,139.72
278.15,-191.65,891,157.15
285.04,-201.29,901,146.27
288.76,-204.35,861,144.63
290.05,-207.07,911,143.15
291.39,-212.03,845,123.16
290.44,-214.28,854,121.01
286.29,-209.8,915,124.22
278.45,-205.75,880,132.22
267.19,-201.71,893,138.15
259.29,-198.49,898,136.31
251.57,-197.89,871,142.06
248.32,-194.01,972,140.95
244.31,-194.03,983,145.56
244.11,-190.24,985,134.99
245.53,-189.53,968,126.68
254.32,-188.02,878,116.44
250.92,-186.43,882,123.38
243.07,-185.23,855,109.31
252.63,-187.26,860,123.69
257.15,-190.42,825,125.24
259.06,-194.66,849,128.18
272.12,-191.89,827,122.28
274.5,-197.08,736,114.8
273.65,-195.92,756,115.43
273.01,-196.54,768,116.34
272.93,-196.88,773,114.48
272.26,-196.54,754,115.08
272.35,-196.81,729,116.58
272.49,-196.53,712,113.34
272.53,-196.71,699,114.07
272.37,-196.66,727,114.91
273.1,-196.35,767,115.91
273.26,-196.76,735,113.67
272.89,-196.66,762,114.48
271.53,-195.83,751,114.13
267.22,-193.44,749,110.89
265.9,-195.44,743,122.39
274.12,-195.68,748,119.3
282,-196.56,715,108.86
279.77,-198.74,670,96.993
283.9,-198.89,655,98.821
284.93,-198.03,672,96.075
288.12,-201.42,609,91.138
293.58,-201.64,509,85.778
295.74,-204.6,525,86.705
298.29,-202.93,618,102.51
301.13,-204.51,672,116.64
305.61,-210.63,635,105.65
304.65,-214.36,652,109.93
304.24,-215.65,750,115.27
295.61,-213.69,839,126.45
289.75,-203.59,923,132.99
280.68,-200.92,872,141.97
267.73,-197.31,935,141.7
255.9,-193.93,955,147.59
241.53,-193.8,969,149.48
228.63,-190.59,933,148.71
214.09,-186.28,997,150.86
202.22,-177.63,1016,152.69
192.74,-169.65,1014,159.86
183.28,-164.47,1037,175.98
171.08,-157.12,1038,174.13
158.32,-149.71,1019,172.04
147.76,-142.18,1032,168.12
137.75,-135.12,1042,174.96
127.59,-132.83,1061,191.26
114.45,-124.94,1040,192.38
102.71,-121.35,996,176.92
88.682,-112.06,1065,200.67
74.038,-104.12,1043,201.13
66.668,-97.163,1055,175.62
66.281,-95.658,1096,200.79
51.796,-88.079,1028,190.29
40.235,-80.014,994,173.82
38.725,-73.396,1052,177.68
30.56,-65.845,1007,164.69
32.755,-65.975,1022,162.9
30.793,-68.209,1025,155.95
25.621,-60.174,978,136.76
19.399,-57.959,928,146.52
10.765,-54.203,933,140.37
6.2825,-45.355,884,125.25
0.40055,-35.336,988,137.88
1.3718,-38.214,974,127.47
-0.36919,-27.805,1039,145.94
-10.622,-16.078,1062,158.61
-23.258,-1.9066,1103,155.15
-28.92,-2.6448,1079,131.92
-23.073,3.4438,1065,145.69
-11.871,16.199,1015,145.03
3.6702,21.592,1083,159.3
22.044,27.743,1086,154.06
27.326,27.332,1000,138.17
33.795,15.244,1060,137.91
39.869,1.1327,1135,161.2
51.839,5.8137,1038,160.87
56.419,10.064,1051,150.48
45.165,8.0846,1045,155.05
39.794,1.3604,1024,135.41
43.945,-11.179,1028,131.53
48.444,-19.525,1041,161.86
59.542,-24.955,1026,141.35
69.394,-34.412,1074,170.59
77.374,-47.827,975,130.63
85.692,-48.739,1041,174.18
91.172,-59.802,944,172.08
101.18,-63.782,1043,197.66
108.11,-76.378,1022,183.8
113.39,-81.444,1045,156.56
117.68,-85.551,1098,173.84
116.24,-86.215,1043,152.38
112.51,-77.347,961,138.48
115.67,-88.348,939,147.24
122.7,-97.038,943,138.48
128.6,-95.056,989,144.4
120.17,-94.289,935,134.04
113.81,-83.973,880,125.71
117.21,-91.163,976,147.37
125.11,-89.1,949,143.02
131.06,-93.274,988,149.46
142.73,-97.38,926,124.17
150.48,-104.87,850,131.97
151.36,-111.15,924,139.26
151.04,-107.22,881,125.23
165.92,-105.48,961,131.18
181.79,-111.92,940,122.3
192.55,-124.42,953,128.77
203.56,-131.85,963,131.93
211.25,-133.05,946,136.68
208.86,-130.65,946,126.2
209.68,-137.63,903,125.33
215.97,-147.61,876,112.67
219.71,-146.56,753,106.24
219.44,-148.92,741,102.78
220.18,-147.5,769,106.3
220.18,-147.29,729,105.82
220.66,-147.52,710,106.3
220.88,-147.09,694,105.15
220.87,-146.74,695,104.98
220.18,-147.24,691,106.11
221.24,-147.68,687,105.65
220.97,-147.54,682,103.77
221.91,-147.97,693,103.3
222.78,-148.72,707,101.15
221.72,-148.78,696,100.04
220.12,-149.65,735,105.14
219.17,-151.61,776,116.86
223.13,-150.08,717,106.41
220.61,-150.09,781,119.55
225.97,-150.96,752,110.56
234.76,-153.03,801,123.47
240.59,-156.94,928,139.72
246.18,-161.31,926,135.21
257.4,-166.92,947,141.23
264.1,-173.67,938,145.04
271.52,-179.99,1031,160.4
274.37,-183.1,1016,155.44
281.66,-191.43,1004,161.29
289.74,-197.72,959,153.93
294.34,-199.64,926,145.37
289.26,-198.08,974,154.61
287.34,-197.81,909,136.45
291.95,-194.23,870,119.12
299.68,-196.33,887,121.36
305.24,-197.44,919,124.2
313.37,-197,877,119.45
318.91,-198.93,885,136.25
321.12,-198.03,885,144.73
327.96,-199.29,872,140.94
332.3,-201.19,901,147.03
331.22,-202.84,841,141.71
333.43,-202.01,819,135.28
334.39,-204.7,801,129.11
336.33,-205.77,792,119.79
336.94,-204.98,720,117.07
340.27,-207.4,666,101.19
339.94,-205.9,623,96.215
340.12,-205.36,608,92.808
339.99,-204.57,562,94.842
340.6,-205.29,514,93.345
340.63,-205.02,532,96.008
340.58,-205.43,529,93.651
340.68,-205.48,522,93.833
340.5,-204.57,532,97.166
340.32,-204.94,521,95.967
340.02,-205.73,530,96.215
340.05,-205.94,530,96.05
338.46,-207.39,543,98.035
336.15,-208,544,96.026
335.93,-206.43,491,93.379
338.11,-202.57,493,88.334
339.38,-202.41,511,91.46
338.13,-202.52,565,103.14
334.48,-205.67,552,99.449
340.31,-206.43,580,92.428
344.95,-208.46,579,93.304
344.29,-210.3,528,89.848
342.97,-211.39,610,97.233
342.2,-210.94,647,98.829
339.63,-211.2,774,109.41
341.76,-209.65,771,116.23
343.93,-215.7,685,99.995
338.4,-217.35,724,110.76
344.32,-216.84,865,131.65
349.35,-222.19,775,114.46
348.72,-227.98,736,111.3
347.11,-230.48,744,111.38
352.04,-234.24,755,117.92
350.61,-237.86,816,117.59
345.61,-237.47,761,120.84
343.34,-233.91,786,130.01
340.86,-225.3,809,126.05
339.66,-214.92,783,129.34
335.34,-212.59,763,126.31
334.7,-212.59,735,120.76
333.4,-210.31,756,116.17
329.23,-205.97,841,131.48
319.56,-201.97,890,134.56
314.12,-201.16,983,144.88
326.16,-203.83,931,131.31
335.55,-207.63,842,120.92
336.12,-208.86,768,104.97
332,-201.16,828,123.29
322.72,-198.36,907,127.2
319.19,-188.88,834,109.22
317.59,-187.17,850,122.76
320.23,-195.41,815,113.83
322.86,-202.37,879,118.32
322.17,-209.38,840,119.98
321.54,-211.89,840,119.4
321.94,-209.09,821,113.31
320.65,-209.26,839,119.27
319.25,-199.83,861,117.76
317.49,-198.67,899,115.95
320.44,-203.94,858,111.79
325.98,-200.4,837,109.51
326.35,-200.15,821,106.3
325.28,-196.55,814,112.77
324.79,-194.59,745,107.53
326.33,-195.6,647,96.538
323.77,-196.21,718,98.961
323.92,-196.38,696,98.242
324.15,-196.75,671,96.373
323.72,-195.9,641,96.398
324.11,-196.14,624,95.943
323.86,-195.78,631,97.977
324.24,-196.63,634,99.036
325.29,-196.18,653,100.41
325.95,-193.87,703,100.18
325.69,-192.6,713,98.631
324.54,-190.42,684,101.17
326.52,-188.83,686,100.98
329.77,-190.61,726,103.5
333.73,-191.46,684,101.31
330.85,-188.13,709,110.69
331.12,-193.93,675,105.79
334.77,-194.69,638,98.969
333.58,-200.58,718,107.5
327.85,-203.34,889,131.58
317.63,-207.74,867,134.99
306.41,-209.72,892,134.22
295.73,-211.18,921,143.78
289.95,-207.83,1062,162.39
280.49,-205.71,979,159.19
274.32,-193.9,1026,157.04
270.35,-182.65,1057,161.65
267.16,-179.81,1014,157.41
266.98,-173.2,1068,163.64
256.67,-161.46,1055,154.09
245.41,-151.26,1037,156.05
240.49,-137.16,1064,158.88
245.99,-132.71,1089,169.17
239.34,-122.91,1079,163.59
235.16,-114.95,1025,144.36
223.93,-111.83,1044,147.81
213.08,-113.36,1078,155.98
208.91,-103.54,1003,142.35
215.31,-102,1041,145.45
212.2,-94.915,1040,149.57
214.47,-81.385,1032,151.19
222.38,-76.458,954,140.35
229.57,-82.301,983,126.8
232.92,-76.44,939,126.99
235.81,-79.337,926,120.56
242.37,-90.726,898,122.65
245.84,-88.871,945,138.9
255.18,-94.092,947,145.67
258.09,-94.469,931,141.36
248.89,-92.386,959,146.76
236.09,-96.128,948,133.74
236.05,-91.013,917,126.05
231.38,-78.51,932,137.81
228.51,-70.912,921,128.99
235.68,-81.935,875,129.08
249.05,-88.921,914,127.46
257.53,-94.727,865,114.67
259.62,-99.055,932,138.84
265.08,-97.771,955,139.37
262.65,-97.578,905,131.29
257.83,-106.58,862,126.77
256.81,-110.99,823,118.82
256.33,-112.45,865,128.14
248.99,-118.85,897,130.84
236.76,-115.16,969,146.31
229.09,-115.09,905,131.66
220.48,-113.85,962,137.91
203.7,-118.42,967,149.96
206.41,-115.53,1016,142.34
197.36,-112.41,983,130.95
191.52,-113.56,974,140.58
184.54,-111.4,926,127.06
192.17,-123.32,984,143.1
189.09,-126.16,908,128.22
192.37,-130.15,919,134.74
198.29,-144.02,936,143.41
209.7,-154.96,947,136.34
221.27,-158.36,977,148.95
221.65,-153.45,938,121.36
222.96,-152.96,938,134.09
235,-158.44,939,130.31
239.96,-171.84,906,133.78
240.48,-174.71,801,113.61
246.2,-170.32,858,113.86
253.21,-177.35,861,115.91
262.32,-183.27,808,114.39
262.33,-187.26,807,109.31
267.75,-194.61,787,106.73
265.12,-194.6,705,101.78
263.8,-189.34,705,102
264.48,-190.37,694,96.993
264.1,-190.62,667,95.504
263.88,-190.56,656,96.1
264.33,-190.19,631,96.952
264.43,-189.92,620,96.935
264.54,-190.05,622,96.778
263.95,-190.42,608,98.101
264.02,-190.19,615,94.95
264.83,-190.7,614,94.512
265.35,-190.84,622,99.565
266.29,-190.81,581,97.944
265.92,-189.29,590,96.96
264.46,-187.88,689,101.78
268,-191.13,728,108.78
265.27,-194.34,725,104.49
260.22,-191.31,709,101.85
261.9,-190.32,722,105.03
263.19,-188.92,774,113.7
262.27,-187.38,824,113.23
263.16,-191,851,114.98
267.45,-192.85,840,115.2
265.3,-197.25,797,115.47
271.11,-201.87,841,125.62
266.47,-201.51,831,120.75
267.34,-197.06,901,132.03
264.52,-196.07,922,125.48
261.06,-188.8,951,141.18
255.82,-180.06,937,136.64
255.65,-174.51,920,129.51
245.38,-174.9,934,120.3
235.8,-171.1,916,129.82
241.39,-169.15,1007,142.31
243.3,-167.14,999,142.43
246.07,-160.25,1015,136.62
241.34,-157.26,931,128.46
244.81,-150.76,968,143.81
247.58,-143.03,953,138.06
237.55,-141.97,1012,150.86
240.93,-137.1,940,133.49
248.79,-128.69,957,132.21
251.23,-126.95,920,120.83
249.79,-132.3,943,119.76
258,-137.49,881,116.34
262.61,-140.11,929,134.95
262.71,-139.97,852,111.9
257.45,-137.07,916,121.89
257.29,-136.13,876,115.77
257.39,-133.03,899,129.78
255.86,-136.22,852,116.44
252.15,-127.13,938,129.03
247.82,-112.96,970,135.09
244.25,-103.86,950,144.39
250.03,-100.67,947,130.05
250.09,-105.82,921,129.89
248.36,-96.006,854,112.39
245.65,-89.318,878,124.29
231.99,-79.453,893,135.33
218.12,-69.381,957,142.75
207.37,-55.187,945,148.52
207.67,-53.872,944,136.33
210.44,-67.553,935,135.81
220.04,-75.543,919,124.45
219.88,-70.63,983,143.74
230.46,-68.917,887,123.84
241.77,-76.325,849,124.57
250.42,-83.671,825,120.17
259.6,-89.34,789,123.71
263.26,-91.682,860,113.95
258.9,-96.927,888,137.62
264.5,-96.188,863,116.58
261,-99.551,863,126.19
264.7,-98.389,826,123.82
269.86,-98.209,787,115.12
277.96,-97.074,776,120.03
279.64,-102.29,802,123.23
278.12,-97.675,764,117.14
269.23,-105.43,803,122.43
258.74,-102.75,807,120.63
251.22,-115.47,915,136.71
247.07,-114.22,892,124.82
249.64,-124.82,893,125.72
254.26,-138.27,857,118.36
260.18,-142.14,862,129.14
262.21,-144.82,814,111.95
268.01,-146.45,788,112.04
270.07,-149.67,817,114.97
270.73,-152.04,793,106.6
267.8,-165.76,805,119.93
272.1,-175.59,822,128.18
271.83,-171.88,798,111.72
271.34,-164.13,759,107.82
266.6,-175.9,729,110.15
261.15,-181.81,768,131.74
262.21,-192.54,822,127.35
270.76,-191.89,785,116.68
277.15,-192.5,741,112.22
283.17,-192.14,724,113.48
284.67,-197.2,641,98.614
283.17,-198.31,616,96.794
282.79,-199.04,631,98.903
283.3,-198.84,619,98.738
283.22,-199.45,567,93.271
282.94,-199.27,556,94.214
282.72,-199.21,545,93.891
282.96,-198.93,561,93.825
282.9,-198.53,558,95.132
283.12,-199.19,557,92.684
283.22,-199.81,574,93.362
282.58,-200.22,579,93.329
282.35,-199.94,610,97.026
281.95,-197.72,628,103.21
286.66,-195.88,633,101.14
289.74,-197.46,634,102.29
286.52,-202.82,603,97.737
288.6,-210.21,589,91.13
286.5,-211.89,651,103.06
285.56,-211.83,731,115.96
296.13,-214.61,742,114.19
290.12,-217.15,674,110.45
297.91,-217.41,779,123.35
305.17,-220.74,690,117.77
302.82,-226.4,695,109.76
295.38,-223.34,711,112.18
290.68,-214.78,727,106.99
297.72,-218.61,761,115.35
304.52,-222.31,695,117.56
309.28,-225.02,803,120.84
299.05,-225.83,727,112.62
293.92,-217.02,732,104.85
293.9,-216.15,711,114.87
294.97,-211.11,780,125.6
299.77,-213.49,815,138.14
295.15,-213.74,737,115.32
301.78,-212.19,765,120.48
309.82,-214.14,760,123.14
314.17,-219.11,831,130.73
324.1,-216.07,740,131.64
334.4,-210.18,751,114.79
339.1,-213.58,736,118.82
348.18,-217.51,717,112.08
339.18,-213.52,771,125.21
331.18,-202.09,727,121.07
325.76,-199.36,875,141.18
330.03,-209.15,701,134.07
334.77,-214.25,717,125.84
337.26,-208.98,827,128.58
333.56,-210.68,752,119.45
330.89,-210.63,723,109.39
333.02,-205.69,740,110.34
331.61,-205.53,748,112.8
330.48,-207.38,761,109.58
335.16,-210.66,784,113.14
336.32,-212.67,839,114.47
337.5,-206.15,763,109.23
332.6,-213.39,659,102.05
344.78,-213.25,700,101.66
350.06,-213.41,741,120.66
347.5,-222.76,737,113.24
357.52,-224.41,634,108.22
358.28,-226.67,633,115.04
356.49,-231.9,669,107.89
352.18,-231.6,635,103.61
351.1,-234.41,598,92.883
348.7,-233.11,631,103.09
351.6,-229.23,682,105.92
355.67,-230.43,694,101.24
350.3,-231.84,662,93.892
348.91,-235.35,615,91.733
349.47,-235.36,628,100.29
344.02,-230.2,694,101.34
339.49,-217.92,691,102.08
332.27,-210.69,734,109.04
327.24,-199.34,719,110.37
327.58,-199.05,765,115.03
329.01,-205.73,776,107.88
334.85,-205.43,728,96.009
326.91,-199.95,685,102.47
328.31,-193.56,683,103.2
323.51,-188.96,667,112.37
324.83,-192.76,707,104.44
326.17,-195.31,656,112.59
321.38,-194.74,760,114.67
319.43,-199.81,761,113.93
320.72,-212.38,734,112.34
320.82,-218.13,777,114.68
319.83,-222,756,101.58
320.91,-217.52,715,101.14
321.42,-213.6,745,100.8
323.87,-210.11,701,100.83
320.15,-213.46,731,95.637
321.1,-218.18,689,94.628
325.18,-225.76,644,93.495
321.49,-224.89,593,90.84
321.73,-225.35,574,88.474
321.32,-224.55,561,89.715
321.56,-224.91,544,90.029
321.52,-225,523,87.085
320.96,-224.92,530,92.345
321.64,-225.02,507,87.507
321.45,-225.01,501,88.897
321.43,-225.09,522,90.766
321.59,-225.08,493,87.201
322.47,-225.13,507,87.937
323.55,-224.74,514,90.178
323.14,-223.09,500,87.49
322.22,-223.21,535,88.309
318.4,-227.01,522,89.227
318.51,-230.36,539,87.259
321.49,-231.29,534,87.796
320.92,-226.71,520,89.939
319.74,-227.19,493,84.174
322.03,-224.94,501,81.18
319.85,-227.96,496,85.266
319.53,-226.09,602,99.639
316.43,-227.76,686,100.95
321.25,-231.83,691,100.56
312.81,-227.33,711,111.43
315.6,-227.94,731,117.18
320.01,-232.53,703,103.15
320.05,-230.82,686,101.34
315.19,-228.67,759,106.87
320.69,-228.14,722,99.176
322.3,-228.37,702,100.64
322.56,-224.47,739,115.1
330.76,-219.21,701,125.69
324.81,-222.65,652,106.6
325.89,-221.86,689,114.53
325.61,-222.07,616,106.21
325.68,-221.05,572,105.39
325.92,-222.03,580,107.82
325.38,-222.23,569,105.1
325.32,-222.52,557,102.86
325.45,-222.73,567,102.59
326.87,-222.95,581,100.42
328.28,-223.91,591,100.85
328.74,-225.07,620,105.06
327.07,-226.71,583,98.936
324.17,-227.17,566,100.03
324.13,-228.72,592,100.71
327.22,-226.64,593,94.454
328.92,-220.95,602,94.529
332.85,-217.21,617,101.06
331.84,-223.85,662,109.13
329.04,-230.72,668,101.59
325.17,-231.05,644,99.582
329.94,-232.51,640,110.49
338.83,-232.68,649,105.37
346.58,-235.64,728,113.62
348.38,-241.53,744,110.13
351.18,-239.88,684,105.09
356.38,-247.13,699,100.09
349.85,-244.28,684,105.11
342.46,-238.28,665,97.424
347.52,-239.28,672,102.57
357.21,-245.71,671,107.2
360.48,-254.09,670,107.65
358.19,-252.68,652,110.72
357.75,-250.28,707,113.2
355.08,-253.83,751,119.28
352.25,-246.83,762,119.35
356.96,-252.14,656,109.58
358.71,-254.07,690,117.1
359.08,-254.61,618,113.09
359.78,-254.87,670,98.035
349.65,-255.74,646,100.48
361.03,-252.83,654,113.73
370.72,-261.61,556,110.9
371.75,-268.12,760,119.23
373.92,-268.62,809,120.74
372.12,-267.37,858,133.14
368.24,-263.84,914,148.5
358.34,-258.42,766,106.69
356.92,-256.42,693,99.135
361.18,-259.18,692,109.55
362.85,-260.88,731,106.37
372.7,-260.04,818,111.54
382.72,-264.26,842,115.58
383.75,-269.47,855,111.99
382.3,-268.92,846,109.51
375.35,-268.07,762,101.8
382.47,-272.92,754,100.52
373.62,-271.21,779,100.49
367.88,-275.16,699,96.819
368.7,-264.77,705,99.094
378.29,-261.32,754,110.1
385.69,-271.63,769,108.82
390.31,-278.42,811,113.53
386.58,-284.05,767,107.33
389.33,-277.02,751,103.32
378.17,-270.95,793,101.68
380.46,-276.67,761,101.33
389.29,-276.78,717,99.176
390.82,-280.19,629,91.576
388.51,-278.52,632,92.337
389.05,-278.18,630,89.045
389.37,-278.01,596,88.02
389.4,-278.38,584,86.87
389,-278.57,571,88.119
388.73,-278.29,572,85.861
389.05,-278.48,572,87.077
389.05,-278.19,562,85.001
388.72,-278.68,567,87.35
388.43,-278.31,570,88.508
387.29,-278.08,594,91.601
385.67,-278.57,594,87.582
384.75,-279.97,568,86.184
387.7,-280.06,635,95.331
390.91,-281.72,613,93.958
390.28,-279.52,578,90.542
385.58,-278.38,530,86.597
388.21,-280.31,512,85.324
387.9,-279.26,481,79.948
383.88,-277.05,591,95.38
387.25,-277.27,631,96.034
383.95,-279.89,672,96.612
375.55,-277.11,672,103.86
372.02,-275.8,789,120.88
365.9,-274.89,791,118.61
369.94,-273.8,876,137.91
370.32,-269.13,857,125.67
371.02,-263.67,898,116.69
374.13,-272.85,841,107.26
381.42,-273.77,825,112.33
376.95,-274.05,775,104.79
376.13,-268.6,771,105.23
378.22,-266.05,810,110.48
376.92,-269.75,814,104
378.16,-268.67,831,110.27
383.56,-275.21,789,106.58
375.41,-272.04,819,111.26
379.25,-273.63,785,106.16
383.83,-267.22,824,104.41
372.7,-274.22,788,106.13
373.4,-268.34,840,117.79
380.18,-260.5,845,120.35
387.48,-268.35,824,110.52
392.22,-272.29,851,112.82
390.52,-265.48,796,108.28
393.09,-265.64,799,105.79
396.73,-268.66,768,106.76
391.2,-266.05,829,115.65
380.97,-263.53,801,109.55
387.88,-256.52,775,104.92
389.28,-259.16,798,111.28
390.07,-262.54,774,106.31
395.01,-268.44,768,110.38
393.67,-269.97,733,101.57
391.95,-262.57,735,104.61
395.92,-256.38,781,111.1
405.1,-259.02,748,103.85
409.13,-254.04,756,105.98
413.77,-258.29,743,111.66
421.92,-257.68,743,122.57
426.43,-255.65,813,134
434.83,-254.81,805,129.68
443.35,-257.5,795,125.59
448.11,-257.49,802,117.73
447.76,-258.46,746,120.44
446.78,-258.22,720,108.12
443.71,-255.88,698,99.416
442.21,-258.75,741,110.11
438.77,-253.47,726,101.14
439.26,-256.1,766,101.95
448.05,-260.41,699,98.614
448.86,-256.59,687,102.98
445.13,-258.63,669,93.544
448.25,-262.05,679,96.166
444.12,-263.82,597,90.542
443.36,-261.16,656,95.372
444.7,-261.32,608,89.839
445.01,-260.89,609,88.963
444.8,-260.81,596,88.996
444.63,-261.06,578,86.912
444.87,-261.05,569,85.779
444.77,-260.26,572,86.151
444.66,-260.92,561,86.085
444.18,-260.72,564,86.457
444.97,-260.94,560,86.184
444.4,-260.85,560,87.888
445.11,-261.08,556,86.581
446.22,-261.87,559,90.311
448.14,-261.78,603,93.768
448,-263.02,650,95.959
448.13,-264.46,581,87.151
444.33,-263.43,606,89.442
438.54,-261.52,629,95.951
438.43,-262.29,640,94.595
446.81,-262.27,587,88.392
446.3,-263.89,668,97.572
449.18,-269.74,664,94.487
452.49,-261.82,669,97.183
445.75,-265.03,760,113.16
445.4,-267.21,732,103.48
449.52,-263.92,771,106.55
441.89,-257.87,736,102.35
440.39,-259.38,726,104.35
438.57,-259.23,697,98.333
442.88,-254.21,728,106.02
451.26,-259.33,783,107.98
456.83,-265.39,766,101.71
453.82,-269.04,790,109.74
448.12,-266.77,800,106.85
449.74,-267.8,745,103
443.25,-266.84,763,104.87
441.03,-257.22,761,102.72
435.6,-262.44,760,102.45
447.16,-262.62,761,108.22
441.85,-255.6,760,110.2
448.1,-254.97,796,117.92
457.98,-263.98,753,102.93
458.25,-264.33,699,100.47
453.33,-271.32,763,118.4
456.48,-265.69,729,110.12
461.44,-267.26,537,87.209
460.94,-272.41,505,80.824
459.53,-274.01,601,88.929
452.65,-264.24,756,106.8
461.06,-267.56,562,86.936
461.36,-264.84,564,89.094
461.68,-268.27,524,90.26
463.34,-273.69,508,86.771
460.33,-269.35,590,92.634
463.43,-270.2,591,91.418
461.01,-268.72,466,83.454
464.77,-271.66,342,76.458
462.7,-266.14,434,79.625
469.69,-267.91,708,99.474
472.44,-276.06,654,95.926
473.06,-277.84,644,102.07
469.03,-280.37,627,103.82
460.1,-280.38,695,107.79
465.41,-269.48,715,107.07
472.62,-276.69,710,101.38
478.64,-280.15,653,102.21
476.35,-280.42,655,103.21
468.74,-280.9,676,106.24
474.63,-275.55,586,88.301
477.58,-282.23,633,101.42
475.61,-287.21,681,100.93
469.33,-290.17,656,100.33
469.07,-283.46,620,94.049
471.81,-279.92,649,96.265
461.6,-285.75,652,96.149
458.61,-284.34,684,109.05
467.28,-278.51,656,103.87
477.06,-281.89,660,95.256
474.77,-288.99,600,88.028
474.32,-291.22,595,92.593
468.64,-297.2,603,91.005
474.76,-292.72,644,103.37
473.18,-291.45,655,98.217
461.42,-291.54,646,93.28
458.22,-283.32,592,92.866
467.29,-276.75,677,100.66
477.56,-279.86,669,97.605
467.44,-287.85,679,100.71
467.61,-292.05,617,101.52
473.53,-286.83,698,102.54
464.05,-287.48,664,105.58
468.61,-282.95,678,106.07
460.33,-285.67,636,100.09
471.09,-286.1,676,100.14
480.52,-291.08,644,94.206
475.25,-289.83,658,96.471
467.38,-284.41,599,86.606
471.06,-285.02,602,90.062
481.89,-282.43,633,97.705
481.66,-292.5,633,96.836
479.89,-285.94,636,95.951
486.65,-289.78,613,95.124
485.4,-286.52,619,99.268
484.72,-293.2,577,94.148
490.82,-290.35,620,95.173
494.24,-290.44,642,96.745
490.42,-297.44,536,83.711
486.97,-293.89,513,82.28
488.95,-292.75,513,86.639
488.47,-291.68,504,87.193
488.71,-291.03,482,85.531
488.29,-291.27,471,83.43
488.62,-291.49,438,82.256
488.94,-291.38,454,84.332
488.43,-291.39,426,80.668
488.21,-291.48,455,82.413
488.46,-291.34,450,81.983
489.11,-291.2,428,78.377
489.35,-290.99,435,77.525
489.9,-289.72,428,75.416
489.17,-288.79,443,77.748
486.99,-291.28,494,83.537
488.04,-295.21,463,79.824
490.58,-295.58,421,77.616
488.72,-290.9,411,75.3
485.89,-293.55,418,77.897
489.89,-295.43,367,71.554
487.26,-296.05,343,67.84
489.39,-292.65,367,74.696
494.09,-289.32,413,80.477
494.22,-286.7,418,75.127
495.76,-287.73,403,72.48
500.66,-291.94,451,76.987
500.63,-289.2,549,88.474
499.42,-291.53,586,102.44
494.91,-285.54,638,110.99
498.63,-281.16,661,108.45
502.69,-280.22,681,118.11
508.99,-278.47,693,112.8
511.67,-276.02,697,119.75
515.27,-280,743,119.83
517.13,-283.09,681,97.042
512.56,-281.9,674,102.62
508.01,-284.11,610,98.118
514.02,-278.41,664,97.415
522.27,-278.23,660,94.115
525.5,-283.02,659,98.25
522.44,-287.34,631,93.908
526.39,-288.22,627,92.246
525.8,-288.82,601,93.172
517.5,-283.58,572,90.402
522.57,-287.41,583,92.022
528.06,-280.95,645,99.284
523.16,-293.17,646,94.561
526.94,-288.47,590,90.079
516.24,-284.26,641,95.727
519.54,-293,635,97.208
527.43,-288.48,633,95.901
