0,-0,144,47.959
-0.45482,-1.4588,249,58.446
-1.5045,-2.367,262,61.423
-1.5936,-2.6128,260,60.786
-0.56489,-3.5728,253,69.321
0.60647,-3.3971,281,70.462
2.2284,-3.9104,317,75.11
3.9994,-3.3188,286,72.662
5.46,-2.9491,308,78.17
7.5252,2.6328,344,76.235
7.8245,6.1657,340,66.972
6.818,4.6402,343,75.863
8.092,2.5732,345,79.063
13.534,2.4907,324,72.207
16.552,4.8537,331,76.805
21.985,8.8932,284,73.133
26.656,11.353,297,77.575
27.087,10.757,254,72.381
31.978,7.7901,266,71.844
36.359,8.8389,225,69.594
44.549,9.3715,236,74.465
47.177,10.607,214,72.414
54.377,13.908,262,69.114
64.202,13.528,270,64.623
76.048,12.701,285,67.592
79.745,11.842,290,65.078
81.313,16.017,287,66.393
87.482,20.39,271,63.209
99.979,19.756,260,61.911
107.95,15.775,237,64.359
109.84,15.147,235,55.981
113.12,18.446,323,78.815
118.84,19.537,311,73.58
126.69,22.051,336,73.191
137.69,23.027,336,75.218
144.78,21.602,326,70.313
150.63,19.001,317,71.025
156.89,21.432,330,73.199
161.83,21.968,296,66.484
171.9,23.585,285,73.588
179.1,21.632,248,73.382
189.64,21.865,238,60.761
197.55,28.54,221,69.089
203.1,28.126,237,68.626
216.01,31.634,236,60.579
220.76,37.458,232,76.011
229.2,40.805,262,72.753
237.45,44.203,250,63.598
244.71,48.252,255,64.243
246.07,53.526,316,71.926
247.45,50.507,314,71.628
250.99,51.394,302,70.214
252.92,51.332,316,75.243
253.37,50.57,302,73.977
255.67,51.064,340,77.434
256.41,50.262,344,75.474
257.85,51.772,346,78.195
256.81,52.732,326,76.995
258.74,48.161,283,76.342
254.66,44.741,241,68.577
251.56,45.499,244,66.294
253.17,45.426,297,74.349
255.86,42.586,304,72.042
252.82,43.057,316,72.298
252.43,43.702,305,69.18
251.99,49.09,290,71.057
254.63,48.194,306,70.992
256.5,48.974,333,73.745
258.14,42.183,318,75.573
260.03,41.438,307,73.613
260.19,40.839,321,71.546
258.94,42.09,292,71.099
252.33,46.242,290,68.932
246.04,41.451,251,65.533
253.02,36.024,326,78.385
255.59,37.515,362,77.343
261.25,39.527,317,73.042
256.35,43.919,338,74.871
252.47,40.556,269,68.262
255.31,43.476,221,64.152
257.08,43.516,255,63.623
254.53,42.607,264,62.531
252.82,43.555,259,60.579
254.26,42.794,276,68.254
250.85,42.749,238,60
249.9,43.633,259,65.492
251.37,45.903,289,67.626
253.13,46.834,306,70.619
252.82,50.95,253,55.659
250.84,47.371,325,64.309
253.41,50.847,332,67.799
255.45,49,287,72.364
254.49,49.217,346,69.875
252.34,48.264,346,71.347
255.27,49.969,309,67.427
253,45.294,271,67.427
248.04,44.372,284,69.089
251.65,41.483,305,73.795
252.31,38.483,329,75.151
254.73,35.254,347,77.004
258.38,32.165,335,74.829
263.59,33.801,338,78.757
262.42,31.437,327,73.861
261.45,33.473,325,71.148
263.1,34.366,334,72.96
263.96,37.882,346,76.632
260.63,38.153,376,75.383
259.3,40.649,342,75.573
256.07,41.413,288,62.225
255,39.137,311,61.266
248.52,45.852,403,70.958
247.46,52.254,470,78.683
247.62,54.767,474,76.392
254.2,50.962,423,72.017
247.77,48.432,337,65.831
248.16,56.896,378,66.873
252.78,58.521,484,80.37
258.96,47.259,467,79.998
263.25,37.492,391,68.717
263.54,29.505,310,63.118
269.88,26.648,294,67.535
277.29,30.914,328,71.322
279.78,31.209,344,74.713
282.57,31.816,350,73.605
287.04,32.534,349,75.929
291.06,36.464,355,75.565
291.66,36.067,361,75.3
293.39,37.634,358,77.368
292.32,39.266,301,69.023
290.77,38.201,258,67.683
283.42,31.055,338,74.159
282.93,30.782,344,75.871
282.12,32.844,362,78.41
284.08,33.728,339,75.664
284.17,34.546,349,75.73
280.97,34.063,307,75.383
282.4,32.416,323,72.803
280.69,35.192,336,73.671
278.85,38.269,346,73.398
283.86,38.275,351,74.332
287.41,38.03,348,75.474
291.99,37.95,350,75.59
295.86,37.749,355,75.11
300.17,36.839,359,75.78
302.87,36.297,353,76.425
305.89,34.255,357,78.401
297.92,30.361,343,88.227
288.73,32.239,300,79.807
283.09,33.415,304,73.886
282.94,30.157,345,78.757
283.63,28.995,336,76.168
280.5,29.706,333,76.88
278.94,30.129,287,68.833
275.72,36.557,320,76.723
276.05,38.839,261,61.803
280.16,42.841,246,70.173
283.28,38.752,330,77.417
281.34,41.321,343,76.218
275.2,37.414,337,73.539
267.86,35.175,303,70.429
266.74,39.785,354,77.186
261.51,38.514,367,78.956
255.17,34.919,377,68.651
262.68,40.162,416,72.381
262.24,40.419,419,78.567
261.55,40.179,422,73.687
258.99,35.697,399,72.298
259.51,41.958,471,76.863
255.56,51.869,520,83.364
255.64,47.519,547,86.953
257.93,39.666,516,85.348
259.49,40.687,506,80.552
256.07,35.595,507,79.08
245.75,32.393,506,80.808
240.37,34.548,457,74.622
236.68,32.396,473,77.749
241.57,30.742,354,67.981
247.8,26.57,352,75.391
251.11,20.982,340,74.713
253.88,21.943,371,78.137
251.86,29.032,295,64.359
262.56,31.555,365,80.842
266.53,27.833,275,65.103
265.64,31.122,306,73.15
264.22,31.181,314,77.508
263.24,32.419,338,72.182
258.24,36.175,334,70.586
257.74,36.152,340,72.323
257.97,39.725,336,79.237
258.12,40.844,389,75.639
257.72,40.127,409,74.457
259.2,39.424,387,69.205
257.78,36.69,439,79.336
255.72,35.356,431,78.683
263.64,40.414,352,70.495
261.12,40.124,333,67.675
259.21,38.15,286,66.236
255.71,37.645,241,62.763
250.87,43.651,299,79.626
250.31,36.526,212,53.847
246.4,34.511,329,77.004
243.41,37.589,314,74.482
243.66,38.213,264,69.42
244.01,37.81,251,61.638
245.93,36.354,263,58.338
245.86,43.921,382,72.207
247.82,54.2,567,86.688
242.56,42.918,516,81.958
252.22,36.02,552,88.731
259.79,34.391,506,82.404
262.8,30.931,571,85.969
269.28,31.693,471,78.261
277.49,25.87,449,74.73
281.79,26.728,420,72.389
285.26,24.759,402,70.81
285.52,26.465,395,68.924
279.13,29.28,343,66.302
285.26,23.359,392,69.032
285,31.881,454,75.358
286.84,28.41,531,84.563
291.39,26.746,487,77.831
289.83,29.433,469,76.053
293.12,33.075,439,74.928
289.14,29.336,482,79.237
285.17,24.262,475,80.51
280.53,27.736,502,80.031
284.27,31.618,477,78.095
285.57,30.853,510,81.461
291.48,31.302,511,81.362
298.45,27.122,547,84.654
295.18,22.042,512,81.089
294.34,27.698,512,80.692
287.02,26.73,542,85.315
271.68,30.036,565,86.912
255.42,39.259,592,90.005
249.85,49.081,601,94.868
250.86,43.738,607,91.386
261.31,40.089,631,93.155
260,48.864,632,101.61
271.77,47.819,582,88.855
273.3,47.988,530,82.28
265.19,51.061,504,80.461
265.01,56.399,383,80.527
272.07,49.695,415,80.924
283.55,50.073,479,77.376
285.35,49.486,496,80.535
284.86,56.21,395,69.089
286.22,51.713,456,76.011
290.03,41.502,445,74.738
298.84,32.867,433,72.844
299.44,24.321,342,63.755
297.57,27.638,329,65.07
290.24,29.808,389,82.603
289.59,27.793,293,72.596
285.62,25.47,325,72.406
288.04,24.25,355,71.645
289.79,28.053,408,71.579
289.63,33.765,403,70.429
284.07,34.196,389,68.444
278.96,27.486,416,74.076
278.16,28.281,476,78.145
271.79,31.885,558,89.591
254.83,40.518,654,99.085
245.05,39.524,561,89.93
246.74,54.423,545,85.878
252.91,58.057,562,90.269
247.98,40.904,586,94.322
257.88,33.281,563,89.128
269.88,42.334,548,86.639
286.49,40.517,515,82.57
298.74,36.399,435,74.465
305.66,30.716,317,63.226
307.75,34.288,334,63.573
307.85,22.735,337,64.499
304.56,29.886,310,62.01
299.2,33.389,285,76.888
302.72,32.494,268,70.528
302.56,31.65,258,68.262
299.63,35.441,255,65.302
294.86,33.639,318,67.725
294.57,29.708,343,64.797
291.33,27.292,539,86.531
277.62,37.198,545,85.713
270.58,46.911,562,87.449
256.74,33.747,580,90.079
246.68,27.147,511,81.685
245.19,38.428,544,88.689
257.08,32.556,629,96.141
272.87,24.377,602,92.949
289.08,24.396,613,97.432
294.91,16.27,563,84.472
299.46,16.524,510,82.057
296.09,18.717,430,73.059
292.53,20.934,346,68.188
286.57,20.293,386,72.488
288.01,21.772,352,66.526
286.74,24.313,354,64.425
286.89,25.151,424,75.358
280.22,27.59,454,75.226
276.75,28.046,555,86.539
290.21,22.707,591,87.391
303.5,29.744,621,89.947
314.56,27.451,571,85.663
317.4,21.302,529,82.793
319.67,18.429,385,71.38
326.42,9.5833,333,72.1
329.46,14.26,326,71.273
332.27,22.388,346,76.616
332.74,24.785,365,78.154
333.44,20.593,352,75.234
332.6,17.281,327,71.305
318.08,15.335,301,67.154
318.7,6.682,348,71.049
319.6,10.287,276,67.7
316.56,11.896,283,76.425
318.96,17.931,310,78.451
321.02,14.444,253,76.681
322.87,12.742,239,69.875
322.73,14.856,249,74.3
326.98,19.319,268,75.11
328.2,21.451,272,75.474
324.67,19.559,325,77.467
324.64,8.2438,345,73.696
326.85,8.8776,415,73.712
329.31,16.348,439,73.588
320.77,16.027,419,71.372
310.37,25.43,347,65.351
300.19,26.803,337,67.89
298.49,22.952,339,64.243
283.62,22.275,405,70.983
277.52,27.197,491,80.097
284.78,42.231,487,82.859
281,42.467,406,74.713
280.25,42.448,381,67.708
273.2,49.683,362,73.869
256.31,47.703,444,78.608
248.7,41.97,563,87.325
248.55,44.51,616,92.163
254.42,57.489,588,89.74
256.37,60.126,567,88.426
264.14,55.324,597,92.394
258.04,52.741,534,85.77
261.1,52.685,586,88.855
270.65,50.336,611,91.303
284.39,52.721,571,86.506
291.72,55.785,559,85.406
295.14,53.505,412,74.854
290.69,58.491,349,69.867
293.1,62.503,272,66.203
296.6,56.306,309,72.042
291.86,56.13,282,67.129
294.22,49.243,276,64.822
293.53,49.982,297,63.598
292.57,44.05,313,68.469
292.55,46.349,304,65.74
284.22,50.109,473,88.094
263.68,49.377,618,101.45
248.67,38.125,655,96.513
246.63,36.159,650,96.554
257.86,24.826,623,97.92
276.25,22.695,617,95.794
295.09,19.707,591,89.905
297.94,14.281,533,83.463
288.85,13.721,406,72.877
281.61,24.012,392,70.313
268.04,33.362,546,87.424
253.64,42.354,579,87.863
250.47,59.417,589,91.7
262.47,61.649,581,91.733
278.31,50.996,637,97.299
298.18,44.813,644,98.159
310.21,34.458,605,91.7
303.23,37.816,583,92.172
301.21,37.028,600,92.99
294.95,27.192,603,90.716
281.12,28.606,613,94.628
294.44,17.799,603,88.979
300.85,15.643,589,87.722
304.14,19.425,619,91.402
304.47,17.374,595,87.383
298.02,24.022,551,82.718
289.97,28.406,583,88.309
276.87,38.625,480,81.288
273.77,43.584,456,77.839
278.56,40.104,447,76.681
263.47,40.907,465,77.525
261.33,47.401,479,80.287
260.59,42.711,448,78.939
247.83,45.868,425,73.208
243.36,38.27,523,81.759
251.52,43.801,460,82.032
259.69,43.628,501,83.446
247.35,32.738,493,78.964
256.71,31.157,449,74.076
269.06,30.171,490,79.286
266.53,25.29,474,77.285
267.26,22.669,508,81.18
275.37,25.91,523,84.679
286.73,13.868,489,79.683
290.28,11.438,348,67.989
290.13,17.286,427,75.102
307.12,27.961,500,83.157
318.34,32.383,506,80.99
313.65,27.441,595,91.493
330.37,25.208,576,89.153
336.73,25.387,607,93.453
322.67,19.784,585,89.6
316.17,14.936,608,93.214
321.12,29.627,583,88.491
330.73,24.278,395,73.721
340.01,20.624,372,72.894
335.89,23.471,319,75.019
336.01,23.291,247,71.653
337.56,21.566,298,77.318
328.06,19.702,324,74.829
328.79,17.234,385,82.933
326.54,14.788,354,80.701
329.16,11.39,521,80.758
316.23,15.399,594,96.844
297.93,18.551,631,104.93
280.75,31.628,681,105.73
266.8,51.938,676,99.052
257.36,61.772,591,88.549
247.51,54.058,589,92.751
241.45,38.491,619,97.34
249.94,37.235,636,97.092
241.6,44.604,478,77.922
237.48,49.09,340,68.833
241.33,47.588,326,65.103
236.8,47.649,389,71.554
230.76,56.039,510,78.592
236.21,62.477,388,72.455
237.32,61.305,336,68.345
235.19,67.893,368,72.935
235.06,71.186,257,60.182
234.69,67.879,289,70.71
236.93,63.628,452,76.814
239.08,68.099,491,81.321
241.79,70.932,462,77.831
254.23,64.539,414,75.879
271.1,55.462,424,77.649
282.09,61.251,477,81.61
286.71,63.939,432,76.615
306.79,47.668,445,80.296
317.36,47.62,415,73.596
301.99,51.944,379,68.163
301.93,59.283,381,68.618
301.26,46.901,390,72.687
283.3,41.399,542,87.358
270.51,45.302,466,77.343
250.79,46.541,446,78.774
248.66,29.919,312,72.364
262.6,34.562,364,71.438
269.89,26.154,308,71.074
267.99,20.224,357,72.43
266.74,21.157,250,64.243
267.89,24.12,275,60.761
268.11,23.412,310,65.765
267.8,27.328,286,63.209
267.88,31.8,330,63.78
272.52,30.539,324,63.3
275.4,17.451,323,66.708
290.24,12.096,350,72.96
290.03,6.5932,392,77.74
300.21,11.405,422,76.508
315.23,5.2378,297,61.216
323.89,9.0024,341,67.336
325.71,13.28,333,65.649
328.13,9.7251,325,63.127
334.46,13.42,320,63.118
334.55,9.5276,431,76.326
326.64,12.863,315,62.539
333.32,11.821,378,69.445
327.76,16.5,335,63.118
330.03,26.179,415,73.977
325.69,27.431,413,73.026
315.81,24.123,376,68.527
312.32,38.263,379,71.818
326.16,28.135,450,77.558
322.28,25.356,392,70.148
319.65,9.9946,294,63.763
322.01,14.232,333,64.731
320.5,8.2728,345,64.615
321.55,15.205,461,76.011
319.72,14.747,620,97.026
304.79,7.7166,525,84.397
289.86,18.671,503,80.99
296.26,36.515,588,91.584
312.22,41.475,549,88.152
304.78,41.868,532,85.952
284.21,48.26,546,89.178
277.52,63.781,525,85.233
284.32,65.946,443,75.366
284.79,63.31,422,71.744
295.75,58.863,452,75.838
304.92,61.588,419,71
302.58,63.012,381,69.04
289.94,47.698,371,68.328
285.23,28.188,401,71.678
281.89,13.316,482,80.436
299.32,9.1347,485,81.669
301.1,18.743,507,85.87
292.97,38.173,440,78.501
283.52,39.463,338,64.541
281.27,51.822,383,73.844
289.61,55.566,343,70.421
284.79,57.401,338,69.172
286.4,52.704,244,60.977
291.98,56.086,384,84.861
294,58.306,318,75.78
297.73,57.415,319,78.848
296.84,55.585,326,81.032
300.8,58.963,346,79.543
297.27,57.526,298,68.742
301.01,56.261,287,65.144
303.92,61.158,340,72.513
307.32,66.815,302,80.345
299.59,63.167,287,74.316
294.3,60.755,274,64.317
293.05,64.422,301,77.781
283.17,56.369,250,61.952
285.16,58.223,267,62.043
279.4,63.631,294,69.247
269.03,50.373,366,80.163
270.83,44.298,400,82.33
278.56,42.945,414,73.514
276.25,45.982,472,77.682
271.85,48.204,457,77.119
274.23,47.493,464,76.334
279.92,45.144,405,70.884
290.27,51.629,302,62.845
293.32,57.509,275,66.236
298.58,59.509,273,70.619
291.53,64.646,319,68.254
282.63,64.198,231,60.67
288.02,69.261,250,71.438
284.58,69.665,321,73.696
284.8,70.601,354,66.021
289.15,73.132,353,67.146
292.19,75.923,326,69.296
292.27,73.239,307,73.406
289.66,69.695,304,71.81
289.75,72.221,304,75.052
291.97,74.593,302,75.573
292.07,75.401,314,74.465
289.94,76.241,327,71.264
291.47,79.507,288,71.347
293.68,79.763,316,71.372
293.38,79.49,345,65.93
293.71,79.022,313,64.334
289.48,74.605,299,73.241
287.57,71.826,328,84.066
288.23,70.322,382,82.785
289.66,67.334,372,79.468
280.1,63.406,399,83.248
284.75,64.067,359,72.174
284.01,67.332,309,69.288
282.61,66.386,307,65.657
281.43,63.938,372,79.245
289.99,63.346,329,74.779
286.07,65.423,274,71.901
286.02,71.423,240,71.537
288.49,71.36,237,70.264
289.76,70.468,263,71.62
289.85,66.83,293,69.387
288,72.557,339,77.831
282.98,72.047,352,75.201
276.09,70.476,365,80.552
273.37,68.153,312,70.446
275.03,67.067,339,69.048
279.67,69.373,377,71.901
280.47,69.259,312,62.721
282.81,74.142,262,62.531
284.25,68.782,279,62.357
280.08,68.025,333,70.719
278.53,67.637,298,62.01
281.2,69.315,215,58.082
284.49,69.014,205,53.194
284.69,72.38,371,79.882
287.02,68.606,336,68.833
288.31,69.356,336,66.79
289.27,58.957,448,85.985
286.44,55.695,532,97.365
280.04,55.732,534,95.347
283.11,59.147,461,77.748
286.56,61.076,354,70.719
288.39,57.324,339,71.182
285.69,51.802,347,72.273
287.67,46.425,443,81.941
285.69,43.569,490,88.475
290.65,35.37,484,92.345
303.34,34.185,588,113.01
318.12,27.26,577,108.23
313.28,28.14,489,86.647
307.11,23.1,299,61.431
309.42,14.347,598,103.79
325.85,11.929,634,100.78
330.49,0.6212,589,90.087
332.89,-1.7279,537,89.732
338.7,-1.8418,398,77.392
338.74,-18.284,345,78.939
345.33,-15.377,336,73.191
349.14,-14.837,334,74.556
351.73,-13.089,334,74.258
350.95,-12.568,315,70.495
348.57,-13.109,341,76.491
347.18,-11.098,340,65.161
347.9,-9.1234,321,75.267
349.48,-7.1959,320,80.469
350.18,-7.4546,328,77.806
350.57,-4.6537,351,71.099
350.53,-3.6946,344,69.552
348.56,-4.1643,329,72.927
345.78,0.31481,281,74.994
347.6,-6.9038,299,70.065
345.67,-9.5714,312,79.518
343.99,-2.5426,351,74.167
349.07,-0.2755,356,73.489
340.89,0.24701,465,83.645
325.02,-1.7186,441,78.542
312.63,7.4151,447,78.294
313.39,25.183,618,96.216
297.94,29.669,577,90.327
277.17,21.296,592,86.804
258.07,25.5,669,109.43
238.72,30.112,594,94.793
240.2,26.647,510,83.463
229.6,19.549,447,80.279
226.8,10.435,442,73.249
223.65,-0.23815,447,75.019
223.41,3.9224,359,68.37
225.24,18.884,270,67.898
228.29,21.677,318,73.539
226.82,12.468,286,70.446
233.05,15.481,277,65.715
242.17,22.081,356,75.639
244.36,19.63,384,77.368
240.09,21.581,370,77.153
239.09,21.809,307,67.592
245.49,19.571,279,65.558
253.02,21.354,285,67.493
251.15,31.738,323,70.123
256.91,34.83,371,72.389
248.12,37.578,384,71.124
248.41,39.753,434,78.36
242.35,47.134,520,85.563
235.69,65.003,586,89.542
235.72,73.903,554,85.861
229.92,83.346,458,84.406
235.41,88.464,406,81.337
234.24,105.12,412,83.662
242.84,116.16,309,71.843
247.14,116.44,336,74.432
251.12,111.91,316,74.829
244.7,108.67,284,69.205
239.43,109.96,298,69.155
240.26,112.34,297,72.34
243.11,110.69,255,63.664
237.03,112.27,306,74.085
235.45,109.49,339,73.431
233.78,105.16,336,75.118
235.22,105.24,291,76.979
236.13,95.244,246,69.23
241.42,84.815,310,72.679
238.88,82.838,332,77.07
242.01,80.664,311,70.33
236.14,84.421,299,74.994
238.7,84.201,358,76.996
241,82.488,311,69.569
245.38,80.526,254,68.767
244.58,69.981,317,69.842
242.98,67.241,332,72.886
242.73,53.349,405,81.751
232.8,50.938,503,89.087
223.27,62.396,535,85.77
218.64,65.274,506,81.916
224.82,63.474,493,82.288
237.08,64.761,517,81.627
242.92,68.457,383,69.114
239.22,66.137,402,71.843
234.5,55.787,487,79.518
253.71,49.293,514,84.331
270.16,58.707,462,75.341
287.27,64.773,414,72.571
300.4,64.816,482,77.591
304.52,64.459,495,81.362
307.26,68.426,430,72.943
306.17,70.759,319,63.152
302.01,69.143,430,75.457
306.21,63.418,411,70.04
310.51,64.267,382,72.389
305.78,65.008,388,82.686
309.38,62.229,545,88.086
312.04,51.109,551,86.284
317.77,56.593,436,74.688
314.24,52.347,489,77.368
316.72,46.689,459,79.956
326.23,46.942,444,75.871
327.95,48.437,448,80.676
321.7,51.157,429,74.432
321.95,48.698,430,75.135
325.42,52.244,427,72.77
336.46,51.344,328,76.723
332.6,54.343,292,67.708
335.13,53.518,303,74.167
333.95,51.507,288,65.351
332.16,50.011,274,60.009
335.67,47.926,314,68.072
342.35,53.574,309,73.423
341.56,60.313,292,61.919
343.36,54.988,272,74.837
346.84,61.344,291,68.345
345.3,63.758,324,72.96
349.66,61.338,241,64.789
350.31,63.184,333,76.442
355.01,64.518,294,69.114
352.6,62.288,209,59.008
347.11,64.146,232,65.095
344.34,67.375,298,75.548
350.71,66.947,278,75.11
353.23,68.251,320,73.522
345.82,67.073,337,73.894
345.69,64.999,272,73.994
346.65,61.353,339,77.351
349.83,60.081,378,79.055
349.09,58.769,313,71.455
344.33,60.881,339,72.662
343.86,56.991,317,70.743
346.5,57.576,294,69.453
349.78,50.954,354,76.11
348.35,52.011,337,72.786
350.05,57.859,314,74.713
350.46,59.069,285,76.905
353.34,60.685,325,74.027
349.77,59.517,338,76.127
345.91,58.456,352,78.964
346.5,59.419,309,72.803
345.72,61.151,307,72.108
344.61,59.616,315,74.159
341.73,56.939,313,76.607
340.77,57.796,285,75.78
342.41,57.43,263,72.066
343.61,53.621,292,76.93
342.38,56.096,308,78.89
340.22,54.951,263,68.18
336.27,48.164,252,65.053
337.59,53.391,305,66.782
337.48,51.05,268,68.75
333.89,51.731,334,76.4
320.99,43.466,443,82.611
323.23,30.394,622,98.2
332.82,15.558,594,92.817
334.67,7.7947,676,113.24
339.99,21.408,575,89.07
352.26,16.02,475,76.789
363.51,14.209,381,68.941
368.69,8.2071,365,68.262
374.42,4.0962,299,62.564
373.15,0.048762,291,63.697
374.06,2.2875,340,64.127
383.21,-6.9904,332,76.425
376.93,-0.64729,368,78.393
378.97,0.29907,358,77.988
382.94,-1.795,363,67.311
378.53,0.51032,352,76.516
377.43,2.8756,365,77.343
371.15,9.547,388,81.156
361.28,12.073,318,82.239
362.51,14.331,314,80.056
362.37,20.619,302,75.59
358.27,19.542,328,79.212
345.95,17.967,330,66.914
347.13,5.6999,295,71.628
352.02,9.4119,345,77.351
355.94,11.47,330,69.85
358.98,12.087,358,67.592
362.69,13.108,344,69.569
360.05,13.635,347,70.462
358.45,14.933,364,67.601
359.02,15.828,352,75.11
353.82,16.468,352,67.882
357.9,17.056,356,73.034
355.75,15.425,346,71.256
351.8,16.286,366,72.29
342.27,7.3852,381,73.787
340.39,-6.387,435,75.077
343.66,-7.3684,476,80.172
335.21,4.2561,491,86.829
325.4,22.645,591,97.39
318.75,39.81,567,90.013
331.63,23.046,487,80.196
346.82,23.721,444,74.275
353,27.435,400,71.438
360.03,32.8,323,64.954
369.05,28.879,310,61.621
372.42,28.507,396,69.337
363.16,28.437,384,69.958
367.32,30.937,360,70.677
371.2,26.065,491,79.551
379,18.076,547,83.512
374.07,22.013,455,80.279
375.28,20.469,328,62.473
375.58,20.322,325,61.216
376.95,13.211,334,63.308
372.94,17.533,350,64.863
379.28,12.744,359,67.708
375.24,20.414,372,72.852
373.43,18.552,269,61.588
377.51,22.077,229,56.676
380.95,25.066,284,60
382.55,22.811,279,65.723
374.87,18.408,325,63.184
365.65,13.301,399,70.239
372.19,19.96,311,63.019
365.08,33.846,344,67.121
368.08,31.111,337,67.799
366.4,31.048,284,68.37
365.47,36.706,251,60.959
367.02,36.551,255,69.71
367.62,37.803,304,68.932
369.96,36.861,316,80.444
374.35,35.095,313,74.275
377.78,33.257,266,70.578
379.1,32.199,324,75.11
376.14,23.495,313,66.319
377.84,25.14,312,71.421
379.84,31.157,250,66.054
377,33.105,378,79.096
381.41,33.795,302,76.747
383.1,34.208,319,79.708
383.33,35.693,266,66.501
385.69,30.73,295,75.639
386.88,34.042,291,72.025
385.95,32.985,330,75.432
387.23,37.585,340,75.416
389.7,44.621,303,71.603
382.59,51.71,353,74.184
383.45,46.096,433,80.072
382.93,46.136,395,78.823
384.58,46.821,322,67.187
382.34,43.151,218,59.355
377.54,42.201,335,73.605
383.98,42.297,335,67.907
377.42,48.501,332,65.384
380.91,44.837,293,62.159
374.57,47.131,427,76.698
373.86,43.407,497,82.313
371.94,49.554,420,74.787
370.34,44.81,358,67.501
372.97,47.126,378,68.552
370.05,43.856,397,70.156
365.77,47.672,466,81.387
376.31,52.242,472,82.173
388.05,56.419,422,72.753
386.56,52.821,326,64.582
386.42,58.17,309,62.812
385.61,63.694,259,64.681
374.75,54.065,248,60.042
377.71,66.663,315,72.786
379.37,65.888,313,73.679
383.15,65.695,312,72.29
383.3,62.228,303,70.057
383.35,59.551,276,65.194
386.73,63.642,269,69.123
387.73,60.304,342,66.129
388.38,56.798,331,70.421
389.88,60.557,312,65.649
392.47,63.43,280,77.004
395.49,63.281,355,79.155
400.43,67.009,424,82.115
409.58,68.191,405,78.195
421.19,68.98,433,80.965
432.2,71.537,459,82.379
439.93,72.39,454,82.288
443.46,68.812,471,85.762
450.57,68.202,481,88.525
453.87,70.62,488,86.895
468.24,70.815,500,84.521
477.08,72.387,455,81.776
484.86,77.286,451,79.121
492.21,84.775,436,74.49
501.32,76.709,366,67.336
505.97,78.877,440,74.895
507.78,81.277,421,73.605
513.49,84.49,386,67.518
521.29,87.007,351,66.104
516.58,84.961,359,67.708
517.4,86.145,386,69.205
522.74,84.573,342,73.142
512.8,87.195,295,62.92
512.5,94.815,333,66.161
514.28,100.81,282,63.093
510.69,99.989,324,71.347
509.21,93.756,319,72.29
512.63,91.996,272,68.097
510.29,88.747,341,76.028
510.37,85.395,348,76.276
512.26,85.738,409,84.654
514.12,90.017,411,74.258
520.63,87.718,443,80.527
523.49,82.719,463,87.863
522.89,89.046,413,74.846
523.96,89.473,362,65.922
527.52,88.871,357,66.6
523.37,87.164,318,69.594
520.2,76.448,373,70.305
506.68,71.46,439,78.385
496.56,71.733,488,82.776
498.25,76.583,461,77.161
499.34,83.871,442,75.366
509.77,93.818,467,79.154
514.56,83.267,325,67.923
512.73,83.307,243,65.45
512.88,89.1,219,57.784
507.83,89.449,210,63.127
506.6,90.367,231,68.072
506.38,92.976,311,83.066
510.4,95.02,476,97.481
517.68,86.489,509,83.521
522.19,84.747,544,86.101
524.96,79.95,586,93.519
529.22,87.914,547,85.357
534.5,81.506,568,85.654
541.94,84.797,551,83.529
546.65,85.992,471,78.848
548.64,89.737,452,77.442
551.21,92.129,375,69.362
549.42,96.606,366,74.415
550.85,104.47,368,71.719
548.51,107.74,333,79.518
555.31,106.76,338,75.573
554.18,100.14,360,81.147
555.93,96.897,364,77.409
553.77,95.878,333,74.804
554.46,98.245,349,64.144
556.36,95.581,295,79.857
555.12,91.832,311,73.241
548.66,93.768,331,73.886
551.12,101.14,332,71.008
555.25,102.95,303,69.503
551.96,99.618,290,72.125
551.76,101.21,348,72.918
548.72,98.861,378,82.512
544.07,101.73,418,77.831
545.81,96.274,274,59.57
548.19,91.947,421,73.142
551.47,93.23,402,70.983
545.04,83.656,393,70.545
533.23,79.178,418,74.539
535.41,82.662,552,90.914
526.8,84.757,567,87.524
537.49,84.97,564,86.696
531.72,75.335,575,89.93
540.93,88.727,584,88.971
552.09,98.526,541,84.356
550.11,89.961,528,85.307
546.23,91.805,426,73.696
547.11,84.491,414,73.241
550.92,85.264,523,86.275
555.87,86.636,547,84.538
556.02,75.896,493,78.36
550.48,71.445,382,69.668
555.54,66.574,381,69.478
556.04,65.194,321,61.729
549.84,60.898,332,68.535
549.95,61.942,305,65.07
553.94,67.887,258,62.167
565.67,74.821,314,72.48
574.93,70.947,286,80.138
573.86,69.314,299,78.84
568.47,68.354,299,78.013
573.65,68.396,300,76.243
571.89,66.874,282,65.21
560.9,64.162,357,70.355
562.8,63.076,291,64.152
561.29,66.227,253,77.277
560.62,67.298,258,67.989
560.53,67.24,293,66.046
565.65,62.219,356,69.048
568.44,70.244,385,72.662
576.26,67.013,351,71.935
564.62,71.553,400,70.818
553.21,70.348,385,71.918
566.75,66.141,307,68.411
563.4,71.907,307,67.981
559.03,69.982,330,73.812
559.99,68.416,332,81.18
558.1,68.329,332,77.301
545.41,69.089,432,78.567
540.49,67.92,569,93.139
530.39,74.851,550,88.119
524.34,68.742,572,97.274
505.9,71.142,579,95.538
497.73,66.184,586,91.956
500.62,72.024,595,93.718
509.81,87.578,626,94.809
523.08,97.084,601,96.364
532.7,100.02,598,101.41
551.93,102.58,558,86.572
552.41,93.388,523,87.392
557.02,90.89,551,88.706
561.4,89.035,503,80.072
565.67,84.85,485,78.129
570.56,84.006,376,68.237
575.04,78.677,331,71.066
583.24,83.97,429,76.698
588.72,81.236,355,73.58
583.98,77.207,366,67.617
583.01,78.672,377,74.812
578.26,81.172,394,79.146
579.48,79.206,421,78.691
584.72,81.228,463,80.626
589.78,81.953,451,76.937
595.55,83.764,382,69.759
595.39,81.457,466,76.036
601.98,81.329,523,80.99
608.02,78.499,544,88.814
611.98,82.228,502,86.341
619.03,85.365,449,83.364
621.74,88.423,386,84.356
624.91,82.131,360,83.967
626.04,84.849,339,77.732
621.31,81.958,367,80.618
615.77,82.428,369,68.006
608.26,86.942,375,69.875
606.55,77.921,427,78.542
605.44,71.157,406,76.698
597.65,74.898,360,70.296
586.13,72.008,342,71.901
580.19,78.868,390,77.5
587.65,79.829,324,74.647
589.42,82.523,415,73.762
589.34,81.708,477,79.038
594.36,82.204,504,79.187
598.58,90.226,495,81.834
604.41,88.597,488,81.71
601.77,89.45,459,78.501
604.28,85.537,437,73.704
598.61,81.754,295,61.828
595.81,80.545,322,64.615
586.79,79.22,407,71.951
581.34,90.24,383,70.793
591.34,94.907,475,78.559
599.92,90.459,526,83.356
604.91,95.372,555,86.192
611.67,80.727,555,85.29
609.92,82.336,558,88.136
596.92,88.435,564,87.077
593.19,79.862,502,83.438
588.56,77.769,567,89.798
572.94,69.092,535,84.654
560.69,62.148,522,86.721
555.73,62.601,498,83.049
560.18,69.646,509,85.762
573.44,70.253,483,83.844
561.06,63.098,357,65.922
553.58,71.619,280,61.613
550.34,65.62,442,77.037
539.74,75.188,566,93.85
538.37,82.438,594,92.569
546.84,102.63,615,95.173
554.24,98.015,551,92.312
563.16,90.519,439,75.085
563.08,92.242,513,82.669
571.24,93.459,562,88.921
579.43,95.244,496,79.476
585.49,97.146,548,85.704
601.55,97.544,615,94.851
612.65,86.237,560,87.383
613.03,75.451,560,87.11
604.19,75.518,456,77.343
605.07,81.936,402,72.29
610.39,85.137,495,81.561
618.23,84.72,598,91.03
615.04,88.665,578,91.667
620.65,78.369,581,89.409
618.85,74.228,419,72.662
607.17,77.621,354,66.41
608.84,70.221,351,67.791
610.6,72.009,282,61.15
611.85,76.621,343,66.964
613.03,75.281,322,64.888
611.53,85.613,400,71.182
602.39,74.462,457,86.845
616.1,81.18,524,84.836
615.92,77.489,509,83.066
621.98,66.245,447,74.722
622.79,62.134,375,70.818
621.65,59.617,423,75.118
622.05,54.915,449,74.548
615.86,49.12,399,69.66
623.53,46.523,393,69.346
624.96,45.998,469,78.013
628.71,50.337,401,73.712
628.74,50.338,422,81.04
633.27,54.828,417,80.668
623.66,55.968,390,80.8
628.45,50.383,364,76.698
628.98,47.969,366,75.598
625.06,54.259,339,76.773
623.74,52.996,352,80.006
628.08,53.916,313,70.296
636.57,53.847,327,75.672
642.02,48.511,354,78.939
650.27,39.2,259,61.258
649.13,31.294,326,65.384
656.62,29.42,328,63.399
655.39,23.743,321,65.351
653.11,21.423,334,68.163
655.12,19.1,297,62.738
654.47,20.452,306,61.555
648.33,15.032,391,70.586
649.98,18.057,435,74.829
650.51,11.314,356,65.748
653.59,5.3022,327,63.598
649.31,8.5624,288,58.917
643.65,12.591,382,68.66
643.68,18.014,409,73.249
648.35,31.267,475,79.311
646.65,21.751,417,74.928
647.66,16.396,405,73.043
645.21,15.059,372,67.791
647.35,23.262,376,70.983
644.1,16.961,385,71.901
643.55,22.87,497,80.601
644.95,25.737,596,95.124
658.12,32.896,606,92.502
669.21,28.194,570,90.559
668.59,24.442,536,90.286
671.41,25.779,450,76.491
681.48,25.779,436,80.577
686.06,26.073,473,84.009
680.62,22.34,457,88.425
683.78,27.036,456,77.732
680.19,24.625,478,77.508
681.24,22.519,352,72.323
683.55,16.29,290,64.028
687.05,16.708,244,59.768
686.97,15.989,228,59.215
682.63,21.601,386,70.528
682.54,17.17,434,72.579
679.07,22.367,415,74.738
687.97,19.565,457,84.05
694.22,17.681,416,77.723
688.93,21.281,471,81.246
687.98,23.046,368,69.155
696.83,17.32,344,66.757
697.38,22.82,332,64.681
695.68,20.559,319,65.458
685.48,17.136,364,66.385
670.18,22.302,419,71.537
662.34,32.592,470,79.824
660.7,25.935,610,96.232
676.66,28.383,657,100.62
692.72,24.236,583,89.525
686.08,22.17,575,89.442
688.77,22.924,610,93.958
683.42,25.272,622,90.906
698.94,18.115,571,85.753
689.93,21.23,580,89.277
697.4,17.286,586,88.202
706.87,12.443,576,88.061
708.09,13.419,549,84.761
714.04,9.459,479,83.645
719.45,8.5269,436,77.351
728.98,10.953,342,79.402
719.81,5.8433,366,80.328
716.41,8.2072,305,81.958
714.56,10.172,323,77.864
706.24,6.5215,370,76.036
698.8,5.065,385,76.351
705.7,6.2995,322,75.772
708.23,3.9968,355,80.403
709.92,8.2598,353,76.144
705.04,14.812,334,75.383
693.48,9.7943,359,78.427
679.4,20.637,457,76.607
675.42,23.411,609,95.066
695.37,23.868,650,96.637
699.06,21.466,585,89.161
708.79,18.175,510,81.495
698.98,20.3,541,84.538
688.68,16.761,549,86.614
675.95,26.697,476,80.618
670.5,30.658,417,77.26
688.25,28.755,441,76.772
694.94,24.997,461,77.004
697.93,24.392,404,70.446
699.78,19.271,369,66.302
699.62,19.479,406,70.512
702.46,18.817,364,68.345
710.02,17.482,379,76.326
708.81,10.596,409,75.573
709.15,10.858,391,71.058
708.43,4.7076,356,68.047
714.55,7.6966,412,71.041
717.83,11.018,385,73.051
727.79,18.289,352,75.664
727.31,13.573,386,84.265
740.54,11.603,332,74.556
747,10.211,450,88.682
756.94,10.372,381,83.992
768.77,10.002,284,78.732
763.59,14.233,268,69.776
762.78,14.738,323,75.036
753.38,8.3591,248,60.877
750.51,19.319,300,65.442
753.73,20.061,264,63.226
755.3,17.649,441,73.869
761.21,11.859,416,72.943
755.52,11.935,456,78.104
758.46,15.057,503,78.294
759.87,10.809,527,80.229
759.34,10.851,505,80.146
765.12,9.8286,475,77.856
757.36,6.4565,417,72.952
760.62,6.8559,332,64.044
753.28,4.0816,343,63.78
751.71,13.218,371,66.939
748.41,21.991,367,67.774
754.26,22.627,442,75.094
761.53,14.998,537,87.019
759.24,14.102,544,84.05
755.09,2.0155,471,75.449
752.09,11.798,448,79.311
758.58,23.215,493,78.095
762.31,16.52,517,81.842
764.03,15.094,528,83.868
767.99,15.127,538,87.772
758.2,1.9483,482,77.666
752.93,1.0015,449,77.541
755.05,-1.0174,499,80.535
754.49,-9.5772,360,66.782
748.47,-1.6064,346,66.641
749.38,8.1066,444,77.922
758.07,22.717,508,79.576
761.18,19.207,553,87.631
757.98,19.613,666,97.373
757.25,16.462,817,111.69
756.56,15.009,912,119.65
756.19,14.659,937,120.38
756.56,14.919,950,123.6
756.16,13.975,964,126.12
756.21,14.284,957,129.16
756.76,14.236,963,128.66
757.15,14.644,962,126.34
757.12,14.235,957,120.71
757.7,14.49,966,122
757.34,14.483,972,123.9
757.54,14.786,1002,123.1
757.12,14.527,1027,124.72
757.26,14.877,1032,124.54
757.09,14.98,1036,128.39
757.59,14.52,1044,128.69
757.44,15.263,1029,124.6
757.38,15.292,1029,122.48
757.27,15.374,1026,124.91
757.96,17.121,1058,130
760.32,18.931,972,130.75
763.52,20.051,870,114.67
762.91,22.311,778,104.93
760.27,26.257,791,111.12
766.11,23.466,769,110.42
764.48,23.748,751,109.76
762.25,23.617,877,124
764.5,24.677,895,116.97
762.6,24.13,974,119.54
761.43,22.725,1065,123.5
761.5,22.661,1097,124
761.66,22.784,1080,126.86
761.7,22.407,1079,128.04
761.62,23.147,1073,128.07
761.79,22.765,1070,125.62
761.91,22.026,1049,128.95
762.05,20.512,1039,128.16
761.42,20.696,1007,120.95
760.71,21.75,1076,124.01
763.87,22.282,1068,122.49
764.54,21.459,1014,116.74
761.06,21.441,983,117.65
764.3,22.412,951,112.42
760.2,24.208,1011,121.25
764.12,20.384,964,123.29
763.8,21.35,1000,118.38
762.6,22.621,1065,122.46
761.55,21.809,1139,123
760.61,21.993,1119,121.32
761.1,21.933,1079,120.07
761.36,22.486,1033,117.62
761.1,23.171,1016,117.88
760.76,23.771,974,116.01
759.2,24.029,935,115.77
759.39,25.754,867,118.04
760.85,26.919,878,113.87
762.26,24.137,974,115.96
764.35,21.314,1012,117.57
764.74,21.76,1008,119.23
760.79,22.776,1025,119.9
765.17,26.053,938,116.25
767.39,20.564,956,112.92
763.51,22.308,970,122.51
767.85,20.393,909,115.41
766.03,19.691,991,121.84
766.67,20.65,930,120.89
766.79,19.084,933,121.75
767.43,22.435,943,123.47
769.47,22.44,905,118.08
773.92,15.452,772,109.55
769.85,11.558,864,127.91
772.23,20.264,801,118.94
766.84,26.726,842,121.8
763.16,32.945,790,114.6
763.17,29.069,783,116.49
769.4,27.407,853,120.9
776.03,12.142,786,110.7
772.53,16.933,831,118.27
769.58,20.03,850,120.17
778.05,7.5532,791,114.68
778.67,-0.23124,740,113.36
770.1,3.1603,789,120.84
766.45,10.003,754,108.84
770.06,9.1292,692,101.59
773.11,15.931,787,119.59
764.71,27.293,807,114.36
762.98,25.546,884,134.64
773.83,16.977,802,130.1
782.92,8.6909,720,111.09
778.65,1.3486,736,106.81
779.25,7.9482,714,114.66
782.98,20.343,645,103.82
782.69,16.283,562,92.676
784.18,1.7998,575,87.449
783.64,-10.201,606,89.591
784.07,-15.849,473,78.989
780.44,-8.9439,240,62.118
778.83,-9.592,179,54.757
780.8,-10.053,199,57.85
780.39,-13.586,205,61.514
779,-9.2108,268,76.615
777.66,-6.7525,355,74.093
777.24,-2.198,421,84.439
777.06,4.4493,409,73.315
770.99,17.472,501,89.723
755.79,18.52,664,111.18
758.6,20.785,761,118.27
757.08,30.357,692,104.28
772.58,35.577,627,98.01
782.38,24.794,646,95.992
784.72,12.289,601,91.742
784.43,0.30545,619,93.983
781.52,-0.75871,647,101.59
784.1,-1.4956,709,117.6
790.76,-14.855,609,96.869
788.56,-4.313,622,109.63
776.82,6.6627,673,111.22
767.7,25.896,694,111.86
772.73,32.103,655,102.38
768.41,24.616,668,103.38
782.35,21.698,654,99.458
783.68,19.39,627,100.62
790.53,4.9714,572,90.906
794.36,3.5344,494,80.8
798.33,-1.9029,288,62.026
793.33,-4.458,422,83.702
797.02,-8.67,346,70.834
801.21,-9.6602,191,58.362
800.57,-17.753,247,63.804
802.74,-11.189,126,53.119
804.24,-11.634,489,82.512
807.04,-19.011,428,73.522
804.2,-16.452,495,79.874
801.4,-24.27,497,81.726
797.1,-15.128,546,89.716
793.37,-22.481,599,96.455
793.51,-17.458,599,96.191
805.29,-22.43,507,87.78
810.25,-32.997,463,82.768
813.18,-37.287,299,70.189
817.55,-39.311,340,80.734
819.37,-46.445,261,72.141
820.35,-55.461,272,68.279
813.21,-58.933,373,76.441
813.54,-59.378,286,66.873
812.28,-61.024,281,64.83
809.25,-57.769,371,70.628
806.75,-64.612,265,60.877
803.75,-72.88,324,65.814
806.81,-66.238,368,69.751
807.16,-68.146,333,74.093
810.68,-68.934,354,74.25
812.73,-70.436,342,74.184
811.55,-65.596,353,66.046
810.52,-65.893,312,62.473
811.56,-64.845,342,78.36
811.61,-63.051,326,64.714
808.3,-68.293,472,81.966
805.99,-65.692,542,89.252
809.64,-59.324,531,89.045
813.56,-60.965,498,83.992
807.82,-59.08,520,82.859
810.76,-61.936,512,82.487
813.27,-66.589,440,75.979
816.57,-71.999,386,72.364
817.96,-80.025,212,57.486
817.96,-80.025,212,57.486
