0,-0,165,61.754
1.8128,-0.60418,213,58.057
2.706,-2.0302,174,52.069
3.6414,-2.3373,187,50.357
5.3087,-3.0689,156,50.308
8.126,-0.96822,222,60.207
10.832,0.53548,203,58.619
12.301,-0.15341,214,101.21
16.37,3.7551,199,57.122
19.672,4.1892,210,57.949
21.259,2.7748,233,64.896
22.206,-0.17257,211,61.919
24.584,-3.5236,190,59.81
29.506,-5.7619,204,67.443
33.584,-9.1546,197,60.968
33.764,-8.7116,194,59.744
33.781,-8.5495,178,57.048
35.296,-8.9501,206,64.615
38.327,-10.73,171,58.156
37.647,-10.927,184,64.987
37.299,-9.663,191,53.814
35.556,-9.9041,170,54.815
32.289,-11.176,192,56.602
31.116,-11.084,216,66.791
30.797,-9.5653,216,62.804
29.61,-10.013,214,61.894
33.95,-11.108,222,60.017
39.839,-11.192,191,57.949
41.427,-10.06,152,46.28
42.604,-9.4039,121,42.17
46.016,-2.8704,197,61.812
45.962,-2.651,215,64.607
44.714,-1.3579,238,66.947
43.663,-0.75911,213,71.926
43.473,-1.2108,196,64.913
43.4,-3.1157,211,66.94
44.997,-3.0316,204,57.569
45.935,-3.3136,155,51.763
46.094,-4.4683,149,56.378
45.429,-3.0799,185,55.535
46.341,-5.0669,193,50.109
44.97,-5.3147,194,61.638
45.161,-6.269,162,54.12
45.542,-6.9965,154,46.693
45.277,-6.4242,158,51.912
45.378,-7.2274,159,60.513
45.539,-7.0897,161,57.999
45.86,-6.3317,156,54.989
45.911,-6.383,156,52.475
45.936,-6.2139,161,52.839
46.46,-6.6991,159,52.458
46.375,-6.9538,167,51.118
45.922,-6.7624,191,50.655
45.565,-5.5005,216,53.657
45.07,-3.7639,253,71.438
44.241,-3.4768,243,69.404
43.752,-1.8444,261,72.141
44.36,-3.7507,265,73.605
43.533,-4.0727,225,66.03
44.067,-4.9788,218,60.025
43.871,-5.6853,207,56.957
44.667,-5.6605,213,54.906
44.606,-6.0167,220,56.13
44.562,-5.9248,219,55.733
44.03,-5.7955,221,58.346
44.32,-5.4834,218,53.384
44.727,-5.796,233,54.666
44.85,-6.5279,260,59.926
45.973,-6.9919,278,73.812
47.157,-7.6067,291,62.275
48.05,-9.4771,302,64.723
48.315,-9.795,302,84.001
47.073,-8.5692,335,92.643
44.309,-7.1234,313,83.339
42.456,-5.6058,283,82.438
41.729,-3.0551,273,79.195
41.759,-0.87869,257,77.988
41.629,0.97078,236,79.808
41.491,-2.5823,210,65.922
42.464,-7.1755,249,62.027
42.627,-6.8155,247,59.215
42.451,-6.4604,243,67.56
42.243,-6.5019,251,78.237
42.439,-6.1471,258,76.649
42.049,-6.6233,248,75.615
42.899,-6.7865,255,79.37
42.624,-7.0631,249,69.52
42.348,-7.209,273,62.647
42.105,-6.6464,286,63.325
41.986,-4.5021,295,76.045
42.646,-3.7066,335,81.884
42.299,-3.0002,316,76.914
42.268,-0.91023,336,81.106
43.809,-2.6455,330,79.51
44.539,-1.1722,335,83.802
44.648,2.4512,342,84.447
44.324,2.0594,327,86.085
47.309,3.1496,308,93.147
48.195,2.635,266,92.312
47.945,1.9656,238,87.656
47.647,1.9221,244,86.614
47.654,2.1259,245,81.842
47.536,2.7745,244,86.341
47.523,2.7014,245,86.647
47.432,2.8044,249,92.668
47.307,2.8181,259,92.527
47.315,2.8496,273,92.618
47.085,2.1691,295,103.36
45.381,3.1939,288,86.87
43.86,1.6347,332,96.464
43.175,0.44419,329,93.66
43.107,-0.34511,350,85.704
44.016,-3.1053,381,101.24
43.051,-2.3455,393,107.4
42.998,-3.1236,381,105.18
43.003,-2.5087,417,114.91
44.755,-3.5147,405,107.36
44.782,-4.0006,418,110.73
46.348,-6.2891,394,116.17
45.815,-9.9597,306,65.955
44.578,-10.046,301,63.871
44.711,-9.5422,288,60.505
44.769,-10.057,280,60.712
45.047,-10.11,276,60.596
44.771,-10.257,281,62.697
44.684,-10.196,285,64.384
44.828,-10.255,267,60.207
44.263,-9.5214,267,60.662
44.305,-10.489,300,63.763
44.012,-9.5846,310,65.541
43.815,-8.6366,352,69.842
41.951,-7.0296,346,70.33
40.759,-5.6869,358,71.264
41.122,-5.1003,358,94.19
41.673,-2.8396,397,107.61
41.476,-1.2734,403,104.22
42.757,0.76262,398,96.282
43.656,-0.25907,376,87.474
41.339,-1.5181,375,89.393
41.75,-0.47447,382,111.41
41.236,0.18336,378,102.53
40.806,-0.46035,377,88.764
41.715,0.10287,388,110.13
41.13,-0.20971,384,91.758
41.323,-0.056707,387,98.705
41.897,0.29605,395,109.89
42.743,1.0495,397,110.66
42.84,2.0277,389,87.11
44.063,2.5805,357,81.669
43.35,1.437,399,80.767
45.79,0.25811,400,77.368
47.885,0.34227,409,76.565
49.786,-1.0638,410,75.945
50.594,-2.5849,413,79.096
50.634,-3.7806,446,82.975
50.876,-6.6723,426,81.478
49.229,-8.4655,417,86.589
45.068,-9.3021,424,75.151
41.894,-5.9206,416,82.024
42.287,-2.9259,431,116.37
40.613,-0.56899,419,104.06
41.388,0.049858,428,101.46
45.242,2.5197,396,89.07
46.507,2.4553,380,81.553
44.073,-0.69847,347,80.097
43.292,0.25662,351,75.92
42.533,1.6835,367,88.946
42.736,1.6126,375,93.718
42.036,1.176,390,96.183
41.235,2.0017,397,95.223
41.168,1.9604,421,98.126
40.071,1.0629,430,96.654
40.209,0.33176,416,94.413
38.716,-0.35299,412,99.557
39.106,-0.52136,377,95.43
40.877,1.1513,399,108.72
42.84,2.9072,408,91.254
45.011,3.0627,381,81.586
45.658,2.9271,406,83.157
46.628,2.3184,415,87.937
46.356,2.0979,413,87.507
46.547,2.6996,410,81.709
47.856,2.4348,418,79.832
48.794,1.2362,426,82.52
50.561,-1.0106,427,85.076
51.013,-3.3437,421,81.065
52.122,-4.4989,420,78.559
50.232,-6.593,399,72.778
48.927,-7.8224,407,73.795
47.058,-6.4826,405,74.829
45.889,-3.5213,432,104.61
45.167,-0.085403,426,108.08
45.723,2.6356,400,100.88
46.424,3.6174,403,99.995
47.071,2.1377,397,95.794
48.208,2.4466,401,96.77
48.835,-0.17485,423,83.231
48.966,-1.6988,438,85.514
50.424,-3.8752,458,83.314
49.32,-7.1505,449,88.003
47.552,-9.6924,434,108.1
49.517,-9.5909,392,107.94
51.492,-8.9004,385,113.06
52.704,-8.562,381,111.13
52.664,-8.4882,387,108.07
52.429,-8.2708,388,94.57
52.394,-8.1624,392,83.918
52.625,-8.1419,403,78.451
53.062,-7.0797,419,93.569
52.878,-6.1464,430,101.49
51.129,-6.0449,402,95.041
50.428,-6.3624,426,97.721
50.168,-8.1693,435,108.67
51.645,-9.4412,434,97.762
53.062,-11.253,387,76.119
54.657,-10.256,369,70.958
51.237,-10.793,372,75.614
47.892,-8.7582,404,107.51
43.566,-8.3776,403,74.002
41.456,-4.2849,433,122.48
40.296,0.80759,415,100
40.842,2.0091,404,103.67
38.91,0.099212,373,82.347
37.347,-2.1633,377,74.928
37.788,-3.2792,372,82.719
37.957,-4.2891,374,76.425
38.391,-5.6503,368,70.247
39.065,-7.5636,356,70.429
41.283,-9.0865,340,70.131
43.33,-10.894,338,75.548
44.831,-11.777,345,78.501
45.512,-13.525,366,81.222
47.058,-14.134,361,81.685
44.724,-13.283,335,73.704
41.318,-10.389,328,72.935
38.159,-8.2067,327,66.393
37.985,-6.1724,303,63.209
38.214,-5.5085,298,63.598
37.78,-0.80709,325,73.977
39.433,3.1998,339,67.468
41.348,3.1779,394,106.21
43.873,3.148,421,103.64
45.56,1.9911,429,83.091
48.974,1.357,413,75.664
50.834,-0.29729,418,77.12
52.892,-3.4365,414,75.871
52.8,-7.267,439,80.37
51.703,-11.248,451,97.324
48.84,-13.694,436,77.516
45.795,-12.509,425,82.793
43.041,-7.9975,430,83.248
42.889,-4.5177,415,91.345
41.294,-0.94078,433,103.94
42.443,0.47565,452,95.438
44.313,0.58641,496,111.6
46.305,-0.22175,510,89.988
46.74,-0.88318,523,88.169
48.115,-1.7775,514,89.153
51.033,-2.5735,493,92.039
51.925,-3.8899,461,87.673
53.566,-5.9509,435,86.25
55.32,-6.7211,416,76.02
54.31,-5.332,405,76.508
51.729,-4.6296,408,78.062
49.483,-0.6001,369,71.471
49.646,3.0286,381,88.119
48.456,4.5741,356,81.577
49.541,2.9199,354,81.958
48.191,1.801,386,92.238
46.993,1.7273,435,95.686
46.02,0.99379,458,100
44.678,-0.2781,447,98.978
43.664,-2.0001,438,94.421
44.01,-4.0619,413,97.671
43.224,-6.1714,406,91.163
42.602,-8.9644,440,90.601
40.693,-5.9002,439,107.23
37.703,-3.933,436,83
36.514,-1.4893,443,95.728
35.508,2.1666,415,78.749
37.367,5.7555,428,113.72
40.322,6.3618,421,109.07
41.787,7.0505,437,87.466
45.275,8.3996,423,100.59
49.383,7.3455,396,91.121
51.825,4.7476,416,91.824
54.661,1.7124,425,90.939
54.953,0.64478,417,93.263
58.031,-3.5823,429,88.227
60.156,-5.1593,402,87.54
60.425,-9.134,372,70.958
59.689,-7.7736,380,101.95
55.815,-8.2595,358,70.52
55.094,-8.4637,370,77.277
51.981,-4.1197,356,96.794
50.054,-4.9193,368,83.231
52.377,-4.6797,372,84.844
53.553,-5.1291,387,85.332
54.521,-5.4869,423,94.851
55.361,-6.1241,458,93.527
55.234,-5.7596,466,92.998
55.919,-6.0115,477,95.388
56.195,-6.4073,474,93.916
55.133,-7.6207,428,85.969
56.485,-10.835,401,78.666
58.047,-11.062,376,75.945
55.501,-12.142,376,76.565
53.265,-13.737,400,76.648
49.224,-12.205,396,82.041
46.665,-10.494,412,79.584
42.563,-6.5593,443,117.89
40.685,-1.2451,435,98.862
42.264,2.0334,411,82.834
44.575,4.4844,404,82.818
44.438,5.5234,433,98.25
47.707,5.9709,408,92.825
49.889,4.3394,378,90.311
53.042,3.5943,413,87.574
54.811,-1.6924,434,94.694
58.433,-5.4828,431,86.87
56.57,-5.5119,443,98.631
58.191,-5.826,434,96.464
57.365,-5.2538,402,97.266
58.814,-6.4822,353,82.694
58.788,-7.6662,336,115.32
56.815,-9.7317,260,64.822
55.218,-8.5422,216,56.957
54.488,-8.298,208,53.268
54.906,-7.1091,264,59.008
54.808,-3.5405,349,97.498
54.5,-1.4486,346,78.286
54.129,-2.3699,360,82.793
54.71,-2.942,380,87.276
54.419,-2.9643,394,87.333
53.81,-2.1593,402,88.251
53.781,-2.5589,410,88.433
55.781,-2.0678,391,86.622
56.021,-2.4873,411,101.56
54.891,-5.7931,413,78.501
57.438,-5.0557,430,95.083
57.222,-10.727,407,79.692
53.196,-14.192,379,78.195
48.408,-13.18,368,76.218
46.92,-12.951,329,73.605
50.512,-14.161,325,73.861
50.709,-14.128,340,80.196
51.391,-14.261,355,80.006
51.689,-14.621,372,81.379
52.008,-14.441,381,84.745
51.956,-13.718,401,92.039
53.308,-14.024,407,85.77
54.261,-14.853,405,78.931
54.527,-16.56,383,79.146
57.4,-17.573,353,73.878
55.758,-15.302,332,71.529
52.186,-15.196,318,69.577
54.52,-14.739,347,80.783
54.098,-14.286,341,84.77
53.975,-13.886,367,89.682
53.742,-14.832,387,90.757
53.977,-15.291,408,84.72
51.277,-15.432,393,75.54
49.811,-13.633,381,73.762
48.32,-12.812,385,78.087
48.349,-11.316,385,77.599
47.563,-9.3299,420,81.122
48.109,-8.1163,389,79.865
47.19,-5.5543,417,98.349
45.549,-4.277,407,109.55
45.996,-2.1808,386,83.554
44.695,-2.3416,371,79.146
43.338,-4.772,343,72.315
45.042,-7.7319,319,67.617
48.465,-10.446,313,64.152
51.876,-11.143,294,67.708
55.322,-10.34,309,67.501
56.178,-6.9119,356,86.151
54.033,-8.7389,372,75.358
48.264,-10.286,409,77.326
41.969,-12.391,390,78.038
37.809,-9.974,387,74.804
35.113,-7.1996,415,78.65
35.042,-1.6823,385,75.226
34.148,3.733,384,74.763
38.632,8.3051,369,75.788
44.269,8.4492,367,77.624
46.633,7.22,384,76.706
45.094,4.6231,379,71.116
44.682,2.7565,365,83.719
46.563,-3.1591,355,76.516
47.241,-5.4287,363,70.429
49.056,-6.7641,389,80.271
49.966,-7.4751,429,78.203
51.723,-8.1415,471,84.315
53.397,-8.4598,490,84.638
54.354,-7.9649,487,88.318
56.49,-7.3503,441,77.583
58.153,-7.3877,431,74.556
59.926,-8.4776,411,77.285
60.333,-11.563,401,78.476
61.015,-11.424,383,73.539
59.013,-12.903,394,72.77
56.436,-14.533,396,73.935
54.073,-14.16,380,75.664
52.958,-14.547,417,82.636
53.597,-14.946,408,81.867
52.997,-15.088,450,87.987
52.744,-13.414,492,98.688
51.492,-12.752,504,98.779
50.326,-11.645,483,94.694
49.083,-10.272,466,84.034
48.942,-8.3324,456,86.821
47.112,-5.8922,453,83.645
46.257,-3.8533,430,82.032
42.859,-2.111,423,81.222
42.044,1.7711,402,79.03
43.336,4.6734,390,82.529
44.642,3.1496,398,82.057
44.47,3.9649,393,81.288
43.218,3.5033,403,83.967
40.706,2.4875,394,87.184
39.096,2.0845,411,82.967
37.535,0.68355,401,82.33
36.953,-0.77439,400,80.453
37.846,1.3122,403,81.958
40.36,2.2871,422,86.25
41.093,1.7414,478,93.817
43.251,4.1825,466,91.882
45.427,5.1212,449,82.909
47.304,5.8675,433,92.089
50.833,5.265,413,93.586
52.064,7.8089,406,86.994
56.312,6.2199,359,80.461
58.202,4.0583,354,100.53
56.262,7.3517,338,92.312
53.194,6.3394,330,91.576
50.901,5.5108,343,91.51
50.619,4.3375,411,96.398
50.211,3.2914,441,88.648
49.862,-1.6819,459,100.61
48.56,-7.3501,465,84.29
48.221,-9.4749,456,81.18
45.743,-9.4749,456,79.907
43.515,-5.1727,450,78.542
45.89,-1.7415,475,92.329
47.686,-5.3709,445,89.476
45.809,-9.3509,383,77.318
43.952,-10.03,355,75.78
43.257,-10.412,381,78.691
42.71,-10.251,393,79.402
41.44,-10.425,409,80.99
40.944,-10.716,420,84.72
40.172,-10.292,419,86.043
39.436,-11.249,421,85.034
39.722,-11.366,401,82.214
40.305,-9.3718,383,80.949
40.134,-6.3611,397,83.248
38.763,-4.0359,406,84.546
38.742,-0.70769,410,80.519
40.495,-0.16577,417,78.22
42.276,1.9995,432,85.274
42.263,4.8888,425,84.753
44.542,7.8968,414,84.869
48.743,7.7256,400,86.366
50.025,7.9548,382,74.556
53.231,5.9675,393,108.2
54.291,5.6292,376,101.11
53.546,6.2333,381,103.09
51.87,4.2402,382,101.89
47.916,6.4667,391,78.178
45.313,6.6112,401,80.461
47.094,4.0364,421,87.433
44.99,2.1531,424,89.806
43.024,-0.57541,422,84.844
41.705,-4.1679,421,94.33
38.334,-3.583,381,98.25
40.575,-3.2493,373,94.206
41.019,-4.9431,382,89.525
41.843,-5.4727,396,91.675
42.221,-7.3601,435,94.123
42.694,-8.342,459,104
43.511,-9.631,476,103.31
45.945,-9.4319,465,99.491
45.782,-9.6681,435,91.204
46.65,-10.134,403,83.645
47.272,-8.1202,416,89.558
46.963,-8.6429,429,93.504
45.88,-10.064,439,96.836
46.361,-11.077,414,95.67
47.861,-9.5706,436,91.766
46.337,-8.2833,417,87.639
42.85,-6.9177,415,96.009
42.311,-5.9403,442,96.695
40.707,-4.0768,495,105.6
40.679,-2.8515,514,110.19
40.032,-1.846,501,102.62
40.563,0.025189,480,98.829
41.196,1.6509,496,95.438
43.317,2.8102,476,86.167
46.972,3.961,478,120.34
49.764,2.6013,459,115.73
48.329,1.9921,441,90.865
47.793,-0.93983,456,123.43
47.481,-4.5045,441,122.87
43.87,-5.3242,422,87.755
45.067,-4.6737,423,79.609
45.115,-1.6265,425,77.302
49.407,0.15433,446,117.01
50.488,3.2102,452,119.15
48.101,4.9821,387,83.669
46.637,5.4058,376,81.916
45.917,5.6627,384,85.1
45.946,6.4683,390,85.398
46.07,4.9993,375,80.271
45.192,6.0654,415,82.131
45.916,6.1939,378,75.309
46.313,6.4808,387,76.599
48.236,7.7841,379,74.622
50.707,8.0992,352,72.704
52.913,5.8606,348,98.912
54.282,5.3666,336,94.76
55.908,3.7046,314,87.796
56.336,3.5095,282,88.962
53.319,2.7515,275,68.353
53.375,1.4626,299,98.779
51.585,1.2948,304,79.568
51.343,1.6253,323,98.424
50.192,1.6852,325,92.552
48.823,1.236,333,98.382
46.894,2.5221,325,66.641
45.321,3.2612,322,73.142
43.779,5.2394,330,65.699
44.228,7.4109,378,78.03
43.214,8.4202,386,75.292
45.727,8.8415,367,73.977
47.438,9.7899,382,75.052
45.632,7.2359,373,72.091
45.699,11.34,380,83.041
46.76,9.2999,387,76.656
46.012,7.4091,392,83.719
44.828,6.1068,390,76.218
47.307,5.6694,387,76.028
49.055,4.9016,415,119.01
47.337,8.3729,365,85.307
46.86,10.063,360,80.874
46.53,10.372,381,88.011
46.323,10.641,397,93.709
46.455,10.295,387,86.969
46.281,10.76,386,89.062
47.009,10.835,392,89.649
48.365,10.477,383,90.65
50.964,8.5289,401,118.84
52.602,6.6387,383,104.17
53.049,5.2398,327,92.502
52.542,6.5409,366,97.068
52.897,4.0491,313,88.831
52.81,2.9555,295,85.241
50.543,3.0165,263,58.156
48.48,4.2845,243,61.423
46.43,7.073,226,51.78
47.315,9.4033,234,69.18
47.647,11.331,223,56.932
47.91,10.975,210,57.511
50.25,9.0606,230,55.683
52.414,6.4157,263,59.769
53.558,5.6746,301,62.357
54.464,4.2522,309,68.32
54.878,3.5758,302,67.998
51.409,4.7995,278,66.525
50.329,4.1285,280,63.457
50.805,4.4292,306,106.5
49.364,4.2634,288,65.285
49.106,5.2397,306,71.082
49.71,5.6446,324,73.472
49.42,6.4074,342,83.95
49.562,6.8896,345,81.552
49.408,6.4117,323,78.922
49.382,6.7606,300,71.016
48.832,7.5647,294,66.294
48.121,8.492,293,62.407
46.756,7.3791,297,66.7
47.066,5.9327,305,69.627
45.671,6.8639,301,75.614
44.254,8.0263,326,80.527
43.579,7.7705,333,78.054
43.126,7.7053,322,79.377
42.657,7.233,333,79.311
43.175,8.0206,350,91.071
43.212,7.0781,331,75.548
44.718,7.5188,313,71.827
45.676,8.7149,302,70.9
46.614,10.703,298,74.258
46.661,10.254,272,66.765
47.461,10.755,247,65.814
50.101,10.94,252,75.995
50.916,8.4613,298,66.666
49.706,7.6358,338,70.404
50.959,8.7135,340,69.751
51.787,8.4122,339,72.389
51.736,7.9354,361,75.16
53.158,5.3537,363,76.624
57.015,2.2057,397,81.064
60.328,-0.26053,388,88.102
62.73,-3.0052,395,88.508
64.31,-4.4467,384,80.759
63.981,-5.7016,386,78.865
63.637,-7.7139,376,82.33
59.16,-5.6098,355,74.416
59.759,-4.6265,349,74.473
55.997,-5.1673,358,78.22
55.778,-3.3104,380,81.288
55.053,-1.1758,412,80.345
51.342,0.52645,404,79.973
49.543,2.2691,399,80.891
53.904,2.074,389,103.49
55.329,1.6052,368,86.937
52.498,1.1606,360,82.76
51.944,1.6372,385,91.667
50.638,1.9759,399,98.424
49.415,1.7771,419,99.242
48.687,0.76178,425,98.449
48.391,-0.36081,411,91.775
47.372,-1.7145,386,85.63
48.344,-2.2729,352,74.878
48.216,-2.9691,323,75.201
48.758,-3.8771,305,71
48.158,-2.0263,274,73.539
46.647,-0.33873,301,69.561
45.321,-1.4411,358,78.724
46.263,-4.0024,387,86.399
47.753,-4.8791,388,90.65
50.896,-5.3687,410,86.341
50.675,-2.031,406,102.86
48.422,-0.55196,366,83.636
46.6,-0.37847,389,93.544
46.884,0.38202,397,89.897
45.381,0.52491,423,90.815
45.431,2.2578,433,91.758
45.948,3.6983,425,93.437
47.826,4.3281,415,91.849
48.965,4.031,405,81.048
49.632,3.8967,388,84.654
51.271,4.0545,361,85.332
52.601,3.7301,360,80.279
53.79,4.0008,371,90.609
54.307,3.4975,358,84.985
54.745,4.0684,361,84.869
53.632,4.3087,366,81.081
51.474,4.849,346,90.013
48.026,5.4148,332,79.444
47.725,3.8606,290,75.788
47.921,2.216,287,65.773
47.44,2.1952,272,73.63
47.493,2.4878,287,81.189
46.204,3.3753,307,75.863
44.106,3.8162,315,76.797
42.058,4.0682,342,80.072
42.065,5.4506,300,65.649
42.058,6.549,292,66.774
43.418,6.5841,311,89.492
44.141,8.1762,282,65.004
45.76,10.778,279,64.689
48.512,10.848,244,56.411
49.455,10.95,236,55.617
51.868,10.99,248,61.77
50.153,10.935,228,59.372
50.47,10.883,220,51.465
50.127,9.7014,245,56.651
52.284,8.2867,291,65.194
53.182,10.349,307,72.125
51.965,7.9358,306,63.854
49.246,8.5493,318,68.419
47.905,8.3955,344,72.455
47.847,6.2668,325,70.131
49.129,4.2759,301,69.916
49.159,3.0294,308,70.33
50.309,1.9411,323,72.174
51.429,1.2618,324,72.455
52.949,0.89965,333,73.017
55.074,1.1331,356,82.214
55.663,0.92802,356,80.8
56.363,1.9966,353,91.684
57.45,2.7974,348,81.28
58.887,2.8714,369,80.66
58.765,2.2978,398,85.191
56.98,2.2163,388,88.673
54.679,0.75317,363,83.381
51.93,-1.2971,374,86.316
47.661,-1.9445,390,75.755
47.724,-3.7145,386,76.408
43.838,-1.7167,388,75.73
42.015,2.4156,427,82.561
42.8,0.75992,437,87.614
46.631,4.0459,421,90.922
51.434,4.7102,419,97.043
56.602,2.0581,405,85.241
56.448,-1.2599,415,88.797
51.815,-2.8069,388,114.43
50.126,-5.3894,364,81.032
48.769,-6.2907,370,78.865
48.976,-6.9238,371,77.922
48.85,-7.9092,391,81.032
49.148,-8.0081,396,81.859
49.178,-8.7203,408,83.579
50.364,-9.2714,409,83.339
50.599,-9.2775,391,77.343
51.32,-10.703,385,81.205
54.419,-10.975,376,75.292
56.936,-11.81,377,79.618
57.294,-11.561,370,79.493
53.787,-10.659,375,79.791
49.991,-10.329,395,83.347
45.744,-7.9059,394,78.186
44.342,-6.1418,413,82.876
46.497,-7.3217,395,84.728
42.731,-6.021,414,89.79
41.625,-3.9925,429,96.886
41.968,-2.165,429,96.836
42.937,-0.29584,473,104.93
44.09,0.95007,503,107.7
45.602,1.8179,492,101.81
47.894,2.6403,472,92.552
50.554,2.0944,432,86.581
52.981,2.5555,413,90.443
53.62,3.4331,393,80.271
54.836,1.6071,359,82.305
55.211,1.0087,385,85.489
54.448,2.8255,399,78.749
51.264,0.75035,390,81.974
47.923,-1.4384,418,83.67
47.49,-0.03569,405,82.975
42.369,0.055187,406,84.1
41.079,-2.6347,428,99.234
43.834,-3.0577,416,90.641
48.408,-4.2596,441,100.17
50.116,-2.909,447,91.279
51.217,0.76037,419,78.468
44.815,1.9879,440,86.159
39.606,1.7549,454,100.46
35.876,1.215,460,89.451
36.008,1.4467,476,104.03
34.672,1.1007,454,93.627
35.832,1.5756,428,103.16
36.382,1.4846,391,95.67
35.625,1.5171,361,86.432
37.13,1.4774,334,79.675
37.397,1.9863,342,95.752
38.596,2.7154,303,68.709
38.751,2.7927,280,69.461
38.612,2.9323,307,69.42
38.042,4.3402,319,78.41
36.746,2.0258,339,75.491
34.189,-1.9622,395,81.18
35.009,-4.5007,382,74.854
33.084,-2.6211,411,80.37
34.295,2.3294,401,75.978
37.635,5.7008,388,87.243
42.233,6.9564,376,81.561
45.024,3.7149,405,82.487
47.603,4.6054,435,92.072
51.515,6.7826,410,83.108
52.869,7.5467,430,82.082
52.767,10.494,401,75.499
52.971,6.8449,383,77.74
54.999,6.6038,370,75.499
53.737,6.1795,370,71.984
52.429,6.4976,405,80.519
53.507,5.2001,380,76.036
56.7,2.9753,340,69.163
55.48,0.41316,333,68.626
53.473,0.33663,292,67.543
51.592,0.47777,303,67.708
50.356,2.031,317,65.575
49.378,3.8983,318,66.922
50.295,5.2157,352,73.605
51.53,6.163,377,76.26
48.554,4.425,326,71.736
44.723,7.4296,297,68.668
43.383,7.4993,191,53.492
42.616,7.409,186,50.101
42.116,7.4167,196,52.309
41.793,7.4451,207,61.315
41.19,7.4183,208,57.387
41.409,7.1924,214,60.505
41.603,7.271,212,58.776
41.62,8.0625,213,55.691
42.094,8.4912,222,61.621
42.215,9.8912,229,58.429
43.501,11.164,231,60.05
43.738,10.408,234,60.993
45.434,9.2324,269,63.805
48.034,7.7148,288,65.905
49.685,7.7006,300,64.235
48.326,9.0772,277,63.416
47.762,9.3999,293,79.096
48.411,9.4619,301,70.272
48.41,9.9304,315,72.348
48.675,10.594,322,72.53
48.432,11.09,318,70.082
48.644,11.697,331,75.152
47.853,11.886,316,72.315
48.465,12.975,306,71.265
50.076,11.13,297,67.51
50.556,8.4555,274,63.366
52.401,8.6154,314,70.677
52.849,9.7367,339,73.051
51.593,11.407,342,70.942
50.427,11.468,321,72.596
50.382,11.682,286,65.401
50.297,11.091,274,63.152
49.656,9.8358,282,64.252
50.505,7.4781,285,60.902
51.563,4.9167,303,65.269
52.39,3.2955,292,64.086
52.78,0.83224,282,61.638
53.373,-1.3976,275,63.499
54.697,-4.0707,262,59.19
53.241,-4.7272,296,63.573
52.105,-3.235,366,74.639
52.918,-2.3194,400,84.902
53.432,-1.302,369,91.328
54.478,-1.7604,380,107.58
55.569,-3.7232,358,84.728
56.847,-4.5835,331,73.704
54.309,-6.7693,308,74.969
52.204,-8.3804,278,67.493
48.755,-10.123,243,62.258
45.257,-10.791,224,53.947
47.712,-12.608,224,54.873
50.725,-13.366,234,57.387
47.339,-13.006,248,59.57
48.351,-12.692,248,59.661
50.207,-11.686,258,59.653
49.998,-10.739,240,56.105
49.35,-11.275,228,54.708
50.218,-11.857,227,57.668
52.069,-9.8837,219,58.545
52.98,-11.457,236,54.6
55.621,-12.715,252,65.252
60.08,-10.06,264,67.89
59.672,-6.623,275,62.283
59.484,-6.0532,290,70.355
55.79,-4.2032,282,64.615
52.088,-6.1429,286,77.641
56.244,-8.9596,267,78.468
55.633,-10.918,239,77.104
54.373,-9.8143,243,71.769
53.193,-10.197,262,84.298
52.109,-9.1651,272,77.93
51.403,-9.7882,262,63.441
51.077,-9.6497,290,87.218
51.343,-9.4,284,72.571
51.533,-9.7335,271,67.361
52.434,-9.902,278,81.106
53.29,-10.875,280,71.256
55.011,-12.177,293,61.803
54.263,-13.851,323,66.004
50.661,-15.47,321,64.64
49.648,-12.736,342,89.269
51.966,-10.273,352,82.231
54.24,-7.8466,345,78.013
57.375,-5.0771,353,71.124
58.35,-4.4371,346,72.497
59.86,-5.7599,332,77.244
58.706,-7.6102,325,74.366
58.868,-8.2759,315,73.82
58.97,-8.1873,313,74.738
58.701,-8.4717,319,73.82
59.683,-8.3362,315,72.704
58.563,-8.3521,315,76.334
58.681,-8.6862,331,75.879
58.353,-10.12,366,81.172
57.008,-11.524,361,80.593
54.397,-13.218,356,82.438
51.678,-13.045,350,84.315
50.684,-11.393,339,68.023
51.129,-12.646,359,77.897
49.449,-12.763,351,69.313
46.448,-10.763,361,72.414
44.063,-10.735,373,75.408
45.082,-13.495,352,72.265
49.09,-13.262,351,71.438
53.894,-12.932,356,85.977
56.47,-10.503,380,88.251
55.05,-5.6073,389,73.307
52.084,-3.2488,393,79.03
47.219,-0.78631,405,77.161
43.249,-1.2312,425,82.206
45.58,-5.0691,427,88.88
49.39,-8.6067,428,84.869
53.735,-11.264,417,85.142
50.834,-11.226,405,92.874
47.241,-13.088,349,72.199
46.271,-13.216,338,71.281
46.333,-12.886,344,72.877
45.857,-12.835,338,71.645
46.335,-12.801,346,74.374
45.274,-13.667,341,74.283
45.304,-13.029,345,74.564
44.995,-13.128,359,76.888
44.704,-13.183,391,78.203
43.742,-11.568,394,79.626
43.373,-8.6355,383,80.089
44.501,-5.5924,404,90.162
45.798,-2.3483,402,92.965
45.157,0.3996,436,115.25
44.916,4.7371,421,92.982
46.168,6.3863,428,97.282
42.86,4.1584,413,90.914
40.733,0.18513,416,98.242
38.137,-3.6891,382,74.854
40.134,-4.6157,380,72.389
37.72,-5.5711,410,83.314
41.313,-6.4069,385,73.034
43.716,-5.5523,402,79.601
47.889,-7.1567,404,74.903
53.367,-8.4752,408,82.04
55.828,-12.225,423,83.992
54.191,-14.819,403,89.889
49.183,-17.634,348,72.381
47.278,-15.855,352,72.513
46.828,-16.071,351,74.837
46.484,-16.134,350,76.169
45.922,-15.703,364,79.038
45.019,-15.307,382,81.602
45.025,-14.474,386,80.188
44.391,-12.724,409,83.174
44.676,-10.701,399,81.263
46.809,-8.2321,399,96.091
48.019,-6.1118,399,86.391
50.44,-3.4363,394,88.161
52.739,-2.7208,399,86.159
55.977,-2.8415,376,78.261
53.543,-1.8881,378,83.645
51.95,-4.3511,359,78.269
52.632,-5.1318,394,78.964
48.75,-6.2696,384,82.802
46.529,-8.9235,403,85.679
41.724,-6.4648,418,95.686
36.802,-2.6211,411,81.123
35.707,2.8776,413,81.379
38.202,5.7044,416,78.873
42.806,6.8014,422,83.347
48.765,9.1793,433,90.708
51.946,8.6849,444,82.214
51.15,6.9349,417,75.755
51.322,4.2569,429,83.19
52.342,-0.73141,451,82.504
55.096,-2.7703,420,82.52
57.009,-5.6919,362,73.77
58.486,-7.6359,286,69.668
59.879,-6.173,268,83.041
59.203,-6.9371,267,70.222
61.191,-8.5407,314,73.927
62.679,-8.5864,349,71.049
63.869,-4.2174,359,83.562
66.394,-1.808,344,72.431
65.283,-0.47951,344,70.917
62.282,-5.3678,359,71.438
59.391,-3.4337,316,78.89
60.432,-2.8861,300,69.701
61.025,-2.194,293,67.816
60.603,-2.1668,292,68.75
60.857,-2.1926,301,81.487
60.658,-2.5292,295,71.86
60.909,-1.7574,288,63.573
60.968,-1.9239,297,68.535
59.91,-1.9111,311,81.941
59.878,-2.7382,334,84.207
59.629,-3.7143,367,86.349
57.288,-3.4212,369,78.294
56.087,-3.9635,381,79.402
57.196,-5.2637,378,76.152
55.785,-6.4416,364,72.662
54.921,-3.4098,355,71.628
57.661,-2.706,353,75.152
57.185,-2.6535,354,77.749
57.26,-2.7203,346,78.038
57.125,-2.6233,341,80.006
57.591,-2.994,337,73.456
56.999,-3.1364,338,76.524
55.938,-3.0408,355,81.486
55.712,-3.5833,383,83.339
54.491,-4.1324,432,90.675
53.146,-6.0853,425,83.844
50.232,-6.1342,386,82.521
47.728,-4.9758,385,76.26
47.423,-3.2919,400,83.728
50.538,-5.0164,382,80.453
52.989,-8.5383,371,81.47
53.827,-12.302,381,92.726
55.631,-11.236,364,69.949
52.643,-13.459,369,80.51
48.506,-13.048,351,89.641
47.792,-15.143,300,63.788
48.179,-14.692,293,63.598
48.326,-13.879,288,62.002
48.4,-14.065,284,62.655
48.376,-14.272,295,65.393
48.36,-14.102,293,64.541
47.921,-13.826,294,64.897
48.162,-13.771,288,62.465
48.165,-13.587,306,67.369
47.582,-13.1,330,69.875
46.799,-11.617,335,67.824
45.374,-9.3956,324,66.476
45.593,-5.9364,335,66.567
45.445,-2.0007,346,68.659
42.518,1.6747,355,70.628
39.785,0.31088,362,75.945
41.755,-3.2328,364,77.45
42.938,-5.9263,366,75.077
45.742,-10.599,361,75.789
51.005,-13.343,384,93.172
51.507,-16.755,359,72.662
49.814,-17.039,369,74.002
51.115,-16.183,364,75.201
49.058,-9.9405,377,85.142
50.502,-7.0823,385,87.317
55.427,-7.241,384,80.271
53.521,-4.0989,370,78.666
51.021,0.57177,412,89.07
51.08,6.3903,387,91.411
52.541,3.7302,345,81.867
50.112,1.5635,340,76.045
49.854,1.5868,347,78.013
50.028,1.5273,348,80.626
50.434,1.6901,346,82.231
50.345,1.6463,364,85.688
50.279,0.94028,364,85.043
49.77,0.64367,378,88.003
49.602,-0.21045,380,89.872
48.458,-0.57722,386,88.607
47.915,-1.6271,367,78.641
45.687,0.090973,382,83.19
43.806,2.3699,377,77.723
43.939,5.7255,385,81.18
47.228,9.3938,392,81.395
50.584,10.794,375,76.979
53.099,8.3147,370,77.203
52.323,3.2458,392,80.552
53.006,-0.39533,379,82.595
53.952,-1.1736,380,77.897
53.019,1.2336,378,76.954
55.12,3.445,385,79.559
56.594,3.4676,402,93.627
59.115,2.4474,380,105.25
60.023,0.16089,353,81.131
64.21,-3.0156,323,80.188
67.299,-5.7308,301,75.425
69.197,-8.0748,263,70.818
71.238,-10.847,260,73.704
72.043,-11.764,272,67.915
68.47,-11.027,284,66.104
64.598,-8.2723,301,70.446
63.086,-6.7993,344,80.072
58.929,-7.0269,391,75.193
55.891,-4.6323,351,70.288
55.235,-4.2809,325,75.432
58.75,-7.417,299,91.096
58.057,-8.0428,290,85.563
56.914,-8.4082,279,66.013
58.204,-8.0593,287,90.352
57.883,-7.6713,282,89.591
57.392,-8.176,273,69.751
57.064,-8.183,275,70.04
57.731,-7.9243,279,71.14
56.918,-8.8294,300,75.821
55.501,-7.7214,323,72.827
54.662,-5.6875,343,94.487
52.312,-2.6434,373,83.554
51.508,-3.1529,369,79.361
52.986,-1.1735,352,70.578
57.511,1.7701,409,97.63
60.939,1.2517,404,93.627
62.275,-1.5716,398,94.305
58.849,-7.084,397,92.403
53.836,-11.232,390,77.161
49.368,-13.437,380,78.385
44.428,-12.165,398,84.017
40.85,-6.7817,411,83.719
38.308,-1.0669,400,81.172
40.965,4.945,391,83.463
43.715,7.3424,413,81.313
45.647,8.9447,416,89.55
50.435,9.6189,393,82.347
48.617,9.991,391,75.887
48.785,10.68,381,73.712
50.228,11.804,355,70.131
53.225,5.5136,366,72.083
53.553,-0.31061,403,80.229
51.484,-7.5813,396,86.903
52.457,-10.856,424,85.787
52.739,-15.627,408,86.498
57.719,-17.379,384,84.058
56.598,-15.56,407,104.57
56.352,-17.83,407,82.611
53.065,-13.837,407,78.434
49.824,-8.9293,395,78.683
47.277,-7.0512,363,80.345
50.262,-10.841,339,78.402
50.135,-11.457,327,75.78
50.587,-11.568,324,73.539
50.786,-11.451,314,75.226
50.188,-11.282,315,75.871
50.24,-11.478,307,72.786
50.081,-11.766,308,71.653
50.636,-11.289,321,75.524
51.017,-11.177,322,76.814
51.427,-10.118,367,82.33
52.122,-8.0726,389,81.975
54.328,-5.1162,388,84.199
54.904,-1.6171,404,91.138
57.004,1.0964,386,82.578
54.715,2.5604,413,87.664
50.203,2.9962,391,82.049
47.279,-0.0017316,385,80.279
46.211,-4.33,383,75.689
49.963,-5.8635,406,79.981
49.229,-1.5939,418,86.176
46.704,3.1924,422,86.341
44.071,7.9013,418,87.011
40.247,6.0383,394,76.615
38.558,4.2456,374,74.92
44.596,4.8331,363,85.034
45.678,5.5243,339,77.07
46.748,5.3194,340,75.871
46.755,5.3788,330,78.203
46.984,5.5919,320,74.622
46.207,5.4816,314,73.315
46.192,5.715,316,72.546
47.042,5.9811,307,74.184
46.51,5.7568,318,73.812
47.044,6.8484,328,77.674
47.334,8.5633,370,84.571
45.676,10.243,377,84.662
43.915,7.8664,345,76.996
45.728,5.7076,366,79.634
49.111,4.7423,372,79.245
54.585,3.9267,363,82.016
57.486,2.0095,356,82.611
60.321,0.26177,344,81.544
58.026,3.9812,373,81.362
60.321,4.0811,331,71.215
61.817,-0.56716,353,76.996
64.004,-4.3981,344,84.431
65.261,-5.5308,350,83.199
68.865,-7.4487,333,74.548
71.251,-10.252,294,67.791
69.452,-11.831,321,77.161
66.648,-9.1325,291,70.338
64.481,-5.6113,320,86.961
65.174,-3.1018,319,84.728
65.005,-4.7522,297,80.461
65.455,-3.0375,314,95.827
65.258,-4.2981,315,81.18
63.273,-3.3781,331,76.715
60.767,-1.4135,321,87.705
59.521,1.3414,364,83.943
53.594,-1.7175,384,78.129
56.211,-8.8003,404,80.85
60.83,-13.775,398,75.573
61.483,-9.7536,394,88.466
59.021,-4.1851,394,83.438
54.78,2.4036,407,85.853
51.56,7.1711,409,81.304
54.167,5.6279,404,85.051
55.848,8.3932,383,83.761
60.498,4.3979,389,82.189
65.557,1.1767,405,106.87
69.144,-2.1448,373,87.127
67.384,-5.9761,349,103.64
63.674,-4.391,318,89.723
62.46,-2.6242,297,86.986
63.231,-1.8792,319,122.66
62.754,-2.4579,292,99.73
62.44,-2.1672,288,94.313
62.194,-1.5546,289,120.45
62.596,-2.1736,292,104.22
61.874,-1.5869,295,102.65
62.05,-0.41808,305,121.1
62.857,0.29567,308,123.13
64.312,0.45018,307,99.449
67.121,1.0091,330,108.08
65.956,2.6231,320,95.562
65.189,4.0438,333,110.59
63.958,4.413,353,125.83
62.166,5.0424,341,85.498
60.887,6.3434,348,81.296
61.347,6.7333,377,102.63
60.953,6.7945,378,103.98
60.617,7.7894,365,97.382
59.699,8.4595,349,90.187
58.774,9.0657,351,85.63
58.917,9.1318,354,84.654
57.78,6.1552,353,71.347
56.328,3.5993,375,72.025
53.117,3.1584,403,80.668
53.677,5.634,384,82.148
55.602,5.9789,338,74.266
55.503,4.9606,320,73.729
55.47,4.4606,330,74.936
55.544,4.5474,332,79.882
54.338,2.8522,356,83.852
54.194,2.855,355,79.915
53.824,1.624,393,92.833
53.698,0.52897,392,88.334
54.008,-0.50099,401,84.406
55.816,-2.3657,411,91.419
57.859,-4.7838,419,95.066
59.689,-7.1988,404,89.062
61.957,-8.2476,388,83.438
64.739,-5.9702,396,87.962
60.718,-3.9844,387,76.698
58.088,-5.8811,391,85.853
60.792,-9.3694,413,102.81
61.924,-12.732,378,84.563
65.452,-11.879,388,82.372
64.631,-6.8519,393,81.188
60.988,-3.576,410,97.018
57.931,2.4065,403,91.064
54.428,4.7477,443,87.639
53.434,4.2377,419,84.141
55.614,2.7578,428,89.178
55.282,-2.4356,422,90.766
54.363,-9.1466,417,83.331
51.874,-13.17,397,82.263
47.68,-16.309,400,79.104
45.344,-14.375,387,72.613
43.129,-11.522,397,76.384
42.555,-8.6381,401,80.337
41.346,-9.0198,393,81.842
39.789,-10.191,409,81.429
40.244,-4.1675,392,74.829
45.876,-4.156,362,69.461
48.839,-7.0067,294,63.383
51.981,-14.47,290,59.926
53.078,-19.405,312,61.241
52.655,-16.296,300,61.224
53.257,-16.525,327,71.653
52.967,-16.709,325,67.444
53.877,-16.526,326,68.196
53.439,-16.47,324,66.989
53.547,-16.451,315,64.516
53.278,-16.668,327,68.56
53.779,-17.445,334,66.873
54.781,-17.715,365,73.349
56.274,-17.027,392,73.704
57.731,-14.186,387,75.987
60.673,-11.354,414,96.274
62.842,-13.426,391,84.29
64.927,-11.219,376,89.351
62.87,-6.8969,400,91.005
60.994,-4.6309,411,104.59
64.506,-4.3493,424,135.23
65.974,-1.4023,407,104.14
65.401,0.40606,396,96.158
67.631,-2.588,399,84.844
68.603,-6.7793,386,96.571
66.11,-8.3982,425,120.74
64.248,-12.721,390,97.795
59.706,-15.206,374,79.146
55.296,-17.377,366,76.764
49.242,-17.142,371,73.315
43.899,-14.317,389,78.501
41.288,-12.316,403,82.313
38.051,-9.5424,397,80.345
37.39,-7.8852,413,84.083
39.182,-5.8699,397,76.748
43.201,-6.1622,394,77.343
38.88,-4.5082,404,77.351
36.475,-0.81901,412,82.512
40.012,2.0497,402,79.998
42.85,2.7662,413,81.354
47.965,3.4734,408,84.952
47.434,4.4317,394,80.461
45.512,6.5041,345,73.985
44.101,5.3449,318,66.964
44.289,5.0814,308,67.634
43.681,4.7691,306,65.583
43.498,4.8174,301,65.674
44.218,5.3021,299,65.492
44.1,5.4502,307,65.376
43.8,5.4058,299,64.731
43.889,5.4011,296,65.186
43.299,4.76,308,68.279
42.783,5.3283,340,72.579
41.009,5.9656,362,74.738
39.74,3.634,353,71.662
40.98,1.3106,340,73.315
42.546,3.9759,373,80.138
43.487,8.0617,383,84.216
44.11,11.042,375,79.328
45.715,15.227,360,74.63
47.174,17.946,341,70.793
47.203,14.659,347,74.308
51.13,16.836,329,71.562
55.719,14.947,302,66.708
58.587,10.879,331,71.281
61.348,4.0188,335,69.594
62.062,-1.9918,359,72.108
65.547,-4.8926,389,94.148
64.027,-9.428,402,94.132
58.753,-14.061,397,79.816
57.31,-17.522,366,74.482
55.789,-13.034,388,78.087
48.216,-14.192,403,78.377
41.806,-9.8239,393,80.254
36.188,-8.0019,371,73.092
33.275,-3.9076,371,74.415
30.99,-1.6749,338,73.365
31.451,-0.9137,288,63.507
32.052,-0.66659,239,55.063
30.733,-0.84431,244,56.759
30.645,-2.0316,297,61.456
33.491,-2.8417,346,67.915
38.622,3.4919,358,74.837
44.497,1.3198,368,72.645
46.136,-0.24902,374,76.152
48.508,-3.4094,374,75.482
50.58,-4.6751,392,79.436
47.516,-1.9066,408,79.675
43.207,2.4657,390,84.613
37.711,5.4853,389,83.711
38.942,2.3699,375,79.419
41.501,-1.7707,377,83.074
44.907,-6.9829,377,82.992
52.922,-8.4391,387,81.421
58.647,-9.0337,407,103.14
64.941,-11.259,385,88.243
67.604,-12.124,384,81.842
68.799,-16.153,380,87.383
63.142,-18.316,369,73.224
57.207,-19.914,359,74.639
50.261,-20.851,316,64.706
44.038,-20.347,303,66.989
40.024,-15.418,323,65.318
42.318,-8.0659,354,75.457
44.125,-2.0141,383,83.281
44.744,-5.147,394,83.628
44.408,-9.4676,387,77.384
39.854,-10.516,382,75.854
44.567,-7.8739,354,73.63
46.246,-7.5783,303,64.334
46.288,-7.3083,296,63.879
46.719,-7.8449,292,67.154
46.983,-7.8352,286,65.649
46.665,-7.6871,283,67.427
46.417,-8.1466,276,64.731
46.994,-7.5774,274,65.558
46.359,-7.8306,272,66.137
46.114,-7.3336,278,66.054
46.115,-6.4307,309,68.535
46.706,-4.4885,338,74.349
48.892,-4.3327,357,75.788
51.718,-5.2311,360,76.831
53.636,-7.1221,346,76.169
54.029,-9.5004,349,70.446
52.56,-8.8276,356,73.696
54.872,-4.8612,363,73.778
58.266,-2.1472,383,86.159
63.454,-3.4332,388,93.246
67.189,-2.7233,411,99.094
70.479,-4.2698,391,93.536
72.683,-6.0941,375,82.446
72.293,-7.2206,357,86.176
67.073,-4.7366,355,97.225
65.246,-5.9275,335,118.69
63.963,-5.9428,295,92.635
63.886,-6.3394,305,100.18
62.917,-5.9089,269,66.848
63.849,-6.1358,277,93.933
64.136,-6.5056,284,100.87
63.911,-6.572,282,101.8
63.998,-6.2683,287,100.2
63.483,-5.7764,292,103.09
63.042,-5.2611,304,104.37
62.839,-6.4339,292,67.989
62.421,-8.008,312,87.201
60.62,-9.5545,318,71.438
57.09,-10.165,315,75.292
53.68,-10.443,343,81.007
50.871,-7.9789,349,75.747
48.051,-9.5499,363,77.392
45.373,-12.98,364,74.415
43.491,-13.48,358,73.415
42.318,-15.131,354,71.463
44.63,-12.675,349,75.706
46.304,-8.8549,355,78.501
47.332,-4.1943,364,79.535
48.738,-0.32389,374,81.057
49.529,4.9419,369,80.296
50.509,10.286,367,79.444
49.259,8.5793,391,81.544
52.897,8.2235,361,75.755
55.868,4.2722,362,77.84
53.464,-0.043903,377,82.33
50.513,-0.66344,395,79.204
51.657,3.0417,392,81.875
52.372,6.8383,404,87.408
53.929,2.9844,412,84.149
54.905,-0.62939,400,90.047
59,-2.225,409,88.127
64.161,-2.7674,422,120.8
70.617,-4.314,401,103.13
71.615,-7.5217,340,84.969
72.431,-4.781,346,86.11
72.174,-4.3996,319,74.275
72.166,-4.2106,295,71.025
71.988,-4.1127,300,72.034
71.886,-4.162,310,85.258
72.434,-4.3182,302,76.806
72.424,-3.8598,304,78.41
72.284,-3.1917,325,90.658
73.187,-3.5288,321,74.349
73.403,-2.5533,331,74.647
72.431,-2.399,312,100.72
71.893,-3.5108,315,70.892
73.8,-4.5388,328,79.543
72.09,-4.1172,315,95.025
69.968,-2.7761,300,95.521
67.613,-2.8546,316,85.952
65.696,-1.6729,328,78.368
65.138,-0.045471,362,86.73
64.848,1.9951,394,115.39
64.288,2.9826,410,123.66
63.42,3.647,412,112.67
62.991,3.0355,423,119.78
63.916,1.0763,408,115.68
63.96,-1.6129,397,118.39
64.077,-4.2037,373,100.88
63.012,-7.6751,336,69.668
63.211,-12.465,347,77.227
60.881,-14.778,371,78.691
60.606,-18.186,409,118.28
64.33,-18.403,394,100.75
66.246,-14.416,391,92.95
62.041,-12.452,409,102.03
57.936,-11.997,414,85.142
55.792,-13.604,409,83.273
51.266,-13.414,411,80.56
45.354,-13.303,409,83.281
39.37,-13.977,401,80.725
34.366,-12.242,391,81.478
31.861,-5.8288,396,79.584
30.264,-1.8141,375,79.104
30.556,3.5802,353,76.789
34.513,7.7955,338,70.801
37.524,10.684,306,67.286
44.257,9.7481,329,65.748
45.639,11.474,398,76.011
48.032,7.9429,389,76.309
50.878,3.5231,400,82.835
53.997,0.54209,405,88.582
57.72,-4.1586,417,85.133
63.561,-3.149,415,94.545
63.264,-2.3925,407,81.668
61.687,-10.199,433,110.77
58.054,-16.603,414,90.468
59.19,-17.536,391,84.861
55.915,-14.774,372,78.146
59.632,-11.791,344,87.21
59.465,-11.046,301,66.526
58.405,-10.939,289,69.222
59.266,-11.291,284,69.486
58.418,-11.364,281,72.017
59.086,-11.345,297,88.847
59.261,-11.288,276,71.298
58.763,-10.923,286,73.638
59.632,-11.602,281,69.693
59.123,-11.588,281,74.283
57.463,-11.108,284,69.288
56.615,-9.395,313,70.404
57.727,-6.9077,328,71.529
59.702,-4.4602,346,81.214
63.074,-3.5939,352,76.508
63.688,-1.4431,349,70.065
60.679,0.87181,357,78.592
59.436,4.6645,357,70.636
59.079,9.0566,347,72.596
57.67,6.6023,333,73.398
59.104,1.5814,351,76.78
56.037,-3.3516,377,90.013
52.117,-6.57,353,83.446
53.696,-10.363,389,106.56
55.679,-14.015,379,81.933
57.709,-14.585,368,71.19
56.42,-17.579,371,72.563
53.527,-14.735,391,83.901
54.454,-9.4579,383,78.286
50.973,-8.9827,383,75.309
45.959,-8.8959,382,75.962
40.756,-4.801,399,86.597
35.801,-4.9521,395,81.759
39.912,-9.2269,377,77.475
44.105,-11.167,367,80.734
47.544,-10.719,371,82.603
45.627,-11.174,343,74.324
46.147,-10.504,291,69.801
45.189,-12.756,245,57.966
42.141,-14.754,213,54.517
41.594,-15.166,190,51.234
39.475,-15.187,188,51.052
39.86,-15.439,200,51.308
39.995,-15.749,200,51.887
41.31,-15.605,204,51.581
42.993,-15.615,208,53.351
44.593,-14.797,216,56.378
46.172,-14.1,231,56.006
47.149,-12.543,223,53.45
47.201,-10.477,228,53.814
48.254,-7.8264,230,53.384
48.202,-4.3621,229,54.666
46.809,-1.9463,233,55.245
44.678,0.91189,234,54.393
42.404,3.2952,237,56.039
39.886,5.4072,247,56.585
36.444,5.3898,240,54.046
33.444,4.8384,225,52.615
33.292,3.0597,216,52.83
32.088,4.3772,211,51.019
32.648,3.8993,207,52.069
34.843,4.9019,218,53.591
31.423,6.7664,223,54.815
32.955,1.9471,208,50.407
33.836,2.0746,215,52.888
31.638,4.6348,248,65.731
28.238,4.6085,234,56.775
31.856,0.94667,244,62.275
32.083,6.687,288,75.954
34.156,11.16,264,66.575
45.239,14.404,274,67.154
52.886,18.02,270,61.985
57.987,10.621,259,57.461
56.662,0.024892,280,63.78
56.545,-9.0827,300,70.711
49.309,-14.509,303,70.537
40.805,-15.791,304,67.551
39.073,-11.023,293,63.226
36.074,-8.915,303,67.989
34.245,-13.196,284,61.249
42.154,-13.578,292,62.721
47.328,-8.2727,300,69.131
46.867,0.31543,321,70.52
41.267,1.2965,312,67.7
40.133,-4.9381,308,68.651
39.943,-12.965,304,66.972
38.889,-15.404,291,61.497
33.352,-9.6727,300,67.055
33.543,-2.7291,312,67.7
32.767,4.9991,325,69.321
28.731,1.4814,298,67.129
35.087,-3.2599,307,66.228
40.777,-11.013,331,73.233
47.368,-16.276,321,70.173
53.648,-14.254,315,69.776
54.79,-16.647,337,72.943
59.754,-12.623,310,75.144
57.662,-17.775,288,62.622
57.255,-16.656,298,65.169
57.315,-16.741,286,65.748
57.766,-16.791,273,67.137
57.263,-16.878,268,65.078
57.338,-17.062,259,65.905
57.571,-17.188,266,67.964
57.143,-16.983,256,65.723
57.596,-17.343,256,65.285
57.116,-17.143,261,64.615
57.571,-17.683,274,66.575
58.862,-18.517,302,73.522
57.405,-18.837,311,70.321
55.959,-18.012,298,67.344
55.336,-19.484,342,69.61
52.771,-17.99,349,71.008
50.583,-18.165,355,72.844
47.763,-18.29,353,73.968
45.112,-16.128,354,74.622
43.464,-16.907,349,74.383
40.551,-18.517,344,70.338
36.812,-17.032,364,75.085
35.143,-14.922,336,74.374
37.373,-10.623,327,74.539
38.254,-7.5191,345,70.007
43.364,-6.3128,346,73.323
47.393,-8.7765,361,78.203
50.976,-13.657,392,77.806
53.853,-16.452,409,82.818
54.204,-19.857,397,81.197
54.368,-22.172,396,85.696
51.331,-24.531,368,79.534
46.436,-23.119,347,76.094
41.262,-20.213,340,76.144
40.806,-17.15,363,75.788
38.382,-13.669,359,76.036
35.986,-12.824,365,80.387
36.792,-8.2618,392,82.76
38.207,-2.5611,415,90.41
40.633,2.1806,425,87.664
45.526,7.0531,426,89.277
44.471,12.007,411,85.886
46.523,16.018,400,81.486
47.79,14.336,379,83.926
47.214,14.665,374,76.607
43.486,9.5595,352,77.74
43.256,3.7609,391,90.584
44.33,7.9178,402,88.565
42.569,8.9951,409,89.161
42.788,4.7109,374,82.793
42.098,0.16947,327,76.334
41.304,4.4939,270,65.922
42.29,4.4706,241,56.477
42.653,4.6784,225,54.145
42.623,4.0733,221,53.31
42.82,4.2111,214,53.409
42.785,4.228,215,53.773
42.72,4.3071,215,54.327
42.563,3.713,210,53.293
42.359,3.5499,206,54.484
43.077,3.613,210,52.805
42.961,4.4358,226,55.807
44.209,4.8521,235,56.477
45.196,3.6013,243,57.445
46.688,3.6214,255,58.611
47.971,2.9791,270,60.695
48.166,0.25263,301,61.183
49.976,-2.1303,330,68.452
50.992,-4.9901,375,71.785
49.445,-9.0168,416,85.96
49.262,-13.296,416,88.127
53.375,-14.052,400,85.92
55.603,-14.552,414,84.96
59.332,-13.248,415,80.891
62.646,-9.053,405,96.017
63.852,-11.287,412,95.918
63.71,-12.676,395,99.813
63.195,-12.383,366,76.309
63.396,-14.007,310,74.076
60.468,-14.98,307,70.983
61.168,-15.955,299,70.355
61.233,-15.872,280,69.611
60.916,-15.755,268,70.975
61.445,-15.464,262,65.211
60.624,-16.082,262,64.541
60.831,-15.72,260,74.011
60.934,-15.482,257,69.652
60.782,-15.328,244,63.408
61.204,-15.462,251,63.044
61.633,-16.761,264,73.125
61.043,-17.555,272,71.926
60.325,-19.075,296,76.351
59.826,-21.333,325,72.488
58.265,-21.056,299,64.169
59.203,-21.059,311,65.26
57.439,-23.749,323,73.266
53.629,-24.96,328,71.256
49.256,-23.92,373,78.385
45.897,-20.898,373,83.992
41.178,-19.139,395,82.711
36.65,-14.894,400,88.913
34.367,-10.478,402,88.309
33.931,-7.3667,396,88.979
38.662,-9.0394,360,76.053
42.997,-6.5411,361,79.063
46.163,-13.214,374,79.708
51.202,-18.453,379,75.507
55.43,-21.527,410,77.757
58.522,-22.689,386,79.129
61.324,-25.983,351,72.48
62.873,-24.517,360,80.577
64.178,-26.119,300,71.719
66.822,-24.702,304,69.205
66.588,-27.973,330,69.875
60.405,-31.053,335,74.184
53.723,-28.925,326,78.12
53.518,-24.603,276,66.782
51.487,-28.131,244,64.177
46.726,-29.075,219,56.122
52.213,-27.432,215,58.09
51.739,-25.734,217,58.363
52.739,-25.162,222,57.213
53.413,-24.148,224,61.431
52.591,-23.876,228,59.818
52.488,-22.386,243,61.985
51.59,-21.835,240,61.621
51.678,-18.515,245,64.615
51.99,-15.936,246,63.697
54.721,-14.516,244,61.754
57.903,-17.307,262,65.467
59.361,-20.474,281,76.698
60.072,-23.968,333,83.182
58.591,-26.344,333,83.628
56.095,-27.789,331,74.366
54.05,-25.142,339,73.679
49.112,-22.474,359,78.013
47.6,-17.324,369,80.94
41.628,-16.696,390,82.396
39.166,-10.583,401,81.776
37.398,-5.6002,421,86.995
37.142,-1.2934,409,86.647
37.656,5.2986,411,87.119
39.561,9.505,419,88.4
41.907,15.338,392,84.108
47.977,14.387,393,82.338
49.848,9.2727,364,82.685
55.181,5.4293,364,87.275
58.101,8.956,388,87.681
58.472,7.7406,375,80.18
58.649,2.3494,401,88.425
65.417,0.7036,414,86.349
67.103,-2.5469,400,80.503
70.486,-6.2819,393,82.851
70.045,-9.8173,385,77.558
70.019,-13.647,382,101.99
65.513,-17.053,349,100.96
65.8,-14.604,293,83.273
65.952,-13.149,300,93.925
65.386,-13.292,295,102.09
65.519,-13.808,275,87.102
65.57,-13.02,267,94.041
66.393,-13.01,270,97.134
65.638,-13.036,260,81.197
65.946,-12.832,260,86.656
65.433,-12.541,264,85.829
65.752,-13.51,275,98.664
65.08,-15.007,272,82.256
64.083,-17.091,332,109.76
60.513,-19.367,334,94.901
57.293,-21.251,358,80.213
56.597,-24.272,376,79.882
59.31,-26.351,355,78.112
59.111,-23.37,347,71.62
56.539,-19.012,353,76.599
52.522,-17.1,377,86.3
46.999,-14.963,380,79.03
44.178,-16.134,380,77.252
38.588,-14.79,363,75.607
35.4,-9.819,387,80.337
31.702,-3.7654,377,80.328
29.947,-0.36654,361,75.937
33.473,-3.6273,373,82.421
38.271,-8.8717,340,69.205
44.357,-12.752,312,74.101
42.925,-12.893,264,62.837
41.604,-12.106,242,57.114
41.968,-12.165,233,54.881
41.8,-12.947,229,54.881
42.008,-12.854,228,55.708
42.072,-13.428,222,55.336
42.268,-13.848,233,58.082
42.694,-14.053,232,57.991
41.781,-14.714,247,60.877
39.943,-14.348,269,67.129
37.258,-15.09,281,69.296
35.732,-14.581,290,69.486
35.272,-11.516,279,63.292
34.597,-7.7715,280,64.764
34.037,-2.0924,298,64.168
34.811,1.6711,343,76.731
34.309,-0.90907,343,73.068
38.494,-0.16279,342,74.92
44.275,-0.89662,346,76.425
46.174,-4.4754,369,77.914
49.418,-7.7981,378,81.85
47.998,-10.806,381,79.394
43.717,-11.972,371,77.484
46.521,-14.861,403,83.008
42.757,-17.076,380,79.097
40.175,-16.137,365,78.89
41.541,-10.625,358,78.964
51.633,-8.2682,365,82.305
60.856,-8.593,388,101.65
68.053,-11.264,400,96.125
72.763,-10.298,391,97.249
77.441,-10.701,326,77.203
79.402,-13.436,276,66.451
80.329,-20.211,280,66.393
80.976,-23.105,236,77.318
80.255,-25.57,232,76.525
82.918,-28.349,219,80.064
87.33,-31.602,199,56.858
90.017,-33.159,201,58.181
84.964,-31.769,205,70.677
82.694,-30.06,227,71.438
83.019,-30.073,240,68.543
77.932,-27.206,287,77.343
70.038,-17.212,317,71.884
62.598,-6.9737,350,85.307
55.753,-0.37723,370,88.508
55.377,6.751,374,84.753
51.434,11.435,369,81.387
54.083,7.8658,384,84.588
53.223,10.781,391,80.171
55.161,12.023,370,79.774
58.811,5.7048,385,84.224
65.015,-1.9394,400,90.402
71.946,-7.7865,425,102.72
75.946,-6.9907,417,90.195
78.394,-10.629,394,92.957
80.285,-15.671,361,79.055
82.218,-19.646,288,69.139
84.514,-17.219,252,62.027
83.468,-15.836,274,75.449
85.49,-14.834,252,62.564
88.596,-14.309,242,69.991
88.338,-14.148,222,77.501
87.226,-15.211,225,84.381
84.726,-12.82,219,62.721
80.201,-13.404,298,75.508
76.264,-11.927,315,67.427
78.818,-10.929,318,68.552
84.781,-13.998,296,66.211
90.803,-16.22,285,67.873
93.011,-15.505,260,66.765
97.085,-15.892,243,62.887
100.68,-16.731,252,58.131
105.73,-17.76,277,66.724
110.81,-16.561,275,65.012
115.96,-13.801,269,62.928
115.97,-11.257,263,60.877
116.43,-11.645,259,61.001
114,-11.509,219,55.849
109.72,-8.6351,234,59.496
106.82,-11.75,213,55.741
108.26,-11.402,217,61.166
107.76,-10.106,208,61.34
107.38,-9.6203,210,61.067
106.63,-9.6857,205,59.372
106.22,-9.4909,202,60.025
106.3,-9.9768,203,59.289
106.03,-10.022,205,59.587
104.58,-11.224,202,57.321
103.43,-12.298,195,58.454
100.84,-13.19,197,63.524
100.83,-12.452,195,62.002
100.41,-12.906,197,58.644
101.45,-14.702,185,52.731
98.321,-17.797,184,50.746
93.372,-18.252,177,45.329
88.597,-15.12,206,59.033
89.771,-7.5844,182,60.306
87.07,-8.0348,220,60.96
80.2,-6.8815,252,67.841
74.718,-6.8589,303,73.539
70.96,-9.3493,324,67.419
68.272,-11.062,373,81.569
64.662,-13.68,381,80.908
59.239,-10.888,394,85.886
54.263,-5.2613,402,84.943
55.342,0.41133,414,86.349
54.351,7.3998,421,92.808
57.04,8.6106,396,81.337
63.305,7.228,411,87.689
66.074,1.9385,398,89.757
66.557,3.0301,413,93.429
64.848,-1.942,385,84.736
70.329,-4.41,436,97.241
72.863,-9.8013,420,95.149
70.654,-15.234,422,96.447
68.122,-19.62,445,104.42
67.106,-23.782,406,82.032
60.464,-21.347,443,95.645
54.495,-19.125,417,90.178
46.628,-15.48,431,100.32
42.457,-8.354,410,95.331
45.441,-5.8669,389,104.36
48.96,-8.5566,338,89.326
49.065,-10.75,336,85.878
49.2,-10.991,330,84.165
49.171,-10.397,326,89.335
48.988,-10.63,318,85.605
49.209,-10.59,311,83.686
49.653,-10.725,299,81.47
49.291,-10.355,292,79.518
49.548,-11.578,292,78.087
48.275,-11.624,297,77.277
48.165,-11.024,312,81.106
48.02,-9.8581,352,86.035
46.935,-7.8842,384,91.601
45.655,-5.531,383,90.311
44.995,-3.8491,403,92.552
48.099,-0.39316,398,87.59
51.752,-1.0629,405,83.463
56.04,-4.719,421,102.72
58.4,-4.921,435,97.134
61.566,-5.5361,426,96.588
62.947,-2.4645,443,90.658
66.491,1.1416,427,93.032
69.88,4.7467,439,97.986
73.565,2.6063,409,103.43
76.13,-1.2576,389,97.986
76.237,-5.7968,397,103.63
77.86,-6.3452,413,103.2
74.844,-3.9242,395,93.635
71.609,-6.53,384,91.618
64.733,-4.2685,395,110.12
62.139,1.3398,432,110.66
56.546,5.3462,416,86.688
53.72,9.9431,412,94.041
49.198,12.605,383,71.694
44.417,13.925,402,83.248
41.04,8.8139,407,96.96
40.383,9.0208,412,92.51
37.691,6.6902,399,90.153
36.801,6.0269,397,82.983
42.231,3.602,406,86.787
45.488,4.3361,429,102.82
50.283,1.5995,429,98.986
49.725,-3.1417,439,95.248
49.096,-5.1656,419,97.125
46.992,-6.6853,436,94.777
47.565,-3.371,436,95.472
49.482,-0.49831,443,104.94
53.914,3.0789,449,106.66
59.921,3.971,462,122.35
59.416,5.0078,428,95.248
60.607,-1.5742,414,103.07
59.597,-2.2531,422,96.398
55.94,4.8391,419,96.174
51.361,6.8196,415,91.046
46.506,9.6964,408,97.225
41.083,13.83,418,83.074
39.134,12.109,391,83.62
42.124,18.16,398,87.764
40.098,21.664,336,75.945
44.36,19.852,353,81.271
54.28,11.988,345,88.102
61.887,8.4453,378,93.908
70.966,3.9763,389,108.78
78.823,0.81811,400,121.85
82.328,-3.4845,397,110.25
83.747,-8.8793,396,124.47
84.477,-12.106,358,122.54
89.608,-17.239,342,85.597
91.836,-13.516,353,82.561
95.119,-12.62,337,80.998
100.58,-15.427,344,83.96
103.77,-18.301,327,80.726
110.39,-19.786,263,61.274
113.09,-22.786,212,55.998
112.85,-15.372,224,57.015
114.78,-11.332,249,57.875
117.06,-7.7135,270,60.34
116.42,-5.1272,247,57.395
112.43,-5.0736,228,59.711
112.62,-9.7867,207,56.171
114.89,-9.3384,196,54.178
116.94,-5.8462,191,57.205
121.76,-6.145,178,48.149
127.19,-6.7971,187,49.348
128.76,-8.3232,185,50.283
130.49,-10.101,184,50.564
129.37,-11.004,192,50.754
130.34,-8.9499,190,50.2
133.13,-10.899,183,48.372
135.39,-10.865,182,48.397
137.29,-14.548,169,47.082
138.13,-15.028,170,47.297
139.6,-18.562,180,47.868
141.07,-19.248,185,49.894
140.93,-20.053,186,50.663
146.9,-21.29,179,49.431
152.09,-24.893,183,50.68
153.27,-25.522,188,51.217
154.81,-28.145,184,48.803
153.59,-30.044,179,47.306
150.96,-30.334,185,49.555
153.58,-32.203,190,49.944
156.79,-28.651,168,49.646
152.37,-23.285,185,51.978
153.87,-24.123,183,52.921
159.33,-27.275,184,51.209
154.94,-25.289,181,51.515
153.2,-21.764,181,53.475
153.67,-20.794,194,51.027
158.18,-21.824,206,52.549
160.62,-22.539,180,50.845
160.13,-22.644,198,55.501
159.23,-20.134,197,54.029
161.74,-19.134,200,54.327
166.99,-17.697,208,54.691
168.5,-19.934,219,55.319
167.72,-18.319,228,56.899
163.95,-15.589,229,53.955
163.02,-22.579,225,55.923
166.99,-27.284,201,52.433
171.47,-27.444,253,61.778
171.15,-25.985,265,64.226
175.49,-27.371,294,70.892
182.04,-31.438,288,68.097
178.54,-28.776,292,69.941
171.49,-29.05,291,65.682
176.89,-28.299,300,68.907
183.49,-32.301,291,67.551
190.48,-32.233,300,66.12
195.38,-30.075,297,65.649
196.97,-30.963,289,68.353
191.4,-30.661,282,62.581
191.89,-33.67,290,63.184
188.41,-36.93,291,62.564
181,-35.039,310,71.463
186.91,-31.75,298,68.725
196.32,-29.42,310,68.742
204.39,-30.91,288,64.127
210.85,-31.22,262,61.241
207.71,-33.671,235,57.809
208.06,-36.721,227,54.393
209.34,-37.566,232,54.955
209.15,-38.744,235,57.552
209.48,-38.541,234,59.512
209.62,-39.175,224,57.585
210.52,-39.162,221,58.528
209.87,-39.352,221,57.213
209.92,-39.071,220,57.304
210.78,-39.22,210,57.883
210.92,-38.566,204,54.302
211.88,-38.769,197,53.037
211.36,-38.134,198,53.682
211.8,-38.002,189,52.731
212.61,-35.923,180,50.2
212.91,-36.252,177,50.357
216.1,-32.113,190,53.698
210.32,-26.058,196,52.731
209.47,-24.009,199,54.302
213.17,-24.508,206,58.594
214.56,-24.849,217,59.082
218.89,-26.824,219,63.664
221.51,-28.237,184,55.617
222.29,-28.088,194,54.31
223.85,-29.168,176,51.135
227.14,-28.989,186,54.12
222.21,-28.394,177,46.867
218.79,-28.704,177,49.092
217.19,-23.397,202,57.015
214.42,-25.037,224,58.437
211.7,-24.555,243,55.824
212.96,-25.172,274,60.025
214.44,-25.936,265,58.901
211.17,-28.636,268,63.027
216.29,-30.196,302,67.766
216.94,-32.968,298,69.511
216.76,-39.693,278,60.695
218.62,-40.862,270,63.49
219.68,-36.715,257,59.636
216.96,-38.569,284,63.416
215.07,-36.921,289,62.192
204.79,-34.344,288,64.069
202.85,-29.588,301,68.742
210.18,-28.385,338,73.497
212.75,-30.222,353,81.478
210.92,-33.566,359,76.615
217.24,-32.514,342,75.763
218.6,-34.751,340,72.091
221.11,-41.253,325,67.989
223.14,-46.399,327,73.431
218.09,-44.806,348,82.404
215.67,-41.818,320,77.732
208.79,-36.017,336,84.125
200.24,-30.962,339,78.55
196.88,-32.317,337,78.782
186.34,-31.186,343,82.264
181.58,-36.241,346,91.981
179.34,-43.196,335,76.053
180.61,-42.211,348,84.414
173.97,-36.313,329,70.933
179.42,-34.161,319,73.894
190.41,-27.754,327,73.167
190.74,-21.692,326,69.37
194.84,-18.034,303,78.592
188.32,-15.732,314,78.228
185.36,-10.201,307,76.499
182.69,-3.4622,316,78.269
183.33,4.2734,298,71.082
182.36,3.9926,288,67.89
186.82,9.5321,274,61.522
186.21,12.527,219,54.046
183.49,8.2892,203,55.526
185.34,9.831,203,52.342
185.35,9.3389,207,51.135
184.51,4.3264,234,54.666
185.83,-1.9582,287,66.583
185.17,-1.3886,313,70.032
183.89,2.0273,312,77.153
191.54,-6.7462,323,72.736
196.15,-18.139,354,85.861
206.75,-26.504,351,84.679
218.09,-36.417,356,78.749
217.61,-37.695,367,83.041
228.13,-41.633,328,73.315
234.5,-47.743,320,78.41
239.67,-51.622,323,73.588
245.7,-51.094,310,68.552
242.43,-48.4,303,73.266
246.31,-46.701,326,75.656
246.58,-46.764,328,74.068
250.77,-46.609,311,68.875
251.6,-48.341,313,74.647
251.78,-50.65,323,69.288
247.64,-50.31,322,76.599
246.88,-53.17,325,71.86
251.24,-54.626,325,76.425
251.22,-61.977,307,67.22
250.44,-63.459,322,70.131
251.77,-64.226,289,64.871
249.23,-67.199,267,59.752
254.24,-65.685,266,59.289
251.99,-63.179,280,59.264
253.54,-65.899,283,60.505
254.34,-67.646,314,71.975
248.29,-69.357,299,67.75
242.87,-67.801,304,71.736
239.28,-59.326,317,69.089
240.19,-59.619,319,76.64
239.38,-52.085,348,85.15
230.4,-53.079,331,75.755
225.69,-59.829,348,80.006
222.5,-65.492,352,85.332
225.8,-72.173,353,77.996
228.36,-81.316,340,76.367
237.65,-84.234,347,75.3
246.8,-87.195,339,80.403
253.88,-86.871,320,67.518
260.28,-91.477,302,68.932
263.1,-92.541,326,78.393
269.85,-97.017,327,77.351
277.56,-104.15,327,72.108
287.07,-109.81,325,76.533
295.79,-116.34,336,78.319
303.98,-123.13,335,78.385
308.73,-122.37,344,80.08
319.04,-126.19,325,75.49
324.58,-127.56,324,76.053
328.22,-132.78,303,70.33
330.76,-127.31,292,69.205
333.22,-137.31,269,58.702
338.46,-143.02,280,63.945
344.64,-144.21,301,69.329
352.59,-146.06,271,64.177
358.05,-146.67,218,55.344
359.91,-143.39,233,55.849
363.4,-142.69,289,69.023
361.74,-141.4,300,72.339
361.36,-135.67,306,71.306
362.08,-129.09,289,70.222
363.56,-125.64,285,68.932
364.44,-128.88,296,68.072
368.49,-128.24,310,70.008
368.56,-134.54,313,71.926
367.01,-133.08,314,69.892
367.26,-128.44,323,71.554
364.04,-133.74,334,74.878
364.33,-135.03,346,71.355
367.93,-130.33,331,72.852
368.58,-132.99,335,77.467
367.61,-140.64,334,76.913
368.9,-139.25,330,73.241
369.24,-138.35,335,72.083
369.55,-135.49,335,68.312
368.87,-136.78,308,70.463
369.27,-138.48,322,74.3
369.55,-139.61,321,73.927
367.15,-142.75,320,74.581
371.44,-138.71,333,73.216
373.67,-146.5,322,76.929
377.09,-148.29,330,71.835
373.29,-143.8,352,91.89
367.44,-133.84,324,73.695
364.34,-124.77,328,77.459
363.01,-120.47,314,71.736
368.61,-125.66,321,77.541
375.67,-131.23,313,74.159
371.59,-129.12,335,87.202
373.41,-132.11,350,88.425
375.87,-130.6,346,87.937
369.42,-126.95,312,64.632
370.92,-126.08,319,76.839
372.93,-130.09,320,68.452
374.27,-134.23,313,72.017
368.45,-139.46,290,68.957
368.69,-138.2,285,67.849
371.56,-138.07,281,62.547
371.97,-137.07,277,63.135
372.38,-137.14,261,61.638
373.62,-137.7,243,59.67
374.02,-137.45,255,62.837
374.09,-137.62,248,62.936
374.64,-137.44,257,61.919
375.27,-137.63,255,64.334
376.1,-137.05,261,62.184
376.18,-137.52,266,64.93
376.24,-136.83,287,65.93
377.34,-137.03,298,72.108
378.84,-137.72,292,66.583
379.13,-139.31,320,71.066
379.52,-139.64,316,72.438
379.75,-137.15,298,69.015
378.01,-136.88,287,69.668
378.88,-136.55,258,65.566
379.45,-136.47,253,67.22
379.09,-135.73,257,74.374
379.23,-136.12,252,73.679
379.06,-135.62,250,75.11
378.9,-135.65,243,75.755
378.65,-135.42,241,73.315
378.91,-135.56,234,71.744
378.79,-135.24,233,65.004
378.15,-135.2,233,65.103
377.1,-135.01,233,63.317
375.45,-135.42,245,62.556
372.14,-136.06,234,62.473
368.53,-133.62,237,62.192
365.88,-130.26,273,62.978
366.29,-132.59,334,74.548
368.01,-135.48,350,77.07
368.3,-138.13,359,83.281
369.63,-136.16,352,79.303
372.34,-136.05,316,72.604
373.73,-133.71,286,64.987
374.29,-133.79,281,67.369
374.7,-133.74,279,66.418
374.66,-133.99,269,66.509
374.44,-133.63,259,62.564
374.13,-133.91,260,61.985
374.17,-133.78,253,63.598
374.68,-133.67,256,66.79
374.27,-133.53,252,64.342
374.89,-133.7,255,61.613
375.4,-135.48,258,63.507
375.18,-137.8,288,73.332
373.73,-140.21,304,77.533
373.16,-138.22,333,72.091
374.82,-133.43,346,71.678
376.6,-128.65,349,72.968
379.86,-129.64,355,77.839
383.76,-133.25,328,71.992
386.35,-135.62,325,70.247
385.67,-136.5,325,78.873
385.94,-138.47,326,84.703
389,-135.11,319,85.398
394.45,-133.61,329,88.607
394.93,-131.79,326,84.778
389.04,-134.88,345,86.696
381,-138.28,328,83.901
372.04,-140.37,347,88.301
364.61,-135.68,354,88.235
365.07,-138.98,374,87.821
361.94,-134.31,386,91.212
362.8,-126.8,393,96.886
369.98,-123.32,371,87.201
373.78,-122.01,376,94.677
380.46,-125.63,359,91.8
387,-132.74,365,94.305
383.62,-135.5,346,81.793
378.77,-138.2,357,82.057
377.63,-139.8,346,89.889
377.73,-141.32,351,76.119
376.47,-139.2,350,78.063
380.51,-138.46,356,81.726
381.75,-139.81,352,80.651
379.2,-142.72,367,94.546
375.4,-149.08,358,86.275
371.56,-151.34,302,81.594
370.79,-154.93,305,72.761
368.36,-149.54,343,87.408
367.39,-145.83,364,89.36
373.86,-138.57,349,79.36
368.84,-135.42,382,84.389
365.84,-127.75,363,81.776
362.46,-122.06,379,86.167
359.05,-126.92,368,87.457
352.55,-126.72,376,92.8
348.95,-122.66,350,78.939
350.53,-118.99,318,79.121
347.21,-121.93,329,76.467
349.8,-119.73,347,84.736
350.77,-118.64,336,76.649
359.91,-124.73,340,86.829
366.9,-135.72,359,93.776
367.24,-144.15,363,91.882
365.27,-150.48,361,90.443
369.91,-150.54,372,94.743
374.29,-145.89,351,84.224
375.74,-139.55,343,84.745
373.71,-143.58,373,79.634
378.13,-138.38,369,89.939
379.02,-143.13,354,80.279
375.39,-148.7,369,93.387
374.48,-150.01,358,81.362
373.07,-143.02,361,83
372.45,-145.97,363,84.009
377.08,-139.04,353,85.96
371.34,-137.08,293,64.499
374.37,-138.09,279,61.315
373.46,-135.99,273,60.463
372.68,-135.93,274,60.281
372.72,-136.7,255,60.488
372.41,-136.77,246,60.513
372.78,-137.17,243,60.116
372.75,-137.6,235,62.862
372.92,-137.99,237,61.985
372.87,-138.56,225,58.834
372.64,-138.8,226,59.463
373.39,-137.44,218,57.883
374.22,-136.04,219,56.742
376.66,-136.06,222,57.321
377.08,-135.91,237,57.42
376.42,-137.11,243,56.08
375.7,-134.99,275,62.763
376.3,-135.72,272,60.596
376.77,-134.13,257,57.04
377.01,-134.48,248,54.972
376.9,-135.02,237,56.196
377.15,-134.8,229,54.674
376.78,-134.54,215,52.714
376.91,-135.2,215,53.186
377.07,-135.18,219,53.657
376.66,-135.67,210,54.344
376.21,-135.63,204,51.036
375.9,-135.61,207,52.623
373.08,-136.41,215,54.6
369.78,-136.37,217,53.822
370.54,-132.26,249,61.175
368.87,-125.62,300,73.63
365.59,-121.66,332,71.579
361.14,-121.4,364,80.097
356.6,-123.89,389,82.983
356.86,-126.32,359,81.643
360.4,-133.66,372,87.457
365.62,-141.03,392,91.03
370.33,-142.41,394,85.117
372.66,-141.48,396,90.046
378.96,-140.37,398,91.096
382.05,-139.21,363,80.296
380.35,-133.75,392,89.053
388.15,-133.55,380,82.933
393.5,-130.54,364,85.282
393.27,-134.41,393,97.696
391.77,-136.02,370,84.745
383.37,-140.2,398,97.887
377.24,-138.57,399,106.56
369.03,-134.59,377,92.527
362.53,-130.24,397,98.126
360.13,-133.98,391,90.22
354.16,-134.7,408,99.052
349.43,-137.73,392,95.736
340.92,-132.76,391,94.653
331.88,-131.67,389,98.308
324.26,-135.39,394,93.379
316.03,-136.27,340,84.869
309.58,-137.12,311,71.653
314.78,-134.99,319,75.383
320.96,-134.02,284,71.182
325.76,-133.46,216,54.715
329.54,-137.06,182,47.959
333.51,-138.18,203,50.705
331.23,-137.63,253,58.446
330.06,-138.36,306,69.611
330.62,-137.73,317,70.892
329.71,-135.92,322,72.96
339.2,-128.25,330,73.332
344.1,-118.76,373,84.943
349.78,-111.74,335,79.725
355.35,-112.88,315,71.347
359.72,-117.19,350,76.152
371.01,-120.8,344,77.632
381.38,-125.84,325,70.586
388.4,-129.55,362,77.07
394.88,-128.51,350,83.364
404.01,-127.48,328,75.714
401.69,-129.01,341,80.585
390.55,-135.98,359,85.497
378.55,-142.85,369,82.239
376.41,-135.23,373,91.121
375.19,-126.94,363,77.483
380.66,-133.45,378,91.22
385.65,-136.96,401,91.766
383.38,-139.96,383,85.423
379.06,-142.79,371,92.808
374.47,-141.15,378,93.825
372.21,-143.74,348,88.806
375.42,-139.68,301,68.163
376.47,-142.48,284,63.854
377.17,-142.57,281,67.518
377.35,-142.54,278,66.757
376.99,-142.04,258,64.433
376.79,-142.05,247,61.431
376.98,-142.38,239,61.315
377.08,-142.3,240,60.397
377.53,-142.34,240,61.108
377.21,-143.17,244,61.034
376.12,-143.73,267,61.869
374.78,-143.72,287,67.311
374.99,-142.44,309,68.932
376.14,-143.62,314,67.708
377.29,-144.36,307,68.651
379.34,-145.37,302,65.169
378.17,-145.63,318,74.085
377.65,-141.9,357,82.33
377.91,-142.86,324,75.292
376.93,-143.63,309,71.463
377.22,-143.8,295,69.114
377.6,-144.16,289,67.245
377.09,-144.05,284,66.327
377.4,-143.93,282,66.765
377.29,-143.6,272,64.036
377.24,-143.68,267,65.723
377.69,-142.63,249,61.34
376.89,-142.78,250,59.38
375.37,-143.62,257,62.738
372.47,-145.3,291,68.56
368.67,-146,340,82.123
366.24,-147.03,328,79.675
368.87,-149,316,70.71
373.53,-148.18,316,71.471
378.49,-148.51,298,66.55
381.32,-145.92,312,72.497
382.01,-148.06,325,70.975
380.79,-143.81,339,74.258
376.39,-144.82,357,78.757
372.24,-139.04,378,83.455
372.37,-130.01,391,94.223
374.07,-128.53,389,90.948
368.08,-126.34,373,89.699
360.08,-123.26,360,82.015
351.2,-126.64,360,80.882
348.99,-132.97,368,89.741
354.86,-136.1,370,89.897
363.94,-133.24,371,82.165
372.94,-131.16,357,82.983
377.01,-126.49,385,86.812
381.03,-120.36,363,81.098
385.51,-118.42,326,77.087
388.82,-120.1,331,73.936
388.52,-124.65,346,78.873
387.73,-128.72,356,81.023
383.67,-134.78,361,86.721
389.12,-131.98,395,101.51
401.67,-131.68,356,85.258
404.71,-127.52,346,78.683
406.06,-120.61,323,70.744
405.54,-119.7,325,72.67
408.08,-117.29,307,68.006
412.54,-119.5,286,66.708
414.96,-123.26,292,68.907
410.33,-123.56,332,81.023
407.28,-124.69,341,82.148
410.72,-120.89,331,75.093
410.33,-127.73,346,89.318
405.02,-131.24,345,86.812
393.41,-139.22,355,92.072
382.69,-145.43,372,94.007
383.51,-148.38,359,85.481
381.52,-154.01,361,85.812
370.09,-154.14,326,79.584
365.01,-159.09,314,76.053
359.55,-162.35,307,73.596
356.75,-159.35,354,95.777
356.94,-159.27,348,98.564
363.26,-155.72,364,102.18
374.74,-147,374,94.694
379.92,-146.29,366,81.867
386.43,-138.35,372,96.704
388.09,-136.56,366,82.396
384.61,-133.72,340,89.169
382.27,-133.51,381,96.662
385.82,-137.81,388,95.529
384.09,-146.13,382,93.594
386.03,-141.4,416,106.31
379.75,-140.16,378,83.918
380.71,-140.12,381,86.663
379.04,-143.79,392,84.588
373.91,-144.14,396,94.694
369.18,-143.16,368,94.396
368.43,-142.87,323,81.222
374.15,-143.56,318,73.216
377.02,-142.98,291,71.372
376.63,-142.66,288,73.985
376.28,-142.91,268,70.52
376.84,-142.71,257,68.014
377.03,-142.91,257,67.262
377.35,-142.46,258,62.961
378.22,-143.19,255,62.862
378.19,-143.82,253,63.226
378.5,-144.97,273,70.173
380.42,-146.3,308,73.431
381.53,-148.32,344,74.192
381.01,-148.66,350,79.452
379.09,-147.2,340,81.33
377.14,-148.71,359,89.69
380.95,-147.29,343,79.27
382.58,-144.83,306,68.841
382.86,-145.73,314,75.077
384.16,-145.26,297,66.343
383.28,-145.85,287,64.747
383.32,-145.62,269,63.565
383.74,-145.56,259,59.537
383.9,-146.08,253,61.084
383.7,-145.51,252,59.19
383.23,-145.61,254,63.135
382.84,-145.86,259,62.82
381.97,-147.14,263,64.127
379.07,-148.5,300,70.892
377.52,-150.95,328,74.374
377.55,-153.87,347,81.313
377.93,-152.43,331,71.818
379.97,-147.52,352,81.288
386.74,-146.1,352,74.109
386.91,-140.7,368,79.386
390.61,-140.18,393,83.43
392.93,-139.05,404,89.062
392.31,-135.14,404,99.888
389.99,-129.79,409,86.598
388.29,-125.78,380,80.188
385.5,-124.69,388,90.269
379.64,-127.63,409,98.705
372.34,-133.23,409,89.542
367.59,-137.99,430,100.97
362.87,-143.7,428,104.68
361.84,-146.7,419,85.895
362.92,-155.89,420,90.889
362.18,-162.06,374,81.453
364.76,-165.84,343,71.198
362.07,-171.19,321,69.85
365.39,-174.04,281,62.184
368.13,-175.33,253,58.892
370.01,-175.01,253,56.725
368.51,-177.22,216,50.63
367.25,-180.3,212,49.803
371,-180.93,266,60.083
379.79,-179.64,275,63.209
383.38,-175.14,316,74.093
388.78,-170.55,356,82.793
398.13,-169.85,348,79.791
407.66,-172.15,347,81.338
416.58,-174.74,347,87.507
425.92,-181.69,360,88.789
433.58,-187.17,361,89.434
439.87,-188.2,304,82.611
443.96,-189.58,162,53.144
451.3,-196.61,373,90.476
459.47,-203.98,343,78.658
468.34,-208.19,330,80.932
478.46,-206.27,336,85.216
488.44,-202.36,327,79.468
494.54,-201.16,316,73.679
494.97,-199.91,314,73.497
496.46,-200.02,323,75.664
503.99,-197.75,328,74.729
509.35,-197.78,313,74.258
513.2,-193.85,312,72.05
517.63,-189.58,327,83.446
515.64,-186.87,355,89.119
513.22,-181.6,308,73.423
514.81,-183.09,279,62.514
517.73,-186.71,303,66.666
518.99,-188.46,335,88.442
518.17,-193.66,362,93.379
513.85,-201.33,352,100.29
516.32,-202.9,354,87.267
514.43,-205.09,343,90.31
513.14,-207.06,363,94.512
510.99,-205.41,338,83.124
511.15,-200.73,349,91.634
515.5,-186.92,327,93.296
521.06,-178.2,326,83.017
517.08,-174.82,328,85.159
516.72,-173.92,296,67.055
517.67,-179.73,359,91.882
519.14,-183.08,358,81.205
518.56,-191.45,356,89.856
514.97,-198.99,374,91.402
517.46,-201.4,359,86.622
523.92,-206.9,347,89.02
527.05,-208.98,317,78.617
525.32,-206.92,331,77.343
527.35,-207.74,337,75.59
526.7,-211.15,339,70.454
526.03,-209.81,338,74.283
525.59,-209.11,358,83.29
523.9,-209.94,329,68.742
523.45,-209.39,351,73.787
527.46,-209.36,329,79.51
530.59,-211.26,331,80.279
531.19,-213.02,328,76.433
532.02,-212.1,346,77.186
535,-217.19,275,66.641
534.3,-220.59,231,68.552
529.06,-217.67,255,71.355
529.83,-214.29,223,56.701
534.74,-211.8,213,52.177
533.57,-207.32,186,48.538
528.22,-213.52,211,52.847
522.24,-216.39,253,61.249
513.81,-216.37,254,60.149
514.49,-217.66,276,75.209
519.35,-217.99,320,76.425
514.72,-208.24,347,92.113
505.05,-205.09,350,91.146
495.39,-201.16,362,86.63
487.9,-201.56,343,83.959
481.78,-199.84,346,80.792
474.49,-206.66,300,74.283
460.47,-209.03,292,67.055
456.11,-210.09,249,59.545
456.87,-212.8,207,59.753
460.41,-213,194,57.321
461.05,-211.09,189,53.194
460.48,-209.75,176,52.251
459.2,-210.17,172,52.127
458.79,-210.32,180,51.697
456.95,-209.67,183,52.549
455.7,-207.64,181,54.029
455.13,-206.23,185,52.615
455.67,-206.11,176,52.714
456.36,-205.12,181,51.904
456.82,-203.35,182,49.365
458.54,-202.16,169,48.141
460.32,-200.95,178,49.919
461.78,-200.46,176,51.945
462.32,-199.2,184,54.873
463.17,-200.76,182,53.194
464.08,-204.17,173,52.623
462.66,-204.63,170,52.648
459.07,-203.64,174,51.234
461.14,-200.37,183,52.044
465.94,-202.55,180,53.715
463.98,-201.23,165,48.149
461.11,-204.02,179,50.589
459.92,-203.87,184,49.348
458.52,-207.91,192,50.357
458.07,-204.36,186,51.052
462.8,-202.42,181,51.3
463.27,-205.12,181,47.016
460.21,-208.96,187,51.027
453.51,-207.64,180,48.976
448.68,-199.92,175,46.801
445.98,-198.39,177,50.862
448.04,-198.62,178,47.661
442.89,-195.89,187,51.06
438.78,-197.56,182,52.979
432.86,-198.39,184,50.663
438.57,-201.64,181,50.961
441.1,-205.52,176,49.092
442.89,-206.5,171,47.934
448.65,-204.67,178,48.703
446.71,-196.59,206,52.061
439.48,-193.09,245,60.736
432.81,-187.87,284,69.296
425.27,-183.77,293,68.651
420.61,-181.48,281,66.046
428.68,-180.31,290,65.856
423.63,-188.07,297,72.488
416.91,-186.58,291,68.212
415.37,-194.69,296,72.571
416.24,-196.39,278,66.203
410.97,-188.35,291,68.27
415.24,-191.64,284,68.461
426.99,-184.8,315,78.393
431.97,-175.81,309,76.11
437.79,-177.14,303,67.105
440.79,-181.66,303,79.592
438.92,-174.67,303,69.867
443.44,-177.87,308,76.59
444.11,-172.54,301,68.146
446.92,-169.62,306,72.952
453.78,-173.37,306,76.061
458.2,-169.96,309,75.416
461.87,-171.14,294,69.296
465.16,-170.47,297,70.892
461.74,-170.27,297,72.687
459.05,-175.31,300,70.793
457.53,-177.09,294,72.596
449.29,-168.85,313,81.379
456.26,-174.12,310,74.763
462.7,-168.7,336,87.78
469.62,-164.41,316,71.537
472.39,-164.71,308,72.96
473.16,-163.05,299,72.67
471.73,-162.38,306,73.092
472.93,-161.67,302,69.42
472.6,-170.18,286,65.657
469.14,-166.37,273,59.049
469.86,-163.87,268,60.803
469.86,-163.45,271,61.382
470.15,-162.7,280,61.39
469.74,-162.38,271,61.291
469.75,-162.7,263,60.621
469.89,-162.84,262,62.796
469.38,-162.87,261,59.695
469.68,-162.98,257,61.357
469.8,-162.69,256,62.424
470.06,-162.63,255,60.646
471.06,-162.77,267,60.695
472.04,-161.61,288,66.385
472.4,-160.39,302,69.85
473.44,-161.25,299,74.142
473.31,-162.33,298,73.704
472.63,-162.49,303,71.909
472.18,-160.48,297,68.932
473.22,-160.03,313,70.553
473.39,-160.11,311,67.824
472.64,-159.87,285,67.097
473.02,-160.08,283,66.716
473.06,-160.15,285,66.807
473.03,-160.08,281,66.989
473,-160.34,286,65.31
472.88,-160.44,286,64.938
473.09,-160.24,282,65.591
472.65,-160.45,286,64.078
473.57,-161.74,316,68.105
473.05,-162.26,304,65.194
471.79,-163.68,316,66.385
470.94,-163.31,320,70.545
473.89,-166.09,332,69.875
473.42,-168.77,318,72.976
473.35,-167.03,328,74.746
472.42,-163.49,363,77.459
474.85,-164.17,306,72.926
472.71,-164.84,307,70.661
473.44,-164.6,321,70.826
473.31,-164.08,317,70.843
473.01,-164.24,308,71.397
472.9,-164.65,298,70.099
473.52,-164.21,303,72.133
473.77,-164.2,294,68.866
472.96,-163.98,285,66.046
473.59,-163.76,291,70.281
473.58,-163.97,286,68.676
473.97,-164.43,299,70.744
475.04,-164.5,347,79.055
477.07,-164.7,374,86.209
477.2,-165.7,363,80.411
474.75,-166.53,360,75.97
473.69,-167.41,342,77.533
475.19,-162.8,325,73.737
477.93,-161.88,300,66.46
476.67,-162.56,315,72.323
476.95,-162.11,300,67.319
476.54,-162,291,69.304
476.94,-162.07,294,68.915
476.76,-161.93,285,69.883
476.57,-162.08,289,67.989
476.82,-162.18,274,72.298
476.45,-162.49,275,76.516
476.26,-162.08,277,67.501
477.15,-163.57,299,69.651
476.77,-163.56,329,78.856
475.12,-167.12,353,82.165
473.9,-171.23,360,83.207
476.03,-174.19,340,77.004
476.82,-170.65,331,74.258
475.39,-165.59,326,75.184
478.1,-164.67,329,73.298
478.92,-166.28,325,78.269
477.06,-171.2,340,77.74
474.36,-175.33,334,81.503
475.13,-170.2,315,74.573
477.28,-168.88,319,71.752
477.93,-167.22,332,71.281
477.33,-167.6,312,72.224
477.33,-167.47,304,73.448
477.45,-167.69,294,68.858
477.44,-167.66,293,69.04
477.3,-167.97,295,70.727
477.26,-167.48,298,71.124
477.31,-167.93,290,68.858
477.41,-167.82,300,70.454
478.2,-168.33,323,75.11
478.69,-169.12,311,67.245
478.9,-170.4,302,67.725
477.17,-168.24,312,66.385
474.93,-167.31,350,72.083
474.36,-166.19,364,82.305
471.95,-162.78,372,75.863
475.94,-163.91,345,78.046
476.84,-167.66,338,74.746
478.03,-169.76,359,78.972
477.43,-168.21,362,78.286
476.38,-166.88,353,69.197
475.4,-168.73,374,77.55
475.34,-170.67,366,79.725
475.06,-167.08,369,72.993
475.79,-165.73,366,70.288
478.47,-168.47,385,76.59
480.03,-172.94,388,82.363
477.83,-170.86,379,94.561
474.4,-166.54,397,88.235
480,-171.91,324,79.973
478.94,-173.75,308,74.184
479.43,-173.81,295,64.293
480.24,-173.81,289,69.239
480.29,-173.58,294,68.114
480.68,-173.38,288,65.765
480.42,-173.95,279,66.162
480.81,-173.85,277,67.94
480.86,-173.39,281,66.063
480.59,-173.42,283,65.211
480.5,-173.78,278,66.898
479.82,-174.33,295,69.801
479.11,-175.06,318,73.779
477.18,-174.24,299,70.602
476.39,-171.66,296,65.012
475.67,-168.64,306,68.767
474.88,-164.06,318,69.858
472.64,-165.02,370,81.197
472.68,-168.17,346,73.034
478.07,-168.3,351,82.859
481.45,-172.51,362,77.806
482.32,-171.91,344,77.955
482.45,-173.53,340,79.634
482.92,-171.4,352,80.478
477.33,-172.8,342,74.903
474.09,-172.51,361,74.283
471.8,-170.46,345,81.768
472.81,-171.5,310,70.239
477.1,-173.7,286,65.492
474.6,-173.99,287,65.839
474.58,-174.47,285,63.879
474.48,-174.57,265,63.491
476.18,-174.29,250,61.365
475.35,-173.99,245,59.562
475.61,-175.07,245,58.917
475.73,-174.5,241,59.959
475.78,-174.58,233,60.505
475.93,-175.28,236,60.249
476.74,-177.94,244,57.801
475.94,-179.64,243,58.338
473.44,-179.43,239,57.966
472.07,-173.64,253,57.279
469.48,-173.01,267,63.118
467.42,-173.29,332,78.791
465.93,-176.51,360,80.362
467.51,-176.26,377,83.992
463.17,-177.2,354,78.186
463.16,-177.4,338,69.461
464.47,-173.11,355,80.717
468.18,-167.53,381,84.745
473.58,-161.65,370,81.123
473.35,-159.09,377,78.981
472.07,-162.42,395,86.167
476.61,-159.9,416,99.176
477.04,-153.4,380,84.927
477.53,-155.35,366,84.728
477.46,-160.57,357,79.121
480.15,-170.85,362,81.66
476.36,-171.52,373,78.385
477.54,-176.7,355,87.954
483.2,-173.87,358,79.237
483.09,-171.9,360,79.7
483.76,-172.29,370,82.553
489.64,-170.47,339,76.226
490.63,-170.69,337,73.175
487.2,-176.4,359,84.29
478.88,-181.14,345,77.45
479.95,-180.69,353,85.34
480.98,-183.89,353,73.869
482.06,-181.94,341,74.638
486.99,-174.98,359,79.617
488.35,-165.68,345,83.049
478.62,-166.13,373,91.047
468.6,-162.54,366,80.047
460.31,-170.65,392,90.41
447.93,-174.89,407,95.116
442.25,-181.46,415,100.76
443.28,-187.46,382,83.438
451.44,-191.28,404,97.961
456.39,-186.71,364,89.922
459.84,-184.82,314,75.631
463.78,-188.67,272,62.531
463.53,-193.86,272,61.778
465.05,-196.99,296,63.854
464.3,-204.16,353,77.955
466.52,-206.22,364,81.106
475.24,-203.02,347,79.931
480.95,-205.92,328,69.411
489.04,-206.83,335,74.44
494.8,-211.55,362,75.78
499.7,-214.34,375,89.69
501.27,-212.34,380,98.3
499.61,-207.53,407,108.34
493.74,-201.14,384,100.33
490.27,-202.7,387,100.41
