0,-0,113,48.422
-0.90057,0.25515,285,65.575
-0.95588,0.31947,281,68.387
-1.4068,-0.041155,269,66.41
-1.622,-0.07475,244,59.264
-1.2358,0.70706,236,58.338
-1.1892,1.5791,249,58.09
-0.51632,1.9282,299,62.63
-0.49648,1.4633,342,70.454
-0.17853,1.6498,368,71.471
-0.040619,1.738,378,72.704
-0.15644,1.8458,376,73.15
-0.083422,1.609,368,71.281
-0.12876,1.6315,373,70.826
0.013334,1.5457,373,71.48
-0.39016,1.5283,385,70.727
-0.60391,1.3595,393,72.778
-0.61627,1.9946,382,77.657
-0.16549,1.8231,330,72.497
-0.98026,1.4146,291,62.01
-1.9662,1.6035,274,60.091
-1.9224,1.3407,274,65.467
-1.4155,1.1296,280,62.209
-2.3948,1.9094,317,64.45
-2.4671,2.9111,377,71.653
-1.8513,2.7857,408,81.503
-2.1659,2.915,432,86.548
-1.9707,3.1046,458,91.353
-1.9082,3.1055,459,88.921
-1.8472,3.0989,459,91.642
-1.6217,3.212,466,89.178
-1.5988,2.9813,459,89.848
-1.5187,2.7272,474,88.541
-1.4481,2.7876,482,90.229
-1.5657,3.2031,483,89.385
-1.5313,3.6196,459,86.507
-1.806,3.4769,407,78.104
-1.9629,2.6262,380,73.853
-1.4456,2.0539,372,77.393
-0.80902,1.1305,379,77.376
-1.6408,0.38961,381,76.541
-2.665,1.257,383,72.596
-3.6548,2.3821,411,84.91
-3.7226,2.9716,431,78.104
-3.7541,2.9526,440,87.929
-3.7398,2.211,428,88.326
-3.5569,2.47,477,94.752
-2.9397,1.6269,528,90.195
-2.9356,1.6992,579,97.564
-3.0332,1.2561,620,102.26
-2.9621,0.75263,613,112.96
-3.0097,0.96679,602,109.67
-2.9638,1.0936,580,103.52
-3.1601,1.1724,579,105.09
-2.8858,0.99859,590,105.72
-2.843,0.9484,587,102.74
-2.7428,0.98252,595,100.88
-2.8001,0.85141,606,103.21
-2.8942,0.6447,633,102.59
-2.4002,0.10331,579,96.282
-1.3614,-0.69561,532,87.871
-1.0104,-0.56186,494,86.101
-2.6441,-0.50939,515,91.146
-3.8361,-0.83669,538,91.584
-5.1953,-1.3164,584,100.87
-5.945,-0.22161,624,110.33
-5.4621,-0.85649,641,116.79
-5.308,-1.3583,729,117.53
-5.1415,-2.0348,742,142.88
-4.7599,-2.9464,718,155.31
-4.1384,-2.8513,716,156.44
-4.4459,-3.2084,715,164.32
-4.2614,-3.3014,727,151.87
-4.1136,-3.4517,731,156.72
-3.9221,-3.5075,696,217.53
-3.7754,-3.4708,706,159.38
-3.6017,-3.753,684,147.06
-4.3609,-3.9382,713,152.28
-4.9856,-4.2878,754,146.51
-5.6811,-5.1698,693,123.95
-6.2801,-6.1153,686,116.24
-7.3529,-6.6348,675,113.19
-8.6471,-5.7443,697,110.64
-9.3453,-5.2518,677,117.72
-8.5466,-5.5988,690,123.18
-7.4262,-7.0732,759,125.01
-5.9301,-7.0213,811,144.63
-5.5731,-6.4802,725,219.34
-5.4477,-6.0938,708,213.36
-5.9857,-6.2221,704,234.34
-5.4612,-6.5833,700,202.94
-5.8145,-6.405,776,195.42
-5.9486,-6.3708,751,200.06
-5.6189,-5.781,747,203.42
-6.0105,-5.3258,800,175.01
-6.5038,-4.6435,768,158.9
-6.3805,-3.5413,748,139.76
-5.9094,-1.4597,747,134
-5.8861,0.47453,738,132.6
-6.5852,1.2952,710,114.48
-6.22,1.2213,682,109.77
-4.8603,0.7805,691,114.29
-4.9408,0.012588,696,122.98
-5.6415,0.69109,734,126.82
-5.7788,1.2833,752,126.69
-5.6395,1.1374,730,120.6
-5.4025,0.95522,730,125.61
-6.3322,-0.40608,765,130.29
-7.3817,-1.6435,783,139.07
-8.9309,-2.8089,795,138.14
-9.3262,-4.2301,791,139.88
-10.689,-5.5414,817,140.58
-10.914,-6.7527,802,140.37
-11.692,-7.9905,790,132.31
-12.521,-8.9818,779,131.99
-14.174,-10.522,786,126.43
-16.169,-12.731,763,127.53
-16.299,-12.008,750,136.72
-15.283,-11.671,754,131.41
-15.029,-11.129,752,131.35
-15.322,-9.546,765,138.01
-15.029,-7.3834,770,128.77
-14.804,-3.5915,741,126.17
-15.642,0.629,731,133.12
-13.571,3.7722,732,126.62
-8.2572,7.304,728,126.88
-4.8728,7.4632,680,117.14
-2.4095,7.4476,639,114.28
-0.96066,7.5681,725,126.71
-0.05469,7.9482,778,132.72
1.0772,8.3586,788,157.48
2.2658,9.2116,687,171.86
1.093,7.9692,742,181.51
0.84432,7.8083,765,152.59
0.90141,7.559,719,171.07
0.12451,6.4705,800,145.1
0.33642,6.7979,736,159.43
0.74251,7.6347,750,168.08
1.1506,8.6545,757,185.86
1.7295,9.3182,795,144.27
3.35,10.484,775,132.55
6.2507,10.584,740,121.63
5.6389,9.8505,701,118.86
4.4875,7.7337,741,118.95
1.8294,4.9808,759,117.54
0.4211,4.3805,753,115.26
-1.1349,4.1126,735,110.99
-2.8821,2.0787,772,131.24
-3.646,-1.0527,812,138.46
-4.4647,-3.9892,788,154.64
-6.1233,-7.2747,830,146.04
-7.99,-10.358,842,135.59
-10.631,-12.805,840,143.45
-13.184,-14.56,830,144.03
-15.629,-16.414,807,149.19
-18.086,-16.655,796,138.14
-18.514,-17.347,774,135.52
-18.843,-18.178,791,143.03
-19.92,-18.541,824,194.81
-21.062,-18.535,741,237.62
-21.551,-19.517,749,240.28
-21.582,-19.226,704,210.28
-21.212,-18.355,750,205.08
-20.745,-18.07,916,171.24
-20.229,-17.866,950,157.51
-20.216,-17.97,950,165.25
-20.712,-17.703,932,161.13
-21.171,-17.032,918,157.4
-21.359,-14.832,901,125.79
-22.61,-12.635,845,136.47
-23.383,-11.785,820,130.47
-22.511,-10.612,808,127.52
-19.786,-9.5473,793,124.45
-17.533,-8.1874,804,133.57
-15.403,-5.5424,824,136.52
-13.48,-2.8128,838,139.13
-12.246,-0.1727,875,151.23
-10.471,3.1747,891,150.7
-9.4015,6.9713,875,155.68
-6.4095,10.771,875,154.4
-1.346,13.072,857,143.46
3.8693,13.952,853,146.45
7.7119,13.294,841,144.52
11.517,11.296,785,129.38
13.07,8.4734,752,128.15
11.663,6.7238,696,114.65
9.2583,5.5727,651,104.8
9.5183,3.0485,680,127.66
9.7514,-0.32454,710,125.25
8.9002,-2.8491,676,105.28
6.4408,-6.2898,640,103.64
2.9591,-9.9675,601,106.04
0.46566,-13.599,610,103.42
-1.2566,-18.088,672,115.79
-3.6589,-23.285,666,117.13
-6.3729,-27.291,670,119.81
-9.6928,-30.198,667,124.57
-13.743,-32.595,645,113.24
-16.999,-34.333,665,115.22
-19.906,-34.98,714,124.67
-23.841,-33.494,723,126.35
-27.032,-28.497,731,124.71
-29.219,-22.571,773,141.22
-27.704,-14.675,799,149.71
-24.663,-7.4922,759,142.64
-22.28,1.0671,734,137.67
-19.441,7.478,691,126.55
-15.499,9.5829,624,113.1
-14.388,11.879,647,120.65
-13.546,12.37,641,110.79
-11.229,13.98,710,137.69
-6.9111,17.102,666,118.41
-1.6877,17.508,649,125.86
3.5818,16.632,655,118.74
5.3255,15.473,643,111.62
7.9392,13.535,640,102.46
11.347,9.7516,604,100.61
12.467,6.3559,558,96.563
10.685,2.9674,543,100.29
7.5604,-2.5081,580,100.57
4.4267,-8.9583,627,112.37
0.20025,-16.337,642,116.01
-2.3953,-22.174,670,124.38
-6.9341,-29.14,670,125.23
-10.562,-35.402,672,118.98
-13.333,-37.037,622,106.65
-13.366,-36.273,557,92.163
-10.393,-32.666,550,88.491
-8.5872,-26.626,575,91.758
-6.0071,-19.645,569,97.042
-4.296,-15.298,557,92.039
-2.3582,-11.884,561,94.007
-1.7986,-10.804,529,87.375
-1.8521,-9.2339,537,86.73
-3.4522,-9.9292,541,87.474
-5.0437,-11.851,559,91.402
-6.184,-14.231,552,87.904
-5.9837,-18.039,550,91.7
-2.7037,-22.121,518,88.946
-3.2977,-26.106,466,79.939
-3.1011,-29.538,444,76.152
-2.9413,-32.539,435,78.22
-4.7443,-34.756,424,78.013
-5.4845,-36.567,411,75.408
-6.6352,-39.272,422,74.44
-8.745,-43.435,488,85.406
-10.918,-47.706,509,85.77
-16.492,-48.467,517,90.468
-18.217,-46.965,553,104
-23.256,-46.537,553,99.119
-26.812,-42.998,571,102.05
-25.644,-42.239,576,96.489
-25.444,-42.636,605,98.002
-25.157,-43.155,589,93.734
-25.052,-42.772,568,93.139
-27.207,-42.748,580,91.485
-29.915,-41.047,568,96.819
-32.482,-38.909,546,89.765
-30.889,-42.121,513,83.512
-31.473,-45.103,505,85.696
-34.162,-43.484,504,90.278
-37.321,-45.244,472,82.28
-36.888,-45.326,540,92.933
-35.727,-43.754,566,97.597
-31.87,-40.424,516,90.584
-29.025,-44.756,469,77.467
-27.964,-49.569,415,73.82
-29.604,-44.325,478,84.687
-29.922,-40.351,585,101.25
-25.981,-33.552,612,108.84
-18.787,-26.193,633,118.49
-12.234,-19.975,669,125.17
-5.1987,-16.736,629,105.85
1.4813,-14.687,628,106.34
6.5143,-12.714,604,99.995
10.225,-11.239,624,123.83
9.3895,-13.644,597,111.16
8.5926,-16.112,578,101.88
7.4751,-20.336,586,102.77
6.8013,-26.962,599,106.24
6.8425,-32.756,602,103.34
6.7977,-38.388,601,102.61
7.5647,-43.289,536,86.258
6.5579,-43.801,487,84.48
3.0766,-45.467,497,84.48
1.798,-48.356,520,85.58
1.5146,-49.926,523,86.812
0.60881,-51.656,533,93.759
-0.59687,-51.42,513,86.085
0.27297,-52.584,520,89.227
3.8981,-55.041,550,98.242
1.3913,-58.273,507,90.493
1.027,-60.42,482,83.802
0.72357,-63.559,457,84.348
-0.30585,-66.72,446,82.95
-0.067956,-74.296,405,78.592
-2.2264,-75.677,409,78.063
-1.2345,-74.396,419,75.11
0.25383,-74.912,466,77.897
1.0565,-75.617,531,87.664
0.11197,-77.787,559,91.998
-0.64298,-78.604,551,91.254
-3.5233,-80.426,547,87.334
-2.6056,-78.89,544,85.398
-4.1172,-81.215,526,82.214
-6.2302,-81.575,566,88.823
-7.5133,-83.901,573,92.593
-9.9923,-84.927,582,95.744
-15.204,-88.197,551,93.015
-16.012,-90.504,567,97.696
-19.197,-96.167,543,91.221
-22.243,-99.274,523,87.333
-23.037,-101.3,504,86.068
-22.747,-106.74,515,86.581
-22.453,-109.02,549,100.38
-22.864,-114.68,546,100.85
-24.731,-118.35,505,90.335
-24.086,-123.39,518,88.946
-25.705,-128.24,478,81.238
-26.776,-128.6,474,80.527
-28.46,-127.52,494,82.967
-27.839,-128.68,495,83.273
-26.184,-132,505,86.391
-26.508,-136.67,457,77.384
-24.909,-139.53,502,82.901
-23.984,-141.87,498,82.495
-22.954,-143.59,488,80.626
-21.33,-147.78,479,83.372
-20.8,-150.39,483,82.049
-19.465,-152.15,511,89.095
-18.787,-156.04,510,92.891
-17.579,-156.63,511,91.03
-18.566,-159.33,486,80.544
-19.46,-166.87,515,90.699
-18.838,-173.86,482,85.961
-19.555,-177.69,446,78.848
-18.774,-180.96,444,76.871
-20.65,-184.28,406,75.176
-22.143,-185.44,358,70.52
-20.283,-185.53,340,65.269
-21.138,-188.39,337,69.015
-18.94,-189.75,387,80.51
-18.424,-191.89,403,81.205
-17.323,-192.97,433,88.88
-16.621,-195.88,430,83.14
-15.567,-198.61,408,76.243
-14.738,-201.32,455,80.999
-16.574,-205.47,444,76.797
-17.594,-203.6,499,87.309
-17.727,-204.02,507,88.541
-21.265,-206.01,500,84.108
-18.837,-205.26,546,91.254
-20.209,-206.68,531,86.184
-20.089,-207.7,520,84.29
-22.569,-207.38,511,83.289
-23.085,-210.35,536,92.933
-24.967,-212.2,522,88.036
-25.367,-212.41,533,86.316
-27.801,-215.56,521,91.254
-32.723,-220.84,522,90.7
-34.803,-224.36,497,85.117
-37.84,-229.39,477,81.305
-41.691,-231.8,447,79.096
-43.904,-235.75,382,76.466
-47.433,-235.28,328,65.119
-48.062,-233.82,349,71.149
-47.907,-234.24,377,70.024
-48.589,-237.31,312,64.499
-49.735,-237.86,245,56.717
-48.533,-239.01,213,53.533
-48.431,-240.59,426,77.624
-47.465,-243.33,412,72.05
-46.034,-243.2,442,75.945
-46.105,-242.55,452,79.774
-45.36,-241.81,446,77.649
-47.072,-242.08,464,80.436
-48.593,-244.3,476,80.908
-49.847,-247.19,496,90.419
-49.692,-248.35,511,90.418
-49.727,-251.06,476,79.452
-50.917,-252.57,497,91.609
-51.94,-255.89,512,88.747
-53.799,-257.58,482,80.279
-51.696,-261.77,490,87.284
-52.849,-266.88,460,77.616
-53.615,-272.09,465,79.361
-52.796,-275.11,458,78.021
-54.128,-280.85,422,77.285
-55.524,-283.8,372,70.892
-56.059,-287.23,423,79.56
-57.487,-291.64,405,79.634
-57.58,-295.71,416,88.326
-58.178,-296,426,81.155
-59.155,-292.96,465,88.888
-58.814,-293.39,503,96.257
-60.555,-293.14,487,83.165
-57.402,-290.59,506,92.478
-58.026,-288.2,465,81.768
-57.997,-290.7,498,83.926
-60.186,-296.26,503,86.432
-61.645,-300.28,502,86.531
-64.706,-303.73,494,86.986
-67.309,-307.97,476,85.63
-67.058,-309.43,426,78.187
-70.734,-310.85,460,78.418
-72.981,-311.27,437,77.235
-72.771,-310.45,462,81.429
-75.792,-313.01,489,86.432
-75.319,-310.09,484,84.844
-76.197,-312.79,487,85.034
-76.963,-310.06,469,86.076
-75.864,-310.8,507,91.832
-79.815,-317.94,477,84.935
-80.954,-320.9,495,93.462
-84.838,-327.63,483,93.503
-86.401,-335.55,480,101.59
-88.109,-344.45,463,100.6
-89.713,-350.32,424,82.635
-89.163,-352.3,432,83.447
-89.673,-358.04,386,82.512
-92.948,-365.46,339,93.901
-93.712,-369.27,215,86.979
-101.49,-384.51,492,90.658
-103.3,-391.41,490,91.874
-105.5,-398.84,492,97.307
-105.23,-405.61,459,80.651
-103.85,-411.45,452,83.273
-106.7,-415.02,440,82.975
-105.75,-419.26,433,86.705
-105.67,-421.68,407,77.277
-106.95,-426.31,381,72.637
-106.98,-431.2,369,74.928
-107.72,-436.72,297,69.793
-107.77,-441.19,236,65.583
-107.97,-445.62,223,73.209
-109.64,-449.49,336,71.835
-108.34,-450.24,322,72.596
-108.34,-450.24,322,72.596
