0,-0,100,37.861
-0.49738,1.5827,103,39.151
0.54238,3.3686,105,34.718
1.4811,3.8053,101,35.413
2.1421,3.4546,96,34.718
3.1548,1.2011,108,39.424
4.0725,-1.5547,114,43.551
5.0567,-4.3183,120,48.05
6.558,-6.14,125,45.784
7.6142,-8.2165,124,42.501
7.467,-9.8075,122,40.921
8.0624,-11.566,127,41.756
8.3977,-12.975,130,45.676
8.694,-16.332,125,45.875
9.5289,-19.339,131,45.304
11.062,-21.436,125,45.23
12.832,-22.618,120,42.426
13.166,-23.745,118,39.995
11.472,-25.378,110,37.092
10.96,-26.179,108,35.777
10.517,-26.605,109,36.149
10.529,-26.486,115,37.282
10.537,-26.625,114,36.24
10.28,-26.47,116,38.043
10.645,-26.581,127,41.128
10.701,-26.845,135,39.978
11.086,-27.653,137,41.748
10.655,-28.218,138,41.293
9.4396,-28.48,133,40.367
9.0858,-27.425,119,40.466
10.262,-26.34,122,38.779
9.465,-27.238,128,41.078
9.2646,-29.097,126,39.54
9.5583,-29.811,126,42.534
10.036,-28.737,130,41.665
10.109,-27.846,129,42.36
11.053,-27.219,136,41.773
10.523,-28.787,134,42.997
10.974,-29.841,138,47.678
12.625,-30.021,144,50.399
14.547,-29.242,141,48.124
16.629,-27.114,152,50.911
19.319,-25.264,144,51.391
21.303,-22.982,143,49.456
22.964,-20.871,147,50.498
23.493,-18.209,144,54.236
24.618,-15.27,141,51.904
24.942,-11.646,145,50.217
26.004,-8.5171,140,49.084
26.371,-4.8644,137,47.132
26.264,-0.89188,138,48.794
27.52,2.1921,142,47.885
30.071,3.9548,135,45.329
32.072,4.1356,137,47.124
33.618,5.7797,141,45.23
35.931,6.4233,132,47.198
38.534,8.5865,142,46.04
38.495,11.442,137,48.984
37.7,12.98,136,45.908
37.269,13.876,140,47.397
35.987,11.73,136,44.758
34.24,8.9834,143,47.198
33.984,6.1648,137,47.124
34.346,3.2807,135,48.91
34.496,0.066563,128,46.627
34.557,-2.0698,122,43.733
34.053,-3.2372,123,43.65
33.984,-2.9435,127,41.69
33.56,-2.3191,132,42.401
33.514,-2.3165,131,42.517
33.727,-2.2631,131,44.105
33.857,-2.2249,131,42.12
34.056,-2.0035,131,41.822
34.009,-2.0398,129,42.103
33.961,-1.8948,132,41.384
33.968,-1.4922,143,42.095
34.428,-0.75155,142,47.777
34.103,-1.14,150,47.124
34.174,-1.621,154,49.985
33.234,-1.6874,146,49.224
32.805,-3.6734,149,46.52
32.631,-4.6531,145,45.883
33.294,-4.9276,142,47.405
34.817,-4.621,154,48.894
36.793,-4.0519,148,50.407
38.826,-3.3154,148,50.87
38.842,-3.2314,147,51.606
38.749,-3.9448,151,47.587
38.819,-4.5003,144,48.158
38.65,-4.6467,150,50.035
38.734,-4.5847,146,46.561
38.713,-4.5915,146,46.115
38.703,-4.5872,151,46.388
38.604,-4.8669,145,46.76
38.252,-5.4628,142,45.809
38.063,-5.9959,131,43.187
37.759,-6.7446,130,44.403
38.087,-6.0048,145,45.61
37.103,-4.6863,152,49.464
36.352,-5.3156,151,47.264
35.964,-7.6665,155,47.471
36.044,-9.6929,152,44.684
36.259,-11.298,163,48.604
37.329,-12.601,153,46.735
38.452,-12.93,152,53.384
40.66,-11.615,157,55.063
41.318,-9.0081,158,56.444
41.177,-5.6213,155,58.222
41.146,-6.8984,151,55.013
41.862,-9.9068,158,57.18
43.477,-12.137,151,51.738
44.83,-14.46,150,55.402
45.411,-16.86,145,56.353
43.416,-18.559,149,54.691
41.02,-18.322,151,53.467
39.236,-16.432,158,55.617
37.042,-13.418,157,55.799
36.377,-10.273,150,55.824
37.351,-7.8342,155,58.313
39.317,-5.0667,150,54.418
38.676,-5.8322,151,52.342
38.359,-9.6664,156,55.162
39.891,-12.827,156,57.304
41.348,-16.615,157,57.089
41.739,-19.998,148,56.378
40.562,-21.853,145,51.217
40.059,-21.274,145,46.718
39.797,-21.446,140,43.154
39.022,-21.376,148,44.494
38.715,-20.391,160,45.693
38.566,-21.245,164,55.179
38.889,-20.82,144,45.122
38.778,-20.855,149,46.437
38.854,-20.237,163,51.788
38.883,-19.488,157,46.437
38.667,-18.946,168,51.97
38.416,-20.455,161,46.875
38.368,-19.81,167,51.209
38.719,-18.665,194,70.909
36.479,-19.462,162,51.118
36.818,-17.679,158,50.2
37.278,-18.271,157,49.01
37.896,-20.01,157,49.712
38.511,-19.824,165,48.579
38.862,-18.938,162,47.545
37.888,-15.958,161,46.536
37.204,-13.268,171,50.589
35.753,-9.4465,178,51.325
34.55,-7.206,174,50.82
34.353,-5.5502,173,54.997
31.948,-4.6773,173,55.94
28.263,-5.6483,171,57.065
27.033,-8.2049,167,52.433
26.96,-11.827,162,55.402
28.556,-15.246,174,59.281
31.488,-18.57,166,62.837
34.483,-20.003,169,64.177
35.127,-21.184,164,55.94
35.846,-24.597,160,58.363
37.361,-26.361,157,57.097
36.84,-22.892,164,54.344
35.453,-17.412,161,58.38
33.935,-12.387,165,54.418
32.864,-8.6154,157,54.534
31.904,-6.9737,153,53.012
29.777,-8.94,150,50.672
32.208,-10.101,152,50.547
33.584,-13.944,155,49.183
33.99,-18.172,160,50.01
35.571,-23.086,155,47.942
35.682,-26.596,141,42.815
36.893,-28.274,145,43.179
36.45,-28.447,150,46.843
36.463,-28.742,158,47.405
36.467,-28.845,162,50.961
36.56,-28.558,167,51.921
36.646,-28.447,160,47.587
37.081,-28.028,163,47.124
36.885,-27.781,173,49.456
36.904,-28.009,169,47.86
37.47,-27.678,166,49.373
37.98,-27.13,164,47.405
36.997,-28.876,162,49.191
36.49,-30.979,160,47.331
36.492,-30.47,153,45.718
35.099,-28.815,161,50.49
35.312,-28.296,162,53.012
38.459,-28.479,160,46.247
40.014,-28.624,165,45.221
38.176,-30.696,169,50.845
37.207,-33.314,162,50.01
36.303,-34.201,157,48.265
36.116,-35.933,154,47.405
35.289,-36.81,153,46.553
36.903,-34.585,160,50.539
37.514,-32.8,157,49.141
36.994,-31.964,161,49.729
35.528,-31.246,162,45.469
34.909,-29.684,166,48.331
35.596,-26.702,168,52.044
34.407,-22.361,164,54.972
35.169,-19.138,159,50.837
36.158,-17.46,155,49.166
38.012,-12.805,166,54.12
39.584,-10.418,157,51.714
42.684,-8.71,160,50.837
44.71,-11.323,166,53.682
43.952,-16.173,152,48.513
43.353,-20.364,152,50.01
41.47,-22.787,158,48.703
40.571,-26.641,156,48.422
38.492,-29.194,163,47.057
40.261,-32.544,155,48.86
40.009,-34.065,148,44.179
36.895,-38.686,151,44.477
33.537,-39.296,151,47.587
35.501,-39.392,123,42.327
37.436,-38.572,91,33.238
37.681,-39.985,77,31.005
37.09,-40.203,70,28.284
36.113,-40.475,65,27.341
34.65,-40.063,67,27.498
33.661,-39.636,84,35.777
32.061,-39.758,102,38.018
33.015,-40.575,106,36.331
34.824,-40.065,111,35.57
33.001,-40.464,107,34.073
31.031,-39.471,111,37.58
31.09,-38.704,114,38.597
31.427,-39.392,123,39.35
33.211,-41.243,132,40.805
35.018,-40.79,138,43.435
34.465,-41.917,136,43.485
35.59,-42.292,136,43.741
36.696,-43.086,141,45.122
32.656,-44.2,137,42.236
32.396,-43.588,139,42.98
32.351,-42.73,142,42.236
31.142,-43.272,134,40.466
33.215,-44.006,136,41.177
31.307,-44.696,138,42.17
30.469,-46.022,141,44.32
28.909,-45.319,135,41.012
29.108,-44.302,137,43.948
29.118,-46.188,142,43.071
27.179,-46.164,141,42.79
27.59,-46.583,142,43.642
25.906,-47.299,133,40.284
29.264,-48.728,132,41.946
29.458,-49.432,136,40.35
31.507,-47.895,132,40.185
31.373,-47.59,129,41.773
29.847,-48.991,136,40.648
30.244,-49.825,133,40.896
31.678,-49.491,136,40.929
33.298,-50.683,130,40.648
35.842,-47.622,131,41.219
36.198,-48.775,130,40.466
34.239,-48.481,134,39.978
33.905,-49.937,130,40.367
34.738,-50.845,135,40.929
38.041,-50.871,133,40.069
38.387,-49.803,133,42.236
39.13,-49.221,122,38.779
37.307,-49.242,121,36.976
35.944,-51.217,121,40.913
31.564,-50.262,128,41.384
31.232,-48.368,127,38.498
33.063,-45.876,131,44.295
33.886,-45.557,132,41.963
35.277,-50.38,131,45.908
33.499,-53.533,122,41.293
33.064,-57.29,125,42.376
33.775,-61.234,127,45.081
32.931,-64.059,128,40.532
32.563,-66.704,121,41.335
31.406,-67.862,121,37.828
32.253,-70.278,124,38.696
30.871,-69.129,120,38.87
31.382,-67.504,124,38.68
31.338,-69.364,123,39.449
30.286,-71.492,122,38.2
29.625,-71.762,126,38.589
28.012,-74.087,120,37.993
28.249,-70.944,121,37.646
30.476,-71.039,123,38.208
29.793,-70.648,123,38.804
34.087,-72.071,120,37.348
29.934,-71.885,122,38.597
28.586,-72.208,119,37.555
29.149,-71.401,119,38.779
29.379,-72.171,120,37.654
31.981,-73.67,119,38.572
34,-72.076,118,37.927
30.018,-72.952,121,38.109
32.2,-71.141,119,40.094
34.135,-69.063,123,38.936
32.368,-71.934,128,40.185
29.896,-73.354,125,39.672
28.36,-75.352,122,38.663
29.506,-72.597,121,38.291
28.925,-74.541,127,39.515
26.774,-73.223,130,39.316
26.655,-73.098,122,40.549
27.536,-73.642,125,39.151
29.527,-73.649,124,40.284
29.954,-70.962,120,38.862
29.288,-72.002,125,39.904
25.432,-75.546,125,39.722
28.95,-75.861,122,39.052
28.384,-75.008,122,38.134
29.979,-70.979,120,37.191
27.39,-74.68,121,38.001
27.043,-75.351,124,38.299
30.048,-74.849,116,36.794
30.63,-73.549,122,39.242
27.176,-73.858,125,37.464
30.638,-74.623,122,40.987
28.736,-75.206,124,40.367
27.826,-77.307,123,38.572
25.212,-79.288,118,39.97
20.825,-80.343,124,39.143
19.437,-78.982,127,41.202
21.371,-78.171,120,40.284
28.276,-75.381,126,39.242
30.352,-73.586,125,41.682
26.822,-77.817,127,39.035
22.829,-80.34,128,43.386
18.511,-80.909,129,41.02
19.743,-79.838,131,42.236
19.917,-78.786,127,41.02
19.845,-80.051,128,41.773
19.737,-80.962,120,38.986
18.472,-83.73,125,39.126
17.648,-83.042,125,40.458
14.112,-83.538,125,40.813
11.906,-84.359,124,40.168
12.688,-83.437,126,39.358
15.248,-82.912,127,41.128
11.993,-85.09,128,39.523
9.8684,-87.356,128,39.995
5.5922,-90.41,125,42.071
3.204,-94.607,122,39.821
-0.1678,-100.93,125,40.16
-2.8318,-106.77,125,38.498
-5.2714,-112.43,122,40.747
-6.2451,-114.22,117,38.961
-3.5844,-109.17,118,37.745
-2.313,-104.92,119,37.439
-2.9855,-103.44,129,41.318
-7.9738,-101.49,121,39.813
-11.995,-106.02,130,47.19
-13.6,-112.2,128,40.987
-16.718,-115.47,121,40.111
-17.06,-119.33,123,37.902
-17.437,-123.76,114,37.737
-15.603,-125.79,92,34.784
-14.865,-127.08,71,28.813
-17.803,-125.47,101,34.255
-15.59,-125.73,86,32.94
-15.305,-127.47,57,28.069
-16.747,-129.93,130,42.236
-13.99,-133.02,139,43.336
-14.58,-139.35,139,45.238
-14.567,-145.52,136,44.196
-15,-150.45,137,41.103
-12.733,-150.79,142,46.644
-12.699,-157.09,143,42.327
-12.874,-159.96,141,47.636
-12.803,-166.43,138,43.162
-12.543,-170.67,142,48.397
-12.769,-172.69,128,42.658
-13.433,-174.99,128,40.739
-15.614,-176.06,138,41.773
-12.091,-175.02,131,39.151
-11.324,-179.34,126,39.308
-9.6547,-176.02,130,43.096
-9.7057,-178.87,127,39.515
-13.291,-177.48,135,42.914
-10.308,-179.89,128,41.103
-13.947,-179.36,130,42.145
-10.012,-177.63,133,40.83
-11.328,-178.66,129,39.614
-10.731,-177.19,129,39.697
-10.374,-179.47,131,38.589
-10.89,-182.26,137,41.955
-14.938,-179.49,132,41.111
-12.067,-178.69,136,41.756
-11.432,-180.36,140,45.329
-12.959,-181.06,134,39.912
-13.984,-177.5,138,41.169
-11.832,-175.73,133,40.929
-12.091,-174.45,139,44.758
-12.498,-166.23,147,50.82
-14.284,-156.78,146,48.587
-16.379,-147.99,148,49.274
-17.677,-142.1,149,51.854
-15.98,-132.12,148,48.761
-14.865,-121.39,149,52.896
-13.322,-110.84,151,52.152
-9.6004,-101.19,147,46.503
-5.4567,-92.734,144,46.363
0.341,-85.905,139,46.181
8.5387,-79.236,135,44.585
8.8054,-75.91,135,45.61
5.798,-68.651,135,45.908
1.5041,-62.035,137,44.8
-2.128,-54.503,135,46.28
-3.5459,-47.87,140,43.923
-6.5551,-43.682,94,34.437
-5.9297,-42.323,51,28.16
-5.2744,-35.841,124,44.477
-6.0163,-29.155,124,43.063
-2.1778,-24.16,129,43.915
-0.91319,-16.93,130,45.519
7.601,-9.1254,133,45.511
8.6988,-4.6217,133,46.991
12.874,-1.7034,131,49.249
21.83,-2.5241,129,47.082
33.104,-3.8049,123,46.272
41.687,-3.5837,130,47.016
46.559,-6.121,129,45.147
48.861,-10.082,129,46.181
52.075,-13.509,133,45.346
56.912,-16.429,131,46.95
61.638,-17.625,126,45.61
67.497,-17.253,129,49.34
70.59,-17.981,129,50.291
77.722,-20.528,123,45.238
82.737,-19.442,127,44.477
87.161,-20.577,123,43.94
92.546,-23.196,125,45.494
91.21,-25.167,128,44.13
93.768,-29.751,118,39.515
90.722,-31.1,119,39.978
86.932,-32.42,119,44.477
87.823,-31.584,114,38.2
84.599,-31.717,118,42.435
84.283,-30.276,122,43.758
86.595,-26.645,122,43.361
86.26,-24.862,118,41.384
86.924,-26.898,116,38.572
87.399,-27.657,121,38.109
87.81,-27.612,125,39.035
87.616,-28.223,133,41.599
87.957,-28.123,138,42.236
88.312,-28.787,137,41.103
88.125,-28.985,141,43.435
88.225,-29.003,143,43.046
88.343,-29.44,151,46.355
87.597,-28.713,153,48.712
86.819,-27.822,148,44.204
86.969,-25.71,145,45.445
86.203,-26.665,141,42.889
86.482,-29.561,140,46.479
86.903,-31.345,143,44.477
86.224,-26.775,150,49.853
85.054,-26.193,147,45.56
87.64,-28.346,154,48.397
89.38,-28.833,154,46.007
86.782,-30.781,156,49.638
86.923,-30.813,156,51.987
85.815,-29.564,149,52.342
90.036,-29.664,149,46.189
92.786,-31.752,153,49.886
95.818,-34.436,155,52.458
94.243,-34.243,159,52.268
90.074,-31.919,146,50.862
90.26,-30.483,140,52.665
90.714,-27.12,135,51.697
86.115,-24.529,146,56.031
85.745,-23.876,148,61.084
90.182,-19.219,141,52.648
93.813,-14.857,136,52.756
96.939,-9.9675,133,51.342
100.2,-5.6043,125,47.033
105.7,-2.0937,126,48.439
108.06,-0.76829,116,45.718
110.46,4.1785,94,40.549
110.51,2.9479,111,42.98
111.7,5.9926,69,38.589
111.94,11.147,123,42.418
110.8,12.478,122,44.196
106.14,14.795,126,43.733
100.32,18.017,126,43.435
99.807,16.835,126,42.608
97.749,16.375,132,47.959
99.135,18.067,131,42.054
106.54,15.344,129,39.242
112.36,11.298,134,42.765
115.75,6.4032,128,44.221
119.7,4.6125,126,43.625
124.97,3.6117,125,41.682
129.76,2.0227,127,43.17
134.61,-0.75976,122,40.16
136.82,-2.7887,115,43.071
140.39,-2.4061,115,39.821
142.79,-5.564,118,40.557
147.34,-6.8507,113,46.942
153.23,-6.8976,106,41.111
159.48,-9.829,112,42.625
164.91,-14.756,106,45.065
170.1,-20.53,106,38.87
172.09,-26.865,105,46.065
174.47,-30.754,100,40.003
176.79,-32.964,100,37.902
176.25,-33.728,97,41.963
171.81,-35.075,105,38.432
172.03,-33.356,112,41.591
173.35,-36.217,104,39.424
173.44,-41.813,106,39.052
172.48,-46.102,104,37.464
170.36,-49.59,98,37.009
171.63,-52.58,105,41.012
169.98,-55.684,105,40.747
169.53,-61.293,116,47.91
167.22,-65.986,114,41.327
164.75,-72.427,112,40.532
163.85,-78.478,119,41.086
165.41,-84.705,119,44.13
165.29,-89.192,119,41.111
163.99,-91.293,118,39.887
165.54,-85.149,118,41.963
165.43,-88.083,119,39.333
165.33,-88.37,117,38.754
165.56,-91.745,115,39.077
164.1,-90.502,115,39.697
162.13,-92.999,119,39.424
162.38,-92,116,39.259
163.03,-93.445,118,40.276
163.3,-93.845,116,37.398
163.55,-94.846,114,36.91
163.92,-95.767,116,37.737
164.99,-94.629,116,36.794
163.19,-96.457,110,35.893
165.65,-95.126,114,36.637
163.86,-94.019,113,37.183
163.92,-97.6,111,34.925
164.03,-94.079,107,35.314
163.93,-95.749,114,37.439
166.3,-94.848,110,37.481
162.58,-93.884,110,36.356
165.41,-93.475,110,36.728
163.15,-95.231,113,35.967
166.84,-96.636,111,35.504
163.47,-94.247,107,35.115
167.56,-94.914,108,36.397
163.45,-95.258,116,37.555
166.33,-94.74,112,35.967
164.37,-93.858,115,37.82
166.62,-96.793,110,37.183
165.59,-95.629,116,38.316
163.74,-96.722,112,36.885
161.37,-96.977,114,37.472
160.83,-95.724,116,35.942
162.61,-96.293,119,38.134
161.8,-95.504,114,37.53
161.1,-95.357,110,37.373
160.95,-95.579,112,36.24
161.79,-95.969,114,37.555
160.43,-97.24,113,36.794
160.47,-96.093,115,36.612
160.98,-96.355,114,36.984
159.93,-96.526,116,37.257
161.19,-94.928,115,39.433
160.24,-96.811,112,36.124
161.35,-96.148,117,38.2
162.04,-97.293,111,37.117
165.45,-95.187,113,37.001
163.2,-97.199,117,38.018
164.98,-96.886,113,39.631
163.11,-98.019,113,37.307
165.13,-95.406,107,37.183
166.21,-95.862,116,41.773
166.22,-93.707,116,43.642
166.53,-96.083,109,41.227
168.81,-94.293,114,40.929
167.52,-85.539,114,39.242
164.59,-76.383,112,36.984
164.07,-67.563,115,38.688
167.52,-60.415,107,39.217
170.32,-53.08,132,44.361
173.27,-44.792,130,46.189
173.78,-36.527,128,46.28
172.77,-35.512,132,45.718
171.72,-33.344,133,49.473
173.45,-33.774,139,50.597
172.7,-44.358,136,45.428
171.28,-44.875,144,50.936
171.94,-53.549,140,49.53
170.68,-59.684,145,51.052
172.82,-66.219,137,48.72
169.55,-70.352,148,54.947
170.36,-74.073,147,54.12
177.25,-77.083,139,49.72
182.31,-78.813,140,49.274
186.47,-82.941,137,47.198
189.39,-87.711,136,55.46
191.29,-89.484,130,44.568
195.27,-90.603,138,52.557
200.57,-97.065,132,49.249
196.6,-96.284,133,46.917
203.66,-98.481,127,44.502
197.89,-95.408,138,51.59
200.8,-97.121,135,50.771
202.19,-101.99,128,50.87
204.4,-107.11,129,54.393
208.56,-113.84,129,49.936
211,-119.83,128,52.202
214.78,-122.81,123,46.272
218.68,-122.44,118,50.027
224.05,-121.5,111,42.881
223.43,-124.09,114,46.826
229.33,-121.14,111,44.974
236.09,-118.73,101,47.124
243.09,-116.33,122,48.587
248.1,-116.74,119,50.175
255.97,-114.07,108,44.502
256.94,-114.06,110,49.274
256.9,-114.38,111,51.623
258.69,-113.24,104,51.367
264.46,-109.18,130,44.411
263.58,-108.89,134,50.473
267.72,-105.5,132,49.299
270.32,-98.324,125,44.477
270.74,-91.3,126,46.843
266.44,-87.895,136,50.027
261.82,-86.153,137,51.953
254.47,-86.963,140,48.513
258.28,-88.333,144,48.91
254.1,-89.313,141,48.968
254.42,-90.368,144,47.314
250.35,-93.996,142,46.371
247.29,-94.501,148,49.382
248.37,-95.038,142,48.885
250.15,-92.886,143,47.851
251.66,-89.399,140,46.297
253.09,-89.647,146,53.45
253.23,-93.902,144,54.964
249.14,-98.008,141,49.737
248.62,-94.979,141,47.198
251.22,-96.276,124,44.452
251.23,-97.923,108,42.327
247.47,-98.206,128,41.227
248.54,-98.469,130,42.12
248.87,-96.777,130,43.65
251.14,-96.036,133,42.352
250.22,-97.647,138,43.344
249.44,-98.669,143,44.477
247.62,-100.99,136,43.096
250.73,-99.491,145,46.065
248.49,-98.02,140,46.462
247.43,-99.87,140,43.278
249.29,-96.314,137,44.039
250.74,-99.77,140,44.097
249.79,-99.449,140,41.682
252.09,-98.471,139,44.576
250.26,-99.863,133,40.234
250.54,-92.781,141,43.187
253.13,-95.89,142,43.576
250.38,-99.418,142,42.327
252.38,-97.328,138,41.963
251.28,-100.23,134,40.466
252.82,-95.292,134,43.278
255.14,-87.893,138,43.758
256.64,-82.386,138,44.866
258.14,-75.879,138,49.671
257.14,-67.663,140,49.067
256.89,-60.334,141,51.135
254.48,-52.018,139,52.251
252.56,-43.684,140,48.91
253.64,-41.496,142,50.82
253.97,-33.774,139,48.951
254.59,-29.69,138,44.75
253.84,-25.335,137,49.249
251.59,-16.647,138,44.593
248.3,-9.4709,134,44.982
242.45,-3.5232,134,45.354
240.37,-1.3888,134,44.667
239.3,2.4692,142,49.53
240.45,6.2266,137,42.997
242.71,8.4951,136,42.914
245.09,12.501,135,42.98
246.09,15.555,143,53.078
244.54,24.944,136,50.283
240.2,32.502,136,47.703
235.12,36.971,149,51.325
228.59,38.96,143,49.96
226.4,37.911,138,47.198
224.34,36.722,148,51.217
225.94,39.774,154,52.921
229.58,39.853,146,47.57
233.36,39.789,150,52.226
240.08,38.14,153,57.048
242.35,34.901,151,56.932
247.72,29.702,146,51.879
252.96,28.307,142,48.819
259.59,28.348,136,46.412
261.72,27.431,137,54.492
269.07,29.348,136,51.978
273.05,29.794,127,48.736
270.57,28.261,132,54.12
276.13,31.269,130,49.596
278.85,31.087,132,50.597
281.51,32.001,133,50.936
285.96,35.723,132,54.509
289.12,40.9,125,49.183
286.99,45.522,124,43.948
284.81,46.228,125,48.298
283.67,41.621,127,48.885
281.91,36.489,137,49.34
280.02,30.85,127,41.293
275.14,27.355,136,46.71
269.86,28.737,142,49.737
277.47,30.182,133,44.866
273.11,27.253,134,48.877
269.9,24.485,143,49.183
273.67,20.195,142,50.78
273.69,16.298,139,50.01
274.52,12.576,136,49.845
275.95,9.3096,133,50.564
278.21,7.6219,128,48.05
278.45,5.7763,132,43.923
282.04,4.5944,132,44.866
279.38,4.0093,126,42.699
280.31,5.0717,132,41.409
285.02,1.9578,128,44.105
284.68,-2.3305,130,46.189
287.55,-8.0066,126,46.644
286.56,-14.374,134,49.828
285.71,-16.114,129,47.57
288.14,-21.166,127,45.792
287.8,-27.38,126,47.363
289.51,-33.753,126,45.858
287.55,-37.841,124,45.809
284.98,-40.219,122,42.029
286.09,-37.193,121,41.492
285.8,-32.62,125,43.253
283.65,-28.892,125,40.83
286.08,-30.699,123,39.788
287.45,-36.8,128,44.593
286.46,-39.131,111,42.906
289.77,-38.21,108,42.335
295.67,-37.778,112,41.955
301.45,-34.122,104,42.244
305.62,-29.014,101,41.591
305.62,-29.014,101,41.591
