0,-0,138,50.688
4.1173,-0.90089,279,58.57
4.741,0.44728,261,58.049
4.8374,1.5044,302,62.564
2.704,2.0606,304,65.541
1.1651,1.5036,297,62.672
2.2582,1.6999,315,64.756
1.6821,1.6894,310,63.317
3.1766,0.74715,336,67.047
4.5045,-0.31983,309,62.928
5.455,-1.681,315,63.573
5.9763,-2.2249,312,64.061
6.5394,-2.3864,302,62.184
6.1372,-2.6619,301,63.507
6.4471,-2.5007,311,65.492
6.4085,-2.4722,305,65.004
6.4254,-2.4068,306,65.649
6.5533,-2.1617,313,65.831
6.7965,-1.6538,308,65.55
6.7161,-1.414,369,70.884
6.7475,-1.0632,360,70.495
6.2524,-1.4269,403,75.962
4.3626,-2.3975,386,72.687
3.3065,-2.2637,361,69.296
2.3567,-1.7641,343,69.668
2.8057,-0.68543,343,69.106
3.5452,0.5589,367,67.973
4.19,1.578,366,67.882
5.24,-0.092892,376,69.586
6.2107,-1.7464,387,75.615
6.2836,-2.0787,367,70.52
6.5439,-2.4051,385,72.199
6.3897,-2.3229,372,71.835
6.4349,-2.0195,349,70.586
6.4005,-2.317,378,73.125
6.3355,-1.9868,346,70.421
6.242,-2.0397,354,71.645
6.26,-1.9058,368,71.14
6.4468,-1.6296,366,74.184
6.1613,-1.1853,394,73.125
4.575,-0.92031,397,72.505
3.5096,-0.66284,398,71.926
2.7242,-0.21892,369,72.753
2.5054,-1.0337,373,69.536
4.1905,-1.2663,377,68.535
6.1736,-2.5684,361,68.85
7.2595,-3.6456,377,70.917
6.9144,-5.242,386,74.349
6.2015,-7.1966,372,75.945
7.3493,-9.6559,363,81.313
9.1725,-11.667,340,79.816
10.503,-13.15,331,83.546
11.785,-16.076,348,77.922
12.52,-17.752,343,79.328
12.922,-18.21,355,81.528
13.869,-18.356,354,78.129
14.09,-18.408,338,76.649
13.653,-18.165,362,77.187
13.373,-17.401,371,76.343
13.228,-17.38,345,76.748
13.101,-17.238,350,76.93
13.025,-17.345,356,77.12
13.035,-17.289,361,76.723
12.963,-17.46,376,77.74
12.594,-17.777,409,78.848
12.455,-17.017,400,75.689
12.922,-15.483,380,73.324
14.421,-14.548,395,73.903
15.406,-15.605,385,76.607
15.246,-17.444,365,75.92
14.174,-19.029,364,78.244
12.938,-19.516,358,74.233
12.598,-19.163,353,68.188
12.629,-16.955,352,68.221
11.8,-14.605,347,69.139
10.798,-12.466,359,68.37
9.7997,-11.253,352,67.121
10.205,-10.09,362,69.66
11.459,-10.488,336,65.442
11.651,-11.31,358,72.869
13.77,-14.668,375,73.117
15.086,-18.203,362,70.884
16.423,-21.558,368,70.685
16.92,-24.321,342,66.492
17.528,-26.411,341,66.542
18.998,-27.592,322,65.616
18.391,-26.976,336,73.497
19.532,-28.307,324,68.816
21.462,-31.245,309,62.423
19.877,-32.316,286,60.224
18.161,-32.199,260,60.513
17.331,-31.683,265,58.909
15.349,-29.392,260,62.639
14.843,-25.963,259,62.266
14.196,-21.861,284,67.121
13.005,-18.421,319,77.649
10.626,-16.91,352,79.923
10.329,-18.007,357,74.208
11.76,-14.393,357,81.18
11.512,-11.352,361,71.165
11.448,-12.137,346,70.313
9.6577,-13.265,352,72.224
11.129,-16.314,354,69.833
13.422,-20.476,372,74.233
15.668,-24.791,366,71.992
16.707,-28.351,356,74.721
18.31,-32.573,347,72.844
19.22,-36.34,329,68.121
19.195,-39.581,318,68.237
18.886,-42.248,338,71.628
19.306,-44.675,315,67.435
19.576,-46.298,317,68.411
19.963,-46.768,307,65.682
20.15,-47.027,289,63.515
19.996,-46.813,286,61.828
20.193,-46.871,308,64.756
20.449,-46.719,300,63.623
20.611,-46.789,312,64.756
20.601,-46.886,318,65.211
20.854,-47.082,338,67.452
20.541,-47.606,352,67.75
19.857,-48.601,355,68.114
20.564,-48.669,355,70.281
22.731,-47.821,371,68.61
23.127,-46.873,359,68.858
20.988,-48.118,272,81.222
21.799,-49.82,375,74.68
23.611,-50.57,341,72.985
24.311,-51.452,367,71.645
22.675,-52.945,341,74.118
22.646,-52.945,365,78.658
22.027,-52.72,370,77.343
22.743,-52.572,382,80.825
22.887,-52.994,356,78.079
23.415,-53.88,304,75.052
22.594,-55.225,379,89.161
22.999,-53.64,387,83.091
23.972,-52.996,360,74.118
25.425,-51.751,374,76.127
24.141,-50.813,357,72.679
24.44,-50.137,346,75.987
26.164,-49.641,345,72.241
26.421,-49.173,351,69.106
27.146,-49.073,361,69.172
28.229,-49.44,341,66.476
27.64,-50.481,342,67.245
27.022,-51.326,358,66.683
26.432,-51.325,355,67.129
27.194,-51.379,370,70.619
25.734,-49.92,372,76.359
26.303,-49.276,375,71.165
29.147,-50.47,381,70.677
28.803,-50.764,365,77.74
28.361,-52.548,355,69.643
28.006,-53.574,369,75.573
27.462,-54.642,379,77.98
28.62,-53.531,356,75.598
28.113,-53.33,385,79.419
28.526,-53.103,390,79.261
26.919,-52.159,369,77.839
27.929,-52.048,359,72.133
29.092,-52.919,360,73.142
31.33,-54.752,380,74.573
32.816,-55.628,374,74.159
31.116,-54.939,355,74.755
26.945,-53.685,360,77.327
25.494,-58.574,369,74.523
25.83,-60.415,353,73.671
26.071,-59.964,375,72.381
26.349,-58.616,354,85.531
28.111,-59.117,388,86.829
30.834,-58.997,367,78.774
32.279,-59.256,368,75.714
28.087,-62.503,391,79.41
26.633,-60.665,398,75.391
23.46,-60.203,373,76.053
28.343,-59.739,383,77.293
32.677,-60.041,382,78.195
35.282,-62.119,372,76.177
36.334,-66.373,356,70.884
36.766,-68.584,357,75.954
32.965,-65.42,380,90.113
27.583,-59.825,386,86.647
23.457,-58.744,400,81.759
20.938,-59.941,372,73.869
19.9,-58.991,360,76.168
20.022,-54.673,340,67.444
19.575,-51.378,338,67.65
18.372,-53.297,334,66.493
20.575,-55.199,351,68.535
23.88,-57.945,355,74.762
24.61,-61.457,372,74.514
23.589,-65.102,357,71.926
25.467,-64.945,359,79.708
31.404,-65.435,357,75.565
34.029,-69.682,348,75.565
35.446,-71.802,363,76.326
35.958,-73.567,358,72.174
36.659,-72.97,346,72.596
34.404,-72.948,375,77.782
34.564,-74.62,358,74.689
35.66,-76.738,367,70.81
37.668,-77.963,325,64.739
38.191,-80.207,338,69.594
37.839,-81.647,319,66.186
39.406,-81.138,318,67.336
40.679,-80.553,299,60.207
40.981,-80.626,294,61.133
40.486,-80.128,302,62.374
39.915,-80.242,295,59.752
39.545,-80.568,294,63.3
39.635,-81.08,303,61.621
39.231,-81.628,319,65.575
39.89,-83.727,302,63.3
39.97,-86.055,307,62.622
40.649,-87.998,299,60.662
40.294,-85.622,312,69.412
41.068,-85.866,307,60.918
41.937,-86.612,302,62.002
41.133,-88.62,287,62.655
41.324,-87.904,310,63.234
41.739,-87.466,294,60.43
42.446,-87.408,292,61.621
42.597,-90.306,280,58.503
42.682,-92.029,264,56.841
42.196,-91.217,263,59.339
42.738,-88.863,278,59.446
42.789,-89.18,282,58.247
42.902,-89.907,282,59.38
41.914,-89.787,299,61.059
43.001,-90.034,308,60.778
43.997,-89.61,304,61.158
43.781,-90.436,302,61.15
42.113,-91.089,311,63.945
42.506,-91.246,315,62.44
44.034,-92.341,314,62.084
42.087,-92.925,305,63.3
43.348,-93.027,303,63.275
42.204,-91.166,304,63.697
43.75,-91.18,304,60.604
43.511,-92.022,309,63.763
43.066,-91.972,306,61.348
42.221,-92.555,313,68.469
41.905,-92.962,304,64.474
41.422,-91.249,299,62.44
43.226,-89.852,303,69.767
44.45,-92.907,269,56.932
44.266,-96.42,274,58.619
42.356,-96.216,300,60.877
44.013,-94.101,293,59.38
41.42,-94.543,289,60.902
40.925,-94.358,295,60.182
42.352,-93.058,286,58.38
43.409,-93.627,293,58.958
42.999,-92.644,293,61.266
42.172,-97.741,285,59.86
42.642,-96.414,287,59.074
41.262,-95.267,296,61.332
41.258,-98.691,289,57.916
42.268,-93.98,273,57.387
38.545,-94.338,287,58.826
38.427,-93.716,296,68.072
42.346,-97.8,265,57.412
41.291,-97.249,259,55.146
40.384,-99.329,249,53.864
40.946,-98.461,257,54.401
42.084,-96.874,254,54.649
43.339,-95.319,261,55.559
44.493,-94.974,278,57.222
44.277,-97.287,271,56.816
44.17,-98.464,271,57.71
43.78,-100.03,246,53.26
41.975,-101.8,246,53.905
39.65,-100.59,283,61.522
41.55,-95.83,268,56.742
44.349,-91.771,264,56.924
46.317,-88.413,251,58.71
43.832,-84.129,312,75.92
37.175,-75.963,317,75.028
27.834,-66.203,333,73.886
21.826,-53.683,343,71.19
22.211,-40.652,335,65.947
24.476,-29.558,331,69.155
22.1,-21.096,328,67.65
18.468,-10.939,343,76.466
15.348,0.35129,356,75.821
15.691,2.4157,311,64.64
17.641,1.4661,319,62.738
19.62,0.90516,316,63.78
17.754,-4.5641,331,62.903
11.275,-11.449,343,66.592
6.4894,-19.728,337,66.038
7.5191,-28.995,337,65.839
7.0296,-35.51,315,62.911
4.9139,-37.582,287,58.032
2.9608,-42.281,309,63.689
1.2754,-44.057,303,60.943
-0.97194,-43.615,259,56.353
0.10943,-40.387,257,55.129
-0.8246,-42.258,272,57.304
-0.045957,-42.341,304,61.994
-0.077536,-47.531,320,61.894
-0.69789,-47.687,307,63.143
6.1911,-49.334,312,62.945
14.639,-53.966,329,62.978
19.35,-58.616,323,64.425
22.734,-63.346,321,64.938
28.978,-63.851,316,63.516
35.109,-65.155,326,63.846
42.066,-68.818,312,60.414
44.139,-72.499,284,58.156
45.232,-75.432,285,57.304
45.636,-77.474,284,59.628
46.27,-80.283,294,62.068
46.808,-84.812,306,64.681
47.983,-90.928,309,65.07
47.738,-96.287,309,62.746
46.392,-99.409,300,61.704
43.61,-104.79,291,58.611
41.678,-102.01,285,57.949
44.195,-100.38,294,60.968
41.156,-101.6,281,58.123
41.701,-102.6,295,60.604
43.072,-101,292,59.446
41.901,-101.02,292,59.388
43.016,-105.31,300,61.828
42.896,-105.05,297,60.141
42.39,-108.35,269,58.942
41.79,-109.63,221,50.936
41.113,-112.25,211,49.431
38.469,-114.42,174,44.593
36.286,-116.46,143,40.648
33.579,-117.78,148,46.247
33.557,-119.13,129,41.781
34.649,-117.03,157,47.653
37.344,-116.98,114,38.506
38.503,-117.16,129,40.623
39.389,-115.42,147,42.955
40.19,-115.19,157,43.435
41.224,-115.61,155,44.866
40.946,-113.94,174,46.644
40.333,-114.21,217,50.754
39.533,-112.35,226,52.152
39.846,-110.09,245,54.393
39.832,-108.72,262,55.708
40.299,-108.86,260,55.452
42.196,-114.89,268,56.378
40.693,-118.81,233,52.566
40.185,-120.35,204,48.298
39.101,-118.37,214,50.589
42.424,-115.82,202,48.645
45.297,-116.05,174,47.289
42.746,-117.56,179,50.845
42.162,-121.79,168,43.923
41.632,-124.18,117,36.604
39.696,-122.99,121,38.308
39.772,-123.43,160,45.056
39.121,-123.23,186,51.019
36.792,-126.45,205,52.524
37.805,-126.04,189,50.498
33.712,-128.15,193,48.703
33.369,-129.58,192,48.852
30.162,-129.42,190,49.431
27.828,-128.65,172,45.602
27.347,-127.73,217,50.208
31.581,-128.59,232,52.433
29.96,-130.18,240,53.368
30.102,-130.27,234,51.763
33.478,-130.11,244,53.955
27.914,-130.75,240,53.293
30.057,-133.98,198,48.463
28.846,-135.78,183,46.255
27.179,-140.09,145,41.012
27.431,-143.84,120,39.151
31.69,-141.27,111,35.942
31.955,-139.73,123,36.521
31.738,-141.16,169,43.741
31.477,-137.67,179,45.37
31.021,-138.12,174,44.113
30.484,-137.46,192,47.57
29.978,-135.83,207,48.67
29.418,-134.84,220,52.88
28.813,-129.72,208,49.621
28.239,-129.13,216,50.192
31.51,-130.23,256,54.765
31.866,-131.81,252,54.41
33.832,-133.88,250,56.006
32.804,-135.16,246,53.566
31.456,-135.34,250,54.302
29.549,-134.83,256,54.6
29.685,-133.95,258,55.063
31.295,-134.88,270,55.708
33.898,-136.24,249,53.442
35.448,-137.64,250,53.566
34.498,-137.56,255,54.41
31.738,-137.4,260,55.452
29.606,-137.7,268,55.41
30.779,-139.05,271,57.222
32.89,-138.6,261,55.162
34.221,-138.41,259,54.79
32.404,-138.84,255,56.171
29.805,-138.95,267,55.824
28.666,-138.62,266,55.898
29.25,-136.67,257,56.188
28.756,-133.39,256,54.228
29.64,-131.15,265,58.338
32.206,-129.85,259,56.014
33.196,-132.12,258,54.79
30.659,-135.99,255,56.924
28.514,-138.49,258,55.832
29.691,-138.61,244,54.112
29.67,-136.41,226,52.334
30.505,-136.3,267,57.486
28.923,-138.38,257,54.294
26.74,-141.5,257,55.08
27.02,-140.83,259,55.319
27.08,-139.76,278,58.917
27.698,-141.16,278,57.767
30.159,-135.97,261,55.344
30.24,-134.89,253,55.096
30.04,-131.44,261,57.329
31.653,-129.72,237,52.433
31.762,-130.32,237,54.137
29.588,-134.19,254,58.181
31.28,-137.79,260,55.27
30.169,-139.86,263,55.526
32.681,-139.49,248,53.831
35.271,-139.63,252,53.657
35.053,-138.9,235,52.061
34.405,-140.7,233,52.152
35.367,-141.85,239,53.558
33.211,-142.28,257,56.37
34.065,-141.86,258,56.171
34.448,-142.5,258,54.964
33.802,-142.65,261,55.592
35.065,-142.46,260,54.856
35.899,-145.05,260,55.278
35.973,-146.03,257,54.732
36.414,-145.89,253,54.6
36.428,-143.52,257,55.592
38.478,-143.71,254,56.006
39.883,-141.77,254,54.393
40.317,-140.73,262,54.848
38.499,-143.15,259,55.89
40.921,-144.47,270,56.188
40.922,-146.99,263,55.427
41.972,-145.59,265,55.923
42.675,-145.48,254,55.634
41.894,-145.93,246,53.186
40.049,-144.77,254,56.469
39.036,-143.25,250,54.203
38.85,-143.2,256,54.484
39.103,-143.75,279,56.37
39.82,-144.14,279,60.133
41.641,-144.22,264,55.551
44.628,-145.94,253,54.054
43.433,-146.43,243,53.674
40.933,-148.84,236,51.78
38.354,-147.48,224,51.515
39.898,-147.98,212,49.646
42.563,-146.36,218,49.646
41.253,-146.53,222,51.391
40.123,-147.03,249,54.6
39.919,-147.75,245,52.83
38.504,-149.12,247,53.26
37.062,-149.32,243,52.83
38.421,-148.28,237,52.433
38.228,-148.8,232,52.177
38.612,-147.04,227,51.391
43.043,-144.93,253,55.038
42.386,-144.56,214,49.522
40.431,-146.64,233,53.103
41.262,-145.56,235,53.401
41.558,-146.41,211,49.621
40.71,-145.94,254,54.418
40.943,-147.62,270,57.693
41.366,-148.98,257,55.501
38.989,-146.6,264,59
40.237,-150.82,268,57.776
39.635,-150.18,255,56.196
43.932,-150.21,253,54.699
43.075,-146.95,243,53.492
43.423,-149.54,248,54.484
41.515,-150.74,245,53.359
42.061,-151.48,211,50.862
39.75,-153.32,208,49.183
37.922,-154.23,206,49.067
34.306,-156.61,229,51.672
31.294,-156.95,208,50.109
33.065,-156.23,211,49.059
28.912,-157.87,203,50.01
25.72,-159.76,176,46.644
27.607,-161.46,172,46.255
25.528,-160.99,180,47.289
25.388,-157.5,206,49.34
28.121,-155.9,206,48.695
28.956,-161.28,206,49.183
28.713,-165.91,157,42.699
27.295,-165.8,137,42.004
27.849,-166.82,152,44.75
29.031,-168.67,144,43.46
28.433,-169.9,143,43.187
28.955,-170.6,162,44.386
28.78,-170.83,183,46.735
28.82,-171.87,170,44.725
28.409,-173.66,165,46.321
28.039,-173.12,180,46.164
27.429,-175.82,174,44.816
25.462,-178.59,190,48.488
26.706,-178.82,165,47.562
25.777,-179.6,171,45.164
20.99,-180.03,146,44.775
22.475,-181.13,165,45.784
21.367,-181.01,151,43.253
24.137,-179.15,163,46.255
26.832,-175.66,177,47.562
27.06,-177.77,197,49.431
24.534,-180.39,184,47.198
22.689,-179.38,180,45.883
23.37,-178.51,193,47.959
26.126,-179.22,186,48.025
26.742,-180.36,183,47.446
26.604,-179.8,159,46.156
25.343,-183.33,131,42.608
24.131,-182.6,129,41.963
23.974,-181.29,142,44.932
20.316,-180.28,144,41.955
19.631,-179.22,136,39.234
20.161,-178.67,136,40.003
20.465,-178.93,167,43.898
20.849,-179.14,177,45.238
19.901,-179.01,213,49.274
21.184,-177.55,216,49.456
21.294,-174.97,223,51.515
19.63,-176.33,226,51.184
20.13,-174.29,262,57.412
21.794,-176.8,253,55.824
22.569,-173.79,254,54.691
23.484,-175.77,238,54.319
25.231,-175.21,237,53.541
24.398,-178.32,195,47.794
22.26,-179.82,237,52.359
22.65,-180.54,245,53.103
22.481,-180.42,218,49.704
20.876,-179.59,221,50.928
20.939,-179.57,224,50.812
22.16,-181.92,223,49.96
24.159,-185.57,232,53.128
25.869,-184.96,229,52.913
26.925,-186.5,230,51.788
25.03,-184.63,223,50.845
24.352,-183.53,250,54.12
24.148,-183.08,245,53.575
23.971,-184.78,251,54.087
25.753,-186,255,54.79
24.838,-184.48,241,53.194
23.715,-183.49,266,56.245
22.144,-182.74,266,56.304
22.595,-183.45,271,56.75
23.291,-184.93,256,54.228
24.854,-186.25,259,54.782
25.664,-187.19,250,53.748
27.28,-186.98,246,53.558
27.306,-186.64,251,54.418
26.133,-187.54,264,56.014
26.045,-190.17,256,55.518
28.048,-191.12,242,53.012
30.118,-190.31,255,55.89
30.136,-189.93,250,54.368
28.332,-189.71,258,55.617
27.724,-191.52,250,54.368
26.259,-187.97,246,54.517
26.999,-189.3,272,58.851
29.625,-190.57,268,56.196
27.345,-192.16,273,58.338
28.931,-187.99,276,56.378
28.569,-189.21,285,58.454
29.167,-189.9,301,61.175
28.383,-192.45,275,56.378
27.433,-193.5,272,56.841
23.8,-193.39,268,55.907
24.704,-192.01,266,56.163
27.214,-192.97,290,58.272
24.895,-194.08,257,54.649
24.033,-195.83,280,58.156
25.442,-196.52,284,59.355
23.501,-196.82,292,59.438
21.187,-194.51,280,58.801
21.71,-195.2,261,56.006
20.074,-195.04,263,55.832
23.057,-194.59,262,56.452
22.144,-193.18,280,59.008
22.258,-195.21,283,59.876
20.193,-194.47,274,58.495
16.886,-194.01,281,61.15
15.286,-192.44,286,62.936
12.356,-188.18,272,62.729
12.045,-179.57,275,58.636
10.626,-173.31,260,55.27
6.7246,-172.84,263,59.562
4.8141,-166.9,240,53.566
4.7635,-161.44,246,55.592
6.6201,-154.72,252,57.04
9.4576,-151,270,59.951
11.556,-144.97,250,54.757
12.91,-143.93,293,67.725
10.252,-148.6,306,69.446
7.2763,-155.49,314,71.752
7.1987,-164.27,305,70.172
6.8506,-169.71,320,72.984
8.6389,-178.23,301,71.603
9.1104,-184.38,303,69.37
8.4786,-186.33,277,62.531
9.2857,-186.78,265,57.205
11.557,-189.91,255,55.708
15.084,-191.24,256,55.923
17.805,-192.49,267,57.238
20.588,-193.49,252,55.824
21.204,-194,228,53.285
21.807,-195.63,205,52.83
23.152,-197.86,169,47.198
26.023,-197.98,153,47.479
29.062,-197.07,141,44.849
31.197,-199.42,112,41.318
30.151,-201.38,101,38.969
29.478,-202.37,95,35.669
28.313,-200.99,93,37.538
28.72,-199.77,108,40.665
28.167,-197.9,119,40.276
28.898,-197.89,127,43.849
29.078,-197.41,132,41.211
28.056,-197.5,117,37.464
26.991,-197.1,110,37.679
25.481,-196.26,91,32.808
25.67,-196.55,83,31.443
26.701,-195.62,91,33.031
27.459,-196.05,91,32.874
25.899,-196.91,79,30.244
24.838,-195.96,78,30.178
25.632,-195.32,73,28.557
26.745,-194.52,71,27.498
27.341,-195.18,82,29.69
27,-195.37,79,30.244
27.296,-194.69,80,30.219
26.745,-193.49,81,29.847
24.963,-194.38,60,24.893
22.546,-197.59,80,29.574
21.17,-196.73,82,30.542
21.497,-195.97,74,28.739
23.439,-194.98,82,29.963
24.135,-194.35,90,31.443
24.827,-193.78,105,34.09
24.525,-194.41,140,39.697
23.839,-196.51,176,46.074
24.126,-195.6,196,48.53
25.597,-192.75,225,50.837
24.384,-194.2,244,55.245
25.155,-196.79,263,56.188
24.713,-196.35,283,65.103
20.089,-195.67,289,65.442
19.086,-193.2,293,60.993
20.102,-190.89,318,69.329
20.536,-193.73,319,65.029
23.151,-195.17,311,64.012
21.549,-193.72,310,62.696
17.87,-193.67,294,65.293
14.207,-189.53,310,73.093
10.279,-184.72,338,78.294
7.5027,-178.46,342,83.132
7.5726,-173.05,327,75.085
9.5636,-171.41,364,79.121
8.4987,-169.19,387,95.785
8.4855,-160.28,380,88.391
10.32,-151.94,377,87.672
13.175,-144.05,374,83.198
16.028,-138.49,296,72.761
18.971,-133.94,200,56.047
22.116,-130.16,115,39.97
26.217,-122.64,401,82.256
32.239,-113.5,412,87.028
38.881,-103.04,406,84.563
38.995,-93.836,425,77.318
38.036,-85.83,412,74.73
32.689,-77.854,430,80.618
30.748,-68.024,435,79.261
25.856,-60.1,439,83.537
23.333,-51.859,460,83.231
19.449,-47.842,469,94.52
18.371,-38.024,443,90.675
13.251,-30.557,458,95.777
11.564,-26.382,263,73.762
11.353,-19.979,194,56.973
11.398,-17.374,145,44.799
13.112,-13.927,67,30.31
5.0347,-13.926,444,88.863
1.3334,-15.823,448,86.018
0.63158,-23.017,435,79.609
0.39278,-27.276,464,86.093
1.1548,-33.268,419,81.371
3.5956,-41.753,417,83.546
3.9183,-49.01,414,83.281
9.8432,-56.182,405,80.725
12.539,-62.75,439,90.84
18.961,-70.014,452,96.084
25.145,-66.445,449,93.305
32.998,-68.881,425,79.328
38.578,-70.507,422,78.07
39.845,-77.306,438,84.86
39.714,-80.555,459,99.895
41.423,-80.065,427,96.678
41.147,-76.831,430,94.9
42.889,-70.176,401,84.72
41.927,-64.715,405,83.637
45.649,-63.599,400,77.988
44.584,-63.795,399,78.476
45.408,-67.879,365,75.962
43.055,-75.049,345,72.546
44.095,-81.383,340,77.326
43.97,-90.523,359,75.432
45.424,-101.54,374,77.764
44.676,-112.8,397,79.625
42.913,-123.53,403,77.367
41.968,-132.16,420,81.866
40.323,-140.46,396,77.318
37.956,-142.2,397,79.311
34.729,-151.09,392,77.839
36.103,-153.85,390,76.954
37.998,-159.43,399,80.667
38.259,-167.28,383,77.26
36.606,-168.67,383,77.864
38.439,-169.2,370,71.124
36.828,-172.63,359,65.004
33.776,-177.03,355,66.394
32.067,-183.77,360,72.894
28.658,-192.3,359,73.15
26.154,-200.13,376,76.648
25.328,-210.07,370,76.276
23.564,-213.6,371,73.836
22.13,-215.11,361,70.073
20.535,-213.92,348,66.476
18.518,-212.8,321,63.672
15.376,-213,303,62.209
13.204,-209.07,251,54.219
13.435,-206.54,218,52.094
12.653,-208.96,225,53.674
11.763,-209.66,240,52.896
12.623,-213.15,243,53.624
8.7768,-212.75,287,58.826
11.035,-212.99,287,58.594
12.348,-216.85,325,64.442
12.668,-218.91,326,62.473
9.9518,-221.65,324,63.904
8.6487,-222.39,311,60.116
7.5716,-223.79,276,57.304
6.4857,-225.69,242,53.475
4.763,-227.17,190,47.173
1.9791,-226.89,156,41.938
3.0095,-227.39,142,41.467
4.7782,-228.06,138,40.524
3.6486,-227.08,150,43.526
3.3897,-227.37,159,42.484
1.3806,-229.51,155,43.733
0.26415,-230.21,180,45.329
0.044625,-227.48,185,46.131
1.4827,-227.84,162,43.344
3.5475,-227.74,180,45.42
-0.23735,-229.33,193,46.917
-1.3605,-228.72,166,45.031
-1.1042,-226.05,130,38.2
0.20534,-224.01,123,38.547
-1.6421,-222.86,138,40.896
-2.8552,-224.21,139,42.145
-2.2333,-226.99,121,39.217
-1.1672,-228.82,165,43.931
3.2964,-230.98,202,49.803
3.1489,-234.38,172,45.676
2.3188,-233.77,156,44.088
5.401,-236.65,176,48.422
5.4903,-239.62,151,48.05
4.129,-237.06,155,48.852
1.7022,-233.58,151,42.12
2.4339,-233.25,211,53.376
2.3933,-237.47,218,51.598
0.53652,-239.02,185,47.008
-4.3675,-235.6,192,47.752
-1.4002,-232.07,183,45.304
0.71131,-229.51,196,47.959
5.1647,-228.67,123,38.374
6.9823,-228.39,104,36.058
6.2378,-230.62,86,31.625
5.4766,-231.48,65,26.853
7.8227,-230.06,104,37.009
7.8591,-229.98,107,35.686
4.5474,-231.62,114,36.422
5.3307,-232.78,97,32.94
3.0224,-231.31,105,36.43
0.53939,-232.04,98,33.536
0.6008,-230.51,109,36.422
2.1294,-231.14,113,37.538
-0.90361,-232.89,157,44.32
-2.2266,-232.72,183,46.578
-1.1374,-233.42,217,52.061
-2.2795,-234.74,251,54.484
-3.9569,-232.91,255,56.014
-6.4482,-235.45,228,51.606
-8.0455,-235.28,188,49.042
-7.192,-234.16,169,44.684
-7.1997,-232.77,187,46.09
-4.8864,-232.11,164,43.452
-5.1313,-232.53,154,42.029
-3.0298,-234.27,156,42.426
-2.8912,-236.01,188,46.826
-1.5983,-238.19,230,51.308
-2.4657,-239.63,256,54.972
-2.7361,-241.3,221,51.209
-5.1407,-242.37,200,47.868
-5.6061,-241.7,187,47.297
-6.9897,-237.33,177,61.953
-7.0633,-234.49,164,52.268
-4.3628,-230.34,170,50.448
-0.44921,-228.41,197,49.406
6.8902,-224.84,236,56.196
10.541,-224.35,280,65.203
19.596,-217.97,335,69.966
28.425,-214.3,353,74.283
30.663,-213.25,364,77.641
32.931,-207.38,375,86.092
32.358,-201.06,396,92.733
28.605,-191.27,407,96.612
25.134,-182.98,406,89.458
19.107,-179.33,378,82.272
11.177,-178.84,379,74.945
8.5535,-187.9,364,72.869
4.3837,-187.86,362,73.117
5.1456,-185.01,357,74.167
5.6772,-189.52,355,76.838
6.6298,-191.06,356,77.45
4.1707,-188.56,295,64.706
3.6498,-187.4,238,52.408
2.7994,-189.21,198,47.479
4.8121,-193.15,216,50.01
5.4296,-198.35,234,53.657
6.5452,-207.01,251,56.56
7.8233,-212.69,282,60.091
8.0489,-221.02,325,65.533
9.7337,-228.02,316,63.366
9.2742,-231.04,296,60.43
9.5006,-235.11,282,60.389
5.5434,-237.36,274,58.727
1.788,-240.65,266,58.115
-1.708,-245.82,258,55.228
-2.4006,-248.22,238,53.095
-4.6707,-249.21,200,51.441
-8.6602,-253.6,180,46.71
-9.221,-252.85,188,47.926
-10.389,-254.13,236,54.029
-6.9733,-253.37,264,56.37
-8.5649,-258.82,252,54.112
-8.6149,-258.7,258,56.924
-8.27,-260.08,221,51.482
-8.4657,-263.28,192,47.314
-8.4831,-263.5,187,46.454
-5.418,-263.64,178,45.031
-3.7064,-267.54,161,45.792
-3.738,-269.38,157,45.42
-2.6157,-268.1,185,46.255
-1.7002,-270.79,161,44.659
0.32416,-271.75,163,44.568
4.6862,-273.84,153,42.517
5.9167,-272.99,151,43.435
7.6013,-271.05,153,44.775
7.3468,-269.87,176,47.099
6.9962,-271.42,184,47.355
6.518,-272.54,199,48.124
8.0236,-273.96,188,47.082
7.9786,-276.44,211,49.439
6.6865,-278.54,225,52.086
9.208,-275.65,236,53.012
9.5735,-276.76,223,52.367
11.769,-279.66,201,49.464
10.384,-281.15,225,55.287
12.593,-284.23,204,51.259
12.513,-287.41,203,53.029
12.872,-288.03,125,49.373
11.234,-294.64,240,53.698
8.9883,-295.19,250,55.452
10.439,-292.92,252,55.336
8.7758,-297.19,235,54.137
8.4294,-297.03,217,52.243
9.0667,-298.46,216,51.044
9.7278,-299.97,230,53.103
9.182,-301.21,176,55.568
9.7131,-310.27,281,59.165
10.935,-316.1,166,48.604
10.548,-321.15,55,26.762
13.131,-336.39,337,64.962
15.547,-342.72,232,56.907
18.824,-346.87,127,40.648
22.044,-351.37,50,32.138
