0,-0,155,44.105
0.63719,0.17823,216,51.507
1.4249,-0.14839,217,51.887
2.7086,-0.71555,213,52.615
4.8125,-2.0093,192,48.67
6.9294,-3.6861,188,47.148
7.4204,-6.3757,190,46.9
5.824,-6.4405,199,48.786
5.4427,-6.2468,200,48.604
5.3834,-5.8673,217,50.473
5.298,-5.6224,215,50.564
4.9289,-5.4283,216,50.663
4.8828,-5.2767,219,50.746
4.9072,-5.1417,218,50.845
4.8588,-4.5278,213,50.266
4.8453,-4.3379,209,49.712
4.7415,-4.0301,213,49.778
4.4992,-4.4959,219,50.514
4.6862,-5.2465,211,50.63
5.0374,-5.818,198,48.257
6.1831,-5.9852,208,49.828
5.6406,-7.0366,206,49.902
4.5966,-8.9516,208,49.803
2.1708,-9.7219,199,47.868
2.0116,-10.365,196,48.629
0.44919,-10.109,194,47.678
1.5677,-11.444,190,48.215
4.8266,-10.641,197,49.646
5.0578,-8.9344,202,49.82
2.6399,-8.49,208,50.87
-0.0036866,-8.7478,196,48.008
-1.123,-8.6143,194,48.687
-1.8109,-9.0706,206,49.985
-4.4427,-7.7124,192,47.446
-7.0744,-6.6576,204,51.945
-9.4474,-3.2826,198,50.291
-11.874,0.79259,188,48.422
-14.018,3.8668,181,48.124
-14.809,8.418,183,48.877
-14.771,14.041,183,46.636
-14.644,18.445,184,48.513
-14.015,23.166,175,47.694
-11.812,28.026,166,45.701
-8.9644,32.239,171,45.263
-6.7942,35.328,163,43.46
-3.1277,37.533,174,47.388
-0.42083,38.303,175,44.957
-0.65177,41.437,164,46.338
2.0882,43.099,171,46.065
3.9713,44.303,171,46.826
5.8135,44.932,175,48.513
3.6813,46.217,185,49.464
2.5566,45.125,180,50.564
3.5111,48.523,159,44.403
7.1161,50.89,155,43.485
9.9355,52.69,155,42.608
11.535,53.718,152,42.302
13.027,57.681,159,42.955
11.786,61.72,156,42.79
8.9828,62.894,159,43.89
8.118,60.617,169,50.01
8.2468,62.316,162,47.173
8.1204,65.79,152,43.576
7.3835,66.968,152,44.866
7.7758,70.793,149,41.285
8.6944,72.177,150,42.029
10.19,74.401,143,40.524
9.1764,76.463,138,40.069
8.7275,78.963,144,41.268
4.1264,81.014,145,41.103
-1.715,81.138,145,39.978
-3.7239,79.005,144,40.648
-3.8815,78.767,138,39.424
-4.5066,77.776,148,41.566
-4.8775,77.077,146,40.342
-5.1938,76.773,151,41.111
-5.093,76.803,168,43.253
-5.0171,76.736,171,44.171
-4.7271,76.662,173,44.94
-4.3413,76.553,176,44.965
-4.2312,76.695,184,46.065
-4.6588,76.303,181,45.304
-5.327,75.461,171,44.196
-6.8394,74.213,167,46.462
-9.226,73.353,160,45.643
-11.253,75.409,151,42.906
-12.106,75.419,147,41.616
-13.285,79.134,136,39.044
-12.044,81.048,157,43.534
-8.1652,81.378,161,47.198
-5.8106,80.972,148,43.807
-6.8244,77.996,153,42.004
-6.1994,72.07,146,40.623
-4.9871,70.261,164,44.262
-7.2573,70.028,160,44.428
-10.388,73.253,159,46.644
-12.651,78.597,160,47.289
-12.753,83.278,156,43.435
-9.9049,86.529,146,42.079
-8.0947,88.724,157,44.982
-6.8154,89.108,154,43.154
-5.3859,87.323,151,41.872
-5.7279,84.951,159,43.832
-5.5203,80.863,159,44.014
-5.4386,81.335,158,44.361
-1.6389,82.717,150,42.236
5.9518,81.416,151,42.674
11.207,79.824,144,40.623
14.219,77.561,155,43.435
16.433,77.557,134,38.961
18.826,79.442,151,44.13
22.254,79.326,120,37.927
25.641,77.785,124,38.498
28.299,77.6,117,36.579
30.7,74.376,132,38.266
32.572,73.062,130,39.416
31.192,73.343,139,42.12
28.578,74.687,132,40.086
28.149,75.7,130,39.54
23.009,76.564,140,43.162
16.593,74.225,133,43.617
12.047,72.971,118,37.365
12.575,73.023,126,38.109
12.694,74.59,131,38.729
11.569,78.308,135,42.707
14.02,80.58,122,38.316
18.805,81.083,129,38.2
24.487,78.043,124,38.473
30.668,76.872,133,40.458
34.415,72.946,124,37.836
37.627,70.82,129,38.39
39.797,68.84,126,38.754
42.152,65.591,134,39.424
43.837,61.341,123,37.737
42.91,57.439,123,37.249
41.54,52.641,132,39.639
40.657,49.247,130,38.084
41.103,45.739,130,39.614
37.623,44.221,125,37.646
36.251,42.151,127,38.688
35.473,40.163,139,40.276
32.501,36.238,146,42.054
28.937,32.51,138,41.111
25.342,30.636,131,41.012
22.043,28.878,135,41.02
18.459,27.962,139,41.847
14.893,26.88,143,40.656
10.724,22.891,127,37.811
7.6504,19.722,135,39.424
8.4175,16.216,143,41.293
11.77,16.046,138,40.168
14.908,16.646,133,39.887
16.418,14.869,144,41.136
14.002,12.743,140,39.68
10.704,14.232,148,41.103
13.041,16.2,130,38.291
15.59,15.025,127,37.944
16.004,16.932,122,36.885
16.265,16.7,135,39.424
15.142,16.163,139,40.185
15.017,15.072,136,38.845
16.442,17.687,132,38.324
17.621,20.552,135,39.044
18.795,21.1,130,38.887
21.038,16.611,129,38.961
19.706,12.743,142,39.788
19.395,11.65,140,40.069
19.83,13.264,140,39.705
24.248,17.166,142,40.276
27.746,16.933,139,39.54
31.719,16.531,134,38.862
34.806,15.065,132,38.291
37.547,14.318,117,36.703
38.47,14.06,116,35.661
36.028,12.424,122,36.604
32.886,13.057,123,36.546
29.928,12.964,134,38.754
29.831,13.424,137,39.184
26.26,12.697,141,40.739
23.58,9.257,140,40.83
22.79,9.6236,139,39.978
18.522,6.4524,144,42.6
16.805,6.1617,145,40.648
11.761,4.5445,139,40.78
3.566,2.1213,140,42.583
-4.6022,2.0789,145,45.329
-8.8397,1.5396,162,54.691
-6.3188,-4.1636,160,51.044
-2.6178,-10.03,152,42.856
-2.0188,-13.664,160,46.371
-4.1008,-16.596,153,43.336
-3.6643,-19.225,145,41.012
-5.3739,-19.466,137,39.978
-6.8483,-17.379,137,39.052
-8.4618,-19.997,138,39.796
-5.434,-19.672,140,40.441
-8.5054,-19.322,140,39.879
-6.5923,-21.041,138,40.739
-10.764,-20.302,143,40.276
-11.563,-19.975,138,39.143
-9.8935,-18.408,147,40.83
-9.939,-17.45,136,39.3
-9.2963,-20.518,148,40.896
-10.555,-19.586,140,40.069
-11.036,-19.607,149,41.682
-11.179,-19.089,144,40.557
-10.379,-19.658,142,40.714
-10.457,-20.298,144,40.21
-11.371,-17.984,141,39.714
-11.513,-19.666,145,41.202
-9.885,-19.694,145,40.458
-11.958,-19.278,128,37.745
-13.485,-19.372,143,39.854
-11.738,-19.813,151,42.054
-11.41,-18.992,137,38.754
-12.073,-20.963,141,41.103
-12.452,-20.16,148,41.293
-12.547,-19.529,146,41.756
-12.412,-23.003,149,41.111
-13.611,-24.989,142,40.375
-15.619,-29.409,141,39.879
-15.931,-32.913,141,39.424
-13.424,-33.906,146,40.83
-9.718,-36.481,146,40.929
-7.3576,-38.186,142,40.367
-7.5633,-38.823,138,39.614
-7.4421,-37.292,142,39.796
-6.3377,-37.183,143,39.697
-7.0196,-37.855,142,39.548
-5.1906,-35.317,146,40.582
-6.5126,-38.773,137,40.251
-10.135,-37.253,143,41.02
-4.8219,-36.686,139,39.333
-6.143,-39.57,138,39.333
-8.934,-37.436,140,39.606
-5.2431,-34.956,141,39.788
-6.4626,-38.443,140,40.276
-6.8702,-36.817,137,39.308
-5.0268,-34.386,140,39.399
-6.0271,-39.454,138,39.283
-7.3242,-37.302,138,38.928
-4.697,-33.672,141,40.094
-6.051,-38.903,143,39.796
-8.5056,-38.553,143,39.796
-7.4275,-34.516,141,40.069
-3.6564,-36.671,139,39.672
-6.2572,-38.324,141,40.069
-8.245,-38.172,142,39.887
-4.8667,-34.721,144,40.524
-3.4275,-35.941,141,39.97
-6.7182,-37.175,141,39.606
-5.9985,-34.327,142,40.069
-3.2714,-35.956,141,39.333
-6.7057,-38.121,145,40.16
-6.3928,-35.862,142,39.887
-3.165,-35.558,141,40.16
-7.1888,-40.715,139,39.606
-8.6454,-37.176,143,40.532
-9.7086,-29.635,153,45.42
-11.923,-21.37,151,43.824
-9.8229,-13.328,145,41.748
-6.886,-4.4541,158,44.27
-7.2776,4.8349,166,52.226
-7.9751,14.83,160,49.778
-9.7955,22.983,152,52.317
-9.9697,32.957,140,45.494
-5.7253,39.392,141,49.274
-2.62,45.731,121,38.109
2.3095,52.911,118,38.845
6.2961,61.501,115,38.225
1.7473,66.867,127,41.98
-6.8814,70.924,122,40.557
-13.421,79.484,120,40.929
-14.034,87.985,117,38.217
-12.733,90.091,109,34.652
-9.8865,91.223,115,37.414
-3.3781,89.696,119,39.242
3.416,85.525,112,38.217
11.403,82.889,119,38.589
18.536,80.285,123,38.432
25.962,78.25,118,36.538
26.279,79.776,120,39.118
20.283,82.481,122,38.382
15.924,79.713,126,39.631
16.512,79.621,122,37.902
20.717,80.99,109,36.993
29.471,78.51,124,38.663
34.619,72.176,129,39.308
40.538,68.679,119,36.794
46.217,65.817,122,38.68
47.453,62.362,115,37.53
50.471,63.351,121,37.373
53.677,66.638,116,36.166
56.024,67.22,123,38.523
54.918,64.122,123,36.976
53.729,63.069,116,36.612
53.741,63.055,126,38.109
53.613,63.352,151,41.872
53.363,63.345,153,41.938
53.652,63.313,146,41.012
53.71,63.325,153,42.327
53.9,63.671,148,42.219
53.154,63.922,162,43.824
53.481,64.999,160,43.344
52.462,64.868,160,44.75
50.625,63.397,153,43.319
52.692,63.231,147,41.574
54.432,66.624,145,41.847
56.203,66.614,137,41.02
56.383,63.763,134,41.202
55.1,60.398,142,43.526
55.078,59.252,149,46.338
56.344,63.211,160,47.132
53.974,65.827,146,42.145
54.074,61.817,145,47.678
54.494,64.957,149,46.578
55.604,65.434,163,47.496
55.519,65.968,157,47.868
56.799,64.009,141,44.494
54.242,59.385,163,48.422
53.11,55.488,143,43.071
52.203,53.624,151,44.841
50.392,57.005,167,48.579
53.123,63.475,159,47.297
59.023,62.272,142,42.426
53.017,58.273,153,43.46
48.81,54.44,149,42.997
49.544,55.067,142,43.369
55.439,60.334,145,43.716
57.53,60.693,140,41.665
58.33,58.771,140,40.441
59.307,62.436,133,39.978
57.392,62.932,136,39.606
56.246,63.775,145,42.724
55.19,64.51,138,41.872
56.663,67.43,131,39.54
59.458,66.881,136,39.217
59.013,59.628,137,39.821
57.98,54.653,136,39.242
55.796,50.919,123,37.274
52.313,52.05,132,40.946
47.816,54.069,134,41.177
39.592,48.978,143,44.403
35.124,39.321,143,43.807
33.053,30.891,152,43.625
34.853,26.447,156,42.633
40.66,24.904,139,39.68
43.737,24.05,136,39.35
42.256,22.372,151,43.832
44.228,19.056,135,40.458
47.171,16.69,136,39.796
47.925,11.497,137,40.929
50.628,7.0853,135,40.342
50.786,5.2232,144,40.069
50.473,0.047937,143,40.16
50.509,-5.4787,140,39.763
50.248,-10.248,146,41.26
49.182,-13.31,141,40.185
50.555,-12.17,149,42.906
50.81,-12.714,155,42.236
51.406,-14.932,147,42.426
51.114,-18.847,150,42.145
50.879,-20.336,148,41.086
47.977,-23.911,147,41.111
47.947,-22.747,150,41.963
46.487,-23.42,146,40.466
45.509,-25.968,142,40.069
47.17,-24.424,148,41.756
42.713,-28.774,151,42.269
40.014,-27.434,150,41.02
39.374,-24.194,150,41.566
38.912,-26.146,146,40.16
38.741,-26.021,150,41.475
35.64,-26.588,151,41.012
37.724,-25.417,148,40.739
38.121,-23.564,153,41.864
35.389,-25.885,152,41.409
39.117,-24.448,154,42.029
35.218,-26.102,152,41.012
36.507,-22.853,151,41.194
34.739,-27.336,151,42.219
33.707,-26.781,150,40.83
28.487,-30.088,147,41.086
26.66,-34.396,151,42.534
28.326,-39.546,155,42.798
30.514,-44.495,151,41.913
33.331,-47.755,147,40.822
36.07,-49.721,151,42.418
36.277,-50.449,147,41.566
32.892,-49.406,146,40.896
37.372,-46.701,147,40.16
37.445,-52.957,140,39.763
35.501,-53.825,145,40.168
35.852,-48.917,148,41.012
41.296,-51.721,141,40.458
36.152,-54.236,140,39.424
34.266,-48.654,149,40.524
41.974,-48.809,148,41.963
40.839,-53.349,145,40.268
40.618,-56.742,145,40.152
41.424,-55.211,141,40.094
42.355,-50.7,143,40.375
43.862,-54.412,139,39.606
36.877,-52.748,149,41.566
41.487,-53.211,145,40.805
42.383,-59.372,143,40.656
43.708,-63.08,145,40.276
48.128,-67.096,139,39.399
53.185,-70.902,139,39.887
58.926,-74.563,139,40.458
61.7,-76.104,141,39.978
63.544,-75.693,142,40.83
65.383,-73.791,144,40.342
68.723,-69.122,140,39.788
73.273,-66.243,140,39.399
76.293,-60.962,149,41.64
79.473,-55.036,143,40.342
85.283,-51.415,147,42.79
91.44,-48.315,148,43.187
96.501,-48.748,146,40.706
101.05,-51.31,136,40.251
101.93,-52.657,139,42.071
99.125,-51.989,149,42.856
105.66,-53.398,136,39.49
108.08,-52.096,144,41.086
107.31,-54.305,144,41.475
109.53,-54.256,144,40.276
110.25,-55.099,143,40.367
112.2,-55.721,141,40.16
116.72,-56.73,135,38.754
121.21,-54.728,142,39.978
126.61,-53.369,133,39.333
132.77,-51.303,136,39.416
138.64,-52.729,137,40.367
144,-52.395,141,40.921
148.91,-52.396,138,40.896
144.9,-53.904,142,41.872
145.79,-55.642,137,39.614
145.6,-56.686,139,39.614
146.56,-56.222,136,39.234
151.07,-54.989,135,38.481
148.67,-57.664,140,40.557
147.97,-54.868,149,40.64
149.5,-54.806,142,39.904
150.2,-55.057,140,39.399
150.27,-56.236,140,39.424
147.42,-56.089,139,40.648
151.14,-55.507,140,40.003
151.28,-57.097,136,38.754
150.63,-56.247,139,39.614
147,-60.087,137,39.639
152.72,-58.023,133,38.754
151.1,-60.752,135,39.995
150.75,-55.529,140,39.548
147.39,-54.359,138,40.003
142.91,-57.478,148,42.674
136.14,-55.646,147,41.872
131.72,-55.247,139,40.557
125.33,-53.302,143,40.648
117.06,-56.568,151,41.847
111.9,-59.068,147,41.293
111.03,-62.438,152,43.46
114.99,-67.349,148,42.583
115.79,-71.329,140,40.756
115.39,-75.477,139,39.399
117.11,-75.059,145,40.35
118.23,-76.125,146,40.441
116.75,-76.221,144,39.978
116.84,-77.142,138,39.606
114.7,-75.278,142,39.705
115.98,-73.431,141,39.697
115.49,-75.902,144,39.978
113.78,-76.064,140,39.424
115.64,-71.983,138,39.399
115.96,-73.34,147,40.648
116.89,-75.964,140,40.086
113.56,-76.409,144,39.598
114.19,-74.509,141,39.796
115.7,-73.7,140,39.118
114.31,-75.319,139,39.242
115.78,-72.457,140,39.424
112.42,-67.292,142,39.978
112.46,-61.803,146,40.259
111.67,-60.983,145,40.466
112.26,-57.419,142,39.788
112.52,-56.068,144,40.83
114.75,-56.889,143,40.458
123.96,-53.812,143,41.5
129.54,-50.707,137,39.126
133.51,-50.634,150,43.534
135.62,-51.679,140,40.276
145.45,-52.651,141,39.953
150.05,-56.588,143,40.094
148.54,-57.721,145,41.061
152.83,-56.107,140,39.416
150.17,-59.635,139,39.887
154.13,-55.873,139,38.936
154.8,-58.635,139,39.912
150.91,-59.764,140,39.796
148.33,-56.802,137,39.234
156.19,-55.85,140,39.399
159,-58.658,122,36.513
162.66,-61.392,139,39.416
166.48,-66.381,144,40.16
171.71,-69.694,143,39.887
175.49,-72.842,142,40.83
173.97,-72.748,147,41.657
176.5,-66.553,142,40.35
176.74,-61.417,141,40.441
175.58,-53.492,139,40.367
174.24,-46.865,140,39.449
175.45,-41.604,134,38.382
176.94,-37.799,133,39.242
179.48,-34.28,133,39.101
182.93,-28.525,136,39.821
187.16,-24.724,134,38.754
190.46,-21.291,129,37.456
190.06,-20.725,128,37.944
188.43,-24.422,136,40.16
184.86,-29.795,139,39.722
178.77,-34.201,138,39.722
178.18,-38.832,145,40.714
178.12,-39.793,141,40.16
177.43,-46.83,140,39.697
178.25,-49.875,127,38.109
181.38,-53.042,132,38.506
183.35,-53.042,135,39.234
185.86,-47.997,142,39.854
185.52,-46.766,138,40.4
182.35,-41.066,137,40.251
174.41,-43.82,151,41.988
175.32,-37.129,138,39.697
173.51,-38.067,142,41.128
171.07,-41.953,143,42.145
172.48,-46.797,145,42.492
172.41,-44.652,142,42.517
169.11,-41.251,140,40.714
169.29,-40.328,134,39.226
165.62,-39.072,140,41.202
165.05,-35.005,138,39.788
165.38,-31.767,136,39.515
164.74,-26.649,135,38.845
168.01,-21.301,135,39.052
173.46,-19.106,136,39.06
178.79,-17.436,136,39.73
183.63,-16.694,137,39.796
188.29,-18.673,147,42.236
190.57,-21.406,132,39.813
191.46,-27.303,133,38.87
189.81,-30.416,137,39.052
189.39,-27.885,141,40.094
192.26,-25.067,134,38.663
193.19,-29.869,137,39.168
190.24,-28.511,142,39.904
188.63,-26.665,139,40.441
194.11,-24.326,136,40.441
194.86,-28.304,136,39.143
193.46,-28.858,140,39.416
192.65,-27.737,138,40.648
192.92,-24.209,134,38.688
195.17,-29.09,139,39.54
194.51,-28.928,141,40.086
192.45,-29.218,143,41.566
191.66,-30.841,143,40.532
194.18,-33.453,137,38.936
195,-32.343,134,39.151
194.67,-33.235,133,39.424
193.51,-35.186,136,39.399
194.86,-34.539,142,40.4
193.49,-33.992,141,39.705
193.08,-33.618,158,43.468
192.93,-32.488,170,44.849
193.23,-32.305,175,45.213
193.63,-31.727,182,47.752
194.08,-31.053,178,46.619
194.36,-30.733,177,47.289
194.5,-30.063,179,48.215
195.44,-29.205,174,47.934
195.96,-30.04,179,47.934
195.03,-30.373,162,43.526
193.09,-31.007,163,44.477
193.2,-29.858,158,42.889
192.32,-30.887,166,45.321
193.65,-31.111,168,44.312
193.81,-31.457,177,46.272
193.44,-31.283,185,46.148
193.36,-31.09,192,47.38
193.29,-30.591,195,48.604
193.1,-30.346,184,48.86
193.28,-29.945,183,48.025
193.72,-29.366,183,47.562
193.7,-29.275,184,48.414
194.44,-28.522,180,47.562
195.52,-27.89,178,46.826
196.69,-29.238,180,45.858
197.88,-29.601,172,46.71
199.55,-30.285,176,48.902
199.32,-30.964,174,49.406
197.43,-29.104,173,49.754
198.9,-29.153,172,47.471
202.07,-30.787,172,46.991
204.84,-31.878,185,51.135
208.41,-30.169,181,48.794
210.9,-27.834,185,52.598
213.08,-23.511,180,51.581
214.23,-18.614,175,49.985
215.52,-14.407,178,49.166
217.02,-9.9154,167,47.198
215.23,-5.489,166,48.976
212.56,-0.80144,158,46.801
212.23,5.3124,159,44.13
213.2,7.4683,148,46.429
214.07,6.1854,149,42.393
214.3,3.4445,159,47.107
212.68,7.6986,158,44.014
208.31,10.995,151,42.517
209.66,11.777,153,45.395
213.05,9.7007,147,42.716
218.04,4.0145,144,41.384
220.32,-2.2005,150,47.314
222.2,-5.3401,147,43.509
220.33,0.99949,150,43.435
216.41,8.7357,142,41.756
212.58,12.292,143,41.359
210.32,11.666,153,43.278
210.68,12.456,147,43.253
212.14,13.735,147,44.27
211.93,10.755,147,43.741
210.74,9.5331,141,41.665
209.82,11.378,153,45.329
209.36,10.218,147,42.335
210.14,9.5145,144,41.781
208.84,11.716,149,43.088
208.53,9.7677,156,45.395
215.58,8.28,153,47.38
221.18,0.29954,151,43.179
224.16,-6.5587,148,43.005
221.87,-12.252,145,42.765
218.78,-16.217,151,42.699
216.47,-19.638,143,41.26
217.05,-24.075,139,40.35
217.01,-26.761,135,41.177
212.16,-23.234,148,44.196
210.26,-15.281,143,40.557
206.99,-15.926,138,39.325
203.02,-17.959,136,40.714
198.78,-14.765,141,42.608
194.18,-9.5307,141,41.781
188.54,-4.5552,137,41.227
183.93,-1.7293,141,41.748
179.48,0.27119,143,42.236
174.68,-2.6404,131,39.978
174.45,-4.5007,145,42.219
172.56,-9.8581,140,41.177
168.88,-13.596,143,43.551
168.86,-18.376,154,46.313
166.06,-24.211,143,41.384
167.74,-33.174,150,43.94
165.01,-40.727,150,42.509
162.21,-43.329,148,41.508
157.54,-44.342,148,43.369
155.87,-45.89,148,43.344
151.95,-40.809,148,41.93
151.21,-39.159,144,42.153
153.11,-41.921,145,41.012
152.81,-42.991,158,42.236
153.06,-43.173,165,43.989
153.05,-43.317,183,46.52
153.64,-43.258,179,46.148
153.77,-43.242,177,45.395
154.02,-43.359,176,45.602
154.53,-43.583,181,45.966
154.83,-44.022,189,46.826
156.13,-44.065,183,46.768
155.24,-43.242,177,45.585
154.14,-44.794,190,49.133
155.98,-45.268,183,47.678
158.33,-44.844,186,50.192
154.58,-42.984,176,49.183
151.31,-41.142,174,47.57
149.64,-39.174,177,49.249
149.21,-34.886,172,48.05
151.73,-35.478,190,56.23
154.71,-37.253,195,58.272
157.45,-39.347,173,48.124
159.13,-37.306,170,47.016
160.85,-34.659,170,46.346
158,-32.075,168,47.082
154.57,-28.974,175,51.093
150.1,-24.353,179,51.234
145.87,-19.682,171,47.885
140.38,-15.938,180,49.646
134.31,-11.6,171,47.198
129.92,-7.1258,169,48.538
126.29,-2.1908,167,46.826
122.39,2.9919,175,45.999
118.39,9.111,164,44.56
112.98,13.059,166,46.826
108.54,18.682,165,47.107
106.01,24.3,165,46.09
100.81,28.154,158,45.966
95.788,31.941,156,44.932
93.254,37.051,145,42.881
91.74,43.199,149,41.847
88.897,48.774,126,38.506
87.029,53.864,143,43.022
83.505,58.341,145,44.502
82.749,64.718,143,43.807
83.083,63.242,146,43.642
85.158,60.635,140,43.435
88.691,53.663,148,46.065
90.91,46.651,133,39.532
94.706,44.709,152,42.517
99.567,43.081,143,45.668
102.37,44.037,153,45.9
107.97,48.899,142,42.17
113.67,50.636,144,40.822
117.17,51.907,125,38.68
121.93,56.564,134,40.598
124.29,58.426,131,38.82
126.82,59.382,143,43.741
130.16,58.788,143,45.792
131.82,56.961,129,40.648
129.3,55.073,150,45.701
132.15,55.754,138,43.005
124.95,55.483,144,44.088
122.5,49.952,133,39.465
119.06,47.592,143,43.079
118.95,47.605,119,38.291
120.99,49.233,87,30.815
121.37,47.258,53,22.834
120.87,47.699,50,22.652
120.08,47.055,58,25.191
119.92,47.886,74,29.872
120.23,48.639,73,29.665
120.7,48.951,77,30.36
121.49,48.36,76,29.872
122.08,48.588,90,32.477
120.73,47.617,117,38.2
118.41,46.001,118,36.91
118.15,45.011,126,38.291
115.71,43.548,128,38.382
116.03,41.577,124,38.018
115.91,39.085,129,38.316
116.38,36.892,127,38.407
118.39,32.55,126,37.249
119.46,27.979,138,39.887
121.21,25.199,127,37.282
122.34,23.603,118,35.967
123.15,22.925,117,35.504
123.77,22.606,116,35.198
121.9,21.98,136,39.697
122.32,19.311,136,39.242
122.13,10.54,139,40.995
123.61,0.026079,150,43.468
128.11,-8.0795,142,42.12
133.51,-15.022,152,45.991
134.54,-22.054,151,44.312
138.76,-25.424,139,42.054
143.62,-24.224,146,43.278
140.2,-31.011,145,43.344
141.73,-32.53,135,39.821
148.08,-38.883,147,42.054
153.99,-48.767,147,43.344
150.45,-57.258,165,49.323
154.52,-60.819,149,41.864
150.33,-63.217,146,41.864
148.68,-64.601,142,40.739
148.69,-65.324,143,40.499
146.27,-68.665,147,41.31
147.88,-67.97,145,40.441
144.23,-67.938,148,40.739
144.97,-69.805,142,39.887
143.19,-70.696,141,40.284
144.97,-71.31,148,40.648
141.53,-73.873,145,40.557
141.37,-73.514,145,40.466
142.53,-71.888,141,39.912
142.71,-71.892,139,39.118
141.49,-75.765,140,40.16
141.72,-78.976,144,41.409
142.32,-82.882,142,39.606
142.83,-89.4,147,41.128
141.78,-96.051,140,40.466
141.41,-102.07,146,40.805
138.56,-108.81,148,41.847
137.18,-114.89,146,40.921
137.29,-120.46,142,41.202
135.02,-124.64,140,39.904
130.69,-126.37,147,41.748
129.53,-123.64,143,40.557
131.8,-124.02,145,41.037
133.41,-123.79,136,38.572
131.51,-127.52,148,40.524
133.36,-125.66,140,40.16
136.28,-124.24,139,39.879
133.53,-127.82,137,39.151
129.46,-128.53,143,39.887
135.1,-126.58,147,41.318
137.8,-129.49,140,39.606
132.77,-129.62,149,41.748
129.48,-124.65,143,40.276
131.74,-123.77,144,40.458
135.13,-127.4,145,41.194
135.18,-126.72,148,41.268
137.21,-123.87,144,41.111
136.87,-129.68,142,41.343
134.87,-129.54,144,40.276
139.63,-127.62,142,39.606
138.16,-125.72,139,39.672
139.14,-118.15,146,40.714
136.82,-107.31,139,39.49
134.79,-101.41,150,41.665
127.24,-99.933,143,41.194
119.14,-102.66,140,39.714
114.93,-109.36,136,39.002
113.97,-117.15,145,40.532
111.38,-123.73,144,41.202
110.1,-129.17,148,41.773
108.29,-131.25,146,42.79
105.99,-137.41,129,39.126
104.77,-140.2,79,30.583
103.5,-146.02,192,47.926
102.2,-151.52,183,47.016
98.723,-153.69,180,45.304
95.843,-152.87,178,45.892
97.908,-150.08,181,46.578
96.442,-152.69,179,45.676
96.265,-150.92,183,45.61
94.427,-152.42,178,45.329
94.011,-152.74,178,45.412
95.902,-152.01,187,47.099
97.403,-154.47,182,45.883
95.277,-152.3,182,46.818
98.672,-153.25,187,47.198
96.57,-154.51,171,43.956
93.568,-152.52,180,45.296
97.755,-151.48,182,45.974
95.473,-153.18,185,47.124
92.477,-155.87,176,45.974
90.287,-156.68,173,44.593
86.061,-155.31,167,43.716
81.017,-158.04,177,45.701
75.532,-162.18,170,44.196
73.879,-166.95,175,46.371
74.524,-169.76,173,44.469
72.535,-175.58,171,44.56
72.974,-181.21,181,47.38
69.789,-187.78,190,47.289
66.722,-194.28,188,48.124
65.241,-201.12,179,45.792
64.847,-206.43,186,46.636
66.499,-213.26,188,47.016
63.273,-217.32,185,47.107
64.177,-216.86,183,46.28
65.729,-215.33,186,47.107
61.024,-217.64,181,46.164
57.716,-218.54,179,44.924
54.344,-221.85,181,45.61
50.644,-224.82,177,44.849
49.556,-227.68,172,44.75
49.731,-230.46,178,45.784
51.811,-233.37,179,46.363
53.39,-235.57,177,44.634
51.979,-235.54,180,45.486
51.481,-234.65,179,45.519
50.757,-233.78,180,45.784
53.593,-237.64,177,45.693
51.471,-236.2,181,45.519
55.595,-235.33,180,45.048
51.818,-236.42,184,46.851
54.714,-232.34,178,44.907
56.062,-236.6,177,45.238
53.745,-235.23,183,45.974
57.414,-232.17,179,44.841
53.727,-236.57,176,44.957
55.44,-232.62,180,45.304
58.179,-235.11,179,45.122
54.819,-232.22,181,45.42
49.235,-231.89,185,46.743
44.217,-231.54,174,43.898
42.619,-232.21,187,46.991
36.294,-235.83,181,45.991
31.756,-239.67,183,45.999
31.491,-244.64,177,45.494
33.409,-251.72,176,45.139
32.876,-258.61,177,46.942
30.548,-264.61,175,45.445
30.641,-270.04,171,44.957
29.881,-273.95,172,44.973
28.829,-276.97,168,44.196
27.384,-278.02,161,42.674
24.485,-279.47,165,43.807
22.989,-282.09,166,44.75
19.707,-285.48,161,43.534
17.757,-288.98,155,44.568
15.462,-295.59,144,41.574
14.042,-301.38,126,39.168
12.029,-306.65,114,36.124
11.737,-311.06,107,35.752
10.307,-316.19,90,31.741
9.3348,-321.34,65,27.333
