0,-0,228,169.97
4.3313,8.2623,1155,133.76
1.2703,8.5577,1149,129.94
2.8116,2.9058,1165,129.38
10.849,-0.70795,1190,129.62
13.251,2.0562,1214,137.94
10.347,8.9402,1182,136.66
6.2287,4.4624,1186,136.71
9.4731,-4.8363,1248,138.1
12.612,-7.5456,1192,140.13
6.6877,-6.095,1205,137.29
6.1647,-8.2722,1187,134.87
1.4613,-5.5239,1190,129.31
1.7293,-11.745,1141,130.1
6.0052,-5.9454,1151,129.13
3.682,1.1751,1167,139.01
1.1634,4.2393,1160,132.38
0.38035,6.5819,1152,135.72
-0.18388,6.0822,1273,147.47
-0.233,6.3304,1388,158.95
-0.43854,6.6089,1470,189.54
-0.67473,6.7527,1437,172.91
-0.47545,6.0257,1404,159.91
-0.59117,6.199,1393,159.96
-0.43216,5.4223,1402,165.33
-0.64199,6.0938,1403,156.99
-0.22647,6.1752,1398,161.98
0.21072,5.6311,1424,156.32
-1.0639,5.2351,1465,161.77
-2.6858,4.1282,1466,157.47
-1.8861,3.9413,1410,149.78
3.1336,4.1675,1363,151.11
6.413,8.1731,1334,141.86
2.104,6.9431,1319,141.51
-1.512,3.5649,1314,135.29
1.6639,-0.094298,1320,144.33
8.7804,-3.3564,1302,146.66
11.696,-7.2177,1240,141.06
5.7761,-3.2759,1241,140.13
-0.24316,2.7522,1305,145.16
0.29829,7.2799,1224,141.69
3.4768,0.89759,1202,135.03
8.1335,-6.9327,1230,147.64
6.45,-13.551,1151,134.49
7.1681,-14.48,1110,126.66
2.4012,-5.0089,1188,136.04
0.036375,3.2115,1206,138.69
1.6968,7.2016,1091,134.83
7.6384,3.6415,1110,129.43
9.9716,1.3523,1076,126.8
11.327,-1.873,1085,135.66
12.545,-6.7893,1075,126.75
13.296,-13.386,1046,125.16
11.36,-13.8,1083,123.27
9.5816,-14.486,1222,139.2
9.4808,-15.143,1269,139.67
8.8827,-15.898,1232,140.01
8.5134,-14.756,1289,155.94
8.0507,-13.275,1293,152.51
7.4939,-13.487,1283,144.66
6.9049,-13.563,1266,143.5
7.1798,-12.598,1251,145.04
6.7525,-12.132,1245,146.51
6.1194,-11.509,1274,146.36
6.8477,-10.879,1337,150.95
8.4557,-9.188,1294,144.87
9.8491,-11.779,1276,143.99
7.5983,-14.215,1221,135.63
3.553,-11.389,1206,144.88
5.4977,-5.6743,1249,140.22
5.2216,-2.8764,1270,136.34
2.4477,-9.2278,1172,132.98
6.8123,-13.638,1181,133.52
10.503,-12.873,1240,134.34
4.2788,-5.0592,1263,143.51
0.6814,-1.0767,1266,143.48
5.2374,-2.8737,1234,135.81
8.6798,-8.6978,1208,136.36
10.414,-17.614,1177,131.45
8.1673,-17.108,1040,128.21
4.5659,-12.224,1005,127.11
0.50602,-5.0061,1168,138.48
0.013971,-1.6278,1230,146.05
8.4198,-1.2168,1200,139.28
13.303,-6.0096,1203,139.17
15.563,-12.551,1168,132.82
9.4153,-19.467,1104,132.15
2.9894,-22.087,1040,129.73
0.40995,-23.174,1069,133.34
2.2339,-15.841,1036,125.01
1.8017,-4.2906,1153,131.23
1.7447,2.2159,1064,131.73
6.8438,5.3487,1110,132.21
9.1587,0.88975,1089,137.09
14.652,-4.5138,1079,134.61
19.148,-11.156,1043,124.26
17.867,-18.698,1079,128
16.366,-18.283,978,122.7
11.217,-21.448,993,122.63
11.058,-23.64,1113,130.54
9.2152,-21.561,1215,132.75
8.5509,-21.129,1334,146.92
7.3156,-22.115,1318,150.77
7.7159,-21.991,1358,146.05
7.4791,-20.393,1333,153.29
7.5642,-19.514,1353,148.84
6.9326,-19.191,1339,151.11
7.6758,-18.456,1355,152.75
7.7829,-17.979,1358,157.8
7.097,-17.962,1377,153.62
7.0449,-17.838,1393,150.81
6.7436,-15.832,1396,163.19
7.2447,-16.869,1341,148.96
8.7494,-18.177,1264,143.52
7.2527,-17.567,1207,135.57
2.9735,-15.379,1197,138.34
6.9883,-9.9585,1206,140.51
11.989,-6.159,1186,140.46
16.398,-11.535,1134,127.29
14.317,-16.647,1134,128.7
8.5899,-22.992,1112,126.21
5.3463,-24.442,1087,129.32
1.1904,-23.468,1130,140
-1.7828,-16.096,1123,139.55
3.0463,-13.712,1108,128.5
10.871,-11.668,1133,132.47
14.835,-11.988,1176,145.21
14.952,-16.517,1075,133.28
10.395,-22.674,1061,129.23
6.9186,-27.126,1095,133.28
0.069026,-28.665,1065,129.8
-0.092497,-23.938,1120,140.53
5.2264,-17.201,1052,132.55
12.815,-14.885,1106,133.84
5.6519,-17.529,1093,129.02
0.46944,-23.171,1098,128.56
-0.41164,-26.065,1148,135.59
6.266,-26.508,1253,150.62
7.9025,-24.08,1291,154.11
9.8299,-21.96,1226,140.02
5.5463,-13.912,1217,141.89
5.3409,-15.552,1260,142.87
1.7291,-22.39,1187,133.87
-2.145,-24.123,1130,130.9
4.725,-28.215,1185,147.29
9.5868,-33.085,1199,163.58
3.0903,-38.147,1162,164.87
3.0778,-37.618,1049,147.83
8.5831,-24.311,1168,144.77
12.548,-14.778,1192,140.93
15.2,-16.164,1076,138.26
15.149,-19.301,943,124.3
15.828,-20.231,915,119.67
15.98,-17.043,931,117.96
13.712,-15.99,911,113.28
12.276,-18.742,981,116.52
13.087,-23.555,1077,137.15
13.049,-28.268,1120,134.51
10.898,-32.26,1124,132.27
11.324,-30.963,1115,132.64
2.7536,-31.093,1166,146.44
-1.5729,-25.737,1120,136.74
3.795,-14.298,1107,129.54
8.9362,-10.045,1104,134.75
15.94,-6.9828,1071,129.32
20.815,-2.2086,1032,126.52
19.844,2.8755,960,125.61
24.245,5.5925,939,115.53
27.713,2.8261,904,115.86
28.232,1.0607,1049,124.81
27.768,2.9233,1169,136.27
26.422,2.8878,1204,144.81
25.568,2.3264,1219,146.17
24.898,1.6597,1240,148.19
24.572,1.5124,1256,155.6
24.257,1.5526,1279,151.53
23.674,1.5253,1304,152.76
23.557,2.073,1337,150.34
24.113,1.4142,1382,152.21
23.601,4.7009,1340,150.71
24.332,7.9544,1258,147.21
23.784,6.3959,1165,138.43
22.523,-0.57827,1193,142.67
22.579,-1.3288,1203,138.63
21.501,6.7189,1217,141.71
18.515,9.7703,1127,132.84
19.257,3.5379,1114,135.4
23.451,-1.4769,1191,133.01
22.23,-6.5344,1245,138.75
19.752,-11.172,1262,143.14
13.566,-16.429,1296,147.83
9.8332,-23.15,1226,133.38
7.2241,-20.141,1151,134.04
7.6028,-11.604,1260,141.9
11.083,-2.6315,1276,154.57
16.173,3.5078,1264,148.14
20.19,0.45229,1186,131.39
20.385,-3.3771,1150,130.46
17.246,-9.8926,1212,142.65
17.542,-18.782,1330,157.63
13.19,-28.362,1298,147.85
7.0931,-34.46,1234,145.99
1.9217,-37.998,1166,137.64
4.3584,-31.75,1064,130.1
8.4746,-20.582,1150,138.68
15.485,-11.496,1121,135.66
19.974,-8.3825,1014,121.66
19.501,-6.0136,983,117.9
17.701,-4.5211,1198,136.33
12.499,-9.532,1355,161.44
7.4348,-12.416,1361,169.6
6.0698,-21.034,1291,153.64
5.6178,-24.897,1281,149.56
7.9802,-26.954,1227,147.72
8.9588,-18.347,1321,154.5
8.6491,-17.582,1285,159.28
16.948,-19.92,1188,141.84
20.483,-20.302,1165,146.07
19.729,-16.315,1178,155.02
22.523,-4.1762,1242,144.81
16.296,2.0748,1259,146.34
14.279,2.7227,1297,155.2
7.2625,-2.091,1282,148.62
-0.51208,-5.6065,1334,152.5
-1.8643,-10.908,1313,159.28
-4.1715,-11.121,1278,151.6
-2.7202,-14.709,1300,158.13
-2.8392,-20.213,1312,155.56
-1.2402,-22.074,1357,166.4
1.6825,-22.43,1285,139.45
-0.48762,-25.137,1290,154.21
-0.84665,-25.68,1322,150.08
0.59292,-29.069,1283,140.22
6.8363,-26.851,1179,138.67
18.879,-27.245,1271,147.52
25.967,-25.37,1224,153.57
24.534,-18.534,1119,151.83
15.963,-22.016,1114,142.45
13.64,-28.719,1179,155.89
12.442,-35.858,1099,137.06
10.016,-40.918,1151,137.96
8.3131,-40.125,1238,149.14
7.1156,-41.552,1262,152.48
6.6018,-41.367,1275,164.54
6.4588,-39.26,1312,160.19
6.1889,-39.499,1324,161.96
5.5327,-39.02,1295,170.47
5.9696,-37.641,1384,160.83
4.771,-38.261,1365,159.89
2.0801,-40.432,1334,160.55
2.0075,-43.631,1346,167.45
4.0404,-45.006,1248,153.19
6.1585,-41.192,1217,152.26
10.574,-38.841,1239,150.5
7.3461,-38.451,1233,146.13
10.061,-44.862,1218,146.26
5.7818,-44.537,1133,133.78
6.1269,-38.422,1152,140.3
12.869,-32.335,1233,138.98
17.572,-28.484,1225,147.49
20.713,-25.539,1172,152.67
14.516,-31.845,1192,150.19
11.977,-40.966,1205,146.08
8.6333,-46.826,1151,134.94
5.7315,-48.719,977,124.75
5.1177,-47.853,1047,132.93
8.8343,-52,1120,141.13
9.7467,-53.025,1279,182.49
10.884,-47.642,1246,163.62
13.335,-35.481,1246,154.12
16.269,-38.862,1092,131.22
16.862,-44.094,1094,145.84
16.413,-48.699,1088,144.8
12.741,-51.171,1031,131.76
9.0976,-51.745,1022,122.42
5.0779,-51.656,991,120.6
1.9469,-50.828,983,121.11
0.36007,-46.371,1043,129.79
3.8046,-39.009,1066,140.16
8.7644,-36.737,1023,124.14
12.104,-31.753,1005,122.08
11.634,-28.742,1080,127.25
8.3529,-28.807,1098,133.15
5.2574,-29.744,1186,143.2
1.5657,-29.499,1257,149.05
4.004,-30.71,1308,154.08
2.678,-29.476,1367,155.42
1.9289,-30.146,1307,159.29
4.4243,-33.16,1309,147.14
4.3676,-36.905,1353,149.14
0.19532,-40.002,1291,153.85
-3.0759,-49.546,1314,159.04
-4.6487,-50.354,1254,152.77
-0.74129,-46.855,1217,143.36
2.0597,-43.507,1249,145.28
-1.623,-36.337,1202,137.04
-1.2133,-28.86,1221,138.36
-0.70878,-27.855,1185,135.34
1.3458,-27.303,1410,161.01
1.5785,-28.372,1412,161.7
2.7874,-29.871,1473,172.38
2.3395,-28.976,1459,171.4
2.5864,-29.5,1498,172.21
1.8883,-29.775,1516,168.5
2.4893,-31.024,1548,184.4
3.0324,-31.331,1506,167.14
6.7243,-31.96,1449,160.29
8.3079,-30.048,1413,158.6
2.9366,-27.995,1373,154.07
3.2098,-31.421,1336,144.9
7.6875,-30.761,1237,143.74
5.9349,-26.746,1278,138.53
-0.12248,-28.493,1214,131.77
-0.3074,-29.914,1213,138.62
1.4131,-32.247,1312,151.11
2.7649,-35.565,1376,157.21
-0.70183,-36.717,1428,165.91
0.75506,-39.283,1462,163.3
2.6658,-40.404,1424,163.65
2.6075,-42.138,1389,171.13
-0.60136,-42.154,1435,170.54
-1.0088,-39.373,1368,161.77
3.0041,-37.062,1423,177.96
-0.44082,-41.635,1434,177.54
-5.4496,-49.928,1449,176.83
-2.6101,-49.298,1276,149.41
2.7489,-38.851,1260,154.21
5.9845,-29.001,1234,139.99
-0.43313,-26.878,1204,144.92
-6.7002,-27.79,1275,148.61
-2.2933,-37.583,1285,150.55
0.22462,-49.283,1250,148.19
0.33178,-46.788,1178,134.49
-1.8656,-45.698,1145,130.16
-2.7548,-43.279,1163,135.91
-0.090605,-36.273,1187,143.54
3.2172,-31.716,1178,134.53
6.2251,-35.183,1214,142.94
16.477,-35.766,1259,152.88
23.259,-36.705,1309,167.27
20.847,-41.171,1252,155.47
18.546,-50.375,1141,151.81
17.804,-58.988,1050,132.89
19.583,-63.67,1110,150.59
24.673,-63.818,1049,144.04
17.765,-58.497,1103,144.02
9.1247,-54.014,1089,139.02
4.625,-42.905,1085,140.53
0.97278,-33.824,1135,141.57
-6.7655,-26.237,1280,153.98
-14.013,-22.207,1192,148.67
-11.159,-18.433,1063,131.16
-2.4995,-21.234,1213,159.86
4.6712,-29.892,1274,156.74
6.1033,-44.852,1319,159.02
4.5803,-55.889,1261,145.84
1.7272,-48.138,1235,145.18
1.9181,-33.142,1299,151.1
-1.516,-24.836,1269,149.86
8.3613,-24.888,1185,140.82
18.734,-30.756,1247,145.97
23.584,-32.707,1226,157.22
23.072,-32.132,1241,164.73
20.333,-25.179,1185,151.22
20.504,-22.539,1170,140.72
13.781,-27.621,1137,141.64
7.3471,-40.397,1118,137.79
5.5338,-50.606,1133,133.36
4.2586,-58.631,1104,128.22
8.6,-59.745,1071,128.96
8.3537,-59.574,1208,143.39
11.368,-60.595,1356,174.33
14.125,-63.737,1280,166.14
12.458,-62.4,1220,159.9
6.0484,-50.849,1233,158.61
7.0582,-39.974,1217,143.32
11.173,-29.515,1221,145.92
6.5241,-26.338,1159,149.11
7.8432,-24.645,1126,138.17
11.323,-27.192,1179,140.05
18.781,-29.865,1314,149.57
19.767,-36.484,1244,147.15
20.944,-41.587,1259,152.4
20.948,-50.305,1234,153.05
20.556,-60.366,1208,150.24
19.081,-68.438,1232,147.57
17.112,-77.159,1234,151.46
17.944,-79.154,1127,139.08
22.416,-85.3,1141,136.77
21.838,-93.148,1019,127.74
16.66,-94.462,1014,136.75
17.114,-88.901,943,124.7
16.433,-85.755,926,116.98
21.986,-89.17,1043,132.75
25.144,-97.985,1012,133.51
22.824,-105.85,861,119.01
19.952,-107.18,1032,122.43
15.563,-109.7,1065,133.55
22.256,-103.68,1136,154.62
21.923,-101.33,1027,129.16
19.486,-104.59,1030,134.62
17.094,-102.75,1108,139.11
14.995,-101.58,1089,130.49
15.535,-104.81,1098,134
8.4682,-107.62,1165,142
6.2017,-114.17,1141,133.94
3.0564,-115.07,1175,142.86
2.7883,-115.42,1139,135.39
2.4102,-115.3,1146,145.1
4.3544,-118.43,1094,140.62
-4.8103,-118.07,1218,156.41
-15.667,-117.69,1126,141.49
-12.324,-117.64,1072,137.99
2.6456,-120.21,1140,142.83
11.454,-117.54,1043,133.1
3.9321,-127.26,1078,134.52
-3.4754,-134.96,1137,133.72
-3.1413,-146.07,1199,146.71
-4.184,-154.09,1146,151.77
-7.1471,-151.18,1144,148.51
-10.703,-146.07,1037,131.68
-13.344,-148.22,976,123.23
-12.056,-149.66,1036,122.1
-5.7215,-149.11,1034,133.45
0.12973,-144.04,1078,139
6.5288,-144.75,983,126.92
7.8546,-151.49,824,110.64
1.1841,-150.89,696,103.77
-1.898,-154.84,720,106.53
5.236,-156.16,748,101.27
6.7847,-147.91,820,111.67
-1.1092,-138.82,1024,137.54
-8.3069,-140.36,1130,149.64
-7.5044,-143.15,1175,140.11
2.0029,-151.06,1142,140.57
3.2374,-162.12,1112,137.93
2.7501,-173.46,1089,137.78
3.669,-184.07,1104,150
1.5198,-196.7,1056,142.01
-0.23621,-206.27,1060,149.06
1.4167,-211.25,1127,164.78
2.3381,-212.7,1087,153.5
-0.13404,-212.74,1010,122.42
-0.21168,-212.74,1083,132.27
-1.4207,-216.61,1074,132.38
-4.849,-224.07,1111,134.12
-12.678,-230.56,1110,145.92
-22.865,-241.47,1042,130.69
-27.071,-250.62,941,122.99
-26.178,-255.87,769,107.22
-27.83,-261.43,499,84.687
-25.614,-262.4,649,97.191
-21.828,-256.48,868,112.85
-24.375,-258.09,944,123.68
-17.867,-262.98,994,120.34
-16.263,-266.88,1001,130.12
-15.258,-268.73,955,121.55
-14.65,-272.13,1022,131.1
-13.009,-271.01,948,122.34
-11.168,-269.42,984,127.96
-8.9851,-274.34,958,121.4
-1.1662,-276.45,942,119.41
4.5282,-282.56,844,114.24
8.8374,-287.68,733,107.41
12.836,-295.56,802,112.57
18.432,-302.44,756,105.55
21.708,-307.73,558,90.112
22.202,-312.66,533,84.273
21.576,-313.12,614,91.684
18.42,-311.26,637,96.662
19.369,-310.8,671,102.45
20.807,-318.08,829,110.89
16.719,-317.33,821,111.28
17.741,-312.72,832,110.71
16,-307.95,878,122.16
16.737,-304.88,867,115.09
18.965,-310.71,898,122.23
12.545,-312.94,988,118.31
8.2129,-316.62,906,114.08
3.7312,-312.31,974,127.36
4.7487,-302.4,1002,139.93
2.7211,-295.35,1042,136.38
10.185,-297.99,1062,143.5
16.35,-306.23,1047,129.71
18.582,-321.96,1035,124.1
13.774,-324.05,997,125.88
15.437,-322.63,1015,134.12
15.096,-317.95,992,134.11
23.622,-321.65,954,121.49
23.998,-325.77,859,114
23.995,-327.55,903,113.13
23.694,-327.91,876,114.51
22.868,-325.66,918,117.19
19.244,-328.74,926,125.98
24.413,-323.86,867,113.84
26.691,-322.32,757,107.56
28.733,-319.15,913,120.98
18.425,-318.4,993,126.45
13.946,-319.1,1091,137.9
12.97,-324.27,1031,124.2
9.747,-326.3,1049,135.57
-0.43663,-317.49,1009,129.43
-1.2829,-322.63,979,133.17
-2.1695,-323.78,1039,128.7
0.17316,-321.33,1051,122.27
-1.7522,-324.48,1030,124.18
-4.8884,-325.28,1041,142.73
-5.2422,-331.35,1019,123.93
-11.759,-329.48,1014,123.05
-15.02,-329.51,999,132.26
-8.6526,-332.5,1050,143.74
-5.1716,-329.17,1030,134.3
-9.0408,-329.67,1020,130.88
-6.125,-328.74,971,120.51
-6.1878,-328.47,1012,128.01
5.1128,-328.91,1060,131.45
19.035,-325.69,993,123.32
25.433,-325.6,1001,132.28
22.494,-329.36,993,121.65
22.468,-331.11,985,121.08
28.662,-327.16,930,120.39
30.59,-329.15,902,125.9
25.817,-333.69,912,118.25
24.954,-329.03,917,118.73
24.391,-329.89,925,118.36
26.383,-327.46,960,126.82
27.577,-330.94,936,113.62
21.997,-334.62,975,123.95
26.576,-331.53,1045,136.91
25.314,-335.58,978,125.92
20.75,-330.45,1022,130.63
21.026,-328.27,1075,149
26.577,-331.05,1035,121.08
33.174,-326.94,913,115
39.545,-332.59,796,107.32
40.634,-331.19,781,106.41
45.176,-339.15,792,108.22
47.27,-341.86,939,117.93
53.632,-347.91,912,116.01
58.399,-351.71,813,114.28
61.462,-350.93,814,114.77
50.262,-351.44,915,129.97
42.162,-345.32,907,123.57
50.624,-349.28,982,140.73
42.039,-347.44,1023,138.04
30.257,-343.1,1051,132.55
37.214,-337.21,974,122.88
47.387,-340.97,1104,146.12
53.259,-354.28,1039,127.88
51.433,-354.4,1013,129.06
48.378,-362.61,1034,132.89
43.671,-366.35,1004,141.92
40.996,-364.59,1040,129.36
35.666,-361.43,1007,131.3
38.935,-366.31,954,124.52
39.69,-361.49,1047,139.31
32.951,-364.68,1040,129.72
28.996,-374.1,927,112
30.515,-375.2,929,123.18
27.955,-378.48,1003,126.68
26.505,-372.82,993,122.42
31.612,-367.11,962,126.92
41.808,-363.48,881,117.92
50.78,-362.24,890,119.98
52.501,-361.63,879,116.9
50.236,-365.96,839,107.71
51.833,-369.15,940,120.84
55.325,-360.99,992,126.11
64.713,-348.23,1017,129.31
58.826,-343.97,1047,144.26
58.753,-337.94,989,128.92
59.938,-352.09,1050,146.09
68.627,-364.34,1084,150.34
72.975,-364.77,1015,139.58
62.884,-371.25,1050,147.05
65.177,-373.93,963,133.67
68.621,-372.26,1018,135.25
58.893,-382.18,1088,147.75
57.727,-389.97,1028,152.16
63.685,-394.08,1090,143.17
64.198,-397.28,1114,148.98
63.901,-399.02,1096,142.5
63.451,-398.68,1073,136.24
51.315,-395.38,1089,133.4
51.163,-392.44,996,119.92
52.151,-397.12,1088,137.99
49.602,-399.26,1105,131.42
49.409,-399.35,1052,126.65
46.079,-401.68,1059,142.45
56.437,-403.02,1059,136.49
46.255,-403.42,1041,143.98
41.887,-407.52,979,130.62
38.862,-406.82,886,114.24
41.313,-410.12,858,116.48
37.813,-410.21,897,117.72
37.086,-414.54,746,109.89
37.016,-410.49,854,124.91
34.424,-417.24,699,100.62
33.985,-417.33,679,98.076
38.763,-416.5,701,99.788
49.189,-412.41,902,113.97
56.844,-408.19,930,128.56
67.524,-396.72,955,128.79
71.518,-403.68,860,115.38
59.993,-410.63,917,136.09
49.693,-416.44,692,110.49
39.915,-420.01,521,101.45
45.665,-417.86,579,92.634
46.997,-417.29,613,96.298
45.279,-418.6,526,89.483
37.904,-422.21,326,74.365
42.847,-420.4,478,90.319
48.837,-416.86,750,107.26
49.28,-422.11,439,88.003
46.529,-423.6,332,81.205
45.371,-418.23,554,93.776
51.92,-415.14,670,100.79
56.301,-417.69,670,100.75
58.053,-418.98,567,101.9
50.3,-419.56,509,88.416
56.008,-420.78,566,97.654
63.579,-416.66,721,104.7
68.12,-415.26,656,103.17
67.644,-416.9,668,108.78
59.518,-420.83,450,88.83
58.957,-424.63,220,74.059
53.143,-422.23,408,83.909
53.953,-421.01,573,96.364
59.218,-418.67,543,99.143
62.042,-419.84,625,101.14
65.131,-418.89,629,101.45
65.706,-417.73,564,97.687
64.843,-418.53,668,100.02
67.505,-420.47,547,101.17
64.218,-417.99,548,104.72
72.989,-413.08,886,122.46
70.629,-414.36,800,133.13
67.221,-423.7,319,89.351
61.151,-426.29,139,67.782
59.727,-430.33,992,134.35
60.929,-437.19,988,132.75
57.102,-435.57,922,126.27
59.623,-436.31,899,120.71
54.22,-436.38,935,116.14
41.796,-433.77,886,117.41
41.382,-421.88,913,124.19
42.677,-425.94,1034,127.27
39.637,-423.77,1048,142.89
37.985,-428.07,945,135.54
37.017,-432.97,852,115.79
36.617,-436.01,671,107.33
33.446,-432.04,431,89.045
31.446,-431.52,287,72.323
31.65,-432.89,255,63.416
32.608,-432.08,266,69.478
34.234,-432.08,285,79.7
35.525,-432.24,363,91.576
35.416,-429.9,506,108.65
33.909,-429.93,691,120.88
34.087,-425.5,768,110.35
37.976,-426.93,770,106.31
41.922,-425.71,964,122.85
46.923,-431.74,1027,130.96
45.607,-436.91,1040,133.89
44.579,-440.26,923,113.88
42.134,-445.3,965,127.27
49.824,-446.22,1009,133.27
53.831,-449.43,975,137.02
53.807,-452.23,900,126.8
56.663,-454.1,912,128.42
52.536,-455.12,960,135.01
48.079,-455.17,939,128.52
59.753,-455.33,979,126.71
60.11,-454.87,950,127.97
60.957,-459.09,922,125.73
66.125,-459.46,943,139.2
58.261,-463.13,912,119.31
69.274,-465.86,952,124.61
67.775,-473.51,924,125.98
68,-470.66,1012,126.09
66.401,-470.65,999,136.71
62.844,-475.56,1024,132.16
62.558,-476.94,1043,129.26
54.791,-469.59,1008,140.78
55.134,-475.6,998,131.68
59.521,-486.53,1001,125.82
55.121,-489.02,975,128.58
49.598,-491.65,964,123.37
44.211,-496.2,944,119.99
35.187,-489.76,881,125.55
36.855,-490.44,898,122.72
35.018,-495.84,936,118.36
41.473,-491.95,963,126.91
42.21,-490.08,991,132.66
38.769,-493.1,1026,138.64
41.727,-495.62,1062,133.94
39.093,-493.1,1033,129.96
41.622,-489.15,1229,148.75
43.054,-487.48,1296,151.73
43.508,-487.55,1339,180.34
44.87,-486.54,1354,183.05
44.721,-485.76,1430,171.46
45.145,-485.69,1443,185.31
45.59,-485.52,1437,179.42
46.372,-485.16,1477,174.83
46.28,-484.63,1488,202.74
45.249,-484.84,1468,188.73
45.946,-486.54,1423,199.76
48.074,-486.35,1321,173.48
49.262,-486.74,1228,156.35
46.272,-484.73,1179,144.76
42.811,-487.94,1225,143.89
39.542,-490.26,1265,158.54
39.803,-487.76,1526,175.92
39.384,-489.27,1581,200.05
39.198,-489.2,1550,221.34
39.988,-490.36,1520,241.52
39.716,-488.97,1498,182.81
39.911,-487.91,1434,184.66
40.025,-489.09,1413,174.7
40.921,-489.09,1376,182.97
41.368,-488.93,1419,175.46
40.598,-488.4,1445,180.53
42.608,-489.07,1404,173.88
43.286,-489.66,1375,156.32
42.618,-487.12,1439,176.12
43.05,-486.49,1363,152.49
40.018,-491.72,1343,157.18
43.276,-492.51,1315,154.76
39.656,-485.2,1345,164.19
43.173,-485.03,1351,162.89
46.176,-489.85,1356,165.69
45.959,-491.95,1441,161.36
45.24,-490.56,1516,205.19
45.552,-488.6,1537,233.56
44.56,-489.13,1484,241.33
44.599,-487.93,1529,234.29
44.047,-487.93,1542,198.48
43.285,-487.8,1508,185.39
41.428,-488.47,1483,179.51
41.292,-487.22,1486,185.63
41.747,-484.85,1420,179.13
41.838,-484.54,1378,169.49
44.651,-487.19,1309,164.39
44.286,-487.41,1323,159.11
43.42,-491.28,1313,160.91
42.596,-493.63,1368,166.23
40.324,-491.01,1336,169.01
41.185,-484.42,1268,153.44
46.887,-491.12,1280,148.68
44.768,-498.05,1295,160.44
39.095,-493.4,1401,189.31
34.57,-490.31,1404,165.13
38.957,-490.51,1429,216.63
42.605,-492.89,1489,181.52
41.838,-491.43,1456,180.87
39.183,-492.95,1485,188.43
38.748,-493.08,1516,181.55
37.229,-498.14,1447,168.69
37.178,-493.34,1517,171.25
45.257,-494.13,1444,174.67
40.349,-493.49,1454,186.15
34.412,-496.9,1490,186.36
42.625,-500.44,1473,204.94
36.962,-495.56,1494,207.77
30.411,-494.49,1450,190.54
37.464,-499.22,1471,187.1
37.891,-501.76,1478,182.84
37.029,-496.38,1482,190.23
35.494,-495.68,1427,188.57
39.728,-497.96,1379,176.61
41.614,-500.34,1361,148.95
41.705,-497.49,1261,168.79
45.828,-494.92,1362,160.46
40.888,-493.14,1396,159.13
42.247,-492.37,1573,209.01
43.827,-492.19,1357,249.19
45.26,-490.12,1181,246.42
44.051,-490.19,1374,322.02
42.821,-491.47,1416,298.48
41.051,-493.46,1530,229.05
41.725,-492.17,1483,259.11
41.61,-492.76,1497,253.06
42.307,-491.05,1459,259.07
42.41,-492.92,1532,210.41
45.37,-494.23,1549,195.88
44.648,-495.65,1472,185.04
39.606,-498.22,1435,174.32
40.183,-495.54,1396,173.56
41.352,-492.97,1399,171.99
41.729,-494.17,1474,171.44
40.246,-492.33,1553,193.57
39.509,-492.37,1620,194.66
39.222,-491.39,1646,238.58
38.355,-491.32,1587,225.62
37.389,-491.36,1595,244.53
38.427,-491.24,1600,217.08
38.588,-490.52,1550,194.01
39.644,-490.19,1548,218.39
41.725,-488.39,1538,209.67
40.416,-487.7,1542,198.53
38.882,-488.71,1512,191.04
40.752,-493.23,1473,194.62
39.975,-495.16,1383,173.98
36.412,-492.99,1334,166.96
38.57,-490.17,1302,161.48
41.025,-485.16,1277,168.6
42.738,-491.06,1266,178.12
40.09,-499.39,1362,186.7
38.39,-501.06,1355,162.31
34.257,-501.15,1291,165.81
31.265,-497.13,1350,170.95
35.215,-493.32,1336,178.94
42.415,-497.04,1334,161.47
43.869,-503.92,1353,172.72
35.723,-507.24,1332,202.98
35.178,-507.29,1363,194.48
38.182,-501.6,1450,198.12
44.002,-499.93,1491,214.47
43.733,-501.24,1490,221.63
39.582,-508.15,1385,178.29
39.106,-508.36,1375,187.1
36.905,-510.06,1373,189.11
40.057,-505.19,1320,169.99
32.283,-495.41,1341,209.53
33.294,-492.22,1322,169.04
48.489,-496.27,1278,167.75
48.215,-502.91,1274,168.42
41.601,-504.33,1252,159.09
33.382,-501.84,1223,164.31
32.564,-503.51,1117,144.28
29.512,-504.84,1228,151.67
27.474,-498.25,1241,157.02
35.174,-494.07,1325,174.42
30.012,-496.62,1247,188.05
31.642,-507.04,1214,154.7
30.582,-491.35,1267,183.86
27.642,-492.45,1161,182.5
24.748,-510.1,1217,171.1
16.085,-516.38,1244,167.38
12.79,-522.77,1283,195.47
9.4446,-535.16,1256,189.29
2.8716,-546.07,1249,170.58
-0.64176,-559.57,1220,191.3
-1.3965,-574.79,1157,170.27
1.2865,-589.02,1158,170.45
2.2734,-602.68,1180,161.65
6.5458,-615.79,1132,150.39
10.132,-628.47,1119,149.77
13.098,-640.82,1020,132.95
10.571,-650.21,1043,141.72
4.2107,-656.56,1048,154.68
-4.8,-666.63,1062,151.52
-15.838,-676.71,1061,156.82
-24.064,-686.1,1039,176.68
-21.031,-685.22,1110,170.24
-27.585,-690.28,1041,145.65
-35.508,-700.01,987,137.23
-37.084,-692.41,1032,140.58
-40.559,-690.78,1053,144.34
-32.512,-681.27,1049,147.62
-18.166,-675.17,1050,164.32
-2.6253,-673.79,1078,157.82
2.4638,-666.11,1051,162.53
7.0712,-665.84,1011,136.95
11.012,-652.2,973,144.03
10.43,-640.78,934,134.61
16.803,-644.69,814,116.25
19.135,-655.85,805,114.48
19.409,-654.62,801,114.01
6.6208,-666.95,1016,151.61
-4.9015,-682.52,969,133.32
-9.6503,-688.49,928,142.07
-16.428,-696.28,772,119.05
-27.996,-703.62,729,112.57
-37.353,-705.1,871,122.44
-38.839,-700.09,959,136.49
-41.85,-689.85,986,136.66
-36.132,-684.98,1004,136.39
-29.126,-680.27,908,126.71
-16.316,-671.87,935,136.65
0.37164,-664.55,985,142
10.66,-653.56,1034,149.72
20.049,-650.24,927,141.24
31.906,-652.1,849,121.78
37.88,-658.39,668,100.04
29.17,-653.94,735,112.68
20.522,-660.22,861,125.58
11.729,-672.06,957,134.5
9.7249,-681.32,1038,151.85
0.74238,-687.14,989,134.08
-7.0066,-695.34,1006,149.13
-14.576,-703.08,945,126.19
-20.422,-710.52,933,131.59
-25.204,-717.68,836,117.16
-30.581,-721.27,775,122.19
-42.799,-716.5,794,108.93
-37.985,-714.58,882,142.08
-31.102,-724.2,857,136.04
-43.592,-722.3,901,137.05
-36.38,-715.8,915,136.98
-24.8,-721.16,999,148.89
-24.006,-735.41,873,117.65
-29.294,-739.68,759,119.17
-36.326,-743.1,681,101.77
-40.186,-743.07,839,146.89
-46.814,-741.09,894,145.57
-38.659,-740.98,905,140.99
-45.58,-745.59,931,161.57
-47.848,-758.27,830,129.88
-51.859,-767.55,658,127.99
-50.709,-771.32,371,119.85
-48.267,-790.91,908,155.04
-43.691,-801.43,898,155.28
-39.767,-809.25,795,121.31
-43.931,-814.81,824,127.26
-39.998,-813.14,873,137.28
-42.688,-816.15,737,109.08
-49.237,-813.79,806,130.12
-43.113,-815.97,841,119.72
-40.89,-811.41,782,124.78
-42.926,-810.49,740,117.75
-38.022,-809.64,754,112.9
-33.73,-816.89,688,104.55
-28.358,-816.31,559,88.21
-37.703,-816.84,607,98.201
-41.517,-820.52,748,108.93
-31.771,-808.58,763,116.73
-32.734,-819.59,714,108.67
-43.665,-827.64,794,108.83
-37.948,-811.78,843,131.41
-47.574,-812.59,683,110.28
-52.928,-809.96,737,126.61
-57.87,-797.23,728,116.6
-64.495,-784.7,763,116.4
-66.468,-784.5,892,160.41
-58.249,-785.39,846,136.99
-53.834,-795.43,802,137.1
-44.188,-810.17,817,131.89
-42.183,-821.22,854,144.2
-45.921,-835.6,862,126.46
-50.452,-845.05,893,131.9
-50.409,-855.86,819,134.19
-46.212,-859.8,579,121.8
-50.476,-859.64,655,117.4
-42.959,-853.44,843,121.48
-44.188,-853.81,798,120.7
-49.873,-858.41,740,117.32
-46.264,-859.84,806,131.08
-54.118,-862.57,677,116.5
-60.162,-863.05,622,95.62
-60.515,-860.22,650,97.952
-61.053,-857,803,116.72
-59.663,-855.28,886,135.4
-58.177,-854.39,947,146.62
-55.25,-854.35,929,151.21
-52.004,-854.7,864,174.9
-50.841,-853.57,925,166.39
-52.744,-855.84,772,169.49
-57.92,-857.83,710,167.81
-55.393,-860.06,576,157.74
-54.502,-862.31,522,155.05
-48.188,-862.27,598,119.85
-48.059,-860.59,628,115.62
-48.438,-860.82,581,102.38
-44.55,-861.97,648,99.383
-40.685,-860.81,661,109.19
-42.543,-859.78,685,101.34
-47.146,-858.78,748,121.03
-43.927,-863.71,590,100.32
-43.776,-863.83,507,107.6
-34.778,-862.16,623,112.58
-38.912,-864.54,651,143.12
-38.245,-869.2,485,123.64
-33.078,-868.04,438,96.316
-24.307,-863.96,601,110.66
-14.255,-865.25,570,117.85
-15.299,-866.97,442,117
-32.427,-870.5,295,115.43
-23.113,-863.85,524,122.06
-17.473,-863.34,430,112.39
-17.216,-867.07,351,94.571
-22.724,-872.74,165,97.539
-5.4023,-870.8,211,98.946
-19.229,-881.76,949,146.68
-29.059,-888.55,743,112.91
-39.957,-891.5,667,113.96
-35.717,-895.88,661,127.42
-39.887,-905.85,494,131.09
-40.75,-912.11,119,62.473
-40.75,-912.11,119,62.473
