0,-0,103,37.745
-0.42931,-4.4062,73,33.428
0.4894,-4.3617,76,32.229
3.5565,-7.832,59,28.4
4.6118,-7.1048,73,30.244
4.6947,-10.037,80,32.138
5.8072,-10.749,80,33.263
5.5447,-11.299,80,31.65
6.9447,-15.012,70,30.269
5.408,-14.724,71,28.838
3.1014,-14.477,74,30.641
1.8447,-14.199,80,32.667
2.1513,-13.665,75,30.55
3.4947,-13.174,80,31.716
4.4396,-13.472,79,32.783
4.1049,-13.064,73,29.847
4.1066,-12.719,84,32.502
4.4447,-12.974,80,33.635
3.8447,-13.868,82,33.403
2.9544,-16.307,82,32.204
3.0469,-18.881,89,33.734
1.8569,-19.868,82,34.007
2.0787,-19.782,94,37.125
1.8575,-21.253,78,32.014
0.89529,-20.396,79,33.246
1.2386,-21.551,66,26.696
1.7001,-20.708,83,29.806
1.9021,-20.876,87,30.335
1.38,-22.147,99,33.246
1.7827,-21.151,113,35.231
2.8141,-20.016,131,38.911
4.4462,-20.89,133,38.134
2.7454,-21.2,141,39.887
2.1641,-22.035,144,40.532
2.8578,-21.164,152,41.847
4.7854,-19.177,152,42.79
5.8111,-20.43,149,42.244
5.4264,-21.853,153,41.409
4.6999,-20.868,152,41.202
6.298,-19.105,150,41.359
8.7453,-21.201,151,41.566
6.2357,-23.586,156,41.682
4.3542,-22.472,157,42.054
6.3509,-19.23,160,42.517
9.8512,-21,152,42.534
7.4921,-22.894,156,42.674
6.6086,-21.518,161,44.014
9.4408,-19.336,156,42.31
9.7927,-23.079,154,41.682
5.5219,-23.434,158,42.352
10.186,-22.196,161,43.832
8.8904,-24.285,153,41.384
7.3817,-22.877,162,43.46
8.3664,-18.425,161,43.584
10.794,-20.941,158,42.79
7.0509,-24.824,160,43.667
7.2173,-22.394,161,43.824
12.297,-22.008,159,43.27
10.702,-23.839,154,43.046
6.2912,-22.668,159,43.898
8.7036,-21.144,156,42.418
10.781,-23.195,156,43.807
6.9408,-25.689,156,43.005
4.7126,-25.624,159,43.857
5.7042,-22.724,178,46.321
6.342,-22.716,191,49.596
5.9394,-22.991,190,48
6.4002,-23.089,180,47.843
6.3534,-23.483,171,45.577
6.5477,-23.957,165,45.114
6.8943,-24.587,161,47.934
7.3627,-25.244,166,48.612
7.1447,-25.965,170,49.927
6.9388,-25.723,170,49.828
6.4902,-25.178,189,48.488
5.7499,-23.406,190,47.636
4.543,-21.036,179,47.471
7.5396,-22.335,177,48.124
6.7177,-24.765,189,48.025
4.9933,-23.139,222,54.575
4.5903,-22.612,232,54.12
4.7916,-22.713,226,53.657
5.6183,-22.075,190,49.646
5.8277,-21.945,177,48.05
6.0084,-22.161,171,49.291
6.4305,-22.363,169,47.678
6.7406,-22.432,173,48.34
6.9238,-22.612,177,48.621
7.3901,-22.237,176,49.092
7.0609,-23.033,185,49.299
5.7048,-23.404,193,48.612
5.8699,-22.501,198,49.811
7.582,-20.41,198,48.968
8.616,-21.437,223,54.724
8.3791,-22.172,232,53.93
8.2798,-22.143,239,54.6
8.0235,-22.051,246,54.782
7.6878,-21.793,204,50.68
7.0859,-22.918,199,48.091
6.4608,-23.586,198,49.315
5.7818,-24.046,191,50.192
5.1325,-24.753,198,50.175
4.9547,-25.047,200,49.505
5.4772,-24.565,215,50.547
7.0319,-24.288,235,54.608
8.316,-22.118,227,53.674
9.5899,-20.881,212,54.6
9.8496,-22.363,201,51.192
8.178,-24.158,207,50.779
5.2202,-25.062,213,54.021
3.9889,-22.88,201,53.285
7.4542,-21.264,210,50.382
9.4837,-21.617,205,52.408
9.9248,-22.107,212,55.146
10.117,-23.301,209,51.044
7.8352,-24.824,212,49.547
6.158,-23.791,217,52.962
5.8121,-24.291,215,51.3
6.0026,-24.138,209,51.126
4.9691,-24.251,241,54.22
4.4641,-22.434,247,55.361
4.622,-22.838,265,56.353
4.9196,-22.979,267,58.644
5.4803,-22.54,236,54.939
6.1199,-22.424,218,52.334
6.7156,-22.45,217,53.492
6.9738,-22.277,209,51.896
7.5083,-21.934,220,54.418
7.7335,-22.212,225,55.088
8.1166,-21.9,239,57.255
8.8078,-20.858,244,59.116
7.3609,-20.547,246,57.627
6.9401,-22.089,241,56.022
4.1994,-22.838,234,58.04
6.2412,-21.06,232,58.818
8.8038,-22.498,220,52.78
7.3091,-26.417,211,51.044
3.4168,-27.458,215,52.59
3.9455,-25.603,228,54.054
8.7326,-23.235,223,54.484
9.9856,-26.312,220,55.824
8.2224,-27.736,225,53.566
6.6146,-25.019,226,54.997
7.5628,-23.23,220,53.475
8.8266,-22.328,222,52.549
8.5363,-22.999,227,56.097
4.7186,-25.397,238,56.196
3.0877,-24.146,251,57.065
3.7686,-22.572,276,56.841
3.852,-21.984,271,55.89
4.3917,-22.082,234,54.707
5.3093,-22.682,226,54.236
5.3648,-23.217,223,53.541
5.5335,-23.461,225,55.154
5.8359,-24.107,228,54.277
5.5871,-24.697,233,55.807
6.4209,-24.989,236,56.055
7.4564,-25.667,255,56.626
6.5479,-25.705,246,58.594
5.8606,-23.078,251,59.198
6.8709,-22.162,229,54.881
9.6455,-20.705,226,52.433
10.868,-22.856,213,51.672
7.9743,-23.903,216,53.004
5.9525,-23.458,241,55.154
6.832,-22.861,237,57.949
7.152,-24.923,231,54.493
7.5696,-26.546,229,53.186
5.9572,-27.001,231,55.378
6.6729,-25.748,227,54.095
10.976,-23.906,228,56.56
11.502,-27.657,219,54.881
10.035,-27.783,210,52.896
8.7488,-25.735,219,56.188
8.1291,-25.942,218,54.046
7.8493,-26.746,216,56.659
6.4891,-25.141,225,59.289
8.058,-21.754,225,54.368
13.142,-24.249,215,54.873
11.72,-28.527,200,50.407
7.8684,-27.602,211,50.961
5.8895,-24.517,223,56.816
7.074,-24.382,218,53.632
10.821,-26.356,207,50.754
8.155,-30.188,203,53.194
5.1249,-29.167,207,51.515
7.2828,-22.055,210,51.879
12.22,-22.535,208,50.448
11.122,-26.103,220,51.424
8.1204,-26.743,243,55.253
6.4032,-26.808,265,58.363
7.0548,-26.565,257,57.974
6.6396,-25.75,239,56.684
6.5245,-24.822,228,55.741
6.5338,-24.206,222,55.923
6.5666,-23.405,223,55.543
6.2225,-22.962,217,53.558
6.7306,-22.256,228,55.162
6.1425,-21.629,235,56.006
7.1943,-23.128,246,58.553
7.6234,-21.301,235,56.56
5.9242,-23.804,239,58.826
4.9843,-22.386,222,54.575
5.7226,-22.447,213,52.83
8.1233,-26.184,201,49.042
4.6982,-28.758,198,51.424
2.5147,-28.251,197,50.2
6.3249,-23.968,202,49.596
10.916,-24.959,196,48.389
11.819,-28.228,193,50.217
9.0516,-30.123,174,48.141
7.4293,-30.494,195,50.2
5.6656,-28.328,201,51.581
4.0427,-23.273,207,51.714
8.9541,-23.806,201,50.39
9.5787,-28.819,188,49.249
9.2668,-28.747,199,54.997
6.8115,-30.385,181,48.604
3.2841,-31.258,198,50.763
1.5959,-26.723,197,51.416
5.7318,-23.335,195,50.175
11.299,-25.566,196,49.828
13.492,-27.227,190,50.01
8.5199,-32.266,194,51.118
4.2083,-33.45,198,52.061
2.7861,-31.236,205,59.562
2.4427,-23.362,204,55.915
7.0478,-22.768,192,52.871
12.143,-27.202,188,48.215
9.502,-32.129,178,46.594
7.6761,-34.707,178,47.198
5.3562,-34.911,174,50.407
1.6385,-30.426,194,57.04
2.4389,-24.343,175,48.34
8.2125,-26.939,174,49.249
11.217,-30.416,169,45.048
6.2684,-32.165,177,47.611
5.7078,-29.737,168,45.61
6.6976,-28.882,170,44.304
4.6051,-28.617,192,48.116
2.0985,-27.627,197,49.232
3.1254,-27.237,203,49.315
7.5997,-26.477,200,49.803
2.6155,-29.518,192,47.074
7.6568,-26.784,197,50.399
2.253,-29.528,191,48.298
1.2919,-27.124,199,49.555
0.46498,-27.371,187,47.496
4.5272,-26.479,189,47.818
1.5426,-26.544,192,47.959
5.627,-28.84,193,48.794
2.3548,-27.586,198,49.274
4.1037,-28.285,193,49.828
1.7542,-30.84,188,47.496
1.3798,-28.785,185,47.43
3.0895,-26.481,192,51.308
4.9769,-32.739,189,49.828
5.4977,-29.464,196,49.712
1.9157,-27.076,183,46.677
8.5007,-29.347,189,46.834
4.1663,-27.963,199,49.621
3.7341,-31.004,199,49.828
1.9919,-28.764,197,50.473
3.7177,-29.723,189,47.471
3.992,-24.712,190,48.24
5.2479,-28.66,186,46.71
4.2949,-24.266,191,48.794
4.6253,-31.04,196,47.934
2.8908,-29.545,195,47.454
1.627,-31.98,193,48.579
2.0393,-26.293,185,48.877
6.7297,-30.129,174,45.445
6.4121,-34.876,178,46.561
4.6599,-31.606,184,49.274
2.5435,-30.009,166,44.08
3.0962,-31.336,163,45.42
4.7976,-34.094,170,45.238
4.8613,-31.167,180,47.587
3.6935,-28.792,172,44.965
3.3595,-30.913,169,43.824
5.8447,-29.496,173,44.841
8.9558,-25.395,180,44.866
9.6147,-25.612,187,49.348
11.258,-27.674,191,48.05
14.406,-26.328,187,46.065
14.703,-22.295,183,47.777
12.054,-20.979,177,46.388
12.878,-24.947,182,46.338
15.546,-27.916,184,46.338
18.092,-29.546,182,46.272
12.945,-28.984,180,45.006
5.8198,-32.388,201,51.16
3.253,-28.135,191,47.934
11.163,-27.667,182,46.073
14.398,-33.355,179,46.718
11.855,-34.188,189,48.811
4.7647,-31.422,200,51.697
2.9756,-25.633,191,48.091
5.6806,-25.986,195,49.762
12.329,-29.785,190,47.082
10.937,-36.374,185,46.735
9.3007,-36.403,182,46.437
5.6528,-33.205,172,46.371
3.1356,-33.709,165,45.23
7.9883,-32.378,188,50.837
14.747,-32.606,185,48.05
16.334,-33.386,182,47.678
11.033,-34.695,181,49.34
7.912,-34.316,193,52.342
9.0699,-39.436,182,47.678
6.9611,-42.956,189,49.092
4.4911,-46.672,181,48.025
2.1743,-49.513,182,48.786
-0.80703,-50.37,178,45.296
-2.3472,-49.385,172,47.661
-2.1732,-50.534,168,44.982
-1.2008,-49.953,176,45.809
-3.4194,-50.848,178,46.462
-4.1011,-51.967,166,44.452
-4.8476,-51.215,169,44.105
-3.6583,-49.506,171,45.238
-3.4635,-51.862,172,45.701
-4.616,-49.016,178,45.817
-6.3788,-53.075,179,45.577
-8.3808,-52.496,173,45.792
-6.5865,-49.48,167,43.923
0.59466,-53.885,172,46.065
-5.7922,-54.927,168,45.122
-7.832,-54.546,167,44.568
-4.9372,-51.236,165,43.063
-0.53339,-57.441,164,44.742
-5.2323,-60.124,156,41.938
-7.333,-58.77,152,42.699
-6.5656,-58.015,156,43.319
-4.7295,-55.502,155,41.202
-1.8496,-57.083,157,43.766
-3.7781,-59.492,167,43.526
-3.9987,-58.347,166,44.568
1.5036,-56.23,173,45.61
1.2384,-61.537,160,42.972
-2.3783,-62.274,157,42.418
-3.2268,-62.131,154,41.872
-3.2506,-60.265,147,41.359
-2.74,-56.858,130,38.754
-2.3162,-54.745,143,40.805
1.2759,-55.112,160,43.253
6.9659,-54.266,165,43.807
6.9796,-55.458,163,42.972
5.68,-56.859,170,44.411
3.0607,-60.235,162,42.426
1.0507,-60.2,165,43.824
1.9697,-57.012,160,43.162
6.0009,-56.474,160,43.154
6.7384,-58.68,160,42.492
5.5998,-62.319,147,40.549
4.3482,-64.626,141,39.904
3.6803,-63.105,146,40.995
3.5313,-63.465,150,42.426
3.6972,-62.169,156,42.79
0.37227,-59.722,163,43.543
-0.935,-55.295,177,46.404
-2.6614,-47.514,164,44.824
-4.9956,-45.05,169,44.75
-6.022,-46.701,180,47.107
3.1633,-44.046,182,48.306
9.4405,-41.14,193,48.877
5.719,-43.025,191,49.158
1.0972,-41.091,198,54.691
-0.69534,-46.027,200,56.841
1.1884,-42.612,192,50.928
-0.95436,-47.19,204,51.465
-1.4722,-46.087,202,52.16
-0.49893,-46.355,195,50.01
-0.85534,-47.672,200,51.35
-2.6058,-46.275,202,51.226
-6.7365,-48.732,191,47.504
-6.8445,-48.886,193,47.223
-8.2066,-52.037,195,51.019
-9.3168,-52.773,192,47.934
-9.9841,-52.877,181,45.486
-10.556,-52.436,182,45.676
-11.05,-49.816,181,46.429
-11.266,-51.123,180,46.718
-12.312,-53.237,179,46.437
-12.076,-51.408,177,45.511
-11.364,-50.725,177,45.42
-12.223,-47.888,177,46.346
-12.806,-53.345,169,45.329
-10.692,-50.126,179,48.414
-11.604,-50.39,176,46.346
-11.597,-51.507,172,44.94
-10.885,-52.422,174,45.213
-13.527,-50.169,167,44.171
-11.043,-49.499,160,43.071
-7.3598,-48.346,181,47.727
-8.6797,-50.141,185,47.562
-10.31,-51.324,181,45.511
-13.563,-52.652,174,44.684
-13.063,-51.565,173,45.395
-10.611,-51.151,180,46.917
-11.838,-48.264,167,46.462
-6.9706,-42.443,184,50.473
-6.7596,-34.676,187,49.34
-9.0915,-27.441,188,49.919
-13.873,-23.215,184,49.977
-17.616,-22.808,178,51.424
-21.446,-22.2,158,46.619
-25.011,-21.46,152,42.98
-25.909,-23.091,146,48.232
-28.703,-22.72,148,45.122
-27.387,-22.987,168,51.027
-24.623,-23.331,171,50.01
-24.234,-24.618,166,45.718
-26.675,-24.872,177,48.323
-24.479,-20.169,167,45.519
-22.274,-20.124,168,50.035
-23.076,-23.661,163,46.437
-26.658,-21.83,165,45.213
-24.359,-21.74,172,44.295
-24.876,-22.065,172,45.949
-24.426,-21.493,185,47.074
-24.317,-21.757,186,46.594
-24.508,-22.14,176,45.188
-24.676,-22.304,169,48.885
-24.933,-22.625,153,48.877
-25.041,-22.471,149,47.082
-25.323,-22.632,149,45.883
-25.612,-22.877,162,48.397
-25.676,-22.897,196,53.409
-26.014,-22.519,226,56.08
-26.521,-21.294,230,58.594
-26.87,-23.335,210,55.898
-26.25,-22.173,212,57.792
-27.515,-22.042,200,56.014
-22.943,-21.187,212,56.659
-24.099,-21.508,213,56.957
-23.919,-23.665,207,54.782
-24.94,-21.504,204,49.704
-24.676,-19.744,196,51.49
-22.714,-22.248,220,58.661
-27.169,-21.781,219,56.957
-25.433,-21.553,223,52.714
-26.554,-24.701,213,51.788
-25.462,-23.071,209,53.268
-22.662,-23.078,223,55.063
-21.204,-21.767,225,57.296
-24.137,-21.365,223,53.376
-22.42,-20.297,219,56.891
-23.977,-20.301,219,54.335
-22.781,-23.171,211,54.583
-24.136,-25.876,204,51.027
-26.711,-23.455,198,50.076
-24.432,-18.898,199,50.134
-21.469,-24.645,182,46.528
-25.33,-24.699,195,49.944
-25.107,-21.516,229,54.211
-24.771,-20.443,237,53.591
-24.604,-20.84,232,53.012
-24.332,-20.593,215,50.82
-24.091,-20.746,186,48.281
-24.049,-21.07,170,47.355
-23.941,-21.32,168,47.727
-24.103,-21.583,173,47.851
-24.172,-22.237,184,47.173
-24.44,-22.698,197,49.712
-23.728,-23.903,206,51.234
-23.612,-22.107,210,54.972
-26.075,-20.896,211,54.426
-26.512,-17.596,196,51.433
-24.919,-18.939,165,46.528
-23.661,-21.466,178,46.991
-27.26,-23.952,182,48.67
-28.579,-20.25,191,50.175
-24.852,-17.926,191,50.845
-21.693,-22.22,199,51.143
-25.548,-24.617,201,50.87
-27.796,-21.932,203,50.018
-25.17,-22.121,206,51.217
-24.233,-24.675,205,51.763
-27.672,-20.328,215,54.873
-24.285,-18.987,224,56.543
-23.988,-20.634,221,56.659
-26.293,-23.129,226,55.22
-26.023,-20.881,212,57.188
-22.681,-24.058,215,53.45
-26.783,-26.635,212,54.856
-24.746,-21.163,203,51.027
-22.02,-20.883,214,55.129
-24.585,-25.757,214,54.484
-26.629,-21.93,207,52.962
-23.358,-19.121,222,57.04
-23.146,-26.451,218,59.19
-25.667,-23.161,211,52.532
-21.127,-19.696,214,55.568
-22.039,-26.558,206,56.006
-25.291,-26.215,199,51.143
-26.5,-17.602,209,52.598
-23.958,-21.492,193,49.414
-22.328,-25.42,203,49.803
-29.791,-22.034,192,47.843
-22.883,-22.773,198,50.481
-24.788,-22.452,188,48.67
-28.048,-21.646,205,51.771
-26.882,-21.262,223,53.194
-26.587,-21.903,213,51.325
-26.01,-21.827,214,51.515
-25.686,-21.588,215,52.623
-25.321,-21.642,199,50.663
-25.32,-21.359,194,49.249
-25.744,-21.019,204,50.771
-25.861,-21.078,221,52.739
-26.406,-20.473,231,54.733
-26.386,-20.418,243,54.501
-25.844,-21.998,241,55.642
-24.363,-23.529,231,53.748
-24.76,-24.532,225,54.459
-28.211,-23.77,215,52.226
-25.31,-21.114,201,51.217
-22.722,-25.72,203,50.853
-26.735,-26.76,202,51.234
-27.01,-20.672,214,54.848
-23.942,-21.458,202,50.721
-25.739,-25.898,192,48.761
-29.221,-25.511,199,52.524
-25.202,-22.757,214,56.097
-22.878,-24.394,202,52.987
-27.274,-25.626,203,51.399
-28.634,-25.968,213,61.282
-24.63,-24.612,200,54.575
-25.934,-24.787,194,51.027
-26.165,-24.056,207,55.758
-25.297,-20.212,205,55.617
-21.727,-23.049,208,53.657
-20.553,-28.389,216,54.418
-26.224,-24.246,205,53.268
-27.54,-17.612,200,51.019
-22.34,-22.036,184,49.067
-24.832,-27.945,195,50.473
-28.055,-20.956,209,56.518
-22.756,-19.41,198,53.632
-22.058,-26.185,185,48.033
-27.553,-25.627,196,51.515
-27.511,-19.574,211,56.585
-24.224,-25.695,205,52.987
-26.562,-27.879,187,45.949
-28.229,-21.439,203,54.6
-23.341,-26.485,205,53.748
-30.001,-26.637,195,52.036
-28.25,-22.661,201,53.376
-25.222,-20.042,195,51.598
-28.057,-22.106,194,50.101
-28.66,-22.344,194,49.464
-28.107,-25.463,209,53.268
-26.549,-21.301,203,52.805
-32.387,-24.998,194,50.308
-27.155,-20.216,187,49.365
-25.952,-24.134,182,46.9
-27.872,-27.298,201,55.824
-25.827,-24.547,201,53.864
-24.671,-23.688,196,49.365
-28.996,-25.367,188,49.257
-24.155,-25.039,192,48.24
-30.047,-24.28,193,50.796
-25.351,-23.771,194,51.002
-24.99,-24.679,194,49.067
-29.08,-26.792,200,54.145
-21.79,-21.172,189,50.217
-23.501,-28.112,182,47.016
-28.179,-24.069,166,44.593
-25.239,-20.378,180,47.471
-24.431,-28.235,178,47.727
-29.503,-23.474,181,47.38
-24.274,-21.677,185,50.101
-21.83,-27.197,169,45.883
-25.905,-29.623,172,47.744
-25.429,-20.813,194,49.646
-21.316,-26.278,174,46.065
-24.284,-24.253,187,49.348
-24.355,-20.865,170,45.056
-21.661,-23.629,170,46.065
-23.921,-23.846,179,49.067
-27.666,-26.661,182,48.207
-21.231,-22.92,172,45.147
-25.992,-24.443,178,47.016
-27.212,-27.767,193,52.135
-28.329,-25.47,190,52.35
-28.888,-27.868,183,50.382
-28.485,-23.48,167,51.077
-28.491,-28.469,161,45.602
-24.57,-20.429,164,46.371
-24.827,-18.495,146,42.674
-26.647,-27.985,177,46.073
-29.224,-24.306,190,52.822
-23.4,-23.644,184,48.695
-29.017,-29.356,188,48.852
-23.867,-21.751,194,56.767
-21.183,-22.666,183,48.339
-25.964,-27.971,178,48.033
-28.579,-24.492,184,51.143
-21.555,-20.449,185,48.058
-26.766,-25.351,180,49.158
-27.15,-17.746,179,48.099
-21.114,-25.43,171,45.676
-22.444,-21.804,166,45.04
-25.321,-27.736,193,48.579
-29.286,-27.31,192,50.655
-31.073,-26.112,182,51.234
-23.477,-25.382,196,52.78
-30.687,-26.259,190,48.885
-24.001,-21.766,175,46.917
-27.249,-25.312,170,50.192
-26.16,-28.411,194,51.515
-28.806,-29.746,186,50.283
-25.994,-28.59,186,50.961
-24.21,-20.235,183,50.539
-22.225,-22.128,157,44.014
-24.263,-25.87,186,49.282
-24.581,-26.241,181,48.116
-18.468,-27.211,192,49.522
-11.719,-27.69,204,57.875
-3.2707,-22.506,208,58.479
2.1262,-16.947,206,56.469
1.7609,-9.5541,191,54.31
0.021131,-3.8737,187,50.837
-3.1042,-1.9128,176,45.792
-8.1276,0.29391,180,46.826
-11.346,0.35464,178,49.133
-16.178,0.34237,174,46.247
-18.367,0.1704,156,45.883
-21.913,-1.8166,161,46.181
-23.527,-0.6437,156,45.833
-17.29,-3.3414,148,44.609
-17.825,-2.9421,115,36.885
-19.215,-6.2498,152,45.693
-18.239,-3.1874,132,41.409
-17.624,-4.221,64,30.434
-17.755,-4.1026,55,26.878
-18.389,-3.8783,60,30.798
-18.37,-4.2545,70,34.809
-19.117,-4.586,78,36.215
-19.952,-4.9043,123,44.502
-21.114,-7.5871,122,40.185
-19.989,-11.494,144,48.19
-21.655,-16.418,150,46.412
-25.787,-21.224,160,48.604
-27.605,-28.599,158,46.255
-26.763,-23.095,153,46.602
-29.226,-21.156,171,49.042
-27.884,-23.832,195,58.156
-28.272,-28.591,197,57.511
-25.842,-25.585,188,54.302
-24.378,-29.378,180,49.067
-21.919,-29.837,182,52.152
-23.401,-23.596,187,51.664
-24.922,-29.373,176,45.701
-26.666,-28.039,194,58.148
-26.971,-29.822,190,54.046
-28.829,-24.31,199,60.414
-30.473,-31.112,186,54.583
-30.107,-25.899,188,57.668
-24.727,-25.54,168,49.183
-27.502,-28.45,173,50.175
-24.109,-18.963,171,48.05
-26.012,-23.837,160,45.9
-22.688,-26.771,169,44.08
-15.167,-28.746,179,51.284
-13.574,-32.695,215,68.883
-10.93,-40.519,195,54.509
-9.5322,-43.436,199,56.105
-15.095,-42.164,181,49.166
-14.55,-44.822,185,54.484
-10.9,-48.132,196,54.881
-13.941,-45.372,196,50.39
-9.1391,-50.39,185,46.528
-6.8271,-60.114,195,51.317
-2.8776,-62.495,198,55.319
-2.8393,-66.881,193,51.672
-5.7132,-71.875,190,51.325
-5.6259,-79.248,187,50.2
-6.1866,-85.549,192,51.3
-6.9095,-92.561,179,49.621
-11.055,-93.464,190,53.682
-5.2925,-95.977,175,45.23
-0.26345,-97.071,185,51.16
3.2468,-103.54,189,51.399
4.7822,-109.96,192,51.953
3.0609,-116.8,185,50.01
1.1495,-121.8,187,51.532
0.24239,-127.84,176,46.553
3.0361,-130.4,188,59.818
3.8398,-137.2,204,62.258
5.2177,-145.35,193,58.958
2.5095,-152.12,182,53.814
-0.48261,-155.25,165,48.976
-2.6553,-155.58,160,45.147
2.5113,-158.13,174,47.562
2.1423,-159.15,168,47.744
0.03803,-162.38,181,50.01
-3.9887,-161.36,186,50.638
0.12307,-164.08,176,47.38
-2.5661,-167.02,168,46.156
-6.8772,-171.61,169,47.19
-9.5921,-176.75,174,47.504
-11.366,-183.77,166,44.56
-13.065,-190.44,177,46.718
-16.487,-196.06,166,45.42
-17.816,-197.39,180,53.219
-12.669,-193.15,177,51.118
-13.259,-196.96,145,43.832
-13.4,-201.41,151,42.98
-13.441,-203.71,168,47.363
-12.742,-207.15,133,38.845
-16.577,-207.6,147,40.598
-15.102,-208.47,151,45.858
-19.047,-207.7,129,38.754
-12.352,-205.41,132,40.342
-7.9364,-208.46,137,39.606
-11.811,-211,119,35.57
-11.636,-208.81,129,37.952
-8.6368,-206.11,108,34.47
-7.5934,-207.39,121,36.612
-11.314,-210.62,88,31.559
-13.397,-209.16,87,33.982
-13.343,-208.17,112,42.029
-9.2462,-201.9,165,46.743
-7.8366,-203.86,160,46.073
-9.9908,-198.33,158,43.741
-12.715,-192.34,168,48.521
-9.286,-189.08,176,48.877
-14.076,-192.38,163,47.082
-13.889,-194.96,169,45.478
-16.983,-196.81,168,46.636
-17.537,-196.49,165,46.371
-18.989,-195.37,156,43.071
-21.626,-200.26,155,42.997
-20.089,-199.93,150,41.872
-22.758,-198.13,141,41.268
-19.243,-203.62,149,42.236
-17.952,-200.16,167,46.454
-22.013,-201.05,162,44.477
-22.691,-204.99,166,44.097
-23.405,-201.92,144,40.739
-18.927,-203.78,162,43.154
-24.277,-204.59,156,43.642
-28.155,-204.07,160,45.635
-32.536,-207.28,155,42.699
-36.155,-208.06,159,43.162
-41.112,-208.38,160,45.792
-42.644,-206.26,172,48.05
-43.287,-206.54,175,46.644
-45.052,-207.12,165,46.073
-50.993,-207.57,166,45.668
-47.772,-210.32,167,47.562
-47.272,-206.86,154,43.46
-46.776,-203.92,161,45.511
-39.008,-207.35,163,44.312
-48.069,-208.15,163,44.593
-46.07,-206.21,165,44.965
-50.039,-206.75,172,48.604
-50.71,-208.53,173,49.985
-56.29,-206.15,178,52.458
-55.793,-208.42,182,56.791
-61.009,-210.96,171,47.446
-62.435,-213.57,154,45.188
-64.131,-214.17,122,42.93
-61.655,-212.73,162,46.503
-61.245,-216.06,112,41.913
-62.385,-216.42,126,39.771
-63.146,-217.41,111,38.522
-64.015,-222.5,163,44.014
-65.039,-220.26,170,45.147
-61.41,-222.2,155,42.046
-64.935,-225.03,163,44.494
-61.923,-221.11,163,45.519
-60.101,-225.66,159,42.608
-66.631,-225.26,151,41.872
-64.085,-220.96,162,44.659
-58.423,-224.78,155,43.824
-57.713,-230.5,156,42.699
-60.041,-230.51,160,44.452
-61.473,-230.48,161,45.238
-56.735,-232.93,160,47.38
-58.065,-237.48,156,43.369
-55.529,-240.47,146,41.665
-55.437,-243.8,156,43.824
-57.111,-244.3,154,42.823
-58.849,-244.1,151,42.534
-54.268,-246.39,161,44.543
-59.399,-246.32,151,45.164
-57.314,-249.98,173,47.636
-60.419,-253.4,168,49.348
-58.796,-250.62,156,43.667
-57.665,-252.52,149,43.005
-61.726,-252.61,156,43.667
-60.622,-248.62,161,43.088
-55.854,-256.03,164,45.8
-63.548,-252.66,161,44.014
-60.653,-255.42,163,44.477
-64.874,-258.89,163,46.164
-62.716,-254.83,177,52.987
-60.636,-258.79,158,45.213
-62.995,-263.15,166,45.974
-64.398,-264.05,165,45.61
-66.377,-266.58,163,47.198
-64.848,-260.55,172,51.97
-66.088,-268.08,159,45.809
-66.517,-266.13,173,48.505
-65.864,-268.2,165,45.61
-67.178,-268.67,155,42.881
-68.153,-267.42,153,43.551
-67.516,-267.7,160,43.642
-70.024,-268.79,157,44.105
-68.296,-269.6,156,42.864
-67.663,-269.47,152,42.583
-69.19,-269.89,152,41.376
-71.833,-270.25,153,41.781
-69.924,-267.75,153,42.426
-72.228,-271.55,157,42.79
-70.679,-267.06,148,40.714
-69.394,-268.72,152,42.674
-69.905,-271.56,153,42.418
-70.084,-267.26,146,41.599
-70.088,-267.44,153,41.748
-71.853,-272.86,149,41.657
-70.761,-267.42,159,43.592
-66.531,-270.48,165,46.528
-70.31,-267.23,160,44.378
-69.524,-265.9,149,41.475
-67.018,-266.38,150,41.202
-65.243,-264.6,155,43.468
-66.942,-262.08,154,44.386
-64.448,-259.3,154,42.302
-62.41,-250.48,171,46.809
-59.26,-245.98,175,46.735
-59.055,-246.27,177,48.877
-57.036,-242.51,180,49.34
-55.194,-236.54,186,54.782
-59.414,-227.17,191,53.103
-61.665,-220.71,192,55.733
-63.747,-217.57,181,50.729
-64.497,-213.09,189,51.796
-63.703,-209.78,170,48.207
-63.625,-217.01,180,52.185
-66.76,-214.04,179,53.913
-63.575,-218.42,181,52.574
-66.614,-217.9,178,52.003
-57.653,-225.04,181,52.532
-53.353,-229.34,184,53.847
-55.213,-227.2,195,55.865
-54.693,-221.64,188,55.733
-50.668,-213.61,199,62.812
-45.582,-202.03,196,56.122
-43.999,-198.47,197,55.344
-46.193,-193.71,193,56.105
-45.631,-185.95,178,53.839
-46.557,-180.27,172,47.264
-48.854,-174.32,168,46.181
-52.762,-167.25,164,44.568
-55.711,-161.28,167,46.272
-58.078,-157.52,179,52.367
-61.16,-152.41,176,48.207
-59.313,-155.99,190,58.454
-62.412,-151.94,183,54.236
-65.339,-146.1,186,54.608
-62.539,-147.82,187,57.784
-64.608,-152.5,185,53.467
-65.543,-144.24,166,49.133
-61.491,-151.62,178,51.879
-62.388,-152.06,186,54.972
-66.754,-146.36,185,52.16
-64.888,-141.96,179,54.12
-60.77,-151.22,186,52.557
-61.517,-152.94,186,52.929
-60.295,-153.67,182,48.976
-62.886,-152.88,177,47.843
-60.083,-155.69,167,47.405
-62.155,-154.7,158,44.403
-65.341,-151.82,160,44.477
-65.585,-147.33,160,44.858
-55.812,-152.5,163,45.023
-50.951,-160.25,164,44.196
-50.709,-163.96,179,50.754
-46.302,-170.02,193,55.063
-47.924,-178.4,187,55.543
-47.845,-181.18,186,56.188
-50.357,-172.87,179,50.316
-46.883,-172.8,182,55.046
-49.608,-162.06,193,55.725
-42.865,-158.8,183,50.01
-36.029,-155.39,176,48.306
-29.064,-151.62,180,48.695
-22.641,-147.32,186,49.249
-18.154,-143.77,185,50.746
-13.332,-137.83,181,48.968
-8.2991,-133.72,191,49.993
-2.2903,-124.35,192,51.399
2.0655,-114.32,184,48.695
4.1106,-103.82,185,50.2
-1.6235,-92.785,193,50.217
-8.6867,-83.241,202,54.219
-7.4148,-75.361,197,51.953
-6.8866,-69.043,211,59.744
-6.5214,-71.439,210,62.291
-11.211,-60.755,207,60.529
-14.674,-54.256,196,59
-20.708,-47.291,199,55.452
-25.999,-45.888,192,54.211
-26.893,-46.151,203,56.651
-29.043,-53.579,191,52.822
-32.213,-59.435,190,55.824
-33.788,-64.966,194,56.543
-34.798,-64.941,185,53.541
-33.442,-65.351,174,48.852
-32.659,-63.697,162,46.462
-34.988,-63.043,146,41.599
-37.132,-65.718,174,47.355
-33.906,-70.396,172,46.47
-35.454,-75.368,125,38.2
-39.417,-78.551,122,38.018
-43.018,-81.535,169,46.892
-47.168,-86.598,177,48.513
-48.754,-90.879,173,48.48
-49.026,-91.556,168,46.9
-47.504,-93.82,160,43.832
-46.721,-95.889,162,44.841
-46.274,-99.834,164,44.775
-44.986,-105.77,157,46.619
-45.146,-110.11,175,51.184
-43.757,-115.75,169,47.934
-41.289,-117.28,149,43.741
-42.401,-120.05,127,40.921
-44.232,-115.48,145,43.832
-44.036,-121.12,146,40.524
-47.28,-124.29,151,43.187
-51.116,-126.42,133,40.838
-54.87,-123.12,132,39.879
-57.661,-122.84,157,45.238
-57.364,-122.28,137,39.978
-56.141,-124.3,138,40.805
-59.134,-126.21,110,35.43
-60.126,-127.31,104,33.676
-61.06,-127.55,106,35.082
-59.886,-126.67,125,37.646
-59.611,-130.14,146,40.714
-63.776,-135.06,129,41.401
-60.819,-144.57,167,46.181
-55.592,-158.06,175,44.659
-50.055,-163.64,190,49.572
-50.948,-169.65,197,51.995
-49.036,-169.88,194,52.615
-44.842,-162.3,192,51.515
-39.906,-155.12,191,52.003
-31.969,-148.91,191,51.879
-29.721,-142.14,187,52.549
-30.944,-135.61,182,47.38
-30.322,-128.81,178,45.056
-25.552,-124.07,175,45.908
-20.092,-120.07,180,48.447
-16.257,-113.57,185,49.125
-16.025,-106.64,180,48.306
-12.768,-97.4,200,55.154
-7.6348,-88.064,215,57.693
-4.859,-77.52,218,56.287
-2.6114,-68.353,217,55.551
3.8107,-58.676,218,57.858
11.223,-52.269,206,52.574
17.416,-47.135,218,54.484
23.154,-40.876,209,52.896
28.287,-32.777,217,53.26
30.178,-25.715,196,56.469
33.719,-15.63,212,57.403
34.026,-11.676,204,55.642
28.376,-7.9528,201,52.855
24.967,-4.0264,184,47.934
20.804,0.46986,188,50.638
16.813,7.5288,192,48.976
17.139,14.657,196,53.293
18.47,19.112,201,53.103
22.574,24.723,185,48.414
24.593,29.7,199,54.873
28.162,35.435,201,57.346
32.892,43.139,195,53.98
38.326,49.53,200,57.437
44.256,55.56,198,55.427
50.042,61.194,205,58.272
55.293,66.101,191,49.919
58.966,73.535,196,50.134
64.866,78.88,197,54.327
68.85,80.504,162,46.321
68.061,84.189,179,48.687
72.283,89.889,96,38.266
74.985,94.282,198,50.936
79.4,100.53,189,50.076
84.375,103.12,206,53.177
85.363,108.98,210,56.535
90.489,115.14,186,48.587
91.87,115.23,186,51.135
88.768,109.66,204,57.974
82.925,101.38,210,58.471
76.682,93.532,215,62.59
70.625,84.202,238,74.473
64.844,78.923,224,63.548
59.957,73.577,199,54.6
57.485,66.571,207,58.429
58.835,61.255,208,57.585
54.173,58.924,199,55.592
47.938,56.144,209,57.015
42.923,52.724,206,55.733
37.702,47.337,205,54.41
32.819,40.688,205,55.154
29.299,39.362,192,49.82
24.514,32.054,199,53.839
19.715,26.723,215,62.689
17.372,16.015,202,55.733
18.397,6.9578,209,60.232
22.315,-3.775,215,60.571
21.492,-9.3338,201,57.602
20.358,-10.426,200,55.551
19.015,-19.037,225,63.044
21.736,-28.415,216,66.848
24.327,-38.547,220,64.127
23.891,-45.788,220,65.004
24.375,-48.431,215,60.852
24.913,-52.416,200,55.733
24.775,-52.803,203,63.317
26.486,-51.515,202,58.553
23.874,-52.142,193,60.017
23.788,-54.379,179,49.828
22.444,-50.237,199,58.264
20.383,-56.835,183,51.507
20.218,-61.88,198,58.702
18.465,-68.774,203,58.892
14.162,-76.233,198,51.862
9.7191,-83.142,204,52.565
8.9348,-90.4,207,53.268
9.0922,-97.132,199,54.831
8.6385,-105.39,189,51.49
4.4411,-108.67,185,51.143
1.2152,-114.11,208,56.568
-2.1824,-125.01,202,56.915
-2.9877,-135.96,215,64.251
-7.4795,-142.01,206,54.327
-11.33,-150.28,219,60.025
-9.0243,-160.45,212,59.38
-10.852,-167.61,208,57.949
-13.147,-175.31,207,53.004
-14.794,-183.6,209,56.742
-17.769,-191.49,214,58.52
-19.073,-196.43,220,68.66
-16.904,-206.7,203,56.535
-19.492,-211.05,196,55.89
-16.658,-211.47,203,60.133
-18.317,-218.06,183,51.325
-19.503,-225.89,175,49.53
-20.549,-231.51,175,49.348
-22.965,-238.36,176,47.934
-23.402,-244.34,182,53.657
-23.502,-251.75,183,51.283
-23.659,-254.71,179,48.232
-23.517,-260.46,135,43.625
-24.657,-259.12,107,37.53
-24.691,-260.26,74,28.532
-24.575,-261.99,83,31.352
-20.249,-263.88,116,37.555
-21.098,-268.58,123,39.912
-20.796,-269.13,94,32.874
-20.26,-269.21,70,27.912
-20.257,-268.54,80,29.111
-21.171,-268.54,82,29.855
-20.721,-268.99,90,33.635
-22.442,-267.27,100,37.77
-24.298,-269.98,106,35.049
-23.771,-270.75,101,32.874
-21.904,-273.02,93,31.65
-25.367,-271.33,85,30.517
-23.858,-273.78,79,29.111
-23.779,-274.15,107,34.47
-21.987,-273.76,106,33.701
-22.222,-273.73,98,32.965
-20.872,-271.26,121,36.331
-20.555,-271.65,136,39.3
-18.699,-272.56,150,45.42
-12.267,-269.17,144,42.054
-3.3561,-265.74,157,43.807
4.7153,-261.37,161,45.279
12.128,-257.99,171,47.545
20.99,-255.45,162,46.892
29.163,-252.53,162,44.733
37.744,-251.23,164,43.799
45.771,-249.95,165,45.213
53.69,-248.97,173,46.04
61.646,-246.22,180,47.934
69.018,-245.55,176,46.991
76.776,-244.07,179,47.264
84.252,-241.74,183,47.934
89.818,-240.18,191,49.158
96.054,-236.9,187,49.274
100.55,-230.75,193,50.879
104.46,-227.06,209,60.414
110.23,-221.15,197,51.97
115.12,-216.74,205,58.636
120.2,-208.33,203,56.213
121.1,-202.35,206,56.196
122.55,-194.82,208,55.402
123.07,-186.28,203,55.46
124.76,-178.9,205,54.236
126.24,-170.8,197,54.41
126.26,-163.61,204,57.213
126.7,-155.1,196,53.475
127.6,-147.14,205,55.551
127.05,-140.75,200,54.302
124.2,-133.01,195,51.49
120.74,-125.57,196,51.879
116.82,-118.84,193,50.076
114.26,-111.96,199,52.061
110.36,-106.35,192,51.606
104.76,-103.38,198,53.111
107.83,-105.29,200,53.773
108.86,-108.86,189,50.448
111.58,-110,176,46.437
117.74,-113.04,170,47.082
114.86,-114.6,155,44.295
108.91,-109.18,151,41.748
110.31,-106.01,166,45.602
110.58,-109.33,150,44.94
111.19,-113.08,191,49.456
108.71,-115.23,186,47.843
104.84,-115.92,185,48.852
102.56,-116.29,134,41.384
103.5,-115.52,103,37.1
104.26,-116.52,92,35.595
106.93,-116,87,35.479
105.75,-113.45,93,34.462
106.8,-109.31,104,35.785
109.6,-106.09,110,35.297
113.7,-105.67,120,36.521
117.46,-112.12,89,30.724
119.68,-117.96,108,34.164
116.46,-121.48,158,48.803
113.89,-119.63,130,39.308
116.16,-121.75,92,31.377
119.47,-121.98,105,34.578
120.33,-121.97,91,34.834
118.11,-118.11,111,35.115
117.57,-117.06,125,38.109
115.13,-112.81,116,36.149
117.58,-113.93,115,35.851
118.98,-116.24,123,36.885
119.91,-116.65,114,36.885
120.06,-118.7,102,34.363
123.85,-119.33,83,31.468
124.86,-121.39,94,36.422
123.68,-127.76,108,39.912
124.71,-129.1,122,40.83
127.27,-129.72,126,42.219
129.42,-134.49,140,43.088
130.95,-143.25,153,43.005
129.07,-150.87,174,46.371
127.19,-158.81,184,48.331
126.3,-158.73,191,50.498
131.18,-166.39,206,55.137
127.98,-176.65,206,54.368
125.04,-182.86,219,58.065
126,-190.75,208,55.088
125.31,-197.87,221,59.744
124.49,-203.78,208,54.112
120.91,-210.97,220,59.289
117.71,-219.35,217,60.298
116.07,-220.86,217,65.74
117.07,-222.17,212,61.266
112.59,-230.67,207,62.78
108.73,-233.81,211,68.205
105,-240.62,201,57.255
101.07,-244.29,200,58.818
99.867,-245.08,197,54.947
101.61,-245.05,201,56.196
100.07,-248.13,201,55.989
100.33,-245.45,195,55.617
99.07,-245.82,182,49.621
99.807,-246.73,178,48.976
103.8,-246.97,177,48.05
103.12,-253.32,159,44.196
100.83,-256.35,152,42.633
99.562,-261.87,136,40.185
97.302,-262.7,88,38.117
99.584,-255.7,98,40.532
101.11,-256.78,92,33.147
101.59,-258.69,84,31.402
101.04,-257.09,102,34.925
101.18,-252.76,103,37.1
100.77,-254.09,81,29.963
101.65,-254.89,79,30.244
104.63,-255.81,103,35.959
102.5,-251.1,118,38.39
98.421,-251.39,150,44.94
99.706,-253.76,146,41.194
94.978,-252.62,145,43.344
100.42,-251.83,136,41.293
98.65,-253.85,110,34.462
99.796,-253.88,108,34.371
102.81,-252.13,105,33.792
105.45,-247.57,141,41.864
106.42,-249.42,110,36.72
105.51,-249.06,121,37.828
106.71,-241.26,117,36.703
106.45,-236.29,140,42.261
97.741,-233.23,182,48.72
91.889,-239.43,206,53.194
84.323,-243.89,199,55.501
74.872,-247.54,197,53.723
69.593,-248.46,191,51.672
64.349,-251.01,198,55.253
55.479,-249.8,180,47.661
46.67,-249.38,189,54.583
41.461,-250.42,187,54.194
38.607,-251.51,186,52.499
27.706,-253.61,176,50.655
22.021,-256.72,186,55.89
12.102,-259.31,181,57.329
5.3116,-263.57,184,60.894
-2.1849,-269.04,181,58.239
-7.704,-272.6,179,52.855
-3.7154,-272.4,182,56.08
-8.5565,-272.66,171,53.401
-4.4313,-265.79,173,51.606
-3.9892,-259.78,171,56.146
-2.6046,-249.63,165,50.175
-1.9774,-240.74,167,52.317
-1.6112,-233.07,174,50.192
-3.0233,-226.68,151,46.561
-7.2319,-220.89,166,53.211
-18.935,-216.08,187,55.543
-25.402,-206.15,182,55.617
-31.041,-201.04,181,57.619
-41.259,-207.47,184,53.384
-47.348,-206.68,193,55.171
-54.827,-205.57,189,52.251
-60.528,-215.61,196,56.304
-66.347,-227.31,187,59.769
-68.235,-233.94,175,61.588
-70.726,-242.25,170,60.372
-71.415,-252.66,164,51.606
-69.039,-255.81,166,57.006
-63.345,-261.26,163,49.439
-70.08,-258.6,158,47.496
-65.564,-257.62,173,55.088
-60.696,-260.01,168,56.841
-60.061,-259.38,149,45.139
-55.619,-258.13,159,49.067
-64.018,-259.91,171,65.21
-64.375,-267.58,168,54.699
-69.819,-273.73,160,45.726
-73.246,-279.29,144,42.236
-74.746,-283.46,141,42.906
-74.989,-289.57,140,42.302
-74.399,-296.75,141,43.559
-74.839,-299.66,150,49.828
-74.298,-300.34,129,42.608
-76.073,-302.06,82,35.967
-76.591,-300.79,64,32.295
-74.303,-303.11,77,36.24
-71.58,-302.51,66,27.887
-70.103,-305.54,35,24.447
-73.389,-305.42,73,31.468
-73.18,-302.1,87,32.204
-69.965,-301.83,103,35.57
-70.599,-302.63,90,33.817
-73.732,-301.59,100,33.155
-76.282,-298.56,129,41.012
-78.445,-301.84,129,41.268
-80.821,-303.26,123,45.048
-89.732,-303.48,117,41.756
-96.374,-304.17,109,39.242
-100.58,-305.47,102,40.441
-104.83,-308.53,148,48.091
-108.19,-308.76,134,47.223
-108.16,-301.84,156,47.612
-104.69,-295.83,159,49.34
-103.67,-288.25,168,50.63
-102.65,-279.75,169,53.169
-102.17,-271.21,172,54.07
-103.48,-261.54,173,52.689
-104.34,-253.11,179,53.541
-106.33,-243.97,177,51.424
-107.22,-234.88,170,47.446
-108.04,-227.12,173,49.414
-106.83,-224.27,165,48.885
-104.7,-226.32,173,55.898
-103.44,-226.72,168,54.029
-105.65,-235.82,193,63.854
-107.68,-243.6,184,56.692
-106.96,-250.67,170,54.368
-105.23,-254.74,167,52.177
-102.16,-253.86,173,54.534
-99.317,-253.22,176,55.336
-99.029,-259.78,192,58.892
-100.48,-267.55,189,58.677
-102.84,-276.03,182,53.93
-103.32,-281.18,179,53.566
-101.58,-286.18,188,59.909
-102.66,-297.12,189,57.974
-105.66,-305.22,177,50.573
-105.81,-312.7,156,49.084
-105.79,-314.97,113,43.46
-111.56,-323.73,160,49.737
-113.61,-329.26,125,47.752
-113.61,-329.26,125,47.752
