0,-0,165,56.932
-0.19506,-0.16375,167,62.746
-1.386,-3.7008,107,38.572
-0.18547,-0.1667,166,63.672
-0.036434,-0.19874,173,56.924
-0.32197,0.32159,176,57.792
-0.096868,1.8329,178,57.238
0.92296,3.0622,166,60.133
2.3204,2.2891,157,68.188
3.0479,-0.039877,207,59.38
2.5823,-1.5718,208,57.056
0.025253,-1.6121,198,58.173
-2.1261,-0.07959,204,58.983
-1.5212,0.68625,195,53.401
-0.15152,3.3033,209,55.179
-0.9661,3.0649,202,60.116
-0.14969,2.5032,199,59.562
0.86869,1.297,198,53.517
2.3956,-0.38832,218,58.917
4.6407,-2.8715,161,53.194
5.1524,-3.9563,134,52.251
4.3225,-3.7506,154,54.021
3.1121,-3.7616,180,76.508
2.8528,-4.3793,167,56.75
1.8059,-3.6259,192,61.059
1.5723,-2.6727,186,60.852
1.3916,-2.2625,195,66.947
1.9389,-1.17,183,65.327
3.2456,1.0926,179,68.312
4.3898,1.7286,152,64.442
4.3269,-1.0826,183,71.769
4.1175,-5.1862,222,68.568
4.6599,-7.9215,201,71.091
5.445,-10.44,219,61.34
6.1896,-12.231,222,58.338
5.7775,-11.738,214,66.385
5.2121,-10.94,206,67.195
5.7815,-11.505,209,67.005
6.1894,-10.105,220,69.759
4.3504,-7.1796,217,67.518
1.7729,-3.9765,214,56.279
-1.0929,-2.7527,200,52.979
-2.3103,-0.85183,201,52.044
-0.8338,2.6691,196,55.75
-1.6158,4.3703,186,80.18
-1.939,5.2409,139,67.203
-1.6357,4.936,138,69.784
-1.8056,3.7963,113,59.306
-0.41845,4.2254,157,59.099
-0.20406,4.6105,173,63.391
-0.26489,3.0112,174,59.835
-0.99118,2.1899,182,60.877
-2.3411,0.25635,141,58.735
-2.4749,0.83872,131,62.374
-2.6933,2.9174,222,64.177
-3.1843,4.9038,111,92.776
-1.1534,6.9281,238,63.169
-0.61092,8.9158,243,63.689
-2.7031,9.4671,236,61.539
-2.7921,7.1004,238,56.841
-0.61978,5.1807,232,55.038
1.8244,3.2089,245,60.951
1.9713,2.7681,245,59.38
2.0462,0.44642,235,62.465
2.98,-1.6727,224,71.182
4.0361,-5.4474,142,53.79
2.9108,-3.974,156,47.785
3.1226,-3.8618,201,60.505
2.8499,-4.0911,196,60.993
1.753,-2.7045,220,68.759
1.1658,-2.3811,216,68.403
0.65212,-1.9616,225,63.441
1.8232,-1.6588,216,74.738
2.3398,-0.32698,188,82.48
4.4699,0.67102,128,82.471
4.3761,1.8068,244,62.672
5.7425,3.8091,247,62.266
4.6793,4.9789,244,73.489
6.6184,5.2374,256,73.704
9.0765,4.5815,236,75.896
12.011,4.0404,244,78.567
14.752,4.1923,237,79.378
13.228,4.0865,245,84.364
8.3634,3.5458,238,83.943
3.6239,3.7194,255,73.398
0.22379,3.1366,257,64.822
-2.431,-0.7041,255,61.539
-2.6275,0.47073,237,56.998
-2.4909,3.895,229,58.619
-3.0949,6.8317,228,60.05
-3.9907,6.1433,212,54.691
-0.87319,5.7254,211,57.04
1.5877,3.0467,221,62.672
2.5413,1.0145,243,65.169
3.1416,-1.0669,241,92.627
3.2069,-1.6261,193,79.527
3.0047,-0.99638,241,66.319
3.6395,-2.0171,241,67.543
3.696,-2.4268,248,66.137
4.2248,-2.6938,237,66.6
5.1486,-2.66,236,62.217
5.0913,-2.3269,240,62.407
4.9697,-1.071,231,72.141
4.1298,1.1802,170,83.968
3.1095,-0.18984,263,66.981
3.4356,-2.2447,264,69.577
5.1485,-5.3282,267,68.287
5.9834,-9.1378,258,69.048
5.5891,-10.939,252,67.717
2.8529,-8.9095,245,63.027
1.8287,-4.9534,253,63.002
1.0613,-1.014,252,62.316
-0.36642,3.2392,261,65.599
1.8965,5.6543,263,59.934
3.3731,8.2552,236,58.321
3.7269,5.669,237,64.905
3.9766,1.6826,242,61.985
4.7141,-2.109,259,64.714
3.7818,-5.852,251,60.323
2.7025,-10.673,261,65.848
3.1964,-14.014,255,65.144
4.6464,-14.521,251,64.871
3.4773,-13.242,230,70.776
2.3394,-9.9682,220,63.209
-0.01477,-6.5509,238,64.441
-0.94232,-5.2557,259,72.819
-1.1818,-4.6841,264,77.276
-1.3606,-4.0859,213,88.053
-0.66043,-4.8786,204,95.422
-0.98112,-5.1365,207,92.659
-0.81113,3.7769,129,69.421
0.010367,5.5729,114,44.502
-0.29242,-2.2773,220,86.051
-0.27715,-1.2049,233,83.165
-0.22356,-0.021275,241,79.047
-0.25903,-0.1535,208,74.837
1.1877,0.54272,246,62.448
1.5936,-0.066302,249,60.555
0.66423,-2.7494,261,63.623
0.56603,-5.825,243,63.251
2.1462,-7.8006,258,68.188
2.9329,-7.7293,265,63.002
0.054429,-4.7304,260,66.79
-0.9488,-3.3471,261,65.674
-0.14529,-2.2393,263,65.922
-0.67548,-1.3394,258,67.89
-4.2996,-0.32507,256,71.645
-4.7962,0.75466,241,68.717
-2.7748,2.6111,229,75.499
-1.4016,4.9582,233,73.514
-3.4084,6.2826,224,61.828
-5.4268,7.1745,216,56.097
-5.4637,7.2588,219,53.839
-5.5391,7.163,213,54.79
-5.5571,7.0869,208,57.668
-5.4217,7.2944,213,57.42
-4.9152,6.9358,212,57.784
-4.3066,6.9768,214,56.767
-3.2178,6.3133,214,59.504
-2.6258,5.0773,216,57.602
-1.3233,5.1547,226,56.477
-0.92487,4.099,219,54.021
-0.79238,1.7282,222,53.45
-0.66614,0.33162,230,58.892
-2.5921,3.4124,235,61.547
-4.3529,6.0806,223,57.577
-2.4018,8.3505,215,57.685
-1.2784,7.4829,212,59.182
-0.77332,4.4244,206,55.46
0.022076,0.28655,221,58.966
0.19957,-3.8359,239,66.418
0.75058,-6.5958,247,65.74
2.5995,-9.404,253,69.222
1.3781,-9.4055,247,68.94
-0.61046,-8.6405,248,73.058
-0.35414,-6.8334,249,65.88
-2.1699,-3.2865,233,65.003
-5.6457,0.010759,218,63.3
-3.2554,1.7602,231,65.095
-0.99509,2.3678,222,57.048
1.2386,2.0586,227,66.989
3.038,1.3808,224,75.317
3.2793,0.6466,238,71.008
2.3202,-0.20426,222,55.956
0.32919,-2.0581,205,54.608
-0.5233,-4.2064,223,64.028
2.8371,-8.2856,248,69.147
4.8269,-13.779,244,68.006
2.3318,-18.741,234,63.78
0.437,-21.802,209,56.072
-1.5404,-25.207,202,57.271
-4.8281,-29.622,199,61.357
-7.974,-33.38,188,61.357
-11.528,-36.635,185,65.41
-16.761,-40.891,183,66.89
-22.402,-45.167,184,71.025
-28.091,-49.227,175,74.11
-35.013,-52.791,169,72.042
-42.536,-54.256,163,73.307
-48.903,-55.017,157,70.751
-51.552,-54.94,157,72.108
-49.686,-54.977,138,80.717
-45.821,-56.097,151,78.41
-40.448,-58.791,144,59.868
-35.795,-59.918,151,56.395
-35.657,-63.514,145,53.864
-34.369,-65.332,141,48.621
-32.767,-66.914,141,46.082
-30.806,-69.53,168,50.109
-28.934,-73.199,171,46.553
-26.281,-75.071,148,44.014
-24.716,-77.415,167,53.285
-19.977,-80.46,169,49.357
-18.423,-80.769,167,48.124
-14.282,-83.875,178,49.729
-13.481,-83.23,176,55.543
-8.9059,-83.308,178,50.862
-6.2823,-84.284,180,52.648
-8.5339,-86.334,189,58.454
-12.285,-92.932,189,53.682
-14.733,-97.997,182,52.441
-14.609,-102.31,179,52.334
-13.879,-107.64,176,49.249
-10.557,-112.71,182,51.118
-7.3798,-117.12,174,46.073
-4.8839,-122.27,177,48.091
-1.337,-126.18,173,46.164
3.7428,-126.18,179,47.86
6.5981,-126.33,171,47.62
9.7092,-129.52,173,52.152
11.42,-135.2,183,50.68
12.796,-139.26,173,48.141
15.817,-141.48,182,45.718
17.099,-140.96,177,45.701
17.537,-142.8,163,43.832
19.218,-145.56,165,44.022
19.374,-147.41,161,43.162
19.01,-150.59,163,44.287
19.415,-151.97,182,47.851
18.617,-153.85,168,45.238
18.775,-153.1,176,49.158
17.522,-154.72,187,48.24
19.931,-152.82,174,45.494
20.28,-151.35,161,44.915
20.278,-151.67,167,45.329
22.775,-152.25,167,44.477
24.47,-153.22,167,44.742
24.831,-154.08,173,45.395
23.489,-155.03,177,46.156
21.612,-156.32,170,44.196
19.458,-157.14,179,47.198
14.012,-155.92,175,45.784
15.623,-151.1,190,55.898
22.666,-157.19,185,48.149
20.631,-158.1,184,49.042
21.598,-159.84,171,46.065
24.194,-157.61,166,44.469
20.485,-157.73,187,48.323
20.154,-156.55,188,49.746
25.447,-158.93,200,52.805
18.287,-160.06,200,52.822
20.466,-157.87,193,52.739
22.571,-161.41,192,48.769
18.787,-163.95,174,45.42
19.553,-157.48,173,48.141
25.699,-158.48,187,46.925
23.666,-163.98,185,47.099
23.853,-161.68,181,46.834
25.36,-164.06,189,47.752
24.261,-166.43,164,44.171
24.281,-164.83,146,40.532
19.621,-162.61,142,40.16
20.698,-166.33,140,39.97
17.816,-165.19,149,42.798
21.17,-166.32,143,40.441
17.747,-167.12,157,43.832
17.771,-167.43,170,44.965
18.25,-169.9,131,38.87
17.729,-170.8,118,36.513
18.983,-171.96,118,36.703
19.25,-172.89,106,34.743
23.281,-173.95,116,36.331
23.569,-174.49,112,35.893
20.298,-173.03,116,37.001
19.465,-169.16,154,43.063
18.601,-170.71,175,46.644
20.382,-167.95,171,46.735
18.068,-165.19,173,48.331
16.746,-165.48,176,46.826
20.427,-168.28,177,45.676
22.043,-166.26,166,45.114
20.048,-163.33,165,46.247
20.154,-165.33,171,47.992
23.121,-168.97,175,47.016
20.673,-174,178,47.752
22.316,-175.13,174,46.669
24.19,-177.33,177,45.883
22.568,-175.91,163,45.875
21.164,-174.43,145,40.714
20.901,-172.7,164,45.304
21.389,-173.14,175,46.23
23.17,-173.92,165,43.253
25.55,-173.15,157,42.418
25.749,-173.01,164,45.403
25.099,-175.11,159,44.287
21.812,-177.76,160,43.898
17.318,-178.26,160,42.997
16.47,-178.28,124,37.836
14.91,-176.13,116,37.919
15.293,-169.65,136,39.788
21.536,-165.06,136,40.069
23.926,-162.54,164,44.444
27.04,-164.04,180,45.974
28.23,-171.37,167,44.353
27.771,-177.6,186,48.513
28.717,-179.25,186,51.697
24.532,-182.57,172,45.974
22.67,-184.28,166,46.834
22.248,-181.34,165,44.75
23.536,-178.87,170,46.644
21.676,-177.75,164,45.147
22.827,-181.64,174,45.445
21.538,-182.05,181,45.891
18.948,-182.98,178,45.403
23.335,-184.49,171,45.031
19.845,-181.06,177,47.661
21.028,-183.17,185,47.107
20.692,-183,177,46.553
17.698,-185.84,171,45.354
17.379,-185.96,150,41.384
16.832,-184.49,171,44.659
17.426,-183.22,173,46.917
18.761,-185.87,173,45.048
18.553,-182.13,176,46.801
21.108,-185.83,173,45.875
16.721,-183.97,169,43.989
16.791,-183.15,178,46.652
18.962,-184.17,172,45.519
24.119,-189.38,172,45.999
21.258,-191.59,151,41.566
22.777,-189.42,138,41.963
21.881,-189.68,133,38.208
20.567,-189.89,138,39.234
22.991,-189.51,145,40.35
25.188,-188.74,167,44.32
26.212,-189.98,172,44.932
23.689,-192.1,176,45.602
24.774,-193.54,169,45.238
25.673,-195.67,178,46.181
25.612,-196.27,165,44.543
24.581,-195.62,160,42.674
23.692,-195.26,150,41.475
25.067,-194.06,172,46.363
27.97,-192.57,157,43.898
29.07,-196.2,155,42.724
29.188,-195.21,165,45.238
28.598,-194.3,166,43.989
30.189,-191.83,172,47.422
34.17,-192.77,167,44.858
32.527,-194.6,127,40.003
33.246,-192.57,118,39.515
36.367,-193.16,116,36.05
35.943,-195.59,119,39.333
39.074,-190.2,94,34.859
36.152,-188.65,99,35.297
37.351,-191.79,101,35.107
34.884,-189.88,122,37.208
37.191,-190.65,145,42.608
35.032,-191.9,161,45.594
35.009,-190.45,182,49.456
31.771,-195.84,195,53.078
35.181,-193.69,190,51.027
38.972,-193.29,179,48.794
37.37,-195.83,177,47.198
40.66,-189.38,174,45.602
44.406,-189.56,165,45.337
43.508,-192.08,152,44.105
41.763,-195.26,109,40.268
36.962,-193.89,84,31.187
39.958,-194.54,118,35.752
41.238,-192.14,115,35.777
37.672,-190.27,161,43.452
34.972,-196.94,175,45.767
31.984,-199.4,180,45.817
34.62,-202.15,169,44.08
29.668,-200.93,169,44.014
28.971,-195.14,170,45.42
32.067,-195.32,165,44.105
29.357,-199.99,179,45.511
26.025,-197.31,187,47.289
27.123,-195.29,180,46.09
28.959,-199.33,178,45.883
27.19,-200.48,182,48.306
28.955,-201.91,187,48.232
28.162,-203.65,181,46.644
24.811,-205.23,182,47.752
21.574,-207.06,177,45.602
19.554,-207.75,164,44.386
17.698,-208.85,144,40.433
16.672,-210.46,174,46.578
16.555,-208.34,181,48.306
17.738,-208.69,171,48.422
20.321,-206.81,156,42.418
22.126,-206.98,162,43.642
24.498,-207.78,168,45.122
25.498,-208.69,168,43.46
26.188,-208.03,166,44.312
25.962,-206.53,168,44.75
26.949,-209.95,167,44.957
28.206,-211.7,169,44.287
27.224,-209.77,171,45.23
26.194,-209.8,164,42.972
27.895,-210.96,161,43.832
29.39,-212.45,163,42.972
29.396,-212.48,169,47.57
28.42,-213.5,178,46.553
27.28,-214.77,177,46.272
26.008,-215.95,176,44.816
27.451,-215.56,180,46.255
28.766,-213.86,175,45.792
32.023,-213.56,169,44.477
34.057,-212.48,168,44.866
36.353,-215.5,163,44.105
32.482,-218.24,163,45.784
33.746,-223.67,161,44.039
34.059,-230.21,144,40.251
34.688,-237.52,145,41.136
35.016,-245.94,138,39.424
34.962,-253.6,132,38.572
38.817,-259.15,129,39.052
40.811,-260.89,132,38.291
42.435,-260.8,139,40.168
45.717,-262.73,111,35.777
42.128,-263.3,119,39.159
41.038,-264.13,132,40.367
39.752,-262.85,139,43.931
39.129,-262.22,145,42.054
42.257,-263.97,155,43.898
41.424,-264.08,146,41.731
42.552,-263.97,159,45.982
40.447,-263.56,166,44.874
41.613,-264.8,167,46.826
39.7,-266.06,125,41.334
36.045,-268.25,54,31.137
33.222,-269.74,179,48.422
29.673,-270.79,166,45.329
29.759,-270.72,165,46.917
33.371,-267.14,169,45.238
31.499,-268.92,125,39.672
32.328,-267.07,141,39.862
34.789,-266.39,141,40.524
34.619,-268.26,147,41.012
34.337,-272.24,149,42.798
33.983,-273.05,154,42.815
34.598,-273.29,142,40.342
35.479,-272.66,150,41.657
34.565,-272.63,149,42.12
29.43,-272.75,148,40.714
28.022,-269.74,134,39.242
33.951,-268.92,175,47.397
34.358,-271.86,184,47.314
33.784,-279.34,176,44.659
33.152,-283.11,167,44.196
35.226,-285.43,145,42.434
35.717,-290.34,133,39.209
36.501,-287.63,135,39.424
34.705,-286.9,151,44.502
37.354,-290.34,128,37.654
38.104,-290.95,161,42.244
40.954,-293.25,173,44.568
42.375,-296.83,180,47.082
45.001,-302.27,173,45.627
48.637,-308.12,168,45.577
52.387,-311.95,172,46.875
53.631,-313.46,167,49.249
58.559,-315.34,149,42.162
58.277,-314.43,184,54.435
60.866,-314.07,162,45.437
62.808,-319.02,143,40.731
56.852,-316.31,180,48.422
50.523,-315.7,166,44.353
50.019,-314.95,150,41.475
48.952,-313.83,147,41.748
52.109,-311.2,151,43.832
54.79,-310.21,164,47.446
60.154,-310.51,159,43.997
60.964,-309.38,177,46.991
59.014,-303.84,157,43.253
56.444,-303.77,131,38.969
61.119,-304.02,122,36.86
67.437,-302.41,132,39.54
71.349,-299.76,126,40.714
70.789,-299.03,59,27.887
71.85,-298.08,52,25.1
70.819,-297.4,60,28.284
71.758,-297.65,65,31.096
72.78,-297.98,118,43.716
72.471,-298.14,149,47.686
74.717,-298.82,154,48.025
74.161,-299.03,155,48.422
74.506,-297.1,159,45.056
72.954,-299.8,176,49.919
69.323,-304.56,189,51.16
68.588,-311.64,195,53.814
67.935,-316.8,196,51.507
68.426,-320.86,166,44.932
68.521,-321.54,132,39.614
68.604,-322.8,133,38.779
67.038,-324.8,148,42.145
66.853,-327.65,141,41.657
66.173,-330.16,148,41.682
66.906,-332.18,150,41.682
65.072,-332.05,126,37.555
67.252,-329.7,79,31.005
67.54,-328.49,114,35.479
70.598,-325.88,141,39.424
67.869,-327.25,148,42.269
65.804,-328.54,146,42.352
63.064,-325.36,153,43.716
60.578,-324.42,169,45.792
59.543,-322.71,196,52.946
59.495,-326.33,194,49.456
58.539,-329.15,188,48.695
55.007,-331.6,191,49.927
49.991,-333.62,183,48.67
47.017,-332.66,171,47.479
44.443,-332.4,148,42.261
40.087,-331.42,154,43.369
42.944,-330.6,151,43.071
42.279,-333.18,153,43.435
39.796,-334.21,136,39.399
38.883,-333.18,148,43.725
40.494,-330.25,128,38.961
40.245,-331.01,147,42.261
37.671,-331.95,153,44.014
40.305,-330.89,153,43.071
36.931,-334.34,154,42.418
36.13,-338.12,137,40.921
32.561,-339.05,104,35.669
32.691,-341.83,84,31.675
33.854,-343.18,102,38.862
35.443,-345.4,125,40.276
34.711,-344.95,130,38.754
37.034,-344.59,94,33.908
38.407,-346.1,99,33.031
40.999,-343.74,121,37.299
41.523,-343.4,125,37.53
40.081,-344.23,143,41.566
37.359,-346.36,142,40.185
38.981,-349.66,152,42.517
38.407,-352.75,160,45.329
37.852,-355.93,146,42.426
38.718,-356.32,152,41.285
40.008,-355.53,149,43.27
41.425,-357.72,144,41.45
38.241,-357.25,148,42.054
41.908,-358.62,159,44.312
42.941,-359.68,149,45.883
46.82,-357.95,159,43.65
46.84,-360.47,154,44.221
43.942,-363.86,152,44.659
44.706,-367.57,126,41.202
45.033,-367.74,133,39.722
44.091,-368.23,123,38.2
44.844,-365.36,120,36.91
48.737,-364.78,110,36.24
52.637,-364.9,110,37.348
51.456,-365.54,92,35.223
49.925,-365.71,134,41.756
51.97,-370.62,97,42.906
50.095,-368.74,103,43.46
52.21,-370.25,105,39.234
55.654,-371.8,58,34.479
55.154,-375.28,144,42.236
52.343,-377.05,116,37.439
54.643,-380.41,124,38.481
56.607,-385.17,83,32.196
60.72,-383.64,99,34.189
61.592,-384.74,74,29.781
64.263,-391.44,104,38.109
64.433,-387.92,140,43.857
70.188,-389.09,109,38.498
71.137,-389.05,110,40.185
69.119,-389.82,74,34.189
74.101,-394.66,135,40.83
70.952,-395.95,132,38.986
67.426,-396.4,124,38.663
67.488,-397.09,122,38.109
65.983,-398.15,110,36.612
66.512,-398.8,112,40.276
65.459,-398.54,125,44.105
67.541,-395.62,140,45.693
70.681,-399.72,114,39.697
71.766,-402.46,68,36.356
73.748,-400.47,70,31.278
73.748,-400.47,70,31.278
