0,-0,258,54.766
0.41481,-0.4054,286,57.784
-0.074872,-0.94051,265,56.146
-0.33368,-1.8335,281,57.85
-0.020155,-1.6963,290,61.373
-0.50944,-2.0838,280,60.207
-0.56615,-3.4728,287,59.537
-0.98829,-3.0851,273,57.395
-2.43,-2.7199,284,57.776
-1.3382,-1.9699,266,57.213
-0.23413,-0.63409,272,59.38
0.98974,-0.27553,273,59.355
1.5985,-1.8697,263,57.37
1.579,-4.1294,236,52.466
0.48668,-3.7224,234,54.294
-0.56547,-3.1621,256,57.767
-1.2874,-2.6535,275,62.15
-0.66561,-3.1844,275,61.563
-0.85621,-3.2165,269,59.264
-0.57016,-2.8414,300,61.679
-0.93641,-2.6421,283,58.966
-0.55989,-2.4321,307,60.827
-0.63891,-2.1324,320,62.622
-0.27889,-2.3576,315,61.497
0.34693,-2.4691,319,61.745
0.66063,-2.2345,333,63.945
-0.10468,-1.4385,323,61.894
-1.2447,-2.2325,289,58.801
-1.3579,-4.0966,307,61.704
0.88669,-4.2344,292,59.818
1.2873,-2.0925,270,58.288
-1.6761,-3.262,286,60.786
-1.9082,-4.4434,302,63.209
-1.033,-2.0826,287,60.579
0.0092156,-1.3809,286,60.149
1.2721,-2.9,283,61.944
1.2109,-4.5878,287,58.983
-1.0976,-3.7894,266,55.898
-1.8065,-2.3754,271,60.364
-1.2344,0.49837,280,58.636
0.30495,-0.48895,247,55.435
1.218,-2.2026,275,59.934
2.0014,-3.137,288,61.704
1.1784,-5.901,268,58.619
-1.5108,-4.9129,279,58.594
-2.66,-1.6684,276,59.239
0.21199,-1.3945,280,60.695
1.8563,-2.9167,255,56.37
2.1063,-4.2688,265,57.023
2.3405,-6.9764,254,55.262
-0.95227,-6.1276,274,58.131
-2.5202,-4.4047,265,56.742
-2,-1.7375,283,60.571
0.36813,-1.0996,256,56.477
1.3779,-4.8469,263,57.114
-0.064804,-7.0802,271,58.181
-1.8504,-5.8776,278,60.232
-2.3918,-4.2677,254,57.941
-0.70068,-3.7331,267,57.685
0.63429,-3.5915,281,59.016
1.7306,-4.0839,268,56.436
2.0259,-5.2424,267,58.727
-0.056485,-5.999,267,57.693
-1.5694,-5.2372,276,61.241
-1.5013,-3.5783,265,55.584
-1.4686,-3.0198,287,59.438
-1.3594,-3.3893,301,59.446
-0.64396,-3.202,315,60.943
-0.56532,-3.1513,310,60.298
-0.64323,-2.7819,325,62.465
-0.48153,-2.5113,321,61.687
-0.032381,-2.281,319,62.63
0.51042,-1.92,314,61.588
0.90056,-1.8989,338,64.797
0.86043,-1.1364,309,61.729
0.67332,-1.2191,276,56.386
0.79828,-2.1949,282,58.619
1.7691,-2.3951,289,58.71
0.51067,-2.5258,279,58.371
-0.4455,-2.796,292,59.537
-0.41881,-4.2111,298,59.289
0.33886,-5.0136,305,60.124
-0.63022,-4.936,298,58.892
-1.5598,-2.3734,323,61.795
0.20484,-0.57306,280,57.494
1.9122,-2.5286,278,58.553
2.1816,-6.3761,285,60.596
-0.83196,-7.0953,288,58.826
-3.6737,-4.1552,280,58.619
-2.0457,-0.77643,282,60.976
0.5994,-0.1798,271,58.289
2.1923,-3.965,272,58.404
0.95153,-7.7624,279,57.792
-2.057,-8.7972,285,60.712
-3.7313,-3.7168,288,60.596
-1.3216,0.093665,278,58.826
0.1787,-0.97412,261,59.198
2.7773,-4.118,273,59.38
1.6376,-9.3328,289,58.9
-0.11304,-9.3032,281,61.34
-1.9356,-4.6809,298,62.605
-1.8216,0.028916,278,59.057
0.60226,-3.1111,281,58.156
0.99728,-8.9758,281,57.833
-0.37789,-8.9886,291,62.647
-1.4252,-7.3718,295,61.803
-1.2166,-5.5623,280,57.23
-0.10669,-5.8659,297,60.968
-0.32961,-5.2008,296,61.919
-0.39408,-6.8471,303,62.49
2.3816,-4.5219,283,59.372
-2.602,-3.5434,303,66.691
-2.4034,-8.8129,293,62.192
0.70297,-8.2072,294,60.224
-0.26057,-2.635,292,63.664
-2.7617,-5.899,265,61.315
1.514,-8.2394,287,60.091
2.4538,-4.4241,284,60
-1.8844,0.032426,246,53.856
-0.83154,-1.7033,246,53.541
1.2484,-5.0109,293,60.604
-0.94665,-8.2717,317,63.896
-1.8753,-10.252,290,62.482
-0.24931,-7.523,271,64.078
-0.22599,-5.7225,274,60.298
-3.0638,-7.2551,284,59.562
2.0756,-6.6047,286,59.694
-0.28927,-2.8878,272,58.33
-3.6814,-0.54253,253,54.873
0.61107,-3.2698,253,55.956
0.52712,-5.679,275,60.232
-0.15733,-6.6811,269,56.006
-2.0121,-8.086,287,65.74
-0.34037,-11.737,277,62.143
0.16253,-8.5643,283,64.036
-0.45964,-2.0839,271,61.828
2.0711,-2.4134,251,55.344
2.3468,-8.6304,272,61.365
0.0076645,-10.496,266,56.651
-3.0735,-4.752,257,56.171
0.1806,-1.4999,266,57.304
2.3984,-5.9147,270,55.708
2.1824,-9.9399,271,59.554
-1.0752,-10.291,289,64.913
-3.0198,-5.2963,259,59.099
-1.2263,-2.8664,245,55.253
0.15291,-6.9215,271,57.602
0.86211,-9.4183,282,62.746
-2.1416,-11.559,280,60.695
-2.7586,-8.325,260,58.586
-1.4848,-2.9811,266,57.9
2.4099,-5.312,266,56.924
0.19279,-10.953,278,60.786
-3.5509,-8.8211,260,57.577
-2.3161,-2.3358,245,54.608
1.9923,-3.9127,249,54.203
0.82429,-8.674,270,61.076
-0.6259,-12.093,261,55.799
-3.8771,-8.1265,251,54.914
-3.0352,-3.6091,259,59.562
0.46763,-1.6068,262,60.803
1.5664,-9.256,252,55.526
-0.17697,-15.4,264,59.463
-1.3985,-10.752,273,63.275
-2.9952,-3.2884,248,55.642
0.16556,-2.2817,238,54.302
1.4215,-9.4564,264,56.08
1.795,-12.14,283,61.224
-3.2432,-5.8711,252,54.418
-2.1636,-1.9852,253,58.09
2.1176,-4.0764,265,58.446
1.9802,-11.079,269,59.074
0.66808,-16.626,255,56.833
-2.1696,-13.985,283,65.996
-4.0724,-10.815,314,82.652
-3.6306,-16.651,288,73.216
-2.2941,-22.795,299,75.176
-3.3821,-21.921,313,94.147
-4.1264,-14.811,318,102.11
-4.5135,-7.8847,300,81.916
-0.3831,-1.0429,251,59.512
-4.9449,-0.9393,251,54.302
-2.0972,-6.6216,261,56.171
1.2473,-14.218,283,58.644
0.62588,-20.28,252,58.131
-0.32917,-18.072,244,63.002
0.53709,-8.7763,283,61.059
0.45181,-1.767,264,57.784
-1.1399,-4.1433,253,55.725
1.1989,-8.215,257,55.634
0.96891,-3.5132,247,58.71
-0.51315,-6.8337,257,56.171
1.0791,-12.443,256,56.932
-0.67712,-16.048,237,54.782
-0.88511,-13.402,234,55.642
0.75828,-6.5049,255,55.154
0.094899,-9.723,279,61.34
2.6951,-14.134,249,53.558
-1.1387,-9.8596,269,59.446
-0.9541,-2.9621,271,58.156
-0.75075,-4.1287,268,57.85
1.4769,-12.298,273,57.486
1.4172,-17.785,268,57.478
-0.32928,-19.855,263,61.406
-0.34955,-10.189,279,62.084
-0.47216,-4.0161,250,53.905
0.44155,-4.9098,235,52.524
0.71055,-5.5748,254,59.174
1.3968,-10.257,265,59.926
0.12892,-16.469,269,57.412
-3.3617,-17.307,265,60.232
-4.381,-10.076,253,60.968
-3.2968,-2.4248,266,57.668
-3.5736,-5.6434,258,57.048
1.5191,-9.8579,255,56.56
1.3116,-10.434,271,61.902
1.6701,-13.441,267,57.114
-2.7167,-14.896,290,64.334
-4.2862,-9.0349,265,63.854
-2.6259,-1.2308,261,59.099
-1.8436,-2.7126,282,66.699
0.48634,-11.513,277,60.993
-1.3873,-18.878,292,66.302
-1.3666,-23.452,284,66.004
-0.87363,-30.984,288,65.806
-1.3634,-33.079,296,74.622
-2.3153,-27.128,287,75.895
-4.0475,-16.408,303,78.707
-0.89202,-5.4439,263,66.683
-0.57993,-2.4339,261,56.345
-1.0319,-1.4708,238,54.666
3.7798,0.9936,240,53.442
-1.9685,-0.0039862,211,52.251
0.52169,-4.7552,282,63.416
1.3635,-13.675,275,61.274
2.0103,-18.297,253,59.537
-2.0887,-15.012,254,56.725
-2.5005,-6.803,255,55.873
-2.078,-4.3979,237,55.733
-0.95592,-6.2809,274,57.511
3.5306,-11.226,272,57.643
1.5688,-18.472,254,54.352
1.781,-26.064,263,57.552
3.3315,-33.571,248,56.725
2.6644,-39.297,246,55.319
1.7553,-43.095,265,59.686
0.57743,-51.43,248,55.956
0.68222,-59.641,253,56.27
2.2184,-66.606,254,57.188
1.627,-70.173,261,58.751
1.3257,-77.488,231,55.427
1.203,-80.717,229,55.038
2.7961,-84.306,215,50.63
3.9219,-88.51,214,50.498
5.1379,-90.301,217,49.844
6.7034,-95.671,221,51.283
5.9711,-101.66,230,53.194
3.8162,-107.46,220,50.407
2.1534,-110.8,212,50.407
0.65449,-111.8,213,49.406
0.93744,-113.93,191,46.909
-0.060749,-116.62,202,48.025
-0.56408,-119.42,214,50.911
-1.7515,-122.63,198,48.099
-2.6647,-121.95,202,50.597
-0.26234,-116.75,211,50.854
0.3393,-118.43,185,46.809
2.8852,-121.2,187,48.298
2.1705,-126.42,172,45.883
2.6672,-125.04,174,45.858
4.9579,-122.64,141,39.217
6.6432,-124.06,169,43.65
5.6531,-123.6,172,47.388
7.9342,-125.91,184,46.181
8.7927,-125.84,218,55.013
11.292,-130.69,221,52.524
11.783,-136.31,217,51.482
9.4215,-141.8,216,50.473
5.0835,-146.16,221,51.234
2.4126,-150.53,229,51.399
0.74565,-153.31,231,53.442
-0.83998,-158.77,232,52.921
-2.4427,-165.3,217,51.234
-3.2771,-172.33,223,51.763
-3.8479,-180.19,213,50.498
-4.3414,-186.69,226,51.3
-4.3138,-192.05,222,52.317
-5.6113,-196.68,226,51.672
-6.1067,-204.78,223,52.408
-7.8263,-212.56,228,52.739
-9.581,-219.34,230,52.921
-10.61,-226.45,237,53.425
-11.883,-233.55,232,52.408
-14.289,-239.24,184,47.214
-16.263,-241.89,119,38.547
-17.277,-248.86,279,57.974
-18.766,-253.5,287,59.19
-21.058,-260.43,294,61.15
-23.092,-265.1,277,57.718
-25.054,-266.01,286,59.405
-24.387,-271.59,291,61.009
-27.039,-275.54,300,61.406
-27.954,-282.84,295,60.273
-28.553,-290.36,290,59.057
-30.422,-296.78,293,59.231
-32.849,-301.18,295,60.662
-36.873,-306.48,290,60.67
-37.878,-312.77,287,59.074
-40.26,-319.91,280,57.577
-40.439,-321.08,284,57.949
-41.505,-322.54,270,57.362
-47.661,-319.74,255,57.122
-49.207,-315.82,281,60.273
-50.538,-311.61,269,58.454
-47.501,-311.82,230,53.285
-42.177,-318.94,246,55.038
-44.072,-325.11,236,53.566
-47.086,-328.75,212,49.34
-50.035,-327.88,203,48.794
-49.321,-325.53,171,44.088
-44.426,-331.16,170,44.56
-43.045,-330.86,151,41.31
-45.303,-326.17,164,46.388
-47.689,-323.61,179,48.058
-42.966,-328.06,182,48.058
-45.975,-328.38,232,53.748
-49.194,-325.96,255,56.585
-48.733,-327.21,254,55.162
-52.41,-328.61,227,51.854
-57.227,-332.21,248,54.55
-57.987,-337.73,249,56.171
-56.223,-345.09,243,54.418
-55.301,-351.49,257,60.273
-56.425,-359.19,249,56.072
-59.784,-364.93,242,57.718
-60.22,-364.18,253,61.076
-57.862,-359.9,257,60.364
-59.332,-351.42,264,60.554
-61.864,-345.87,265,59.256
-62.581,-346.45,235,53.657
-69.062,-344.6,199,49.39
-72.534,-345.49,177,47.314
-74.192,-343.47,183,49.522
-71.581,-340.44,174,45.238
-64.005,-339.35,189,47.752
-71.284,-345.5,182,46.255
-73.906,-343.74,151,42.095
-78.682,-342.05,163,43.443
-79.267,-339.69,154,42.79
-80.909,-334.8,161,42.972
-81.662,-333.52,160,43.526
-79.497,-333.5,167,44.361
-79.479,-332.96,168,45.147
-80.494,-336.81,180,48.306
-82.402,-338.96,191,49.274
-82.882,-336.65,201,50.01
-82.799,-335.77,206,50.01
-81.698,-335.35,221,50.01
-82.139,-333.56,219,50.754
-80.726,-333.74,202,47.86
-80.352,-336,154,41.781
-83.319,-332.36,192,47.016
-80.82,-336.78,240,53.938
-83.219,-339.44,252,57.577
-82.465,-339.1,255,56.634
-85.695,-339.8,244,56.378
-80.675,-333.49,253,58.611
-80.945,-339.01,254,56.626
-79.394,-342.59,255,55.898
-75.842,-348.24,252,58.801
-78.64,-351.39,241,57.238
-83.311,-354.75,217,51.118
-85.259,-359.99,210,50.961
-84.604,-365.13,194,47.934
-82.657,-369.28,173,46.735
-85.005,-368.32,162,45.974
-83.625,-370.7,108,35.297
-85.435,-364.79,137,40.276
-78.958,-361.28,175,46.801
-77.976,-366.46,150,41.26
-76.394,-372.26,163,43.89
-80.952,-372.03,183,46.834
-82.25,-369.6,191,46.346
-80.522,-367.81,192,47.107
-79.336,-370.02,194,47.934
-76.377,-369.82,194,47.661
-73.288,-370.91,199,49.406
-72.141,-370.12,201,48.091
-71.249,-369.31,205,50.291
-70.012,-370.02,208,48.877
-66.528,-371.09,202,49.431
-58.631,-366.97,204,49.505
-53.703,-364.27,213,51.97
-57.488,-367.68,208,50.564
-56.787,-364.07,222,51.598
-55.544,-364.31,212,49.712
-53.684,-371.41,200,47.843
-54.709,-372.33,212,53.285
-57.692,-370.88,206,50.746
-55.627,-370.56,203,48.579
-56.381,-368.79,204,48.968
-53.718,-370.14,201,49.042
-51.613,-371.47,201,49.15
-50.8,-373.17,208,50.2
-50.67,-374.84,208,49.398
-51.843,-374.68,188,46.437
-55.454,-369.29,214,50.473
-53.615,-366.32,211,49.183
-50.013,-367.49,218,51.333
-53.151,-369.39,225,52.342
-50.362,-371.88,217,51.209
-47.276,-377.31,213,52.532
-46.744,-372.46,217,52.921
-50.624,-362.98,240,54.517
-50.845,-353.99,245,54.211
-46.211,-349.84,248,54.484
-41.325,-347.23,249,54.509
-34.131,-351.6,245,53.591
-29.137,-354.89,256,57.139
-26.536,-360.62,243,53.839
-23.529,-362.16,237,54.575
-19.954,-364.95,220,51.308
-16.049,-372.15,220,51.399
-13.137,-377.83,218,55.071
-6.7156,-379.66,214,53.334
-3.6034,-380.35,214,53.938
4.1373,-384.62,208,51.002
12.376,-388.12,206,54.856
19.513,-393.42,184,53.095
25.616,-399.6,123,40.35
25.616,-399.6,123,40.35
