0,-0,722,216.01
2.8199,-1.7078,543,220.92
6.4364,-7.3965,698,215.08
8.7914,-12.546,453,278.52
7.9647,-18.277,671,198.52
6.8272,-23.154,726,192.17
7.1779,-27.089,710,164.89
4.3395,-32.443,749,190.73
3.9348,-37.124,678,206.9
3.3108,-36.595,820,166.84
3.8884,-38.575,781,175.21
3.4867,-45.009,634,199.78
2.8339,-51.618,737,181.98
2.714,-57.156,701,182.99
3.8336,-63.489,811,176.45
8.4342,-71.146,763,192.94
11.928,-75.319,742,187.51
14.528,-81.915,758,186.33
14.512,-87.281,768,184.33
12.96,-91.655,762,206.15
13.851,-96.448,812,172.48
13.282,-100.12,745,192.13
13.823,-106.29,843,172.37
14.611,-111.05,782,168.05
11.21,-115.07,687,235.07
11.338,-117.59,587,196.18
13.608,-120.96,667,204.36
16.195,-127.02,674,198.51
17.678,-131.18,660,204.74
22.208,-136.76,734,187.97
24.892,-142.05,746,170.45
27.967,-146.1,642,214.75
32.31,-153.43,772,168.81
35.359,-158.61,768,179.43
40.464,-165.23,738,163.03
43.559,-167.14,751,167.97
45.154,-167.83,765,150.49
41.318,-164.24,768,136.81
39.785,-162.96,722,118.38
37.332,-162.17,695,113.29
37.046,-160.45,712,115.21
36.735,-160.25,725,121.61
36.697,-160.44,738,121.73
36.578,-160.13,754,123.4
36.639,-160.15,788,130.13
36.557,-158.42,816,134.69
30.978,-151.41,309,149.71
31.357,-151.67,123,70.835
32.593,-152.78,104,78.799
45.837,-169.01,210,168.1
43.263,-167.43,410,231.98
41.985,-168.84,626,214.39
39.986,-171.27,551,230.75
37.618,-173.01,652,196.58
35.428,-178.7,592,222.77
32.443,-179.86,519,208.96
31.008,-188.92,349,170.5
31.108,-187.95,480,227.49
29.532,-188.81,367,204.85
27.932,-193.52,275,217.76
28.014,-196.55,317,127.32
24.841,-201.52,200,124.51
23.529,-203.62,214,131.84
26.013,-209.61,199,102.91
20.377,-210.16,208,126.68
21.572,-217.92,202,151.33
24.907,-226.38,139,118.24
21.281,-226.24,314,190.67
22.804,-232.41,227,146.32
23.413,-234.95,307,177.84
25.905,-242.11,265,158.35
25.961,-243.08,275,173.73
26.04,-245.47,246,203.15
29.054,-249.23,194,145.52
33.677,-250.41,394,239.24
38.082,-249.5,313,221.53
41.743,-253.66,335,192.2
44.343,-255.55,319,173.17
46.836,-251.12,519,242.34
48.827,-254.56,437,217.11
49.561,-255.18,471,203.62
48.294,-248.19,683,201.17
49.828,-249.21,440,242.6
50.216,-246.47,673,235.45
49.352,-244.42,664,211.74
49.676,-236.71,779,190.2
49.59,-232.87,642,212.7
49.97,-228.11,728,187.68
51.188,-223.13,828,172.41
53.59,-218.75,814,193.03
57.21,-214.87,834,160.47
61.823,-210.1,838,166.26
65.919,-212.29,826,164.5
73.505,-212.89,801,161.03
79.985,-216.56,801,153.27
84.615,-223.02,794,122.6
87.942,-229.52,762,117.67
88.22,-236.09,743,115.39
86.378,-241.13,704,123.06
84.336,-247.78,728,127.16
84.436,-250.66,726,119.6
82.927,-253.13,725,125.95
82.865,-254.13,694,126.98
82.975,-254.32,678,146.26
80.48,-255.46,670,141.33
79.806,-254.41,655,135.3
79.726,-255.29,650,125.72
78.644,-253.93,637,124.01
78.638,-251.55,642,130.72
78.311,-250.69,661,124.86
77.239,-251.8,684,125.88
78.038,-250.78,658,135.89
76.811,-248.79,648,132.01
76.023,-248.68,650,115.78
75.633,-244.29,623,133.61
74.695,-246.18,638,114.02
74.878,-243.74,646,116.49
74.641,-242,611,114.95
74.851,-243.72,633,102.92
75.793,-244.3,614,99.193
76.347,-244.26,582,92.692
76.938,-244.33,567,95.041
76.824,-244.14,569,95.016
76.886,-245.59,571,99.557
76.88,-244.26,575,96.538
77.105,-243.74,580,99.474
77.005,-244.15,591,101.06
77.388,-244.56,612,106.8
78.819,-245.6,603,138.55
78.117,-242.67,576,175.88
75.708,-241.7,625,120.2
75.957,-239.72,604,116.56
75.348,-238.19,647,101.53
75.701,-239.73,621,104.17
75.62,-240.51,646,98.432
75.765,-240.61,641,96.497
76.024,-240.29,642,100.23
75.963,-240.3,655,97.415
75.944,-240.52,644,97.977
76.07,-240.44,646,97.299
76.048,-241.49,652,100.85
75.773,-241.17,653,101.04
75.66,-239.75,634,101.06
75.625,-237.51,567,105.73
75.273,-235.75,562,100.52
75.009,-235.88,579,111.86
76.573,-233,582,109.66
77.621,-233.84,582,103.34
75.496,-236.56,594,99.656
75.822,-237.03,588,96.29
75.829,-236.89,575,90.964
75.611,-237.64,590,97.167
75.796,-237.92,582,98.672
76.035,-237.65,587,95.662
75.845,-238.13,598,98.002
76.178,-237.73,613,97.804
76.443,-238.63,630,108.88
76.585,-242.27,636,114.45
78.617,-243.67,543,146.44
79.998,-239.94,566,134.09
81.421,-236.85,580,127.56
79.99,-234.74,623,123.18
79.787,-234.43,659,113.47
81.241,-235.81,645,111.19
79.775,-236.62,641,121.51
79.695,-237.96,596,104.91
79.574,-240.05,579,95.356
79.805,-239.9,575,97.688
79.586,-240.71,578,97.994
79.806,-240.5,566,100.9
79.781,-240.65,572,98.267
79.796,-240.81,576,96.687
80.049,-241.08,589,97.928
81.061,-240.27,565,111.41
82.722,-240.56,544,126.86
83.826,-242.39,547,131.81
82.748,-243.56,600,127.5
82.847,-242.92,519,196.07
82.319,-241.91,596,134.63
85.414,-239.57,580,133.85
85.911,-237.13,642,120.74
85.363,-238.5,657,133.29
85.867,-243.16,665,131.61
87.453,-246.6,663,146.45
88.24,-248.62,665,165.64
90.756,-247.34,478,139.49
92.199,-251.04,393,147.77
92.991,-253.12,283,122.3
93.519,-255.99,237,211.27
96.264,-262.11,297,169.52
95.35,-253.17,144,73.034
99.376,-259.88,196,118.98
98.531,-265.06,309,208.55
101.52,-262.27,230,149.62
100.25,-263.58,159,133.34
110.78,-278.58,1470,216.85
112.3,-278.08,1473,214.99
116.65,-276.26,1432,214.17
118.99,-276.48,1418,177.21
121.42,-277.08,1362,176.77
125.84,-279.14,1401,177.64
130.34,-282.6,1404,185.42
134.86,-286.34,1429,214.83
137.86,-291.67,1458,235.87
142.01,-297.73,1468,258.61
144.96,-303.3,1450,249.83
147.02,-305.01,1443,240.47
148.47,-307.63,1452,248.11
150.98,-311.77,1439,244.16
152.16,-314.68,1421,240.21
155.3,-318.3,1404,250.54
156.25,-318.84,1447,249.07
159.25,-321.4,1419,257.96
162.63,-321.98,1451,262.07
166.84,-322.32,1478,263.81
170.79,-318.49,1461,245.41
172.51,-316.44,1457,251.08
172.57,-313.33,1401,230.33
174.26,-310.12,1402,231.9
174.63,-305.41,1420,219.65
175.46,-302.61,1441,220.21
173.73,-301.28,1422,214.98
171.49,-296.59,1409,209.05
168.63,-295.39,1444,217
165.07,-288.82,1418,212.33
161.88,-285.64,1432,196.28
160.03,-279.08,1426,221.63
156.47,-276.69,1388,200.42
154.1,-274.5,1404,202.8
152.44,-273.65,1406,197.05
151.33,-273.86,1416,190.93
149.65,-277.55,1402,154.02
150.17,-279.66,1256,142.41
148.68,-281.01,1174,137.94
148.16,-282.65,1122,140.8
145.76,-287.52,1091,133.5
143.48,-290.79,1033,138.49
142.52,-293.62,1002,142.52
141.29,-297.77,970,139.94
142.32,-299.35,974,153.15
142.21,-304.29,795,133.35
141.82,-308.23,703,122.62
143.61,-310.84,624,115.76
146,-309.93,552,106.11
146.21,-310.14,449,95.819
144.08,-305.46,340,89.897
144.36,-305.17,316,84.638
144.02,-304.45,349,100.38
143.91,-304.46,377,97.588
143.04,-306.64,438,104.82
143.39,-307.87,649,123.75
141.78,-310.74,792,132.53
142.44,-312.43,788,127.32
143.81,-314.22,682,119.93
145.55,-314.84,629,108.72
146.83,-312.01,542,98.78
149.55,-313.34,479,97.82
147.59,-315.59,445,94.322
146.48,-316.91,468,105.54
144.71,-315.64,448,95.703
139.96,-315.56,446,96.869
139.7,-316.66,434,95.024
140.31,-311.46,419,93.586
145.98,-310.15,357,87.193
149.81,-309.76,372,86.763
151.47,-313.93,402,77.252
152.2,-321.17,413,79.551
151.89,-326.57,476,93.884
151.87,-328.23,501,91.204
151.72,-330.16,627,113.26
151.34,-329.46,756,118.29
148.92,-331.44,873,135.37
146.83,-330.14,940,133.73
147.03,-328.25,988,129.35
149.46,-330.14,1004,126.07
149.37,-331.93,976,120.42
145.77,-332.15,1089,139.79
145.18,-329.78,1109,149.06
147,-332.85,1078,132.97
147.45,-333.91,1071,133.31
144.83,-333.22,1064,129.68
144.61,-335.4,1043,139.04
144.81,-335.41,1030,130.05
142.88,-335.86,1013,129.09
141.95,-334.89,1059,133.86
143.43,-334.2,1091,137.67
146.03,-333.48,1024,131.16
147.65,-333.95,1021,134.62
149.56,-333.34,1054,133.8
152.13,-331.97,1108,141.48
153.6,-333.06,1092,128.5
155.75,-334.8,1140,148.25
156.7,-339.44,1200,151.73
159.3,-340.93,1206,163.62
159.16,-342.35,1200,176.15
163.51,-345.43,1276,186.53
164.41,-346.11,1309,205.15
166.11,-348.98,1299,206.39
165.53,-348.16,1305,207.43
163.37,-347.06,1273,202.22
162.18,-344.83,1257,191.37
160.46,-346.56,1240,180.08
158.21,-348.44,1215,183.87
155.51,-344.87,1177,180.51
153.21,-344.02,1176,171.44
149.88,-344.85,1210,158.51
147.39,-346.45,1202,157.75
148.42,-347.68,1194,168.33
148.53,-350.08,1155,161.99
145.75,-352.68,1127,152.66
141.72,-353.91,1075,145.55
140.99,-353.99,1004,148.21
143.09,-353.5,925,135.94
144.05,-352.69,863,134.7
144.3,-352.2,847,125.6
144.51,-352.21,853,123.37
144.35,-352.51,877,127.05
144.27,-352.06,888,130.41
144.13,-351.2,890,129.06
143.92,-351.63,923,127.61
143.52,-351.34,959,135.27
143.07,-350.37,997,138.28
144.35,-350.93,1068,143.34
145.94,-350.46,1071,136.67
145.87,-352.54,963,133.71
143.09,-351.9,889,122.55
141.69,-352.15,882,121.11
142.59,-351.03,911,120.73
143.22,-350.34,924,123.17
142.11,-350.48,832,117.74
142.34,-351.34,800,110.89
142.26,-351.72,800,110.07
142.37,-351.32,803,111.19
142.57,-351.5,809,119.32
142.77,-351.18,815,116.14
142.67,-351.5,815,116.54
142.54,-351.58,819,115.29
142.3,-351.42,829,110.84
141.34,-350.99,828,115.15
141.41,-350.34,865,123.58
142.82,-350.74,931,126.64
141.17,-352.36,973,124.87
140.09,-353.75,948,126.46
140.88,-352.3,914,125.36
141.71,-352.04,872,117.49
141.63,-351,860,120.76
141.78,-351.16,848,113.91
141.74,-353.07,849,115.13
141.94,-351.81,860,120.41
141.82,-351.34,873,122.09
142.14,-351.56,911,122.04
142.45,-350.23,950,127.59
142.57,-349.58,988,128.44
142.91,-348.48,983,128.62
142.74,-350.62,1019,129.54
142.42,-353.65,1015,124.68
142.99,-355.07,985,119.59
145.27,-354.64,1004,129.53
143.46,-352.58,975,120.88
140.97,-353.93,957,123.56
142.83,-353.67,926,122.33
145.42,-352.8,911,126.93
146.98,-354.55,971,121.6
147.57,-353.91,961,126.08
148.14,-352.29,975,141.9
149.64,-351.34,1025,140.84
150.5,-353.14,1043,146.24
153.42,-352.27,1064,134.7
155.69,-350.01,1048,142.12
157.5,-347.86,1081,147.63
159.2,-348.93,1156,161.15
163.39,-345.27,1186,160.98
165.91,-343.93,1227,175.28
167.35,-342.08,1351,199.49
170.72,-338.36,1324,183.54
173.67,-335.24,1311,178.33
174.93,-336.35,1291,173.76
177.21,-335.67,1308,181.83
178.73,-334.66,1327,189.77
179.72,-338.49,1369,211.74
182.64,-338.64,1407,208.37
185.88,-336.49,1400,188.67
187.46,-337.4,1387,202.51
190.24,-335.59,1412,213.31
192.46,-334.16,1385,220.13
192.98,-332.63,1322,197.3
192.37,-332.84,1283,198.72
191.45,-332.41,1257,201.29
189.32,-333.82,1236,183.54
189.45,-334.07,1235,183.74
190.47,-334.54,1251,179.59
189.95,-336.54,1277,189.3
191.84,-337.56,1338,192.64
191.87,-339.02,1338,197.62
192.51,-339.49,1321,200.56
192.91,-339.9,1371,208.21
193.25,-342.91,1403,231.4
193.25,-346.99,1345,214.93
193.69,-350.08,1308,220.83
194.87,-351.76,1309,225.74
196.13,-355.37,1293,233.35
197.46,-357.71,1275,240.17
198.13,-360.01,1261,233.06
199.27,-361.77,1266,234.02
199.36,-362.15,1230,236.41
199.9,-362.45,1232,237.24
198.98,-361.56,1172,216.74
197.36,-362.56,1148,210.88
197.16,-362.5,1147,203.85
196.27,-361.7,1120,182.13
195.72,-362.15,1088,128.78
194.8,-361.44,1047,125.62
194.56,-361.38,1014,127.39
194.14,-360.95,982,122.2
194.37,-360.96,992,127.86
194.16,-361.84,994,133.87
194.42,-362.31,1009,132.72
194.32,-363.73,1049,150.29
194.78,-363.87,1098,171.62
195.47,-363.75,1078,174.53
195.56,-364.72,1091,153.15
195.95,-365.15,1103,185.91
195.96,-364.42,1110,168.58
195.74,-364.5,1116,148.91
195.66,-365.82,1126,145.18
195.59,-365.48,1157,152.29
195.51,-366.57,1137,140.58
195.8,-366.93,1168,141.89
196.94,-366.97,1192,151.29
198.76,-370.01,1201,160.72
199.93,-371.73,1177,161.61
200.83,-371.65,1183,166.12
203.44,-371.48,1168,162.26
203.79,-373.34,1079,149.62
204.15,-373.28,1055,150.65
204.19,-372.43,1073,152.31
203.38,-374.61,1096,147.21
202.8,-373.87,1046,139.92
201.6,-374.3,1082,158.1
200.89,-373.84,1090,163.34
200.99,-374.3,1086,170.43
200.89,-374.95,1067,171.76
202.14,-376.8,1015,171.55
202.03,-376.87,1000,164.44
201.63,-375.38,956,153.96
201.44,-374.46,943,147.66
201.42,-374.84,964,157.1
201.17,-375.04,953,149.66
201.37,-374.99,971,150.32
201.44,-374.04,992,156.58
201.35,-374.9,1038,163.16
201.36,-373.06,1086,165.88
201.52,-374.38,1173,168.3
203.49,-374.04,1174,162.83
205.27,-373.92,1141,164.39
204.13,-374.5,1150,162.73
205.21,-375.25,1096,154.54
205.82,-375.25,1094,151.52
205.01,-374.51,1086,158.58
206.03,-375.85,1052,139.9
205.49,-376.77,1058,148.53
203.38,-376.33,1042,146.47
202.34,-376.91,1007,140.81
200.23,-377.45,1033,141.66
199.31,-377.11,976,136.33
197.69,-376.83,944,129.07
196.42,-375.65,863,116.34
195.91,-375.44,838,110.36
195.01,-374.82,842,117.18
195.78,-375.18,861,112.83
193.38,-375.89,904,119.79
192.75,-376.31,956,126.34
194.27,-378.32,935,126.04
195.66,-380.25,939,130.16
195.76,-380.98,934,128.11
196.12,-381.25,984,136.52
198.09,-381.19,992,141.99
198.35,-382.57,916,132.83
199.42,-383.11,947,140.97
201.04,-382.64,957,136.71
203.07,-380.77,910,126.5
203.04,-381.6,929,130.61
205.17,-380.28,923,133.07
207.77,-380.66,1002,136.36
210.71,-380.58,1098,151.51
214.43,-380.16,1164,170.11
218.6,-379.71,1183,165.06
222.87,-378.78,1223,164.32
225.46,-379.96,1272,162.13
228.05,-381.12,1193,168.42
230.79,-382.19,1172,177.13
233.3,-384.65,1164,176.19
234.22,-386.69,1198,185.19
234.8,-388.31,1207,178.21
235.15,-388.59,1178,177.43
234.92,-390.14,1182,188.75
234.35,-391.43,1192,194.56
234.33,-392.21,1186,183.13
233.91,-391.8,1164,178.75
233.07,-391.6,1160,180.27
232.12,-392.11,1184,190.3
232.04,-393.76,1167,193.22
231.97,-393.32,1166,199.59
232.27,-394.71,1179,198.35
233.43,-396.89,1199,201.7
234.16,-395.41,1235,211.44
234.13,-396.44,1234,209.29
233.97,-395.7,1248,206.79
234.33,-394.71,1257,196.92
234.06,-395.52,1245,198.61
233.82,-394.34,1213,188.6
233.04,-394.89,1226,191.3
233.5,-396.32,1220,189.67
232.53,-395.61,1244,197.62
231.84,-396.37,1280,205.19
231.52,-397.67,1279,209.3
230.93,-399.14,1284,224.45
230.42,-402.33,1272,229.31
229.98,-402.94,1240,226.72
230.03,-403.76,1213,227.88
230.15,-405.29,1177,225.95
229.56,-406.66,1136,225.76
229.14,-408.62,1073,226.57
228.39,-411.23,977,214.15
226.12,-408.7,1018,209.57
224.04,-407.61,1016,202.36
222.38,-407.93,950,187.84
221,-408.22,946,191.03
219.14,-407.15,892,189.58
217.39,-406.67,883,165.67
216.49,-407.71,878,154.97
215.94,-407.51,828,172.26
215.83,-407.63,878,164.89
216.8,-408.91,824,156.54
217.29,-409.97,802,155.85
216.51,-409.9,834,158.1
216.93,-408.96,876,166.41
217.53,-408.67,872,161.72
217.64,-409.64,882,164.99
217.24,-409.72,878,136.47
217.38,-409.86,845,142.97
217.4,-410.36,805,141.64
217.93,-409.89,884,152.91
218.26,-410.09,889,148.57
217.56,-409.13,894,153.73
215.98,-410.77,871,147.7
214.09,-409.86,903,148.46
212.91,-409.67,945,159.7
212.04,-410.67,953,159.09
211.59,-410.27,985,165.15
210.55,-411.44,967,162.88
209.77,-414.05,965,164.09
209.51,-414.4,971,163.49
209.77,-415,965,151.77
209.88,-415.27,950,144.61
210.45,-415.77,926,135.63
210.54,-416.76,908,132.64
210.88,-417.34,894,128.01
210.65,-416.68,872,127.92
210.55,-418.33,850,127.27
210.85,-418.33,872,123.61
211.41,-417.85,937,135.99
211.86,-417.71,948,136.24
211.09,-419.26,908,134.52
210.6,-418.69,940,134.92
211.18,-420.39,955,129.09
211.41,-420.96,975,138.63
211.19,-420.87,953,136.59
210.47,-420.36,989,139.83
209.2,-419.92,977,140.11
210.15,-420.58,927,134.26
209.94,-421.78,885,128.53
210.18,-421.56,870,128.36
210.07,-421.8,873,126.32
210.15,-422.3,874,123.27
210.06,-421.77,877,124.82
210.17,-421.96,883,130.26
210.16,-420.78,902,132.76
209.96,-422.45,936,134.09
209.71,-421.62,995,142.58
211.38,-422.64,1010,141.59
212.01,-420.43,1021,134.57
211.5,-420.91,1012,140.5
211.68,-423.34,1024,140.93
210.96,-426.23,1007,142.53
211.02,-424.64,1048,139.98
211.33,-424.44,989,133.79
211.63,-425.64,913,131.94
211.68,-426.08,867,123.04
211.8,-426.47,878,126.34
211.62,-426.44,889,131.04
211.8,-426.17,891,133.31
211.75,-425.62,888,128.33
211.89,-425.92,893,135.09
211.92,-425.87,902,131.98
212.04,-425.02,914,131.3
211.9,-425.16,952,131.6
211.26,-425.64,1031,135.32
210.75,-425.33,1050,141.16
212.24,-424.37,1047,149.31
213.16,-423.67,1019,136.67
213.71,-424.79,1011,143.55
213.11,-428.74,990,139.82
212.57,-430.68,995,134.58
212.46,-429.98,1026,142.56
213.06,-430.28,1038,141.69
213.01,-432.74,1017,143.76
212.75,-433.67,1062,151.3
212.39,-436.96,1057,144.97
211.32,-437.25,1086,153.12
209.29,-440.16,1069,164.01
207.27,-443.64,1040,151.49
205.75,-447.77,973,150.25
205.4,-449.83,916,137.01
206.28,-450.09,857,127.33
205.77,-450.94,787,114.65
205.75,-451.54,803,115.32
205.32,-451.92,770,113.33
206.96,-452.34,721,121.46
206.76,-454.3,618,104.34
206.84,-455.34,564,102.15
206.94,-455.47,534,101.33
206.84,-455.71,505,99.134
205.75,-455.98,504,95.628
206.88,-456.58,463,94.106
206.04,-456.96,426,93.692
205.74,-456.9,398,87.928
206.23,-456.7,414,91.683
205.36,-457.1,381,99.176
205.47,-456.71,408,95.975
205.81,-457.23,380,99.73
205.65,-456.97,400,98.787
205.47,-457.09,401,94.751
205.94,-457.13,393,96.19
205.94,-457.53,360,88.871
206.74,-458.13,343,95.231
207.92,-458.68,340,94.106
207.96,-458.98,324,89.607
207.27,-458.87,333,84.347
207.76,-459.5,307,83.52
207.56,-459.16,320,84.463
207.83,-459.7,275,84.678
207.9,-459.49,296,83.611
208.36,-459.57,277,83.148
208.28,-459.82,262,83.363
208.11,-459.38,305,85.025
208.37,-459.83,268,84.562
208.3,-459.83,272,85.414
208.08,-459.53,296,87.349
208.29,-459.79,270,85.29
208.35,-459.35,296,84
208.77,-459.45,293,87.647
208.35,-459.5,282,80.998
208.82,-459.28,278,80.452
208.96,-459.18,287,77.847
208.3,-458.64,308,75.953
207.41,-458.69,322,78.79
206.92,-458.56,313,75.879
206.31,-458.74,291,77.384
205.34,-458.42,295,75.763
205.85,-458.2,330,83.545
205.31,-458.33,297,74.771
205.03,-458.48,283,78.046
205.43,-458.83,281,77.376
204.95,-458.18,288,76.334
205.62,-458.9,260,68.568
206,-458.95,262,75.3
205.7,-459.46,238,67.815
205.95,-459.67,235,67.534
206.95,-459.88,214,68.758
206.84,-459.97,204,74.845
207.01,-460.04,207,64.168
207.09,-461.03,159,68.204
207.67,-461.4,148,68.27
212,-461.04,117,44.609
211.87,-461.6,1027,139.77
212.83,-462.22,1095,150.99
213.82,-462.29,1072,152.92
214.61,-464.07,1091,152.87
215.62,-465.05,1113,154.08
216.95,-466.39,1133,160.24
217.18,-467.38,1155,160.09
217.47,-468.61,1161,165.31
217.64,-468.79,1165,168.12
218.14,-469.73,1164,174.28
218.23,-470.76,1152,176.57
218.53,-471.02,1151,178.03
217.77,-472.38,1133,178.58
218.3,-472.49,1122,179.08
218.22,-473.73,1098,173.27
217.98,-473.39,1121,175.1
217.92,-474.13,1113,167.48
217.49,-474.34,1099,175.58
216.29,-474.91,1090,164
215.64,-475.99,1088,163.4
215.49,-477.05,1079,169.13
215.09,-478.28,1066,171
214.84,-479.83,1050,162.96
215.08,-482.12,1049,166.7
215.64,-483.48,1052,173.3
216.16,-486.37,1026,165.59
216.64,-486.37,1045,171.47
218.13,-488.58,1020,160.51
218.48,-488.61,1004,177.98
219.74,-490.1,921,168
223.22,-491.94,699,145.05
225.3,-493.37,595,123.69
224.48,-494.59,546,129.44
224.8,-497.34,452,101.05
223.18,-498.96,437,103.1
221.8,-499.22,473,96.472
219.31,-499.83,586,107.08
219.83,-499.06,710,111.28
219.44,-499.44,818,129.83
219.24,-498.5,874,128.54
220.52,-498.14,882,130.02
219.68,-499,904,133.38
219.43,-499.51,917,131.09
218.23,-500.92,924,135.43
218.5,-500.31,951,131.29
218.09,-501.44,962,133.18
218.2,-501.87,973,135.15
217.85,-500.98,1009,140.65
218.3,-500.83,1000,145.31
218.83,-500.12,984,143.31
219.39,-501.14,998,148.33
219.88,-500.92,958,143.5
220.33,-500.66,978,137.78
220.82,-499.79,961,139.37
221.35,-500.22,963,129.11
220.9,-500.93,909,119.41
220.54,-498.58,873,126.14
220.15,-495.6,933,136.34
220.07,-495.88,875,128.32
220.22,-497.05,852,121.96
220.86,-497.06,820,126.29
221.43,-497.12,760,112.87
221.85,-498.85,717,109.35
222.14,-501.24,636,99.714
223.28,-503.5,604,96.629
224.19,-505.63,541,91.791
223.44,-507.01,427,80.651
227.03,-506.78,467,94.14
225.49,-507.93,483,95.802
223.35,-506.58,439,91.766
223.96,-504.7,380,85.977
222.17,-502.9,322,81.205
216.49,-503.41,305,66.939
215.01,-504.06,280,62.514
216.47,-509,317,70.015
223.57,-507.08,416,84.199
220.45,-500.52,430,95.943
215.22,-499.37,358,86.738
211.35,-499.64,410,91.295
211.98,-500.14,426,92.362
214.2,-505.26,394,92.717
217.25,-508.38,402,77.078
215.73,-506.38,560,104.08
216.94,-503.06,698,136.19
220.27,-500.92,805,136.65
224.79,-501.75,822,127.18
225.9,-503.52,780,126.9
223.98,-505.15,740,105.76
222.18,-507.27,745,112.35
218.73,-507,723,104.59
220.14,-506.29,720,111.55
217.48,-507.55,758,110.97
216.19,-507.2,827,122.9
214.85,-506.97,841,122.37
215.39,-508.99,876,121.78
215.76,-509.21,878,129.28
216.59,-509.96,846,125.99
218.42,-508.53,844,122.13
221.49,-506.07,810,113.89
222.44,-506.47,845,116.22
223.96,-506.54,844,111.35
225.04,-506.59,810,117.34
223.49,-507.14,786,109.58
224.57,-507.9,776,107.71
223.09,-508.65,783,104.87
223.83,-508.8,792,118.17
222.61,-509.21,800,121.74
217.9,-509.92,752,109.46
217.67,-508.38,733,106.79
219.12,-510.37,743,105.24
218.69,-511.55,798,113.62
219.85,-510.21,841,117.07
219.83,-511.4,854,120
221.12,-509.79,931,125.43
223.97,-512.61,946,130.65
226.07,-512.73,998,134.02
226.36,-513.96,1014,147.61
229.31,-514.39,1038,148.71
231.1,-515.91,1014,155.66
232.49,-517.88,979,152.3
234.4,-518.83,967,152.11
236.31,-518.6,1026,155.92
237.01,-518.97,1067,166.99
238.5,-521.85,1060,168.81
239.16,-522.1,1113,182.67
239.3,-522.66,1157,187.64
239.75,-525.62,1138,192.43
239.74,-527.17,1163,196.49
239.03,-528.46,1151,193.47
238.71,-530.4,1166,192.68
239.14,-531.57,1172,186.96
239.74,-530.32,1147,192.43
239.25,-531.58,1150,193.26
239.05,-532.36,1142,193.08
238.67,-532.51,1163,186.65
239.56,-533.54,1170,190.98
239.7,-533.05,1159,185.79
239.37,-533.46,1157,189.99
238.19,-534.64,1160,193.46
237.88,-535.66,1182,193.24
238.33,-535.73,1180,195.88
238.84,-535.32,1164,192.58
238.38,-535.97,1164,195.41
237.81,-536.92,1192,198.77
238.05,-537.66,1189,193.18
238.03,-537.79,1188,198.71
237.84,-538.76,1188,200.71
237.73,-540.6,1176,201.32
238.54,-539.3,1152,198.44
237.6,-539.94,1185,200.54
237.31,-540.46,1193,205.69
237.41,-542.24,1168,204.9
238.06,-543.07,1192,209.04
238.35,-542.9,1202,208
239.06,-541.08,1222,201.55
238.33,-544.64,1174,201.32
238.1,-545.96,1157,199.01
238.96,-549.32,1128,177.45
238.77,-553.75,1121,179.48
239.42,-556.55,1128,183.3
241.13,-557.88,1115,191.31
239.39,-560.54,1113,185.95
241.01,-561.45,1091,180.82
240.69,-564.73,1086,177.35
238.23,-562.62,1092,174.72
237.98,-566.16,1081,175.45
237.15,-563.82,1117,180.12
235.55,-565.16,1165,188.78
234.55,-563.89,1132,190.35
232.13,-564.55,1133,191.81
230.59,-563.56,1159,197.77
230.34,-563.15,1184,192.65
230.06,-561.79,1135,197.14
229,-560.91,1135,198.03
228,-562.24,1150,194.55
226.72,-563.17,1145,202.12
225.38,-562.49,1149,215.1
224.47,-562.95,1164,213.77
225.67,-564.5,1135,211.05
225.85,-564.05,1131,217.23
226.22,-564.76,1129,204.34
226.42,-565.05,1111,210.25
225.44,-563.94,1102,211.7
227.37,-565.32,1111,197.91
226.75,-565.54,1116,191.58
227.46,-565,1095,190.19
228.57,-566.71,1100,159.75
230.54,-567.76,1093,181
231.87,-568.25,1090,173.74
233.52,-572.35,1093,170.19
235.53,-577.29,1025,152.62
234.86,-579.15,1066,162.71
235.41,-583.49,1002,141.61
236.19,-583.4,991,146.23
238.12,-583.59,955,151.58
239.44,-585.68,986,144.14
241.36,-587.42,994,147.38
242.73,-588.59,1004,156.79
243.77,-591.78,994,152.11
242.67,-593.56,1026,142.5
243.69,-595.32,1011,141.35
244.41,-594.77,1025,152.61
242.04,-598.67,981,145.89
242.44,-599.89,935,141.59
239.02,-604.45,904,134.42
237.18,-605.59,950,138.19
235.61,-607.63,887,140.81
235.18,-608.02,829,138.4
235.03,-607.16,754,126
235.24,-607.95,735,125.25
234.94,-607.8,754,126.43
234.85,-608.62,761,132.38
234.6,-608.62,773,134.48
234.69,-608.51,776,132.5
234.51,-608.73,776,133.44
234.34,-608.65,783,131.55
234.3,-608.04,819,143.42
233.99,-607.77,869,134.7
234.26,-606.61,926,140.13
233.47,-605.76,995,148.74
234.09,-607.1,1001,139.13
234.19,-610.98,989,143.46
235.07,-613.58,962,132.67
232.51,-612.61,956,135.38
233.01,-615.24,940,137.95
231.04,-617.03,942,137.63
227.81,-620.38,947,145.32
223.92,-623.57,968,139.15
220.67,-627.17,1005,146.63
216.72,-628.49,1029,153.79
211.92,-630.92,1066,171.76
207.04,-633.69,1093,179.67
203.26,-635.34,1083,194.56
200.5,-635.59,1111,197.67
197.99,-635.15,1112,195.14
196.64,-635.3,1110,199.07
196.3,-636.71,1137,212.05
196.69,-637.95,1136,214.18
197.13,-639.81,1137,208.25
196.18,-643.62,1116,204.27
196.28,-646.97,1108,205.29
196.51,-650.04,1073,197.34
196.94,-654.87,1065,199.52
197.24,-658.61,1043,198.34
197.99,-661.62,1044,187.62
199.47,-662.56,1020,187.24
200.45,-666.08,1019,182.81
201.71,-668.08,1005,180.96
202.27,-670.55,971,187.84
202.98,-671.27,994,184.54
205.15,-672.84,983,180.54
207.11,-674.49,962,176.46
209.63,-677.61,923,167.19
209.08,-681.84,865,168.56
209.74,-682.64,849,165.66
211.21,-683.9,857,163.22
212.19,-685.04,834,160.14
213.22,-688.5,793,158.72
212.58,-691.4,773,144.11
211.74,-690.55,774,145.6
212.2,-691.04,785,145.4
212.43,-692.95,748,136.93
212.6,-693.89,723,132.43
212.79,-693.87,719,129.06
212.26,-694.2,692,121.81
211.94,-697.22,661,113.97
212.04,-697.85,645,111.9
211.72,-697.75,649,115.26
211.92,-699.61,605,106.67
211.42,-699.31,588,107.06
210.83,-699.29,565,100.13
211.05,-698.6,591,103.02
211.48,-698.94,592,108.35
210.36,-699.71,646,114.95
208.15,-695.94,705,123.83
208.21,-694.3,739,123.38
210.14,-691.68,695,105.57
210.24,-689.95,692,112.18
209.13,-689.54,677,110.58
208.58,-690.46,666,102.61
208.31,-692.01,704,113.52
207.81,-696.15,717,111.49
207.51,-698.32,731,138.01
207.51,-699.36,740,130.12
209.76,-701.08,734,119.05
211.64,-702.01,746,126.37
211.99,-703.89,744,121.55
212.17,-706.57,720,125.72
212.9,-707.76,709,120.35
213.47,-709.85,694,118.27
214.34,-712.31,672,116.31
214.87,-711.97,724,121.94
216.61,-713.94,717,125.91
217.77,-718.29,664,118.48
217.36,-722.46,588,127.38
217.56,-725.03,544,130.21
218.29,-727.09,482,116.16
219.53,-729.47,405,103.32
219.29,-732.41,337,93.172
219.52,-734.06,293,104.75
219.8,-735.92,205,92.478
219.65,-739.4,350,108.12
221.26,-740.99,280,114.78
222.38,-743.2,246,111.23
222.38,-743.2,246,111.23
