0,-0,106,37.555
0.30411,-2.488,102,35.388
1.5377,-2.1981,106,38.407
0.73567,-2.2874,104,37.836
2.072,-1.9823,101,35.661
2.3113,0.028302,106,36.612
0.71776,-1.8135,109,38.415
1.1643,-1.4233,105,38.572
2.7934,0.3857,104,37.745
4.0041,0.96104,85,34.627
3.1965,0.95559,82,31.468
2.8881,0.61223,77,29.806
2.7453,0.89545,73,29.045
2.7858,0.88934,74,29.045
2.5291,1.1056,74,28.681
2.5953,1.3809,80,29.384
2.355,1.4922,82,30.517
2.7564,1.9434,90,32.295
3.6475,2.6934,92,32.94
4.5137,3.6434,95,33.428
5.1406,3.769,86,31.625
4.5499,2.8227,87,32.204
3.4271,0.93203,88,31.766
1.4498,0.97749,88,32.411
-0.27646,2.6499,92,33.751
-0.35362,3.3555,91,33.933
1.8648,1.726,92,34.28
2.4815,2.2236,91,34.189
2.5039,2.2825,87,33.354
2.6865,2.3257,85,33.445
2.7218,2.2316,85,32.593
2.6988,2.3271,86,33.701
2.7683,2.3744,87,33.519
2.9081,2.2573,86,33.337
2.6909,2.2695,92,33.246
2.5802,2.8706,103,37.001
2.4816,3.2616,110,37.489
2.4881,4.4148,105,36.612
4.117,5.5496,113,38.2
4.8881,5.9613,112,41.103
2.9525,5.4884,111,39.54
1.7266,4.9948,107,40.16
1.1714,4.026,115,40.838
1.2736,3.5472,106,37.927
1.1576,2.5048,114,42.079
1.6535,0.41587,109,38.663
1.9379,-1.5841,109,41.392
1.8971,-2.9405,112,40.582
2.7363,-2.2233,111,42.98
1.6352,-1.0795,109,40.532
1.0998,1.4616,110,39.581
1.2453,2.7234,100,35.595
2.0079,3.6656,99,35.314
2.3119,4.199,90,34.073
2.6639,4.6992,86,33.908
3.9663,3.0644,95,34.462
4.4119,1.5402,93,33.155
3.0918,0.40379,101,36.819
2.6953,1.1434,100,35.297
2.7453,0.91455,104,36.24
2.8362,0.79693,99,35.57
2.8059,0.81713,99,36.728
2.9574,0.91814,99,35.206
3.0423,0.92854,101,37.191
3.1433,1.0162,103,36.637
3.1061,0.95886,97,35.686
3.2963,1.0965,98,34.007
2.9453,1.4934,100,35.041
2.7064,1.4725,103,36.439
2.7453,1.8454,102,34.925
3.2268,1.9619,108,38.134
4.1917,0.72911,112,41.211
4.3635,-0.53842,110,37.828
4.0434,-2.3547,104,35.504
2.92,-3.6925,103,36.811
1.9977,-3.0517,103,37.828
2.7358,-2.4623,106,36.91
3.6712,-1.751,108,37.075
3.7903,-2.3134,111,38.365
1.8804,-1.917,111,40.83
0.31546,-0.50397,114,40.069
0.35079,0.59019,109,37.836
1.4024,0.92911,105,35.802
2.1628,0.17155,103,35.115
1.5472,0.33962,106,37.092
1.5296,0.37477,102,34.181
1.9334,-0.31898,101,34.743
1.823,-0.74107,103,34.652
2.2741,0.10686,104,35.669
3.0373,1.2399,113,39.399
3.2194,0.95202,116,37.927
3.4726,1.1343,110,37.373
3.566,1.1509,106,35.785
3.7934,1.0972,104,35.595
3.7057,0.77013,101,34.652
3.6967,0.88029,103,35.603
3.9021,0.87477,102,37.208
3.7963,0.56585,98,34.098
3.6981,0.4434,106,36.612
4.1203,0.22911,112,37.671
4.6418,-0.59109,116,38.225
4.4245,-1.7264,106,37.299
3.6077,-2.9603,109,35.752
2.7453,-2.7441,112,36.993
2.6249,-1.2048,108,36.629
3.0927,0.55357,118,37.745
2.1192,1.7825,115,39.234
2.4886,2.3549,113,37.811
3.3192,0.97383,115,38.018
3.1936,-1.2807,116,38.762
2.0696,-2.5836,111,38.68
1.0462,-2.9814,113,39.333
1.9506,-1.628,112,37.067
3.0142,0.56104,119,40.466
3.0898,2.7207,119,39.424
2.991,3.7231,118,41.889
2.156,4.6309,112,40.16
0.95957,3.2916,112,37.439
0.87028,1.3434,120,39.788
1.6786,0.43506,120,40.557
2.4536,-0.4816,120,38.572
2.053,-0.78737,117,37.629
2.3863,-0.79592,117,38.779
3.147,-1.001,117,42.162
1.3536,-2.0316,120,40.35
0.93827,-2.0478,114,41.037
3.5511,-1.9741,103,37.117
4.5275,-1.1606,101,34.073
5.0004,-1.128,98,36.149
4.9883,-1.1454,107,37.836
4.9548,-1.3661,105,37.191
5.1249,-1.1677,108,39.242
4.9528,-0.87736,106,36.728
5.0553,-0.8266,100,38.018
4.9135,-0.51922,107,39.515
5.1957,0.15511,111,39.995
5.8014,-0.20146,107,37.745
5.3346,-1.3691,112,39.358
4.3759,-1.8989,111,39.424
3.3487,-1.4532,116,39.424
2.0966,-1.2593,111,36.703
1.7543,-1.935,111,38.043
1.7089,-2.3839,110,37.671
2.2823,-1.9455,108,36.72
3.0578,-0.63696,112,37.853
3.788,0.56305,117,37.439
2.9263,2.1072,116,37.927
1.3559,1.8416,113,36.513
1.508,-0.24304,118,42.534
2.1437,-0.96311,123,42.451
2.5258,-1.142,123,38.663
1.955,-0.096926,124,37.654
3.3063,0.75234,123,40.21
3.0568,-1.655,122,38.341
1.6721,-3.646,123,38.299
0.87751,-2.755,121,44.965
0.67749,-0.71762,118,40.805
2.2283,1.1637,118,39.217
4.1565,1.4247,107,36.033
4.7642,0.17925,106,35.322
3.7823,-1.251,108,34.925
3.1249,-1.5844,108,36.149
3.1714,-0.66095,115,38.845
2.5469,0.030173,121,41.293
1.763,-0.79554,113,36.91
1.9846,0.067328,117,39.763
3.354,1.2521,115,37.927
4.9177,-0.84971,116,38.018
3.6225,-3.6356,114,37.919
1.5544,-2.893,110,37.629
1.6703,-0.98994,120,42.608
2.8583,0.86079,115,40.648
2.9746,2.0306,109,36.621
3.5394,-0.42915,102,34.718
3.9857,0.11647,104,36.513
5.2277,-2.1005,114,43.088
2.3691,-3.5566,109,38.018
-0.11958,-4.0881,111,39.242
0.58932,-1.6575,109,39.73
0.4909,3.2943,114,39.143
0.61067,4.3184,104,34.743
4.1024,4.8273,112,41.938
5.4596,4.272,105,37.348
2.9006,3.055,103,35.471
1.7003,1.758,89,33.428
1.4453,1.1434,60,26.208
2.6876,1.5203,52,24.546
2.431,0.071968,35,20.709
2.4953,-0.27535,32,19.584
2.0231,-0.97327,36,20.51
2.335,-1.454,39,24.455
3.0219,-1.5353,47,27.796
3.8298,-2.3453,71,31.187
3.6637,-3.0158,98,36.025
3.8881,-3.1471,105,36.174
0.73567,-1.9508,104,37.009
-0.36687,-1.0893,107,38.109
-0.40178,-2.6448,102,35.132
0.70682,-2.1816,104,35.206
2.8635,-1.2021,110,38.109
4.2948,-0.81787,111,37.811
3.204,-1.2814,109,36.976
3.4271,-3.1202,110,37.737
2.9548,-3.9661,105,34.462
1.577,-3.0021,101,35.314
0.16796,-3.8659,97,34.561
-0.65472,-2.6619,95,33.701
-0.31923,-0.95445,93,33.519
1.3135,-1.8748,88,31.534
3.5325,-0.93958,94,32.138
2.99,1.1136,94,33.585
1.541,0.90576,93,34.47
2.1099,-1.0774,96,33.701
2.2666,-2.8545,94,33.346
1.8716,-3.6619,95,33.701
0.045283,-1.3677,90,32.659
1.0649,-1.6906,97,34.652
0.91509,-2.0472,106,36.513
0.86135,-2.012,112,36.794
1.0285,-1.946,113,37.993
1.0444,-1.9412,117,37.621
1.2062,-1.5827,115,37.555
1.2667,-1.6677,117,38.324
1.3809,-1.3702,118,37.373
1.2752,-1.172,117,38.2
1.686,-1.6075,118,38.986
2.2333,-1.3646,125,39.995
2.7859,-1.0607,123,40.003
3.635,-2.029,127,40.094
3.1953,-2.9816,120,38.671
1.7961,-3.1668,118,37.373
0.42325,-2.3871,118,36.397
0.48887,-1.1463,117,37.828
2.1305,-1.2533,122,37.985
1.7701,-2.6145,121,38.299
2.8354,-3.9992,122,40.739
2.4007,-3.6995,119,37.439
1.3315,-2.5738,116,38.407
2.6576,-2.2057,114,36.538
1.5771,-2.3088,113,36.273
0.87372,-1.3915,109,36.24
1.6077,-0.35477,109,36.083
2.7178,0.1223,109,37.646
3.5683,-1.0079,113,36.885
3.3094,-0.45404,117,38.175
3.0642,-0.66867,116,37.836
3.0235,0.26079,115,39.209
1.1619,0.5934,120,41.872
1.2159,2.2081,119,40.35
2.9453,0.1434,120,39.441
1.9279,-1.487,115,37.836
1.3119,-1.1399,120,42.79
3.0158,-2.073,122,38.969
2.861,-1.3252,121,41.839
0.63238,0.088558,124,44.386
0.19244,1.8824,123,41.963
0.39746,0.59122,115,39.457
2.2286,-2.1983,120,41.963
3.4848,-3.0524,119,37.729
2.3998,-3.3657,110,37.464
2.5056,-1.35,121,39.978
2.0953,-3.9649,120,42.079
1.213,-4.2502,124,40.35
-0.090783,-3.6386,122,40.946
0.099828,-1.1475,110,37.522
1.3229,0.012362,116,37.927
0.4798,-2.0876,113,38.481
0.55609,-1.4035,111,37.555
2.4571,0.43492,118,44.014
2.6656,-1.0522,113,39.614
0.54189,-2.4719,118,39.879
1.2541,-2.4163,114,36.885
2.3155,-2.3812,114,38.589
-0.48199,-3.6384,110,38.109
-0.14996,-5.2328,105,36.587
0.7192,-0.79139,115,38.109
1.3736,1.6204,113,37.05
3.2967,1.8359,107,37.191
3.9753,-0.6066,100,35.967
2.9907,-3.8021,110,41.682
2.5671,-6.4972,101,36.075
2.0198,-7.3115,102,36.058
0.15813,-4.8961,109,36.513
0.56936,-2.464,108,35.206
2.0818,-1.8835,104,36.794
2.3278,-0.69253,103,36.166
2.6745,-0.78669,113,41.566
2.6479,-0.53006,113,38.572
2.8978,-0.60745,118,39.242
2.5658,-0.7019,117,39.887
2.3574,-0.75488,116,38.018
1.906,-0.73518,112,38.415
1.8242,-1.1619,114,37.861
1.3385,-0.89559,118,38.895
1.847,-0.93796,118,38.605
1.7873,-0.7919,119,38.688
1.0275,-1.0566,124,38.432
0.51839,-0.61543,119,39.904
0.16634,0.11883,114,37.762
0.84364,0.36963,122,39.912
1.6969,0.57243,124,40.764
2.6119,0.1434,120,38.506
2.616,0.072707,116,37.191
1.4995,-0.63287,118,36.703
0.47028,-1.5733,120,37.365
-0.025903,-2.6752,118,36.604
-0.29976,-3.8179,111,35.81
-0.20885,-5.2539,109,34.743
1.1712,-4.9825,108,34.28
1.5018,-3.5131,115,38.589
1.9838,-3.3272,109,35.57
2.4798,-3.0345,113,37.828
1.5801,-2.4783,115,36.91
2.1488,-3.0741,114,36.612
2.3888,-2.5914,115,37.001
1.9248,-2.3002,117,36.786
1.0786,-0.17449,123,41.103
1.2953,-0.014937,120,39.35
2.7207,-0.34349,122,37.629
3.0322,-1.9664,122,39.515
1.425,-3.1816,128,39.515
0.67971,-2.3025,122,38.589
0.4034,-3.2233,117,37.464
0.61083,-2.7583,119,37.257
1.508,-3.8447,118,38.589
1.2707,-6.082,118,38.308
0.85639,-4.719,117,41.136
0.79528,-2.9983,120,42.153
2.8593,-3.3373,114,38.39
3.031,-4.8512,112,37.092
0.79613,-6.0651,118,40.838
0.93172,-2.4719,118,39.333
-0.30781,-0.63625,113,37.282
1.2006,0.71125,112,38.771
2.5279,-0.71313,115,39.953
1.4322,-4.4696,115,41.012
0.42997,-5.917,111,37.398
-0.21802,-6.3089,109,39.862
-1.3473,-6.4362,108,39.308
0.99967,-2.0215,114,41.748
3.5714,-1.0957,115,37.902
3.8008,-4.3344,108,35.661
1.9453,-7.5566,100,34.561
-1.9147,-6.6766,100,34.048
0.3205,-2.6274,113,37.373
1.2235,1.0434,115,39.035
1.6841,0.6985,98,36.629
5.1637,-2.2403,98,34.462
3.4872,-2.6856,93,34.28
-0.99699,-3.3813,97,34.437
-2.9153,-4.208,109,40.623
-1.5912,-3.08,107,39.887
-1.0023,-4.2459,103,42.153
0.13528,-4.3266,100,37.654
0.77653,-4.192,96,33.908
0.76612,-3.7545,96,33.999
0.84002,-4.0724,95,34.669
0.77499,-3.9328,101,34.09
1.1739,-3.9852,98,33.147
1.2799,-3.9229,101,33.61
1.5899,-3.9547,103,33.726
1.4811,-4.0283,106,34.561
1.3358,-4.2518,105,33.883
1.2736,-3.6792,106,33.982
0.69899,-3.1399,108,34.743
1.0094,-3.434,106,35.206
0.44721,-3.8162,104,35.016
-0.83805,-3.427,108,35.959
-1.6175,-3.5832,113,38.688
-1.2726,-3.4495,112,36.612
-0.31778,-2.908,111,36.976
0.82636,-3.3044,111,36.149
2.3907,-3.1475,110,37.183
3.1327,-2.7548,111,36.149
2.7274,-1.7352,112,36.819
1.2367,-1.5307,116,36.538
0.19906,-1.8759,119,38.638
-0.4065,-2.4762,112,36.124
-1.0211,-3.8931,107,34.925
-1.169,-4.9661,105,35.405
0.27207,-3.6905,112,41.268
0.99528,-2.4149,120,40.35
-0.0026161,-1.7583,119,40.648
-0.090924,-2.8152,116,37.836
1.8505,-4.0917,114,38.969
0.5523,-6.6619,114,39.151
-0.33366,-7.4075,114,39.507
0.052214,-7.3586,101,35.868
-0.031416,-6.3624,103,37.464
-1.1591,-5.6175,115,42.492
-1.1214,-4.7399,120,40.946
-0.077726,-3.4327,113,37.166
2.6049,-2.8899,114,36.149
1.3971,-5.4227,112,37.257
-0.34481,-6.3944,111,37.836
-0.31506,-4.9532,116,40.259
1.031,-3.8087,119,42.608
-0.56828,-3.8363,118,42.046
-0.82368,-4.1687,116,38.225
0.61565,-2.7696,108,39.788
2.6583,-5.0349,115,39.887
1.0727,-7.6805,113,41.963
-2.2547,-8.5737,117,43.923
-2.933,-6.8783,115,38.754
-0.72374,-2.2734,113,37.621
1.0196,0.16021,113,41.665
-1.3358,-0.90796,111,39.515
-0.38865,-4.1459,112,38.175
1.1823,-4.4306,119,43.989
0.51647,-4.4125,118,40.665
0.39183,-7.2463,116,42.236
0.33503,-6.6335,117,41.302
-1.0239,-4.0865,117,43.187
-0.16381,-5.6384,110,36.728
0.69123,-4.6197,111,37.877
-0.35087,-2.2008,104,35.942
-2.1009,-1.7778,104,36.496
-1.6526,-3.3416,93,34.164
-1.0302,-4.026,98,36.058
-1.3518,-4.4013,103,36.819
-1.163,-4.6392,109,36.728
-0.92444,-4.1438,109,36.885
-0.6899,-4.3899,108,36.124
-0.44738,-4.0061,109,37.555
-0.043708,-4.3456,109,38.2
-0.026647,-3.8987,114,38.018
0.31546,-4.2934,114,38.481
0.96562,-5.0481,118,39.49
1.2322,-5.2262,115,38.109
1.3131,-4.5481,118,37.257
1.9077,-4.531,117,38.961
2.5165,-4.5566,118,38.663
2.6253,-3.6286,125,38.506
2.4808,-2.3335,121,37.439
2.1418,-1.5221,116,36.885
2.36,-2.6959,122,39.143
1.6936,-4.1687,116,38.779
-0.12859,-4.5926,111,36.538
-2.2173,-4.108,107,35.595
-2.0026,-2.8171,119,38.208
0.92477,-2.8472,117,41.268
1.8991,-5.1549,117,38.572
0.66901,-5.7939,118,37.232
-0.99638,-4.4649,120,39.614
0.81195,-2.6983,120,38.382
2.5588,-3.7685,118,40.64
1.6332,-4.2894,116,37.836
0.067597,-5.7963,121,38.961
-0.7957,-4.5484,122,39.333
-1.1039,-2.5963,126,39.126
0.36004,-1.7533,122,38.853
0.014191,-0.27089,119,42.682
-0.7957,-2.9255,122,41.483
0.64128,-2.9246,125,42.699
1.3734,-2.9037,121,42.046
1.3053,-4.5006,125,41.847
1.1897,-5.6122,126,41.202
-0.52539,-5.8348,133,45.238
-0.75065,-6.9468,123,43.526
-0.98423,-4.3189,122,45.792
0.86823,-5.4828,122,39.788
0.56418,-7.0054,127,50.779
-1.7797,-8.2149,120,45.213
-2.7423,-10.606,121,45.908
-3.1582,-10.302,114,50.109
-1.0683,-4.4803,118,45.097
-0.74595,-2.0215,114,38.87
3.0405,-2.9185,105,38.026
3.4708,-6.7723,102,35.223
1.0726,-9.6566,110,37.555
-1.2093,-7.6748,110,50.332
-2.4648,-4.5398,119,39.953
0.42028,-2.7733,120,38.779
1.4362,-6.593,110,35.57
-0.18805,-10.29,105,34.95
-0.76433,-10.749,104,35.297
-1.4312,-8.9193,102,33.304
-3.1445,-3.2854,118,39.424
-1.6144,0.53989,114,37.646
2.5935,-2.9405,112,37.1
0.18973,-7.9455,108,34.925
-2.2071,-9.8042,105,36.579
-0.71835,-9.3021,110,43.071
0.11528,-11.607,100,39.399
-2.0849,-11.415,106,41.194
-4.2639,-5.0337,109,42.608
0.71826,-0.22327,111,36.521
2.7156,-4.1309,101,35.198
0.55639,-8.8455,90,31.923
-3.7408,-8.0844,72,27.771
-3.221,-6.6353,89,33.238
-0.62314,-8.9145,95,32.196
0.73594,-7.7622,107,36.05
0.33934,-10.784,101,35.595
-3.0025,-9.7007,111,43.352
-2.2547,-7.964,108,43.923
0.38679,-1.3491,106,36.885
-0.95283,-7.2453,106,37.067
2.2405,-10.385,105,41.293
-1.3057,-8.0056,98,36.24
-4.697,-7.9893,104,37.464
3.9643,-6.8995,105,43.088
1.8679,-6.0377,106,35.322
-4.9278,-7.9028,104,35.512
-4.3302,-12.208,106,37.555
-2.9078,-11.322,98,35.479
-2.4888,-10.333,94,35.206
0.24987,-4.5841,109,41.98
-0.17051,-2.0303,95,34.462
-1.7278,-4.3846,93,34.743
-4.0315,-10.146,112,39.722
-5.6047,-13.577,100,33.701
-3.3363,-12.577,98,34.379
-5.2977,-13.976,93,35.297
-5.5075,-15.304,91,33.792
-2.7351,-15.841,102,40.855
-0.41633,-12.355,99,40.673
0.74528,-12.794,101,35.686
1.2113,-10.595,103,35.967
-1.542,-10.248,94,34.553
-1.6409,-10.022,101,35.504
-1.3339,-7.1705,101,37.183
-4.4057,-5.2453,106,35.694
-3.2947,-1.2166,100,35.388
1.267,-5.3827,92,34.487
2.2355,-10.802,102,38.688
3.3393,-15.497,101,36.794
-0.72138,-18.633,105,37.944
-2.1175,-19.9,102,43.179
-1.373,-25.223,93,39.515
-2.4792,-30.71,98,33.916
-3.9286,-35.72,92,33.999
-6.5606,-39.898,85,30.608
-8.4495,-42.18,77,32.485
-10.764,-43.991,53,27.267
-8.9312,-43.762,34,22.834
-7.9606,-43.851,34,21.337
-7.5297,-43.132,40,25.373
-8.5096,-43.145,51,27.73
-9.0166,-43.223,63,27.432
-9.8312,-43.015,85,37.646
-9.7835,-43.855,87,38.365
-11.362,-47.176,84,33.536
-11.921,-47.676,84,35.041
-7.8012,-47.347,86,32.138
-8.462,-48.118,82,33.056
-8.85,-53.521,84,36.819
-7.9672,-55.232,80,35.115
-6.6547,-58.594,80,33.891
-6.4408,-62.696,86,34.553
-9.1357,-66.485,84,32.204
-10.055,-70.957,85,33.933
-10.993,-72.102,88,34.47
-10.655,-74.97,75,28.855
-15.195,-72.169,67,28.094
-13.807,-71.517,76,28.83
-14.012,-71.671,70,27.432
-17.139,-76.904,69,27.796
-21.971,-77.139,67,26.696
-22.734,-77.444,71,28.772
-18.961,-77.63,68,28.003
-22.283,-78.374,71,28.466
-23.886,-77.964,76,28.466
-26.997,-77.526,66,26.316
-32.094,-77.075,81,29.69
-33.468,-80.077,75,28.557
-35.527,-77.453,77,29.202
-35.934,-80.185,78,29.988
-35.89,-84.826,63,25.745
-38.168,-87.339,46,22.007
-35.58,-86.357,40,21.064
-35.557,-89.929,43,22.743
-36.346,-91.398,44,23.984
-36.401,-89.827,48,26.506
-36.935,-91.057,50,22.718
-37.666,-92.596,51,23.512
-37.966,-91.73,52,22.743
-38.055,-92.473,60,25.373
-37.142,-91.718,62,26.415
-38.495,-91.897,50,26.597
-37.788,-92.873,60,27.639
-38.875,-95.697,50,26.233
-37.782,-95.779,36,21.271
-37.793,-96.037,52,25.844
-34.956,-96.872,57,27.821
-36.07,-97.326,65,27.432
-37.118,-99.762,73,28.838
-36.981,-99.928,62,26.134
-36.15,-103.29,67,29.318
-36.255,-105.11,63,28.028
-33.466,-104.54,52,24.43
-35.236,-107.95,54,23.504
-36.255,-106.06,46,22.652
-33.716,-105.61,52,23.049
-33.405,-110.18,40,19.956
-34.957,-110.49,47,21.337
-33.985,-112.83,52,23.504
-35.009,-118.07,57,25.373
-32.982,-118.72,55,24.703
-33.877,-116.48,53,24.058
-30.368,-117.88,62,26.481
-31.412,-119.3,70,29.111
-28.688,-121.47,67,26.506
-30.201,-121.93,75,29.318
-29.851,-122.85,62,26.903
-32.698,-126.47,70,29.417
-36.569,-131,70,28.673
-36.711,-134.89,68,29.483
-36.633,-139.22,74,30.335
-35.834,-136.5,69,28.648
-34.18,-140.75,67,28.375
-35.921,-139.81,75,31.931
-32.56,-140.21,72,29.111
-30.27,-141.63,66,27.151
-25.765,-143.6,51,23.206
-24.974,-147.82,57,23.876
-23.391,-154.78,66,27.06
-25.609,-158.48,65,29.02
-30.864,-161.51,64,27.614
-29.615,-166.2,61,25.952
-34.153,-164.05,49,23.785
-33.605,-158.02,60,25.563
-30.777,-159.32,67,27.614
-32.015,-159.77,71,30.517
-31.376,-167.43,74,30.517
-34.632,-171.22,69,28.168
-35.769,-176.79,70,28.954
-38.07,-182.46,65,26.878
-38.366,-188.57,63,26.142
-40.961,-194.53,68,29.02
-42.778,-198.08,65,26.853
-40.358,-204.54,58,24.802
-41.622,-208.72,49,22.958
-43.118,-209.87,44,21.246
-44.383,-209.74,39,20.138
-46.58,-211.71,40,21.362
-49.706,-214.3,51,25.348
-50.8,-216.83,44,21.337
-48.055,-212.31,60,25.472
-52.721,-216.04,60,25.282
-49.107,-214.95,61,26.208
-50.348,-216.2,64,26.969
-50.509,-221.32,63,26.316
-55.038,-224.66,60,25.373
-57.274,-227.91,51,26.316
-57.063,-231.85,47,23.694
-56.515,-231.4,50,22.958
-56.215,-232.92,50,22.768
-57.524,-236.36,52,23.115
-60.549,-239.17,61,26.233
-62.484,-243.9,61,31.46
-65.961,-249.37,57,25.654
-66.435,-254.62,51,26.39
-65.035,-258.88,50,28.102
-66.297,-262.13,51,24.819
-65.133,-264.79,53,26.415
-68.454,-267.07,53,24.984
-69.355,-269.16,50,26.696
-67.81,-274,48,23.115
-69.587,-278.69,46,28.491
-71.06,-279.16,40,27.639
-69.749,-282.16,35,21.155
-73.585,-280.49,40,24.339
-69.785,-279.76,40,27.73
-71.512,-283.54,39,25.671
-69.155,-286.71,68,27.242
-72.846,-292.74,68,27.432
-76.028,-298.34,64,26.787
-78.638,-302.1,54,24.339
-80.361,-306.22,41,21.544
-77.711,-305.86,47,24.174
-79.18,-304.21,51,23.992
-77.796,-308.84,47,22.197
-77.889,-313.03,55,25.026
-77.657,-317.47,54,23.785
-75.468,-321.19,30,23.231
-75.468,-321.19,30,23.231
