0,-0,101,33.354
0.7469,0.45429,103,34.28
1.8414,-1.8091,117,37.257
0.71919,-4.327,130,39.424
1.4952,-6.6935,134,40.929
1.4325,-7.9132,152,44.055
2.1403,-9.1665,160,45.486
1.8932,-9.9074,201,55.526
2.077,-9.5013,224,59.992
1.5961,-10.068,237,63.755
2.2802,-10.415,243,60.687
1.549,-11.675,239,58.338
0.62763,-13.525,228,53.831
1.7613,-12.936,250,57.949
2.4574,-14.418,253,61.505
1.9908,-14.379,236,54.418
0.72165,-14.453,238,53.103
2.8233,-13.717,257,60.968
3.2505,-11.41,242,56.395
2.8316,-12.55,243,54.038
5.6776,-12.461,245,61.944
5.2449,-13,245,58.917
6.3737,-11.847,251,62.076
6.7853,-11.724,250,62.324
7.2053,-10.556,250,61.323
6.871,-9.0016,249,59.14
6.7545,-7.122,249,59.554
5.5649,-3.2181,241,60.505
4.2398,-1.2092,266,66.137
2.4008,2.2307,248,63.135
0.42891,4.1572,247,62.655
-2.1159,6.9943,234,57.304
-3.8411,7.4162,248,63.59
-3.5431,7.502,236,57.71
-1.5265,5.1267,245,59.099
-0.98223,4.4323,248,59.38
1.3918,2.6038,231,54.964
2.5349,1.596,230,55.46
5.2336,1.5978,233,53.814
9.0219,1.0295,221,52.45
10.318,-0.90228,238,58.619
8.4073,-3.5293,241,58.611
6.329,-7.1343,264,64.822
7.0306,-11.062,253,58.065
5.367,-14.944,244,54.41
3.0326,-16.285,238,54.691
2.7412,-18.082,232,53.467
0.68312,-19.862,225,52.011
1.0997,-19.745,227,52.342
3.7685,-20.554,221,53.012
2.8798,-20.523,222,54.972
3.3288,-21.467,227,56.742
1.4288,-23.143,219,52.83
2.0038,-21.1,234,56.097
1.3662,-19.164,232,52.632
0.97389,-18.685,234,53.442
2.3432,-18.785,221,53.136
2.7101,-21.553,237,53.45
3.2708,-21.694,221,50.382
3.2762,-21.946,222,51.044
2.3936,-24.496,223,51.556
2.1608,-25.131,220,51.366
1.3091,-24.724,224,51.3
2.2778,-25.064,224,51.118
1.0329,-25.658,222,50.564
1.3959,-27.28,216,50.663
0.60949,-26.91,222,51.192
1.7053,-27.462,225,51.879
2.1009,-27.857,225,53.029
2.1109,-29.098,237,56.006
1.1092,-29.476,219,50.746
0.11955,-29.627,214,49.431
0.68476,-29.098,237,53.756
0.71427,-29.63,233,54.79
0.46535,-29.271,225,51.019
1.0947,-30.906,232,52.036
1.7251,-32.184,231,55.725
0.88526,-32.634,231,52.292
1.2389,-33.373,234,53.293
-0.17783,-35.375,227,52.524
-0.69623,-34.421,229,52.044
0.89974,-36.26,221,51.854
0.54057,-35.759,226,52.896
1.0994,-35.727,235,54.186
0.33618,-33.929,240,56.146
-0.14108,-33.897,249,59.008
2.0051,-33.679,239,55.038
0.83725,-35.145,242,54.162
1.0079,-36.317,247,54.972
1.0971,-36.738,239,54.691
-0.37676,-38.836,228,53.409
0.9478,-39.205,228,53.773
2.983,-38.551,226,52.251
2.9487,-39.446,240,55.865
3.6368,-38.624,245,57.577
3.6708,-39.786,258,61.125
3.3434,-40.006,246,61.935
2.5821,-40.394,257,62.605
2.0196,-40.534,258,63.465
0.67465,-39.445,258,61.985
0.46176,-39.306,279,62.746
-1.2267,-39.535,276,62.837
-0.69762,-37.545,270,58.454
0.48038,-36.799,266,60.48
1.009,-34.1,252,54.757
1.3453,-32.78,250,56.568
2.2597,-31.362,248,56.378
1.173,-32.146,260,58.975
0.17587,-32.288,266,59.934
-0.25004,-32.615,260,57.825
-0.69829,-35,275,63.416
-0.76659,-37.574,263,61.34
-0.45027,-36.68,237,56.204
0.36617,-35.22,242,58.338
1.0893,-34.918,242,59.992
0.91735,-34.52,250,61.803
0.89392,-34.694,245,61.125
0.62613,-34.835,255,60.579
0.41271,-34.657,266,60.736
0.36241,-34.564,272,61.497
0.092653,-34.036,271,60.67
-0.25107,-33.671,268,59.099
-0.62354,-32.708,270,58.429
-0.9919,-32.344,269,58.454
-1.2784,-32.622,281,60.596
-1.545,-32.839,289,61.224
-2.0239,-32.579,280,60.298
-2.0082,-33.236,283,62.2
-1.4396,-34.171,284,62.903
-1.2542,-35.367,296,65.326
-0.89737,-36.404,295,68.237
-1.0848,-37.22,289,64.747
-0.97716,-38.05,287,63.391
0.6087,-37.363,286,66.22
0.98982,-37.307,286,63.184
0.81042,-38.505,284,62.795
-0.041503,-39.929,292,64.962
0.6082,-41.39,280,63.184
0.73992,-41.367,295,69.891
-0.17917,-41.288,301,71.95
-0.53814,-39.426,287,67.65
1.1235,-38.008,275,60.67
1.5346,-36.846,260,58.818
0.50145,-39.005,277,64.011
0.3334,-41.222,288,65.26
1.0784,-40.628,292,68.998
-0.37746,-41.514,299,71.785
-0.74043,-41.034,277,65.144
1.5702,-39.174,286,65.235
0.91831,-39.057,287,67.104
0.36296,-40.594,293,69.155
0.68036,-40.273,293,69.461
-0.87258,-39.511,290,68.378
-1.1744,-37.854,272,62.457
-1.4965,-36.341,262,57.693
-0.35986,-36.746,246,55.336
0.39784,-36.714,237,55.27
0.49066,-36.967,237,56.279
0.47358,-37.221,243,54.674
0.39624,-37.181,246,54.856
0.34184,-37.301,251,55.319
0.33491,-37.319,253,55.501
0.42718,-37.596,262,56.237
0.30945,-37.467,263,56.601
0.10308,-37.491,265,56.907
-0.11458,-37.329,269,57.56
-0.51268,-36.882,273,57.858
-1.1189,-36.056,279,56.998
-1.0001,-34.724,275,58.338
-1.1024,-33.461,273,56.733
-1.1155,-32.405,272,58.867
-0.39932,-31.273,266,58.321
-0.090209,-31.022,270,60.802
-0.50069,-31.864,265,57.767
-0.74576,-32.411,270,58.536
-1.705,-33.763,270,57.486
-1.7248,-34.794,263,55.981
-1.2736,-35.041,272,56.882
-1.4763,-35.4,274,57.304
-1.0921,-34.635,287,62.307
0.34791,-34.294,281,60.736
1.8072,-33.949,275,60.48
1.1356,-34.321,279,62.531
1.2101,-34.569,286,64.243
2.0255,-33.69,291,64.16
2.5566,-33.814,285,62.027
2.2379,-34.387,277,60.985
2.6581,-34.535,275,59.43
0.29567,-33.398,277,60.323
-1.0459,-31.942,266,58.594
-1.0962,-31.927,260,55.245
-1.5267,-32.936,253,54.294
-1.4629,-34.624,251,54.095
-1.5753,-35.771,246,54.509
-0.58638,-36.074,232,54.327
0.22591,-35.947,213,50.076
0.39392,-36.318,210,50.374
0.8575,-36.638,204,51.06
1.149,-36.492,196,48.116
1.7678,-35.838,205,48.298
1.502,-34.175,191,46.437
1.6558,-32.872,168,45.437
1.5048,-33.222,152,41.293
0.67224,-33.514,145,40.35
1.0787,-34.517,150,41.872
1.3653,-34.777,150,42.236
2.0735,-34.036,148,41.384
2.953,-32.604,162,43.94
3.9991,-32.868,163,42.666
3.7942,-32.839,149,40.714
3.8603,-34.005,157,43.071
2.4049,-35.351,182,46.156
0.015347,-36.671,180,46.437
-0.34965,-36.919,200,49.001
1.0117,-36.707,194,48.05
0.95564,-38.419,206,49.274
0.22444,-40.136,220,51.722
-0.37015,-40.885,231,53.814
0.86989,-38.609,220,53.219
1.721,-37.254,223,52.904
1.8477,-38.377,238,54.046
0.94535,-39.812,250,59.455
0.42254,-39.542,257,59.198
1.1307,-39.694,245,56.535
1.298,-40.718,263,61.406
0.98743,-42.612,249,56.56
0.83836,-41.072,252,55.336
0.61472,-40.749,241,55.336
0.51965,-40.405,221,50.423
-0.0019024,-39.669,229,52.226
-0.26269,-39.759,239,54.393
-0.18196,-39.666,241,53.797
-0.17722,-39.094,249,55.294
-0.071333,-39.206,259,56.055
-0.014207,-38.905,269,57.163
-0.036512,-38.797,269,58.569
0.0060873,-38.645,270,58.594
-0.081416,-38.244,278,59.239
0.087649,-38.068,278,59.446
0.20033,-37.703,283,61.042
0.085065,-37.769,284,60.926
-0.10707,-37.783,290,61.307
-0.34011,-37.897,293,60.769
-0.22538,-37.587,291,60.67
0.058329,-36.864,285,60.414
0.03929,-36.326,284,61.059
0.14243,-35.875,288,61.357
0.7082,-35.829,280,62.283
1.1332,-35.618,289,63.962
1.3309,-35.49,290,64.905
1.2042,-34.353,291,62.192
1.0751,-33.534,287,60.662
1.4723,-32.931,287,61.439
2.3757,-32.808,279,60.778
2.6835,-33.2,275,59.38
2.7923,-34.421,263,57.37
2.6284,-34.836,276,59.239
2.5597,-34.77,265,58.47
2.2739,-35.706,256,57.015
1.845,-35.845,266,58.495
1.6375,-35.761,273,58.71
2.0189,-35.686,280,59.678
2.3802,-35.189,282,60.431
2.7264,-34.95,272,57.71
3.0246,-34.652,270,57.222
3.3098,-34.419,270,59.215
3.2491,-34.43,259,55.907
2.7482,-35.831,251,54.972
2.8676,-37.269,266,57.296
2.7181,-38.608,269,59.38
1.9546,-39.978,278,61.34
0.43776,-40.532,290,62.539
-0.54136,-40.423,298,65.558
0.19545,-40.697,289,67.319
1.2773,-41.754,319,73.654
0.97011,-44.017,315,76.16
0.90652,-45.617,306,74.969
0.79974,-45.282,314,77.549
1.6087,-42.794,300,71.214
1.7307,-40.056,294,65.144
1.4411,-39.016,289,63.366
2.4442,-37.579,284,62.539
0.57249,-38.615,280,61.431
0.64367,-39.95,286,66.013
0.57923,-39.248,281,60.803
0.16973,-39.615,274,57.114
-1.1481,-38.547,282,58.652
-0.50098,-36.58,297,60.571
-0.36627,-35.106,291,61.704
0.68984,-35.063,294,66.484
1.6591,-36.154,289,61.704
2.1243,-36.448,302,67.733
1.7817,-37.087,294,65.467
3.1646,-38.118,286,62.258
3.0317,-39.565,279,59.182
3.4724,-39.092,283,59.306
1.8775,-39.005,279,58.197
2.2611,-37.791,284,59.719
2.5007,-39.275,283,61.894
2.4653,-42.34,284,61.968
1.2971,-43.818,309,71.032
0.20621,-44.268,301,70.834
-0.95504,-44.279,314,75.457
0.53702,-43.867,293,68.576
0.049539,-43.116,291,67.907
-1.3299,-41.362,293,67.22
-1.6477,-38.611,283,60.786
-1.4507,-38.241,262,56.014
-1.3044,-35.654,278,60.645
-0.5593,-35.005,284,61.894
2.2057,-36.629,285,64.615
1.7251,-37.903,281,63.796
0.86463,-38.169,278,62.655
0.6278,-39.084,277,64.59
-0.93389,-40.402,263,58.867
-1.2837,-40.588,251,58.776
-0.84665,-39.252,250,56.452
-0.43165,-39.231,233,54.691
-0.35669,-39.557,236,54.484
-0.62989,-41.294,252,57.478
0.4845,-43.156,261,58.776
0.52417,-42.969,255,58.065
2.4815,-41.231,247,58.379
1.9515,-40.567,216,51.209
1.6121,-41.292,218,51.515
1.7028,-40.718,219,54.046
2.0287,-40.739,229,54.666
0.79589,-37.399,239,54.294
1.8373,-36.344,250,57.279
0.88722,-37.12,256,60.852
-0.4705,-38.287,265,59.421
-0.50709,-40.139,254,54.79
-0.82665,-41.628,250,55.956
0.70109,-42.558,263,59.81
1.8413,-43.788,250,57.784
2.6346,-42.639,254,57.511
1.9415,-40.831,273,62.076
2.6514,-40.147,258,57.213
3.422,-42.328,254,57.089
3.3014,-44.633,244,56.543
1.0903,-44.677,232,53.376
1.9183,-41.747,223,51.805
1.1735,-37.741,233,52.64
2.8524,-34.951,248,56.957
4.3928,-34.928,262,61.985
0.9452,-36.871,273,63.482
0.72195,-37.045,265,62.994
2.0526,-39.417,252,59.049
0.7115,-39.923,260,60.67
-0.056054,-39.682,257,60.372
-0.32454,-39.285,257,59.719
-0.26227,-39.205,268,60.67
-0.35621,-39.076,269,60
-0.32877,-39.28,272,61.224
-0.30108,-39.265,274,62.076
-0.47014,-39.192,279,61.406
-0.49919,-39.253,282,63.78
-0.52042,-39.088,281,62.44
-0.4921,-38.969,282,61.952
-0.55956,-39.106,281,62.167
-0.5106,-39.473,291,64.425
-0.77371,-39.863,297,65.285
-1.0096,-39.969,299,65.252
-1.2872,-40.035,299,64.615
-1.2247,-39.131,300,65.368
-0.84002,-38.292,298,64.789
-0.71493,-37.536,294,63.408
-0.41141,-37.467,284,60.786
-0.64845,-37.463,290,61.547
-1.0069,-37,288,60.298
-0.64693,-36.155,285,61.241
0.055926,-35.488,276,59.926
0.5708,-35.233,275,60.224
-0.047109,-35.401,281,59.289
-0.10035,-36.257,274,59.289
0.94154,-36.553,273,59.967
1.5098,-37.211,270,58.619
0.81699,-38.329,273,61.812
0.76205,-38.802,273,58.917
1.0529,-38.469,274,57.974
1.8866,-38.282,273,56.378
2.2767,-38.341,281,58.454
2.718,-39.085,285,58.818
2.0475,-39.943,280,61.034
1.6439,-42.026,308,63.275
0.79195,-42.372,297,62.605
0.12341,-42.891,310,67.22
0.24972,-43.976,320,69.941
0.52605,-43.971,313,70.586
0.80688,-44.699,325,73.29
1.132,-45.84,330,75.68
1.372,-46.366,332,75.432
0.42887,-47.647,329,79.559
0.13499,-49.678,336,82.18
0.74101,-51.9,341,83.818
0.83572,-54.291,351,89.566
1.1444,-55.787,349,89.491
1.1048,-57.829,355,94.114
1.9681,-60.283,358,96.554
1.964,-63.193,363,98.216
1.7933,-66.945,369,101.95
1.8211,-70.507,371,104.96
1.8373,-73.882,371,105.05
2.4904,-76.64,359,99.969
3.0241,-78.55,315,89.987
2.0372,-82.668,313,85.149
1.3487,-85.918,283,77.599
1.2173,-87.501,262,68.552
-0.6705,-86.242,265,67.08
0.43556,-83.889,235,56.56
0.72187,-82.752,230,58.156
-1.3712,-83.569,257,65.566
-0.95965,-84.961,280,68.51
-0.55894,-81.794,247,59.173
-2.2208,-78.164,223,52.706
-3.3134,-76.936,235,56.535
-0.86216,-76.014,229,54.253
0.47817,-79.369,234,57.238
1.0238,-83.993,265,63.3
-0.59369,-88.718,271,63.044
-0.62759,-92.481,269,63.548
-1.6764,-97.783,268,61.042
-2.0423,-101.64,260,63.763
-2.43,-105.63,258,62.514
-2.1486,-110.09,272,66.955
-2.1316,-115.09,263,65.748
-3.5604,-119.8,272,67.675
-4.5191,-125,258,60.926
-4.2099,-128.14,271,68.188
-4.3111,-133.06,246,57.668
-5.8842,-134.62,246,57.784
-5.632,-137.73,226,52.706
-9.9613,-138.97,225,51.763
-9.4902,-138.8,270,61.15
-8.67,-140.24,266,64.582
-7.4938,-143.73,245,61.646
-6.3051,-146.04,196,52.433
-8.3071,-147.56,145,43.41
-7.6123,-152.45,258,61.646
-7.8245,-156.51,248,58.826
-9.7024,-160.36,229,55.824
-12.545,-159.09,224,55.22
-12.972,-158.54,223,52.822
-14.518,-159.89,219,55.27
-18.135,-157.97,192,47.678
-18.307,-158.63,193,49.414
-22.134,-159.73,172,44.312
-22.086,-158.88,141,42.815
-21.517,-160.09,95,33.883
-20.381,-159.48,93,33.337
-19.569,-158.44,109,37.282
-20.476,-157.13,134,39.118
-21.822,-158.07,169,44.386
-21.434,-158.86,211,51.714
-21.756,-159.58,221,51.647
-21.932,-158.37,233,54.699
-19.756,-159.9,253,59.471
-22.216,-164.07,248,56.742
-24,-166.57,255,59.818
-23.319,-167.78,268,64.979
-23.984,-164.87,269,66.409
-23.042,-158.27,251,57.941
-17.996,-158.4,241,54.575
-17.276,-160.98,263,60.852
-11.361,-162.48,253,57.486
-11.032,-165.42,243,56.213
-9.885,-164.32,248,57.949
-12.475,-166.81,269,65.666
-12.082,-171.88,236,55.725
-13.257,-176.67,240,55.526
-11.731,-181.06,212,51.548
-13.271,-181.65,194,47.264
-10.999,-180.09,186,46.338
-5.9646,-180.72,164,43.162
-7.0318,-184.23,183,46.528
-7.0789,-184.88,189,47.008
-4.0582,-185.65,179,46.346
-5.4693,-187.51,199,47.661
-3.4774,-190.33,202,48.521
-6.5301,-192.51,204,49.191
-4.5916,-193.94,210,49.778
-5.0154,-197.5,216,51.697
-6.0354,-200.31,217,52.615
-6.4396,-200.55,198,48.902
-6.7611,-196.73,194,47.926
-7.7951,-198.99,177,44.477
-7.3597,-198.02,182,45.85
-6.2926,-198.23,196,48.099
-7.071,-199.94,180,45.031
-6.3269,-202.04,183,46.437
-7.0503,-202.72,191,47.198
-9.7087,-205.45,200,48.017
-12.022,-203.26,217,51.515
-12.888,-202.99,232,54.964
-12.283,-205.8,242,55.551
-14.701,-206.41,244,57.048
-16.44,-211.05,240,56.072
-18.328,-215.76,244,58.057
-19.488,-220.73,251,59.835
-21.061,-225.46,247,56.171
-19.777,-224.8,245,56.444
-20.39,-226.52,240,54.484
-19.283,-226.7,259,59.074
-19.727,-232.8,243,54.592
-21.177,-237.57,244,55.716
-20.711,-241.56,232,54.302
-20.891,-243.77,223,51.598
-21.999,-244.67,229,52.714
-19.659,-245.32,232,52.11
-20.245,-248.32,241,54.6
-21.126,-251.05,242,55.41
-22.997,-256.02,253,58.156
-21.704,-257.99,273,61.82
-22.507,-261.11,252,57.668
-24.262,-263.29,230,53.442
-26.868,-266.83,237,54.021
-26.83,-270.87,216,50.936
-27.642,-270.36,249,54.401
-27.855,-269.48,249,55.535
-25.369,-266.62,249,57.048
-25.891,-267.53,247,56.262
-26.009,-273.46,247,57.321
-27.416,-277.54,266,61.919
-27.932,-282.69,245,55.526
-25.484,-283.12,252,58.991
-27.039,-287.75,245,56.568
-30.06,-292.69,246,55.46
-29,-297.03,241,56.262
-29.25,-301.73,243,57.106
-30.842,-306.99,235,54.319
-31.071,-310.25,241,56.841
-32.441,-315.19,238,54.492
-33.723,-319.75,238,54.608
-38.668,-322.75,229,54.021
-40.436,-324.58,229,53.566
-43.537,-329.16,239,57.875
-44.759,-335.59,222,55.038
-46.691,-341.93,216,54.393
-47.647,-347.43,211,52.524
-46.729,-352.68,205,49.406
-45.96,-357.54,188,46.338
-46.836,-362.51,160,42.492
-46.513,-364.79,152,44.576
-46.312,-365.97,163,47.223
-47.415,-369.31,165,49.704
-47.745,-373.2,154,46.338
-46.505,-376.74,115,40.342
-46.157,-381.33,94,35.504
-45.688,-383.55,53,23.603
-45.688,-383.55,53,23.603
