0,-0,123,42.261
-0.2199,0.16125,126,42.443
-0.58277,-0.099227,122,43.534
-0.19044,-0.57431,125,42.682
-0.27838,-0.98453,133,42.31
-0.35832,-1.3428,136,42.699
-1.0716,-1.9752,136,43.923
-1.4995,-2.0809,134,42.55
-1.4995,-2.1779,134,43.096
-1.7457,-2.7077,134,45.056
-1.3987,-2.8425,135,46.28
-1.4129,-2.5656,143,45.172
-1.359,-2.945,138,44.94
-1.5274,-2.8804,144,45.701
-1.8889,-2.793,148,47.851
-1.5578,-2.9011,148,46.743
-1.9024,-2.8667,145,47.041
-1.9024,-2.8876,148,47.959
-2.0413,-3.436,144,45.809
-2.2219,-2.9915,144,46.065
-2.6207,-2.9577,142,45.817
-2.5759,-2.9827,147,46.098
-1.8495,-3.795,151,46.545
-1.2546,-3.2816,142,50.035
-1.0119,-2.8943,137,50.109
-2.1126,-3.2421,138,45.006
-2.3891,-2.5876,150,45.817
-1.565,-3.4465,163,46.578
-0.85546,-4.0218,149,46.048
-0.98352,-3.2727,148,47.86
-0.45146,-3.1688,153,47.272
-0.40244,-3.7044,158,46.627
-0.78123,-3.1125,165,51.3
-1.1408,-2.9001,172,47.934
-1.5753,-3.8511,162,51.135
-1.2224,-3.7543,150,49.646
-1.6781,-3.0802,156,46.942
-2.1473,-3.2549,147,43.857
-2.7449,-2.908,146,44.61
-1.8823,-2.4379,149,44.775
-2.286,-1.8669,146,46.578
-2.331,-1.5157,140,46.553
-2.4227,-1.4686,148,48.439
-2.3558,-1.2276,150,49.183
-2.5883,-1.2469,156,47.082
-2.5463,-1.1614,146,50.118
-2.9281,-1.0866,156,48.976
-3.034,-1.3022,152,50.382
-2.9289,-1.9672,151,51.118
-2.8128,-2.0736,145,50.788
-1.8952,-2.5247,138,53.798
-2.8812,-2.951,141,50.382
-3.305,-2.4787,154,47.959
-2.6907,-2.7884,170,48.447
-2.6327,-2.8351,152,48.538
-1.7741,-2.2051,148,56.048
-1.6671,-1.4433,153,56.775
-1.3752,-1.6943,165,50.01
-1.5209,-1.6573,173,53.773
-1.3327,-2.1618,172,58.991
-2.0237,-2.561,165,56.031
-2.7401,-2.9592,154,50.109
-2.4535,-4.3025,147,48.257
-2.5114,-4.3174,156,50.357
-1.5303,-3.1966,129,61.059
-2.0315,-2.733,155,52.276
-2.3545,-3.9286,146,64.442
-2.5193,-4.2969,154,58.52
-2.7734,-3.804,155,58.008
-4.13,-4.5949,167,49.729
-3.8901,-4.0301,162,48.422
-4.01,-4.0589,158,53.384
-3.2774,-3.8288,168,51.077
-3.5947,-4.5274,169,48.91
-3.3741,-4.3408,159,51.416
-3.3841,-3.9675,164,57.42
-3.8389,-3.9868,173,51.821
-4.1673,-3.0673,185,50.175
-2.0353,-2.4256,128,64.012
-1.6176,-3.2867,158,53.475
-1.9292,-3.9747,112,71.215
-4.7851,-4.8112,409,80.709
-4.0573,-4.2394,368,69.734
-3.1854,-3.533,357,69.511
-4.0203,-3.719,348,67.501
-5.0669,-5.0375,377,70.793
-4.3483,-5.8918,397,72.546
-4.6449,-5.0534,396,71.909
-5.6827,-4.2015,446,80.99
-7.0342,-6.1751,463,83.81
-5.4102,-5.8189,451,77.624
-3.5401,-4.1466,436,74.986
-4.0778,-4.8161,422,73.869
-4.8883,-6.9203,424,74.316
-4.7932,-7.0035,412,73.142
-2.6985,-6.3296,402,72.091
-2.5076,-6.0205,428,76.458
-2.829,-7.3168,490,84.058
-4.104,-8.7757,506,86.432
-5.4215,-8.9152,526,90.195
-5.9175,-8.6077,464,85.745
-4.5942,-8.9254,451,80.022
-4.7694,-9.9697,451,78.848
-5.8816,-8.9568,480,81.958
-4.9067,-8.9962,471,79.146
-5.2732,-7.7707,445,76.4
-4.6964,-5.5454,427,74.184
-3.7691,-5.2184,435,75.664
-4.1592,-6.8695,444,77.996
-3.2498,-7.5638,475,84.282
-3.3084,-8.7903,500,86.747
-5.7516,-9.4633,464,76.26
-6.2681,-10.652,454,74.25
-7.2426,-9.951,441,77.36
-6.0934,-9.5874,466,83.364
-4.8197,-8.9052,459,82.553
-5.3112,-10.042,433,81.702
-6.5859,-10.93,477,84.555
-5.7946,-12.701,482,79.717
-5.1411,-14.203,486,89.368
-5.7585,-14.614,514,96.141
-4.7799,-14.416,514,87.656
-4.6558,-14.349,515,87.383
-4.5844,-14.27,522,88.326
-4.8907,-14.752,512,85.886
-4.9064,-14.378,511,86.068
-4.9739,-14.113,504,85.861
-4.9726,-14.191,513,86.531
-4.9781,-14.072,529,88.508
-4.7583,-14.558,541,90.286
-4.9661,-14.28,581,91.551
-5.4717,-14.441,606,96.447
-4.2402,-15.286,598,91.667
-3.479,-16.67,562,93.627
-3.6311,-16.966,527,90.939
-4.7715,-17.012,527,95.802
-4.6455,-16.457,537,96.687
-4.2695,-15.985,553,94.164
-3.6463,-14.717,574,92.924
-2.6658,-13.164,579,97.903
-2.8098,-13.512,594,98.796
-2.8416,-14.036,641,104.92
-1.9738,-14.655,701,112.95
-1.9613,-14.498,697,112.42
-2.035,-15.26,694,111.51
-2.4185,-14.982,653,108.5
-2.5907,-14.902,632,108.62
-2.7488,-14.677,625,108.35
-2.7642,-14.642,615,108.62
-2.6914,-14.643,616,107.22
-2.7057,-14.293,620,108.15
-2.2798,-14.332,644,111.23
-1.4903,-15.303,660,104.76
-1.787,-15.909,615,98.63
-3.2766,-16.753,628,106.49
-2.5372,-17.399,668,108.84
-1.6356,-16.657,667,109.17
-3.4328,-15.551,626,101.47
-3.8209,-15.423,638,98.506
-3.3567,-15.863,645,99.35
-3.1501,-15.978,634,100
-4.1589,-17.231,659,112.48
-3.7167,-17.173,657,108.44
-4.7647,-16.523,646,105.54
-5.375,-15.662,637,102.81
-6.2285,-16.187,638,109.73
-4.4633,-15.631,690,116.2
-4.4951,-14.158,712,116.07
-3.8266,-12.62,699,115.76
-2.694,-12.011,734,113.73
-2.4386,-12.008,746,111.77
-2.3997,-12.626,724,114.14
-2.2437,-12.91,712,109.59
-2.3567,-12.973,700,110.08
-2.6665,-12.707,674,108.07
-2.898,-12.921,683,108.44
-3.0573,-12.932,691,110.52
-2.9433,-12.875,685,104.52
-2.6578,-12.544,699,107.08
-3.5301,-13.382,717,106.04
-4.7283,-14.818,666,99.383
-3.8107,-16.645,654,105.65
-2.7938,-18.173,672,111.18
-3.3808,-18.242,648,100.78
-5.4447,-17.471,662,102.05
-5.3743,-15.973,657,99.854
-4.0105,-14.174,666,98.333
-2.6884,-13.57,654,96.646
-3.2523,-14.922,646,103.56
-3.7623,-15.438,671,113.86
-2.4284,-16.697,694,108.51
-2.175,-17.156,653,106.97
-3.8338,-19.406,699,118.36
-4.2948,-21.701,734,119.02
-3.1078,-22.977,711,116.93
-4.0422,-23.499,701,119.4
-5.3603,-24.752,688,115.79
-6.0126,-26.545,672,114.75
-6.0751,-26.825,666,123.86
-8.0691,-27.662,654,120.13
-8.3831,-28.514,647,110.68
-8.157,-29.081,664,118.29
-8.6089,-29.16,712,122.02
-8.3101,-28.786,709,122.93
-6.8732,-27.551,717,122.54
-7.5222,-25.3,760,125.14
-7.6232,-23.321,745,125.57
-6.6969,-21.845,764,121.25
-5.867,-21.33,734,120.26
-5.6558,-20.779,754,122.68
-4.6697,-20.356,782,125.14
-2.8591,-19.054,762,125.01
-3.2386,-16.306,711,114.12
-3.7912,-16.267,674,110.2
-4.0282,-15.349,644,104.43
-2.907,-14.87,656,106.21
-2.6567,-16.412,643,104.98
-2.6837,-16.279,608,100.85
-5.0095,-17.278,626,104.36
-6.5233,-19.626,604,102.86
-7.6621,-22.558,595,102.4
-8.768,-24.883,610,106.64
-7.3294,-26.422,637,109.68
-5.4108,-28.216,718,121.97
-4.978,-29.607,741,128.65
-5.6014,-31.459,784,131.72
-5.169,-32.104,769,129.42
-5.5682,-32.657,772,124.56
-5.6058,-32.952,799,126.21
-5.3702,-32.325,776,130.05
-5.4402,-32.036,742,132.15
-5.1016,-31.602,743,130.92
-5.2117,-31.788,721,129.16
-5.2306,-32.719,707,129.22
-5.3933,-33.083,711,133.81
-5.8913,-33.039,719,127.82
-7.0325,-34.673,715,119.74
-7.542,-36.659,702,118.35
-7.7007,-37.053,699,112.29
-7.8951,-35.563,677,114.16
-7.7445,-32.992,665,109.27
-7.5041,-31.464,713,111.04
-7.0737,-30.653,730,104.63
-8.4202,-30.195,734,108.37
-8.8702,-30.046,744,113.17
-8.6487,-30.486,745,113.02
-8.261,-30.471,739,114.16
-7.9161,-30.415,732,107.59
-7.8177,-29.801,720,112.1
-7.6659,-29.193,706,114.87
-7.8868,-28.34,704,110.96
-7.9333,-27.008,713,111.39
-8.1072,-26.349,713,113.87
-7.4406,-27.517,721,112.22
-6.4812,-29.334,762,109.97
-7.2704,-30.634,761,116.61
-9.9576,-31.353,780,116.83
-8.7792,-31.744,803,125.05
-7.1716,-30.31,810,115
-7.4726,-28.736,791,113.75
-8.5643,-26.373,760,116.14
-6.526,-24.143,757,119.81
-3.8846,-24.049,784,123.76
-5.5913,-26.777,781,114.19
-8.01,-30.158,781,115.79
-8.5239,-33.332,811,126.67
-8.0049,-35.267,839,130.34
-7.8335,-37.073,827,128.42
-8.8397,-37.852,781,124.73
-9.7624,-38.509,771,127.19
-10.244,-37.08,737,119.81
-11.966,-37.477,758,131.65
-11.3,-39.811,745,137.57
-11.34,-41.263,781,145.98
-11.934,-41.594,800,154.61
-12.302,-42.483,759,131.2
-12.864,-41.81,750,153.16
-11.829,-41.635,779,144.29
-9.5441,-41.066,773,140.49
-11.215,-38.23,768,138.49
-10.558,-34.778,755,134.43
-7.2331,-31.652,747,123.52
-7.3459,-28.975,778,116.63
-7.497,-28.233,730,124.01
-7.0208,-27.935,769,128.16
-5.3571,-26.507,827,150.86
-1.4955,-24.822,833,144.29
-2.9145,-25.211,746,119.31
-5.8803,-27.037,678,112.91
-6.7299,-28.588,678,120.66
-5.9897,-32.735,642,105.31
-8.5549,-34.704,610,100.6
-11.106,-35.593,598,98.266
-10.939,-38.71,552,101.36
-9.6919,-42.037,608,123.7
-10.402,-43.618,634,121.98
-12.076,-47.321,645,118.79
-14.18,-49.398,606,113.97
-13.396,-45.861,579,110.42
-11.698,-41.85,582,104.48
-9.9151,-39.601,553,95.413
-10.201,-37.801,569,98.572
-9.4515,-38.304,561,95.703
-10.151,-39.232,556,97.298
-10.315,-44.084,526,89.574
-9.3028,-47.602,507,87.176
-11.43,-49.941,449,77.88
-9.7504,-51.162,467,78.823
-12.278,-51.892,421,83.603
-12.291,-50.655,401,76.582
-10.968,-50.851,394,77.698
-11.764,-52.841,375,72.463
-12.294,-54.288,381,74.258
-12.557,-55.035,399,82.429
-12.272,-54.318,368,75.102
-9.8973,-51.171,391,74.688
-8.522,-49.436,410,75.581
-10.5,-48.829,383,71.322
-10.763,-47.853,438,80.039
-9.3181,-46.424,498,87.656
-9.5069,-47.156,536,92.593
-10.091,-47.797,545,97.299
-10.367,-48.111,549,105.76
-11.127,-48.483,516,106.45
-10.252,-48.929,543,109.61
-9.463,-48.019,528,107.54
-8.7531,-47.368,549,107.93
-9.2063,-47.275,576,111.03
-9.5129,-47.254,575,109.7
-9.2781,-47.356,559,109.42
-9.0296,-47.185,574,110.71
-9.0591,-47.154,581,110.75
-8.7065,-46.626,597,112.51
-8.8737,-46.1,592,106.57
-9.7615,-45.747,603,109.03
-9.8838,-45.185,643,112.64
-10.14,-43.698,652,111.4
-9.5202,-42.83,607,103.9
-7.1129,-43.155,594,97.903
-6.3709,-44.036,570,97.324
-8.0986,-45.953,566,97.134
-10.01,-47.383,604,104.23
-10.152,-49.143,644,110.31
-11.302,-50.881,654,112.12
-11.468,-51.2,638,108.83
-11.941,-50.307,589,103.81
-13.226,-50.591,590,105.14
-12.5,-49.982,617,112
-10.029,-48.175,599,102.93
-7.9984,-45.995,636,105.73
-7.1715,-43.937,602,95.066
-7.6051,-43.799,565,97.398
-7.6943,-44.985,615,109.48
-11.027,-46.899,643,115.99
-11.295,-50.168,673,115.13
-10.079,-51.147,662,115.57
-11.882,-53.115,599,102.17
-12.436,-53.433,575,110.42
-11.213,-54.262,612,117.96
-9.7056,-52.562,635,122.3
-9.7364,-52.136,572,100.43
-11.45,-52.366,524,93.47
-11.43,-50.62,536,95.727
-10.193,-51.261,496,92.147
-9.5105,-50.062,597,105.38
-8.2977,-49.105,592,103.21
-8.9573,-49.692,583,101.92
-9.1053,-47.542,567,98.473
-6.215,-45.79,611,105.92
-4.2668,-44.724,645,124.04
-4.5612,-45.487,633,129.8
-6.8752,-50.281,587,115.11
-10.137,-54.5,563,102.75
-11.648,-55.727,561,105.98
-11.086,-53.69,567,109.32
-11.778,-53.786,563,103.82
-11.988,-57.711,523,96.398
-11.667,-56.209,514,97.225
-10.725,-55.178,542,96.654
-10.824,-53.067,533,89.318
-10.359,-50.094,592,101.5
-9.3615,-47.566,549,90.667
-11.854,-48.605,515,91.931
-11.879,-52.94,521,94.206
-13.577,-56.528,535,97.324
-13.8,-59.461,545,106.6
-14.691,-59.735,501,98.581
-14.603,-58.415,505,95.488
-14.698,-55.059,499,90.344
-13.935,-52.19,491,94.388
-11.3,-49.843,510,93.395
-10.846,-50.245,510,91.956
-12.191,-52.82,524,96.654
-11.938,-54.272,453,86.787
-12.77,-56.811,468,88.045
-13.972,-58.709,415,79.675
-14.699,-60.425,433,81.015
-17.478,-61.361,450,81.916
-19.527,-61.405,423,76.467
-19.596,-62.967,428,75.474
-16.783,-58.975,520,98.548
-16.212,-55.333,529,99.358
-14.446,-52.253,580,112.31
-14.83,-48.876,611,121.17
-14.574,-46.559,666,137.56
-17.724,-44.839,651,134.13
-16.876,-45.198,646,132.21
-16.321,-49.322,645,121.89
-18.398,-53.94,640,111.19
-18.886,-58.134,604,105.85
-19.687,-59.693,511,88.88
-20.278,-61.372,461,83.058
-18.267,-62.428,433,81.884
-17.512,-63.921,410,81.503
-17.166,-61.623,391,79.047
-16.354,-58.824,385,76.929
-14.195,-54.55,331,67.435
-11.224,-54.062,339,69.18
-11.068,-55.42,422,77.616
-11.923,-56.314,396,75.507
-15.38,-56.061,385,70.628
-18.64,-58.655,385,73.051
-20.725,-60.374,423,74.349
-20.356,-60.911,472,82.636
-19.071,-60.437,510,95.066
-18.11,-59.068,536,99.838
-17.119,-59.121,530,98.44
-17.995,-60.589,456,85.903
-16.666,-59.959,401,75.499
-16.781,-59.922,362,69.246
-16.972,-58.32,329,65.988
-16.966,-58.938,344,66.244
-16.936,-61.044,354,68.841
-19.34,-65.633,352,67.154
-20.19,-69.369,341,68.742
-21.888,-70.152,349,67.998
-22.211,-66.311,379,77.649
-21.848,-64.965,370,77.748
-19.897,-64.64,386,80.354
-20.486,-65.169,430,77.525
-21.194,-65.023,459,86.523
-21.938,-64.481,426,77.194
-20.211,-63.372,383,71.198
-22.705,-62.858,359,69.354
-20.882,-60.666,338,71.661
-21.56,-62.234,339,65.905
-21.911,-65.559,370,68.924
-23.226,-67.1,346,66.286
-22.982,-67.376,328,67.518
-23.421,-66.964,343,68.444
-25.308,-66.146,345,65.756
-25.609,-65.119,334,70.239
-23.968,-63.864,367,77.806
-24.085,-62.071,367,75.664
-23.416,-62.889,360,74.233
-24.864,-64.733,390,76.326
-25.141,-66.241,378,72.505
-24.511,-65.067,365,68.882
-22.134,-65.82,362,74.051
-22.057,-66.801,342,68.535
-21.735,-66.816,359,67.898
-20.723,-67.215,418,76.673
-19.346,-64.697,426,79.303
-17.182,-65.284,408,79.708
-17.04,-67.865,372,71.827
-17.714,-70.673,366,68.7
-17.757,-72.454,316,63.143
-17.6,-72.833,261,62.812
-20.038,-73.306,214,57.685
-21.742,-71.695,206,53.376
-21.241,-69.249,186,48.05
-20.706,-66.363,173,49.067
-20.652,-66.128,180,52.566
-24.529,-68.588,222,59.57
-26.349,-67.725,242,60.951
-25.341,-66.829,246,61.497
-25.402,-67.778,224,54.856
-25.287,-68.794,229,54.617
-23.217,-68.866,210,53.938
-21.66,-66.542,227,57.445
-24.809,-69.811,181,47.099
-23.152,-75.399,236,63.573
-24.005,-76.265,235,64.433
-23.673,-76.46,205,56.469
-23.855,-74.459,232,56.196
-22.951,-74.741,267,62.812
-22.404,-75.342,279,60.207
-22.337,-76.561,276,63.209
-23.198,-76.444,264,61.249
-22.874,-77.079,249,56.758
-23.513,-76.364,249,59.281
-24.068,-75.449,247,58.33
-21.955,-73.468,211,55.716
-20.23,-72.506,232,58.735
-19.96,-72.894,242,57.941
-21.194,-75.066,292,67.907
-19.389,-75.894,306,69.321
-17.467,-73.675,296,62.564
-16.72,-76.013,312,64.549
-15.973,-77.303,296,63.308
-13.244,-76.909,278,61.497
-11.91,-77.091,279,58.776
-9.9571,-77.265,256,56.312
-7.9493,-78.984,256,63.879
-8.3215,-80.43,284,65.078
-8.7471,-82.311,264,62.357
-8.3858,-84.463,271,60.298
-8.3976,-85.406,311,67.013
-9.2723,-85.421,338,67.476
-9.9982,-85.542,355,70.917
-8.5269,-86.927,434,82.024
-8.1928,-89.77,465,89.806
-8.0367,-94.211,499,96.348
-8.0075,-98.262,533,105.69
-9.0754,-101.54,503,94.603
-10.826,-101.92,497,100.73
-10.068,-98.462,527,110.99
-7.8687,-94.81,533,105.45
-4.5043,-93.402,530,107.31
-3.2971,-92.587,527,108.07
0.76229,-94.237,516,106.78
-0.24162,-96.497,513,107.61
0.25407,-98.356,492,98.68
1.6126,-97.592,466,95.545
2.6863,-97.64,428,96.174
5.294,-94.124,392,79.857
3.3982,-98.731,336,73.696
-1.5643,-101.13,349,79.41
-5.641,-101.98,371,77.417
-5.2257,-106.01,396,84.025
-5.4512,-107.66,410,91.658
-6.5288,-107.59,447,95.223
-7.253,-105.36,502,100.76
-8.1823,-106.35,536,104.7
-9.3028,-105.38,552,113.43
-10.933,-102.79,550,128.38
-11.402,-107.41,510,100.05
-13.489,-110.14,484,97.258
-10.961,-111.03,492,85.1
-12.053,-112.46,504,91.7
-13.07,-112.66,483,89.848
-12.759,-112.37,517,93.652
-11.543,-111.94,539,99.755
-9.321,-111.16,485,91.402
-11.272,-111.6,506,97.241
-13.179,-112.07,524,93.255
-12.389,-113.92,495,88.499
-14.133,-115.56,482,86.176
-17.568,-116.03,482,83.843
-17.321,-114.69,528,96.679
-16.584,-115.72,528,94.396
-15.973,-114.66,523,94.512
-14.412,-111.94,518,87.854
-11.065,-112.67,474,83.595
-12.006,-114.52,481,87.474
-11.185,-117.22,464,82.214
-11.632,-118.13,458,81.288
-12.336,-120.88,438,86.44
-13.501,-121.18,414,78.939
-11.481,-122.62,446,86.523
-15.011,-122.81,406,79.212
-11.804,-123.39,466,85.836
-12.995,-121.61,432,79.774
-16.235,-122.41,445,79.956
-18.973,-120.98,525,92.66
-21.62,-122.31,506,91.328
-24.224,-122.03,497,87.73
-24.676,-120.87,499,93.883
-24.557,-122.71,542,108.73
-27.841,-123.58,523,94.578
-29.742,-125.44,530,101.83
-31.616,-125.1,495,94.388
-32.187,-127.43,509,96.489
-33.451,-125.07,509,96.191
-35.232,-125.86,498,100.76
-35.485,-127.84,515,100.23
-37.861,-127.51,482,89.376
-38.334,-127.84,487,93.519
-36.15,-126.26,460,88.979
-33.825,-126.29,441,91.353
-30.936,-127.1,449,93.379
-25.301,-124.41,442,88.358
-20.695,-124.59,540,100.05
-18.016,-122.96,521,93.999
-18.24,-119.94,528,96.819
-19.849,-122.4,566,103.1
-20.162,-125.8,543,95.752
-21.501,-127,498,84.902
-18.437,-128.15,503,82.834
-17.236,-129.54,524,89.459
-19.52,-130.45,502,86.969
-18.313,-129.48,499,88.4
-16.516,-131.55,474,84.563
-17.913,-133.7,494,91.667
-18.564,-133.56,473,83.695
-17.219,-133.29,487,88.02
-17.817,-133.82,468,80.932
-18.52,-134.05,460,80.709
-19.763,-135.39,515,92.246
-18.605,-134.09,517,88.864
-16.655,-131.5,521,93.28
-16.71,-131.61,562,97.795
-13.997,-134.45,537,94.09
-17.016,-135.68,485,84.389
-15.367,-137.34,506,88.227
-15.961,-139.9,481,82.884
-15.26,-141.78,472,86.614
-12.933,-142.35,425,78.294
-14.842,-141.81,399,78.666
-15.057,-143.51,407,75.11
-14.933,-142.16,398,74.457
-17.754,-141.64,417,73.026
-17.488,-141.37,415,78.269
-17.983,-140.66,397,74.448
-18.839,-140.77,411,74.994
-19.374,-139.57,460,84.529
-16.609,-140.57,524,90.914
-15.665,-140.93,531,88.549
-17.077,-144.03,549,93.271
-16.712,-144.7,542,91.791
-19.597,-144.96,533,94.925
-17.497,-144.96,572,110.38
-16.462,-144.77,586,102.17
-16.546,-143.74,547,96.315
-15.689,-142.88,554,95.529
-17.568,-143.97,562,91.667
-17.315,-144.43,604,104.68
-18.55,-144.91,605,100.23
-18.682,-145.03,609,103.85
-18.425,-145.12,616,106.58
-19.748,-146.62,641,112.51
-19.331,-147.17,623,110.89
-19.09,-145.96,645,110.36
-18.613,-146.83,619,106.69
-18.388,-145.31,638,106.4
-19.997,-147.59,604,101.73
-18.336,-145.9,646,107.82
-19.387,-145.24,642,116.22
-20.781,-148.1,636,110.29
-19.58,-146.9,645,108.27
-21.02,-146.42,637,107.91
-20.884,-147.97,653,110.86
-21.966,-149.61,645,108.65
-22.563,-149.27,622,103.09
-21.236,-148.28,639,115.96
-19.921,-147.6,630,109.51
-21.216,-148.8,621,105.69
-20.917,-149.71,639,109.63
-22.547,-151.29,644,107.5
-22.774,-150.47,647,110.44
-22.017,-151.4,626,106.14
-21.575,-150.7,641,105.2
-22.352,-152.05,663,119.96
-23.127,-152.22,656,115.14
-22.439,-151.51,667,122.5
-21.625,-152.72,659,118.44
-22.908,-151.59,696,133.61
-21.125,-151.75,686,126.01
-22.399,-149.6,677,118.45
-21.439,-150.95,649,121.19
-22.578,-154.01,641,115.22
-25.168,-154.51,656,120.23
-25.906,-155.99,637,119.84
-25.85,-154.76,682,132.66
-26.276,-154.36,640,126.11
-26.635,-156.02,646,117.93
-25.133,-154.5,667,125.19
-24.107,-153.83,695,127.49
-23.949,-156.05,668,124.97
-24.194,-154.38,696,131.83
-23.603,-155.17,645,118.34
-22.395,-154.73,668,122.23
-23.264,-154.78,630,111.71
-22.553,-153.85,650,115.75
-23.33,-154.86,655,118.75
-23.863,-154.86,682,116.06
-24.439,-156.91,679,129.11
-27.435,-158.55,680,127.69
-27.969,-160.52,661,131.75
-30.362,-160.27,637,122.8
-29.482,-161.98,625,127.06
-29.389,-160.06,621,116.98
-26.569,-158.57,617,120.03
-22.298,-155.58,591,113.71
-19.064,-152.86,596,104.92
-18.159,-150.58,631,118.65
-18.448,-151.58,680,130.91
-19.303,-154.61,674,127.78
-21.427,-154.08,671,131.75
-23.513,-158.02,640,119.53
-27.457,-159.76,619,120.39
-27.461,-160.84,630,127.04
-27.529,-160.69,622,121.39
-29.687,-163.67,571,126.56
-32.546,-164.72,555,118.81
-33.749,-165.55,533,114.6
-34.173,-165.35,554,119.94
-33.919,-165.02,550,119.75
-34.139,-165.03,533,113.94
-34.904,-165.32,540,114.53
-35.741,-165.7,551,114.05
-36.986,-166.51,548,111.42
-37.988,-167.48,551,113.48
-38.633,-168.45,553,113.37
-39.17,-169.73,546,116.5
-40.207,-171.12,535,115.43
-40.232,-171.86,509,110.47
-40.616,-172.63,488,108.22
-40.596,-172.77,466,106.08
-39.932,-172.06,437,96.415
-38.511,-171.02,439,95.298
-36.955,-170.23,456,96.944
-35.388,-168.81,486,99.681
-34.218,-167.35,519,99.854
-33.547,-167.68,557,108.46
-32.103,-166.45,559,113.24
-32.312,-167.13,593,119.41
-32.17,-168.64,590,118.52
-33.027,-169.43,612,125.19
-35.39,-170.11,609,117.76
-36.142,-171.34,573,111.96
-36.611,-171.75,601,118.11
-36.56,-173.08,619,119.34
-37.113,-172.89,626,125.05
-36.615,-172.04,627,118.96
-36.393,-171.44,597,105.75
-36.361,-171.79,610,110.87
-36.471,-172.11,602,116.58
-36.579,-172.46,593,117.36
-36.481,-172.48,593,116.57
-36.696,-172.43,592,116.78
-36.826,-172.22,578,113.77
-36.824,-172.25,571,112.93
-36.685,-172.32,569,113.79
-36.843,-172.26,573,113.04
-37.232,-172.81,558,107.95
-37.663,-173.42,555,105.79
-37.445,-174.19,523,99.409
-37.375,-174.63,525,94.711
-37.261,-174.54,541,99.673
-36.178,-173.77,547,93.296
-36.271,-172.61,534,92.924
-36.674,-171.47,548,91.345
-36.616,-170.88,552,96.952
-35.416,-170.62,584,100.23
-33.943,-170.31,598,107.75
-34.972,-169.98,633,113.03
-34.45,-172.47,641,118.38
-34.978,-173.23,674,116.98
-37.205,-175.18,665,117.52
-38.615,-175.74,683,120.42
-39.032,-176.31,712,120.07
-39.793,-177.57,702,115.88
-40.048,-177.05,679,115.18
-40.249,-177.78,666,119.79
-41.189,-178.65,632,116.1
-41.413,-178.42,619,113.1
-41.744,-178.53,618,112.65
-41.921,-178.7,601,115.75
-41.765,-178.58,584,115.65
-41.771,-178.49,570,113.14
-41.995,-178.73,551,117.56
-42.504,-179.17,534,118.59
-42.474,-179.69,518,115.77
-42.196,-179.14,515,113.7
-42.082,-178.84,512,111.84
-41.803,-177.87,521,111.47
-41.64,-177.33,529,108.1
-41.467,-176.4,531,105.54
-40.884,-176.15,538,107.41
-40.453,-176.54,569,105.11
-39.309,-176.57,575,101.52
-37.869,-176.34,544,94.396
-36.621,-177.17,515,97.961
-36.237,-176.19,487,93.966
-36.86,-175.73,476,86.672
-37.517,-175.62,449,81.486
-37.357,-177.28,444,88.88
-38.193,-178.36,434,88.243
-39.602,-178.79,432,90.484
-41.514,-179.48,456,94.479
-42.95,-180.5,482,99.714
-42.965,-181.37,493,91.808
-43.631,-181.78,501,89.525
-43.843,-180.56,558,100.6
-43.268,-179.04,605,107.17
-41.386,-176.57,596,110.26
-40.838,-175.75,591,105.41
-40.79,-175.56,571,98.713
-42.335,-176.97,592,104.54
-43.215,-178.93,612,105.02
-43.637,-180.62,613,103.74
-42.663,-182.11,615,100.95
-42.962,-182.11,653,110.41
-42.54,-180.83,681,126.36
-42.438,-180.15,674,119.59
-41.569,-179.41,689,111.19
-41.289,-176.96,693,134.56
-40.359,-177.91,668,120.57
-39.012,-177.51,686,112.69
-39.146,-177.81,656,104.49
-38.348,-176.7,601,95.182
-38.974,-174.67,558,96.844
-36.426,-175.11,521,94.818
-35.52,-174.76,513,89.98
-36.212,-176.61,507,94.14
-37.526,-177.62,468,88.607
-36.999,-176.09,405,79.725
-36.943,-175.55,369,76.127
-36.874,-177.4,349,72.48
-38.516,-180.3,367,75.408
-38.465,-181.76,334,70.222
-40.841,-183.63,309,67.882
-42.189,-184.58,311,63.97
-41.73,-186.33,347,71.38
-42.225,-186.19,335,72.935
-40.415,-185.64,316,70.694
-38.641,-186.12,302,67.129
-38.436,-187.24,294,68.386
-39.882,-187.97,291,66.294
-41.349,-188.11,289,69.437
-41.077,-187.21,286,64.193
-41.27,-186.21,283,64.218
-40.302,-187.21,265,62.713
-40.581,-187.09,261,60.943
-39.91,-185.7,272,66.319
-38.674,-186.16,258,59.471
-37.519,-185.4,292,63.283
-39.102,-186.73,336,77.078
-39.704,-186.41,332,69.47
-38.592,-187.72,345,67.981
-39.545,-189.44,395,80.155
-39.252,-189.23,441,85.142
-39.868,-187.71,466,87.796
-40.111,-185.64,489,90.311
-39.339,-185.62,472,81.594
-38.282,-186.79,427,76.673
-38.905,-187.51,387,72.463
-39.061,-187.57,410,76.4
-39.063,-187.65,398,75.391
-39.111,-187.6,393,76.235
-39.189,-187.81,388,75.854
-39.181,-187.82,384,76.557
-39.255,-187.35,383,76.309
-39.538,-187.51,381,75.755
-39.935,-187.97,372,74.415
-39.956,-187.84,373,74.994
-39.536,-187.46,379,78.691
-39.23,-186.92,391,75.829
-38.413,-186.37,421,78.476
-37.586,-187.3,458,81.552
-36.476,-187.41,476,80.576
-37.556,-186.95,470,81.172
-38.739,-188.69,478,80.709
-39.174,-189.81,508,87.713
-41.172,-191.03,520,90.633
-42.838,-191.24,556,96.984
-41.862,-189.86,569,103.58
-41.707,-189.53,582,97.53
-41.676,-190.11,556,93.767
-41.647,-189.22,560,91.485
-41.336,-191.08,588,102.61
-41.319,-191.14,600,105.52
-40.683,-191.73,582,102.27
-41.14,-191.86,584,102.81
-41.816,-192.02,589,105.16
-41.3,-191.61,604,101.15
-41.575,-190.6,583,97.324
-42.676,-191.38,593,106.48
-43.562,-190.21,629,106.69
-44.743,-191.4,621,104.92
-42.631,-190.21,638,104.77
-43.828,-190.25,628,99.284
-42.382,-190.32,682,127.06
-41.297,-188.58,643,105.07
-41.86,-190.17,636,109.78
-45.055,-190.56,615,105.71
-45.163,-192.17,556,93.263
-44.963,-192.93,547,91.758
-45.163,-193.03,545,88.516
-45.249,-192.73,548,88.855
-45.254,-192.49,538,89.426
-45.497,-192.59,523,90.84
-45.804,-192.94,506,89.55
-46.244,-193.25,489,92.461
-46.951,-193.53,478,87.482
-46.746,-194.05,480,90.41
-46.501,-194.4,481,89.384
-46.091,-194.49,477,85.638
-46.164,-193.84,477,82.52
-46.113,-192.65,509,87.201
-45.737,-191.39,562,92.618
-45.678,-189.48,562,94.032
-45.038,-187.82,574,95.305
-44.169,-188.52,570,94.62
-42.84,-190.83,579,92.172
-41.954,-191.45,598,97.969
-41.151,-193.72,603,94.826
-40.257,-194.26,638,102.13
-40.907,-194.37,620,101.26
-41.609,-195.07,593,95.115
-40.393,-195.61,630,103.42
-40.777,-195.02,624,103.29
-39.871,-195.75,605,98.606
-39.694,-194.16,577,100.92
-39.713,-195.21,592,103.27
-39.386,-196.18,600,104.83
-38.891,-194.76,632,113.96
-37.588,-191.62,672,124.2
-35.668,-192.28,627,106.2
-33.824,-190.55,628,108.81
-34.553,-188.45,662,123.23
-34.145,-186.66,733,130.24
-31.424,-182.94,725,131.67
-31.508,-181.57,733,134.41
-29.297,-182.52,699,113.95
-27.984,-181.94,660,114.19
-26.893,-185.11,615,108.09
-27.039,-188.78,563,100.1
-28.402,-192.33,516,90.286
-29.945,-193.88,522,92.51
-31.417,-197.4,531,93.652
-34.093,-200.65,526,91.609
-37.798,-201.69,498,89.806
-37.672,-200.21,524,99.631
-37.209,-199.38,539,97.183
-35.161,-201.52,581,104.96
-36.914,-199.82,590,103.58
-37.166,-199.27,629,106.94
-36.144,-200.83,621,102.29
-36.312,-201.28,628,103.7
-37.086,-201.64,617,98.407
-39.62,-201.85,661,108.63
-38.44,-199.82,631,108.46
-37,-201.79,649,101.58
-37.546,-203.16,640,105.26
-39.629,-202.54,662,117.77
-41.097,-202.67,638,103.7
-39.81,-200.71,662,112.03
-37.938,-201.4,650,113.26
-39.137,-202.76,670,112.21
-41.063,-204.77,648,112.36
-41.06,-203.28,630,104.64
-40.515,-204.06,630,96.447
-41.102,-202.95,648,108.19
-41.235,-203.12,616,104.09
-40.554,-201.55,606,110.64
-42.071,-201.46,557,90.89
-42.504,-202.61,554,90.129
-42.364,-202.76,581,92.924
-42.295,-202.65,576,91.493
-42.623,-202.27,565,91.146
-42.804,-202,546,88.888
-43.053,-202.11,538,89.607
-43.337,-202.32,539,90.55
-43.918,-202.68,530,92.337
-43.923,-202.84,533,91.121
-44.263,-203.03,524,90.848
-44.652,-203.58,512,89.633
-43.728,-204.59,504,84.943
-42.142,-205.8,501,87.366
-41.312,-205.04,535,88.797
-42.989,-203.51,580,95.802
-42.226,-204.41,594,94.619
-41.283,-203.73,639,99.648
-40.402,-204.14,639,95.364
-39.673,-204.11,633,94.396
-39.902,-204.22,611,91.832
-39.87,-204.29,608,92.039
-39.86,-204.2,608,91.328
-39.889,-203.99,606,92.453
-40.02,-203.8,606,90.252
-40.171,-203.71,610,93.379
-39.932,-203.61,608,91.013
-39.602,-204.01,595,88.88
-39.762,-204.52,600,91.882
-40.096,-205.07,595,95.711
-40.879,-205.47,604,97.026
-41.53,-205.27,613,93.288
-42.991,-205.11,631,92.891
-44.022,-205.27,629,94.189
-42.79,-203.42,639,95.322
-41.245,-203.97,625,92.709
-40.555,-204.35,651,104.61
-39.749,-204.3,640,105.65
-39.165,-204.13,572,95.843
-38.775,-204,582,96.819
-38.984,-203.94,579,93.775
-38.845,-203.99,576,95.264
-38.812,-204.01,565,96.389
-38.796,-204.09,563,97.373
-38.465,-203.97,553,102.92
-37.945,-203.51,545,99.474
-38.056,-202.64,553,104.73
-38.466,-201.96,548,100.12
-38.622,-201.53,538,94.33
-37.982,-201.99,541,89.732
-38.055,-203.99,575,91.832
-37.836,-205.57,590,93.684
-37.225,-205.68,636,110.06
-39.554,-206.11,635,96.778
-39.393,-207.82,646,97.307
-40.896,-207.2,671,115.59
-42.513,-207.49,676,103.44
-43.072,-208.16,692,110.99
-44.463,-208.32,717,107.31
-43.693,-209.56,745,110.91
-44.654,-209.94,705,105.28
-44.089,-210.56,675,100.88
-44.253,-211.07,636,100.81
-45.696,-212.39,610,94.917
-45.684,-211.64,578,104.19
-46.402,-213.43,548,94.669
-48.774,-212.9,500,93.453
-49.259,-212.32,466,96.745
-49.246,-213.25,468,89.583
-50.076,-212.13,506,93.056
-50.371,-210.25,516,95.984
-47.766,-208.63,521,99.375
-45.626,-207.34,564,106.6
-46.401,-206.82,568,89.103
-42.983,-205.48,585,103.15
-41.518,-202.86,647,114.57
-40.372,-200.78,656,111.48
-38.199,-198.52,719,132.25
-43.018,-198.15,743,134.83
-39.886,-197.31,716,136.16
-40.052,-196.93,721,120.91
-38.298,-198.42,741,134.32
-36.129,-197.69,746,132.92
-35.562,-197.45,731,133.08
-34.854,-199.34,738,126.92
-35.01,-198.86,706,127.38
-34.448,-199.04,696,122.57
-34.185,-200.53,672,112.72
-32.428,-202.33,689,109.61
-30.968,-200.47,682,113.28
-32.612,-201.42,678,126.57
-31.449,-202.06,644,107.78
-31.218,-204.94,577,100.5
-34.558,-206.37,555,95.984
-35.323,-207.63,587,99.656
-36.423,-208.69,595,103.46
-37.057,-210.14,603,95.14
-36.23,-208.6,599,91.411
-37.495,-209.08,564,91.328
-37.144,-207.87,567,95.339
-36.433,-208.24,537,92.974
-35.617,-210.27,526,91.65
-35.395,-210.31,528,91.187
-35.588,-210.33,554,95.248
-35.74,-210.31,572,99.607
-36.116,-210.32,556,96.646
-36.098,-210.11,543,101.54
-36.287,-209.64,530,97.026
-36.413,-209.12,523,99.515
-36.236,-208.17,518,97.183
-35.908,-207.68,515,95.438
-36.304,-206.79,515,97.514
-35.446,-205.89,521,98.722
-34.599,-205.09,550,97.564
-35.367,-206.04,600,98.432
-36.137,-206.54,628,102.62
-36.806,-207.13,651,108.65
-37.314,-208.22,669,112.67
-37.431,-209.3,679,114.06
-37.916,-210.42,687,117.01
-38.212,-211.78,684,118.32
-38.533,-212.83,683,124.41
-38.88,-213.79,664,119.79
-39.155,-215.05,669,121.57
-39.91,-215.62,630,113.48
-41.261,-216.25,624,113.18
-43.61,-216.06,619,107.83
-43.462,-214.31,667,113.5
-42.137,-213.7,691,120.26
-41.858,-213.91,675,124.66
-41.382,-213.8,675,113.98
-41.188,-213.63,666,114.84
-40.849,-213.44,655,115
-40.467,-213.25,666,118.23
-39.67,-213.05,689,116.13
-38.723,-213.05,706,117.63
-37.376,-212.81,695,117.28
-36.579,-212.62,695,116.09
-36.023,-212.98,665,113.71
-35.388,-213.99,634,102.54
-34.92,-212.33,625,102.28
-36.02,-211.11,614,100.23
-38.048,-212.19,626,104.62
-40.159,-213.21,640,105.83
-41.203,-212.22,666,115.32
-40.043,-210.32,667,104.62
-41.259,-209.35,673,106.67
-41.368,-211.02,679,108.56
-41.715,-211.58,699,113.13
-41.749,-212.45,709,111.54
-41.938,-213.96,712,112.67
-42.823,-215.27,739,118.78
-42.185,-215.43,750,117.95
-41.372,-215.34,749,118.75
-40.497,-215.41,759,129.59
-39.937,-215.44,727,118.3
-40.226,-216.44,704,120.72
-38.988,-215.35,716,125.84
-39.862,-216.01,664,111.45
-38.808,-216.29,649,114.9
-39.468,-218.23,649,107.2
-39.786,-217.94,671,110.59
-38.668,-217.24,657,111.25
-39.37,-218.96,686,122
-41.722,-218.66,658,120.49
-41.674,-217.93,603,113.14
-41.693,-220.35,569,110.86
-42.402,-220.33,572,112.1
-41.934,-220.1,601,112.9
-41.924,-219.9,608,113.9
-41.999,-219.55,612,114
-41.904,-219.18,605,112.97
-41.721,-218.53,602,110.73
-41.476,-217.47,596,108.65
-41.129,-216.22,588,106.41
-40.764,-214.75,570,100.3
-40.05,-213.6,556,96.117
-38.606,-213.7,567,91.047
-37.911,-215.25,613,95.595
-38.401,-217.87,646,99.499
-38.787,-220.3,635,97.861
-38.484,-219.43,616,100.67
-40.994,-221.6,622,94.661
-43.121,-221.1,614,95.835
-42.341,-220.43,615,97.291
-42.033,-220.31,620,98.523
-41.64,-219.23,639,105.13
-42.677,-219.72,652,102.26
-43.303,-219.34,656,113.43
-43.3,-220.39,634,106.49
-41.883,-221.59,662,100.76
-40.69,-221.37,636,103.41
-40.459,-221.61,668,116.74
-40.634,-222.49,651,100.49
-40.941,-221.68,643,107.8
-40.478,-218.8,657,116.08
-39.558,-220.29,664,107.07
-39.846,-221.11,659,111.15
-38.427,-219.99,660,110.82
-38.412,-221.12,605,106.5
-38.574,-222.24,590,97.29
-39.585,-222.23,580,92.436
-40,-221.23,503,91.907
-40.525,-220,488,99.491
-40.669,-221.41,445,85.489
-41.423,-222.98,417,76.582
-41.008,-224.99,427,83.273
-40.61,-225.22,441,80.56
-40.633,-225.57,482,83.992
-40.856,-225.53,495,85.861
-41.255,-225.61,499,88.789
-41.274,-225.37,479,84.315
-41.296,-225.3,470,83.802
-40.939,-225.03,468,88.119
-39.896,-224.81,460,82.958
-39.242,-225.22,463,82.561
-38.975,-224.31,466,82.677
-39.298,-222.87,465,80.047
-39.803,-222.19,483,79.609
-39.649,-224.1,473,83.008
-38.977,-226.7,453,78.36
-39.538,-228.36,467,81.371
-40.933,-226.76,496,87.59
-39.916,-226.56,459,81.503
-40.412,-226.4,461,79.311
-40.279,-226.46,452,78.269
-40.019,-226.68,464,83.802
-39.641,-227.06,470,83.281
-38.746,-227.28,480,83.727
-38.131,-226.28,481,80.163
-37.675,-225.42,480,79.551
-36.46,-224.82,493,81.023
-35.232,-224.11,492,79.51
-34.024,-224.48,503,80.461
-33.902,-226.47,492,82.313
-35.864,-227.86,471,82.586
-37.998,-228.97,462,80.072
-38.787,-227.83,443,80.742
-38.699,-227.55,458,78.087
-39.379,-228.39,428,74.341
-39.404,-229.43,413,79.146
-39.315,-230.3,405,77.269
-40.414,-229.01,473,82.644
-40.215,-226.98,470,86.424
-40.31,-227.08,454,90.013
-39.165,-228.44,446,83.835
-40.568,-228.8,418,82.396
-42.006,-228.45,378,78.476
-41.656,-227.18,320,66.84
-41.147,-227.37,302,67.129
-42.801,-224.92,317,72.985
-41.893,-221.5,318,73.431
-41.198,-221.77,365,82.859
-40.853,-223.46,464,91.535
-39.915,-227.66,497,88.284
-40.54,-230.23,516,90.848
-41.205,-230.19,463,81.85
-40.591,-229.44,453,82.28
-41.247,-230.94,450,77.07
-42.283,-231.06,439,82.438
-41.407,-231.09,414,78.823
-40.34,-230.88,418,82.429
-41.569,-232.13,414,79.353
-41.934,-230.11,409,82.71
-39.21,-229.3,442,89.939
-39.804,-231.1,427,77.831
-40.406,-232.84,383,74.209
-42.098,-231.95,388,78.567
-40.847,-232.34,395,75.11
-42.071,-232.4,398,77.55
-40.917,-234.08,349,69.114
-40.686,-235.05,305,64.425
-40.081,-235.5,302,64.135
-40.038,-235.65,317,65.649
-40.075,-235.67,325,64.127
-40.348,-234.92,352,68.651
-40.363,-234.25,352,69.478
-40.083,-234.01,349,69.966
-40.126,-233.68,358,72.414
-39.996,-233.08,363,70.884
-39.867,-232.54,372,72.844
-40.571,-232.22,383,72.786
-40.517,-231.77,397,71.901
-39.304,-231.26,413,72.273
-39.516,-230.78,422,74.506
-39.989,-232.31,425,77.161
-39.831,-235.15,419,72.546
-40.764,-236.34,397,73.216
-42.168,-235.86,421,74.539
-42.307,-233.93,408,74.465
-39.855,-232.66,383,70.421
-39.182,-232.48,401,73.795
-39.743,-235.22,388,73.15
-40.456,-235.3,394,78.774
-39.829,-235.21,380,72.579
-39.747,-234.83,385,73.556
-39.276,-233.66,418,76.053
-38.747,-233.2,445,83.305
-38.246,-232.5,437,84.869
-38.586,-230.49,458,88.888
-39.444,-232.79,441,83.355
-38.895,-236.28,423,79.427
-39.946,-236.97,414,79.485
-39.49,-239.77,429,80.618
-38.164,-238.23,477,88.88
-36.707,-240.03,440,79.742
-36.454,-242.19,468,87.756
-34.593,-242.81,495,91.328
-33.539,-243.45,468,86.068
-34.094,-243.8,490,99.764
-33.624,-245.08,524,94.578
-35.428,-244.18,558,100.46
-37.152,-243.34,554,103.85
-37.726,-241.36,538,95.637
-37.376,-242.74,555,100.94
-40.836,-243.37,538,97.489
-41.378,-243.29,553,104.59
-41.656,-246.38,504,97.861
-44.704,-247.33,530,97.994
-46.182,-249.55,440,83.943
-47.202,-249.06,371,78.203
-46.434,-249.94,316,67.427
-46.075,-250.49,336,68.924
-45.517,-250.02,358,69.569
-45.874,-249.69,382,73.034
-45.804,-249.44,385,75.97
-45.534,-249.02,385,78.592
-45.021,-248.31,387,77.252
-44.558,-247.57,406,81.726
-44.443,-247.11,422,82.975
-43.959,-246.42,444,87.011
-43.935,-245.65,485,87.929
-44.801,-246.91,521,90.377
-46.057,-248.53,538,89.575
-46.619,-249.98,532,87.838
-45.124,-249.55,528,87.954
-46.147,-249.14,528,91.369
-45.833,-251.2,534,88.681
-47.072,-251.09,496,85.224
-46.644,-250.14,519,91.667
-45.342,-250.61,510,88.954
-46.199,-251.88,452,78.079
-45.231,-249.92,475,84.422
-44.234,-249.32,467,84.48
-43.004,-248.85,454,88.764
-42.322,-246.99,479,95.099
-41.529,-247.65,496,103.02
-41.809,-248.45,526,105.97
-42.431,-250.43,486,103.39
-41.513,-250.17,470,99.052
-43.108,-253.09,434,97.158
-45.957,-254.37,405,96.918
-45.283,-256.27,331,85.315
-48.521,-257.27,244,77.094
-47.548,-259.4,189,58.842
-48.319,-262.42,327,69.784
-48.787,-264.68,266,64.731
-49.454,-263.75,298,78.873
-47.499,-265.19,313,66.228
-48.812,-265.33,288,63.391
-49.2,-265.55,281,69.338
-49.004,-264.88,307,71.099
-48.655,-265.24,305,64.474
-48.971,-264.77,336,71.016
-49.118,-264.43,341,73.547
-49.443,-264.8,340,70.264
-49.759,-264.89,346,74.482
-49.825,-265.39,341,72.232
-49.904,-265.71,346,72.025
-50.077,-265.4,341,72.199
-50.629,-266.3,346,72.455
-50.356,-266.9,362,70.561
-50.007,-266.08,369,75.11
-51.047,-264.77,377,75.747
-52.012,-266.23,336,66.691
-50.877,-265.19,315,68.833
-51.162,-264.2,314,68.924
-50.407,-265.16,310,67.708
-50.752,-264.51,321,75.3
-49.67,-266.19,335,72.48
-50.203,-266.73,316,72.232
-50.609,-268,279,67.799
-51.553,-268.13,253,64.913
-51.533,-268.33,253,61.365
-51.748,-268.35,261,64.334
-51.614,-268.24,262,63.995
-51.663,-268.27,265,67.262
-51.797,-268.12,269,69.346
-51.711,-268.23,270,70.297
-51.463,-268.21,285,73.655
-51.132,-269.18,281,70.346
-51.227,-270.12,282,67.774
-50.358,-270.43,292,64.871
-50.743,-271.23,287,65.922
-51.035,-270.59,256,59.107
-50.716,-268.35,233,57.412
-50.864,-267.72,259,58.801
-49.857,-265.67,269,63.3
-49.968,-265.86,263,58.727
-49.248,-265.45,280,66.608
-49.093,-265.11,279,60.918
-50.264,-266.55,281,63.226
-49.31,-267.15,272,59.752
-50.374,-267.6,266,57.759
-50.945,-267.54,253,58.983
-51.094,-266.28,251,66.046
-52.627,-265.33,244,64.607
-53.069,-264.72,266,65.351
-52.931,-266.25,251,68.469
-52.301,-268.25,276,60.306
-53.812,-266.6,326,70.363
-54.679,-264.36,366,81.759
-54.055,-261.32,402,89.665
-53.225,-258.41,398,94.214
-51.515,-254.83,430,104.11
-50.459,-256.51,430,105.85
-49.397,-251.49,447,119.38
-48.527,-250.45,471,126.52
-48.243,-247.77,533,134.93
-46.198,-247.13,528,122.09
-45.061,-249.1,496,115.09
-45.574,-253.81,448,102.29
-46.459,-255.48,363,91.592
-46.665,-257.7,321,75.763
-46.285,-259.55,308,67.501
-46.177,-260.64,295,61.423
-45.67,-260.73,282,63.623
-45.245,-260.19,290,66.41
-45.123,-258.92,314,67.873
-45.246,-258.09,340,68.353
-46.652,-257.3,344,70.049
-48.211,-256.87,358,71.752
-49.307,-255.1,368,71.835
-50.437,-254.08,386,72.48
-48.695,-252.96,392,72.761
-45.572,-254.18,389,74.622
-44.575,-254.77,375,74.341
-46.531,-254.14,355,72.182
-44.318,-255.82,386,77.144
-44.142,-258.55,365,72.67
-44.308,-261.09,360,72.025
-45.318,-262.53,347,69.18
-46.923,-263.37,376,76.061
-48.497,-265.8,388,77.442
-49.392,-269.08,384,74.068
-50.633,-269.61,413,77.831
-50.289,-268.08,422,88.88
-50.869,-267.32,392,78.865
-50.736,-267.75,345,74.184
-49.362,-268.14,328,70.412
-48.665,-268.2,300,68.279
-46.949,-266.99,320,70.9
-46.367,-265.49,319,78.211
-45.174,-266.87,326,80.072
-46.136,-269.02,347,87.929
-46.248,-272.02,319,81.784
-46.742,-268.84,321,76.508
-46.147,-268.69,305,70.429
-43.284,-270.48,250,62.622
-44.878,-270.12,274,68.486
-42.037,-270.77,273,62.101
-41.662,-269.39,288,66.6
-40.683,-271.59,262,62.564
-44.801,-269.71,343,75.755
-44.705,-271.29,320,69.478
-47.041,-273.19,329,69.991
-49.272,-272.8,313,70.33
-46.843,-272.6,315,63.598
-46.271,-275.11,307,66.311
-45.652,-274.84,303,63.366
-43.702,-277.39,239,59.587
-43.236,-277.86,245,58.619
-43.219,-276.88,275,65.351
-43.195,-279.71,223,58.404
-41.588,-281.78,251,62.332
-38.875,-282.31,296,72.141
-36.014,-284.92,315,72.05
-32.479,-287.65,353,76.706
-28.122,-291.22,364,82.388
-23.374,-293.7,367,81.569
-16.674,-296.16,359,76.425
-12.356,-299.38,372,81.197
-8.6903,-302.89,392,88.062
-4.9616,-307.49,365,81.776
-3.079,-312.57,356,75.962
-2.9713,-315.44,332,74.332
-4.3394,-320.38,307,68.345
-5.2566,-323.92,263,74.357
-7.6808,-327.18,209,66.956
-9.0114,-329.68,128,52.177
-9.7771,-334.22,136,57.503
-9.166,-338.35,179,65.674
-11.324,-340.65,116,56.469
-10.245,-340.85,118,55.386
-10.245,-340.85,118,55.386
