0,-0,342,70.785
0.2581,0.54302,354,70.793
0.88235,1.2186,364,70.007
0.34403,2.0636,379,73.133
0.074435,3.0153,383,70.52
-0.56778,2.8296,396,72.67
-0.85919,2.9434,386,72.29
-0.33528,1.7321,388,71.62
0.64574,0.71074,389,70.669
0.47241,-0.57728,386,69.503
0.40439,-2.0591,380,68.651
0.044777,-3.8324,373,68.858
-0.35566,-5.3718,374,73.026
0.60446,-5.9064,383,69.602
0.58618,-6.6975,383,70.33
0.69828,-7.6,364,66.666
0.64509,-7.8575,365,68.461
1.5375,-9.7616,370,67.51
1.8886,-10.983,380,77.07
0.67753,-13.284,378,69.387
0.93435,-12.882,384,72.174
1.5764,-11.478,372,68.303
2.845,-11.871,381,77.624
4.9565,-13.452,364,73.969
5.7338,-14.8,373,69.561
6.3424,-13.658,373,67.179
6.2428,-14.77,369,67.245
6.3149,-16.346,380,69.668
6.2647,-17.249,374,69.503
5.988,-17.673,369,68.56
5.7564,-18.216,370,65.558
6.2133,-18.821,386,70.727
6.8058,-19.424,379,69.404
7.2398,-19.935,367,68.916
7.3617,-20.494,358,67.129
8.0279,-20.918,356,66.641
8.6951,-22.122,362,70.338
7.0872,-22.546,372,70.429
6.5571,-22.491,369,69.387
6.0102,-21.941,366,68.692
5.532,-21.338,394,71.901
5.4085,-21.314,407,75.292
5.3035,-21.201,438,78.104
5.1499,-21.11,451,80.37
4.9646,-20.831,465,81.478
4.9509,-20.788,470,81.478
5.0975,-20.486,475,82.793
5.0118,-20.182,476,81.693
4.7964,-19.824,477,80.593
4.7859,-19.094,481,82.677
4.978,-19.354,489,81.652
5.4883,-20.131,448,76.797
6.9171,-21.5,451,77.136
8.9977,-21.854,424,74.688
9.0416,-21.212,414,74.489
8.0467,-20.969,423,73.563
7.1528,-22.127,430,72.215
7.0383,-23.095,462,76.483
6.8959,-22.849,460,76.855
7.0475,-22.657,476,76.954
7.2447,-23.111,472,76.764
7.5214,-23.276,482,77.409
7.6799,-23.22,471,77.351
7.5611,-23.208,460,76.491
7.6038,-23.411,458,77.053
7.4653,-23.569,455,76.59
7.2455,-23.304,454,76.036
6.8651,-22.733,474,78.575
6.8917,-22.122,491,78.848
6.3267,-21.74,478,78.087
6.7411,-23.19,467,76.326
6.8534,-24.298,461,76.681
7.1829,-25.298,450,73.638
7.5996,-24.601,461,77.161
6.4135,-22.761,467,76.83
6.475,-21.791,458,79.898
7.8673,-22.597,462,75.764
8.4882,-23.414,453,75.524
9.5474,-25.354,465,75.019
9.6532,-26.455,494,79.212
10.708,-27.208,466,75.863
11.086,-27.106,463,77.864
12.089,-27.732,448,74.018
11.736,-29.442,448,76.441
10.071,-30.643,458,80.626
9.338,-30.813,454,78.501
9.841,-29.588,464,76.781
10.494,-28.669,459,79.32
11.436,-27.793,477,82.644
11.985,-29.042,463,77.715
10.649,-29.698,464,80.519
9.2829,-30.319,464,81.891
8.3848,-30.226,461,78.575
7.8982,-29.215,447,75.879
7.9671,-29.033,440,74.539
8.3031,-28.92,447,74.358
9.9033,-29.688,469,78.079
10.787,-30.604,480,85.142
10.484,-31.68,468,83.595
11.454,-32.986,451,75.771
10.604,-34.179,452,78.36
9.3909,-34.8,463,80.742
9.5378,-33.538,455,76.144
10.339,-31.174,430,74.102
10.325,-29.823,449,77.343
11.628,-29.905,478,81.875
11.734,-29.019,499,82.016
11.987,-28.868,527,84.48
12.153,-28.902,539,86.548
12.154,-28.959,519,84.662
12.09,-29.139,515,83.637
12.193,-29.15,502,83.273
12.201,-29.106,500,83.281
12.188,-28.949,496,82.909
11.857,-28.941,512,84.679
11.994,-29.272,554,86.962
11.945,-30.688,525,83.72
12.261,-32.39,499,80.362
12.295,-33.015,499,82.14
12.323,-32.929,494,81.147
12.262,-31.622,521,83.603
11.561,-30.716,507,81.66
11.153,-31.203,515,84.373
11.561,-32.739,521,85.911
10.591,-34.524,502,82.512
9.2435,-35.197,484,81.66
9.2663,-34.892,485,79.998
10.002,-33.45,516,86.994
10.346,-33.009,535,85.762
9.6942,-32.801,561,89.93
9.2892,-32.321,588,93.123
8.8916,-31.559,586,92.453
8.655,-31.471,569,92.172
8.68,-31.564,551,90.675
8.6636,-31.273,538,88.872
8.3169,-30.936,525,87.102
7.9933,-30.221,501,84.406
7.8548,-29.595,486,81.875
8.0965,-29.289,494,81.685
8.426,-28.332,537,86.928
10.004,-28.535,538,85.142
10.637,-30.232,533,83.934
9.3989,-32.435,533,84.654
8.5595,-34.494,538,85.506
8.6685,-34.262,539,86.2
8.2921,-33.367,526,85.547
7.5401,-31.764,505,80.262
7.6792,-29.549,522,83.529
8.2544,-28.091,532,84.819
9.4082,-28.16,502,81.023
10.451,-30.209,506,79.427
10.01,-31.954,518,83.951
10.433,-35.123,526,81.842
11.028,-37.745,514,81.85
11.61,-39.341,507,82.396
11.143,-40.121,494,82.305
10.947,-40.548,488,85.472
9.3718,-40.878,494,81.916
8.5723,-40.165,511,86.614
9.2102,-37.985,525,83.802
9.5529,-36.066,518,91.948
10.035,-35.222,505,86.589
11.424,-34.07,518,90.335
12.267,-34.085,513,93.445
13.116,-34.82,516,95.951
13.872,-37.17,487,84.464
12.434,-39.851,475,80.808
12.12,-40.208,486,82.859
10.422,-40.204,488,84.282
10.168,-39.808,504,86.424
10.281,-38.549,514,90.724
8.939,-39.456,515,87.598
7.8367,-38.745,509,84.513
8.4168,-39.15,529,87.523
10.623,-39.063,523,90.269
13.115,-39.075,519,92.105
13.15,-40.523,482,84.496
12.632,-40.86,484,85.1
11.965,-42.391,479,83.603
11.187,-42.85,501,86.87
11.455,-42.479,494,81.453
11.12,-40.117,503,85.737
10.346,-39.917,507,90.608
10.663,-39.582,502,91.758
10.891,-40.378,493,85.067
10.205,-40.226,499,87.35
11.541,-41.141,499,85.324
10.454,-42.589,480,79.17
10.452,-44.418,479,82.123
10.964,-45.039,493,86.688
11.559,-43.814,489,86.796
11.798,-42.776,481,86.068
12.074,-42.935,470,84.389
13.038,-44.092,474,86.142
12.598,-42.217,489,86.39
12.285,-41.254,518,93.718
12.284,-41.368,555,96.067
12.244,-41.232,574,96.1
12.286,-41.423,558,95.19
12.375,-41.144,550,93.792
12.352,-40.895,544,93.966
12.425,-40.73,542,94.156
12.402,-39.89,538,90.509
12.542,-39.342,540,88.458
12.97,-38.706,538,89.128
13.161,-38.679,541,88.896
13.402,-40.086,527,88.325
13.818,-41.907,517,87.176
13.75,-44.132,518,85.836
13.212,-46.123,496,83.198
12.702,-47.279,515,85.439
12.458,-45.944,514,84.182
12.087,-42.743,521,86.076
12.795,-41.195,504,79.618
12.838,-40.636,501,86.564
13.839,-41.892,512,85.878
13.968,-44.457,496,82.388
13.855,-46.787,507,85.001
12.81,-49.894,510,84.389
11.885,-51.77,511,85.514
11.48,-53.537,482,81.329
11.352,-54.718,480,83.711
10.73,-56.814,465,78.724
10.826,-56.823,475,84.844
8.9836,-55.956,488,86.225
8.4865,-54.2,486,86.531
8.6281,-51.378,498,88.441
8.5741,-47.758,501,88.21
9.7749,-44.064,514,89.938
11.483,-41.711,504,89.682
12.585,-41.495,533,96.646
11.088,-42.339,519,88.706
10.174,-44.922,497,89.781
11.061,-48.154,497,85.506
12.119,-49.036,490,84.232
11.878,-48.618,467,85.505
11.433,-51.327,467,83.636
10.077,-53.697,476,86.779
10.061,-54.988,491,90.608
9.0851,-55.628,501,87.54
10.251,-53.468,476,83.818
10.026,-53.92,483,88.251
8.5621,-55.127,494,90.558
10.201,-55.712,514,99.92
8.8446,-59.114,493,87.523
9.5132,-62.227,486,84.248
8.5119,-62.576,493,91.005
8.826,-66.667,475,85.489
7.0869,-67.681,516,99.01
6.8668,-72.804,488,86.961
5.1257,-75.282,471,84.364
5.4408,-74.966,506,101.02
3.8811,-77.313,518,104.3
3.8507,-82.712,486,97.688
1.3091,-87.337,493,95.645
-0.067035,-90.307,486,99.871
-1.7986,-94.191,479,91.444
-1.8926,-94.948,479,85.58
-2.5355,-96.569,468,89.831
-3.5265,-97.634,472,81.908
-4.5061,-101,441,79.204
-4.0534,-103.88,461,81.015
-4.9825,-107.67,456,83.546
-6.0541,-110.78,445,80.295
-7.7407,-111.36,467,94.123
-7.9932,-116.08,471,89.533
-9.8612,-120.36,451,86.44
-9.6575,-124.21,437,82.165
-9.664,-127.22,416,76.954
-9.137,-130.12,395,73.125
-9.2793,-131.5,350,65.053
-10.087,-132.32,329,64.168
-9.9291,-133.71,348,65.666
-9.9243,-134.09,361,68.651
-8.9794,-133.22,396,73.853
-7.5637,-133.83,392,77.533
-7.5973,-135.53,369,70.677
-7.9835,-135.16,386,70.578
-8.5809,-137.79,412,75.672
-9.8538,-141.64,394,72.844
-10.743,-144,381,71.19
-9.9978,-145.81,377,68.428
-10.917,-149.23,369,67.526
-8.8366,-148.58,392,72.687
-9.689,-149.75,396,71.628
-10.439,-150.47,389,70.057
-11.889,-150.9,383,68.535
-12.008,-151.09,392,69.098
-12.768,-151.65,387,69.379
-13.151,-154.15,368,66.104
-14.582,-155.56,400,73.158
-17.474,-158.02,396,73.224
-18.295,-159.38,403,77.095
-17.659,-162.5,401,75.524
-17.251,-164.43,431,83.116
-17.397,-165.24,410,75.664
-18.141,-166.97,372,69.949
-17.81,-169.66,387,68.766
-16.928,-170.56,383,69.18
-17.184,-170.84,368,66.36
-18.042,-172.12,372,67.311
-17.103,-172.9,370,66.848
-16.896,-175.44,362,66.484
-17.572,-177.02,339,65.566
-16.91,-176.92,346,67.055
-12.773,-175.97,353,67.063
-11.693,-176.72,347,66.013
-13.808,-179.3,349,67.675
-16.044,-180.63,339,64.425
-17.177,-179.26,330,62.721
-17.041,-178.5,298,59.438
-17.965,-177.63,305,59.926
-18.121,-176.87,324,62.258
-18.166,-177.1,329,64.011
-19.971,-177.39,294,59.099
-19.259,-177.98,315,61.009
-21.479,-179.59,345,67.353
-23.018,-181.15,348,64.888
-25.921,-181.57,342,66.368
-26.743,-183.38,290,63.482
-28.434,-184.46,235,54.806
-29.766,-187.38,149,43.41
-31.098,-193.26,478,82.47
-31.578,-198.99,475,81.701
-32.946,-204.54,485,80.535
-34.333,-209.1,494,83.041
-37.813,-213.86,479,80.436
-39.326,-218.37,494,83.81
-41.322,-223.67,493,85.539
-41.497,-227.88,504,88.549
-42.134,-233.63,504,90.277
-42.49,-239.53,477,85.646
-44.834,-240.29,491,89.574
-46.572,-240.02,519,101.56
-48.772,-245.99,486,94.33
-48.616,-251.68,493,98.548
-49.849,-258.14,481,94.024
-50.184,-263.26,457,90.649
-52.132,-266.59,428,81.172
-53.043,-266,462,94.512
-52.817,-267.04,431,83.943
-51.128,-266.86,408,72.248
-48.824,-272.26,402,71.628
-48.255,-278.74,388,71.272
-47.659,-285.94,369,69.461
-47.461,-292.6,326,66.095
-46.11,-297.37,258,58.04
-45.044,-298.44,222,54.021
-44.201,-299.77,215,51.689
-47.984,-301.81,191,48.05
-48.941,-304.92,119,39.118
-54.198,-312.88,162,46.892
-57.035,-319.72,318,62.374
-54.684,-319.37,297,63.11
-52.651,-323.49,224,55.882
-51.877,-325.84,151,44.866
-51.877,-325.84,151,44.866
