0,-0,511,83.62
-1.3464,0.22184,517,82.876
0.069278,1.0157,481,81.197
-0.67972,1.6276,509,82.148
-1.9285,2.1653,541,84.943
-3.4718,1.0707,488,77.905
-3.1276,0.16812,475,81.677
-1.9945,0.48257,523,83.844
-1.7766,0.68673,568,89.161
-1.822,0.63145,572,88.615
-1.8071,0.45183,594,89.599
-1.5606,0.77665,582,89.161
-1.5688,0.84419,569,87.449
-1.3248,0.81429,554,87.077
-1.1762,0.87674,553,86.68
-1.0574,1.1331,558,87.474
-0.46481,1.427,544,86.713
-0.19905,1.5377,555,87.383
-0.36642,1.8296,575,86.44
-1.4252,1.6497,549,84.348
-2.4633,0.082559,527,83.529
-0.31189,-0.61876,533,88.284
-0.1605,-0.33641,571,91.51
-0.42524,-0.97149,608,94.859
-0.76076,-1.2456,620,99.772
-0.80904,-0.85949,637,102
-0.87306,-1.1526,610,100.58
-1.0623,-1.2199,602,99.548
-1.0467,-1.5247,584,98.812
-1.2289,-2.009,557,96.596
-1.2749,-2.4513,547,94.677
-1.2168,-2.6283,534,92.643
-0.97766,-2.1381,574,93.495
-1.1834,-1.8729,614,96.654
-2.2172,-3.2164,562,92.866
-3.0992,-6.2832,554,91.807
-2.9104,-7.1374,563,92.825
-3.8497,-6.4945,590,95.587
-3.7393,-6.623,630,99.97
-3.6651,-6.2552,635,103.53
-3.5092,-5.8615,642,103.92
-3.4033,-5.9962,633,103.72
-3.4304,-5.8584,635,104.3
-3.2699,-5.6241,627,102.52
-3.1609,-5.606,606,100.78
-2.8927,-4.9041,597,100.47
-3.1419,-4.2592,610,98.622
-3.9012,-4.6166,630,95.364
-4.6383,-5.5107,588,97.274
-4.2856,-5.4274,533,92.345
-4.0819,-4.8204,499,91.576
-3.4133,-3.5895,513,88.616
-4.6765,-2.1044,567,95.803
-5.3009,-2.3707,610,98.052
-5.292,-2.3792,649,102.92
-5.1969,-2.5674,650,106.93
-5.2793,-2.7259,648,106.48
-5.2695,-2.7706,630,105.32
-5.2443,-3.0617,623,106.3
-5.4895,-3.3761,611,104.41
-5.7791,-4.1782,600,102.62
-6.2044,-5.09,581,99.987
-6.8605,-5.6514,569,98.341
-7.241,-4.9072,582,98.441
-8.0021,-2.0388,574,100.14
-8.5837,-0.52568,535,98.284
-5.6484,0.55699,516,92.569
-5.9471,1.0375,479,86.44
-5.0581,-1.4824,475,81.403
-3.9342,-2.823,496,88.416
-2.9402,-5.7956,517,92.378
-1.2384,-7.8805,536,92.94
-1.0679,-9.2236,560,92.386
-0.99744,-9.2511,563,91.063
-0.97962,-8.9691,578,93.999
-1.2922,-9.1571,581,96.174
-1.5626,-9.1569,579,96.166
-2.2484,-9.2941,606,98.622
-3.0709,-9.8978,607,103.16
-4.5157,-10.717,613,103.25
-4.3619,-12.482,638,102.06
-2.4786,-12.089,591,97.316
-0.84236,-11.515,576,97.06
-1.3906,-11.607,591,102.07
-1.4336,-11.916,596,105.32
-1.461,-12.214,603,106.76
-1.7769,-12.376,605,105.05
-2.3588,-12.575,599,98.779
-2.6181,-12.257,587,94.222
-3.5715,-12.59,560,88.193
-5.1197,-13.011,537,84.844
-6.6355,-13.207,505,82.603
-8.1232,-14.744,467,78.84
-6.5845,-15.625,502,83.364
-3.3535,-15.654,496,80.99
-1.3665,-16.197,520,89.74
-0.022734,-15.11,543,96.637
-2.0355,-13.011,587,108.49
-1.6013,-10.674,563,105.3
-1.074,-6.4954,561,108.24
-0.45783,-5.3836,529,106.14
1.0599,-4.4545,531,109.99
0.40072,-5.6033,531,107.79
-0.43595,-6.2766,548,110.58
-0.48332,-5.9841,583,113.78
-0.61932,-5.386,608,113.14
-0.7152,-5.2063,631,112.69
-0.99178,-4.859,632,110.13
-0.7832,-4.4938,624,104.32
-0.62425,-4.8547,608,97.506
-0.33915,-5.4591,606,96.728
-0.1199,-6.6099,591,99.085
1.5067,-7.7671,573,95.818
2.6603,-7.1693,532,91.518
3.1293,-7.6618,514,92.246
1.2158,-10.862,501,89.682
-0.50068,-14.853,496,92.295
-0.97983,-15.85,501,100.38
-0.68119,-15.577,487,94.991
-0.98659,-14.881,517,92.758
-1.1981,-14.338,547,94.917
-1.9061,-13.99,597,99.143
-2.5373,-13.751,602,100.25
-3.6217,-12.81,622,103.02
-5.0207,-12.654,604,102.37
-6.3985,-11.626,597,97.919
-7.5773,-9.7432,601,100.9
-7.9201,-8.6433,601,96.009
-7.0349,-7.3372,538,89.054
-5.8899,-5.7337,517,88.756
-3.2494,-5.8074,482,83.339
-0.90476,-6.3722,500,86.39
-1.7998,-5.0304,474,79.633
-0.53417,-5.665,470,80.808
0.49782,-6.5036,466,82.76
2.873,-6.9506,469,85.39
3.7594,-8.065,470,87.424
5.6472,-10.302,500,90.037
6.6256,-13.105,484,88.921
7.5429,-17.78,466,88.532
7.8871,-21.546,465,90.335
8.5482,-20.779,475,96.075
10.179,-17.041,483,95.777
7.8596,-10.106,513,103.69
6.8737,-4.6246,502,106.6
6.2719,-1.541,474,106.16
8.8819,5.6574,410,85.548
11.642,7.6813,413,81.495
13.264,7.5418,427,98.424
13.106,14.377,431,97.804
14.03,21.437,425,104.4
18.84,28.54,410,94.736
21.774,36.702,393,90.261
22.939,45.187,400,93.106
24.425,54.088,372,88.905
25.266,56.848,390,96.546
21.824,48.21,364,84.787
18.149,41.972,332,71.372
17.797,37.556,335,70.884
14.3,38.104,338,70.015
16.722,36.078,314,68.064
18.51,32.641,331,71.066
15.368,20.142,322,67.89
6.9948,8.9707,360,71.637
-2.0023,-2.1227,356,69.18
-4.8459,-14.688,364,71.165
-1.1466,-24.977,379,70.247
-2.5406,-30.667,335,65.153
-7.1931,-27.674,340,66.385
-8.26,-25.822,327,65.88
-11.275,-20.553,357,69.271
-13.045,-26.267,361,72.521
-12.907,-31.331,351,70.429
-14.71,-36.028,332,65.757
-15.912,-37.94,289,60.108
-17.716,-40.358,200,51.399
-20.671,-42.178,137,41.475
-22.749,-43.452,109,37.902
-24.744,-44.301,103,37.282
-23.054,-44.592,103,38.473
-21.277,-43.815,124,43.253
-20.519,-43.401,126,46.71
-21.345,-44.202,157,51.118
-20.369,-43.478,212,58.611
-20.71,-43.629,246,60.852
-18.496,-47.091,271,57.222
-18.436,-49.588,253,57.048
-20.272,-51.089,243,54.236
-21.904,-51.192,211,52.532
-21.05,-51.47,141,43.435
-21.044,-52.236,137,40.342
-22.452,-52.375,137,42.608
-22.797,-53.473,143,41.194
-24.231,-54.674,157,43.162
-24.431,-56.685,151,45.817
-25.061,-55.746,180,52.094
-26.791,-58.192,171,47.661
-26.768,-59.549,171,43.65
-26.44,-60.162,169,45.329
-24.551,-60.667,175,46.222
-24.669,-59.419,164,42.972
-26.063,-58.241,172,44.378
-26.095,-57.708,197,48.215
-27.436,-56.481,160,42.831
-27.217,-57.766,167,44.659
-26.815,-57.44,158,42.674
-26.534,-58.052,174,44.667
-25.88,-58.077,184,47.016
-25.032,-58.799,186,47.008
-25.876,-58.132,186,49.737
-26.197,-57.174,169,45.991
-26.971,-58.283,163,46.917
-27.419,-58.507,175,47.454
-29.011,-57.156,160,47.074
-28.697,-57.622,156,45.999
-29.067,-58.187,160,47.835
-29.209,-58.346,156,50.473
-28.762,-57.208,147,48.414
-27.584,-56.266,137,42.054
-26.224,-53.78,129,39.887
-24.898,-52.726,129,39.06
-26.24,-52.765,148,42.236
-25.723,-52.043,160,45.354
-24.756,-51.757,155,44.386
-25.814,-52.764,132,40.921
-26.274,-53.186,173,44.866
-25.522,-54.309,176,44.94
-23.94,-55.996,198,48.885
-23.965,-59.506,264,59.488
-22.684,-64.305,266,64.855
-24.334,-69.477,294,70.148
-27.409,-72.98,344,76.714
-27.284,-81.421,340,73.406
-28.969,-89.973,349,74.068
-30.359,-99.931,343,71.322
-31.244,-109.87,330,69.66
-33.511,-117.65,349,76.326
-34.529,-124.91,328,67.882
-34.899,-124.57,296,61.737
-35.448,-127.54,208,48.852
-34.401,-130.22,192,47.57
-32.692,-134.17,188,46.826
-28.91,-137.36,198,47.843
-27.551,-138.11,200,48.215
-29.892,-137.35,181,45.114
-31.5,-138.8,187,46.23
-28.388,-136.73,195,47.181
-29.179,-137.05,211,48.678
-33.827,-138.55,237,53.765
-36.379,-141.63,250,55.071
-38.665,-140.13,233,53.409
-39.369,-141.76,190,48.513
-40.749,-141.38,172,46.189
-40.429,-143.25,209,50.44
-40.105,-143.07,192,47.297
-37.945,-142.18,182,45.486
-37.029,-140.86,197,48.496
-34.256,-137.01,220,50.473
-41.869,-140.47,243,53.31
-40.484,-137.38,262,58.09
-40.684,-140.56,248,54.12
-35.369,-132.38,289,59.355
-31.198,-131.31,291,58.685
-26.903,-132.31,298,59.843
-23.319,-131.44,282,57.205
-20.945,-128.12,244,53.558
-13.089,-124.76,242,54.021
-3.9913,-127.63,283,59.446
1.7668,-130.45,281,57.685
7.3874,-135.68,275,58.611
14.155,-138.64,293,61.241
22.112,-144.53,289,58.702
27.685,-151.88,297,62.539
31.856,-160.8,300,61.588
36.665,-170.44,290,59.165
43.48,-177.53,212,50.423
48.387,-186.17,325,62.994
53.148,-193.56,327,62.357
56.193,-202.11,343,65.723
58.932,-211.53,326,63.871
61.986,-218.61,333,63.606
65.779,-223.39,337,65.79
68.838,-227.27,336,66.874
73.6,-230.97,326,65.856
78.977,-234.04,305,62.291
83.671,-235.34,293,60.207
87.348,-233.73,296,61.315
89.013,-228.82,306,62.051
90.96,-224.12,324,65.897
90.571,-221.79,337,69.594
91.173,-221.61,324,68.99
89.15,-220.72,345,72.968
84.389,-221.77,289,65.169
83.242,-221.91,226,56.353
82.051,-222.85,207,50.746
83.696,-220.72,264,57.602
87.083,-217.4,301,64.334
90.366,-216.73,290,60.579
93.412,-219.12,280,60.786
94.739,-221.14,291,61.084
99.863,-226.37,304,60.67
101.32,-231.27,327,64.896
103.51,-237.56,336,65.252
103.88,-244.49,342,66.038
102.54,-252.04,343,67.717
101.32,-258.19,345,66.592
102.36,-262.32,347,65.905
102.28,-265.65,343,66.484
101.87,-267.28,338,66.294
102.85,-269.55,348,70.751
102.63,-271.84,353,74.233
103.33,-273.2,354,77.789
104.19,-274.59,364,82.627
104.25,-274.06,346,74.944
104.29,-273.55,337,74.332
104.96,-272.54,333,72.091
105.6,-271.44,318,69.221
105.11,-271.3,292,65.781
104.58,-270.29,253,61.191
104.95,-269.79,242,59.719
106.05,-270.2,269,62.605
106.17,-270.93,296,67.104
106.26,-272.47,334,73.513
106.94,-273.42,374,85.299
105.97,-274.14,363,81.561
106.15,-275.72,382,82.95
106.14,-276.76,401,86.614
106.54,-277.92,412,93.42
106.84,-278.43,406,101.75
107.29,-278.98,403,109.51
107.75,-279.31,391,115.1
107.97,-280.31,402,118.79
107.98,-279.97,392,121.61
107.82,-279.87,379,123.77
107.8,-279.54,362,119.43
107.87,-280.15,348,112.63
108.38,-280.28,341,111.94
108.92,-280.5,344,116.15
110.38,-280.84,354,121.33
111.21,-280.8,361,128.44
111.62,-280.75,369,134.41
112.26,-280.69,369,136.45
112.47,-280.49,368,139.25
113.04,-280.2,366,140.58
113.29,-279.8,362,140.3
113.96,-279.76,366,137.14
115.13,-279.66,354,131.93
116.48,-279.88,355,129.4
116.77,-279.76,350,128.07
117.15,-279.43,347,129.02
117.31,-279.14,372,128.08
117.64,-278.96,357,125.6
118.76,-278.86,363,121.96
119.18,-278.43,351,116.26
119.66,-278.21,356,116.72
119.89,-278.05,369,118.07
119.52,-277.48,365,119.36
119.94,-277.45,372,118.72
120.99,-277.8,364,111.69
123.81,-278.83,337,102.05
125.5,-279.46,327,97.927
126.43,-279.99,320,96.786
126.85,-280.21,298,96.075
127.7,-280.67,308,93.916
127.93,-280.39,298,92.411
128.34,-280.28,289,90.178
128.73,-280.06,290,90.079
129.12,-280.12,282,88.863
129,-280.08,280,88.772
129.22,-279.93,284,87.995
129.23,-280.04,282,86.986
129.28,-279.94,279,85.952
129.18,-280.07,274,87.176
129.23,-279.89,278,84.827
129.33,-279.9,276,82.685
129.76,-279.91,282,78.873
129.78,-280.16,274,74.258
129.93,-280.08,267,70.379
131.31,-281.17,258,69.602
131.75,-281.79,271,67.361
130.83,-282.96,281,73.241
132.1,-283.18,275,75.441
130.11,-282.83,259,76.342
131.42,-282.59,237,74.78
130.69,-283.02,233,75.871
132.21,-283.56,203,71.612
132.82,-286.97,176,58.553
134.12,-288,158,52.549
135.82,-289.71,147,43.187
136.94,-291.19,143,40.16
137.47,-292.3,123,37.811
137.71,-293.32,112,36.769
137.8,-293.28,105,35.115
139.25,-295.65,197,53.285
139.46,-295.96,198,53.492
139.43,-295.92,194,54.691
139.35,-295.92,191,53.831
139.39,-296.03,195,54.104
139.42,-296.2,184,53.169
139.44,-296.31,188,53.194
139.58,-296.36,196,52.888
139.6,-296.41,186,52.061
139.95,-296.31,192,53.657
140.22,-295.8,194,54.327
140.05,-295.87,185,52.342
140.11,-296.55,174,48.769
140.68,-296.99,171,49.902
140.88,-296.99,164,48.091
140.9,-296.71,175,50.663
141.72,-295.62,200,56.444
141.28,-294.92,195,59.951
139.37,-295.52,187,54.095
137.61,-294.74,192,55.369
135.82,-294.27,215,59.934
134.02,-293.32,227,62.382
131.3,-291.49,229,60.017
128.81,-292.06,267,68.742
127.98,-293.76,291,85.514
126.9,-295.38,256,78.087
127.3,-296.28,264,64.061
128.21,-294.3,279,80.833
127.23,-291.06,310,88.64
125.55,-288.83,342,94.727
125.17,-287.96,344,94.04
126.24,-288.4,329,94.156
128.24,-287.78,321,96.083
129.45,-287.46,315,97.423
129.61,-287.27,300,98.159
129.56,-287.13,296,96.588
129.77,-287.36,310,97.878
130.67,-287.23,328,98.878
129.81,-287,322,98.06
130.24,-286.61,308,96.191
130.89,-286.25,319,98.531
131.97,-287.07,329,104.38
130.89,-286.73,333,101.42
131.85,-287.85,335,106.64
131.36,-287.05,338,103.07
131.38,-286.51,329,100.66
131.65,-286.8,333,103.18
132.2,-287.72,346,99.003
133.36,-288.41,346,118.56
133.2,-289.52,358,108.74
133.02,-288.96,342,105.88
132.58,-288.42,336,103.46
132.01,-287.51,339,99.656
131.53,-287.13,346,101.72
132.3,-286.8,338,101.82
132.74,-285.98,316,103.5
132.49,-284.35,327,104.57
133.8,-284.02,316,106.34
134.12,-281.75,303,89.691
137.81,-279.5,258,67.642
136,-278.77,274,67.344
139.55,-279.61,262,68.841
137.46,-277.4,259,62.192
136.55,-277.4,290,66.484
136.72,-276.67,234,59.405
132.62,-277.68,226,60.182
127.75,-280.01,266,73.886
125.71,-283,302,91.493
128.14,-287.65,314,95.793
125.61,-295.15,289,92.75
123.46,-300.13,226,66.782
121.79,-302.47,202,53.401
120.41,-303.38,181,48.447
120.12,-305.37,157,50.663
118.24,-306.13,148,43.501
118.42,-305.67,186,51.598
118.33,-305.02,186,52.061
118.41,-303.79,200,57.486
120.05,-303.94,212,62.945
121.16,-305.08,199,63.871
120.64,-305.94,188,58.619
117.95,-306.48,153,47.471
117.28,-306.1,146,47.016
116.06,-306.26,134,43.989
117.49,-306.68,158,47.851
115.54,-306.21,146,46.164
113.74,-306.62,119,41.384
112.62,-306.63,114,38.845
114.56,-306.66,144,46.363
114.18,-306.87,145,45.122
113.09,-306.5,134,42.467
112.47,-306.48,146,43.898
115.07,-305.41,168,48.19
121.9,-305.68,170,51.143
127.12,-305.13,108,35.752
130.22,-307.07,164,45.395
130.92,-307.25,168,47.562
133.19,-306.73,169,46.627
133.84,-308.37,122,39.242
133.62,-309.16,104,38.87
135.09,-310.75,175,48.025
134.88,-310.71,180,48.488
135.18,-310.65,182,47.934
134.88,-310.23,176,46.809
134.74,-309.76,195,50.002
134.79,-308.28,221,57.023
134.37,-309.5,189,49.811
133.99,-308.54,215,53.268
133.38,-305.56,254,63.002
131.07,-304.67,268,64.234
128.6,-306.48,231,57.486
124.42,-309.69,232,57.85
122.25,-312.36,217,54.6
120.83,-314.01,198,52.243
118.85,-316.32,171,45.122
118.6,-316.44,158,43.832
118.63,-317.59,153,44.221
118.78,-318.37,152,44.386
118.43,-318.17,151,43.278
118.32,-318.21,146,43.642
118.67,-318.2,147,44.105
119.21,-317.75,166,51.234
120.36,-317.11,187,55.75
121.26,-316.63,211,61.712
122.38,-317.16,213,65.939
122.39,-317.6,207,69.478
120.68,-318.63,186,67.154
119.11,-319.65,163,65.219
119.15,-319.85,163,62.357
118.55,-320.11,162,64.044
118.36,-320.43,162,65.351
116.45,-321.66,142,60.852
114.49,-322.34,114,51.391
113.72,-322.56,106,43.137
113.01,-322.75,100,39.953
113.2,-323.76,138,43.435
112.17,-324.11,112,37.323
111.24,-325.22,110,35.388
110.06,-325.66,180,55.336
109.69,-327.36,180,56.304
109.02,-328.14,164,64.268
105.55,-332.16,135,52.202
105.55,-332.16,135,52.202
