0,-0,214,139.78
-2.5421,-0.86881,1567,176.63
-2.6762,-0.80047,1562,173.89
-2.965,-2.3139,1574,184.92
-2.628,-1.2844,1575,176.38
-2.752,-2.727,1608,180.5
-2.5164,-3.1756,1643,178.59
-2.4706,-3.3826,1703,186.73
-2.2532,-4.6051,1768,183.04
-1.5922,-3.3603,1845,179.87
-0.79227,-0.77903,1911,182.01
0.61024,0.082243,1890,186.44
2.3029,1.6695,1765,180.18
2.5752,2.1648,1717,176.78
3.2123,-1.302,1617,169.99
3.7971,-1.9967,1593,167.55
2.9552,-3.7591,1602,162.96
3.1518,-7.8485,1593,164.5
2.0701,-9.3394,1616,168.7
1.3175,-10.413,1854,184.24
1.751,-11.087,2037,190.91
3.3331,-11.872,2213,194.71
4.2383,-12.164,2282,226.54
4.0425,-13.339,2243,235.56
4.9193,-14.087,2225,229.65
5.3837,-13.568,2151,245.23
5.9163,-12.741,2080,194.34
5.4201,-12.62,2103,233.29
5.0759,-13.545,2073,215.77
4.3563,-13.843,2025,208.36
3.7009,-13.507,2063,206.52
2.6768,-13.931,2172,218.65
2.1424,-16.273,2136,209.52
2.3965,-19.368,1996,215.07
1.0403,-22.117,1892,185.74
1.2873,-23.73,1843,191.58
6.0851,-21.326,1907,190.94
5.4644,-19.549,2182,203.57
3.2159,-20.841,2325,231.5
4.0419,-20.007,2403,246.87
4.6945,-19.719,2466,261.08
4.9613,-19.463,2398,266.27
5.144,-19.032,2316,275.87
5.4699,-19.029,2253,275.48
5.4712,-17.931,2227,259.16
5.6279,-18.753,2198,251.62
4.7052,-18.962,2171,241.32
4.7165,-19.337,2155,244.81
3.9458,-19.913,2230,250.75
2.1226,-18.774,2266,199.24
1.4097,-16.115,2050,188.95
0.90137,-13.746,1957,178.67
1.2867,-14.763,1948,191.51
3.0845,-14.506,2014,186.09
3.567,-12.856,2076,204.61
2.3205,-12.647,2270,228.8
2.3539,-11.311,2459,231.67
3.1808,-11.698,2607,230.71
4.3332,-10.858,2604,251.06
4.4473,-11.069,2436,266.95
3.9405,-12.203,2353,244.44
4.4182,-10.798,2260,243.99
5.3259,-10.669,2180,238.78
5.7037,-11.504,2148,231.24
6.2377,-12.678,2088,229.29
6.908,-12.603,2066,222.4
9.4884,-13.116,2062,213.84
9.6575,-12.065,2133,207.97
8.8441,-11.812,2034,199.64
6.0277,-12.542,2072,208.92
6.1727,-13.584,1949,204.28
10.074,-13.418,2013,207.14
10.069,-8.779,1962,193.11
10.728,-2.7439,1936,197.32
10.533,-3.7315,1982,205.88
14.076,-7.4463,2057,228.57
13.575,-10.676,2042,227.15
12.025,-19.291,2077,212.27
12.414,-26.265,2068,220.86
12.209,-30.4,2014,204.46
13.168,-33.06,1951,219.38
14.627,-31.154,1885,194.26
16.263,-29.284,2056,230.19
16.12,-28.936,2225,231.53
15.797,-28.415,2474,244.65
15.447,-28.086,2443,274.29
14.977,-26.908,2400,297.37
14.421,-26.65,2385,267.91
14.462,-25.944,2337,251.97
14.076,-23.387,2341,269.5
13.995,-21.497,2325,264.07
14.7,-20.782,2302,259.32
15.329,-19.112,2232,249.97
14.593,-17.217,2238,237.93
14.18,-13.957,2125,241.09
14.728,-10.204,2069,246.76
16.237,-8.2289,1953,225.3
18.092,-8.8794,1994,199.59
13.929,-10.752,1891,185.29
9.626,-18.225,1902,193.37
11.034,-20.53,1904,189.53
13.532,-19.402,1947,200.15
18.3,-18.417,1960,193.37
18.709,-20.195,2140,194.65
18.217,-18.83,2366,227.17
18.125,-19.177,2476,236.88
17.518,-17.714,2448,231.14
17.232,-15.38,2414,229.48
16.69,-15.827,2371,243.03
16.729,-15.297,2306,233.84
16.863,-12.866,2272,240.99
15.731,-14.272,2246,239.14
16.478,-14.342,2173,221.07
17.126,-10.982,2115,213.57
18.512,-8.1363,2103,215.93
21.748,-6.3335,2034,203.73
24.001,-6.3811,1949,188.28
21.647,-10.628,1931,184.23
16.804,-9.0505,1972,197.44
16.093,-8.5322,1940,200.25
22.086,-8.8986,1844,172.9
21.527,-9.3208,1946,206.33
16.14,-14.172,1994,221.17
10.947,-18.489,2029,205.42
7.8531,-21.728,2049,221.47
8.857,-26.183,2023,217.81
12.19,-24.561,2085,221.62
17.976,-24.852,2108,233.86
19.816,-22.824,2118,211.14
18.762,-18.346,2045,212.21
20.006,-14.372,1982,188.1
16.105,-13.057,1993,214.41
19.609,-7.0611,1964,215.86
19.603,-14.454,1867,188.06
14.097,-26.471,1950,242.5
13.842,-31.829,2059,241.13
19.974,-33.717,2048,226.86
24.534,-30.078,1899,193.07
31.56,-34.819,1851,210.68
33.994,-32.087,1816,235.14
27.742,-26.948,1767,257.21
14.101,-17.573,1596,199.94
11.103,-14.182,1566,192.23
17.505,-20.805,1530,174.99
22.277,-29.268,1494,197.39
17.607,-34.448,1580,214.61
8.5215,-37.119,1663,216.66
8.3136,-22.978,1670,239.48
15.332,-8.0362,1547,199.02
21.434,-1.6948,1480,185.65
27.726,-0.80588,1516,169.4
32.378,2.0241,1682,171.1
32.785,1.928,1868,188.01
32.033,2.0784,1888,202.96
31.216,-2.0135,2079,231
29.625,-2.6339,2121,231.6
27.436,-3.2118,2086,265.95
25.697,-2.6803,2015,270.36
24.542,-5.3311,2094,246.65
25.232,-4.5609,2048,242.26
24.099,-4.28,2081,235.71
26.294,-4.9708,2091,237.46
27.538,-5.5337,2172,240.38
23.743,-5.542,2071,218.43
24.928,-6.6721,1916,191.31
27.861,-2.0474,1846,195.54
31.995,-0.050767,1751,180.08
34.236,-4.1801,1678,172.46
32.237,-2.9303,1697,199.15
22.295,-2.2714,1693,191.65
18.059,-5.3244,1743,187.3
21.919,-11.006,1751,201.87
21.709,-13.665,1811,188.47
21.823,-11.511,1794,190.64
20.195,-8.0227,1771,196.8
23.274,-3.9858,1940,217.72
16.041,-5.6777,1957,227.7
5.267,-8.1408,1916,235.33
0.35652,-22.277,1832,213.71
-3.937,-28.625,1776,222.33
3.3668,-31.548,1786,219.96
10.441,-43.836,1794,221.59
9.1239,-56.277,1738,223.57
2.0157,-56.441,1738,236.95
1.7299,-45.141,1744,211.54
3.2569,-38.78,1793,245.42
-1.425,-34.59,1794,259.49
-0.033722,-29.57,1672,215.73
7.1321,-17.327,1595,206.8
21.99,-2.025,1510,180.92
36.078,-1.0265,1365,157.63
32.899,-0.26404,1331,159.72
19.875,1.6984,1207,155.73
8.1453,-0.85853,1300,162.7
-6.3972,-1.8912,1471,181.47
-16.483,-2.1296,1398,172.68
-18.538,-10.064,1364,196.7
-22.632,-24.611,1274,173.27
-28.461,-37.958,1248,182.14
-42.068,-45.185,1248,183.11
-56.148,-52.117,1241,180.98
-58.251,-56.796,1163,164.98
-64.913,-73.573,1158,194.83
-75.358,-88.038,1242,179.8
-85.11,-104.54,1311,202.46
-100.26,-118.11,1379,214.84
-105.06,-127.85,1356,184.67
-125.58,-131.9,1333,190.22
-146.12,-131.65,1339,184.83
-164.85,-122.73,1290,174.31
-171.38,-119.66,1363,203.6
-187.06,-108.21,1295,187.57
-191.9,-111.93,1254,180.53
-197.36,-129.91,1195,162.67
-211.73,-138.41,1139,157.47
-225.56,-144.54,1140,163.02
-237.49,-140.29,1143,153.98
-244.83,-141.04,1009,136.03
-258.81,-140.4,993,149.93
-267.43,-148.12,1135,162.97
-280.87,-158.89,1100,151.71
-291.38,-172.44,1097,143.35
-298.74,-185.08,1200,160.66
-302.84,-192.24,1262,169.52
-315.79,-204.84,1204,160.84
-314.03,-208.63,1127,142.37
-320.27,-214.83,997,134.51
-323.49,-218.94,898,129.46
-317,-223.98,823,115.82
-319.77,-221.9,770,114.58
-324.98,-218.11,878,127.64
-325.85,-208.17,814,117.39
-328.13,-211.91,719,116.3
-324.39,-214.4,737,115.97
-324.86,-216.3,769,107.33
-328.65,-214.18,792,113.06
-331.2,-209.02,852,124.24
-325.79,-207.28,904,141.02
-322.48,-200.6,983,139.51
-327.73,-213.89,899,147.5
-326.99,-217.21,850,136.88
-326.18,-214.6,837,118.78
-330.39,-216.47,1010,135.27
-325.54,-217.16,1027,133.86
-314.73,-216.21,926,118.57
-304.5,-210.53,978,132.45
-311.34,-214.33,967,133.34
-313.56,-214.9,982,126.45
-313.04,-216.33,1118,148.4
-304.41,-210.29,1124,149.99
-291.87,-208.23,1140,141.64
-297.35,-208.73,1054,136.19
-294.43,-209.34,980,130.21
-293.6,-207.99,1016,129.89
-293.24,-195.56,1066,141.68
-295.41,-188.33,1176,151.88
-300.8,-205.85,1179,150.16
-310.89,-220.27,1188,146.85
-304.84,-217.26,1122,130.03
-309.63,-216.35,1154,141.79
-314.68,-221.47,1076,144.94
-326.94,-224.05,1105,143.89
-337.04,-220.29,1075,143.73
-330.37,-210.41,1036,137.91
-317.26,-198.1,1132,141.61
-303.73,-202.2,1146,154.49
-298.72,-206.46,1153,161.68
-291.15,-212.95,1054,142.38
-290,-214.14,993,139.5
-287.13,-214.33,1078,141.15
-289.77,-221.48,1095,140.72
-284.44,-216.8,1127,146.98
-283,-218.65,1122,135.17
-282.62,-217.74,1110,141.67
-280.99,-218.67,1079,137.12
-278.99,-220.3,1039,126.95
-281.41,-219.45,1110,146.14
-280.85,-214.28,1113,137.49
-282.3,-210.4,1139,136.56
-284.67,-209.56,1119,128.78
-279.69,-208.35,1108,150.3
-271.54,-209.74,1155,139.35
-264.45,-216.42,1137,149.82
-260.94,-214.89,1180,144.9
-262.31,-211.56,1110,138.7
-251.05,-208.8,1055,144.71
-247.33,-216.31,1007,148.61
-246.66,-205.62,1098,134.15
-240.21,-210.35,936,121.12
-239.48,-203.25,836,126.43
-254.24,-215.75,849,125.99
-259.21,-220.86,784,110.22
-248.27,-224.23,652,109.08
-247.96,-220.97,737,128.41
-249.36,-215.89,858,120.21
-251.75,-217.04,1018,129.26
-259.23,-213.02,1000,136.28
-263.07,-217.99,1141,144.28
-273.89,-217.31,1222,159.59
-290.77,-207.98,1156,164.89
-290.21,-182.96,1117,145.94
-279.52,-161.56,1144,165.28
-256.63,-146.38,1181,158.47
-228.88,-139.99,1229,185.68
-200.46,-140.67,1198,147.04
-177.72,-136.34,1222,173.73
-151.49,-136.63,1183,162.65
-122.96,-140.62,1208,173.8
-103.63,-154.6,1231,187.05
-92.87,-170.96,1190,184.94
-80.172,-177.44,1143,160.78
-74.729,-187.71,1187,165.77
-73.148,-192.77,1217,193.54
-74.593,-202.8,1002,153.64
-70.606,-207.98,908,128.27
-76.071,-208.51,840,117.36
-68.744,-209.16,990,132.37
-72.327,-202.78,1037,144.17
-73.169,-218.47,897,162.87
-77.221,-225.03,637,116.08
-82.724,-236.17,626,121.66
-78.827,-232.86,612,115.22
-81.688,-233.42,453,113.63
-82.727,-227,526,114.47
-93.008,-226.42,509,115.25
-90.681,-224.12,596,121.61
-90.684,-223.95,498,115.25
-95.27,-223.24,616,126.49
-95.785,-219.65,482,99.971
-94.651,-226.99,675,129.68
-94.881,-227.16,717,146.22
-98.632,-223.36,733,139.33
-98.32,-224.17,672,115.69
-94.224,-223.07,723,151.07
-92.662,-220.05,640,150.93
-91.461,-220.49,490,143.38
-90.18,-217.63,488,113.76
-89.037,-222.25,500,150.49
-89.524,-226.55,543,111.67
-86.742,-233.71,627,122.62
-84.319,-230.27,627,130.07
-83.467,-221.43,523,139.23
-90.256,-219.87,531,134.6
-91.771,-221.47,520,120.48
-85.773,-222.21,506,121.8
-91.004,-222.37,524,106.69
-92.267,-220.55,515,124.42
-87.27,-222.48,522,124.95
-85.605,-214.85,469,110.1
-86.662,-207.24,592,132.25
-77.383,-192.38,926,185.93
-61.793,-183.89,1138,180.92
-55.449,-188.41,1172,170.96
-47.409,-190.28,1230,173.65
-42.983,-175.83,1173,180.37
-38.239,-182.28,1293,204.06
-48.417,-182.88,1122,155.47
-47.579,-200.93,1134,146.37
-37.341,-214.82,1135,147.04
-31.112,-231.34,1100,148.16
-33.644,-249.36,1088,144.61
-37.046,-268.4,1057,157.32
-41.37,-287.73,1064,149.22
-38.861,-307.1,1029,138.93
-39.782,-329,1049,142.5
-44.085,-347.35,1085,138.25
-49.468,-368.87,1075,133.97
-53.817,-387.17,1101,165.16
-51.578,-398.76,1119,178.92
-45.879,-411.2,1116,149.91
-38.528,-422.21,1100,153.45
-47.14,-413.76,1115,159.28
-50.506,-409.5,1085,137.53
-44.711,-405.5,1116,151.91
-47.742,-409.78,1111,151.5
-44.927,-427.9,1073,142.29
-51.805,-441.55,1081,144.36
-57.926,-453.18,1017,138.72
-61.206,-459.1,1087,134.75
-62.99,-464.03,886,131.75
-64.475,-458.9,786,133.75
-65.456,-461.37,829,122.14
-62.324,-452.78,561,96.819
-61.482,-455.86,567,131.44
-60.443,-472.22,546,88.946
-60.939,-470.1,571,102.91
-61.17,-466.88,917,146.71
-65.441,-465.28,918,130.88
-63.456,-457.07,867,133.11
-57.059,-466.58,919,126.71
-52.963,-469.75,793,112.29
-49.781,-472.55,790,116.44
-51.237,-471.25,680,101.34
-59.169,-467.7,982,158.62
-62.866,-468.14,867,118.55
-71.318,-469.2,779,103.17
-73.271,-474.23,536,95.719
-72.924,-476.16,487,95.603
-65.029,-476.27,469,91.865
-71.747,-474.79,603,107.43
-76.073,-485.35,1056,142.86
-71.383,-482.08,1058,142.78
-72.805,-480.85,1031,143.52
-77.697,-481.37,1020,150.41
-77.399,-483.47,1034,139.11
-78.286,-482.5,1058,146.53
-86.06,-485.88,1061,149.9
-91.292,-489.81,1054,156.3
-94.986,-493.44,912,131.98
-103.37,-500.13,653,112.05
-103.51,-502.75,586,115.97
-102.45,-503.41,412,112.81
-102.01,-498.11,570,129.71
-102.92,-493.33,578,109.44
-106.64,-490.35,648,123.5
-105.27,-490.28,616,121.6
-104.15,-490.07,616,111.33
-108.82,-493.12,499,104.97
-105.32,-499.2,485,112.5
-101.92,-506.37,382,110.4
-105.51,-510.73,355,81.983
-104.27,-513.74,380,97.274
-99.53,-513.77,485,109.3
-99.868,-511.05,479,120.49
-95.195,-512.63,583,133.8
-94.294,-504.54,665,134.21
-93.999,-503.23,682,150.63
-96.662,-499.38,575,124.28
-99.601,-501.89,519,130.11
-100.75,-498.77,525,146.7
-98.097,-487.77,511,102.59
-103.98,-486.83,552,105.23
-102.36,-488.29,628,118.69
-102.91,-489.27,634,115.27
-101.43,-488.16,667,111.03
-94.079,-478.49,736,106.11
-76.953,-472.74,991,145.12
-71.497,-467.59,1180,153.61
-54.847,-448.39,1187,159.95
-39.949,-431.07,1199,151.76
-27.269,-423.88,1210,179.71
-8.1077,-419.43,1245,166.93
13.855,-425.51,1180,151.47
30.115,-433.46,1171,152.73
40.155,-446.87,1132,145.75
44.256,-455.08,1145,149.04
45.826,-456.05,1145,151.62
51.454,-445.71,1217,176.99
71.432,-432.88,1119,150.78
86.342,-421.94,1111,150.43
101.6,-405.44,1077,141.15
108.08,-387.98,1018,134.85
105.83,-381.78,986,130.17
103.53,-359.55,991,128.96
91.516,-345.38,994,136.28
78.127,-331.45,981,124.76
69.291,-311.68,1035,147.57
70.45,-306.24,1053,152.66
63.594,-305.34,1161,159.91
72.513,-314.59,1060,193.78
82.823,-320.71,1047,156.65
95.026,-343.08,1050,144.86
96.761,-356.44,1122,150.75
82.883,-373.05,1158,162.09
66.019,-385.41,1168,187.51
51.25,-393.6,1152,159.09
42.458,-397.72,1137,152.87
38.062,-396.71,1148,151.16
39.102,-384.65,1132,150.8
58.666,-385.38,1116,160.66
65.6,-385.01,1062,141.22
48.803,-387.87,1191,158.7
31.297,-397.32,1156,170.49
28.59,-399.09,1165,162.19
25.014,-423.23,1175,162.2
30.338,-449.07,1095,155.04
31.024,-470.01,1097,151.58
29.121,-487.01,938,131.71
23.664,-490,836,133.41
22.639,-487.57,653,113.14
25.371,-488.27,480,114.48
25.402,-489.78,505,92.354
22.935,-492.33,556,107.68
31.381,-491.72,562,96.662
31.38,-488.62,458,111.03
30.52,-491.31,537,107.79
30.624,-487.42,729,126.2
20.25,-483.84,914,136.67
27.969,-476.53,790,127.79
29.386,-480.77,835,125.91
29.83,-485.97,840,115.03
32.22,-488.45,806,133.19
30.268,-490.34,774,112.89
35.834,-484.85,692,116.06
27.222,-487.14,815,119.32
17.177,-485.54,911,125.72
31.238,-489.52,1045,153.38
24.028,-489.31,1054,148.66
26.088,-489.18,1048,161.69
28.559,-481.28,1049,143.66
20.616,-486.32,1071,139.77
22.517,-489.49,1073,137.53
24.588,-488.75,1074,143.06
24.932,-485.66,1139,154.21
17.474,-476.02,1149,153.85
19.07,-450.69,1187,166.59
13.642,-419.6,1110,145.05
3.288,-404.64,1230,165.81
-10.052,-382.11,1159,144.72
-19.3,-366.42,1241,182.04
-41.653,-344.75,1227,171.18
-52.142,-320.54,1226,182.09
-52.659,-309.44,1268,178.27
-56.668,-289.22,1159,166
-64.556,-288.29,1110,148.37
-78.247,-278.94,1088,152.23
-93.256,-281.59,977,142.41
-94.648,-285.93,1157,191.88
-99.556,-304.25,1180,176.52
-98.361,-323.14,1205,198.97
-99.474,-340.85,1148,156.54
-95.011,-352.91,1137,160.4
-89.201,-361.14,1260,202.74
-73.622,-372.54,1253,200.07
-50.85,-384.09,1224,196.33
-42.041,-408.51,1183,174.1
-47.758,-425.21,1234,181.19
-32.701,-424.4,1332,201.91
-6.8853,-415.19,1315,214.12
12.947,-397.13,1309,199.28
25.331,-378.17,1276,189.13
28.774,-356.77,1269,174.72
28.733,-338.92,1257,169.69
22.115,-326.59,1282,187.06
21.297,-305.27,1246,166.62
19.457,-282.83,1263,176.43
21.529,-262.59,1225,167.41
18.496,-244.38,1281,182.79
16.499,-224.41,1232,167.64
19.811,-202.96,1239,178.41
30.291,-187.51,1261,189.64
31.328,-169.96,1232,171.2
35.181,-157.85,1301,200.34
32.939,-141.04,1354,218.86
26.598,-124.02,1336,208.94
16.469,-104.98,1327,186.59
1.3528,-89.105,1333,191.03
-16.016,-80.476,1312,181.27
-28.914,-66.382,1333,191.51
-50.143,-73.131,1355,201.53
-74.852,-67.675,1393,230.23
-95.98,-75.226,1361,226.36
-116.52,-73.642,1317,229.45
-133.86,-66.346,1299,186.54
-148.58,-60.564,1306,193.49
-146.16,-43.362,1304,207.01
-143.39,-29.73,910,131.41
-142.46,-24.189,608,98.2
-149.58,-8.5343,1153,156.42
-143.21,-4.9517,1130,153.54
-136.45,-14.302,1113,147.83
-130.48,-32.609,990,146.13
-134.84,-47.495,1012,152.49
-129.64,-49.847,1046,150.17
-138.57,-44.968,1185,174.84
-138.2,-43.926,1260,195.99
-143.27,-35.18,1183,173.22
-142.29,-40.53,1108,166.03
-132.52,-62.862,1117,162.7
-118.06,-88.989,1146,154.99
-104.63,-118.12,1205,163.97
-107.27,-139.65,1203,161.77
-111.76,-148.96,1211,196.46
-110.94,-152.74,1154,159.93
-116.12,-152.3,1185,174.68
-101.68,-158.42,1124,174.77
-84.01,-167.16,1185,159.95
-66.686,-184.51,1187,161.15
-60.093,-194.54,1110,149.87
-55.517,-192.04,971,156.94
-48.836,-190.36,883,131.99
-42.491,-186.58,1033,158
-58.112,-183.74,1039,159.36
-64.896,-185.06,1077,151.96
-63.362,-178.03,1039,157.05
-54.468,-177.13,1088,138.96
-33.353,-177.9,1166,140.85
-21.908,-175.84,1107,157.61
-21.473,-178.19,1005,134.66
-20.47,-183.09,824,122.5
-22.855,-191.09,988,133.96
-17.842,-202.43,1079,140.02
-3.2453,-219.97,1190,192.22
19.243,-236.71,1199,160.38
25.058,-243.33,1270,211.49
47.18,-247.21,1325,201.79
65.016,-241.73,1316,198.46
82.909,-240.87,1348,205.9
93.618,-223.03,1308,192.55
96.347,-204.11,1199,146.52
94.522,-183.16,1069,144.82
100.44,-169.25,1097,152.97
106.72,-148.99,975,124.08
105.54,-134.08,1029,139.39
109.02,-128.89,967,139.05
108.13,-132.45,1030,148.67
116.06,-121.46,1055,154.03
120.26,-125.48,859,125.68
121.92,-114.86,797,124.28
124.27,-110.54,994,127.79
137.05,-111.51,1133,165.54
143.64,-114.6,1054,134.14
146.65,-114.73,993,129.16
157.99,-115.86,908,138.99
155.81,-119.72,769,134.35
157.14,-114.01,696,128.91
161.1,-113.98,653,112.74
162.04,-119.27,635,106.14
158.84,-113.57,656,119.63
154.8,-113.57,708,119.5
143.2,-109.5,964,142.48
126.84,-109.84,1124,162
129.65,-116.93,1114,140.26
119.41,-118.66,1132,148.74
105.84,-132.94,1136,152.73
94.817,-145.5,1140,147.75
84.204,-144.44,1287,192.66
64.8,-134.75,1303,193.19
41.543,-120.88,1312,199.48
17.239,-103.22,1416,209.68
-3.3857,-78.862,1416,200.08
-10.491,-47.897,1420,217.19
-13.015,-16.289,1366,200.12
-15.546,9.7971,1320,192.71
-25.511,22.298,1381,202.42
-40.316,26.392,1408,236.54
-59.913,25.198,1376,207.1
-80.067,23.504,1332,216.54
-86.875,36.865,1294,172.58
-80.823,51.348,1282,189.12
-98.75,59.378,1203,158.57
-96.174,70.238,1153,163.63
-103.47,88.604,1015,142.17
-114.78,101.14,1058,140.6
-117.11,109.75,1048,145.03
-117.62,128.53,1046,157.85
-125.49,123.04,1098,156.27
-135.67,137.56,1097,146.53
-147.95,153.42,996,137.28
-158.62,170.96,982,124.52
-167.75,187.85,995,134.04
-172.48,205.58,1021,140.29
-178.17,224.82,1030,133.41
-178.43,245.73,1026,130.98
-179.31,264.79,1045,137.36
-178.55,285.85,1052,138.93
-176.15,304.62,1071,149.57
-183.74,317.5,1050,135.66
-181.06,325.61,1144,149.48
-185.11,347.21,1057,135.47
-182.46,355.32,1109,137.48
-174.55,369.36,1103,139.61
-163.17,386.16,1067,137.24
-150.84,391.95,824,124.26
-136.81,397.94,489,116.89
-113.29,397.78,506,115.29
-94.703,396.13,617,118.79
-89.504,394.55,762,117.62
-89.389,397.96,468,117.67
-113.28,396.84,652,126.64
-115.78,398.84,379,111.15
-130.51,392.72,794,111.69
-135.34,399.18,247,75.953
-128.07,393.46,552,95.264
-127.66,405.71,1003,125.62
-123.02,401,894,118.29
-121.01,401.27,860,118.98
-125.91,394.78,473,93.147
-127.02,392.29,368,89.343
-124.95,391.77,331,79.278
-124.08,394.76,333,80.8
-125.86,394.71,355,86.639
-125.83,396.8,435,95.686
-122.48,397.55,604,117.55
-119.14,392.56,758,112.37
-110.97,392.36,921,123.47
-115.58,393.72,1056,135.8
-114.17,388.67,998,127.99
-115.25,391.36,1058,133.51
-113.42,397.14,1012,129.93
-109.16,395.2,1106,145.32
-106.57,393.25,1151,146.11
-90.416,389.57,1181,153.63
-83.066,382.99,1143,154.32
-84.961,377.93,1129,146.94
-76.668,374.14,1243,163.37
-77.649,363,1113,136.33
-80.848,360.15,1136,155.45
-82.152,351.65,987,130.57
-85.135,346.44,936,119.37
-84.313,346.52,950,127.58
-77.442,349.23,810,112.48
-78.614,343.22,871,116.92
-81.836,344.22,950,118.32
-77.327,340.95,955,127.13
-93.88,330.79,969,121.81
-100.69,324.36,1046,129.36
-102.2,306.54,987,123.26
-105.83,287.59,987,128.67
-106.78,266.93,991,117.97
-109.32,245.5,1006,127.77
-102.2,228.96,1108,153.79
-103.29,213.61,1180,171.39
-99.105,207.6,1163,162.95
-116.13,211.69,1156,154.57
-104.15,208.03,1125,156.79
-117.49,208.06,1215,170.48
-124.74,218.57,1106,151.9
-107.2,204.13,1207,172.15
-125.97,209.33,1183,180.91
-139.47,210.71,1251,190.48
-165.8,204.11,1278,167.3
-177.04,188.38,1317,186.96
-184.01,172.72,1352,201.42
-199.63,168.31,1236,186.07
-214.12,159.93,1216,186.6
-232.48,161.64,1214,179.5
-246.62,161.14,1279,190.96
-264.03,169.91,1240,184.05
-275.02,187.16,1186,178.33
-286.32,194.52,1197,189.72
-289.88,207.36,1173,184.01
-298.05,206.04,1166,159.68
-315.04,209.35,1164,159.83
-332.55,207.06,1114,153.21
-347.15,205.46,1141,158.22
-358.7,210.42,998,138.19
-362.68,210.44,611,119.71
-378.48,212.71,1058,138.71
-393.49,205.3,1181,147.48
-402.59,208.19,1161,161.1
-424.16,208.76,1064,130.02
-440.76,201.14,1076,137.11
-455.67,196.51,1092,152.85
-477.03,190.09,1048,138.86
-487.2,183.95,1079,146.8
-493.34,168.24,1029,132.44
-493.09,151.33,957,132.98
-496.17,136.63,1005,136.47
-508.09,119.73,967,131.62
-520.71,106.92,934,131.76
-522.55,114.59,845,125.62
-528.55,116.61,666,96.281
-532.3,124.18,596,102.78
-537.89,135.27,259,75.027
-547.03,152.92,943,123.9
-559.69,164.53,1020,136.01
-578.45,175.96,1007,128.77
-597.04,184.28,1022,126.29
-619.59,185.26,965,120.55
-637.63,180.78,948,122.93
-655.7,170.82,900,115.46
-660.9,159.09,637,102.53
-679.86,147.51,874,117.41
-698.26,138.38,878,120.78
-717.65,128.06,813,117.54
-735.95,114.84,749,112.39
-750.24,104.6,725,120.25
-762.08,97.178,623,115.5
-764.16,94.323,568,96.1
-769.77,94.427,556,126.21
-777.19,78.169,489,112.43
-794.1,63.646,437,111.43
-816.1,54.733,439,133.79
-836.87,50.392,744,132.52
-854.16,48.596,774,150.09
-866.09,43.593,778,168.75
-881.85,52.455,644,157.9
-881.85,52.455,644,157.9
-881.85,52.455,644,157.9
