0,-0,393,70.239
0.15471,-0.85358,385,68.94
0.76702,-3.1573,388,70.611
0.078379,-5.9555,396,70.71
0.84476,-8.83,387,75.102
-0.42162,-13.261,396,70.52
-2.3869,-17.457,392,69.486
-4.8768,-22.804,374,68.544
-4.2802,-20.238,371,67.03
-4.4904,-21.495,371,66.476
-7.167,-23.096,371,68.279
-7.8593,-25.103,362,66.228
-8.1069,-26.506,351,63.962
-10.427,-28.279,348,64.334
-7.2915,-24.479,343,65.078
-8.4141,-29.747,321,62.44
-9.843,-28.62,312,60.488
-8.2946,-29.435,307,60.108
-8.0556,-32.897,249,53.558
-10.022,-36.507,221,50.382
-12.209,-39.771,233,51.49
-13.206,-42.13,201,49.894
-10.576,-35.302,192,47.777
-12.264,-40.425,194,50.382
-15.592,-41.563,184,47.355
-16.649,-41.374,149,41.682
-15.352,-43.344,159,44.411
-12.574,-42.743,150,42.997
-10.05,-42.957,181,48
-8.8791,-41.323,188,48.993
-6.392,-40.342,154,43.162
-6.6266,-37.348,183,47.934
-9.109,-36.146,189,50.15
-11.251,-35.1,188,47.289
-11.145,-35.855,188,48.025
-11.228,-35.997,194,48.033
-10.328,-33.039,256,56.072
-12.862,-30.413,266,60.414
-9.9072,-33.218,254,55.89
-10.048,-34.669,180,45.238
-10.627,-36.235,196,49.092
-9.1879,-38.27,211,52.367
-7.9535,-38.944,237,53.012
-7.7729,-38.503,283,59.281
-6.375,-39.296,294,60.753
-6.756,-41.243,271,57.784
-6.955,-42.375,320,63.102
-6.478,-43.131,305,61.712
-5.7477,-38.764,281,58.404
-7.1268,-39.378,289,59.264
-10.995,-32.626,270,60.042
-10.227,-32.158,213,50.076
-8.1459,-37.135,269,60.712
-11.382,-37.65,260,59.57
-11.829,-36.224,234,53.607
-13.516,-32.062,241,57.023
-12.079,-36.654,273,60.976
-12.206,-35.535,333,70.28
-12.729,-30.743,409,82.198
-12.153,-35.255,347,65.368
-9.4121,-37.221,306,63.829
-11.378,-38.11,281,58.793
-12.195,-35.785,254,56.287
-11.487,-35.371,240,53.93
-10.697,-37.411,226,52.64
-10.563,-37.495,219,51.242
-11.189,-38.086,221,50.192
-11.112,-39.235,235,52.45
-11.157,-39.195,226,51.49
-7.7072,-41.64,269,58.503
-11.017,-38.467,270,57.536
-10.916,-35.417,361,74.531
-10.165,-33.881,378,77.533
-6.8107,-37.898,353,70.321
-9.3966,-40.711,329,64.309
-9.598,-36.344,292,59.918
-10.522,-36.424,298,59.372
-10.424,-37.565,358,69.478
-8.705,-36.366,307,61.142
-8.9354,-36.208,270,57.478
-12.013,-38.869,276,58.661
-11.564,-40.355,292,61.547
-13.006,-39.403,318,64.16
-9.4931,-34.756,342,70.148
-9.7023,-34.8,317,63.027
-8.2306,-33.44,300,59.554
-7.5016,-35.134,326,65.748
-5.9027,-40.295,323,64.45
-5.429,-42.753,323,65.806
-8.5371,-44.671,351,75.515
-11.863,-44.952,354,66.74
-7.9531,-45.258,351,68.072
-10.461,-47.672,385,78.178
-12.109,-41.755,415,87.25
-9.8593,-43.323,401,79.394
-9.2858,-48.555,373,71.339
-8.9718,-52.846,387,74.44
-10.357,-60.05,382,72.017
-10.711,-64.883,382,70.52
-10.557,-68.375,377,72.265
-9.423,-69.66,381,75.176
-10.773,-76.192,367,72.604
-11.141,-80.065,368,72.066
-9.7552,-83.251,405,84.157
-10.497,-89.403,386,75.11
-10.012,-95.155,379,74.142
-13.075,-101.96,338,65.136
-12.903,-103.37,297,60.306
-14.745,-108.67,304,60.116
-18.189,-112.3,318,62.531
-16.084,-113,346,66.55
-15.707,-119.78,329,63.689
-14.992,-124.97,341,65.541
-14.436,-128.56,320,61.34
-14.22,-127.4,287,58.032
-11.828,-129.52,268,57.048
-12.758,-129.56,263,55.51
-9.7188,-127.35,324,63.325
-8.0533,-132.12,318,62.465
-6.9076,-134.91,276,57.619
-4.3906,-136.75,257,54.79
-3.2825,-134.53,210,48.604
-3.5346,-134.01,215,49.828
-6.3937,-135.91,219,50.308
-5.1493,-139.52,251,54.691
-0.1792,-136.45,297,59.33
0.49112,-136.3,324,62.812
2.8172,-135.93,312,61.042
7.2686,-135.47,314,64.086
9.733,-138.76,317,62.771
9.718,-145.39,285,58.082
5.8308,-147.69,317,61.497
4.5536,-147.19,302,61.125
1.643,-150.56,275,56.957
-1.7324,-152.47,204,47.934
-4.4056,-153.28,200,48.331
-1.9083,-149.76,211,48.976
2.464,-153.22,195,47.678
4.6455,-153.41,177,47.082
4.249,-150.65,158,45.974
1.6114,-151.07,206,53.773
1.7986,-149.66,193,52.739
0.37636,-150.44,198,51.027
2.8785,-148.86,231,54.848
6.0225,-147.33,274,63.962
4.5831,-150.53,270,60.199
1.2794,-154.15,240,57.048
0.044703,-156.07,271,59.471
-0.62617,-159.02,216,50.87
-0.24452,-162.6,184,46.9
0.8208,-163.31,198,51.391
0.33302,-166.48,179,51.135
0.69075,-166.65,176,47.132
-0.52382,-167.98,187,51.482
0.53876,-165.37,192,52.226
-0.076592,-163.78,209,56.75
1.011,-163.72,199,54.608
1.1266,-162.71,199,52.541
-0.64239,-161.38,202,50.382
-3.6002,-160.67,186,45.974
-5.1206,-161.93,215,53.938
-6.5925,-164.71,228,57.693
-7.7369,-165.5,221,56.75
-9.1441,-166.47,221,53.359
-8.3517,-166.43,225,50.928
-8.7782,-167.79,212,49.216
-6.9068,-168.96,203,48.116
-4.9838,-167.28,190,47.496
-4.1539,-167.85,210,50.291
-4.1785,-166.6,197,49.414
-3.4171,-166.2,197,49.257
-3.6422,-166.39,227,51.788
-4.1288,-168.75,245,53.475
-5.1804,-168.48,271,57.9
-4.6839,-167.53,278,59.38
-5.2021,-165.14,329,70.247
-5.3624,-165.38,359,71.33
-5.5697,-162.56,289,61.704
-6.1512,-164.98,242,53.012
-5.9501,-161.01,224,50.845
-3.6854,-164.32,233,52.342
-6.5582,-158.02,261,58.429
-2.8523,-161.98,284,61.067
-0.31481,-160.05,345,69.453
-1.4061,-164.58,304,62.374
0.38907,-164.88,248,53.74
-0.53381,-165.76,197,49.365
-0.31436,-166.03,160,44.014
-1.9219,-165.66,153,42.674
-1.0587,-164.41,168,44.287
-0.40348,-164.59,181,46.065
-1.0783,-166.8,227,52.615
-2.003,-164.97,233,52.152
-0.38061,-165.38,250,54.418
-2.3568,-166.8,276,58.536
-2.8303,-164.37,257,56.08
-1.6121,-165.67,223,50.928
-1.7861,-166.07,232,52.044
-3.6479,-166.47,275,57.974
-4.8274,-164.75,296,62.423
-2.6335,-160.19,326,66.666
-0.65827,-161.88,308,66.294
-2.8889,-164.79,271,61.621
-5.9749,-162.74,269,58.594
-3.6662,-160.03,298,65.169
-2.4115,-157.9,341,74.134
0.37645,-159.55,340,66.277
-1.394,-163.71,327,67.609
-3.0511,-165.5,308,63.482
-2.4589,-167.18,311,61.894
-2.6367,-168.73,329,63.788
-2.6131,-172.17,294,59.653
-0.45697,-169.27,264,54.782
-3.9798,-170.42,311,61.919
-1.5641,-172.09,308,60.48
-3.5928,-173.29,327,61.704
-3.6256,-174.71,318,61.522
-4.8929,-178,332,62.92
-7.9801,-178,326,62.415
-9.8346,-179.61,321,61.638
-10.23,-178.51,319,63.573
-10.87,-179.96,275,57.42
-10.03,-181.87,299,59.256
-11.383,-182.7,320,62.258
-11.91,-183.57,297,59.727
-12.227,-186.5,287,57.784
-13.2,-188.98,291,58.247
-12.747,-187.42,265,55.906
-13.243,-189.77,220,50.01
-13.828,-190.37,211,50.101
-14.728,-191.78,243,52.987
-16.117,-194.72,251,53.384
-15.845,-196.41,246,53.351
-18.564,-197.83,234,52.416
-23.007,-193.95,223,52.896
-26.003,-191.47,217,51.788
-25.701,-190.12,234,54.013
-21.844,-185.12,256,56.006
-20.84,-184.02,237,53.351
-23.816,-184.63,216,49.712
-19.11,-188.18,256,60.67
-16.604,-189.78,304,64.152
-21.33,-193.71,320,61.911
-20.803,-194.18,338,66.203
-22.705,-200.14,302,61.249
-25.004,-203.28,294,58.52
-27.246,-204.26,229,51.97
-31.742,-202.3,197,49.158
-33.06,-203.32,192,48.968
-34.247,-204.89,217,50.473
-34.835,-204.86,208,49.522
-34.696,-201.46,168,45.974
-35.858,-204.07,175,49.778
-36.041,-203.61,143,45.188
-35.541,-204,154,44.014
-33.714,-204.23,160,44.477
-28.283,-198.28,212,54.211
-27.995,-197.02,209,56.188
-23.299,-195.58,233,57.792
-17.394,-197.42,299,61.778
-17.299,-201.92,281,60.199
-17.959,-202.89,274,61.985
-18.579,-207.29,221,53.541
-19.267,-207.44,169,49.712
-16.876,-207.42,189,52.896
-15.068,-202.37,202,52.731
-14.87,-201.7,191,47.653
-16.716,-200.75,235,57.784
-16.225,-198.45,252,57.238
-13.892,-193.89,287,60.422
-13.43,-198.87,219,50.63
-12.912,-201.37,230,53.748
-13.825,-202.61,236,53.012
-12.921,-202.51,238,52.433
-15.849,-203.14,250,53.765
-15.745,-204.89,252,53.93
-18.24,-205.63,235,52.069
-18.148,-205.65,244,54.418
-19.344,-206.93,261,55.452
-18.842,-207.48,263,58.553
-17.929,-208.72,278,58.247
-19.952,-209.29,255,54.641
-19.763,-209.35,260,55.427
-20.371,-210.58,280,59.116
-22.665,-210.07,261,54.393
-26.066,-210.89,267,55.518
-26.926,-210.87,276,57.296
-26.382,-211.99,245,54.418
-27.744,-212.71,222,50.845
-28.639,-212.97,207,50.729
-29.963,-212.8,176,45.974
-30.155,-213.49,157,44.221
-30.654,-212.53,165,44.932
-30.764,-210.65,221,50.473
-30.051,-208.53,237,52.251
-27.88,-208.87,211,51.581
-26.925,-207.82,210,49.348
-23.069,-207,211,50.514
-20.685,-202.86,294,60.48
-19.96,-200.92,327,66.203
-17.334,-199.34,362,70.049
-19.498,-202.96,378,75.482
-20.522,-203.52,332,64.731
-23.437,-206.26,345,67.452
-23.867,-210.21,333,68.08
-23.813,-210.77,333,63.92
-28.167,-213.78,287,58.429
-31.392,-213.75,309,60.116
-29.274,-214.29,321,61.944
-30.13,-218.25,325,63.292
-30.317,-218.88,278,56.75
-33.946,-216.87,288,59.165
-34.134,-220.52,252,54.964
-34.564,-222.24,263,55.526
-35.059,-220.85,275,56.75
-36.348,-221.19,260,54.492
-39.527,-221.48,301,59.752
-41.401,-223.16,311,61.63
-38.118,-224.56,272,55.981
-39.939,-226.81,288,59.281
-40.005,-225.92,282,57.701
-43.303,-224.83,287,58.404
-39.033,-227.21,254,54.211
-38.932,-226.9,270,55.526
-40.977,-228.32,271,56.56
-39.304,-229.19,235,52.069
-39.178,-229.94,252,53.558
-38.292,-230.49,241,53.07
-38.687,-232.94,229,51.904
-38.594,-232.73,238,52.516
-40.005,-233.17,241,52.623
-41.784,-233.72,235,52.251
-38.152,-238.35,207,49.737
-37.465,-237.63,229,51.97
-37.784,-237.42,261,54.947
-37.945,-237.22,242,52.152
-37.646,-235.87,267,55.7
-38.166,-235.86,252,54.285
-40.769,-236.62,250,53.963
-39.473,-238.08,230,51.581
-36.843,-237.82,197,47.818
-38.261,-237.6,185,47.082
-37.619,-234.33,208,52.714
-39.331,-233.67,201,49.456
-40.067,-233.67,217,50.49
-37.013,-232.66,237,53.93
-36.356,-236.99,285,58.793
-35.787,-238.4,296,58.801
-34.17,-237.34,292,57.85
-36.812,-240.27,295,59.008
-37.494,-241.03,289,58.33
-34.951,-240.44,287,57.949
-31.703,-241.35,288,57.296
-30.629,-241.07,263,55.766
-33.631,-239.98,267,56.006
-32.485,-238.32,280,56.841
-32.643,-239.62,276,56.634
-29.213,-237.23,270,56.304
-28.314,-240.69,283,58.007
-26.757,-238.92,293,58.495
-25.043,-240.55,285,58.313
-24.497,-241.74,284,57.511
-21.77,-239.02,294,58.71
-20.361,-241.1,249,54.236
-19.346,-241.14,310,60.042
-21.334,-242.83,302,59.537
-18.711,-242.58,315,60.786
-15.499,-242.3,308,61.754
-12.098,-244.33,256,54.575
-15.987,-243.52,276,58.826
-12.629,-242.43,315,61.638
-8.4635,-240.9,294,59.289
-7.6969,-243.97,287,57.668
-9.0999,-244.34,290,57.668
-7.0476,-242.81,304,59.256
-2.7898,-244.08,292,59.636
-7.8596,-246.79,269,55.923
-8.1009,-247.51,314,61.307
-0.42091,-245.89,329,64.888
-2.347,-250.15,303,60.885
-1.7476,-249.14,267,56.634
1.0115,-248.32,265,57.114
5.9082,-246.91,319,61.233
-1.5676,-246.86,336,63.606
-3.1604,-247.58,312,60.968
-1.0248,-247.91,338,64.805
1.8243,-250.32,345,69.362
0.059318,-251.13,279,60.736
-1.7512,-251.29,281,58.958
-2.2909,-251.42,269,57.544
-2.2484,-253.57,194,52.838
-3.6736,-253.84,153,45.163
-5.5845,-254.14,144,46.197
-5.5419,-254.26,122,42.583
-8.2562,-256.47,333,63.176
-5.2382,-256.74,333,63.416
-7.3034,-256.47,338,63.482
-7.212,-258.74,335,62.374
-10.014,-260.71,337,64.053
-9.3989,-261.03,323,63.325
-10.516,-261.11,347,65.177
-11.582,-260.98,339,64.442
-11.924,-263.23,341,63.3
-15.106,-267.03,337,63.598
-15.717,-270.12,299,58.809
-18.838,-268.59,297,58.503
-17.458,-269.35,254,54.575
-22.194,-273.69,237,53.955
-23.426,-271.78,289,59.562
-26.126,-276.84,219,50.539
-28.375,-281.29,205,50.779
-31.87,-282.65,184,48.116
-32.279,-281.41,167,47.38
-32.344,-278.49,139,42.517
-31.146,-280.22,181,50.349
-29.494,-280.85,192,51.697
-30.32,-280.66,161,45.337
-27.848,-284.47,178,50.357
-24.401,-282.87,179,51.689
-24.168,-280.26,181,54.029
-24.732,-279.7,173,52.805
-25.208,-278.72,172,52.896
-23.96,-278.64,188,54.856
-24.314,-280.06,191,54.699
-21.572,-280.69,196,53.591
-19.929,-281.13,197,49.894
-19.527,-282.38,190,51.532
-22.116,-279.83,175,51.763
-25.647,-278.2,204,54.211
-25.517,-277.8,157,46.718
-24.911,-277.81,157,46.536
-25.897,-277.17,163,48.397
-27.484,-277.14,187,52.16
-26.945,-277.73,155,47.752
-24.482,-275.19,175,50.109
-24.491,-272.84,210,52.623
-22.985,-271.16,211,54.327
-18.771,-268.4,248,59.463
-16.872,-269.14,286,64.706
-14.094,-268.2,301,64.706
-14.816,-263.44,316,63.996
-12.33,-259.65,313,61.431
-12.126,-260.98,305,60.232
-12.035,-264.51,294,59.091
-8.9066,-266.64,272,56.171
-6.4401,-268.81,260,55.518
-4.1436,-269.29,240,52.524
-5.1638,-268.26,212,50.655
-6.5751,-268.21,198,47.951
-4.7116,-269.75,235,51.887
-5.7496,-269.25,224,50.936
-5.0949,-268.68,259,54.509
-5.0749,-269.37,295,61.803
-4.3207,-270.05,277,58.082
-4.3444,-271.91,296,60.695
-4.9532,-272.69,294,60.141
-7.2827,-271.1,292,59.744
-7.6508,-266.79,330,66.674
-11.879,-265.01,317,67.865
-8.7094,-265.61,318,66.509
-6.9951,-260.2,319,65.905
-1.9398,-255.87,337,80.85
-5.4447,-251.15,392,97.853
-3.6364,-246.98,440,105.2
-1.96,-242.47,419,96.86
-2.2088,-238.3,410,84.24
-8.4269,-234.77,392,76.607
-12.832,-239.61,445,89.02
-23.72,-241.9,455,93.494
-31.226,-243.52,397,82.371
-31.202,-246.03,356,75.011
-30.589,-248.26,336,68.254
-28.179,-244.01,287,69.594
-29.517,-244.78,248,59.719
-29.624,-247.36,174,47.256
-29.034,-246.68,172,47.082
-28.754,-247.62,181,48.05
-28.858,-248.24,194,50.382
-27.26,-248.31,204,50.399
-28.522,-248.5,212,54.186
-27.514,-247.09,195,49.613
-28.17,-243.04,211,55.154
-27.594,-240.6,193,47.934
-23.44,-236.1,174,46.644
-26.564,-236.6,222,56.543
-29.213,-239.81,233,53.169
-31.711,-241.52,226,53.839
-31.698,-242.28,207,57.503
-35.113,-235.9,215,59.835
-40.569,-234.28,237,55.526
-39.41,-232.3,249,56.295
-38.823,-227.68,278,62.349
-37.595,-227.01,273,65.078
-31.615,-219.29,301,69.776
-30.355,-214.84,331,75.449
-30.912,-208.05,405,91.551
-29.627,-197.77,448,95.636
-26.796,-198.61,422,83.33
-28.896,-198.38,452,92.783
-24.473,-189.45,475,96.472
-17.386,-185.01,468,92.212
-13.821,-186.74,452,86.068
-16.824,-192.92,453,86.374
-18.644,-199.3,426,78.244
-21.821,-200.26,379,72.025
-23.051,-204.5,350,68.37
-23.351,-207.37,296,59.14
-23.905,-212.81,260,55.195
-23.189,-215.37,252,55.336
-23.545,-216.1,238,53.368
-21.073,-216.12,244,55.154
-17.337,-214.59,266,59.19
-16.861,-219.84,306,62.564
-12.907,-226.13,303,64.888
-4.9619,-232.47,333,71.67
0.54674,-240.36,403,77.947
-0.74757,-250.45,419,78.228
-0.98266,-262.04,393,71.918
-0.028086,-265.34,355,67.328
-1.8814,-271.52,357,66.799
-1.9054,-271.76,330,64.367
-1.3234,-273.55,307,60.588
0.60522,-275.28,298,59.81
1.9637,-276.43,244,53.583
0.58454,-274.94,303,61.241
2.6816,-276.96,272,57.015
1.7772,-280.93,304,60
-0.5087,-285.5,289,58.636
-0.91573,-290.54,265,55.989
-2.5927,-293.96,247,53.814
-3.2932,-293.57,238,53.26
-5.5627,-291.24,242,52.805
-6.6283,-294.17,246,53.839
-6.0835,-296.46,263,56.196
-6.8049,-298.1,233,51.978
-7.4526,-297.58,210,49.059
-4.9675,-295.25,234,52.069
-5.7389,-296.63,257,56.742
-5.7056,-299.42,218,50.448
-8.9618,-303.68,193,47.099
-12.933,-304.24,177,47.661
-17.567,-304.25,146,40.921
-18.242,-305.3,132,40.871
-14.351,-306.28,159,46.462
-13.555,-310,123,40.739
-11.666,-309,110,39.424
-9.927,-310.41,101,35.694
-12.496,-310.19,74,30.749
-11.455,-310.8,89,33.61
-12.491,-308.55,112,39.118
-13.31,-306.49,93,38.87
-13.341,-307.28,75,35.016
-14.266,-307.87,55,32.428
-15.348,-308,54,24.918
-16.634,-308.35,89,34.652
-16.608,-308.2,71,32.378
-15.87,-308.21,90,37.464
-15.655,-307.62,104,39.532
-14.723,-305.26,120,41.467
-17.724,-304.23,145,49.572
-19.174,-301.56,147,45.213
-17.639,-301.19,110,39.788
-16.124,-301.98,134,43.096
-15.57,-298.32,180,50.936
-17.621,-301.94,154,48.405
-20.254,-302.12,155,52.069
-20.96,-299.76,152,49.183
-21.66,-301.46,149,42.972
-21.929,-301.76,147,47.612
-20.023,-300.89,183,52.251
-21.778,-301.15,143,40.747
-18.38,-300.66,156,48.538
-17.736,-300.62,170,46.396
-11.372,-300.4,223,61.704
-13.518,-298.05,212,52.896
-6.6562,-296.51,261,58.222
-4.2764,-298.77,287,57.974
-4.2114,-299.01,286,58.702
-3.5778,-302.54,263,58.181
-3.6716,-303.23,227,52.731
-2.8878,-305.51,200,49.092
0.081607,-308.47,170,44.105
-3.8113,-304.81,137,41.103
-0.91873,-308.13,141,39.887
-2.4203,-305.73,138,40.35
-3.2126,-306.72,159,44.08
-2.4184,-307.87,170,44.295
-4.2677,-307.33,181,46.735
-9.4544,-311.87,122,39.399
-9.0461,-311.46,116,37.836
-12.84,-309.8,121,38.663
-11.354,-307.93,162,43.41
-14.522,-309.46,126,39.217
-10.848,-311.76,94,34.652
-10.434,-311.86,99,35.686
-14.636,-311.1,66,29.417
-17.068,-315.54,254,54.492
-18.307,-308.88,283,59.628
-14.2,-312.55,278,58.71
-13.707,-316.94,262,55.882
-16.242,-317.47,241,54.302
-18.181,-319.88,192,49.373
-21.831,-321.05,117,38.572
-25.648,-322.53,50,25.009
-25.598,-325.85,116,37.075
-26.823,-324.56,121,39.151
-25.861,-327.53,78,30.724
-27.468,-326.75,79,31.625
-27.637,-323.6,114,38.729
-27.098,-323.41,124,43.898
-26.707,-318.6,199,54.137
-28.578,-321.85,137,43.716
-28.39,-323.9,94,35.43
-30.48,-324.26,87,32.99
-32.838,-327.92,106,38.754
-33.998,-327.93,93,34.098
-34.036,-328.05,101,36.538
-33.334,-326.96,107,35.752
-31.402,-325.03,139,39.399
-32.264,-327.76,108,36.422
-32.598,-328.84,88,36.728
-32.57,-328.12,90,35.181
-33.46,-326.76,98,37.018
-35.003,-327.6,84,31.84
-36.468,-326.3,79,30.98
-38.975,-327.41,63,29.988
-40.848,-326.65,71,31.468
-40.675,-325.11,104,37.348
-37.779,-324.71,130,40.185
-34.141,-322.18,181,47.099
-32.453,-321.58,200,48.323
-32.453,-321.58,200,48.323
