0,-0,308,83.537
-0.2251,0.69529,335,83.455
-1.2512,0.6352,346,80.618
-1.6988,-0.14319,354,79.675
-1.4724,-0.64694,339,77.21
-1.1485,-2.2686,345,80.808
-0.8807,-5.3624,357,84.662
-1.054,-8.1668,360,85.563
-1.2091,-11.452,366,79.956
-2.3835,-13.227,362,74.721
-3.0481,-16.134,344,71.926
-4.227,-18.902,332,67.766
-3.9987,-22.332,344,66.302
-2.5176,-25.556,347,66.41
-1.2974,-29.33,333,66.402
1.5798,-31.319,367,72.943
4.3886,-32.439,369,76.88
5.6733,-34.476,352,72.083
6.4908,-36.797,336,70.867
6.617,-37.389,348,74.324
7.1774,-41.231,348,71.628
7.3601,-45.157,334,67.981
6.7283,-49.205,317,62.614
4.5188,-53.432,309,62.192
4.2038,-56.389,306,61.249
4.627,-59.292,285,60.604
4.8697,-61.948,272,58.991
6.995,-64.102,263,59.446
9.2927,-65.998,275,64.458
11.55,-68.247,254,64.64
12.856,-68.702,223,60.488
14.327,-69.708,234,62.953
14.93,-68.482,237,61.919
15.246,-68.177,249,60.422
14.787,-67.875,243,57.015
15.881,-67.195,245,56.031
16.72,-66.349,244,54.608
17.489,-64.4,252,55.228
17.629,-63.264,251,55.559
16.728,-62.11,234,52.615
16.676,-61.146,235,53.575
16.099,-60.694,287,59.662
13.768,-61.984,329,66.013
13.17,-63.485,325,65.012
12.382,-64.767,345,68.262
12.381,-67.448,335,65.26
13.002,-69.228,342,74.705
15.854,-72.005,347,68.577
19.137,-75.631,359,71.397
21.24,-79.637,369,71.124
21.707,-84.534,363,70.082
21.569,-89.721,363,71.653
20.858,-95.589,356,70.694
19.294,-100.89,366,71.231
15.459,-104.2,354,70.561
13.211,-107.13,344,67.154
11.046,-110.48,327,64.847
8.617,-113.95,328,64.996
6.5722,-117.79,315,64.491
3.7463,-120.62,320,64.176
0.85714,-123.45,308,61.406
-0.38214,-125.99,307,60.943
-2.5292,-128.28,308,61.34
-3.3622,-129.97,291,58.793
-2.2226,-130.93,294,61.158
-0.64599,-132.35,307,62.738
0.56982,-134.8,306,62.374
2.7208,-135.66,303,61.588
3.648,-138.02,282,59.396
5.2515,-139.63,285,61.133
7.325,-140.78,293,60.463
10.929,-143.15,301,62.027
13.48,-147.07,315,64.086
14.318,-151.18,309,63.689
12.561,-156.74,296,61.621
10.441,-160.41,302,62.903
7.8719,-163.2,307,63.226
4.4793,-165.77,298,61.448
4.83,-167.82,297,60.389
4.1924,-172.63,310,63.482
0.49806,-176,328,69.891
-5.3309,-177.47,322,69.734
-10.126,-178.42,324,67.725
-14.138,-177.83,322,68.114
-19.295,-176.69,328,71.24
-24.192,-176.16,329,70.074
-29.81,-176.03,319,69.685
-35.061,-174.01,324,69.875
-38.577,-173.23,325,68.932
-40.688,-175,325,67.708
-44.315,-177.96,316,65.723
-48.256,-181.48,324,65.814
-53.191,-184.74,322,65.698
-57.363,-188.37,326,66.666
-59.994,-192.78,314,65.566
-62.578,-195.95,326,67.402
-63.626,-201.04,321,64.954
-64.563,-206.87,302,60.414
-65.446,-210.7,250,54.55
-64.744,-213.41,176,46.313
-64.622,-218.85,319,62.366
-64.045,-223.43,315,61.795
-62.585,-229.18,312,61.332
-60.598,-233.39,325,63.3
-58.39,-238.04,314,62.746
-54.675,-240.37,312,61.704
-51.447,-243.03,277,56.932
-49.863,-241.85,295,59.074
-49.462,-241.74,291,59.653
-50.178,-241.65,295,59.653
-52.187,-243.66,299,59.264
-50.63,-246.15,301,58.702
-48.533,-246.63,304,59.372
-48.183,-245.15,297,58.702
-48.263,-242.76,295,58.131
-47.64,-243.82,264,57.395
-45.491,-242.43,236,54.691
-46.14,-240.69,204,49.894
-45.926,-240.98,189,47.595
-47.424,-242.22,179,47.173
-46.928,-243.93,167,46.528
-47.086,-245.24,169,46.437
-46.55,-245.06,174,47.934
-45.99,-246.5,189,48.67
-46.143,-247.41,189,49.464
-46.254,-249.37,175,46.801
-46.559,-250.75,146,42.724
-47.362,-252.05,140,41.194
-46.114,-251.69,125,38.109
-45.907,-251.21,136,40.532
-44.639,-251.15,161,43.369
-45.598,-251.19,158,42.815
-45.724,-251.07,147,41.409
-45.682,-251.06,139,39.234
-45.251,-250.97,134,39.052
-44.907,-251.12,136,40.648
-47.059,-250.97,133,41.194
-47.167,-250.95,126,39.424
-46.306,-249.11,129,40.731
-44.947,-249.98,149,44.361
-42.826,-250.09,154,43.989
-43.753,-249.89,151,41.938
-44.107,-250.59,167,43.65
-44.708,-251.84,195,47.388
-44.712,-252.45,211,49.274
-43.996,-251.71,241,52.987
-44.369,-251.15,243,53.558
-44.115,-253.15,242,52.64
-43.755,-255.86,255,55.344
-43.036,-256.23,247,54.211
-40.837,-258.53,268,57.23
-38.983,-259.67,293,61.026
-36.429,-262.43,280,59.107
-35.54,-262.93,259,56.444
-31.445,-264.98,255,54.881
-30.15,-266.18,262,56.444
-28.931,-266.16,237,52.987
-27.478,-265.45,227,51.846
-25.107,-268.39,238,52.714
-25.054,-271.35,241,53.864
-22.484,-276.07,243,52.706
-20.459,-280.22,259,56.163
-19.356,-281.08,296,62.448
-17.539,-284.78,303,61.985
-16.27,-288.49,288,59.628
-14.656,-289.97,283,57.296
-13.689,-293.82,256,54.418
-11.782,-295.76,251,53.632
-12.448,-299.16,238,52.251
-13.107,-301.95,231,51.879
-14.91,-303.4,249,55.319
-17.659,-303.45,246,56.75
-20.566,-301.73,231,57.42
-21.561,-301.76,196,50.291
-19.9,-300.9,203,49.348
-19.34,-300.84,208,50.399
-17.778,-300.73,231,54.807
-18.222,-300.44,235,54.344
-18.997,-300.7,222,52.913
-20.379,-302.93,208,50.076
-20.571,-302.72,212,49.828
-20.912,-303.27,231,52.913
-20.838,-304.56,248,54.947
-20.971,-304.82,254,55.129
-21.294,-306.24,267,55.807
-21.861,-306.42,253,54.302
-22.337,-305.65,264,55.344
-22.868,-306.41,262,55.89
-23.733,-306.68,259,54.79
-24.041,-305.77,260,54.939
-24.307,-306.25,245,53.078
-25.578,-303.88,234,52.896
-25.995,-306.73,230,51.871
-28.291,-304.36,202,48.488
-26.6,-303.97,217,50.978
-27.227,-301.45,212,49.34
-26.723,-300.49,291,58.437
-26.187,-301.33,327,64.582
-26.694,-304.21,318,63.457
-27.261,-306.88,299,61.431
-29.191,-310.05,285,58.313
-26.126,-312.53,263,55.129
-25.209,-315.19,227,52.342
-24.742,-318.08,215,50.175
-23.673,-319.44,203,49.249
-21.611,-319.8,219,50.291
-20.267,-319.34,247,53.748
-18.524,-319.67,272,56.378
-16.855,-317.55,240,52.979
-16.215,-317.77,231,52.16
-17.936,-316.25,246,53.194
-18.729,-315.05,289,58.636
-19.253,-316.21,302,60.108
-17.361,-318.17,286,57.106
-14.149,-319.53,282,57.114
-12.397,-319.69,275,56.328
-12.403,-321.98,279,57.602
-13.826,-322.14,286,58.247
-12.429,-325.09,290,57.974
-9.5315,-324.86,282,57.486
-6.9677,-327.55,282,57.296
-5.7608,-324.33,277,56.626
-1.6345,-322.38,277,57.966
0.1284,-318.73,284,58.156
4.1977,-315.57,255,54.484
8.1215,-311.91,228,52.061
12.782,-308.53,245,55.08
16.702,-306.74,288,60.993
20.114,-305.23,300,60.505
23.174,-303.52,285,58.776
27.858,-298.92,275,57.015
32.669,-295.9,313,61.936
38.948,-291.97,314,63.11
44.114,-289.18,315,61.696
46.996,-285.19,314,61.82
49.15,-282.51,287,57.478
48.801,-279.92,281,56.634
46.986,-276.33,282,57.875
45.604,-273.98,270,55.981
42.847,-270.61,278,57.412
37.777,-268.94,292,59.19
34.565,-270.42,294,59.446
32.472,-273.5,285,57.842
32.394,-277.24,264,55.89
33.997,-279.07,249,54.881
39.892,-280.55,220,50.2
43.118,-279.88,249,54.418
47.881,-279.81,273,56.196
47.026,-282.67,323,64.077
41.03,-287.55,325,65.533
36.97,-294.48,313,63.391
34.72,-300.68,315,62.655
34.904,-305.54,304,60.852
34.58,-311.12,298,59.256
32.628,-316.9,291,58.52
29.791,-322.4,290,58.065
28.559,-327.21,281,58.272
24.718,-328.35,285,59.48
24.987,-329.69,256,55.129
22.431,-329.91,214,49.621
20.411,-330.45,152,41.814
21.547,-329.89,153,41.69
21.497,-331.32,152,41.31
22.083,-331.14,153,41.202
22.517,-331.1,146,40.739
22.118,-331.87,160,42.906
21.349,-330.16,183,45.974
23.457,-331.59,198,48.306
23.778,-331.87,192,47.934
23.184,-331.79,205,48.306
21.782,-331.28,237,52.433
22.116,-332.29,273,57.097
20.762,-331.55,289,59.562
18.73,-334.77,286,60.803
14.199,-337.28,278,59.934
9.9242,-338.4,268,58.222
5.667,-336.73,280,58.14
2.1087,-332.62,290,61.803
-4.9319,-324.94,330,66.774
-14.875,-320.48,343,66.294
-23.901,-317.2,347,66.319
-31.018,-310.05,353,66.261
-34.959,-304.68,353,67.518
-39.068,-301.22,326,65.169
-43.409,-299.04,338,65.922
-48.241,-296.55,337,65.103
-52.98,-293.06,337,65.004
-58.08,-288.86,327,63.275
-63.43,-286.62,326,63.093
-68.978,-282.52,335,64.342
-74.676,-279.25,341,65.723
-80.119,-276.07,338,64.499
-84.539,-273.5,342,66.666
-91.417,-271.67,340,66.939
-98.057,-270.79,325,64.45
-103.61,-269.69,327,64.144
-109.39,-270.51,323,63.606
-115.57,-271.93,326,63.342
-119.56,-272.57,333,64.367
-123.75,-277.37,330,62.374
-129.02,-281.39,326,61.869
-131.83,-285.38,329,64.499
-135.6,-291.05,330,64.036
-139.73,-296.59,328,63.366
-143.04,-301.34,309,61.199
-146.82,-305.5,312,61.522
-147.48,-308.61,313,64.937
-151.12,-313.85,300,61.315
-153.13,-319.46,287,60.546
-154.56,-324.41,266,59.711
-156.6,-330.43,237,53.93
-158.91,-335.3,186,46.71
-160.5,-337.61,139,41.5
-160.93,-340.28,70,28.466
-165.03,-345.72,74,29.971
-168.6,-350.15,144,41.384
-172.17,-356.48,250,54.277
-175.19,-356.72,252,55.733
-175.19,-356.72,252,55.733
