0,-0,280,91.444
1.042,-2.117,255,92.437
2.4748,-1.8898,300,94.901
3.3555,-3.4085,327,104.96
4.9818,-3.8295,271,109.52
4.6176,-1.9882,364,114.2
4.372,-0.14061,378,134.9
3.8344,4.3304,397,116.25
4.3602,8.4968,518,110.99
5.0544,9.656,410,124.24
3.7472,10.201,248,170.27
2.2427,15.552,348,133.35
-2.7622,20.302,789,137.02
-6.6417,20.846,777,142.81
-10.268,22.583,805,138.34
-14.278,22.426,803,130.55
-18.065,22.222,796,137.15
-20.656,21.918,779,134.5
-23.436,21.917,804,138.9
-25.843,22.784,768,136.41
-29.167,23.84,768,137.4
-33.445,24.567,762,132.57
-36.615,26.597,730,125.03
-39.582,29.653,725,122.94
-43.094,30.565,706,119.27
-46.227,31.107,676,112.2
-49.448,31.582,671,114.13
-51.243,31.216,672,117.52
-51.166,30.364,752,134.4
-51.625,32.058,755,135.83
-54.666,33.975,732,133.91
-57.159,36.666,719,127.19
-58.484,38.362,698,118
-60.285,41.532,676,116.86
-61.542,42.912,663,114.74
-63.609,42.423,620,110.68
-64.455,43.23,604,99.565
-64.674,42.512,620,100.74
-63.25,42.951,703,120.63
-63.726,43.103,712,117.19
-65.426,42.662,674,122.27
-65.698,45.148,667,119.14
-64.751,47.377,682,109.75
-63.506,50.291,642,106.69
-62.312,52.66,693,114.44
-61.206,53.795,698,115.66
-58.935,55.52,664,107.35
-57.786,58.184,662,109.41
-56.921,62.21,647,107.63
-55.754,62.53,636,106.63
-52.671,63.732,637,109.2
-51.652,63.532,650,108.18
-51.578,61.102,661,113.75
-53.634,61.936,624,115.58
-54.604,62.179,647,111.93
-54.625,61.088,648,118.87
-55.314,60.403,653,109.94
-55.439,60.876,637,103.41
-55.309,60.697,636,106.16
-55.043,61.022,630,108.67
-55.13,60.29,630,115.53
-54.79,61.783,620,111.56
-54.782,61.269,623,107.47
-54.831,61.668,641,105.37
-55.338,62.463,685,110.19
-55.966,64.027,724,112.71
-57.592,62.179,782,114.33
-56.611,59.948,788,121.75
-54.096,58.755,748,117.94
-53.811,59.635,718,113.48
-54.267,62.566,682,100.13
-53.018,65.475,628,97.58
-52.065,65.08,619,98.895
-52.002,61.747,608,99.06
-53.627,56.021,620,97.994
-56.094,54.385,611,95.943
-58.531,52.959,675,110.18
-61.308,53.587,721,124.2
-62.887,55.007,731,118.81
-61.971,56.259,756,112.58
-62.808,57.523,708,112.05
-63.197,59.191,740,110.56
-63.262,60.437,798,115.58
-63.486,59.759,782,114.11
-61.485,61.639,810,115.7
-61.475,60.311,813,116.36
-60.842,60.993,799,108.45
-59.992,58.335,798,113.28
-61.959,57.92,806,112.49
-63.71,53.511,825,127.29
-63.465,53.934,811,123.19
-65.04,55.407,852,125.3
-65.438,59.777,910,145.8
-67.581,60.979,857,136.15
-69.202,59.367,875,135.13
-70.709,54.27,861,133.08
-71.85,52.78,817,127.78
-75.144,53.473,780,127.22
-75.629,54.055,752,133.32
-77.565,55.743,763,132.91
-77.656,57.116,769,129.92
-77.127,54.305,858,132.57
-76.284,54.429,814,118.87
-75.431,53.612,831,115.27
-76.774,55.565,764,108.94
-76.772,57.671,752,112.57
-77.493,59.691,735,110.89
-81.807,60.238,788,121.4
-85.87,61.466,797,115.57
-90.115,62.683,803,132.51
-93.21,62.991,813,130.24
-93.116,64.206,783,121.11
-91.565,63.312,761,124.66
-91.897,64.026,767,126.34
-92.105,63.162,744,127.58
-92.062,63.58,737,124.84
-92.316,62.909,729,126.31
-92.196,62.733,726,129.62
-92.119,63.06,728,130.07
-92.487,63.621,763,136.82
-92.795,63.524,809,137.46
-91.194,62.906,785,129.21
-92.607,65.799,776,129.02
-93.321,66.812,803,135.4
-89.725,67.386,790,129.29
-87.442,64.563,768,124.28
-85.556,60.039,764,120.55
-82.213,59.256,766,118.61
-80.772,58.166,733,113.03
-84.57,58.64,746,123.62
-91.868,60.653,768,130.3
-97.318,59.804,774,132.07
-98.934,59.152,765,133.36
-95.516,54.535,825,148.51
-90.64,51.472,832,149.72
-89.624,47.278,827,161.23
-86.718,47.532,803,164.98
-89.055,48.133,730,141.66
-93.384,47.003,722,126.75
-97.222,45.37,722,133.01
-99.788,46.868,742,126.34
-103.52,50.515,733,122.17
-106.67,55.72,713,110.41
-107.98,59.917,741,122.05
-105.58,63.371,745,113.49
-100.69,66.536,730,112.68
-97.646,61.124,735,105.5
-91.675,59.599,726,108.74
-84.906,56.432,713,104.39
-80.007,51.51,703,104.97
-74.208,47.181,742,116.54
-70.595,39.961,829,130.88
-67.865,35.571,902,144.93
-64.422,32.605,916,154.72
-61.251,28.28,903,155.15
-56.662,24.713,912,150.7
-53.626,24.053,894,144.43
-54.244,25.489,858,136.45
-59.289,29.644,864,147.81
-63.602,37.31,875,140.99
-66.823,45.65,861,139.22
-69.474,52.039,840,128.39
-72.302,58.794,831,129.89
-74.935,59.761,784,114.77
-75.872,58.771,846,113.35
-76.211,58.258,886,127.64
-75.819,59.905,864,130.56
-75.58,58.195,840,123.43
-75.452,59.185,841,123.39
-75.156,58.689,858,133.23
-75.753,60.093,865,135.47
-75.779,59.647,855,149.54
-74.75,58.363,878,152.44
-75.086,59.181,860,131.04
-73.998,57.968,919,150.1
-75.093,58.002,930,134.72
-76.152,61.232,918,124.61
-73.748,59.891,929,124.84
-71.567,61.598,923,133.08
-68.426,63.413,937,146.71
-67.64,59.325,951,137.6
-72.391,56.324,919,128.12
-78.336,57.776,890,118.35
-80.513,61.004,843,117.3
-83.915,61.323,836,116.32
-87.184,63.794,826,119.82
-92.333,63.774,832,122.78
-96.748,65.621,861,126.84
-99.986,64.529,819,120.65
-96.966,62.876,866,134.98
-92.12,60.552,864,133.28
-84.999,59.1,848,116.93
-83.339,61.019,859,129.84
-80.338,61.698,892,133.12
-79.078,61.19,886,134.16
-75.424,57.484,911,145.35
-73.96,54.277,950,149.51
-70.851,52.539,979,146.14
-70.842,46.966,932,155.78
-73.643,46.563,957,147.16
-78.869,49.37,946,147.75
-84.97,54.942,935,147.42
-87.276,58.24,914,133.66
-78.759,60.824,955,133.87
-79.143,62.173,899,130.67
-83.484,60.882,825,117.54
-82.426,56.33,831,127.99
-83.195,55.976,865,125.58
-83.732,58.725,900,124.7
-83.68,58.856,926,130.89
-87.645,56.789,941,150.2
-86.974,57.685,950,151.23
-85.084,60.343,929,124.37
-86.295,59.055,915,136.64
-84.919,59.745,925,133.61
-83.312,60.232,920,138.3
-82.392,63.411,935,141.77
-85.83,60.308,944,120.12
-85.603,59.547,972,134.56
-85.219,58.382,904,150.07
-84.847,59.486,886,151.78
-85.109,57.546,772,158.77
-85.154,58.361,868,140.33
-85.015,57.272,827,146.63
-84.32,57.977,896,158.16
-83.118,58.56,904,149.27
-83.609,59.249,841,171.34
-84.598,58.416,824,155.94
-81.751,58.266,786,194.17
-76.464,59.175,667,157.09
-80.034,59.947,881,154.88
-80.494,57.263,935,149.67
-82.444,59.064,888,159.86
-85.768,60.965,910,128.51
-87.503,60.462,926,143.69
-85.273,61.826,928,148.03
-82.169,57.136,943,149.27
-80.551,59.823,978,142.72
-87.861,60.622,953,128.89
-93.294,58.303,932,137.91
-98.96,57.749,901,144.55
-95.908,53.351,902,159.64
-96.038,57.383,903,143.34
-90.902,59.205,915,123.76
-83.181,60.32,909,124.23
-80.983,60.976,864,122.65
-86.4,60.3,887,114.46
-89.597,55.819,938,128.79
-87.331,58.151,919,140.06
-83.963,64.481,909,150.93
-82.33,64.05,937,161.35
-85.451,57.358,910,137.72
-87.584,54.898,919,123.96
-92.795,56.44,928,136.73
-94.291,59.535,879,134.33
-90.983,60.6,873,120.84
-85.561,60.254,900,122.8
-80.484,57.012,881,126.76
-75.775,50.131,943,131.96
-74.486,44.952,964,133.19
-77.567,43.726,965,141.32
-83.244,49.304,930,132.36
-90.971,50.969,917,145.9
-97.385,44.503,887,146.17
-104.84,41.579,877,144.27
-107,46.044,837,128.61
-105.67,51.182,880,131.35
-101.92,57.594,890,126.67
-105.99,60.244,896,130.26
-108.63,57.517,906,136
-109.42,57.934,878,133.96
-105.47,59.808,901,139.62
-105.38,60.949,883,139.37
-98.393,64.729,855,124.77
-90.719,62.981,852,121.95
-81.708,59.038,894,128.15
-73.539,54.683,938,133.42
-65.729,50.128,918,135.33
-56.101,47.462,947,126.07
-49.993,43.948,873,121
-48.473,40.738,783,109.7
-49.167,44.233,824,116.54
-49.918,47.843,815,116.74
-50.441,47.361,822,113.77
-50.301,48.446,812,119.72
-51.284,47.079,823,120
-51.718,46.848,827,112.76
-52.156,46.726,858,120.38
-52.317,47.006,855,124.29
-52.65,44.834,878,131.85
-54.042,46.224,893,128.54
-52.974,43.115,845,141.02
-54.515,42.498,874,141.1
-57.027,43.599,882,125.21
-55.49,46.575,886,126.07
-56.863,49.571,911,122.17
-57.324,46.721,922,121.32
-53.905,49.422,961,124.48
-54.411,52.691,932,136.11
-56.894,53.015,900,126.46
-58.627,52.074,883,128.81
-60.369,48.455,918,119.9
-58.782,46.828,936,117.35
-57.453,50.748,982,125.99
-56.707,52.655,966,126.38
-58.356,52.109,955,126.31
-58.663,52.136,937,120.89
-62.532,50.039,943,130.6
-63.877,53.327,951,118.47
-63.577,54.675,973,145.91
-60.949,56.603,1008,145.31
-57.653,52.609,981,139.07
-56.516,52.184,996,132.98
-52.188,46.17,951,123.13
-52.17,42.518,927,117.65
-50.983,38.736,926,122.05
-48.452,36.653,935,136.19
-48.794,40.651,950,137.31
-53.402,47.421,998,137.57
-60.278,50.978,979,140.51
-65.226,54.507,991,145.67
-69.436,56.781,997,145.77
-72.424,58.098,994,145.11
-75.106,60.171,960,160.47
-81.223,58.915,962,174.85
-83.213,59.847,1004,172.72
-87.204,57.873,981,167.18
-92.75,56.356,967,160.19
-102.08,59.727,937,173.65
-110.57,54.38,955,161.65
-111.85,54.124,962,167.07
-111.83,55.493,945,163.13
-104.7,57.466,930,146.03
-94.046,60.56,959,149.26
-83.103,55.911,939,136.21
-76.056,50.557,957,149.55
-71.744,53.04,948,131.7
-73.456,50.716,922,129.35
-77.689,51.789,908,129.65
-79.629,56.087,947,139.11
-81.356,61.369,973,147.83
-85.083,61.917,948,141.37
-90.227,62.742,930,137.62
-91.663,61.66,965,132.56
-92.292,54.49,945,133.12
-103.44,48.951,948,133.23
-107.66,49.444,913,142.11
-104.46,54.767,919,151.51
-96.367,60.56,943,143.92
-87.447,60.416,906,122.09
-84.799,56.994,929,130.97
-82.105,55.777,934,133.14
-78.309,55.087,979,137.09
-76.587,51.924,947,120.48
-78.14,52.684,947,119.98
-78.599,57.372,964,147.7
-78.576,64.521,1036,144.84
-83.901,71.984,1003,152.89
-82.256,70.836,991,147.07
-73.681,73.512,1009,149.01
-74.305,74.718,1000,156.28
-80.101,72.716,972,150.24
-85.528,67.721,965,139.4
-87.927,69.119,979,138.49
-86.09,64.41,948,129.95
-86.49,63.928,983,128.05
-88.433,63.893,952,124.29
-90.373,67.152,972,129.01
-90.451,68.717,955,125.58
-85.583,67.59,945,143.41
-82.015,67.298,976,129.06
-84.813,66.889,944,136.24
-87.673,67.062,960,126.29
-91.588,67.186,945,129.74
-95.643,73.316,965,133.71
-104.22,67.757,964,144
-104.59,66.239,942,148.74
-92.803,65.338,953,130.78
-88.239,62.782,904,118.4
-87.68,61.344,879,116.52
-89.68,63.448,891,116.73
-92.601,64.061,900,126.17
-99.799,63.283,958,125.14
-106.31,57.281,982,140.96
-108.98,55.745,923,126.82
-112.02,57.64,939,138.3
-112.27,59.4,942,137.71
-113.15,65.396,945,142.6
-113.31,64.646,933,141
-115.89,63.051,917,129.62
-120.2,63.151,917,132.89
-116.33,67.001,922,128.61
-107.65,69.229,943,131.18
-102.58,71.65,959,135.55
-97.191,73.925,968,126.67
-91.105,75.591,972,132.75
-89.644,71.449,935,132.75
-91.41,67.516,955,129.25
-94.04,65.944,938,124.7
-101.91,70.872,954,135.11
-99.449,74.115,927,125.62
-94.107,69.384,904,124.18
-95.932,63.545,928,124.16
-106.28,66.161,915,125.16
-112.51,70.011,892,134.96
-114.33,72.332,897,116.35
-105.19,68.799,878,114.06
-95.529,67.314,952,133.81
-83.388,67.048,943,118.3
-80.85,68.752,858,111.42
-83.416,64.877,921,126.92
-84.495,57.19,990,134.24
-86.663,51.941,992,138.91
-85.52,46.949,1012,149.78
-80.582,45.192,989,153.5
-77.726,45.213,1007,142.91
-76.04,49.174,1002,154.01
-75.473,56.943,1005,130
-74.693,67.207,1022,164.98
-69.657,76.089,1024,142.22
-70.695,75.769,989,134.7
-73.272,66.587,955,132.75
-73.792,67.913,1006,132.22
-76.977,66.812,997,128.88
-80.309,65.863,981,124.98
-82.965,66.132,952,127.91
-88.697,70.321,957,136.99
-95.579,70.055,973,138.56
-100.85,68.501,950,139.49
-102.77,66.857,950,137.14
-103.15,68.79,936,132.42
-103.89,66.006,962,137.65
-101.97,66.159,943,123.37
-102.3,67.473,956,123.07
-108.6,69.356,881,115.05
-109,64.178,853,121.7
-99.768,63.426,932,129.08
-91.629,66.576,942,139.97
-97.149,73.793,940,126.13
-99.005,75.02,921,126.93
-98.688,74.303,888,125.47
-99.928,71.715,924,115.56
-103.88,68.384,917,124.26
-107.29,65.219,886,126.67
-109.65,59.966,921,127.4
-110.7,57.738,893,127.88
-109.6,56.689,919,130.88
-106.09,48.548,957,138.24
-97.974,35.42,974,130.76
-100.53,30.482,916,130.05
-104.84,28.907,889,121.96
-110.39,28.226,914,122.89
-111.8,27.373,926,140.71
-116.44,22.613,933,129.18
-123.19,14.796,895,128.63
-129.44,6.723,884,125.78
-137.35,-2.1542,867,125.55
-144.68,-9.648,869,121.75
-144.08,-17.287,855,122.37
-144.67,-26.332,831,124.62
-140.81,-36.087,833,125.52
-142.13,-48.562,814,131.15
-144.13,-56.361,814,126.24
-148.69,-68.154,800,137.97
-156.3,-74.996,830,123.43
-159.56,-77.864,750,126.75
-169.62,-85.149,739,117.11
-177.58,-90.859,757,131.92
-183.47,-92.524,731,138.43
-188.98,-97.752,738,144.16
-195.84,-102.88,674,171.39
-207.16,-104.35,701,143.17
-219.79,-109.65,626,132.51
-230.91,-114.49,535,152.46
-234.76,-114.65,555,133.55
-232.7,-115.33,542,128.36
-228.45,-115.27,533,109.37
-229.41,-117.22,523,137.91
-227.09,-115.34,595,112.69
-229.4,-113.78,549,127.16
-226.36,-113.97,559,134.65
-224.58,-118.78,375,159.42
-213.82,-113.6,518,154.98
-201.14,-107.97,587,164.57
-188.45,-101.61,658,144.22
-186,-97.223,685,130.77
-190.37,-93.798,689,127.68
-199.39,-97.992,626,141.21
-203.5,-96.291,677,130.26
-202.03,-90.868,730,119.28
-191.99,-81.686,734,113.27
-179.89,-78.229,781,127.81
-163.67,-74.196,794,121.96
-163.45,-68.844,772,121.7
-160.98,-81.924,756,114.31
-160.56,-77.436,700,110.89
-168.9,-84.78,725,120.11
-181.07,-94.422,736,120.65
-197.72,-97.034,594,144.86
-210.3,-94.284,696,125.36
-216.83,-98.63,592,143.45
-221.64,-102.87,479,141.03
-228.87,-110.08,258,202.37
-233.11,-108.81,402,151.06
-230.07,-100.47,610,122.08
-229.7,-96.566,564,121.99
-223.8,-90.91,595,122.74
-218.18,-86.35,628,109.13
-211.86,-84.47,625,96.546
-209.84,-85.994,602,99.988
-210.26,-91.607,635,122.76
-213.87,-93.73,623,116.73
-217.18,-94.294,629,99.656
-218.48,-103.71,581,107.3
-219.17,-108.25,509,121.21
-221.69,-114.59,553,124.06
-224.81,-107.47,580,113.11
-229.85,-111.83,511,158.67
-238.1,-113.15,317,144.89
-239.63,-112.27,281,139.52
-246.22,-123.29,340,144.71
-251.9,-125.32,314,162.66
-260.18,-127,265,152.54
-266.76,-133.72,854,120.41
-274.7,-136.24,760,106.87
-280.75,-136.33,770,106.67
-285.28,-136.14,821,114.11
-290.25,-136.66,875,124.91
-296.64,-136.2,866,118.61
-296.94,-133.87,831,118.3
-304.19,-132.23,771,110.52
-306,-131.36,698,103.04
-308.93,-130.25,735,107.64
-308.28,-125.75,851,114.67
-308.42,-119.94,929,123.37
-308.36,-114.87,913,124.43
-310.94,-111.22,897,121.48
-306.39,-110.09,948,129.83
-301.2,-104.25,917,122.54
-296.13,-100.51,908,121.11
-296.85,-99.398,913,124.43
-304.43,-107.97,919,137.97
-300.54,-107.84,930,135.81
-298.49,-100.35,890,117.11
-305.34,-101.64,930,128.06
-303.75,-100.15,925,129.27
-298.11,-91.649,950,129.57
-302.05,-92.417,917,119.62
-302.31,-92.256,932,123.22
-299.95,-90.631,951,129.64
-302.06,-88.51,943,124.87
-302.78,-90.95,927,116.32
-304.25,-86.335,896,127.43
-305.64,-96.675,891,115.13
-299.79,-88.079,951,122.83
-308.69,-90.25,889,118.2
-313.79,-98.622,909,121.02
-315.73,-96.428,912,117.01
-319.34,-92.591,870,115.44
-318.54,-94.955,855,119.93
-312.66,-93.382,917,124.72
-322.09,-90.714,906,126.72
-322.68,-100.25,911,124.83
-318.12,-108.95,925,134.83
-316.69,-109.53,929,119.91
-316.6,-107.14,879,115.87
-319.22,-109.51,853,118.86
-316.61,-111.39,872,114.83
-319.31,-106.88,845,119.98
-316.46,-104.27,783,109.17
-316.78,-101.26,751,107.7
-316.39,-96.428,844,112.18
-315.08,-96.829,911,129.73
-322.39,-89.65,878,116.34
-321.21,-89.311,865,118.99
-315.32,-101.74,864,115.41
-319.21,-107.94,822,115.06
-321.76,-105.04,829,113.27
-320.79,-103.22,858,114.13
-317.14,-108.69,880,117.36
-315.82,-113.16,914,136.99
-313.69,-117.73,907,119.23
-310.38,-121.06,897,126.92
-307.91,-125.94,900,128.1
-302.23,-134.03,932,133.43
-306.8,-139.22,913,132.94
-310.97,-134.39,893,120.12
-307.91,-132.77,902,116.2
-305.26,-141.49,836,116.33
-311.24,-138.52,884,115.72
-310.34,-135.43,882,121.16
-305.29,-135.57,889,127.1
-309.61,-140.49,877,119.65
-314.63,-130.46,875,121.13
-307.91,-131.02,888,116.51
-306.47,-138.66,875,121.33
-310.44,-140.97,885,121.04
-316.83,-134.15,873,117.58
-318.73,-127.2,881,125.27
-319.05,-123.16,873,124.62
-314.32,-129.17,879,126.09
-308.68,-133.28,799,112.89
-305.22,-136.94,824,119.07
-306.73,-132.39,919,125.5
-312.85,-122.95,887,112.96
-314.62,-128.39,922,125.91
-316.81,-128.47,913,128.44
-316.04,-127.76,921,128.87
-317.99,-111.68,960,143.36
-320.23,-92.74,1001,131.63
-314.29,-80.008,1001,149.5
-304.62,-77.574,1001,148.12
-297.06,-84.027,992,142.56
-305.42,-92.481,992,131.65
-318.3,-89.571,963,135.72
-321.66,-79.308,975,124.27
-312.45,-76.932,947,135.92
-303.28,-79.945,962,129.96
-303,-83.593,956,123.47
-303.49,-92.584,955,123.79
-314.74,-98.85,919,128.72
-322.04,-88.479,947,132.57
-326.01,-83.14,971,132.47
-320.94,-83.094,962,126.41
-316.5,-90.257,968,139.3
-315.46,-98.091,956,140.87
-314.52,-105.77,959,133.13
-315.67,-112.15,937,138.33
-317.55,-120.13,897,124.78
-317.12,-130,910,130.41
-313.94,-133.87,912,118.89
-308.28,-134.35,934,132.36
-315.5,-128.18,935,138.72
-321.3,-124.64,931,127.82
-322.51,-128.97,902,130.47
-323.81,-129.35,929,119.89
-326.73,-118.22,898,124.23
-324.35,-114.61,891,133.68
-319.14,-116.26,920,124.68
-319.03,-112.7,941,118.49
-318.49,-109,957,133.43
-319.92,-98.927,955,126.96
-325.54,-89.563,949,126.1
-328.71,-92.257,947,128.74
-329.49,-83.577,922,130.69
-330.62,-82.773,913,116.43
-327.64,-83.157,947,121.2
-314.58,-77.739,976,142.35
-309.45,-81.796,949,139.65
-317.43,-93.198,944,128.68
-323.51,-102.24,891,121.15
-320.22,-111.89,887,124.61
-322.16,-114.22,962,132.08
-319.58,-115.38,996,134.28
-319.68,-114.42,947,140.46
-319.7,-114.33,908,151.41
-319.77,-116.41,795,154.62
-320.26,-113.4,852,180.91
-321.11,-113.04,776,215.41
-317.61,-111.16,859,191.37
-316.06,-111.93,840,176.69
-317.96,-114.35,846,208.46
-318.3,-112.32,899,194.03
-319.71,-111.11,1051,200.13
-322.1,-113.24,1060,172.64
-321.73,-113.67,1059,161.48
-317.93,-112.04,1040,140.37
-317.34,-110.04,1054,154.31
-314.42,-112.71,1043,158.98
-317.08,-102.9,1041,155
-319.95,-97.737,1116,175.4
-321.98,-95.085,1075,176.12
-322.13,-95.734,1023,181.97
-322.35,-93.432,873,186.57
-322.75,-90.88,690,260.4
-323.73,-82.399,386,161.73
-322.83,-79.296,382,183.64
-320.12,-81.39,479,232.08
-317.42,-81.902,551,152.84
-316.34,-85.066,763,199.4
-316.59,-79.162,613,215.63
-316.42,-84.697,801,227.89
-317.18,-88.318,949,222.22
-318.23,-93.921,1002,199.57
-320.23,-99.642,1073,174.25
-321.61,-98.281,1091,162.39
-324.29,-96.808,1063,176.56
-318.33,-98.177,1070,169.89
-319.05,-99.173,1087,173.18
-319.07,-96.442,1060,181.89
-315.16,-91.909,1078,223.96
-308.02,-93.124,1087,195.69
-305.06,-95.693,1069,188.11
-303.99,-93.546,1081,182.53
-307.03,-94.422,1100,193.95
-310.57,-98.046,1111,203.02
-314.83,-104.79,1088,218.55
-322.06,-112.56,1043,170.82
-324.88,-109.13,1058,194.82
-319.73,-102.6,1107,172.02
-329.49,-98.082,1098,154.12
-327.26,-90.417,1022,154.45
-321.44,-84.31,821,118.89
-325.72,-81.177,590,95.281
-329.75,-81.347,475,95.017
-330.68,-84.925,392,91.146
-328.74,-86.931,339,86.341
-325.09,-88.152,338,77.889
-323.94,-89.133,380,86.168
-323.89,-90.096,411,91.229
-324.63,-92.651,487,106.51
-326.89,-96.867,535,115.39
-327.65,-100.46,639,127.03
-325.18,-101.63,711,145
-325.86,-100.95,767,142.9
-329.37,-95.164,781,123.8
-331.97,-94.679,828,127.16
-332.52,-93.356,884,125.53
-330.4,-91.331,907,128.6
-331.74,-89.028,917,131.75
-333.87,-85.096,945,135.82
-333.22,-85.396,979,129.64
-328.33,-79.476,969,128.54
-330.36,-79.712,1013,141.34
-335.59,-84.774,939,123.51
-335.25,-88.96,893,134.14
-335.69,-87.864,900,122.16
-337.65,-89.324,839,131.42
-337.09,-88.55,757,122.51
-342.41,-86.985,615,150.86
-338.86,-92.388,698,115.79
-337.12,-89.153,751,130.41
-337.08,-83.015,731,127.48
-336.51,-83.091,774,118.36
-334.96,-81.606,802,108.1
-333.79,-89.36,893,125.16
-337,-98.428,923,134.24
-337.46,-104.66,745,104.97
-344.08,-103.05,513,95.438
-345.85,-96.305,204,138.59
-345.43,-89.028,399,104.96
-345.6,-85.259,466,97.746
-343.73,-87.333,463,139.95
-340.12,-90.429,696,108.66
-337.22,-95.242,756,114.5
-341.46,-97.055,623,112.95
-342.23,-91.01,646,112.39
-342.81,-89.31,1424,186.73
-341.56,-89.672,1512,195.49
-341.29,-89.382,1576,200.43
-341.22,-89.58,1632,217.19
-339.71,-89.217,1642,247.1
-338.14,-89.744,1638,221.37
-336.8,-89.278,1650,229.42
-335.72,-90.62,1620,229.56
-334.15,-91.47,1607,231.88
-331.13,-91.118,1614,214.73
-331.89,-94.141,1577,198.22
-335.86,-96.778,1512,194.76
-342.15,-96.113,1420,187.3
-345.59,-93.466,1348,171.47
-346.26,-87.632,1326,166.88
-341.17,-85.727,1342,161.45
-342.57,-84.529,1391,166.37
-342.74,-83.953,1531,194.32
-342.38,-85.49,1661,220.09
-342.48,-85.745,1730,230.07
-342.45,-86.686,1727,222.51
-341.78,-87.198,1697,226.17
-340.53,-87.629,1714,208.91
-339.41,-89.191,1707,249.97
-340.69,-89.429,1644,240.4
-338.57,-91.537,1658,227.22
-336.71,-90.959,1651,217.05
-338.33,-92.998,1602,209.58
-343.25,-95.135,1569,195.35
-348.78,-93.234,1470,183.05
-352.27,-89.036,1389,189.68
-349.09,-84.385,1327,156.22
-343.98,-83.574,1347,172.33
-343.4,-85.263,1304,159.91
-344.07,-87,1383,166.75
-344.27,-85.862,1487,173.64
-343.89,-86.664,1552,179.7
-343.41,-86.085,1572,192.44
-342.72,-86.791,1575,195.05
-341.71,-84.979,1599,197.34
-340.93,-85.693,1625,222.14
-340.93,-85.139,1658,211.96
-341.08,-87.154,1621,237.02
-342.32,-88.358,1616,196.52
-343.39,-90.539,1586,192.67
-343.49,-89.631,1592,207.11
-346.22,-92.859,1530,191.8
-350.9,-93.708,1449,184.65
-353.31,-89.714,1380,175.29
-355.44,-84.314,1356,170.65
-355.57,-78.215,1317,168.91
-354.76,-75.274,1283,159.3
-358.7,-75.588,1325,172.86
-360.26,-71.196,1286,180.78
-360.27,-67.615,1284,160.04
-359.1,-66.058,1270,180.98
-357.73,-71.594,1327,195.64
-356.58,-81.179,1428,210.39
-357.42,-90.733,1501,205.32
-355.91,-98.18,1500,205.23
-362.09,-101.02,1449,184.01
-369.65,-98.47,1465,187.63
-375.79,-104.95,1423,177.4
-383.04,-105.01,1471,200.21
-389.43,-106.18,1332,182.98
-398.17,-109.08,1186,160.05
-402.08,-110.43,994,134.14
-403.96,-112.41,832,132.92
-403.61,-113.81,811,120.64
-402.67,-108.45,723,116.15
-397.38,-104.25,712,121.33
-399.7,-104.14,718,113.09
-402.15,-106.31,778,115.01
-402.18,-107.56,846,121.23
-401.33,-107.12,901,129.7
-401.61,-107.75,1068,146.06
-401.66,-108.87,1107,144.82
-402.01,-108.57,1077,136.93
-402.04,-108.24,1026,136.95
-402.11,-108.98,992,142.22
-402.29,-109.28,961,134.61
-402.51,-108.79,986,136.6
-402.95,-110.55,989,135.73
-401.83,-110.97,1019,144.79
-401.99,-107.54,1013,141.01
-402.15,-110.28,961,128.75
-404.64,-110.47,940,126.48
-405.78,-108.2,964,145.7
-403.83,-105.53,1038,150.33
-403.32,-106.84,1043,134.32
-400.85,-102.82,1146,148.29
-399.29,-103.85,1231,146.79
-399.3,-107.47,1312,159.62
-403.44,-111.54,1198,146.23
-403.04,-106.4,1250,150.84
-401.98,-107.06,1220,145.58
-400.76,-108.49,1222,154.33
-399.53,-107.67,1246,169.05
-399.54,-108.39,1234,152.55
-399.53,-107.39,1221,158.19
-401.33,-109.09,1246,156.07
-393.27,-104.9,1339,163.58
-392.35,-107.21,1374,191.71
-393.64,-114.08,1275,167.65
-400.84,-110.21,1320,165.04
-406.15,-106.43,1229,155.93
-406.66,-105.57,1252,153.46
-401.7,-107.64,1198,146.42
-398.61,-117.42,1188,147.44
-396.96,-118.12,1200,146.62
-401.29,-125.03,1210,170.75
-404.1,-129,1241,145.09
-409.03,-130.71,1264,157.28
-406.87,-130.25,1237,152.81
-403.67,-127.62,1213,142.22
-401.51,-113.86,1203,149.63
-408.66,-110.26,1041,135
-402.37,-110.13,924,120.37
-401.99,-106.13,898,131.7
-406.08,-99.983,806,109.58
-405.29,-101.27,855,116.67
-404.37,-115.56,1072,141.45
-399.86,-128.04,1156,152
-398.34,-120.08,1216,157.82
-397.69,-108.28,1192,163.01
-386.71,-100.06,1306,161.67
-373.01,-95.947,1389,205.71
-354.31,-80.699,1373,200.25
-349.5,-69.754,1364,185.06
-357.35,-59.95,1357,195.67
-364.38,-47.252,1248,159.33
-360.31,-45.511,1291,169.48
-350.17,-46.577,1279,185.63
-343.79,-54.322,1233,163.25
-350.47,-56.196,1240,166.36
-364.63,-52.136,1216,161.31
-371.95,-49.149,1125,143.22
-366.78,-54.923,1177,149.03
-359.39,-58.651,1278,155.38
-353.88,-58.761,1268,166.58
-352.3,-55.432,1263,159.38
-348.65,-61.394,1280,156.18
-337.41,-56.655,1185,150.28
-343.97,-49.657,1248,156.59
-348.04,-48.9,1206,144.02
-346.46,-46.198,1231,156.75
-344.12,-57.568,1232,144.42
-345.62,-52.542,1266,157.29
-349.87,-51.355,1201,151.89
-367.67,-47.019,1228,146.98
-380.33,-43.623,1203,134.66
-378.24,-41.737,1141,140.59
-383.97,-46.816,1129,139.59
-385.22,-53.58,1146,144.18
-383,-51.236,1107,134.78
-387.85,-46.972,1025,140.76
-396.13,-44.391,983,127.93
-406.31,-45.39,982,132.39
-410.78,-45.529,918,127.96
-415.66,-43.114,946,131.88
-421.46,-41.362,1012,128.81
-425.92,-41.832,839,115.77
-423.59,-44.346,728,103.61
-421.51,-47.569,902,123.09
-412.84,-51.716,1030,132.5
-409.25,-50.649,981,132.83
-416.52,-54.952,859,113.12
-420.45,-58.08,875,113.87
-419.83,-56.005,908,113.79
-415.76,-49.342,876,123.83
-412.14,-43.671,929,120.85
-399.64,-45.333,1098,143.87
-400.72,-52.529,970,142.98
-410.29,-58.945,921,121.66
-417.5,-60.008,1007,123.88
-417.44,-61.913,922,120.21
-416.63,-59.576,876,129
-423.07,-49.006,920,122.15
-425.06,-47.049,938,125.62
-423.03,-47.562,1041,127.01
-422.02,-41.93,977,132.4
-421.38,-46.417,1087,131.97
-418.15,-43.578,1151,147.13
-419.65,-42.177,1079,137.09
-420.33,-49.062,1110,135.29
-415.34,-42.139,1178,149.17
-426.85,-46.996,1044,124.58
-423.15,-58.979,1083,129.82
-417.66,-58.029,1097,139.66
-421.25,-56.827,1070,144.95
-412.36,-62.167,1013,127.9
-425.56,-53.707,1107,141.31
-425.35,-49.839,926,124.6
-423.76,-53.699,964,120.1
-427.96,-53.842,972,117.92
-424.71,-56.357,1078,130.84
-423.44,-60.493,1046,121
-421.18,-54.522,1044,124.32
-428.47,-55.606,1048,122.13
-432.82,-55.981,1004,127.72
-427.22,-56.072,1052,126.6
-422.53,-61.455,1018,131.6
-421.74,-60.605,1041,123.75
-426.11,-57.017,1051,129.37
-426.95,-59.411,1067,143.84
-426.01,-62.633,1051,123.81
-421.69,-57.263,1031,128.23
-421.31,-53.443,1095,128.23
-416.5,-46.126,1206,151.11
-425.01,-47.796,1114,136.84
-430.48,-49.739,1050,129.92
-427.4,-56.415,1056,125.57
-431.75,-51.295,999,121.06
-436.57,-48.186,1041,122.4
-435.6,-38.529,1087,134.27
-430.93,-40.178,1133,143.24
-425.92,-54.145,1089,141.91
-428.04,-66.607,1028,142.01
-424.08,-64.431,1044,134.42
-426.31,-64.075,1068,128.3
-425.91,-57.218,1081,135.77
-425.42,-53.241,1094,133.53
-424.33,-55.753,1095,123.3
-424.82,-49.733,1114,132.74
-425.55,-44.508,1087,134.9
-425.27,-43.673,1120,133.08
-425.41,-44.271,1153,144.25
-428.47,-41.632,1139,140.32
-425.61,-34.068,1083,131.51
-426.29,-32.728,1022,122.8
-422.39,-29.366,1114,136.98
-412.43,-27.007,988,130.46
-404.53,-25.663,958,125.88
-399.52,-23.373,985,131.71
-381.08,-29.332,968,137.03
-366.91,-25.606,936,129.36
-363.19,-16.881,952,126.91
-356.28,-5.839,858,112.93
-360.51,4.7346,833,119.31
-359.21,9.8417,858,119.06
-359.48,14.809,982,139.3
-361.26,22.959,963,122.32
-359.56,23.11,974,134.09
-360.46,27.004,947,121.52
-357.67,30.417,967,125.24
-361.35,26.708,894,115.7
-359.59,27.41,871,114.56
-356.6,29.879,763,118.8
-359.22,32.378,959,122.15
-356.66,33.025,1023,126
-361.14,32.783,1026,126.47
-354.93,29.051,1069,125.86
-350.51,34.02,1037,125.14
-348.3,32.199,1033,138.01
-348.42,30.03,1058,141.51
-358.19,33.24,1038,123.35
-356.08,29.748,962,122.53
-352.43,33.318,949,124.8
-356.76,36.067,971,121.86
-351.77,30.69,986,130.05
-349.84,31.508,1026,128.21
-357.08,31.516,980,125.61
-356.62,32.013,1018,123.05
-349.07,29.461,1110,133.47
-351.94,27.719,1039,128.53
-348.35,27.299,1111,131.99
-349.5,32.379,1107,134.47
-357.78,24.869,1096,138.5
-356.26,29.561,1082,130.09
-360.05,29.905,1078,124.79
-358.55,30.24,1101,128.51
-358.36,33.512,1115,134.97
-362.09,29.892,1115,131.46
-367.38,28.779,1122,136.63
-364.87,33.311,1038,120.47
-360.5,29.023,1071,124.82
-360.87,32.424,1078,124.67
-363.9,36.249,1081,129.07
-362.66,36.985,1030,122.67
-358.39,33.213,1054,122.21
-357.05,32.574,1073,126.47
-363.14,31.428,1002,127.09
-368.53,34.927,1031,128
-358.78,35.225,1043,129.37
-362.95,33.7,1059,123.19
-363.02,34.16,1069,131.13
-368.79,34.688,1057,121.74
-366.93,34.838,1057,125.49
-360,32.617,1065,127.06
-358.24,32.073,1062,126.91
-363.82,33.728,1065,124.76
-368.59,31.193,1049,126.02
-363.49,34.003,1056,128.11
-360.81,36.306,1066,129.1
-362.07,36.554,1066,130.75
-365.94,36.584,1067,125.7
-368.95,36.438,1074,131.05
-369.94,29.592,1057,133.06
-369.46,25.934,1073,122.51
-372.45,24.794,1094,135.89
-372,13.376,1099,149.79
-363.84,-4.6225,1110,149.22
-357.24,-25.62,1116,149.24
-346.48,-46.656,1194,159.72
-332.99,-69.536,1246,163.94
-329.01,-94.979,1275,181
-332.82,-117.67,1282,180.53
-320.64,-133.1,1234,168.67
-315.51,-131.2,1185,156.87
-310.25,-133.1,1260,169.52
-298.81,-128.59,1235,165.97
-283.78,-129.65,1307,193.81
-260.22,-122.57,1190,157.51
-238.11,-112.93,1258,163.1
-216.96,-98.625,1255,156.3
-197.02,-83.174,1224,149.51
-176.99,-71.683,1242,172.92
-155.58,-62.745,1219,175.19
-145.01,-47.222,1248,170.91
-143.09,-23.38,1240,152.29
-133.38,-0.58258,1229,148.56
-121.51,18.599,1231,157.5
-104.6,38.539,1259,163.09
-85.617,48.044,1297,167.63
-59.275,53.79,1280,169.18
-41.127,64.864,1324,192.1
-21.779,70.33,1315,171.86
-17.341,68.266,1253,161.12
-8.5011,80.776,1272,157.3
-4.7954,97.057,1265,163.36
3.173,108.93,1399,188.55
3.1143,116.37,1407,211.54
10.817,130.23,1358,195.35
26.45,134.11,1281,167.61
33.687,137.82,1249,159.5
41.897,151.25,1291,174.2
32.915,157.34,1354,196.79
19.265,149.29,1431,207.85
4.6597,156.53,1271,164.03
0.54713,159.95,1330,182.76
-9.6735,157.84,1300,187.76
-21.894,160.64,1251,176.69
-39.821,156.03,1203,156.84
-58.933,152.18,1145,154.57
-77.278,147.18,1148,144.51
-92.869,140.21,1116,135.6
-102.54,140,1187,147.66
-117.22,139.75,1169,159.54
-128.79,140.52,1143,150.38
-143.51,143.24,1178,143.42
-154.21,147.89,1161,145.47
-168.63,148.37,1117,144.94
-183.27,149.5,1095,131.97
-198.1,148.54,1089,137.3
-213.62,147.71,1079,136.09
-228.23,144,1093,144.51
-240.2,139.18,1125,147.27
-246.72,138.02,1113,161.44
-254.35,131.98,1096,142.57
-264.12,126.18,1142,145.37
-263.98,127.8,1143,151.06
-266.46,126.52,1061,135.81
-259.32,127.56,1098,150.77
-265.95,130.55,1026,128.76
-276.54,122.03,1005,131.56
-283.2,113.11,984,133.82
-297.34,109.62,922,121.34
-307.33,107.19,928,123.56
-316.14,105.74,944,126.7
-325.3,99.915,948,124.42
-331.34,106.14,1004,119.6
-326.66,99.996,1099,140.17
-312.7,109.17,1141,145.51
-298.4,115.33,1156,144.03
-284.61,130.07,1207,149.01
-272.07,143.77,1199,147.55
-268.6,155.54,1156,141.9
-271.03,170.45,1155,146.48
-269.81,185.23,1122,141.35
-264.83,199.36,1109,137.11
-259.65,213.98,1076,135.08
-255.93,224.55,1096,140.66
-251.65,231.08,1088,135.19
-256.6,220.86,1103,146.05
-244.95,227.56,1075,138.91
-249.33,230.66,890,114.58
-240.39,226.54,914,120.65
-246.37,220.55,1041,137.15
-265.06,220.25,1047,128.3
-258.17,229.51,1030,128.5
-265.3,215.72,1052,133.37
-271.65,202.9,1093,134.54
-265.56,195.42,1159,149.39
-275.98,205.73,1151,141.45
-276.05,205.61,1089,139.79
-278.33,198.08,1064,131.74
-280.8,201.86,1036,128.89
-281.66,211.55,1018,129.72
-286.88,204.56,1003,123.18
-286.63,207.38,1046,120.7
-289.16,208.93,1153,138.07
-291.18,210.62,1075,131.39
-289.46,216.46,1064,123.15
-291.68,207.31,1133,138.98
-282.25,199.52,1171,156.44
-291.15,213.37,1142,144.05
-284.44,215.34,1027,130.65
-287.61,205.53,996,126.23
-292.84,212.54,854,114.8
-299.35,215.8,656,97.721
-303.99,212.08,590,102.31
-295.85,198.93,643,103.02
-289.94,194.51,515,92.825
-288.9,201.59,611,98.54
-298.7,213,556,95.174
-305.41,216.93,518,96.803
-303.02,224.01,545,103.68
-298.1,229.83,623,115.02
-292.35,232.62,517,116.54
-291.1,229.02,529,102.93
-283.74,225.94,673,128.4
-270.64,226.75,974,146.34
-253.46,228.13,1138,154.98
-250.98,217.3,1179,150.91
-262.47,199.11,1211,154.53
-274.6,185.85,1247,165.64
-289.75,185.35,1224,164.78
-282.27,175.51,1284,165.17
-279.68,155.09,1252,164.94
-275.41,133.13,1246,153.68
-279.81,113.12,1192,151.65
-294.73,102.13,1203,156.64
-286.9,98.749,1193,159.22
-278.93,90.184,1200,155.74
-276.37,73.562,1116,142.07
-278.47,57.169,1113,137.73
-278.05,45.098,1115,151.95
-277.13,31.858,1085,144.85
-274.65,21.844,1089,141.46
-271.28,20.344,1133,148.95
-267.5,11.885,1092,137.88
-262.13,4.3327,1097,138.5
-254.91,-1.9511,1064,135.48
-253.53,-2.4332,1075,143.5
-249.24,-8.8079,1057,137.16
-246.29,-8.6018,1039,131.77
-245.02,-15.707,1029,128.44
-245.41,-9.5444,1005,133.66
-246.4,-16.007,980,124.7
-249.09,-11.457,1043,127.77
-253.39,-4.5351,1058,143.75
-262.22,-3.8303,1028,134.96
-272.06,-5.5703,1110,156.76
-282.28,-5.8707,1076,154.64
-288.77,-6.9129,1120,146.84
-300,-12.216,1057,131.06
-311.85,-15.406,980,127.49
-321.25,-11.11,989,124.29
-332.66,-8.7456,971,126
-351.36,-12.189,1060,137.03
-357.44,-17.251,1082,139.51
-360.38,-20.188,995,126.6
-361.76,-29.475,1024,127.68
-352.01,-48.617,1087,141.48
-346.83,-64.623,1093,136.03
-330.31,-76.339,1140,147.19
-317.2,-77.343,1159,156.51
-295.66,-87.795,1151,155.28
-284.94,-88.665,1172,147.54
-276.77,-96.755,1230,169.34
-255.54,-103.91,1248,185.38
-229.4,-104.43,1280,181.33
-206.24,-98.084,1283,173.98
-187.31,-94.696,1352,180.12
-165.91,-86.534,1271,155.22
-152.52,-91.407,1183,158.47
-161.95,-93.611,1176,156.03
-173.59,-84.957,1270,176.47
-174.33,-72.944,1157,150.44
-161.32,-54.095,1142,137.89
-152.29,-41.327,1041,134.92
-154.02,-27.267,1002,135.54
-148.36,-24.983,997,139.83
-157.06,-29.732,718,109.48
-162.66,-33.484,646,97.878
-164.97,-42.035,715,116.99
-168.17,-69.436,563,99.449
-175.45,-71,556,117.67
-170.18,-72.683,542,121.32
-170.37,-73.824,523,109.76
-168.43,-73.247,397,89.195
-168.79,-77.223,474,102.69
-170.03,-75.992,458,90.03
-169.57,-75.607,557,102.77
-171,-76.94,625,99.21
-171.09,-80.598,708,115.12
-169.56,-93.877,939,146.26
-175.49,-106.95,1071,143.65
-186.8,-106.8,1186,160.26
-209.76,-102.95,1220,161.27
-231.98,-114.17,1241,162.4
-249.78,-124.42,1234,159.04
-268.25,-138.34,1173,147.52
-290.2,-143.46,1127,142.45
-306.43,-146.3,1182,170.38
-300.75,-137.72,1301,199.45
-274.28,-139.23,1291,179.78
-249.33,-132.84,1225,161.86
-229.9,-133.25,1204,172.38
-220.86,-136.12,1177,168.32
-214.18,-143.55,1135,164.48
-201.68,-147.41,1066,139.84
-190.3,-151.83,1031,137.35
-184.35,-157.39,1018,132.16
-177.21,-162.33,925,137.74
-175.6,-171.5,909,123.95
-171.37,-170.6,854,123.15
-172.91,-171.25,771,117.57
-172.52,-168.72,950,131.41
-168.63,-173.56,983,134.04
-166.23,-176.95,1000,129.01
-164.55,-170.3,1035,137.11
-152.94,-166.69,1060,131.33
-143.68,-160.39,1022,131.5
-135.68,-161.18,1032,130.39
-129.28,-158.65,1050,137.23
-117.79,-153.65,1000,136.52
-103.85,-149.26,1043,132.28
-92.031,-143.66,1018,134.78
-82.618,-137.48,1068,145.86
-67.337,-130.41,1056,139.39
-53.557,-120.39,1075,130.45
-40.085,-112.19,1038,136.38
-28.617,-104.15,1088,144.31
-16.396,-94.873,1071,130.13
-1.9764,-85.619,1083,139.02
9.8579,-77.399,1065,137.99
22.428,-70.233,1085,131.35
31.492,-62.176,1108,144.5
41.7,-48.232,1094,139.59
42.106,-33.379,1141,138.13
46.808,-23.498,1156,154.8
48.463,-12.623,1177,152.84
49.979,1.3618,1177,154.75
50.411,10.702,1152,151.74
45.971,15.796,1231,167.61
40.237,26.933,1261,169.25
19.82,29.579,1328,173.51
-7.8486,25.529,1314,171.14
-29.596,10.254,1412,187.39
-33.709,8.6176,1428,192.71
-54.828,13.098,1414,195.57
-58.877,0.45064,1417,181.22
-72.574,-4.6388,1393,194.04
-85.429,-6.1144,1327,171.66
-98.628,-6.8061,1367,191.48
-114.07,-12.974,1325,190.83
-130.94,-5.7257,1332,185.12
-135.8,12.145,1326,198.22
-131.8,31.533,1357,186.44
-136.32,52.269,1317,180.62
-140.51,67.723,1389,212.58
-147.75,79.425,1341,183.17
-162,79.541,1380,175.82
-171.78,88.038,1386,197.93
-180.06,95.81,1388,219.23
-184.31,110.03,1368,211.57
-191.5,122.5,1374,188.18
-196.68,139.82,1418,192.76
-204.92,152.52,1405,202.91
-221.44,152.95,1430,223.08
-241.33,149.41,1406,203.84
-257.67,162.97,1338,187.06
-252.33,181.71,1300,173.14
-251.83,201.47,1336,170.56
-254.13,212.45,1349,176.55
-251.73,209.28,1278,179.91
-252.97,203.14,1339,206.76
-260.61,181.63,1320,172.99
-264.58,159.55,1357,189.32
-269.85,133.8,1372,182.61
-271.86,108.44,1316,169.24
-273.04,80.806,1299,175.68
-272.51,55.356,1306,178.52
-270.28,27.328,1289,174.95
-259.57,1.5502,1300,164.12
-246.79,-15.524,1241,163.19
-250.28,-16.403,1182,158.32
-248.2,-25.741,1150,137.33
-256.05,-13.871,1161,146.6
-269.03,-5.9441,1163,153.44
-282.62,-4.6578,1163,147.2
-287,6.4381,1135,134.85
-292.94,2.7866,999,137.41
-294.73,6.8305,1103,148.36
-300.75,5.3819,1037,146.35
-308.95,-7.8315,1107,148.73
-319.68,-14.99,1157,153.98
-339.74,-21.085,1172,143.89
-354.55,-41.001,1214,157.92
-359.66,-67.715,1250,171.46
-355.07,-97.59,1257,160.29
-347.54,-116.02,1204,143.05
-343.33,-126.96,1166,142.75
-332.82,-140.05,1190,158.85
-340.56,-142.38,1157,145.51
-349.05,-140.24,1088,143.31
-354.77,-135.64,1005,136.15
-354.46,-142.08,1003,134.79
-357.15,-143.3,868,117.35
-353.96,-144.13,834,113.9
-355.69,-145.62,742,106.3
-355.15,-140.58,806,112.41
-355.35,-134.03,983,126.54
-341.74,-132.79,1084,149.98
-344.53,-138.49,1047,133.56
-354.78,-133.42,990,126.91
-356.51,-135.79,1022,119.83
-363.04,-141.19,1090,132.62
-372.19,-140.82,1065,134.42
-392.45,-136.91,1158,160.6
-414.09,-133.24,1125,143.97
-425.07,-124.44,1083,144.52
-439,-120.44,1021,128.69
-451.61,-119.95,998,123.28
-463.12,-121.88,960,124.86
-468.25,-120.33,982,120.42
-472.95,-125.91,1008,122.89
-476.91,-127.43,861,116.53
-478.04,-131.05,878,117.4
-480.3,-129.03,849,115.81
-489.29,-132.68,753,108.93
-497.71,-130.17,727,105.51
-501.12,-129.66,734,102.86
-505.41,-123.27,786,108.73
-511.96,-126.79,785,111.35
-524.2,-126.83,856,118.2
-527.91,-126.33,828,117.9
-529.24,-121.74,783,111.61
-527.55,-120.89,815,115.15
-529.42,-118.21,741,110.67
-532.17,-119.97,741,110.55
-531.83,-113.82,804,113.4
-533.2,-115.52,718,104.82
-533.07,-110.24,702,113.05
-533.11,-109.26,642,99.937
-536.28,-110.58,463,89.086
-534.49,-103.77,509,111.45
-534.67,-101.93,608,104.07
-534.07,-99.257,588,89.152
-532.38,-95.605,688,99.027
-530.48,-95.69,724,105.65
-529.46,-99.626,691,99.474
-532.63,-100.44,613,97.845
-537.45,-97.051,358,73.158
-537.07,-100.78,424,81.577
-535.7,-95.424,561,94.693
-533.4,-92.578,560,93.833
-535.31,-89.902,489,85.075
-535.13,-90.266,497,91.063
-533.03,-90.492,549,89.351
-530.24,-96.196,742,112.51
-531.6,-94.774,781,106.36
-534.3,-95.612,681,114.19
-538.17,-99.096,344,82.949
-543.95,-100.73,929,123.38
-553.79,-99.511,925,122.78
-556.05,-96.976,928,117.26
-561.19,-94.418,932,117.51
-563.29,-89.82,922,113.67
-566.19,-86.177,949,118.5
-570.14,-79.252,937,131.37
-574.63,-74.481,969,131.28
-582.17,-66.085,924,119.1
-587.98,-57.62,922,118.91
-593.37,-52.429,941,124.76
-600.43,-44.819,905,132.15
-605.52,-37.33,880,114.18
-610.01,-30.874,849,116.91
-617.32,-22.861,813,111.47
-627.63,-19.634,852,113.31
-638.19,-17.433,823,109.05
-646.93,-18.947,773,113.44
-653.83,-23.47,766,119.26
-661.28,-26.654,753,115.63
-668.94,-23.545,719,113.03
-673.71,-24.066,691,119.46
-677.35,-22.94,650,115.44
-683.12,-16.353,592,100.52
-682.23,-8.2099,525,94.322
-681.47,-15.521,617,114.31
-673.19,-23.477,611,121.53
-668.23,-21.786,663,105.72
-656.96,-21.9,695,107.24
-646.98,-17.053,742,121.45
-643.05,-24.88,687,102.32
-645.76,-24.124,587,91.047
-649.31,-24.885,634,99.937
-659.71,-24.066,682,107.27
-669.26,-17.602,684,123.46
-679.79,-18.815,618,107.63
-683.2,-16.987,613,121.24
-684.77,-14.857,627,113.63
-684.24,-14.511,622,111.02
-684.7,-14.577,628,105.53
-684.09,-16.357,670,139.51
-683.69,-17.742,658,168.12
-683.48,-18.597,606,164.94
-682.59,-20.506,591,175.54
-679.69,-22.828,647,193.48
-676.81,-26.285,635,167.38
-673.65,-28.729,643,166.46
-672.98,-24.004,656,210.57
-673.4,-25.004,545,263.11
-675.78,-26.907,599,200.79
-678.08,-30.412,647,202.84
-684.74,-30.431,583,159.57
-690.23,-27.658,615,137.29
-689.16,-24.3,606,145.15
-687.66,-24.114,637,125.83
-683.61,-24.798,607,158.9
-680.74,-25.064,595,182.33
-681.03,-24.924,606,210.92
-679.79,-24.01,453,282.01
-677.19,-23.064,481,251.57
-676.17,-24.224,576,214.31
-675.19,-22.688,569,172.87
-673.72,-23.463,665,173.54
-674.94,-21.506,669,163.79
-676.98,-19.191,417,311.81
-674.52,-20.128,439,271.72
-677.72,-15.355,481,192.09
-681.94,-12.332,330,219.25
-684.31,-19.833,412,234.44
-681.13,-26.858,657,178.66
-680.8,-21.782,670,187.46
-683.87,-22.388,648,164.93
-686.69,-23.1,635,169.29
-687.36,-22.043,645,186.66
-687.05,-21.993,554,192.56
-686.9,-18.375,365,288.53
-686.83,-18.137,447,263.23
-686.04,-17.851,520,219.85
-683.75,-19.155,567,216
-681.93,-19.59,599,182.11
-681.55,-16.259,650,191.81
-677.44,-20.2,671,171.45
-675.18,-22.986,611,242.79
-672.78,-19.559,692,235.97
-673.87,-18.219,693,218.51
-678.89,-20.464,623,186.06
-686.67,-18.875,484,215.64
-687.17,-14.588,485,196.33
-685.79,-22.66,518,223.49
-683.69,-33.011,520,177.52
-688.1,-31.162,522,200.98
-688.89,-27.775,532,180.36
-688.89,-27.036,449,242.85
-691.4,-27.197,465,169.15
-692.63,-34.063,485,214.67
-701.17,-35.383,361,185.59
-704.64,-39.787,231,154.7
-706.92,-56.098,317,255.71
-710.19,-64.898,980,158.78
-714.92,-78.145,961,150.46
-716.91,-89.846,970,162.96
-714.52,-99.482,910,139.51
-716.13,-106.21,877,132.64
-720.62,-112.64,892,142.38
-723.36,-120.85,884,133.74
-721.54,-114.86,878,135.61
-724.09,-109.72,885,156.76
-728.28,-94.887,839,139.59
-736.16,-83.324,738,121.13
-740.98,-82.491,738,130.24
-753.31,-74.386,638,118.32
-762.4,-68.024,413,118.53
-762.4,-68.024,413,118.53
