0,-0,165,55.667
0.56755,-0.62309,158,58.28
0.61818,-1.6182,165,57.164
0.50497,-1.5882,159,53.822
0.20683,-2.7525,141,54.716
0.61177,-1.3993,156,54.236
0.31004,-1.1079,172,59.554
1.3386,-1.1917,186,62.076
1.2051,-0.74727,184,55.361
1.9807,-1.285,160,53.616
1.5604,-1.7666,173,50.564
1.5535,-1.0376,170,47.545
1.1066,-0.50321,172,48.629
0.61818,-0.7524,144,44.775
0.98282,0.059334,181,50.283
1.8287,-1.3788,190,57.528
1.1985,-2.5814,193,59.769
0.33485,-3.0955,180,54.236
0.14251,-1.8842,185,58.743
-0.84848,-2.9697,165,60.53
-1.7378,-4.2652,118,84.052
-2.8771,-5.8618,212,65.401
-2.6238,-6.7777,186,72.786
-3.3724,-8.337,213,69.817
-3.5368,-9.3438,200,68.957
-2.9211,-9.8035,178,60.803
-2.8161,-9.9359,175,53.881
-2.4567,-9.544,187,58.52
-1.5661,-9.5028,217,56.245
-0.60909,-8.9197,176,58.057
-0.9656,-9.3869,185,58.264
-2.3294,-10.026,210,62.581
-1.674,-10.287,178,60.786
-1.4675,-9.5588,175,62.316
-1.6332,-8.7793,187,61.919
-0.24336,-7.7608,195,61.704
-0.20973,-7.9811,215,64.069
-0.47144,-7.3618,212,59.165
0.34936,-6.2938,186,52.987
0.55707,-5.2288,180,49.638
1.0829,-5.0376,170,50.796
0.74913,-4.2812,168,54.617
0.89091,-4.1162,187,55.526
0.22899,-2.9004,185,52.086
0.29401,-2.2876,182,54.526
0.88845,-1.5274,185,59.96
0.91058,-0.6285,171,56.312
1.807,0.45182,196,52.086
2.0774,1.1814,196,51.722
1.8236,1.8077,185,53.583
1.3073,2.6,193,50.092
0.98891,3.2432,205,51.515
1.3669,2.5594,199,50.564
1.9304,1.4913,221,56.097
2.3496,1.7612,175,56.205
2.2504,1.8522,174,60.067
2.2551,1.7843,168,57.784
2.2293,1.6434,180,51.614
2.0149,1.6549,184,56.486
2.1217,1.8723,143,52.392
2.2164,1.9034,112,60.538
1.5371,0.75094,370,70.19
2.0012,0.55685,376,71.761
2.3618,-0.37366,390,72.803
2.0769,-1.4061,388,73.15
0.66463,-1.3657,366,67.725
-0.29115,-1.0868,375,73.167
0.055157,-0.30288,357,71.992
0.42771,0.44782,357,72.298
1.4399,0.43932,359,70.372
1.6662,-0.93472,354,69.958
-0.10909,-1.0447,352,71.562
-1.6904,-1.0445,350,72.323
-1.7013,-0.47524,338,70.057
-0.51711,0.094742,340,68.287
1.2922,0.62532,365,67.791
2.1182,1.3266,370,70.33
1.5888,0.39055,375,73.952
1.2699,-1.2106,402,77.244
1.933,-2.5523,397,74.647
2.5059,-3.4371,374,72.48
1.7302,-4.1074,384,73.977
0.72515,-4.9047,402,79.402
1.2039,-5.6619,391,74.945
0.30199,-4.9862,389,72.505
-0.13059,-4.6207,406,75.474
0.37066,-4.0936,404,75.275
-0.11449,-3.2471,404,75.59
-0.22519,-2.7077,415,74.986
-0.6431,-2.4517,421,74.664
-0.7648,-1.9464,423,73.886
-0.45856,-1.4276,430,74.936
0.30363,-0.98489,426,72.943
1.0019,-0.11236,417,72.662
0.62077,0.71655,386,69.916
0.7596,0.40859,396,72
0.76524,0.22513,408,72.381
0.90319,0.034234,407,73.48
1.1486,0.52948,411,74.713
0.61334,1.2021,413,74.101
0.72849,1.2402,417,76.59
0.30291,0.14289,406,74.903
1.3895,-1.5894,376,70.909
1.9011,-2.3041,364,67.799
1.6896,-2.1035,364,68.279
1.5674,-0.88627,374,69.85
0.78708,-0.42999,373,72.844
0.69912,0.60529,383,69.271
-0.17609,0.69465,384,71.554
-0.95782,0.59055,375,68.229
-1.9869,-0.59419,357,67.129
-2.7399,-1.9961,363,72.009
-3.3041,-2.3898,373,73.059
-2.8042,-2.9316,367,67.7
-1.5606,-3.5872,358,65.533
-0.70502,-3.9379,362,67.634
0.59144,-2.5467,374,73.969
1.8512,-1.0923,369,72.571
1.0198,1.0052,381,71.992
0.86045,1.4779,388,72.232
0.62083,2.4503,378,72.29
0.29656,3.2185,370,71.943
-0.4938,3.1139,384,71.976
0.40536,3.3058,390,72.662
1.3093,3.6174,395,70.975
1.7055,3.405,401,74.275
1.8575,3.231,397,73.514
1.8598,3.2811,389,75.143
1.7558,2.9108,385,72.389
1.5765,2.8821,384,73.886
1.2442,2.8095,385,75.416
0.97037,2.7207,389,75.689
1.1751,3.0955,413,76.996
1.1489,3.3905,439,78.286
0.78961,3.2926,455,79.485
0.66884,2.0534,454,79.94
-0.67191,0.77499,424,75.457
-1.7001,0.20943,399,71.554
-1.824,0.23484,389,70.156
-0.85765,0.15022,393,71.62
-0.66966,-0.50559,403,75.854
-1.7135,-1.4657,398,71.719
-2.9658,-0.82297,387,70.404
-2.176,0.058415,379,75.507
-1.1759,-0.4237,403,76.491
-1.9037,-1.4167,435,84.48
-2.2412,-1.3962,441,85.762
-2.3749,-1.5407,433,86.531
-2.2884,-1.3381,428,88.971
-2.1479,-1.5585,419,87.209
-1.9405,-1.5671,426,88.872
-1.5949,-1.6042,413,86.175
-1.3771,-1.6769,428,90.203
-1.0301,-2.1156,435,90.153
-1.0268,-2.4159,445,91.485
-1.2833,-1.9453,457,93.627
-2.0686,-1.9514,463,91.138
-3.3295,-2.0515,440,85.58
-3.7556,-2.705,428,77.55
-2.4082,-3.0308,417,75.789
-1.4163,-1.9212,406,78.327
-0.53737,-0.37262,405,76.772
-0.25205,0.017904,393,74.002
0.17738,-0.71607,397,71.157
0.36027,-2.6165,411,72.381
-0.53295,-3.6052,397,73.241
-0.14824,-4.0764,411,72.29
0.2225,-4.6711,417,74.06
0.43978,-4.4591,426,76.797
0.41532,-4.5084,419,77.095
0.34765,-4.644,414,74.738
0.22559,-4.4911,405,76.789
0.24937,-4.304,404,76.243
0.26582,-4.2674,403,78.319
0.20111,-4.0983,410,77.277
-0.11018,-3.5932,416,78.195
-0.61571,-3.2053,419,80.759
-1.0736,-3.4574,412,78.385
-0.92749,-3.6629,416,82.992
-0.51321,-4.6749,411,74.622
0.11162,-4.2021,381,72.952
0.022381,-3.5591,381,70.131
-0.065064,-2.7882,382,68.717
1.7718,-1.7845,384,72.331
2.9619,-2.2829,387,74.457
3.6603,-1.2471,404,75.664
4.5449,-0.45758,396,76.028
3.002,-1.1336,383,72.157
1.534,-2.7089,392,72.182
0.040682,-3.3938,400,71.165
-1.4632,-5.0368,381,69.577
-1.6483,-5.1157,379,69.66
-2.3496,-4.7222,373,67.882
-1.7734,-4.6365,355,67.195
-1.1593,-5.4497,364,67.402
-1.8979,-5.6675,372,67.063
-1.7629,-5.5788,370,69.833
-2.3423,-5.6709,380,72.207
-2.8277,-4.5376,388,71.091
-2.7525,-3.8649,402,76.218
-2.2768,-3.3263,400,72.844
1.3732,-3.296,396,69.544
2.1037,-2.8083,414,71.686
2.0598,-1.8101,428,76.971
2.0223,-0.44992,485,92.288
1.7969,0.13005,498,97.506
-0.24944,1.6646,491,91.7
-1.1484,2.06,497,88.425
-1.2798,1.513,490,88.681
-1.0464,1.2689,486,88.83
-0.72493,-0.64989,443,79.287
-0.97913,-4.1258,447,74.812
-0.090246,-4.8487,439,75.019
-1.9121,-5.0509,430,72.381
-2.5543,-4.308,458,79.014
-2.6367,-2.1393,463,83.05
-2.9598,-1.0326,455,92.56
-4.4259,1.0424,454,85.324
-5.2772,2.2413,478,88.715
-6.617,2.1267,472,91.527
-7.2448,3.2525,489,95.885
-7.181,3.3337,463,99.557
-6.5742,2.8409,473,100.57
-6.8673,3.268,447,91.129
-6.3999,2.5932,442,90.352
-4.6794,4.8855,420,80.254
-3.484,5.9431,411,79.262
-2.5447,7.8576,393,71.852
-1.8353,7.7663,355,71.314
-1.8161,10.283,403,75.193
-3.4021,12.269,443,82.827
-3.6102,14.899,451,89.732
-3.567,17.989,459,95.43
-4.4392,21.179,453,94.52
-5.2848,24.582,474,94.024
-4.7445,26.462,455,94.644
-3.2957,25.708,418,87.515
-3.0633,23.235,383,82.627
-2.5224,22.827,384,89.657
-2.555,22.294,381,86.779
-2.3247,22.519,385,89.872
-2.2447,22.355,401,92.088
-2.2442,21.978,407,93.304
-2.2018,21.679,400,92.568
-2.3457,21.097,415,92.667
-2.337,20.492,424,94.139
-2.7197,19.498,435,95.033
-2.8696,18.471,451,94.189
-3.4413,17.738,454,92.692
-2.8508,17.052,435,87.846
-1.7941,19.024,439,89.053
-3.2183,20.316,428,92.088
-2.8372,18.595,426,93.097
-2.0358,15.518,422,86.754
-2.6183,13.98,406,83.992
-4.0595,15.015,394,82.007
-5.1135,18.478,395,89.202
-5.5705,22.678,424,102.91
-5.5734,26.127,428,107.16
-6.4001,27.443,437,115.08
-8.2203,27.506,421,108.77
-9.9057,26.193,460,109.42
-11.303,22.145,482,113.67
-11.182,19.776,460,118.91
-12.029,18.276,456,123.56
-11.028,16.779,444,119.27
-8.1201,14.082,428,109.27
-4.8107,11.743,422,95.868
-2.7708,14.115,419,100.87
-2.4601,13.937,383,92.617
-0.60771,10.599,363,81.908
-1.93,7.87,332,71.719
-0.74515,4.3179,300,60.571
1.103,2.6977,264,55.774
3.0291,3.387,219,50.87
4.3351,3.2728,219,52.731
4.9778,3.6888,228,55.923
4.3257,2.9884,253,56.866
4.6253,2.2095,281,63.507
3.8079,1.5,311,64.524
2.8338,2.9541,334,65.368
2.7586,4.6375,349,65.806
2.1002,5.7799,361,67.278
-0.043434,7.5424,396,85.233
-0.21515,10.11,408,81.379
0.5542,14.303,422,88.69
-0.21515,17.472,432,89.227
-1.2836,17.263,448,97.58
-2.9359,18.939,444,101.53
-3.0936,21.439,465,95.57
-2.2812,22.2,467,93.635
-2.5105,22.001,474,93.528
-2.5625,22.005,487,96.91
-2.6156,21.94,492,99.441
-2.8549,21.977,501,96.149
-3.0665,21.726,517,96.819
-3.7607,21.929,541,99.846
-4.7283,22.138,534,105.31
-5.4925,21.48,542,97.068
-6.9624,20.183,515,93.933
-6.8458,18.147,500,92.61
-4.1426,18.518,489,87.094
-2.9454,20.656,472,88.607
-3.7092,19.509,449,88.781
-2.7591,15.937,448,85.026
-3.108,13.29,431,84.191
-4.0917,14.14,393,74.167
-5.2496,15.695,416,82.487
-5.1692,17.401,475,94.594
-5.337,18.554,469,100.02
-4.1383,18.07,464,106.78
-3.7809,15.226,456,103.37
-3.691,13.404,456,101.15
-2.9118,11.073,434,87.143
-2.1523,8.4809,427,84.356
-1.7345,6.7328,414,76.896
-0.78133,7.1537,413,76.508
0.31721,5.8678,412,72.687
-1.2386,7.2683,412,76.996
-2.2528,10.05,403,71.372
-1.7312,11.21,395,74.44
-1.8705,11.951,399,80.404
-2.5707,12.78,397,79.634
-4.2962,15.549,432,95.223
-7.0795,16.43,440,101
-9.0016,17.944,476,107.79
-6.727,21.756,478,116.17
-4.8651,24.994,478,111.71
-7.2739,23.963,528,105.73
-5.2075,24.255,522,103.5
-2.0274,23.607,522,107.32
-2.8759,22.772,510,108.83
-2.9513,20.962,511,111.9
-0.6515,19.242,508,109.42
1.3531,17.761,498,104.73
1.3903,15.204,474,100.62
0.30181,12.711,452,94.272
-0.30131,12.652,472,96.96
0.92103,9.0086,492,98.267
1.7883,6.5114,488,87.821
1.8219,4.662,486,98.697
1.5592,3.3844,475,93.842
1.675,1.3359,475,85.663
1.508,1.3238,472,85.58
0.68257,3.557,497,92.833
-0.2513,5.4164,521,96.439
-0.85859,5.3919,495,103.34
-0.56095,6.4291,508,99.284
0.61818,5.8198,493,95.107
-0.16382,7.5252,500,96.48
0.65694,8.4135,516,94.702
0.17925,8.1598,524,97.605
0.084971,7.9028,542,101.12
0.64078,6.9174,531,98.3
0.2278,6.2635,520,95.918
0.88905,5.0362,539,104.87
1.6126,3.7186,533,101.59
1.3126,3.6916,540,98.011
1.2766,3.1736,527,89.385
0.52153,4.0396,507,79.386
1.0084,6.1624,510,81.834
0.51281,7.1134,484,86.341
0.45548,8.4708,504,87.275
1.3514,8.4855,521,89.244
-0.10841,9.7508,534,85.398
1.0988,7.9334,491,81.288
0.41548,7.5506,518,88.036
2.5142,7.7892,500,89.153
1.583,10.94,483,89.335
-1.517,13.251,503,105.31
-2.7247,15.625,490,108.52
-1.2064,17.066,496,105.45
-0.43695,17.035,526,98.721
0.39781,18.119,540,96.869
-0.86569,12.849,496,87.483
-0.057875,8.879,497,89.566
-0.71937,8.7229,474,78.964
-2.1268,9.2405,498,84.613
-2.9869,10.241,476,90.311
-6.1234,11.822,476,98.871
-8.4929,11.278,477,98.87
-7.2948,12.465,471,93.776
-8.129,13.513,451,95.554
-7.1402,15.309,418,87.318
-5.9024,17.444,413,92.709
-4.7084,19.489,444,87.772
-5.8569,22,482,87.11
-7.0838,25.175,500,93.213
-5.9116,28.044,504,92.783
-5.0144,30.029,509,92.014
-3.6293,27.316,489,89.037
-2.7021,24.163,459,83.322
-2.2738,21.247,472,82.288
-0.62833,18.561,430,80.345
0.046165,14.578,486,85.464
1.2043,13.304,476,79.129
2.3071,11.491,479,93.743
2.4762,8.0875,493,95.595
2.4575,4.3518,504,86.614
2.3874,1.315,546,104.22
1.4397,-1.5732,538,94.388
-0.39305,0.10099,534,104.68
-2.924,2.2289,533,102.87
-1.8508,5.338,499,92.941
0.45286,6.5644,496,85.365
0.88555,3.4475,475,84.497
0.078318,5.1399,439,74.233
-0.79908,6.2258,417,71.926
-0.80585,6.9235,441,74.829
-0.85253,6.7195,461,84.447
-1.5552,6.3483,473,93.081
-3.4932,7.9401,476,92.61
-3.8975,9.0302,477,96.86
-3.2537,12.216,515,93.9
-0.17269,13.781,526,95.794
-0.12935,15.795,507,92.709
-1.025,14.685,482,86.383
-0.5543,16.613,516,87.119
-0.45767,16.809,501,86.862
-0.40322,18.489,514,86.019
-0.83982,19.147,500,84.563
-0.1557,19.026,513,92.337
0.9798,17.711,495,86.432
-0.39158,18.173,512,82.785
-1.2242,17.78,495,84.298
-1.3513,17.192,525,87.193
-1.4514,17.839,532,90.269
-2.1499,19.227,539,94.933
-3.1007,20.996,523,97.44
-4.8788,22.722,503,83.926
-8.3212,28.202,528,87.028
-13.056,31.06,553,92.759
-13.698,28.228,537,96.713
-16.194,25.469,511,101.38
-12.635,26.828,514,104.72
-8.3798,29.344,497,93.569
-6.0275,29.816,477,86.002
-4.8351,29.076,439,86.292
-4.8135,29.408,417,76.218
-5.3977,29.444,440,76.954
-6.6455,30.304,421,77.624
-8.606,31.48,388,76.144
-9.4992,34.322,392,73.588
-8.4168,34.631,400,81.18
-6.3623,35.504,410,83.537
-6.6108,33.489,393,73.886
-4.3187,32.679,396,75.201
-4.5803,30.949,393,70.628
-6.2164,29.615,405,75.573
-6.6194,28.711,404,73.183
-5.9965,28.56,423,76.268
-6.0683,27.095,421,75.548
-5.0958,26.34,423,75.491
-4.4284,25.042,429,77.558
-5.7167,25.238,436,77.269
-6.3345,26.84,444,78.087
-7.4565,30.176,455,81.421
-7.9748,35.3,430,75.871
-7.9885,38.741,417,76.417
-5.1289,41.399,435,85.315
-2.9097,40.99,449,93.098
-5.5994,34.02,478,96.091
-7.5037,26.122,484,92.701
-8.1106,23.68,472,89.616
-7.9765,23.68,486,90.724
-8.1805,26.18,467,88.185
-8.0544,26.647,449,77.963
-6.6895,27.504,455,77.558
-6.0312,26.822,462,82.958
-5.2069,28.681,446,77.161
-3.2209,28.039,460,77.624
-1.6611,27.098,469,80.097
-0.5724,26.052,467,78.823
-3.0631,26.915,455,78.666
-3.2067,25.49,434,75.59
-2.5896,26.348,462,76.921
-2.6995,26.451,447,74.349
-3.0639,28.076,453,77.921
-1.7464,28.141,491,82.123
0.47204,28.147,479,78.294
1.5254,26.927,485,84.662
2.2414,25.517,483,86.449
4.2249,23.088,473,86.407
1.9641,22.965,477,90.816
1.7835,23.457,478,83.662
1.8671,21.452,482,86.945
2.756,20.615,486,85.622
3.0835,19.184,490,87.159
1.3887,20.198,488,84.207
0.14491,21.068,505,83.992
0.57826,20.752,501,84.472
0.51334,20.403,496,82.95
-0.65257,21.069,506,83.67
-1.8285,20.247,497,81.982
-1.5899,23.6,495,81.453
-4.4826,26.131,516,89.252
-4.8126,28.067,513,83.612
-4.5685,28.072,509,86.274
-4.6786,29.288,502,88.508
-5.145,31.892,511,89.227
-5.1205,31.832,528,91.071
-4.8527,32.596,516,89.74
-3.2364,33.956,495,88.648
-5.0444,38.614,492,92.32
-3.9374,42.265,495,98.035
-2.145,47.045,494,98.068
2.2814,49.342,490,106.18
4.6309,53.258,472,96.307
8.0108,56.155,461,91.651
8.0626,57.618,468,99.235
5.2989,54.041,451,102.96
3.1214,47.382,469,105.26
0.89585,38.34,497,108.94
-0.081619,30.378,503,98.284
-2.091,25.467,478,84.017
-1.6987,28.822,486,92.908
-2.219,33.414,479,84.728
-2.9457,35.254,454,82.95
-3.7275,34.77,431,79.526
-4.2066,34.714,411,76.797
-3.8657,32.484,403,73.919
-3.0008,31.715,412,77.533
-2.3939,31.018,415,78.402
-4.0974,31.003,429,79.468
-6.9526,30.392,438,79.956
-7.2168,30.462,412,72.356
-6.1566,29.807,413,74.374
-2.154,27.44,395,72.497
-1.9717,22.468,417,78.633
-3.1458,18.933,428,79.468
-4.8172,15.35,441,83.206
-5.1844,13.778,461,86.853
-5.5843,15.391,479,88.905
-6.6831,15.819,478,89.062
-4.4952,16.925,485,85.001
-2.4766,14.564,496,96.405
-1.8352,8.7349,483,90.344
-1.1618,1.0692,500,90.608
-0.66197,-6.4835,514,91.65
-1.3287,-11.331,508,92.941
-1.4655,-11.48,466,91.675
-2.4544,-10.243,482,84.868
-2.0321,-5.3181,489,87.689
-2.7701,1.8186,497,92.064
-3.3263,9.2109,504,96.844
-5.0413,15.484,508,95.645
-6.9754,21.615,529,101.33
-6.7704,27.342,525,97.224
-7.3177,31.506,499,87.416
-6.4638,31.561,488,83.827
-5.3917,26.392,506,83.678
-6.282,21.467,511,89.426
-6.5959,22.292,453,81.726
-8.0316,24.096,474,88.4
-11.645,27.697,487,87.589
-11.25,32.637,492,92.701
-7.4738,36.735,489,100.21
-3.8839,40.689,486,100.14
0.74563,41.39,510,94.247
5.9722,37.765,500,93.098
9.4429,33.039,502,95.802
14.556,31.711,495,92.692
18.35,34.174,478,90.104
22.205,37.094,469,90.65
21.491,41.89,488,93.255
18.405,46.169,497,100.21
14.341,52.2,495,97.323
11.59,56.63,494,97.671
9.1431,60.969,482,96.72
7.4098,66.659,499,98.929
6.3313,72.837,488,90.923
2.8099,77.82,485,85.812
-2.0722,79.969,478,86.225
-6.4212,80.863,483,91.32
-8.9419,81.872,491,90.468
-10.033,81.57,470,91.386
-13.702,81.527,474,96.472
-18.004,84.184,487,98.506
-20.814,87.972,495,104.61
-25.073,92.732,480,97.977
-28.941,98.068,458,88.119
-33.099,100.24,431,83.273
-39.267,103.42,408,80.899
-45.166,106.99,393,77.749
-49.123,109.02,352,68.469
-49.023,108.1,290,63.78
-49.109,108.59,249,57.825
-49.228,109,228,57.338
-49.114,109.99,209,54.319
-49.176,110.09,214,54.319
-49.042,110.36,212,55.245
-48.967,110.64,224,56.767
-48.646,111.86,257,60.712
-49.454,113.13,306,68.014
-49.845,114.26,352,75.4
-49.259,114.76,383,78.269
-49.19,113.55,401,79.138
-49.811,113.83,396,78.683
-52.395,114.59,371,78.484
-51.462,114.64,312,70.313
-50.619,115.37,261,65.095
-48.968,114.84,256,65.211
-46.905,115.1,283,69.602
-44.226,115.08,289,71.471
-43.531,116.14,314,77.385
-41.927,117.44,352,87.615
-42.431,118.52,386,94.736
-45.042,117.68,386,93.859
-46.938,115.63,381,82.768
-47.188,114.24,393,91.948
-48.084,115.83,396,90.096
-50.747,114.19,424,91.204
-53.021,111.7,418,89.045
-54.302,111.45,414,86.267
-57.942,112.14,414,84.315
-60.599,113.17,409,84.125
-62.479,114.91,403,83.753
-60.873,116.86,401,82.619
-58.366,118.49,391,91.245
-54.914,120.65,391,94.024
-51.356,121.39,385,84.298
-47.012,124.3,389,83.628
-42.469,125.83,415,80.85
-41.427,125.75,416,82.43
-41.421,125.54,413,79.072
-44.263,126.47,437,77.26
-46.996,128.41,436,75.184
-49.767,130.45,436,84.174
-49.919,136.55,406,76.772
-48.819,143.4,409,79.427
-44.656,149.6,401,76.144
-40.325,155.03,371,70.545
-36.753,159.83,366,74.184
-35.359,159.55,357,71.628
-35.41,161.82,315,68.262
-36.423,161.51,268,62.382
-35.88,163.43,249,56.841
-35.643,163.58,287,60.67
-38.013,162.1,306,65.095
-38.307,165.17,293,61.017
-39.676,165.23,296,62.87
-41.782,166.99,275,58.983
-44.315,168.8,301,63.805
-48.481,171.33,311,64.086
-51.73,173.09,290,64.863
-54.066,173.46,241,56.932
-55.504,173.24,204,52.367
-55.377,173.76,206,51.581
-54.751,173.69,211,50.936
-54.448,173.49,210,52.524
-53.872,174.07,206,50.936
-54.98,176.34,194,49.869
-52.658,173.68,199,49.927
-53.325,172.95,177,47.868
-51.538,171.88,218,50.01
-51.337,171.54,223,53.765
-48.939,172.8,298,67.816
-49.122,170.41,312,65.169
-53.664,172.16,329,65.475
-50.541,172.85,352,68.345
-48.92,172.78,366,70.082
-44.779,172.21,373,72.571
-44.508,171.14,365,70.611
-45.961,171.42,383,73.241
-46.396,172.45,353,68.27
-44.882,172.4,358,69.718
-42.663,173,388,74.713
-40.641,172.84,397,72.265
-38.65,172.95,369,70.33
-39.175,172.36,377,67.981
-40.203,173.07,381,70.594
-37.53,172.21,372,73.795
-41.264,172.83,358,67.592
-36.883,172.96,355,69.867
-36.971,173.15,338,63.573
-36.169,171.73,324,63.209
-37.291,172.18,331,70.801
-38.283,174.19,313,63.424
-40.653,175.48,306,73.365
-43.583,176.8,298,66.41
-47.896,176.34,323,68.427
-48.151,177.03,316,65.078
-45.224,174.78,329,69.279
-44.61,176.07,333,65.947
-44.227,175.97,343,65.649
-45.621,178.05,314,62.192
-48.442,179.66,318,66.385
-51.866,179.59,326,70.131
-52.62,180.78,323,64.086
-51.043,178.76,319,62.423
-48.282,177.37,321,64.251
-45.245,176.83,337,65.053
-44.208,176,346,65.947
-46.52,179.06,312,63.507
-44.962,181.2,341,67.088
-42.173,178.04,350,72.298
-42.715,174.01,375,72.265
-40.176,167.63,394,78.882
-44.05,162.88,374,77.69
-49.034,162.73,351,77.195
-53.053,165.4,341,72.034
-56.399,169.39,355,71.901
-59.419,171.55,352,71.438
-65.182,171.86,335,68.212
-69.429,172.39,315,67.7
-74.187,174.48,329,70.586
-79.841,175.39,333,72.869
-84.798,177.19,346,70.975
-89.335,179.06,342,71.455
-93.224,181.92,329,69.296
-95.088,183.72,347,72.604
-93.133,184.61,345,80.089
-88.574,184.16,370,86.432
-83.442,183.98,351,95.24
-77.694,181.12,391,84.017
-76.353,180.75,383,74.937
-77.759,182.25,384,76.053
-78.005,182.47,374,69.85
-78.649,184.82,356,69.71
-77.304,185.68,348,69.114
-76.534,188.71,328,65.947
-77.532,190.58,327,69.511
-78.431,192.47,328,70.015
-78.728,191.33,312,65.657
-76.363,190.8,320,69.577
-75.791,191.9,318,65.938
-75.464,189.43,306,68.262
-75.547,189.92,285,66.509
-74.769,190.61,274,59.512
-75.653,189.01,262,57.56
-78.874,188.05,307,68.651
-84.517,184.72,333,74.821
-89.122,184.8,343,80.097
-95.526,188.72,340,76.458
-98.569,191.09,326,70.818
-101.97,194.67,314,64.805
-104.96,196.66,278,60.943
-106.74,197.17,283,61.406
-107.62,194.51,289,65.252
-108.24,194.25,293,63.234
-105.55,195.11,271,59.719
-106.23,193.03,301,65.302
-108.97,195.58,261,60.902
-107.87,194.4,275,63.143
-110.81,197.13,268,60.067
-109.04,198.65,280,59.281
-112.31,198.36,273,62.101
-113.31,199.4,252,59.587
-112.91,202.03,242,55.551
-115.58,202.61,223,55.543
-116.62,203.34,201,51.325
-114.98,202.88,161,43.824
-113.65,202.27,180,46.04
-113.27,202.17,218,52.723
-111.2,203.55,209,52.276
-110.85,200.49,241,55.543
-108.8,196.58,312,69.586
-108.6,196.67,297,71.025
-112.05,198.48,285,61.076
-107.9,197.89,301,65.814
-109.03,198.83,309,66.501
-107.67,200.47,316,67.742
-108.41,200.91,311,66.716
-106.43,200.89,304,64.309
-106.79,200.1,298,64.615
-107.53,199.01,306,68.75
-108.73,201.43,295,63.416
-106.75,201.89,289,62.945
-107.41,202.84,282,65.765
-104.78,200.79,309,66.154
-99.87,199.66,336,68.924
-95.971,199.73,326,82.322
-89.267,199.86,330,87.069
-83.817,201.28,338,81.726
-79.499,202.33,334,79.725
-74.355,204.57,336,84.059
-70.034,208.25,331,86.366
-67.016,214.67,325,76.615
-64.751,219.8,263,73.845
-62.85,221.2,233,71.108
-62.893,221.8,215,79.56
-63.788,219.97,293,73.837
-63.346,222.25,249,70.107
-61.933,224.61,185,59.273
-60.29,227.47,141,45.486
-60.982,228.06,105,49.266
-62.746,228.58,267,60.207
-65.461,228.6,262,59.223
-66.409,227.72,254,57.883
-66.97,225.73,268,62.002
-66.779,225.59,242,57.056
-66.025,226.51,270,56.634
-64.307,227.48,272,59.289
-62.543,226.65,292,71.786
-64.743,227.83,295,72.894
-66.12,230.18,283,65.947
-63.915,231.36,285,61.803
-68.622,227.36,288,68.478
-69.435,228.42,274,66.129
-71.343,227.62,266,60.629
-69.484,225.68,283,60.927
-67.674,228.63,288,64.268
-70.335,229.19,281,62.788
-70.625,230.37,279,66.6
-66.494,231.14,248,81.586
-64.727,231.98,303,72.53
-65.852,230.38,289,76.715
-62.455,230.41,283,68.858
-66.004,228.61,302,73.241
-63.299,229.27,288,74.093
-62.439,229.5,293,68.635
-64.267,228.31,299,66.501
-63.956,228.54,277,77.609
-61.024,228.66,284,70.347
-61.534,229.49,284,68.784
-60.517,230.04,290,65.285
-60.43,227.38,301,65.376
-60.036,228.87,288,66.518
-58.836,226.68,276,58.917
-58.328,226.93,279,64.814
-61.383,226.15,286,61.82
-63.101,226.8,272,60.695
-60.975,231.5,256,61.266
-57.663,228.38,252,58.446
-60.02,229.72,252,59.761
-59.919,232.87,241,62.829
-62.928,232.1,257,64.243
-59.204,234.65,269,69.801
-57.662,233.02,266,65.972
-62.442,232.53,281,71.041
-63.818,232.57,277,71.645
-66.608,232.99,272,74.349
-63.014,234.06,269,61.63
-63.635,234.52,247,60.993
-63.619,234.82,264,59.19
-67.194,233.05,280,70.818
-67.322,234.09,263,62.862
-68.127,231.72,275,67.171
-67.272,232.25,258,60.968
-63.529,233.27,256,71.869
-63.159,232.48,272,65.856
-66.031,233.69,260,76.087
-66.097,235.28,268,67.088
-66.696,234.25,272,66.89
-66.274,231.76,267,66.6
-64.679,230.71,242,70.926
-63.265,232.82,250,64.996
-63.5,230.97,274,67.535
-62.522,234.85,274,68.867
-61.907,235.15,266,68.395
-65.226,234.22,252,76.831
-67.521,233.36,279,74.085
-65.908,235.39,259,72.903
-66.125,229.57,293,74.192
-66.835,225.4,297,77.038
-62.942,217.97,300,76.351
-62.668,210.98,319,80.114
-62.837,203.41,318,76.508
-63.226,195.12,327,83.546
-67.914,187.25,347,89.195
-77.02,185.54,356,94.603
-87.177,187.27,324,119.16
-96.029,193.05,484,104.7
-102.28,193.14,470,93.809
-106.43,192.48,458,85.861
-108.84,191.86,440,82.768
-109.56,193.54,429,84.017
-110.9,196.42,423,80.734
-112.86,195.52,410,81.197
-112.21,200.83,384,76.152
-110.46,201.07,374,75.011
-110.44,203.38,374,73.795
-106.44,202.95,386,80.254
-107.67,204.09,386,74.225
-107.22,203.4,395,76.408
-105.76,203.8,363,68.75
-107.47,204.52,363,70.363
-107.37,205.72,376,71
-107.18,206.63,373,68.163
-108,209.74,354,66.782
-106.02,209.67,345,69.338
-106.04,209.01,350,71.157
-105.6,206.88,351,70.835
-104.33,206.61,365,72.901
-100.84,206.94,374,73.051
-103.84,209.31,329,64.996
-103.73,208.49,344,66.12
-102.66,212.24,338,67.171
-100.79,211.24,355,68.742
-100.22,211.89,354,67.253
-100.18,210.57,364,69.892
-99.765,211.23,359,69.37
-102.69,209.39,340,65.467
-100.63,211.74,375,69.916
-106.17,210.64,367,69.85
-104.11,210.7,352,67.336
-103.89,208.07,325,63.664
-102.69,207.77,345,66.509
-105.49,208.23,356,69.784
-108.53,207.5,346,67.89
-109.68,204.73,360,71.967
-111.86,203.78,370,71.645
-109.13,204.17,369,73.911
-108.98,206.5,361,70.131
-110.28,206.87,353,70.942
-114.43,206.2,335,66.658
-115.15,203.93,325,66.038
-112.21,199.56,345,74.44
-109.56,193.67,376,75.59
-111.98,196.18,372,71.628
-111.43,197.69,373,68.089
-112.61,198.25,383,72.174
-112.37,200.49,362,69.875
-112.41,199.31,383,69.933
-113.39,197.69,382,72.116
-112.28,197.04,383,71
-110.61,196.49,393,73.903
-111.14,196.47,392,76.252
-110.76,198.91,377,76.053
-109.99,198.09,375,78.104
-108.3,203.29,382,77.624
-108.33,207.56,358,76.863
-111.56,204.7,354,70.074
-111.51,204.1,314,67.427
-108.17,206.29,352,74.333
-109.08,204.22,344,70.537
-112.22,207.6,326,64.789
-110.03,209.98,347,68.99
-112.45,209.38,351,65.905
-116.12,211.28,359,68.841
-117.35,211.78,328,66.418
-117.89,210.25,322,64.243
-116.33,208.99,345,67.047
-117.84,206.6,316,63.796
-118.04,203.62,342,67.055
-117.94,202.4,360,69.412
-120.52,206.07,373,71.81
-122.22,209.8,347,68.072
-120.96,213.88,348,72.48
-111.21,218.24,342,73.406
-110.14,217.65,329,68.419
-104.49,214.6,332,74.738
-99.539,210.42,358,84.059
-92.012,202.85,376,96.448
-84.104,201.12,411,98.779
-75.799,199.8,421,100.42
-69.905,203.44,402,96.224
-66.529,211.4,395,82.645
-60.645,218.93,399,85.432
-60.093,226.29,413,83.563
-61.925,230.55,416,85.142
-60.517,226.72,433,82.495
-62.157,231.9,442,87.333
-63.174,234.75,451,89.103
-67.574,234.1,439,80.072
-65.901,235.72,444,81.246
-62.192,237.53,425,85.059
-57.617,241.15,407,81.941
-55.128,243.1,388,76.764
-52.942,247.06,365,71.728
-49.944,249.93,329,66.046
-49.099,252.3,326,65.541
-48.548,256.97,318,64.913
-47.413,262.06,307,63.135
-45.429,265.11,330,68.279
-46.632,266.26,338,78.311
-44.813,272,307,69.437
-44.383,270.62,340,70.454
-46.087,271.41,329,68.337
-43.899,273.16,300,66.683
-45.807,269.01,324,68.966
-45.762,270.34,309,67.518
-44.929,273.08,316,64.731
-44.514,272.48,302,62.746
-44.74,273.03,319,66.782
-46.591,273.16,303,64.243
-45.267,273.79,314,66.327
-45.412,271.38,300,65.376
-45.473,271.95,273,61.919
-46.107,275.07,340,71.289
-47.944,277.88,318,69.983
-47.823,281.2,286,65.583
-50.462,283.97,273,59.843
-46.333,284.32,265,63.317
-44.026,279.36,281,67.584
-47.732,276.83,247,69.139
-47.328,276.05,214,65.004
-44.754,272.82,197,56.981
-42.099,271.35,167,51.027
-39.614,271.52,135,43.898
-39.882,272.85,118,43.278
-40.933,272.99,118,42.608
-40.822,272.5,137,50.589
-41.297,273.71,153,50.911
-42.28,273.8,147,53.566
-42.852,274.06,148,49.919
-42.508,276.42,140,47.595
-43.299,277.14,150,45.221
-43.578,278.28,216,54.881
-45.836,276.56,240,56.262
-45.957,275.95,273,62.167
-45.001,276.63,295,63.127
-45.048,276.85,306,68.072
-43.461,274.57,302,67.617
-44.318,276.87,327,73.547
-44.639,278.52,344,73.465
-45.541,281.78,345,76.086
-45.255,284.26,336,69.569
-43.736,285.22,341,70.131
-42.367,285.05,323,69.329
-41.895,281.84,305,64.442
-42.3,280.27,290,61.15
-40.865,277.23,305,63.689
-41.58,274.46,305,67.427
-41.911,274.71,326,73.076
-43.06,269.93,365,72.869
-43.938,267.73,370,75.457
-45.939,268.62,395,75.581
-46.793,272.76,386,72.108
-47.514,276.2,378,70.975
-46.46,282.32,380,73.729
-43.2,281.99,376,85.266
-42.226,285.08,349,77.55
-37.606,285.22,335,67.956
-38.99,286.49,344,68.436
-36.097,284.22,341,68.56
-33.966,281.25,347,69.503
-33.443,275.23,343,71.496
-32.773,273.39,315,65.781
-31.553,271.02,282,63.507
-29.746,270.17,277,62.953
-29.432,266.74,233,54.575
-26.711,269.16,220,53.194
-24.229,271.22,231,52.243
-20.625,274.31,233,54.807
-17.704,277.18,211,58.454
-14.654,277,194,61.911
-14.593,275.82,191,57.412
-16.812,273.75,188,54.302
-19.77,272.46,221,55.824
-19.437,273.78,222,56.56
-18.726,273.72,251,59.173
-24.237,271.29,288,63.805
-28.669,273.79,306,66.6
-32.292,278.92,305,65.566
-31.371,282,267,58.454
-31.733,285.17,271,58.156
-34.92,285.19,313,62.854
-40.347,286.6,328,69.089
-39.646,288.22,305,66.162
-39.307,285.91,317,64.987
-36.964,284.45,293,62.192
-37.839,283.09,301,62.448
-38.717,288.43,309,63.879
-38.774,289.75,305,62.283
-43.102,289.16,308,62.68
-41.337,289.63,303,63.615
-40.732,288.5,307,64.152
-43.555,287.43,325,65.715
-45.128,289.81,305,65.657
-41.455,289.95,322,68.461
-42.959,288.36,310,63.209
-43.242,291.33,313,63.788
-42.985,289.82,325,65.475
-45.635,289.92,299,62.936
-46.826,289.26,304,62.291
-50.118,290.6,257,58.826
-47.859,290.17,300,63.573
-48.31,292.19,290,61.192
-49.983,295.45,297,61.696
-50.872,294.33,290,58.52
-48.997,293.05,327,66.393
-50.159,293.22,313,64.847
-47.486,295.6,324,64.59
-44.11,292.98,343,67.642
-44.09,294.83,339,66.385
-43.046,293.48,344,66.89
-42.034,293.51,338,65.855
-41.503,292.47,370,74.854
-35.537,287.22,375,84.398
-28.535,281.73,400,79.725
-21.742,277.32,390,74.655
-18.71,275.69,392,73.142
-14.075,276.77,382,71.066
-13.846,270.08,368,67.791
-8.2441,269.84,338,66.575
-6.0556,268.12,326,67.245
0.89436,269.1,308,62.746
6.8918,269.12,313,61.456
12.091,269.86,296,59.835
15.335,268.86,280,62.746
17.131,268.67,313,63.871
23.235,267.56,309,62.936
24.5,265.43,312,65.55
26.489,263.65,313,63.325
27.741,259.89,323,65.194
27.307,257.27,325,65.583
25.433,253.38,325,64.152
23.641,251.92,328,64.987
22.805,252.16,334,65.434
21.306,250.26,327,66.947
23.163,255.46,318,64.433
22.33,252.07,307,63.3
25.405,259.06,314,65.558
26.289,256.52,279,62.589
23.181,255.04,279,61.902
22.591,256.81,276,61.348
19.754,258.78,305,63.689
16.378,258.76,341,67.452
15.077,258.29,315,62.738
15.167,257.32,309,62.531
18.239,258.1,325,63.664
17.529,260.77,340,66.211
13.67,265.66,372,72.894
10.423,265.36,395,77.087
7.7239,263.88,392,74.911
10.426,261.71,401,73.332
13.766,259.71,377,69.131
15.755,263.17,379,71.215
13.952,264.81,372,67.634
11.304,264.52,355,68.378
7.2503,264.88,363,69.089
9.6375,262.6,350,66.244
11.606,261.55,367,69.387
11.917,263.77,381,70.148
9.4841,267,372,71.926
6.7175,268.22,350,67.518
4.2638,267.32,356,72.207
3.9422,262.95,343,67.245
4.9398,260.13,349,68.825
14.052,254.93,377,72.141
21.053,252.22,391,72.199
26.871,248.79,375,71.355
27.261,243.29,348,70.148
29.622,237.89,347,67.22
32.02,230.96,331,65.285
33.37,224.13,319,63.78
34.458,218.56,303,61.613
34.886,216.28,290,60.703
37.601,211.27,268,56.353
37.577,210.58,280,58.222
37.636,210.41,279,63.184
39.753,210.41,270,60.323
39.537,208.62,271,62.953
38.11,209.68,284,61.911
39.899,211.75,293,60.596
40.441,206.88,274,57.602
39.966,207.46,272,60.968
37.125,207.95,315,67.328
33.403,213.53,380,84.935
28.968,218.99,383,91.741
24.454,226.79,404,103.64
21.836,235.05,409,94.925
19.687,239.25,433,103.62
20.403,237.8,440,92.303
21.607,233.8,436,87.085
20.334,232.22,432,88.558
21.309,232.45,418,82.396
19.81,232.73,407,76.028
17.714,235.86,378,78.484
15.513,236.54,362,72.687
15.246,237.33,350,66.848
15.563,238.28,355,70.264
15.26,237.96,352,69.214
15.489,238.22,375,73.076
15.685,238.34,403,75.061
15.613,238.21,424,75.607
15.823,238.53,439,78.245
15.765,238.6,455,78.526
15.839,238.66,463,79.609
16.624,238.99,476,81.222
15.652,239.86,493,83.174
14.545,239.39,502,84.489
13.392,239.73,485,84.1
13.159,241.5,444,82.305
14.22,244.68,434,78.906
15.614,243.82,419,77.376
15.632,240.48,386,71.992
15.263,239.59,342,67.526
14.649,239.37,319,66.311
14.835,239.33,307,63.342
15.388,239.13,355,69.23
15.591,239.75,368,70.603
15.484,240,383,72.687
15.203,240.11,381,70.909
15.667,240.57,389,72.025
15.952,241.11,394,74.581
16.071,241.3,407,76.243
15.966,241.51,433,79.27
15.126,240.09,445,79.824
14.06,239.92,444,80.56
15.344,241.25,444,79.609
16.712,242.98,443,82.016
16.601,244.88,429,83.711
16.986,244.89,438,85.464
15.98,245.03,420,91.022
16.689,243.89,393,86.539
16.122,243.01,403,87.358
15.871,242.86,414,89.326
15.763,242.79,431,91.295
16.209,242.8,445,90.278
16.526,242.8,450,94.495
16.518,243.12,454,90.145
16.688,243.25,443,91.295
16.848,243.88,447,91.75
17.316,244.96,468,93.346
17.944,245.58,489,96.836
17.847,243.57,487,89.301
18.411,241.73,499,97.68
18.093,241.94,525,97.308
16.185,242.04,497,85.82
16.572,241.41,455,83.984
15.93,239.92,445,88.284
14.066,239.85,438,86.44
13.404,241.76,383,79.005
13.885,241.67,380,82.057
15.28,240.57,391,79.791
15.426,240.63,412,83.992
15.314,240.58,423,83.041
15.57,240.85,436,86.134
15.881,240.92,442,85.679
16.328,241.41,439,89.484
17.119,241.74,446,85.398
17.876,242.02,452,90.691
18.76,243.24,478,88.011
19.174,242.6,484,94.322
20.513,240.51,484,88.789
20.151,239.1,475,84.389
20.653,238.2,509,85.878
17.843,239.91,504,83.074
14.882,239.27,471,84.745
14.175,238.91,398,73.316
15.072,239.45,381,74.994
14.938,239.14,372,80.85
15.368,238.36,385,78.104
15.173,237.49,419,82.074
15.006,237.46,437,82.313
15.297,237.51,450,82.818
15.518,238.1,454,84.497
15.918,238.45,439,84.745
16.25,239.35,458,86.44
16.995,239.05,450,87.11
17.35,240.12,473,88.764
18.1,240.37,462,86.68
17.948,238.83,460,88.152
17.578,238.1,476,85.853
17.951,237.35,529,100.18
17.544,238.6,511,92.072
17.041,242.18,489,97.051
17.473,244.99,490,102.94
18.099,244.84,499,113.86
19.265,244.78,475,104.99
19.888,241.26,478,105.53
18.964,239.71,470,97.05
18.591,241.2,465,91.675
18.638,240.91,457,89.607
18.499,241.13,477,87.986
18.701,240.29,466,87.631
19.018,239.43,455,86.787
19.094,238.11,444,83.992
18.905,237.05,440,81.18
18.738,235.99,444,82.595
18.001,234.98,449,80.899
15.965,234.17,449,85.009
14.271,235.7,477,84.488
12.707,236.65,470,87.772
14.702,238.57,453,91.394
15.952,240.3,472,89.186
17.196,238.47,470,88.739
18.005,235.47,455,83.728
16.353,232.66,435,81.272
14.95,232.83,391,73.63
13.179,231.91,405,78.757
12.182,229.6,423,85.117
9.8997,225.84,464,92.842
7.0033,222.89,457,93.032
4.725,219.39,520,100.77
3.1256,214.67,557,116.15
0.94849,208.62,591,112.97
-0.23809,201.88,601,114.62
-0.83156,195.17,621,113.1
-0.16414,189.95,646,110.06
3.3764,185.97,666,120.62
7.9785,179.87,679,141.04
11.464,174.99,684,150.13
13.419,170.35,686,169.75
15.787,168.14,724,126.42
16.266,167.87,722,131.4
13.739,165.03,708,199.84
14.906,165.72,705,137.84
15.373,166.86,675,140.1
16.162,166.71,659,133.27
17.543,171.13,620,186.54
19.105,176.27,633,201.06
21.588,178.72,628,203.68
21.777,183.49,663,220.97
25.353,189.76,631,218.51
27.897,195.34,643,150.04
28.39,203.43,580,131.99
29.019,207.5,599,114.47
21.642,208.96,581,110.32
15.354,204.3,611,110.78
3.2997,203.54,630,113.19
-5.1454,197.83,607,108.88
-6.019,192.26,612,125.54
-8.7335,193.13,561,110.48
-10.073,194.61,555,106.54
-11.289,199.02,569,111.6
-10.953,198.01,562,110.19
-7.0121,199.97,552,109.86
-7.3585,202,511,95.124
-5.7219,201.68,460,89.062
-3.5155,199.82,343,67.609
-0.77911,202.4,255,61.249
-1.9099,204.21,247,57.693
-4.2457,203.27,234,55.592
-3.884,201.83,215,53.723
-9.0985,201.6,296,68.138
-4.6079,202.84,233,59.86
-1.5529,203.11,192,57.122
-2.1298,205.78,242,55.551
-2.2044,206.66,292,65.21
-5.6736,206.19,292,61.994
-10.881,206.58,320,67.311
-13.596,204.28,315,73.82
-15.364,205.29,307,78.642
-15.323,204.71,260,78.154
-12.288,206.27,234,66.972
-12.845,202.33,246,65.93
-10.841,204.24,285,67.849
-9.376,208.06,331,70.793
-7.1875,211.72,357,74.457
-0.22215,212.44,384,82.164
2.5316,213.75,471,92.213
3.6056,216.51,535,99.598
4.3903,221.75,571,110.03
8.468,229.43,600,118.14
13.097,239.05,611,117.75
17.218,247.75,621,117.31
17.731,253.9,607,114.59
17.646,258.95,591,108.71
12.62,259.22,585,107.08
7.7008,259.02,567,103.24
6.8494,256.35,554,96.48
4.5043,257.88,568,95.645
4.413,256.38,546,92.295
10.054,260.6,535,97.58
15.117,260.96,501,94.049
19.503,257.6,451,87.242
21.33,257.75,405,76.127
24.597,257.28,357,70.528
24.034,259.02,358,68.651
23.056,261.95,368,77.649
21.334,261.48,386,74.556
18.162,259.23,365,70.222
12.303,262.19,415,75.573
14.654,263.2,447,82.52
15.031,264.02,473,93.685
20.15,265.17,468,83.008
18.717,260.55,450,80.676
14.836,257.85,505,94.909
12.392,262.67,485,91.543
10.945,267.52,427,81.958
10.515,268.54,365,69.825
15.866,263.83,398,78.749
17.33,260.99,430,82.694
11.581,258.82,450,92.056
14.849,251.95,484,101.04
13.873,238.16,489,96.488
12.206,229.78,493,95.256
8.8333,223.61,531,107.75
8.8862,217.7,616,128.87
17.974,215.12,634,133.65
29.094,212.94,614,118.97
36.155,212.77,576,99.077
37.516,215.51,571,98.358
38.894,221.11,552,100.91
35.641,225.77,527,97.787
34.169,228.9,500,93.247
30.119,232.99,457,95.124
26.71,231.77,445,90.741
21.105,229.95,502,103.16
11.327,234.33,524,103.59
1.0521,239.41,521,98.672
-6.6832,243.17,527,105.5
-13.839,251.3,500,95.149
-22.251,259.1,495,97.316
-34.711,265.26,474,96.654
-48.25,266.31,455,94.354
-54.562,264.31,462,102.67
-61.236,259.73,469,92.445
-67.655,255.35,457,100.02
-72.164,254.56,466,103.49
-76.986,251.81,440,102.49
-80.213,257.25,429,90.939
-83.892,264.36,410,91.121
-85.886,273.13,383,81.081
-87.868,279.24,378,83.355
-88.73,285.92,355,79.055
-88.916,289.89,336,79.857
-89.356,296.99,326,81.635
-90.746,304.07,327,78.104
-91.661,309.59,294,80.37
-92.83,316.74,315,80.734
-93.769,322.14,269,87.764
-92.461,327.92,267,73.613
-89.736,327.68,240,137.69
-89.874,326.87,235,119.81
-90.986,318.6,283,84.993
-91.238,312.96,298,82.909
-88.438,303.49,297,80.527
-85.007,294.46,346,81.594
-82.965,286.48,361,88.36
-79.994,280.9,395,79.742
-75.214,272.48,413,85.514
-68.268,262.47,437,90.419
-59.986,253,449,91.444
-54.404,241.54,472,88.549
-51.809,229.27,477,89.558
-51.342,217.44,487,93.867
-48.795,207.19,496,93.313
-44.097,197.69,492,98.143
-40.031,187.39,500,101.26
-33.241,178.17,527,106.31
-30.694,169.67,525,105.82
-26.564,161.19,567,117.35
-21.562,153,576,116.1
-20.656,144.12,569,112.85
-19.11,135.42,569,115.91
-19.26,128.64,567,107.63
-15.929,123.74,565,102.58
-12.739,116.93,561,101.8
-9.741,108.93,587,117.34
-7.9074,98.579,619,138.61
-7.7844,88.362,630,136.48
-5.0159,84.045,638,132.94
-0.73058,81.141,638,139.67
3.7954,75.395,622,142.98
2.0233,69.2,593,147.52
1.9791,61.748,611,157.46
0.25236,51.782,603,142.81
-3.0466,43.514,574,131.39
-1.9635,34.374,601,136.52
0.080198,24.731,588,128.53
6.1163,15.89,599,134.5
13.885,6.3448,628,126.39
21.349,1.3447,631,118.59
26.261,-1.1126,632,106.41
32.533,-0.85966,587,99.887
38.07,-0.26164,539,94.214
41.845,4.4941,508,85.952
48.046,8.3076,449,83.637
50.555,13.308,383,76.127
55.863,18.332,365,74.241
57.439,22.944,414,80.328
60.637,27.517,424,80.791
61.434,32.541,427,87.077
59.975,35.481,432,89.434
58.39,37.822,455,94.595
55.594,38.426,438,100.69
52.16,39.353,474,106.7
44.751,42.446,464,111.19
41.307,39.656,517,103.2
39.862,37.549,536,112.8
43.321,34.306,548,102.69
45.477,31.171,535,104.77
46.805,29.727,510,102.92
44.951,29.96,452,86.539
43.976,31.001,403,80.288
38.132,29.596,335,69.122
34.558,31.469,406,97.646
25.487,35.284,409,93.106
22.245,37.998,470,99.102
21.635,38.967,480,99.35
21.941,36.954,469,97.688
24.24,37.95,475,95.14
26.778,40.19,457,89.128
26.7,51.729,524,96.646
29.578,62.234,566,101.61
32.929,71.308,558,99.565
39.072,78.203,578,106.79
45.889,84.112,566,99.995
46.663,90.591,556,106.61
43.117,97.063,565,99.631
40.522,104.21,566,98.06
34.309,107.86,561,99.631
26.159,112.01,586,103.18
17.979,116.83,584,100.94
11.915,119.85,568,101.62
8.1032,124.27,573,109.76
6.2481,131.92,555,104.39
5.0408,138.03,565,114.85
4.3859,149.35,565,161.59
6.9461,156.83,573,123.12
0.1998,154.39,537,99.102
0.2577,153.64,520,96.488
-1.8033,147.18,467,83.959
-5.2497,147.51,484,82.396
2.3594,147.51,485,82.322
1.7229,148.5,493,86.134
4.573,145.82,438,76.59
2.6866,144.87,433,75.309
0.59268,147.7,465,79.402
-0.9033,150.96,501,90.087
-5.9741,160.49,469,88.996
-9.6749,170.86,504,95.868
-12.146,184.08,506,96.306
-14.015,194.12,493,98.589
-13.333,203.82,485,92.684
-8.7249,208.35,484,89.889
-7.0805,210.99,502,96.208
-0.69435,218.81,497,87.755
-0.18652,223.21,492,91.774
0.10569,231.42,484,90.947
-5.3296,238.12,489,94.09
-13.005,242.14,503,93.437
-19.824,245.01,504,95.628
-25.551,244.49,500,97.597
-32.128,243.73,479,100.01
-37.617,238.76,476,94.189
-42.633,228.43,461,96.422
-42.184,219.29,452,93.437
-47.951,226.15,444,84.455
-46.491,226.85,454,91.187
-55.436,233.25,433,87.665
-57.45,238.64,441,85.332
-63.176,247.47,419,85.878
-65.489,253.39,436,94.297
-66.877,266.06,442,94.223
-68.645,275.14,435,92.833
-73.504,282.51,382,102.28
-79.76,290.66,333,159.71
-84.568,299.52,272,129.6
-91.348,308.3,284,103.42
-96.355,318.51,202,137.06
-100.83,325.07,135,116.11
-104.71,331.32,390,86.912
-108.99,336.94,390,77.508
-113.24,342.47,405,78.658
-117.49,347.16,353,75.937
-122.04,348.88,347,78.956
-123.89,350.58,311,72.381
-122.19,350.07,295,79.039
-121.6,349.8,299,72.827
-121.97,350.19,290,65.07
-121.76,350.49,279,61.977
-121.75,350.13,291,64.888
-121.92,350.19,300,64.243
-121.73,350.38,311,64.64
-121.89,349.55,331,78.146
-122.43,348.64,332,78.592
-123.88,349.96,320,106.6
-124.39,351.01,284,89.195
-123.19,352.15,233,99.772
-125.4,351.38,224,130.05
-127.21,350.16,239,100.23
-129.64,350.09,268,107.62
-130.16,351.4,275,98.623
-131.27,351.22,279,106.64
-129.55,353.29,281,92.404
-131.12,352.65,262,84.795
-130.14,353.22,239,74.573
-129.46,353.52,222,63.854
-128.61,353.64,208,58.744
-128.04,353.8,212,59.008
-127.84,353.99,213,61.638
-127.48,354.69,222,62.862
-126.78,355.32,227,63.308
-126.7,356.42,233,68.122
-127.12,357.1,235,78.038
-124.71,356.79,229,71.463
-123.3,356.12,231,75.706
-124.72,354.74,222,84.985
-127.54,353.64,240,81.776
-129.45,354.85,236,75.334
-127.86,356.53,229,69.205
-125.87,355.47,245,72.141
-126,355.78,207,62.258
-125.37,355.62,197,61.919
-124.44,355.41,183,58.363
-123.9,355.39,184,56.858
-123.61,355.54,180,59.008
-122.94,355.85,198,58.528
-121.38,355.86,208,55.857
-119.82,355.77,216,59.786
-118.64,356.76,239,61.109
-117.71,355.82,251,71.389
-117.53,354.75,277,74.746
-119.47,353.62,257,80.668
-121.5,352.91,245,70.975
-123.59,354.22,225,70.082
-123.57,354.69,182,52.003
-120.71,355.18,214,60.67
-118.94,355.2,232,63.3
-115.7,354.23,246,73.398
-115.53,355.69,265,66.162
-115.56,358.11,236,79.262
-115.7,358.4,191,68.585
-118.41,358.94,159,64.93
-119.88,359.56,117,54.534
-120.17,358.32,106,48.604
-123.12,358.95,207,75.532
-129.58,355.49,298,121.42
-135.28,350.7,420,100.51
-136.84,347.8,493,107.05
-136.83,343.39,565,129.75
-141,337.12,531,114.67
-141.02,331.51,586,117.62
-140.25,325.43,576,122.42
-138.97,321.08,592,108.2
-137.59,318.86,577,107.93
-133.45,319.77,515,108.91
-132.05,318.25,431,99.151
-132.19,317.38,371,92.014
-132.4,317.18,319,87.242
-132.58,316.45,313,84.728
-132.65,316.33,305,81.081
-132.87,316.16,312,78.087
-133.01,315.6,312,75.78
-133.46,314.77,306,75.656
-134.5,314.22,298,66.683
-136.06,313.88,309,70.545
-137.21,314.64,329,72.786
-140.23,315.49,375,81.131
-141.3,314.37,374,77.873
-140.27,312.72,376,89.145
-140.04,310.02,362,84.893
-139.1,306.32,344,82.826
-137.99,302.92,328,79.303
-135.09,300.54,354,88.747
-134.18,298.95,382,91.675
-133.79,296.67,414,90.981
-132.86,293.17,454,94.248
-129.24,290.28,449,89.525
-124.8,288.84,482,91.915
-119.41,287.87,509,97.679
-114.62,285.38,535,98.134
-111.35,282.79,599,111.28
-105.02,281.25,646,109.42
-98.846,283.59,618,105.7
-94.618,290.55,615,108.39
-93.616,299.2,617,112.86
-93.918,308.84,609,109.02
-94.996,317.23,599,113.46
-97.666,326.64,608,110.77
-101.27,330.4,596,112.02
-105.2,332.31,568,101.62
-106.01,325.75,570,116.98
-110.2,321.62,535,107.08
-112.8,314.23,512,99.176
-115.98,315.2,493,87.821
-115.94,316.51,450,82.793
-113.3,319.4,444,82.685
-112.86,319.56,476,102.1
-112.63,312.35,429,90.774
-115.1,307.77,421,89.335
-116.92,304.31,393,79.022
-120.67,301.69,376,78.079
-124.15,301.09,313,69.552
-129.58,300.18,264,59.099
-127.9,299.53,284,59.182
-132.42,294.59,303,63.987
-136.69,293.76,342,66.104
-142.07,295.55,374,78.344
-148.47,299.01,403,81.098
-154.03,302.03,461,88.028
-161.13,305.59,498,86.713
-168.61,308.17,504,87.077
-176.09,311.86,514,91.849
-183.1,313.47,515,95.339
-190.82,315.26,495,96.662
-198.81,318.21,478,99.342
-203.91,322.8,448,104.71
-207.19,323.74,428,97.167
-207.24,324.29,353,74.994
-207.75,324.46,253,59.951
-208.92,323.81,250,60.323
-209.17,324.05,236,60.249
-209.11,324.34,236,61.274
-208.7,324.87,248,62.961
-208.3,325.93,256,62.564
-208.02,327.08,265,65.864
-208.84,327.82,284,66.435
-208.87,329.21,302,67.634
-210.08,328.91,315,72.05
-209.99,329.3,303,71.488
-208.16,329.45,317,84.596
-207.88,328.24,347,75.292
-209.69,327.27,361,75.408
-209.58,326.94,348,81.065
-208.68,327.95,311,69.693
-208.64,328.37,297,65.839
-208.54,328.63,290,63.143
-208.26,328.85,310,66.881
-208.01,329.4,319,68.213
-207.46,330.28,323,69.71
-206.44,330.73,319,74.837
-206.45,330.18,330,68.27
-204.79,329.78,333,73.117
-204.53,329.35,318,77.112
-206.38,327.57,308,75.59
-207.98,325.55,341,83.753
-208.93,323.85,358,81.395
-211.38,323.82,326,78.865
-211.32,325.28,321,70.76
-210.96,325.75,264,64.127
-210.71,325.57,272,63.366
-210.8,325.68,270,61.869
-210.82,325.65,278,64.226
-210.37,325.63,280,64.979
-209.28,326.6,286,67.708
-207.72,326.25,302,72.935
-205.86,325.3,304,73.696
-204.72,325.54,318,79.874
-204.95,324.04,332,71.662
-206.81,322.73,361,76.987
-209.02,322.26,388,76.417
-209.29,321.72,368,74.721
-211.55,322.44,310,72.017
-210.82,323.39,305,70.429
-209.66,323.1,270,63.598
-208.04,321.86,240,69.511
-208.47,323.98,252,77.021
-212.47,325.62,258,88.599
-215.55,325.18,163,60.215
-218.27,327.09,100,37.092
-223.29,325.13,205,91.138
-227.36,320.07,247,98.738
-234.07,316.34,238,91.51
-238.8,311.56,247,87.599
-242.32,307.3,252,76.152
-245.06,304.83,260,84.687
-249.52,301.61,270,77.178
-254.99,299.16,266,72.778
-258.67,298.52,226,74.076
-263.74,299.41,170,54.401
-268.2,299.54,102,43.551
-268.2,299.54,102,43.551
