0,-0,268,148.98
-0.83243,3.5157,133,160.64
0.77635,-1.8917,644,119.61
1.3119,-2.1655,615,124.04
1.1368,-2.4819,606,124.16
1.2581,-3.5732,595,133.17
1.4265,-2.6128,594,123.68
1.4549,-3.2934,578,124.24
2.0863,-3.1463,546,125.26
2.1397,-4.1107,562,122.28
1.4691,-5.4712,589,112.4
0.36459,-4.1333,632,107.55
-2.4059,-1.5474,624,117.79
-5.8178,-1.2094,623,103.44
-6.4021,3.6188,623,99.929
-2.7557,3.5831,601,112.32
0.9015,-2.6839,617,103.21
-1.8646,-6.8177,608,103.54
-6.087,-12.035,614,99.789
-12.511,-11.002,634,109.15
-19.014,-7.1061,640,113.9
-24.094,-6.5534,648,106.22
-27.842,-12.199,636,108.74
-32,-9.4636,622,97.679
-39.379,-5.2096,598,95.637
-47.728,1.5354,594,94.033
-52.477,8.048,583,93.817
-52.625,13.192,573,104.54
-41.081,16.174,565,95.546
-30.919,19.58,547,93.503
-19.733,22.504,549,90.187
-11.304,21.47,542,95.637
-3.8728,11.989,538,93.04
-0.5037,0.90129,543,89.169
-2.3841,-11.039,553,91.924
-7.4935,-17.316,565,98.466
-14.564,-22.519,542,100.02
-20.424,-19.405,539,99.747
-20.649,-16.571,491,86.176
-21.7,-18.705,436,84.935
-24.187,-19.368,443,83.463
-25.293,-18.38,449,81.313
-25.204,-18.682,456,84.1
-25.269,-18.87,459,86.283
-25.435,-18.492,451,85.423
-25.567,-19.261,445,92.478
-25.322,-19.124,447,91.518
-25.368,-18.782,451,93.396
-25.62,-19.131,447,97.994
-25.177,-18.223,452,95.001
-25.672,-20.018,469,87.383
-27.027,-20.237,496,96.009
-27.987,-22.707,552,106.41
-28.745,-25.671,542,114.39
-26.853,-29.626,529,104.34
-27.37,-32.61,546,101.29
-24.933,-27.44,564,98.25
-22.082,-28.242,519,88.169
-21.922,-26.147,506,86.184
-21.52,-26.529,494,88.393
-21.377,-26.905,497,90.592
-20.957,-27.215,495,88.351
-20.853,-26.801,499,88.657
-20.613,-26.83,477,88.326
-20.81,-27.978,481,90.492
-20.462,-26.636,471,98.118
-19.447,-26.838,485,94.173
-18.646,-26.236,487,111.71
-16.922,-26.591,483,107.95
-14.878,-26.418,476,110.68
-13.979,-25.377,495,91.742
-14.495,-23.045,510,90.096
-17.564,-21.923,528,94.165
-21.955,-22.755,520,89.558
-19.099,-18.173,530,91.915
-13.872,-20.015,533,98.863
-7.6619,-18.992,574,95.927
-3.0577,-22.828,577,96.075
-0.60102,-25.676,569,103.68
-3.7654,-19.638,594,99.698
0.88443,-15.942,591,102.48
5.4652,-10.623,598,102.41
8.7753,-12.067,583,98.267
13.78,-7.1676,599,95.322
9.0062,-1.2273,615,96.861
11.494,-1.392,614,104.25
19.448,-0.93944,608,99.408
24.686,-2.9946,581,99.209
26.586,-15.2,570,90.567
33.128,-23.248,587,93.172
33.566,-26.185,597,100.85
31.094,-33.945,575,89.426
39.192,-33.674,578,94.024
40.94,-41.655,553,89.649
42.238,-50.516,597,96.588
38.485,-62.907,566,93.098
40.566,-64.794,580,91.742
30.488,-64.957,542,90.542
30.958,-71.476,538,88.706
44.338,-69.83,544,87.267
46.252,-77.175,515,84.356
45.395,-88.315,527,87.838
44.818,-99.601,497,87.193
44.854,-110.22,499,83.529
49.233,-119.21,491,84.224
48.9,-124.99,486,82.719
51.558,-129.26,457,81.776
52.973,-129.86,443,76.888
57.246,-128.82,450,77.012
57.016,-127.27,494,79.931
56.836,-127.23,526,84.265
57.228,-127.56,519,85.233
57.688,-127.47,511,89.674
57.506,-127.81,494,90.319
57.684,-128.06,490,84.886
57.368,-128.21,484,91.03
57.91,-126.68,482,90.286
57.613,-126.71,485,87.772
57.63,-127.54,489,86.192
57.683,-128.55,510,98.548
56.088,-129.39,587,102.86
54.457,-126.01,606,101.19
53.012,-127.51,573,104.17
58.81,-130.84,566,95.48
55.597,-125,580,107.44
54.197,-119.82,624,100.05
59.014,-114.75,600,98.846
63.05,-110.93,614,101.09
73.269,-106,606,103.48
82.699,-103.61,600,102.67
87.47,-103.84,587,93.66
98.71,-104.46,579,91.535
109.5,-106.89,596,92.751
120.44,-108.86,587,97.588
129.34,-108.34,564,93.47
137.01,-112.66,563,98.358
141.03,-112.17,544,93.421
142.49,-107.21,541,90.402
154.27,-109.39,534,86.738
167.58,-113.26,546,91.609
174.71,-125.34,536,88.269
176.51,-130.02,520,86.787
167.08,-124.29,538,89.203
155.45,-121.69,545,90.774
152.08,-107.42,560,90.964
150.32,-92.395,544,89.021
152.84,-87.088,533,87.499
156.38,-82.658,489,81.685
161.61,-79.232,451,79.766
167.75,-78.39,476,82.983
168.63,-72.686,508,84.29
173.18,-76.31,509,84.943
183.59,-82.429,518,86.573
192.62,-89.267,508,84.497
197.45,-98.274,505,82.33
198.99,-105.69,493,83.083
190.27,-97.616,496,85.58
184.62,-85.834,529,91.237
189.46,-81.004,550,91.882
201.01,-79.165,546,91.03
208.1,-75.21,557,100.49
219.89,-79.312,536,86.176
223.36,-74.382,560,91.444
231.03,-72.62,565,88.251
232.92,-65.602,558,89.335
241.58,-75.466,555,92.552
242.57,-84.471,548,90.774
241.43,-93.857,572,96.241
231.12,-89.502,558,95.778
219.92,-82.567,563,90.782
217.97,-72.611,573,100.19
232.1,-69.147,557,96.506
244.7,-71.095,540,89.277
252.07,-79.134,537,91.502
256.78,-88.157,521,84.563
257.39,-96.217,519,90.675
258.66,-103.41,527,88.475
253.47,-106.64,537,89.459
251.86,-105.48,572,91.973
252.02,-103.9,640,104.28
252.11,-105.78,675,116.83
252.72,-104.75,663,124.99
252.93,-104.68,669,123.69
252.78,-104.47,666,125.65
253.2,-104.94,669,121.91
252.96,-105.08,664,119.26
252.28,-105.31,633,126.69
252.83,-105.46,649,117.13
253.94,-105.67,636,117.41
253.05,-105.73,663,118.22
250.42,-103.39,651,114.05
250.09,-103.01,645,107.8
254.84,-105.35,653,103.21
257.71,-109.45,643,102.75
261.33,-110.42,624,102.47
255.83,-110.79,618,95.331
259.41,-115.16,602,101.86
259.16,-112.26,598,102.57
256.82,-118,601,100.46
263.89,-120.42,584,94.355
265.23,-124.74,569,92.941
257.48,-124.62,565,92.949
255.22,-125.38,578,91.684
252,-119.86,575,100.23
251.74,-114.8,560,97.316
250.63,-111.4,515,85.125
247.88,-110.71,519,87.027
246.9,-111.23,519,82.355
248.61,-109.31,526,88.963
258.43,-113.36,575,94.066
266.95,-122.58,547,90.675
266.74,-128.15,523,87.937
267.58,-128.83,528,88.772
264.53,-125.62,541,90.038
255.85,-123.69,544,87.689
264.06,-115.66,572,94.802
263.12,-108.37,594,105.48
260.06,-107,605,103.53
272.22,-116.58,587,94.248
274.38,-130.07,584,93.387
281.29,-137.85,584,91.89
287.32,-147.48,572,91.783
293.28,-158.52,569,92.916
295.86,-169.83,563,91.709
296.74,-175.56,568,99.011
303.01,-177.33,535,93.346
295.1,-189.8,537,87.019
289.7,-201.65,557,94.793
288.2,-212.83,563,99.755
279.03,-203.51,533,99.532
268.77,-193.49,544,91.609
275.52,-181.96,549,88.202
289.86,-175.91,566,88.971
305.3,-168.08,583,96.307
306.9,-161.67,587,99.772
318.7,-158.51,565,92.337
324.56,-151.8,564,88.805
336.3,-150.22,561,93.71
345,-161.06,557,97.084
344.65,-174.31,553,93.197
343.24,-177.65,543,91.527
349.24,-186.16,563,94.297
356.39,-182.61,570,90.517
362.63,-170.85,556,93.106
353.3,-160.81,557,91.386
342.06,-150.76,560,90.087
331.83,-143.06,552,97.167
330.25,-133.24,532,90.493
336.32,-132.29,533,84.662
341.06,-129.51,517,87.127
344.23,-131.75,583,90.592
344.63,-134.19,622,98.259
344.49,-136.52,703,103.63
343.97,-134.86,690,115.24
343.72,-134.74,696,112.62
343.9,-133.45,661,113.73
343.53,-134.72,676,115.13
343.61,-133.81,669,111.32
343.88,-135.09,645,131.58
343.8,-135.5,665,115.63
343.22,-134.75,686,115.89
341.24,-132.26,689,116.2
338.13,-133.57,666,105.45
335.03,-131.02,654,99.127
334.08,-133.55,625,107.28
341.46,-131.15,615,96.687
346.91,-126.38,607,101.3
351.14,-128.74,591,97.431
353.28,-133.67,583,93.569
355.93,-141.09,579,104.15
352.47,-146.35,588,100.62
350.97,-145.74,563,95.074
348.9,-137.44,575,95.728
348.81,-133.48,569,91.394
352.98,-129.08,547,88.781
357.57,-130.61,524,81.544
365.98,-130.99,546,87.3
375.31,-132.14,531,96.497
383.53,-135.3,532,86.929
388.63,-142.45,527,87.019
394.58,-147.4,540,86.06
395.32,-150.31,538,90.559
395.66,-149.02,524,86.383
400.03,-144.95,527,89.434
408.66,-142.26,545,90.079
401.53,-146.84,565,95.844
408.1,-155.32,568,87.664
414.02,-168.8,559,93.461
417.86,-179.42,593,97.944
420.61,-181.69,567,97.142
420.09,-186.78,545,90.278
428.32,-173.09,548,90.658
430.31,-160.8,560,93.263
425.45,-147.51,579,92.61
419.77,-140.9,561,87.292
417.16,-135,569,92.61
428.66,-147.5,574,97.473
435.69,-160.86,571,92.047
443.59,-172.99,558,91.501
440.86,-185.87,586,101.95
441.26,-189.45,563,105.84
456.09,-191.53,545,93.081
458.75,-192.97,523,89.848
452.39,-205,521,93.611
438.89,-210.49,525,87.929
424.7,-214.81,537,92.552
417.65,-222.15,522,85.341
412.47,-224.85,524,86.266
412.24,-224.37,533,87.863
407.27,-226.37,492,83.207
411.47,-215.69,494,85.167
413.06,-214.39,551,101.85
412.29,-213.48,619,105.28
412.03,-213.79,646,126.96
412.16,-214.51,667,142.34
412.29,-213.88,669,122.79
412.33,-214.23,671,124.33
412.27,-213.35,649,130.79
411.77,-213.19,646,117.37
412.19,-214.58,657,131.65
413.23,-215.06,648,147.26
411.24,-214.16,640,144.21
409.99,-216.5,642,136.72
410.93,-221.05,640,109.99
410.82,-226.38,649,105.77
415.42,-228.54,624,94.495
418.4,-228.49,621,94.512
415.82,-223.28,624,104.83
422.29,-218.35,619,104.22
429.81,-214.7,595,97.804
436.98,-217.47,610,103.61
443.94,-214.22,597,97.696
447.13,-214.57,589,101.35
448.56,-217.65,572,104.62
448.19,-222.45,568,103.02
452.42,-220.23,594,102.85
455.86,-219.06,613,99.681
455.81,-220.3,656,106.16
456.4,-220.62,651,120.12
456.36,-219.08,636,116.33
455.94,-219.72,652,113.66
456.04,-219.92,643,106.63
455.93,-220.06,647,116.35
456.37,-220.71,623,122.92
456.48,-220.44,622,123.65
455.66,-219.93,638,111.95
455.48,-219.95,628,125.37
456.89,-219.81,633,123.28
460.46,-216.36,638,115.44
460.07,-211.89,655,107.41
457.37,-214.05,627,112.72
461.17,-216.17,600,98.267
462.92,-210.17,592,93.354
466.25,-211.42,595,94.371
469.69,-215.83,550,93.569
468.82,-219.42,554,87.755
469.19,-222.52,531,88.227
469.47,-225.37,513,82.975
469.15,-226.62,469,78.922
468.91,-225.21,458,80.097
472.79,-222.27,397,75.019
472.07,-223.63,392,76.061
470.46,-221.95,344,66.6
471.85,-220.59,311,67.262
472.66,-220.27,320,69.511
473.08,-219.51,357,76.45
474.61,-215.86,435,81.677
474,-213.19,443,82.148
477.41,-212,515,90.493
485.42,-211.97,522,88.368
495.37,-210.81,529,88.086
506.28,-215.32,498,85.903
515.97,-217.93,493,85.498
525.71,-218.34,472,84.588
535.93,-220.04,475,86.598
544.14,-217.64,479,83.736
553.07,-220.64,466,82.421
553.31,-228.07,446,77.533
555.1,-229.35,469,79.749
553.67,-224.7,483,84.323
554.7,-219.07,481,81.842
552.01,-219.86,508,85.431
555.51,-224.55,491,85.514
551.55,-219.34,534,91.626
549.26,-215.8,542,90.302
552.26,-210.53,516,83.827
560.31,-205.08,462,82.851
564.21,-197.25,288,71.09
558.04,-197.26,462,81.751
555.24,-196.54,520,85.15
549.25,-187.58,503,83.091
552.52,-188.99,516,84.612
559.55,-186.6,435,78.724
566.54,-189.36,133,53.136
574.13,-192.43,472,79.138
571.97,-192.92,465,83.347
561.29,-199.3,490,85.216
548.23,-204.14,497,85.432
537.23,-192.11,509,83
532.78,-192.47,520,84.381
521.52,-194.66,505,83.281
509.46,-195.31,512,87.301
503.11,-187.23,502,89.732
502.77,-175.35,483,85.861
505.21,-162.95,462,78.972
509.34,-153.82,451,77.624
513.57,-150.39,471,81.495
515.64,-155.32,533,85.15
514.24,-158.08,589,92.85
513.75,-158.75,598,104.48
513.3,-157.45,597,105.09
513.14,-158.81,582,107.28
513.08,-157.68,575,110.14
513.09,-158.7,576,103.71
512.97,-156.95,583,101.07
513.15,-157.36,573,106.51
512.74,-156.56,583,104.55
512.02,-155.95,583,114.25
511.46,-153.36,608,98.647
514.74,-153.62,608,101.2
518.42,-156.84,607,96.133
519.92,-154.52,611,96.538
513.51,-156.4,585,100.89
512.5,-161.68,591,99.888
512.89,-158.37,590,97.597
507.41,-152.07,586,94.603
507.63,-157.01,574,92.941
508.7,-152.99,577,97.787
512.2,-151.31,559,96.29
514.86,-147.95,538,89.343
515.65,-150.99,545,85.721
515.56,-152.86,535,91.129
516.96,-152.96,549,87.499
518.14,-153.04,540,89.169
515.57,-150.73,579,92.453
511.78,-141.94,587,98.242
511.61,-133.57,570,93.379
520.08,-131.36,562,96.985
525.7,-126.17,578,93.404
533.57,-121.54,569,88.045
542.7,-120.62,552,97.523
543.71,-121.16,539,89.451
546.03,-117.03,520,91.651
547.23,-115.71,488,81.139
547.71,-110.76,488,84.514
560.06,-112.39,522,96.166
571.51,-111.66,534,92.428
582.32,-108.98,523,88.102
592.19,-109.36,518,95.918
599.65,-111.31,504,91.444
602.87,-109.86,500,94.975
612.89,-117.98,481,87.97
621.87,-125.45,486,84.406
620.38,-123.47,471,88.55
623.57,-124.03,445,81.569
632.95,-122.77,427,76.334
644.18,-124.05,438,78.203
653.7,-117.82,450,81.231
665.85,-111.35,451,80.089
670.86,-98.827,438,81.131
682.37,-93.352,438,79.535
687.75,-103.47,397,77.36
687.23,-111.39,394,74.647
679.73,-115.78,392,72.985
675.97,-115.73,419,78.765
675.65,-116.2,426,96.886
674.78,-115.3,445,92.552
675.58,-116.51,443,87.292
675.58,-115.59,430,86.076
675.55,-115.89,431,86.854
675.58,-115.82,425,83.347
675.83,-114.74,423,93.115
676.08,-112.9,414,100.92
677.95,-113.71,384,109.99
679.88,-114.03,406,101.77
682.25,-109.3,345,110.08
685.26,-105.14,399,106.7
689.81,-101.82,393,94.811
692.55,-97.107,393,87.119
688.3,-100.44,407,83.48
683.94,-107,414,90.03
685.43,-105.81,396,76.442
690.83,-105.57,421,81.693
692.38,-107.42,418,92.858
692.2,-107.48,418,87.565
691.98,-107.78,433,86.358
691.22,-108.84,403,89.31
690.33,-109.36,400,85.829
689.32,-108.8,370,83.364
687.78,-108.96,347,89.112
687.96,-110.8,370,90.12
686.66,-112.15,360,98.747
683.9,-110.05,386,100.71
683.06,-106.65,393,99.648
683.49,-101.25,406,96.563
681.21,-104.69,437,92.726
681.96,-111.82,432,85.216
686.23,-114.98,426,87.656
683.44,-114.32,421,82.926
685.91,-113.87,417,83.529
688.92,-113.85,394,80.511
688.26,-116.65,399,82.273
688.63,-117.69,424,83.29
686.03,-118.08,432,81.222
685.96,-116.81,429,81.106
686.61,-118.62,434,94.099
684.74,-119.86,442,85.829
684.44,-118.01,446,84.968
686.73,-115.02,428,87.615
686.63,-114.37,423,86.912
684.83,-113.71,437,96.241
679.92,-113.55,441,95.125
680.27,-115.66,439,106.69
682.83,-112.02,450,99.772
682.54,-111.99,450,95.182
681.86,-110.48,463,88.425
672.36,-103.33,489,92.089
671.32,-103.8,494,91.577
673.14,-96.605,483,91.874
678.07,-91.921,478,85.498
678.65,-94.342,480,93.032
678.91,-87.83,473,84.753
683.59,-87.41,452,87.689
686.8,-87.977,482,84.108
686.27,-85.198,472,88.707
687.43,-84.321,458,83.869
682.33,-87.606,436,79.981
677.43,-84.353,477,86.068
676.25,-90.173,471,82.909
684.14,-78.28,449,81.52
693.62,-72.102,428,79.799
703.9,-66.867,433,88.74
714.56,-65.021,374,84.034
726.33,-69.091,338,86.234
735.44,-71.079,320,79.725
743.35,-67.767,262,80.486
750.34,-57.958,256,97.102
756.73,-50.565,149,83.571
756.78,-63.131,192,87.98
749.08,-69.316,216,68.304
745.01,-65.701,158,47.521
747.59,-66.291,107,41.128
743.27,-68.417,106,39.796
740.52,-67.257,109,44.196
742.82,-65.776,118,47.082
741.22,-64.047,195,60.761
743.82,-65.335,221,67.543
744.69,-66.013,238,80.941
747.99,-61.653,209,69.983
752.1,-56.557,176,62.333
758.21,-55.189,132,50.771
756.43,-53.28,129,45.453
761.04,-52.301,104,40.582
763.54,-46.492,57,32.411
759.27,-46.043,67,32.221
760.93,-41.844,86,36.612
760.97,-42.771,99,45.445
757.98,-47.388,84,38.862
755.29,-55.027,93,39.424
759.96,-51.894,67,34.578
759.88,-53.227,74,32.849
764.13,-51.462,69,34.371
765.2,-50.668,76,44.213
765.72,-51.158,195,60.579
764.5,-53.95,207,60.298
762.8,-56.376,237,64.177
758.89,-59.174,263,66.253
753.78,-67.92,283,61.704
744.89,-70.429,328,70.264
741.25,-68.206,337,77.252
747.14,-58.815,403,72.207
751.54,-50.959,442,79.981
747.53,-54.217,467,80.527
755.04,-57.058,467,80.808
748.27,-49.415,468,81.875
748.92,-57.583,457,79.27
747.81,-51.315,470,80.668
738.65,-46.419,475,79.99
732.73,-43.101,493,86.176
734.01,-45.728,465,76.326
744.2,-37.367,446,80.279
751.33,-38.788,434,74.101
757.58,-47.119,451,81.387
747.97,-37.292,461,81.793
741.88,-26.462,468,84.017
744.55,-17.79,461,86.589
754.74,-17.623,444,85.539
753.85,-10.201,451,84.224
746.9,-13.682,467,96.356
737.53,-17.024,472,84.232
735.93,-7.8993,463,79.038
746.65,-6.2692,441,77.939
754.77,-3.5026,470,85.589
759.75,-10.249,455,85.167
763.33,-15.681,433,77.095
755.83,-15.85,433,77.161
745.55,-13.663,452,78.683
738.8,-2.3212,459,84.009
739.42,-13.924,457,81.222
749.16,-13.05,468,84.315
761.29,-7.2667,459,83.273
769.01,-8.6314,443,77.93
760.01,-3.8505,451,79.402
749.63,0.83014,440,77.343
758.26,4.7206,419,75.4
758.09,4.354,400,70.859
759.67,5.5356,420,73.993
758.87,6.6944,444,77.988
757.7,6.1485,500,82.098
758.07,6.5523,517,91.403
757.92,4.8661,532,89.98
757.74,4.2321,566,96.952
758.09,1.9738,538,111.61
756.68,0.65023,516,113.14
757.03,-0.21471,519,108.17
758.83,-2.1754,516,130.98
756.32,-2.502,540,119.46
755.32,-5.0376,536,103.25
759.14,-5.8359,576,96.29
764.22,-5.1345,543,99.301
764.56,-0.72215,551,85.828
763.09,4.2897,538,89.368
761.45,-3.9344,530,84.579
766.39,-4.7184,498,83.628
763.15,5.063,516,85.076
762.64,10.701,520,89.575
764.12,-1.2381,542,85.861
761.9,-3.2245,531,92.238
753.99,5.2336,516,83.802
755.88,13.122,532,91.8
767.55,11.582,545,89.988
770.27,16.361,531,98.779
773.24,25.769,517,93.172
776.32,34.668,502,93.139
776.83,45.826,494,90.104
774.91,55.507,495,88.053
773.15,65.364,487,86.25
775.12,72.055,488,93.255
778.81,73.586,478,85.853
784.82,63.347,457,78.641
786.74,56.226,454,82.926
787.83,54.138,445,81.147
782.13,61.325,467,81.271
788.53,70.923,419,80.726
788.44,78.493,432,83.744
777.05,82.088,447,81.024
786.23,80.049,437,82.727
798.08,77.13,396,82.338
807.79,73.119,362,78.641
815.1,66.737,362,81.387
816.13,58.639,352,82.727
811.69,50.192,358,75.218
814.34,48.291,350,69.875
813.74,48.011,370,73.928
812.9,49.374,361,89.931
812.87,50.014,364,102.46
812.87,51.529,365,86.565
812.8,52.185,373,89.732
812.32,51.631,361,94.356
811.62,52.732,316,119.68
810.37,55.518,273,125.76
811.04,58.45,270,110.09
812.51,58.855,223,125.16
815.25,56.466,547,90.666
816.68,59.758,556,89.79
813.79,61.824,562,90.658
808.94,62.824,576,97.903
808.43,57.749,583,103.13
813.94,56.223,557,92.652
812.64,62.914,555,88.673
807.45,70.704,548,88.301
806.08,66.964,535,88.797
811.98,58.282,542,87.383
810.66,50.37,552,90.956
809.11,51.4,548,88.806
806.37,60.477,552,89.36
801.6,56.613,567,89.434
811.4,54.966,549,86.44
816.01,62.066,563,88.557
815.03,64.294,577,92.362
820.61,61.737,559,87.631
825.76,55.776,532,90.237
820.98,51.207,519,100.97
829.24,55.948,493,93.652
836.28,53.102,470,92.263
840.04,48.225,466,90.84
839.37,56.218,452,78.947
842.97,54.041,449,89.765
844.1,41.125,441,83.653
849.79,40.117,399,83.48
855.28,37.948,367,96.018
865.96,41.831,335,82.074
873.1,44.481,280,74.209
877.75,51.065,207,86.772
879.88,51.966,177,75.582
879.11,46.587,212,76.351
885.68,39.802,154,89.385
891.36,39.705,308,68.75
894.92,34.296,293,75.805
890.42,31.127,299,63.945
890.55,31.433,300,72.977
890.86,30.102,282,81.429
891.05,31.669,296,70.926
890.69,31.901,286,69.015
890.67,32.033,296,74.945
891.07,32.866,285,88.806
891.3,34.507,271,83.563
892.32,33.138,238,90.336
894.14,33.617,208,105.88
895.98,33.582,161,95.183
898.01,29.654,138,94.844
899.75,31.595,384,95.472
897.68,28.673,405,88.484
894.35,25.597,412,88.723
899.96,27.397,384,78.526
898.11,32.427,395,84.795
892.22,30.682,449,87.896
900.51,29.593,392,82.049
904.7,31.737,369,94.438
898.69,28.245,412,90.898
901.02,25.86,397,86.639
900.92,28.444,363,104.48
898.83,29.794,440,93.587
906.13,26.119,369,92.213
902.33,25.272,395,90.237
903.92,20.218,387,97.142
899.78,20.927,415,97.506
898.09,30.42,439,92.189
904.19,31.315,378,107.65
892.07,30.398,454,86.846
903.25,38.484,383,94.736
891.74,35.19,450,84.034
881.18,37.877,488,94.446
880.1,44.465,477,85.588
880.51,42.468,476,82.214
883.27,41.008,479,81.503
888.5,53.038,458,79.254
884.93,56.956,460,81.42
889.68,68.654,425,80.85
887.28,71.464,416,77.542
890.4,69.209,411,85.63
885.34,67.25,436,77.55
888.17,76.874,436,75.011
893.18,72.987,409,79.552
888.91,76.056,426,81.231
884.77,74.212,425,79.155
883.64,73.031,427,77.947
883.83,72.152,444,79.064
886.68,74.075,443,78.493
884.15,74.556,456,79.692
878.88,83.171,448,76.905
889.27,83.234,413,74.176
885.44,79.989,438,78.865
882.39,66.763,445,81.296
874.34,76.952,451,77.161
881.64,84.115,437,75.945
891.42,80.722,400,81.677
892.91,78.047,389,73.605
887.48,74.828,434,78.683
882.19,69.747,452,79.328
874.18,74.928,453,78.956
875.24,85.571,467,79.303
879.8,86.048,443,79.08
883.39,82.585,454,81.032
873.31,82.019,464,78.418
875.04,90.699,450,76.243
881.65,85.686,445,82.032
883.62,77.653,451,79.138
872.73,76.627,465,77.848
872.6,82.826,461,77.69
875.35,85.78,452,76.979
877.71,88.633,446,76.508
874.23,78.297,439,81.173
871.45,81.936,410,72.869
868.96,82.038,423,71.934
867.99,81.239,440,74.225
868.6,80.814,483,82.934
868.6,81.164,523,88.235
868.92,80.158,517,87.284
869.38,79.345,518,97.324
870.08,79.038,517,91.047
870.38,79.159,518,95.116
871.29,77.976,537,102.6
870.84,79.05,506,113.58
870.79,78.535,503,121.61
873.64,77.826,526,109.71
875.55,74.283,510,104.96
878.47,75.861,507,108.78
878.98,80.089,507,112.52
882.7,84.565,461,97.746
887.8,80.892,456,96.241
889.69,83.217,445,93.322
882.97,85.591,465,89.368
880.92,80.826,467,90.774
887.92,75.786,442,85.051
887.55,75.71,430,86.763
880.17,73.113,458,88.335
874.53,76.193,487,82.256
879.59,79.321,480,86.531
881.51,81.305,482,86.027
876.92,77.373,502,92.635
873.37,80.682,505,91.072
876.06,80.927,501,86.721
880.96,83.178,495,91.047
876.48,80.755,528,98.333
874.19,84.055,519,89.038
876.79,85.571,474,83.289
878.37,81.338,429,80.362
879.7,83.964,434,74.573
879.36,84.564,451,80.949
879.3,85.078,471,81.495
878.91,85.006,472,96.762
878.12,85.474,444,135.61
877.48,85.376,434,127.16
875.74,82.61,374,151.41
874.07,81.094,337,104.4
873.86,82.557,405,134.4
873.24,81.185,427,117.03
871.89,80.577,448,123.8
871.38,82.967,487,110.47
872.2,86.363,497,101.11
874.89,88.273,496,92.379
877.5,89.564,497,82.355
876.28,91.135,491,82.719
879.09,83.4,483,81.569
880.38,79.019,472,89.442
874.23,80.697,476,80.924
869.33,87.329,487,84.869
866.29,91.12,511,87.598
869.66,95.056,484,84.406
872.34,96.051,500,86.556
874.18,96.229,500,86.846
877.68,92.089,507,89.732
878.25,89.488,490,93.131
878.46,91.541,486,87.656
874.42,87.842,517,90.295
872.53,85.486,524,93.197
869.7,83.19,508,94.595
868.76,85.317,535,93.098
868.73,88.5,534,85.034
866.19,97.753,516,85.895
871.1,99.25,510,91.444
876.24,97.138,494,94.43
879.29,89.002,475,87.648
868.59,90.341,490,86.829
868.65,96.384,498,86.854
871.52,95.353,502,85.241
876.14,87.357,493,86.2
868.71,99.846,493,83.662
864.43,95.747,513,93.172
875.04,82.458,482,87.317
873.66,80.213,488,100.07
866.81,78.986,498,85.944
869.59,77.866,491,98.2
864.38,83.205,508,86.597
867.95,99.334,478,85.117
868.08,102.57,481,86.457
879.72,99.619,425,79.237
886.12,98.805,407,79.898
888.87,96.842,413,86.375
888.14,95.484,402,74.771
887.64,97.7,395,78.03
887.73,87.337,325,64.342
891.31,84.587,354,68.088
899.16,73.518,341,79.899
900.41,75.415,339,96.423
910.37,69.094,259,103.34
920.09,62.802,140,99.119
931.07,66.676,311,70.272
937.81,70.289,165,98.466
948.81,67.51,329,77.252
953.02,71.111,285,71.389
947.94,59.906,336,80.395
948.16,55.498,324,70.983
945.88,60.037,316,63.325
943.34,61.683,341,72.514
945.33,59.851,345,73.812
945.01,60.257,371,80.751
945.18,59.862,380,76.342
945.13,60.292,365,85.167
945.12,59.334,375,81.751
945.3,59.462,371,91.163
946.05,60.622,360,89.269
947.39,61.228,321,109.46
949,58.604,220,137.44
949.06,57.048,267,123.48
946.28,56.387,333,100.25
942.22,57.656,406,91.742
938.56,62.972,432,93.404
936.09,67.696,439,87.499
939.09,71.802,412,90.328
946.66,72.463,342,94.182
953.32,71.504,223,102.39
956.89,77.082,468,91.899
958.18,80.078,446,85.705
965.84,82.088,389,78.683
970.81,81.449,328,95.67
974.44,75.366,300,81.685
972.44,67.826,321,95.182
969.67,59.441,378,87.715
971.71,50.169,379,86.11
966.53,44.465,423,91.626
969.43,33.635,422,85.184
968.73,22.82,410,85.473
968.73,22.82,410,85.473
