0,-0,173,46.528
-1.5416,-0.91391,169,46.371
-2.3021,-1.4042,177,48.976
-1.1535,-2.5657,185,51.333
-0.26012,-3.1503,173,46.437
-1.1037,-5.2749,169,46.528
-0.2847,-5.9814,170,48.331
0.15826,-6.2291,158,44.494
-0.946,-7.782,152,43.923
-1.6171,-8.9567,144,42.426
-2.5073,-9.3081,139,41.318
-2.1933,-8.4724,141,41.384
-2.5161,-8.1091,151,41.864
-2.7545,-8.3144,151,43.088
-2.6993,-8.4131,155,44.295
-2.694,-8.3616,156,43.435
-2.7625,-8.3219,153,42.98
-2.5677,-8.1835,157,43.253
-2.6541,-8.4131,155,42.79
-2.4771,-8.3621,159,43.534
-2.3671,-8.3285,170,45.957
-2.1898,-8.3714,189,49.067
-1.9671,-7.9111,210,51.689
-1.6749,-7.1114,203,50.688
-0.78328,-7.4972,191,48.05
-0.40257,-8.7589,183,49.547
-0.73446,-10.045,181,47.727
-2.0337,-10.104,180,46.875
-2.6873,-8.0783,178,47.38
-2.6299,-6.0677,194,50.547
-0.64064,-7.2599,212,55.592
-0.1716,-6.7736,220,57.436
-0.88507,-5.8783,222,62.283
1.2968,-4.9587,238,63.391
3.0466,-2.4555,220,59.165
2.2546,-2.3783,222,59.148
2.3131,-3.0855,222,56.725
0.25853,-4.2431,215,56.072
-1.3057,-6.7363,212,52.706
-3.0399,-10.084,214,55.27
-4.6158,-13.412,203,54.319
-6.1133,-14.699,199,51.209
-4.5935,-14.411,212,53.243
-3.3601,-12.815,215,53.484
-3.0099,-12.728,217,51.788
-5.0641,-14.018,203,51.995
-7.2242,-14.76,196,50.382
-9.0986,-14.565,203,50.2
-7.8091,-12.397,207,54.137
-9.5454,-9.7089,199,50.382
-8.1171,-5.8473,200,49.737
-5.4529,-4.7105,198,53.095
-4.4431,-4.8982,184,50.01
-4.3962,-3.8846,189,49.373
-4.1513,-2.9925,190,50.779
-3.9358,-2.7047,189,50.771
-3.9316,-2.6131,186,50.126
-3.7066,-2.6386,187,50.606
-3.6395,-2.7047,189,50.97
-3.5791,-2.67,191,51.896
-3.7427,-2.7033,193,52.268
-3.7685,-2.6878,203,53.004
-3.8983,-2.8605,224,54.699
-4.4189,-2.8728,241,56.113
-4.0955,-4.0468,232,54.79
-3.7192,-6.009,230,54.807
-4.9742,-7.4141,224,54.807
-6.1612,-7.9665,221,53.492
-5.1443,-7.4055,220,56.37
-2.9568,-6.0112,234,57.619
-2.045,-6.239,236,57.023
-4.1546,-8.2972,233,57.23
-4.9171,-10.512,240,59.099
-4.9953,-10.896,234,59.215
-4.0281,-10.116,236,58.222
-2.6891,-6.8873,236,55.22
-3.6489,-5.7577,243,57.023
-5.3816,-5.4495,241,55.46
-6.206,-4.8643,239,54.509
-4.8879,-1.5206,240,56.072
-1.7004,0.0187,234,57.139
1.7244,0.54889,235,60.158
3.6566,0.85735,233,58.9
5.5759,0.3671,228,57.139
5.3863,-3.6095,225,57.643
5.9919,-4.7206,234,63.788
7.0307,-3.9206,225,61.787
5.7057,-0.9691,220,57.023
4.3755,-1.5873,235,61.423
3.1157,-4.8097,232,58.181
3.3152,-7.8152,236,63.598
0.25312,-9.2628,233,62.258
-2.6888,-13.261,230,61.059
-4.5491,-14.756,217,57.122
-7.2793,-14.05,228,60.372
-8.5246,-11.67,219,57.875
-9.6387,-11.511,219,56.477
-9.6081,-13.405,224,57.469
-9.7554,-16.999,224,61.282
-10.895,-17.415,215,56.469
-12.346,-19.286,188,51.515
-13.654,-19.496,174,49.158
-13.361,-17.329,172,47.752
-13.736,-13.976,175,47.545
-11.917,-13.582,180,49.919
-8.8621,-11.954,203,55.998
-5.8946,-8.6166,218,60.968
-7.3286,-7.5502,221,58.892
-11.465,-6.1022,214,54.401
-13.333,-2.8439,219,58.338
-11.355,1.6784,213,59.471
-11.444,4.7523,215,55.319
-13.317,4.3974,209,54.6
-16.945,7.2941,204,52.714
-18.964,8.8409,206,53.938
-18.348,12.05,206,53.657
-18.852,13.358,196,52.896
-17.227,15.15,175,47.454
-17.514,14.107,184,50.126
-17.396,13.257,191,52.359
-17.372,13.229,198,51.615
-17.416,13.244,206,52.078
-17.459,13.059,206,53.277
-17.394,12.845,207,53.492
-17.552,12.972,206,54.41
-17.588,12.92,208,54.021
-17.711,12.93,211,54.691
-17.737,12.451,223,56.279
-17.503,12.399,225,55.096
-17.322,12.68,224,54.443
-17.557,14.406,232,54.873
-18.054,15.868,235,57.139
-19.576,14.608,227,54.716
-21.087,13.576,218,54.038
-19.959,12.719,217,53.219
-17.764,15.431,204,51.507
-18.232,13.597,189,49.208
-18.787,12.724,188,48.34
-19.592,12.863,200,50.217
-19.891,12.574,205,50.308
-19.962,12.484,210,50.382
-19.986,12.168,218,51.052
-20.028,12.189,217,51.234
-20.041,12.015,224,52.334
-20.224,11.78,227,52.83
-20.448,11.291,236,54.029
-20.383,10.258,248,56.179
-19.842,10.322,237,54.947
-19.73,11.96,233,54.401
-19.463,14.177,225,56.196
-18.921,16.336,224,53.905
-18.546,17.726,221,54.021
-18.956,15.39,225,54.236
-18.391,12.639,225,54.691
-16.906,10.694,234,54.6
-15.717,12.326,227,53.384
-17.992,15.267,240,59.587
-20.567,16.76,237,58.636
-22.25,17.829,227,55.253
-22.581,19.78,227,54.112
-23.718,23.171,215,51.333
-25.6,25.617,221,53.004
-28.913,27.017,220,53.566
-31.531,28.575,211,53.202
-35.472,28.301,215,54.021
-37.376,29.744,214,52.549
-39.105,30.603,206,51.325
-40.189,30.701,205,52.069
-42.282,32.732,193,49.158
-44.946,31.729,190,47.934
-44.642,31.509,173,46.346
-44.627,30.233,150,42.12
-43.104,29.857,135,39.705
-40.068,29.567,154,42.699
-36.179,31.925,173,47.537
-35.133,33.511,158,42.972
-34.691,35.658,153,41.566
-33.315,36.572,172,44.684
-31.216,36.403,172,45.676
-31.209,38.024,158,42.575
-29.072,37.948,161,42.922
-30.191,32.745,182,47.471
-33.62,27.835,198,50.291
-40.592,27.26,218,53.492
-46.397,28.843,217,54.054
-50.534,28.21,216,52.921
-54.751,27.603,216,54.534
-57.611,29.016,211,53.93
-59.98,31.209,203,53.409
-59.984,34.174,205,54.137
-61.985,35.569,204,52.648
-63.953,37.489,186,49.183
-64.887,38.692,201,52.044
-65.076,36.439,196,51.259
-63.377,35.653,198,51.151
-65.321,34.52,205,54.137
-67.934,31.356,210,56.585
-70.862,27.685,208,52.044
-71.921,25.608,203,51.788
-72.147,23.685,193,50.076
-71.744,22.104,179,46.942
-71.043,20.857,176,48.158
-70.569,22.817,171,50.87
-71.873,25.836,166,48.207
-76.5,26.537,158,45.213
-80.626,27.582,162,43.642
-82.71,26.04,166,45.147
-83.667,25.528,165,46.454
-86.023,26.056,167,47.124
-85.654,26.187,169,46.735
-84.035,25.588,203,52.16
-83.976,25.466,212,53.277
-84.014,25.411,218,55.063
-84.025,25.469,222,55.154
-84.025,25.469,222,55.154
-84.057,25.509,221,54.691
-84.094,25.408,225,55.063
-84.105,25.492,223,54.691
-84.128,25.445,226,55.245
-84.393,25.578,228,55.055
-85.131,25.245,239,55.262
-83.88,24.423,227,54.228
-81.862,25.957,218,53.111
-82.5,27.639,226,54.228
-84.997,26.56,208,53.847
-85.615,25.663,198,49.828
-81.836,26.995,196,50.308
-82.025,27.429,196,48.53
-80.47,27.069,184,48.488
-80.943,26.818,185,47.19
-80.993,24.419,191,48.786
-80.269,21.989,194,47.512
-79.145,21.941,198,50.862
-78.857,22.627,204,51.06
-82.51,22.917,210,51.209
-85.088,25.17,208,49.621
-85.367,27.971,212,51.093
-80.99,31.163,227,53.078
-78.222,34.527,234,54.608
-77.095,38.708,241,58.619
-77.892,42.242,240,62.316
-77.956,45.631,224,58.082
-75.268,49.075,227,55.923
-71.197,52.318,227,55.716
-68.212,55.119,229,57.676
-64.267,57.582,225,58.983
-63.058,60.239,225,60.24
-62.074,63.893,232,60
-63.413,65.999,220,60.951
-64.055,66.796,213,56.957
-63.57,70.291,202,52.863
-62.324,73.481,197,53.368
-61.688,75.223,195,51.697
-59.649,76.633,193,50.382
-55.971,78.415,192,50.936
-51.631,76.623,199,51.234
-47.958,74.776,208,53.723
-43.978,72.255,207,56.75
-44.172,70.798,210,57.676
-44.315,68.327,210,56.031
-45.775,63.677,217,57.511
-48.559,61.253,214,56.982
-53.635,59.028,224,59.148
-55.673,56.014,222,60.306
-56.197,55.617,218,60
-54.745,56.405,221,63.416
-51.694,63.005,219,60.53
-52.24,68.558,220,58.727
-55.681,75.348,215,56.75
-58.458,79.44,208,54.277
-59.906,81.464,208,54.376
-56.094,84.41,207,52.921
-51.887,81.692,202,54.807
-50.443,75.935,205,52.152
-49.329,70.632,210,52.268
-49.982,64.896,208,53.492
-51.096,60.74,205,52.342
-53.41,55.656,208,53.492
-55.597,52.101,215,53.632
-59.99,49.404,211,52.251
-63.867,45.503,219,52.342
-66.98,45.509,231,58.462
-73.965,47.404,225,58.074
-77.313,51.308,213,54.021
-79.251,55.352,203,54.327
-82.872,57.88,206,53.748
-87.461,60.103,202,49.894
-92.051,62.125,207,51.391
-95.426,63.946,204,52.64
-94.649,65.522,188,48.488
-95.261,66.754,170,44.957
-95.827,68.277,176,45.23
-95.782,68.317,176,45.23
-95.69,68.232,181,45.602
-95.687,68.203,183,46.247
-95.674,68.279,186,46.239
-95.663,68.016,191,47.281
-95.517,67.978,197,47.628
-95.284,67.869,199,47.719
-94.482,67.452,218,51.044
-93.664,67.294,232,52.913
-93.235,66.801,234,53.715
-94.568,64.82,241,57.023
-95.648,62.42,228,53.723
-95.619,60.703,222,52.16
-98.345,61.14,205,49.158
-99.372,62.134,188,48.124
-100,65.522,199,51.738
-99.184,69.266,205,53.847
-97.57,71.608,202,53.376
-95.641,73.473,208,53.657
-94.274,75.697,214,56.808
-92.737,79.176,215,54.252
-90.325,82.145,214,53.086
-88.957,85.006,211,52.623
-88.77,87.482,206,50.68
-89.058,90.326,199,49.439
-89.526,92.256,182,45.701
-91.989,93.628,197,47.562
-94.182,97.544,203,48.968
-97.254,101.51,199,50.2
-98.79,106.38,194,49.621
-101.57,109.84,187,48.323
-103.88,113.82,178,47.587
-104.51,115.08,163,44.088
-106.11,116.74,146,41.665
-106.42,116.84,157,42.856
-106.53,116.5,162,43.898
-106.5,116.51,167,45.395
-106.45,116.47,170,45.006
-106.5,116.31,172,45.395
-106.5,116.14,174,44.634
-106.43,116.43,177,45.676
-106.25,115.83,183,46.9
-105.81,115.24,203,49.712
-106.01,115.32,206,50.167
-107.35,114.68,215,51.854
-106.12,112.91,207,50.192
-103.2,112.8,202,51.242
-102.67,113.92,195,50.291
-104.13,116.21,200,50.845
-106.05,117.07,193,50.936
-106.7,119.17,187,48.736
-106.62,120.14,181,49.613
-106.28,122.33,178,46.892
-105.23,123.38,176,48.579
-104.5,126.72,183,49.621
-103.85,130.1,181,49.166
-104.15,131.98,182,47.942
-105.18,133.48,182,49.745
-106.89,136.66,178,49.596
-108.85,137.78,184,50.795
-110.34,141.3,181,51.44
-109.78,145.65,186,54.352
-110.45,147.59,188,55.841
-110.03,150.12,182,57.445
-106.1,153.5,179,54.029
-101.53,155.18,179,53.665
-101.6,152.48,171,52.036
-106.64,149.87,170,54.302
-111.59,148.18,171,50.539
-115.84,148.93,172,50.266
-119.5,148.15,165,48.976
-125.73,148.35,165,49.811
-129.04,149.03,159,46.991
-133.85,149.66,152,46.346
-136.89,150.11,151,46.536
-141.85,149.98,148,45.304
-146.13,149.58,146,46.718
-149.36,150.8,141,45.792
-152.36,151.74,155,48.24
-155.03,151.61,128,44.32
-157.63,152.48,190,51.3
-161.32,153.3,193,51.978
-164.24,154.14,189,52.408
-166.83,155.85,190,53.169
-168.16,158.32,184,50.175
-169.36,160.78,186,49.811
-171.45,163.21,178,47.479
-172.73,166.12,184,47.124
-174.35,170.33,177,48.811
-174.26,174.59,172,47.289
-173.03,178.57,154,46.355
-170.53,181.07,136,45.809
-169.99,181.45,106,40.094
-170.52,182.87,85,36.141
-171.08,182.72,66,33.263
-172.25,181.78,53,28.4
-172.7,181.28,61,30.153
-172.7,181.18,57,27.06
-172.05,182.13,57,27.341
-171.58,183.8,64,28.772
-169.44,184.17,74,30.931
-169.25,183.34,81,32.692
-168.4,183.21,79,33.056
-168.88,182.5,73,30.451
-168.5,182.08,63,28.259
-167.99,181.31,51,24.637
-168.58,180.7,53,25.381
-168.38,180.47,48,25.77
-166.76,181.75,52,26.787
-162.9,181.97,53,24.43
-162.26,184.67,49,23.967
-161.52,185.58,50,23.669
-161.5,185.98,53,25.009
-160.99,187.08,55,27.449
-160.5,188.46,50,26.969
-159.07,190.42,53,26.878
-159.34,190.95,61,30.244
-160.77,191.35,55,29.69
-158.85,190.5,62,29.012
-159.34,189.42,50,26.597
-159.79,189.87,49,25.861
-159.45,190.12,47,26.026
-159.59,193.2,56,31.766
-159.3,193.28,60,28.193
-159.53,193.36,63,29.971
-159.45,192.86,63,30.914
-159.4,191.91,69,34.346
-159.5,191.64,66,36.058
-158.63,191.17,74,33.428
-158.63,192.47,56,31.443
-160.74,192.61,58,34.553
-161.03,193.88,69,33.726
-161.77,193.3,73,33.238
-161.35,192.88,71,31.65
-161.83,192.43,79,33.908
-162.41,190.21,81,30.583
-162.09,188.8,91,33.734
-160.7,187.86,92,35.24
-161.74,188.11,93,34.462
-161.63,188.6,98,36.496
-161.47,189.92,87,33.246
-160.93,190.35,90,31.667
-160.22,190.43,92,34.834
-160.34,190.67,83,32.783
-160.29,191.13,104,36.455
-160.29,192.96,102,38.68
-159.69,196.57,103,37.844
-160.51,199.09,123,41.475
-162.16,202,153,47.752
-163.08,206.48,164,49.133
-162.45,210.89,178,52.524
-163.52,214.64,172,48.232
-162.57,218.32,180,47.033
-162.25,216.72,182,49.183
-160.61,214.42,142,41.293
-161.36,214.87,114,37.365
-161.03,215.35,116,37.166
-160.79,214.99,137,39.788
-160.86,215.21,149,41.847
-160.93,215.44,153,41.847
-161.19,215.35,157,42.517
-161.31,215.42,163,44.295
-161.43,215.41,171,45.511
-161.74,215.34,180,45.883
-162.15,215.31,191,47.57
-162.17,215.73,204,48.885
-161.52,216.63,217,50.746
-160.45,217.56,225,53.657
-159.56,216.74,224,53.376
-161.94,215.48,220,53.74
-163.3,213.91,213,56.204
-163.82,213.83,204,53.748
-165.08,217.41,202,54.137
-164.57,218.3,198,51.135
-164.9,219.45,195,51.515
-163.07,221.55,186,50.547
-158.78,220.79,194,50.175
-158.34,218.42,194,50.564
-159.24,216.08,200,51.325
-162.39,213.89,207,51.465
-165.79,213.59,207,53.26
-160.75,213.22,205,53.467
-161.05,217.77,217,56.477
-159.48,220.74,227,61.638
-157.53,224.11,230,63.3
-152.41,225.48,218,61.175
-147.94,225.74,219,61.729
-142.68,225.48,207,59.099
-143.14,224.95,204,56.932
-149.92,223.41,202,58.247
-157.37,221.74,208,58.255
-164.21,221.19,203,53.359
-166.2,222.28,200,53.194
-168.87,221.55,197,51.052
-172.46,221.22,193,49.547
-173.18,220.73,183,47.843
-176.72,223.24,178,46.363
-177.6,226.39,185,49.414
-177.99,229.61,187,49.737
-173.61,231.71,203,55.65
-168.73,230.27,201,57.114
-161.86,229.33,210,59.496
-154.95,228.99,203,57.37
-148.16,227.91,194,53.492
-148.69,228.2,193,56.006
-153.8,228.6,183,54.484
-151.47,225.87,184,50.746
-152.29,222.29,195,51.399
-153.2,221.98,217,55.708
-153.45,221.84,223,56.634
-153.91,221.67,231,58.867
-154,221.76,236,59.264
-154.38,221.76,250,61.067
-154.61,221.91,262,61.704
-155.29,221.94,274,64.524
-156.41,221.6,272,63.854
-157.81,221.81,275,64.524
-158.72,223,283,66.112
-160.21,223.52,268,63.482
-159.36,224.47,256,62.349
-158.39,227.12,241,58.892
-159.9,225.34,238,59.397
-158.09,222.4,223,58.272
-158.17,224.08,208,52.739
-161.84,222.41,209,54.716
-159.68,221.75,198,51.052
-157.79,222.28,187,47.959
-157.6,224.62,187,47.19
-157.15,224.48,199,50.109
-158.2,222.85,206,52.268
-159.03,222.76,196,48.885
-163.96,221.21,205,51.78
-167.78,221.72,210,53.293
-171.43,222.3,223,55.427
-171.54,224.43,217,56.816
-175.97,222.74,219,56.262
-179.02,223.85,211,54.162
-180.44,228.71,216,54.906
-179.18,233.48,211,53.657
-180.26,236.5,204,51.631
-180.61,239.38,210,53.756
-182.66,243.55,209,53.657
-185.21,247.52,213,54.947
-187.81,251.67,207,54.856
-190.35,251.86,205,55.154
-194.31,253.87,208,54.922
-197.7,255.07,198,52.532
-201.88,255.96,205,54.211
-205.64,254.88,196,51.953
-203.9,254.1,174,48.976
-204.05,254.2,139,43.65
-204.25,253.72,129,40.946
-204.23,253.59,139,41.31
-204.38,253.67,156,44.593
-204.3,253.77,154,44.874
-204.3,253.82,160,45.238
-204.13,253.95,169,46.528
-204.23,254.09,181,48.306
-204.41,254.54,204,49.53
-204.28,255.35,226,53.293
-204.75,255.7,241,56.841
-205.19,254.33,243,56.535
-203.45,252.17,250,59.355
-199.05,252.51,242,60.232
-196.83,255.27,232,58.404
-201.39,254.49,224,57.924
-204.39,252.33,214,54.004
-204.9,253.77,218,54.211
-204.75,255.93,208,54.236
-206.22,258.54,209,51.598
-207.98,258.42,200,49.869
-210.91,254.66,208,52.061
-210.73,252.64,210,54.79
-213.41,251.46,204,51.217
-211.85,248.71,209,51.581
-212.54,246.79,197,51.581
-213.83,246.1,193,52.433
-214.02,242.18,192,50.845
-218.17,240.19,190,47.173
-221.13,238.4,188,46.826
-224.54,236.07,180,46.71
-223.44,235.38,180,47.57
-220.25,237.98,191,50.845
-218.31,239.01,183,50.581
-219.77,238.85,191,54.707
-214.69,236.55,188,51.606
-212.82,234.46,180,48.769
-214.74,230.88,184,49.572
-221.03,230.01,184,48.513
-226.41,230.94,186,48.786
-229.4,234.08,187,50.357
-228.02,238.16,191,55.055
-228.88,240.53,198,55.452
-231.84,238.21,187,51.325
-233.91,240.09,183,51.408
-236.66,241.93,201,55.989
-235.57,246.78,191,53.756
-232.51,250.56,188,52.962
-226.53,251.73,190,52.16
-225.12,248.97,187,50.49
-228.12,242.38,186,50.862
-230.55,236.88,195,51.706
-232.08,232.95,197,51.49
-233.72,230.05,196,51.275
-235.31,233.69,199,53.847
-238.12,240.73,201,57.395
-240.29,246.79,199,53.674
-240.79,251.3,200,54.625
-243.51,255.25,192,51.697
-246.79,259.26,190,49.82
-251.29,259.29,191,47.777
-255.28,260.87,181,47.868
-255.98,259.34,162,46.479
-256.58,259.54,154,45.536
-256.97,258.85,157,45.908
-256.95,258.48,165,46.082
-256.84,258.44,173,46.164
-256.76,258.34,180,46.71
-256.73,258.36,181,47.38
-256.55,258.44,188,47.562
-256.17,258.56,200,49.249
-255.8,258.57,211,50.192
-255.17,258.77,233,53.376
-254.78,258.87,246,55.137
-255.25,257.73,254,58.884
-255.77,256.2,230,54.095
-256.97,254.71,214,51.49
-258.91,253.2,204,49.869
-257.26,255.25,205,52.086
-256.19,257.02,203,51.896
-252.57,257.14,215,58.644
-249.52,257.32,207,56.775
-249,256.8,201,54.881
-248.61,258.83,196,53.227
-247.22,258.98,188,51.101
-250.53,258.43,197,50.754
-255.21,254.37,193,49.059
-258.21,250.42,194,47.843
-260.96,246.94,197,51.325
-262.7,245.02,192,50.564
-264.5,242.93,190,49.373
-263.51,242.29,186,48.207
-264.13,242.31,185,46.272
-265.16,241.57,185,47.429
-264.27,241.4,181,46.462
-264.74,239.1,174,45.693
-263.3,240.05,182,46.222
-263.64,240.97,185,47.661
-267.02,240.94,175,45.676
-269.04,239.16,182,47.363
-271.95,236.14,184,48.091
-273.85,233.15,189,50.638
-274.37,230.13,173,47.636
-276.67,227.95,180,48.24
-280.26,227.24,182,50.382
-284,227.37,188,50.332
-285.71,222.51,176,47.264
-287.91,221.87,165,44.775
-288.7,223.02,145,43.187
-290.52,223.93,118,36.24
-289.81,222.04,133,40.623
-289.11,220.35,142,42.798
-288.7,216.5,167,48.372
-285.67,215.1,158,43.617
-290.06,218.4,175,46.644
-294.27,222.24,175,46.644
-292.53,227.05,166,44.742
-288.57,229.84,179,46.462
-280.52,231.18,190,49.563
-274.81,234.38,185,49.183
-273.34,236.9,183,49.894
-274.84,240.94,186,48.579
-277.37,244.32,166,45.767
-278.85,247.62,166,45.519
-278.74,246.74,181,47.314
-280.75,247.17,185,50.043
-279.19,244.41,203,55.716
-278.22,241.85,208,57.85
-278.27,239.99,212,57.9
-275.82,242.85,209,58.735
-275.19,241.35,212,60.017
-277.52,238.75,208,56.105
-277.22,243.39,203,51.143
-272.15,245.18,203,54.509
-269.84,245.21,200,54.873
-272.37,244.35,203,59.761
-273.4,250.15,203,57.917
-274.98,251.8,200,52.433
-274.72,251.18,208,54.807
-275.11,253.31,206,55.642
-273.81,255.46,198,58.71
-270.47,258.98,187,52.226
-268.95,256.69,189,52.549
-272.26,257.87,184,51.441
-276.82,254.69,183,47.545
-273,258.17,190,50.572
-271.39,260.96,181,47.496
-272.13,263.99,183,48.604
-274.94,266.73,186,49.084
-278.04,270.41,173,46.437
-278.37,270.72,149,41.384
-277.7,271.5,126,37.902
-277.88,271.62,128,38.481
-277.94,271.26,142,40.251
-277.94,271.13,143,40.251
-278.04,270.92,149,41.475
-278.14,270.76,153,41.558
-278.14,270.51,158,42.881
-278.04,270.19,169,44.196
-278.07,269.53,193,47.686
-278.34,268.71,210,50.308
-278.59,269.54,223,53.699
-279.93,269.07,224,52.888
-280.37,267.53,223,59.397
-280.32,265.65,225,59.951
-283.81,266.15,217,57.412
-286.21,266.76,205,54.509
-287.65,268.45,189,52.086
-287.14,272.64,169,48.604
-285.14,272.63,143,43.923
-284.92,272.39,118,39.06
-284.75,271.5,97,34.462
-284.82,271.56,88,32.229
-284.81,271.64,89,31.931
-284.46,271.58,89,32.692
-284.24,271.61,87,32.593
-283.9,272.08,98,35.603
-283.27,272.12,111,36.703
-282.56,272.39,129,39.97
-281.45,272.59,140,40.813
-280.31,273.76,145,42.798
-278.88,274.03,146,41.665
-278.75,273.9,147,40.896
-277.05,272.51,148,41.665
-278.25,274.5,135,39.532
-281.87,274.74,138,40.35
-283.25,272.85,151,42.509
-284.67,269.33,153,45.139
-287.77,270.11,139,42.608
-291.13,272.86,144,42.699
-292.94,276.5,142,41.963
-293.84,280.1,142,41.847
-294.08,284.33,134,41.558
-293.15,287.84,84,38.266
-291.61,292.22,42,27.06
-293.19,300,178,46.934
-292.64,303.37,174,48.414
-291.56,306.8,174,46.371
-289.79,307.92,177,46.553
-288.79,304.11,192,52.615
-291.62,297.42,190,51.416
-294.88,291.44,202,52.797
-296.25,285.67,207,55.683
-297.54,280.31,201,53.963
-300.14,283.34,208,62.556
-302.67,284.99,197,67.137
-305,287.75,181,58.801
-308.32,287.9,145,52.731
-309.02,289.88,101,41.012
-310.71,292.15,44,21.635
-310.71,292.15,44,21.635
