0,-0,111,35.777
0.97297,-1.2072,222,53.492
-0.52502,0.8968,202,51.209
-0.45678,-0.58869,232,54.302
1.9103,0.21522,236,60.372
0.092611,0.70473,218,52.251
-0.98893,0.10005,227,54.699
0.52346,3.1914,212,50.291
0.9527,2.2345,204,51.044
2.1609,1.6595,227,59.496
2.3725,2.5889,215,60.05
1.2244,1.3815,230,60.63
2.6225,-0.13023,237,65.145
2.3735,1.0257,240,61.076
0.6934,3.2912,215,54.509
0.014331,5.2912,215,51.631
1.1642,5.0731,234,57.718
1.5916,6.6988,216,52.731
1.6934,6.4872,214,54.997
2.0595,7.3512,227,58.173
0.062892,7.7167,211,52.458
-1.3906,5.4757,225,53.864
-2.3432,5.6359,218,51.118
-1.23,6.5106,208,52.177
-1.644,6.3023,225,54.046
-1.6157,6.8299,201,51.697
-3.3179,6.0073,194,48.058
-2.7292,5.1921,213,52.739
-3.1336,8.3716,171,45.602
-0.96235,8.3229,206,52.921
2.7945,7.0621,207,54.947
4.2055,6.4584,181,45.792
0.91404,8.0073,194,48.67
1.4703,8.2072,185,47.016
3.3269,8.6696,165,43.642
2.7548,6.0715,192,49.001
-0.24492,7.5138,210,52.896
-2.4269,7.2035,216,51.978
-3.9578,5.1497,218,53.583
-4.8735,7.3281,210,50.986
-4.6078,6.7716,219,55.766
-4.9623,8.5365,206,51.896
-2.973,8.7748,222,55.46
-2.6634,9.4941,224,53.905
-2.1964,8.8423,218,55.096
-1.9408,9.1479,216,55.617
-2.6057,8.7863,214,55.543
-2.1526,7.2317,235,58.942
-0.13821,9.1014,220,56.494
0.072451,6.4474,238,62.076
-1.2662,4.8801,225,62.928
0.46983,4.5159,219,57.61
2.6641,5.2892,207,52.4
2.8987,5.4428,199,50.63
3.2953,5.3212,189,48
3.3016,5.3637,187,48.86
3.4372,5.2802,177,48.033
3.3657,5.2705,181,48.215
3.5418,5.1125,174,46.809
3.6844,4.9948,164,45.577
3.5733,5.3188,170,46.743
3.6972,5.3644,181,47.843
3.8127,5.6722,191,50.291
3.8259,5.9348,211,51.482
3.0574,5.6543,234,54.294
1.3391,5.0737,242,54.848
-0.69255,5.5321,253,54.765
-0.97077,7.1097,245,54.004
-0.32995,8.8934,245,54.004
-0.27998,8.7016,231,54.145
-0.1373,6.0446,225,52.069
-0.2136,5.0692,227,53.351
-0.22106,4.5486,223,53.442
-0.44881,4.6281,231,55.063
-0.41412,4.3844,214,53.26
-0.37982,4.3375,206,51.325
-0.44376,3.9939,198,51.523
-0.42293,4.267,199,51.151
-0.33832,4.5423,195,49.828
-0.64073,4.3575,198,51.333
-0.6614,4.3475,195,49.828
-0.98071,4.1815,199,50.589
-1.0145,4.1858,198,49.266
-1.7527,4.3048,213,50.862
-2.9172,4.65,221,51.879
-3.7628,6.0665,232,53.086
-4.1085,7.4582,233,52.524
-3.1847,7.7297,222,51.879
-2.5551,6.889,225,51.92
-1.6291,4.6114,223,52.507
-2.8162,4.182,212,51.399
-2.5281,3.4141,195,49.133
-2.4823,3.3923,200,48.579
-2.4527,3.0418,193,47.545
-2.3383,3.0193,195,47.636
-2.3798,3.064,194,47.636
-2.3187,3.1177,187,46.528
-2.425,3.1774,188,46.809
-2.2868,3.0125,191,47.454
-2.2753,3.0566,182,46.346
-2.2919,3.1207,185,46.991
-2.4686,3.1876,181,45.767
-3.013,2.9007,197,47.545
-3.6882,2.956,220,51.879
-4.2751,3.5112,225,51.606
-4.0612,4.4453,233,53.194
-3.5637,5.3904,229,53.492
-3.1977,6.5623,241,54.625
-3.4661,6.1018,237,54.972
-3.9176,4.5322,237,55.625
-5.0058,5.1561,247,56.312
-5.7028,6.7794,254,57.784
-5.6072,7.268,242,55.088
-5.1016,6.5996,276,59.661
-6.1466,6.0115,272,60.604
-5.9565,5.1363,267,60.786
-6.6536,5.3308,261,62.886
-6.9238,5.9027,257,61.778
-7.4766,8.0635,251,57.618
-7.079,8.3185,252,58.9
-6.9169,6.4953,255,62.82
-6.0878,5.9352,253,59.264
-4.5881,5.1591,251,57.461
-4.3125,4.5705,263,60.099
-7.2849,5.958,242,54.583
-7.5443,4.3828,247,54.765
-7.8335,4.2955,235,55.518
-9.2568,6.9144,222,53.938
-8.7994,8.7338,235,56.419
-8.9337,8.3463,253,60.132
-8.9977,5.6307,267,61.919
-10.136,6.6828,235,56.932
-10.339,8.9828,242,57.924
-9.0426,9.2225,267,61.108
-8.6772,8.1811,279,62.142
-8.2678,4.8318,237,57.552
-5.6161,4.4253,229,53.516
-1.8442,4.7097,245,53.302
-1.0463,2.5097,239,58.57
-3.439,0.86734,240,54.799
-7.0274,2.9618,226,51.524
-8.8557,6.1216,231,52.458
-7.5277,8.7209,243,54.484
-5.0208,5.8423,264,59.264
-4.3123,3.5858,267,60.463
-7.6583,7.7178,277,60.612
-10.115,9.3005,263,60.397
-10.115,5.312,264,57.246
-8.2706,3.4072,262,60.273
-10.81,4.4715,240,54.6
-10.86,6.259,240,55.774
-10.53,6.5332,241,56.651
-8.4471,7.4436,247,58.346
-8.9525,8.0837,232,54.145
-9.4075,8.0542,236,54.856
-4.5463,6.2525,245,57.23
-4.1611,8.7198,257,57.511
-6.8385,7.6678,255,59.264
-8.5133,4.7503,250,57.552
-9.7381,1.3301,245,56.378
-11.097,2.5586,259,61.266
-12.41,6.1094,249,57.139
-12.335,7.6729,236,55.435
-11.619,3.3423,267,58.826
-9.5169,2.0953,255,58.52
-7.9263,4.6998,221,52.954
-7.3328,6.0406,169,45.726
-8.1333,7.9455,189,47.562
-8.0953,7.7611,203,49.853
-8.0925,7.6995,210,49.944
-8.3296,7.6327,217,51.143
-8.0173,7.9112,225,51.416
-8.2162,8.1036,222,51.714
-8.0696,8.07,224,52.086
-8.4014,8.0889,221,52.276
-8.175,7.9362,229,52.946
-8.3506,7.9243,244,54.534
-8.4698,7.8443,255,55.849
-8.7536,8.1294,263,56.312
-9.1191,7.7969,275,57.602
-9.4205,6.5199,276,57.784
-8.9752,4.7656,267,57.528
-7.0737,4.2082,246,53.467
-6.2851,5.8058,246,53.657
-9.2181,6.882,265,57.486
-10.267,8.5801,265,55.824
-8.2146,8.8423,266,57.056
-6.2792,7.9922,277,58.52
-7.13,6.0598,269,61.547
-5.4202,7.9243,244,55.344
-3.9723,8.6882,240,54.302
-3.3093,8.8925,249,54.757
-3.2171,8.85,262,56.535
-3.2124,8.8559,259,56.626
-3.1293,8.7023,250,56.287
-3.2195,8.7314,257,57.668
-3.022,8.6136,247,56.361
-3.0133,8.4617,243,56.08
-2.9077,8.5833,249,57.114
-3.072,8.6111,253,58.131
-3.2067,8.303,254,58.429
-3.4596,8.4216,265,59.446
-3.8633,8.6367,265,59.653
-3.6306,9.4847,267,58.313
-4.47,9.8122,249,55.435
-5.862,8.9776,255,55.832
-7.6493,8.3863,250,55.898
-8.6544,7.4257,252,54.906
-6.5521,7.5894,259,55.071
-4.4256,8.3612,265,56.775
-4.3285,10.533,288,61.564
-5.6797,8.9416,272,59.67
-8.7316,8.4153,274,59.066
-8.515,8.6855,271,58.355
-7.3551,8.0102,277,60.224
-7.8133,5.0968,281,62.928
-10.042,4.5409,282,62.771
-12.773,5.5708,267,58.462
-13.294,7.4254,265,58.636
-11.867,7.419,274,63.044
-11.482,10.701,276,60.323
-9.9652,9.0463,277,59.455
-9.9318,5.9271,301,62.945
-11.055,5.7264,289,63.871
-12.995,7.1145,294,63.631
-13.666,9.2997,258,57.296
-14.409,9.3423,277,61.448
-13.466,8.292,278,60.315
-13.411,7.4882,281,63.259
-15.034,8.9874,262,57.238
-15.242,9.4683,254,58.437
-15.157,10.416,270,67.452
-15.865,8.354,257,61.456
-17.217,9.7812,237,59.471
-15.424,9.8546,244,60.761
-14.355,7.1137,258,66.161
-14.703,5.5274,254,59.81
-13.36,9.0012,255,57.916
-14.281,8.4411,243,58.247
-13.606,5.9174,233,53.202
-15.212,6.2381,259,61.704
-16.327,10.377,234,55.898
-14.803,10.976,243,55.964
-12.244,8.3423,242,54.79
-12.235,8.6639,255,60.116
-9.5087,5.696,246,55.501
-11.504,6.0806,256,56.353
-16.246,6.8324,251,56.816
-16.06,10.557,219,55.245
-12.336,12.069,205,50.663
-11.657,12.176,211,50.961
-13.603,9.1654,226,56.593
-13.014,9.3474,198,48.968
-12.383,13.407,187,48.463
-14.41,14.08,168,46.71
-12.973,10.946,111,39.978
-14.125,10.814,87,35.595
-14.65,11.96,68,30.244
-13.944,11.813,68,32.014
-13.92,12.458,69,34.181
-14.353,13.942,90,41.839
-14.827,14.352,102,44.179
-14.408,14.32,136,44.824
-13.871,13.652,129,42.004
-13.297,13.063,111,38.266
-13.14,13.399,89,33.883
-12.836,12.522,78,31.65
-13.253,11.636,68,28.631
-12.906,11.879,69,28.557
-12.385,12.763,57,26.225
-9.8428,11.488,55,27.176
-12.653,12.139,59,27.73
-16.72,10.554,52,25.745
-17.097,6.359,60,26.969
-11.901,4.9285,58,26.506
-11.334,6.3969,55,25.1
-11.748,5.3816,51,23.115
-11.999,5.4476,57,25.009
-12.347,4.9757,60,26.043
-11.488,4.8503,63,26.043
-9.964,4.2371,57,24.248
-10.653,3.6574,73,27.796
-10.172,3.5923,72,28.474
-9.7402,3.9566,70,28.838
-9.9738,4.9012,68,29.599
-10.185,6.3873,89,34.652
-9.1191,6.6295,101,39.052
-8.1118,5.6649,124,41.5
-9.2187,4.6923,140,43.344
-11.154,3.5784,161,45.544
-13.225,3.0368,180,48.629
-12.647,3.4875,186,53.012
-14.682,5.9577,195,56.386
-17.348,8.2971,199,51.399
-16.718,10.439,207,52.135
-15.497,11.37,215,56.361
-16.712,8.2778,217,53.219
-18.265,7.8469,220,52.177
-18.439,10.29,211,52.086
-18.436,11.978,217,54.145
-18.244,8.9379,225,53.012
-19.165,8.4062,235,54.691
-19.508,8.7325,223,53.475
-18.831,12.328,206,49.754
-19.053,11.386,229,55.907
-20.152,9.0246,214,51.209
-21.038,12.121,208,51.631
-19.656,15.208,209,51.416
-19.179,10.722,237,55.477
-21.255,11.812,215,51.416
-18.475,15.146,219,52.731
-19.018,10.77,236,56.304
-22.574,10.632,228,55.369
-19.531,13.631,218,53.657
-22.584,11.56,230,56.37
-20.045,12.389,234,56.932
-23.224,11.879,218,53.558
-21.844,8.8974,227,53.93
-22.496,13.035,221,53.79
-20.005,13.068,222,56.858
-22.389,9.0981,217,54.418
-25.349,11.239,194,47.471
-22.497,11.274,220,57.668
-24.205,11.57,228,56.965
-23.237,6.7359,216,51.11
-25.332,10.924,201,48.678
-22.131,14.215,204,51.598
-25.199,9.7798,224,51.606
-23.989,13.594,211,51.035
-24.51,8.6742,226,53.078
-24.904,12.317,201,49.712
-25.226,8.731,211,53.078
-20.148,9.1207,194,47.818
-21.457,9.8423,200,49.803
-24.829,13.391,205,50.564
-18.599,14.266,209,51.3
-15.283,14.766,203,49.712
-16.944,12.004,201,48.604
-18.517,6.7825,209,49.266
-22.48,7.9337,208,49.82
-24.455,13.239,203,48.422
-20.689,16.091,199,47.942
-15.491,16.304,207,49.249
-13.327,13.234,204,49.282
-12.706,13.893,218,53.773
-19.813,11.863,223,52.615
-25.673,12.492,221,50.721
-24.867,15.492,221,51.234
-19.204,16.951,225,52.714
-14.279,16.884,214,53.45
-19.431,16.139,231,55.807
-23.02,16.31,216,51.788
-19.283,18.421,203,50.564
-18.894,17.998,218,53.541
-15.952,18.023,232,56.543
-21.955,15.965,225,54.145
-25.137,16.971,218,52.16
-21.475,19.12,225,56.816
-17.445,17.445,224,55.559
-15.733,15.338,234,59.14
-18.907,12.394,233,54.55
-23.552,15.012,224,51.904
-23.178,13.133,244,57.056
-22.327,17.1,239,57.156
-23.954,15.36,227,55.452
-24.364,15.226,240,55.055
-20.701,17.126,250,57.048
-20.058,15.982,255,60.042
-16.849,18.495,230,55.551
-18.772,19.901,238,63.093
-22.368,20.2,211,53.516
-22.482,20.386,228,59.52
-25.682,19.592,208,50.258
-22.616,22.371,207,52.408
-25.488,18.71,215,52.218
-25.373,21.819,210,52.499
-25.849,20.691,221,54.856
-25.415,20.677,221,53.797
-26.707,21.594,215,51.854
-26.629,17.584,223,56.279
-27.627,20.342,203,51.3
-28.121,19.782,216,53.913
-28.333,16.608,226,61.315
-26.762,21.877,215,54.765
-23.473,21.271,211,53.566
-19.625,20.285,192,50.903
-19.567,20.411,189,49.092
-25.005,19.024,195,48.042
-23.474,17.391,226,53.376
-22.094,21.806,207,52.036
-25.563,18.643,226,55.005
-20.765,20.068,233,55.807
-23.008,21.244,204,51.97
-27.252,20.059,222,53.334
-22.012,22.08,217,53.624
-20.395,16.918,226,54.6
-23.541,20.238,230,56.378
-24.341,18.247,231,57.296
-22.944,20.77,215,55.981
-28.411,19.055,212,52.218
-30.427,20.456,185,47.264
-28.837,23.508,187,47.355
-30.25,22.29,192,48.24
-29.611,17.124,220,57.759
-26.248,14.682,203,50.539
-23.176,15.166,198,49.414
-27.995,16.093,225,58.288
-28.131,19.414,210,51.077
-25.066,22.838,212,51.325
-29.129,20.59,226,52.061
-24.289,19.956,228,55.369
-26.554,21.752,222,53.541
-24.977,22.8,203,50.101
-23.736,22.974,212,56.56
-25.643,22.203,208,53.26
-29.04,22.384,214,52.615
-24.658,22.694,233,56.287
-28.498,22.173,224,53.202
-27.343,19.158,195,48.43
-28.317,18.83,156,43.096
-28.782,19.092,128,40.805
-29.543,19.312,130,40.805
-29.619,19.126,143,43.667
-29.06,18.797,143,42.418
-28.684,18.896,150,42.972
-27.645,18.568,164,45.883
-26.691,18.648,183,46.801
-25.673,18.571,210,49.638
-24.791,17.818,227,51.482
-24.24,17.68,243,54.029
-23.326,17.709,243,54.302
-23.407,16.131,255,56.097
-23.741,14.288,259,55.154
-22.286,15.286,265,56.998
-22.853,17.064,259,57.486
-22.721,19.189,241,54.112
-22.159,17.577,239,54.228
-20.847,15.113,249,55.336
-20.85,13.242,239,52.706
-23.302,12.188,234,52.797
-21.49,11.971,234,53.194
-20.284,12.176,228,52.83
-22.207,11.741,233,53.566
-20.724,12.412,244,57.403
-21.363,16.827,229,54.856
-23.77,17.907,239,59.049
-22.784,15.338,226,54.418
-23.562,14.319,215,50.564
-25.411,14.828,212,53.847
-27.046,15.016,187,51.672
-26.297,16.179,177,46.371
-28.422,17.597,169,44.932
-27.353,19.521,179,46.272
-30.483,23.41,178,45.511
-30.65,22.064,187,51.978
-29.56,24.482,194,50.68
-32.024,22.644,179,45.908
-30.567,24.241,167,45.403
-26.822,24.024,160,42.79
-27.58,23.742,170,44.006
-29.037,24.534,188,47.33
-29.864,23.954,219,57.147
-30.475,21.703,180,49.067
-28.914,19.569,159,44.378
-27.531,21.335,137,39.143
-28.974,24.908,161,45.304
-33.012,24.43,172,46.834
-30.096,25.934,164,43.46
-26.172,25.965,175,46.247
-24.889,23.128,201,51.027
-30.911,25.13,184,47.727
-26.793,22.739,212,56.006
-28.524,24.112,243,56.055
-27.281,20.661,251,58.917
-31.34,22.146,260,61.431
-27.872,22.838,256,57.71
-31.12,24.844,243,56.171
-29.118,22.107,246,55.708
-31.164,17.717,240,56.262
-34.2,22.196,225,53.144
-32.706,24.049,242,55.146
-32.882,18.217,224,50.556
-36.135,21.127,209,51.854
-36.46,23.098,221,54.947
-34.37,26.173,219,52.987
-31.113,27.54,212,51.052
-32.986,29.285,193,47.86
-30.652,28.686,186,46.164
-26.736,27.187,180,45.924
-28.391,25.803,193,48.612
-34.195,23.617,186,45.784
-31.092,24.845,205,50.366
-31.332,25.177,230,55.526
-34.213,21.901,238,58.892
-27.982,25.461,228,53.574
-26.376,25.186,230,56.171
-23.64,26.784,222,56.56
-22.979,23.683,261,66.302
-18.006,23.517,240,62.581
-13.455,18.262,248,63.441
-9.7217,12.628,238,56.122
-6.6455,8.2452,247,56.221
-5.1098,4.4138,224,53.657
-5.3467,9.3876,243,56.072
-2.4295,6.1647,242,57.205
-4.2598,1.9257,240,54.236
-4.2479,1.8115,243,54.452
-8.4384,5.0278,248,55.89
-11.71,3.4048,240,52.714
-7.5645,3.3383,247,55.832
-8.3223,0.20901,240,55.518
-9.7679,2.4102,221,52.805
-11.595,3.8011,218,51.647
-11.046,3.1865,231,53.359
-11.317,3.0652,249,54.856
-11.629,2.991,259,55.774
-11.642,2.9295,264,56.146
-11.816,3.0285,274,58.197
-11.939,3.2384,279,58.313
-11.871,3.4523,291,59.256
-11.895,3.5172,286,60.116
-11.643,3.8808,286,59.554
-11.283,4.1618,288,60.025
-11.181,4.198,284,60.141
-11.314,4.1087,291,60.786
-10.427,4.4301,285,62.796
-9.1664,5.1423,275,62.556
-8.2158,6.4164,270,61.812
-7.4494,8.061,263,61.291
-7.0162,10.129,249,57.594
-6.8141,12.111,238,54.716
-8.0732,12.554,232,53.682
-8.6238,11.02,245,57.139
-7.9303,12.354,267,58.545
-8.091,11.867,286,61.158
-8.0939,11.495,295,63.251
-8.1732,11.46,290,63.913
-8.247,11.346,298,65.393
-8.1946,10.945,292,65.476
-8.1087,11.049,297,67.469
-8.2128,10.744,296,68.395
-8.2939,10.581,297,68.453
-8.3292,10.432,313,71.397
-8.6479,10.281,308,70.752
-8.8069,10.202,314,71.678
-8.9227,10.355,323,69.048
-8.4311,9.7404,314,63.59
-7.9471,9.6767,317,64.152
-7.9305,10.289,319,65.814
-8.4634,11.18,301,64.078
-9.3695,11.542,291,61.448
-10.871,10.593,291,63.664
-10.97,10.853,278,63.11
-8.3436,10.011,281,64.59
-8.8134,10.063,279,63.937
-9.7848,10.622,279,62.63
-9.2344,10.332,286,64.334
-8.8656,9.9287,278,64.243
-8.6329,9.8355,292,65.856
-8.518,9.5296,299,67.055
-8.2939,9.2817,297,65.996
-8.0083,9.0334,301,65.831
-7.7633,8.653,309,66.509
-7.39,8.0973,302,65.078
-6.6174,7.5074,303,64.524
-5.9883,6.658,301,63.664
-5.0324,6.0808,302,63.854
-4.1617,5.6339,295,63.49
-3.3818,4.2121,284,61.042
-2.2256,4.7904,279,59.372
-1.5627,6.2923,260,55.923
-2.4594,7.9945,253,56.196
-3.9969,9.623,253,55.427
-6.0534,10.607,246,55.336
-7.1367,11.374,249,54.98
-5.1378,10.047,257,57.114
-2.9252,8.509,258,55.526
-1.3985,6.646,247,54.782
-0.31425,4.9864,236,52.987
-0.77485,4.6852,245,53.26
-2.659,5.9892,235,53.177
-3.2359,7.8029,228,51.945
-3.6617,7.4446,225,51.093
-3.6685,7.7747,229,51.581
-3.7348,7.5298,240,53.632
-3.8878,7.6268,232,52.59
-3.957,7.7793,238,53.723
-3.996,7.8821,239,53.624
-4.0379,7.8863,239,54.583
-4.0145,7.9202,244,55.807
-4.0493,7.9602,246,57.114
-4.0895,8.1776,255,57.511
-3.9485,8.2106,258,57.693
-3.9652,8.5255,262,56.742
-4.1261,8.6964,257,56.188
-3.7712,9.1094,249,55.708
-3.1375,9.1866,244,55.642
-2.3547,8.371,244,54.021
-1.8562,7.1153,229,51.714
-2.1138,5.4983,218,51.143
-3.5392,3.933,215,51.507
-3.8954,3.6868,209,51.35
-4.0698,5.2855,211,50.49
-3.7907,7.683,229,52.549
-3.0649,9.9399,241,54.881
-2.3575,10.961,249,55.824
-1.9115,10.515,267,60.249
-1.5237,10.573,265,56.924
-1.4134,10.784,267,56.932
-0.59119,10.041,262,57.139
-1.1446,11.379,275,59.852
-3.4511,11.46,247,55.568
-4.5014,13.293,245,55.08
-5.3745,12.651,246,55.915
-6.6123,12.96,254,56.733
-5.8709,10.904,258,60.207
-5.5254,13.335,263,61.158
-5.4733,17.35,267,60.571
-7.2934,19.179,257,62.664
-7.113,17.291,255,62.473
-6.3552,21.396,259,61.456
-7.3013,25.517,252,60.042
-7.6386,27.862,252,61.133
-3.9835,27.112,239,72.223
-3.1479,26.212,261,74.597
-3.5528,30.003,227,68.097
-3.4934,33.284,204,60.224
-1.4813,34.882,163,55.824
-0.57991,36.574,138,47.041
2.0328,38.304,103,35.107
3.2726,40.428,93,33.081
4.3456,39.961,84,31.377
4.3533,40.668,83,31.931
2.3125,40.659,82,29.963
1.5221,40.537,72,27.73
0.93999,40.308,59,25.861
1.1848,39.628,56,25.58
1.4993,39.325,59,25.679
1.993,37.246,62,28.168
1.6535,36.457,61,30.98
1.8239,35.994,66,30.426
1.4853,36.966,69,32.047
0.16424,38.009,78,31.46
-1.1323,37.662,97,38.87
-1.5745,38.689,101,43.625
-1.156,40.125,92,36.885
-1.2868,41.321,95,36.91
-0.51235,40.955,93,36.91
0.42837,40.953,113,36.455
2.4527,37.669,104,34.743
2.1549,38.29,115,37.464
1.8627,36.734,125,41.847
1.3181,38.041,156,52.367
2.2661,38.314,142,48
1.8404,37.864,138,45.122
1.1665,37.683,138,41.318
0.59701,37.424,123,37.274
2.4489,37.35,130,38.663
2.7358,38.899,151,44.783
0.28395,40.642,160,44.775
0.1133,42.707,151,42.492
0.38973,44.632,131,42.906
1.684,45.483,107,39.217
2.9222,43.733,123,40.251
3.3041,40.626,148,42.972
4.2224,37.736,127,37.53
2.5834,38.709,109,35.314
1.2652,43.045,128,38.597
1.8017,42.53,101,34.462
2.8837,39.828,105,35.777
1.3346,39.19,144,41.293
1.5465,40.024,160,43.253
1.5607,40.194,169,44.014
1.4649,39.842,164,43.096
1.3039,39.575,163,43.369
0.9098,39.242,169,44.75
0.20832,38.679,178,46.073
-0.060738,38.848,186,48.968
-0.10423,39.09,202,50.382
-0.45843,39.551,211,52.243
-1.5099,40.299,207,51.11
0.055084,38.68,210,50.589
2.4996,38.264,192,47.686
0.72834,41.486,195,47.496
0.7827,39.479,175,44.965
2.8331,36.473,161,42.418
-0.42983,38.366,166,44.386
-1.2792,43.156,166,44.32
-0.36197,41.989,201,49.82
-0.36964,38.253,235,55.154
-0.1098,42.338,224,52.4
-4.0513,40.64,252,61.547
-3.8123,41.354,266,66.302
-7.2937,39.995,276,67.651
-4.4611,42.05,287,69.586
-3.2502,38.821,276,64.723
0.56986,35.745,271,63.945
0.22021,36.156,257,64.756
0.90042,34.544,263,67.973
3.6151,37.437,274,78.666
2.1821,42.26,267,74.093
5.6062,37.628,259,72.48
7.7497,35.924,234,64.888
6.1035,39.804,247,76.235
4.5819,38.991,265,79.146
4.7744,40.844,251,71.372
-2.3629,43.088,244,68.072
-7.434,45.099,234,57.304
-8.5521,47.593,263,60.091
-6.3484,44.813,274,63.11
-10.025,47.917,242,59.951
-10.482,47.442,271,76.789
-8.2006,45.015,269,72.778
-13.236,47.973,244,62.837
-13.965,54.873,232,53.558
-14.773,59.131,227,54.17
-11.397,63.474,221,58.884
-9.0013,66.504,223,53.558
-13.284,64.05,226,61.985
-15.052,55.903,241,63.523
-17.159,49.39,231,63.002
-21.133,51.359,237,63.068
-23.806,49.299,232,61.15
-25.45,50.565,216,58.082
-27.133,51.334,231,63.888
-24.995,50.33,251,69.586
-29.076,52.534,235,68.023
-33.156,47.326,240,67.924
-40.576,46.609,244,67.949
-45.144,45.26,242,63.16
-47.27,42.639,253,64.888
-50.209,44.804,249,67.534
-56.987,47.623,235,68.502
-63.653,48.807,239,62.324
-69.139,50.593,247,61.638
-70.476,53.264,230,54.981
-71.791,53.69,233,55.435
-74.211,58.005,231,54.583
-71.466,63.347,231,57.792
-65.734,66.25,238,58.942
-60.804,71.232,227,56.75
-54.884,74.296,237,60.993
-53.36,76.018,225,54.782
-52.876,74.569,216,50.564
-56.126,74.31,216,58.412
-56.932,79.977,208,54.029
-59.699,81.697,214,60.802
-65.501,85.958,221,57.734
-69.073,91.118,218,57.172
-71.08,93.537,221,56.717
-72.956,97.924,220,52.772
-78.008,102.11,225,56.907
-84.377,106.04,213,54.186
-87.738,110.05,220,54.848
-90.206,111.9,218,55.427
-88.966,118.15,199,50.175
-89.401,121.63,155,47.016
-89.871,125.13,136,45.37
-89.651,126.48,150,48.124
-89.631,126.21,162,47.843
-89.616,126.29,160,46.809
-89.525,126.55,176,48.67
-89.797,126.46,184,49.729
-89.797,126.54,196,49.828
-90.162,125.99,200,50.87
-90.307,126.04,215,52.069
-91.468,125.86,228,53.475
-91.598,124.25,233,53.194
-91.728,122.16,246,55.179
-91.378,119.74,249,54.906
-94.131,118.79,246,53.26
-97.008,117.44,235,54.79
-100.11,118.02,233,55.625
-104.07,118.23,217,53.607
-106.86,119.75,210,52.822
-103.99,121.93,199,53.26
-103.35,120.91,171,46.966
-106.55,121.76,169,45.858
-108.83,121.27,183,47.173
-108.75,121.64,189,46.528
-108.76,121.77,191,46.71
-108.66,121.74,190,46.718
-108.67,121.85,192,47.173
-108.24,121.44,197,47.198
-107.77,121.05,201,48.232
-107,121.02,220,50.655
-106.23,119.76,219,51.118
-105.54,118.39,218,53.351
-104.02,117.82,231,54.302
-101.91,118.22,230,54.649
-103.26,122.19,226,53.235
-104.08,125.31,229,58.404
-104.13,127.67,238,65.74
-103.6,129.97,255,66.6
-100.99,133.66,267,77.07
-98.189,135.64,259,67.725
-95.879,134.55,277,72.844
-95.362,138.09,263,75.25
-96.301,138.84,272,75.003
-101.73,143.16,252,72.009
-105.82,148.51,246,68.163
-109.55,155.06,252,66.203
-113.35,160.87,246,60.323
-115.36,166.34,224,56.353
-118.03,170.05,216,56.097
-119.16,174.04,225,55.526
-120.08,175.61,218,64.524
-120.23,176.72,223,70.81
-119.38,182.97,187,68.585
-117.28,187.37,194,66.038
-115.3,191.8,163,58.346
-112.22,195.04,140,56.957
-112.48,197.22,59,32.411
-110.35,199.59,53,27.432
-111.47,203.32,113,44.196
-112.56,205.47,115,43.741
-113.8,206.7,76,34.371
-115.34,209.99,75,34.718
-116.47,211.24,77,37.009
-118.1,213.58,64,33.982
-118.21,215.51,67,31.443
-117.87,219.23,59,26.382
-117.39,221.43,82,30.517
-117.44,222.8,92,34.098
-117.23,224.58,90,32.593
-115.54,225.29,99,36.984
-113.55,228.51,100,38.299
-112.04,231.96,100,35.893
-111.15,234.99,67,29.409
-111.17,237.07,81,33.908
-110.38,239.44,65,30.153
-110.76,239.72,52,30.443
-112.09,243.45,146,50.291
-111.63,241.9,171,58.892
-111.71,237.87,204,67.055
-112.44,232.16,235,67.907
-113.81,225.72,230,62.556
-114.25,224.16,224,56.907
-115.1,227.15,208,55.658
-116.16,221.24,226,56.634
-115.54,222.23,211,53.748
-116.47,220.88,205,52.557
-119.33,222.15,201,57.486
-120.82,226.23,170,47.264
-120.25,223.21,170,50.663
-124.08,226.1,133,43.253
-122.3,222.75,174,52.987
-123.65,225.01,156,49.456
-123.95,223.61,163,46.04
-125.42,226.81,145,49.655
-126.22,227.69,144,50.763
-125.3,229.99,134,46.198
-127.81,228.4,137,49.034
-128.9,230.08,138,51.143
-127.91,226.21,165,49.505
-130.78,225.49,161,47.942
-131.37,224.45,177,49.894
-131.5,224.78,176,50.076
-134.12,223.37,173,48.215
-135.28,223.09,165,46.743
-137.73,221.73,135,40.094
-136.6,220.79,134,40.259
-136.66,219.52,110,37.373
-135.77,219.11,96,36.24
-133.97,219.77,83,35.479
-135.24,220.67,91,34.652
-135.28,220.96,122,37.257
-134.38,222.92,124,37.464
-136.95,221.14,130,40.83
-139.35,221.84,122,38.217
-139.97,220.99,119,37.464
-141.22,220.59,142,41.566
-142.34,223.09,147,43.046
-136.28,224.68,147,41.574
-137.98,224.07,109,35.661
-139.38,225.12,84,31.253
-138.6,225.49,97,32.295
-138.33,225.24,111,35.686
-138.39,225.81,125,37.555
-138.09,225,136,38.663
-138.43,224.71,148,40.557
-138.79,223.87,171,43.898
-138.37,223.25,180,45.701
-139.21,222.76,193,47.38
-138.38,222.85,210,49.638
-139.72,222.93,219,51.788
-141.53,224.43,201,50.266
-141.5,223.67,201,51.978
-137.43,224.9,190,47.636
-138.02,225.77,171,44.204
-141.66,222.68,169,45.42
-142.17,223.58,162,44.659
-141.2,224.36,164,44.196
-139.98,222.58,174,45.42
-144.52,224.05,183,46.619
-144.07,222.72,180,47.562
-144.8,225.07,184,47.752
-149.06,222.64,176,49.753
-153.9,221.88,169,48.397
-153.65,222.28,181,50.589
-152.3,221.63,187,50.697
-149.17,225.14,173,48.074
-149.58,229,156,42.782
-152.13,230.52,139,41.293
-156.12,227.15,152,42.906
-158.74,225.09,157,46.346
-158.4,225.49,175,47.909
-153.76,225.54,183,56.056
-151.4,228.56,157,46.743
-153.98,225.9,176,49.067
-158.72,225.55,157,46.023
-159.34,226.93,174,56.742
-163.58,227.25,154,49.323
-168.61,227.37,147,50.192
-172.24,228.09,128,46.462
-176.29,228.6,116,44.221
-179.78,230.99,101,38.043
-180.7,231.47,88,38.109
-183.99,234.21,79,37.092
-186.62,237.71,118,44.957
-190.62,241.96,159,48.058
-193.16,246.5,130,46.363
-196.48,250.45,145,48.05
-199.25,253.04,101,41.409
-200.41,252.51,107,38.109
-199.45,254,156,49.555
-203.35,256.63,181,52.739
-202.6,257.11,198,56.957
-202.9,259.59,182,50.581
-201.01,262.55,149,50.382
-199.47,261.99,160,53.674
-199.09,264.8,135,51.3
-197.75,267.1,109,53.889
-197.09,270.35,252,68.378
-197.34,272.73,233,66.873
-196.68,275.83,206,59.289
-194.05,278.63,168,50.746
-195.04,281.98,126,44.684
-195.86,284.41,105,39.333
-195.47,286.68,195,55.336
-194.32,288.38,181,50.936
-194.01,288.72,190,52.665
-195.51,288.13,209,60.067
-198.65,286.03,215,56.122
-200.41,286.45,204,59.397
-201.04,285.73,219,58.752
-202.31,286.41,192,58.462
-201.87,289,155,46.247
-200.97,289.19,165,51.069
-201.23,289.26,175,50.291
-201.12,288.56,194,54.418
-200.92,288.26,201,51.507
-200.9,288.06,212,53.26
-200.59,287.64,216,54.972
-200.7,287.45,228,57.147
-200.4,287.27,236,56.775
-200.52,286.91,238,60.249
-201.05,285.4,243,59.133
-202.24,284.64,243,56.568
-202.22,283.28,243,55.179
-202.68,285.53,230,58.57
-202.82,287.67,234,60.629
-202.03,288.16,240,61.059
-204.07,286.56,232,55.41
-202.47,286.27,243,64.731
-201.35,289.63,225,56.32
-199.85,289.49,218,56.866
-199.74,290.51,206,54.137
-198.31,293.27,206,52.64
-197.21,295.5,186,52.946
-195.14,298.42,192,54.418
-192.35,301.02,189,61.655
-190.22,302.02,175,54.989
-187.13,303.7,154,53.79
-185.4,303.68,151,50.796
-183.9,304.46,152,51.052
-183.08,305.74,142,53.335
-181.35,306.39,123,49.109
-179.96,307.43,117,49.671
-179.23,307.46,153,67.634
-176.63,305.84,166,59.513
-174.52,305.71,155,61.374
-173.1,304.94,170,55.667
-172.57,304.71,154,63.243
-172.41,304.72,116,46.57
-172.15,305.33,111,40.284
-172.29,305.29,130,45.999
-172.24,305.55,142,44.593
-172.83,305.32,157,51.532
-172.97,305.26,161,51.97
-173.54,304.89,173,49.638
-173.85,304.44,188,52.657
-174.25,304.44,197,55.642
-174.24,304.46,211,55.733
-174.93,304.36,226,60.05
-175.66,304.16,245,57.9
-174.44,304.07,236,61.672
-173.9,305.47,231,59.074
-173.88,306.3,226,61.613
-172.45,306.08,224,62.788
-172.84,304.13,218,57.693
-171.54,305.41,223,62.002
-175.37,305.5,205,57.437
-175.35,304.53,201,56.568
-173.43,307.22,205,53.401
-175.71,308.22,176,58.074
-178.38,308.86,174,58.264
-175.85,310.57,155,55.733
-173.54,311.46,153,55.94
-175.06,313.48,126,49.919
-171.9,315.42,101,45.519
-171.05,314.63,103,52.293
-167.97,315.15,109,52.921
-164.46,315.76,107,60.34
-163.02,316.22,120,54.162
-161.04,316.47,128,59.033
-158.97,315.61,133,49.067
-157.35,316.47,139,62.928
-156.45,315.21,163,61.274
-156.27,314.53,179,67.262
-156.08,315.99,131,83.587
-156.08,315.99,131,83.587
