0,-0,125,44.684
-0.62574,0.712,115,39.771
0.085313,1.7715,131,39.217
2.256,3.144,125,37.828
2.9588,3.9354,137,40.069
3.1066,4.5517,151,43.187
3.3285,4.8975,166,44.477
3.0852,4.4581,167,43.94
1.4648,4.8995,160,43.063
1.1859,5.418,149,42.492
1.7307,5.4484,173,45.42
1.8198,5.4453,210,50.746
0.75079,4.5166,219,55.063
0.6429,4.9191,226,54.087
0.64383,4.812,230,55.08
0.71386,4.7799,224,54.327
0.76208,4.8072,227,54.236
0.97454,4.7357,219,53.963
0.98618,4.6816,224,54.426
1.1671,4.8009,225,53.012
1.2221,4.9772,230,53.682
1.196,5.187,240,54.236
0.98171,5.161,245,55.518
1.321,5.387,256,57.602
1.7218,4.9498,233,53.31
1.3872,3.6871,217,52.632
0.52862,3.1987,233,54.228
-0.39644,3.7179,238,56.866
0.11728,2.5163,235,56.61
1.4439,2.1829,234,57.586
2.4103,2.4093,224,57.279
3.4855,3.024,209,54.74
3.786,2.752,200,52.921
2.9768,2.2509,203,52.739
1.4668,3.8453,192,58.272
0.99974,5.7924,214,56.494
2.8498,5.01,247,68.072
3.9131,5.1748,258,71.355
4.2446,5.1813,257,71.463
4.5492,5.012,252,69.594
4.6552,4.9038,245,67.237
4.675,4.8103,238,66.782
4.6919,4.9161,245,65.558
4.7422,4.5792,238,66.137
4.9927,4.4713,246,64.607
5.3111,4.2144,252,63.962
5.192,3.2382,252,62.78
4.9227,2.4148,247,60.613
4.5286,1.8897,233,55.75
3.6239,1.3994,222,54.509
2.5213,1.7653,229,56.957
2.2884,2.7221,238,62.556
2.4558,2.5775,229,58.793
1.9942,1.0854,218,55.733
1.2205,0.63455,204,51.002
-0.027077,0.096615,195,51.118
0.23323,0.16626,188,51.217
1.1231,0.70471,192,51.672
1.145,0.45078,196,53.905
0.1672,0.67954,191,53.955
0.21861,0.35622,199,52.921
1.7729,1.1033,208,54.898
2.2836,1.1924,194,49.266
2.5766,0.63638,201,49.192
3.1448,0.21444,205,52.615
4.4726,2.5475,197,51.788
6.3644,4.6001,193,51.78
6.5581,4.3856,174,47.471
5.7029,6.0676,144,41.847
6.5195,7.1656,153,43.691
5.1682,7.7731,180,47.777
3.1366,8.2348,202,55.799
-1.3366,8.3653,184,47.686
-3.298,11.006,168,45.279
-4.0317,11.47,191,50.936
-2.8957,8.7828,240,63.358
1.446,7.8305,292,80.535
5.5168,6.4762,279,72.43
8.321,5.3831,256,59.306
5.4373,8.3344,259,61.059
2.2742,9.6938,275,68.105
0.2252,7.3514,274,73.969
-1.3106,2.8874,301,86.928
-1.0902,-0.064087,276,72.199
0.74928,1.7169,244,55.642
2.8613,2.2186,242,59.752
3.7235,2.014,255,60.298
3.2464,2.6748,258,60.844
1.9535,6.4821,268,67.03
-2.3237,6.9214,254,60.67
-4.6344,7.0598,230,58.148
-3.4918,8.6875,245,67.833
-4.1066,10.78,228,60.182
-3.4727,9.1005,243,67.22
-2.348,12.036,250,68.932
-5.454,15.82,240,57.974
-8.1453,15.556,252,63.3
-4.4079,14.573,279,69.966
0.41136,16.561,267,64.317
-0.37119,20.899,253,58.875
-3.86,25.5,259,62.63
-5.3913,28.876,275,70.148
-6.6283,30.273,259,61.911
-6.2526,33.994,253,60.108
-6.9008,38.306,253,60.695
-8.5071,41.961,256,68.527
-10.892,45.657,262,66.575
-8.8596,51.594,243,58.247
-11.422,56.332,245,55.501
-15.589,58.127,260,60.232
-15.429,56.995,265,66.939
-12.651,60.929,259,69.966
-16.346,62.917,264,66.129
-18.872,61.527,264,59.421
-18.808,63.619,262,59.545
-18.566,62.114,244,55.865
-22.267,60.475,242,54.906
-28.148,59.901,244,54.972
-33.701,60.437,252,59.016
-38.157,58.59,258,56.676
-43.005,56.955,244,55.841
-45.164,60.163,258,58.793
-47.527,64.589,247,57.974
-51.668,65.947,239,55.617
-55.962,69.444,234,53.955
-59.38,71.394,238,59.008
-62.5,75.899,225,55.27
-64.603,77.114,211,52.293
-65.659,75.736,214,58.123
-67.718,73.187,249,63.871
-68.466,72.374,253,64.938
-68.821,72.248,265,65.649
-69.004,72.433,280,68.08
-68.979,72.555,277,67.708
-69.146,72.609,279,66.484
-69.21,72.595,266,64.425
-69.234,72.849,273,64.789
-69.052,72.853,270,65.004
-68.746,72.544,283,65.558
-67.849,72.447,308,68.188
-66.64,71.69,304,65.36
-66.862,70.887,283,62.002
-68.347,71.225,282,62.573
-68.12,72.996,277,59.968
-66.679,73.223,291,66.55
-68.831,71.418,319,76.119
-69.233,71.481,295,68.725
-68.507,73.347,310,67.956
-70.488,73.659,320,74.556
-71.955,75.829,315,73.199
-73.566,78.84,302,70.371
-72.921,82.068,295,73.547
-74.01,82.722,286,73.613
-77.614,80.995,290,69.279
-79.845,79.45,292,72.108
-80.27,78.975,294,74.184
-80.738,76.943,274,70.694
-80.661,75.421,263,68.262
-80.111,75.342,270,70.768
-81.409,75.208,286,70.983
-81.726,75.049,294,70.983
-81.847,75.025,302,73.671
-81.903,74.697,292,74.829
-81.729,74.6,285,74.647
-81.662,74.585,274,73.729
-81.647,74.797,274,74.746
-81.775,75.107,274,74.936
-82.148,75.468,275,73.497
-82.815,76.227,270,72.86
-83.887,76.527,264,68.998
-84.708,75.82,250,61.34
-84.656,75.279,253,57.114
-84.479,75.145,251,57.461
-85.38,73.588,236,55.501
-86.07,73.93,261,63.78
-86.478,75.791,298,67.179
-86.25,75.702,294,70.52
-86.148,75.339,289,72.861
-85.981,75.258,279,72.968
-85.758,75.479,271,73.15
-85.447,75.76,266,71.852
-85.118,76.2,269,73.175
-84.817,76.221,261,71.008
-84.568,76.761,261,69.271
-84.39,77.096,255,65.864
-84.873,77.733,253,62.39
-86.292,78.097,258,61.985
-88.179,77.857,264,64.127
-88.12,76.63,245,59.909
-86.444,76.099,242,61.704
-87.014,76.365,252,71.181
-88.485,75.246,248,62.779
-87.591,75.655,265,68.279
-87.8,78.876,272,66.947
-88.007,80.609,290,71.049
-86.829,82.405,299,65.161
-84.856,81.983,308,68.56
-84.401,80.009,310,75.457
-84.62,76.806,320,77.368
-82.58,73.957,301,69.131
-83.851,74.314,329,72.125
-85.626,74.961,332,73.977
-87.651,75.63,331,80.138
-88.108,77.884,341,78.087
-88.513,79.727,344,80.667
-88.666,80.298,345,77.144
-89.336,82.796,349,80.171
-90.236,80.963,368,83.711
-92.912,81.775,339,74.043
-94.255,81.647,347,68.767
-98.346,82.743,333,70.098
-98.371,83.956,329,71.14
-101.09,84.978,313,74.954
-101.7,86.772,300,70.884
-102.79,87.042,296,72.778
-103.85,89.278,290,76.756
-107.19,90.529,292,79.634
-108.49,91.581,275,74.085
-111.36,94.869,241,63.598
-113.16,96.988,248,61.059
-115.28,101.04,243,57.974
-116.46,101.79,257,70.247
-116.14,100.72,273,71.256
-118.44,100.68,263,61.82
-121.97,101.84,266,74.142
-123.71,97.697,259,75.292
-126.88,94.943,281,75.614
-132.18,91.759,267,74.796
-134.4,87.242,256,72.314
-135.38,83.862,206,66.922
-137.75,80.778,169,56.907
-139.63,77.126,132,49.985
-142.82,74.043,96,33.8
-148.66,70.722,276,76.243
-154.15,67.81,271,73.199
-158.33,64.932,278,72.91
-161.91,62.548,284,80.006
-166.82,58.601,275,71.504
-168.33,54.282,268,64.334
-169.62,52.598,238,59.48
-168.83,56.708,230,58.181
-168.49,56.479,261,67.444
-168.04,57.114,286,71.248
-167.93,57.367,285,72.662
-167.88,57.19,295,74.465
-167.61,57.331,288,76.822
-167.51,57.388,283,75.408
-167.43,57.203,276,77.401
-167.24,57.266,281,76.334
-166.64,57.393,280,76.922
-166.03,57.477,277,76.061
-165.26,57.873,286,77.732
-163.93,58.167,290,78.286
-163.49,57.234,288,77.252
-163.28,55.526,288,75.267
-163.68,54.211,302,72.091
-165.43,54.184,323,77.186
-167.78,52.997,312,72.017
-169.88,50.83,294,68.759
-171.25,48.434,293,69.586
-174.19,47.833,310,69.139
-176.88,45.727,302,73.605
-181.26,44.659,314,76.565
-185.09,43.668,331,79.724
-190.3,44.762,321,77.657
-195.32,45.438,327,81.61
-200.88,45.651,312,79.832
-206.27,46.459,300,77.69
-211.25,46.567,285,72.199
-214.99,45.609,288,75.656
-220.6,45.48,294,69.85
-225.73,44.864,293,79.857
-230.65,45.039,279,73.265
-234.4,43.486,232,63.78
-237.99,42.295,176,51.738
-239.99,39.665,108,41.202
-246.19,39.871,300,72.389
-251.11,39.441,285,73.762
-256.75,41.825,276,70.884
-263.52,42.074,270,69.875
-269.82,45.057,230,66.873
-274.78,45.525,207,73.175
-276.46,49.219,147,62.771
-281.29,48.836,123,47.777
-287.75,48.916,174,64.797
-290.43,45.528,168,59.827
-294.28,42.076,108,48.604
-298.26,39.457,60,27.358
-303.77,39.951,131,44.742
-306.31,39.485,88,36.811
-314.84,36.272,151,49.712
-318.75,33.352,74,30.244
-323.76,30.11,132,51.16
-327.27,24.891,72,33.908
-333.01,23.027,218,66.418
-331.41,17.367,213,64.152
-333.83,14.671,227,61.241
-333.24,8.81,221,61.613
-331.88,5.8306,216,54.691
-329.15,5.8972,231,56.395
-326.8,5.6777,237,57.279
-326.19,2.9472,242,56.56
-330.9,3.5863,225,56.196
-335.13,5.7124,171,52.541
-336.72,3.7796,108,40.135
-338.32,5.2089,66,31.261
-338.32,5.2089,66,31.261
