0,-0,146,57.139
0.66116,-0.10445,136,64.839
0.7725,0.50269,112,80.123
1.1525,-0.56142,122,95.199
1.1432,-1.9552,103,66.137
1.1931,-0.037993,521,92.816
1.1584,-0.56116,514,86.457
0.79971,1.0574,529,95.686
-0.68378,2.3905,500,89.558
-2.7982,2.7977,498,85.042
-5.8535,0.96433,507,84.588
-7.2741,-0.47523,474,80.064
-4.0409,-1.1037,487,81.916
-2.6859,-0.13766,512,85.729
-1.9745,0.9171,580,91.237
-1.5181,0.65213,570,93.751
-1.7944,-0.59096,565,93.197
-1.8513,0.62628,558,94.495
-1.494,1.0307,541,92.453
-1.7549,0.01591,539,96.034
-1.5994,0.42443,541,89.459
-1.4279,-0.45178,542,100.14
-0.95682,0.80626,532,95.827
-0.73485,-0.45136,534,98.159
-1.087,-1.6093,539,97.804
-1.654,-1.9078,530,98.242
-3.3456,-1.9301,517,89.351
-5.2607,-1.5416,515,84.563
-7.5135,-0.79277,533,86.903
-7.7106,1.6991,532,87.458
-4.931,2.4396,531,90.361
-3.1333,0.44077,539,88.69
-4.2074,-2.1019,543,89.633
-8.0084,-3.6619,537,86.026
-10.602,-7.1056,535,89.707
-10.181,-10.07,515,87.028
-8.3551,-7.8462,499,82.429
-7.1938,-4.9333,498,81.081
-5.0991,-2.0239,518,86.755
-2.1879,-2.0996,516,87.607
1.0295,-0.78888,488,78.774
3.612,-0.4875,497,81.313
0.86241,-0.40992,489,80.502
-3.3,-3.6704,508,85.009
-5.0499,-11.239,511,83.488
-6.4776,-14.521,481,81.288
-5.6272,-12.671,449,80.544
-8.2057,-9.5172,504,83.041
-9.9236,-8.2421,535,91.973
-9.8873,-9.3435,537,94.222
-9.6295,-9.2512,530,91.618
-9.3487,-8.9297,513,93.172
-9.5563,-9.6264,524,91.791
-9.7521,-9.5339,514,93.47
-10.011,-10.188,514,99.971
-9.6452,-9.3377,515,96.968
-9.9146,-9.2372,516,94.702
-9.9993,-9.6304,530,108.08
-10.73,-8.4448,520,108.1
-11.945,-10.487,540,98.92
-11.12,-10.736,519,95.248
-10.213,-12.325,524,94.446
-12.355,-10.89,516,84.687
-12.793,-6.1749,522,87.631
-11.351,-2.6468,508,81.734
-9.7827,-6.7621,506,84.852
-6.8481,-8.3928,531,84.488
-4.3855,-7.8867,555,87.871
-5.0752,-5.5431,566,90.773
-1.8087,-6.4237,556,90.675
1.3922,-6.6765,548,87.168
0.93659,-6.4956,557,90.774
-2.1663,-11.228,569,87.466
-6.4121,-17.039,547,85.986
-10.845,-23.511,540,87.284
-15.972,-29.018,524,87.946
-21.39,-35.374,501,84.389
-20.566,-40.007,500,86.349
-19.5,-36.963,422,76.524
-20.064,-36.049,379,71.827
-21.788,-39.501,415,76.334
-21.725,-39.34,416,79.667
-21.709,-39.166,412,75.176
-21.549,-39.199,407,79.882
-21.642,-39.085,398,77.186
-21.604,-40.304,399,77.533
-21.311,-39.764,394,80.064
-21.393,-39.788,402,78.087
-21.224,-39.108,404,82.777
-21.362,-40.229,424,83.347
-20.69,-37.886,450,79.634
-19.095,-36.703,469,85.613
-19.104,-39.167,473,83.529
-22.313,-41.141,481,85.266
-24.77,-39.378,475,80.635
-20.497,-38.723,473,79.361
-16.488,-35.694,480,81.825
-18.002,-34.888,490,83.968
-22.083,-33.347,504,88.326
-22.62,-37.452,516,97.349
-23.498,-40.539,500,86.945
-26.006,-45.571,512,87.077
-34.509,-49.591,537,93.007
-42.432,-53.732,515,86.341
-49.728,-60.666,493,86.705
-56.031,-66.925,487,83.017
-62.536,-75.512,495,81.577
-65.482,-84.268,482,87.4
-61.865,-92.802,490,85.605
-55.207,-96.619,503,92.32
-53.985,-104.4,467,86.275
-56.31,-102.1,443,77.806
-60.48,-100.04,458,82.727
-62.888,-98.547,516,84.149
-62.682,-98.528,532,90.195
-62.742,-98.792,535,89.649
-62.618,-97.829,529,87.068
-62.611,-98.613,530,88.375
-62.597,-98.298,539,90.195
-62.619,-99.083,537,91.965
-62.628,-99.006,534,92.8
-62.288,-97.926,538,92.734
-61.477,-97.895,549,104.54
-60.07,-98.631,573,93.287
-59.451,-101.75,589,95.479
-61.168,-103.15,588,95.546
-61.018,-100.81,554,97.224
-57.217,-98.233,552,97.705
-51.362,-97.305,567,108.59
-45.95,-100.27,547,94.157
-41.598,-104.07,536,99.243
-38.213,-102.9,549,120.8
-43.688,-102.35,518,95.952
-45.986,-109.76,543,99.574
-41.048,-115.6,533,93.685
-37.692,-119.34,544,93.908
-36.157,-127.39,527,94.197
-34.494,-131.91,540,106.32
-34.11,-132.61,519,104.56
-36.652,-125.91,509,88.971
-43.682,-119.85,530,94.711
-43.78,-106.81,522,88.599
-41.375,-99.504,531,95.083
-49.105,-103.77,535,100.44
-47.917,-107.92,529,93.999
-41.162,-115.29,532,89.55
-31.843,-123.35,503,87.185
-23.646,-127.06,521,104.26
-17.163,-125.47,505,88.235
-9.1512,-124.76,481,89.55
-3.7472,-122.67,433,81.23
-1.5472,-120.27,422,76.235
-7.3418,-117.91,360,75.598
-5.9525,-118.72,280,65.575
-4.1029,-121.79,180,53.334
-4.1777,-121.05,142,52.194
-3.5815,-121.05,136,46.602
-2.8346,-121.36,147,51.515
-1.123,-122.34,160,55.634
-1.1569,-122.75,172,62.473
0.57119,-125.11,289,67.179
-0.83418,-122.42,309,69.04
2.7164,-125.57,245,58.966
5.9749,-125.27,186,52.797
7.4394,-126.18,122,41.69
5.972,-122.36,116,45.073
1.7793,-124.24,121,41.252
1.7669,-123.89,133,43.005
4.403,-121.42,116,38.762
3.0985,-120.62,124,40.739
1.041,-119.41,116,43.642
-1.5691,-122.59,106,40.673
2.4841,-128.16,108,39.523
9.2111,-124.89,103,37.191
7.0767,-117.94,108,36.819
0.56386,-125.02,133,43.295
4.5051,-127.02,127,41.111
6.6207,-128.15,128,41.963
5.7928,-129.33,130,44.957
7.9154,-130.2,140,43.154
9.3967,-130.2,147,46.578
8.7176,-129.82,149,48.265
5.911,-128.21,146,49.555
3.3019,-125.25,158,48.877
1.6774,-121.68,195,60.224
-0.25774,-117.96,235,63.416
-2.0297,-114.77,290,63.317
-4.3358,-113.87,354,73.729
-4.6273,-118.6,403,89.252
2.4931,-117.51,411,84.307
9.5519,-116.08,394,81.387
10.747,-123.34,390,74.167
12.667,-132.91,387,82.95
13.559,-128.31,411,80.089
13.472,-117.39,398,74.829
5.4577,-113.72,408,76.028
1.5429,-122.39,409,76.814
4.8721,-130.24,399,77.112
12.707,-135.51,404,77.053
7.4357,-127.04,400,73.704
-2.8584,-124.64,420,78.129
-8.1455,-132.37,421,80.974
-4.4555,-134.96,419,80.808
3.2689,-125.39,407,80.172
15.037,-125.91,421,78.633
19.49,-123.25,441,84.373
11.327,-118.49,437,84.158
7.9889,-125.25,429,80.552
18.327,-132.54,431,79.254
26.299,-132.97,430,83.753
36.662,-131.95,421,77.897
40.748,-139.27,421,81.321
45.006,-146.88,407,74.142
50.716,-144.5,407,78.145
48.574,-140,407,80.279
37.225,-144.63,395,76.913
32.427,-144.75,386,75.3
37.878,-143.07,379,70.545
43.32,-137.61,408,73.613
44.037,-137.92,424,76.425
43.086,-137.55,464,81.231
42.837,-136.33,469,86.457
42.874,-136.29,491,85.77
42.931,-135.42,511,92.362
42.667,-135.5,527,98.796
42.264,-133.72,546,95.099
41.569,-133.35,544,91.89
40.17,-132.85,586,103.98
38.785,-136.53,587,100.97
38.336,-139.61,570,96.257
40.38,-142.63,561,101.91
42.15,-144.7,549,92.486
41.939,-140.8,531,92.535
38.68,-134.26,509,87.482
37.028,-138.34,524,91.064
44.392,-140.24,501,87.565
45.907,-134.67,486,80.643
42.843,-129.76,479,81.362
38.85,-129.67,506,88.541
40.986,-136.44,491,84.125
40.546,-141.07,517,91.113
40.863,-140.94,534,94.652
35.128,-146.82,487,81.982
28.548,-148.7,500,84.133
25.643,-141.16,484,86.06
26.797,-138.63,501,97.548
34.926,-130.86,495,87.276
42.075,-130.12,507,89.368
49.913,-135.81,491,84.472
54.244,-141.98,485,84.993
51.756,-148.36,469,85.423
43.233,-149.91,466,80.461
40.707,-156.29,471,89.443
43.366,-159.57,484,94.297
50.1,-163.34,465,86.267
51.853,-168.74,472,91.394
47.159,-166.66,442,82.669
41.999,-166.99,447,85.539
49.219,-169.73,447,82.901
54.538,-173.98,466,85.208
54.44,-183.04,441,81.123
46.953,-189.89,417,80.461
46.313,-199.83,433,89.186
48.18,-209.86,437,80.618
46.244,-219.05,433,83.595
43.692,-219.43,399,78.765
41.945,-217.25,460,86.043
52.763,-223.09,440,81.139
46.942,-215.07,440,80.692
41.521,-201.85,452,80.825
34.615,-192.98,447,81.081
27.24,-190.96,442,78.575
26.086,-179.42,446,78.575
22.308,-187.18,443,91.212
13.15,-196.38,423,80.999
15.415,-205.31,441,76.4
16.614,-217.37,429,76.673
18.055,-228.88,430,78.029
17.123,-239.94,433,81.569
10.033,-242.94,418,76.408
3.5063,-252.78,419,76.359
0.6685,-256.66,433,81.271
-6.5279,-248.44,421,73.53
-11.243,-244.76,423,80.436
-4.3209,-233.27,426,79.576
7.2365,-223.5,432,78.203
21.77,-224.17,437,77.591
30.82,-229.58,436,77.484
41.707,-230.79,426,81.247
47.15,-235.01,417,83.1
41.416,-232.77,409,74.721
31.632,-231.13,398,72.761
29.59,-232.9,397,74.258
26.878,-229.84,430,78.898
26.61,-229.64,454,85.15
26.166,-228.64,472,81.495
26.294,-229.69,494,81.974
26.585,-229.43,502,84.588
26.755,-229.96,513,85.712
26.916,-229.14,523,93.801
27.023,-230.82,525,92.527
27.76,-230.33,540,99.425
27.972,-232.95,523,92.271
26.423,-233.33,505,91.824
24.257,-233.19,512,90.402
20.755,-231.31,499,89.178
18.918,-233.56,500,88.053
22.322,-236.31,496,83.281
27.069,-240.08,523,90.377
29.499,-241.18,504,86.622
22.944,-238.82,481,84.29
23.266,-244.5,501,84.935
25.498,-248.43,500,86.73
20.871,-242.27,478,86.159
15.214,-239.01,477,83.19
19.403,-244.24,484,88.318
21.404,-251.12,490,87.069
21.451,-255.58,477,82.934
17.692,-249.9,456,82.19
14.377,-246.32,439,81.47
9.817,-253.01,454,88.219
11.086,-253.55,454,82.909
14.1,-246.43,452,75.664
17.31,-243.34,499,86.655
20.838,-244.8,466,80.759
18.124,-246.69,471,84.224
11.507,-248.41,478,86.821
8.0716,-252.13,486,80.254
-0.55371,-254.98,478,85.142
1.7651,-254.11,464,84.77
10.941,-252.01,446,79.419
13.458,-254.45,461,83.347
6.2411,-258.21,462,81.776
8.0142,-266.18,466,86.465
5.5609,-274.63,463,85.109
3.5872,-284.43,448,83.381
4.8583,-291.99,429,79.543
3.9469,-304.28,440,84.952
8.7427,-311.38,435,81.081
6.8783,-322.72,421,74.267
6.7793,-326.63,329,72.935
2.2582,-331.38,120,48.165
0.15077,-342.65,445,78.89
-3.9308,-352.88,431,78.178
-3.7618,-352.71,436,81.214
-3.2462,-358.64,432,79.336
0.18878,-362.02,427,81.577
-1.1811,-374.33,422,74.837
7.0368,-371.73,418,72.017
17.891,-375.52,428,75.656
29.802,-380.68,419,73.398
38.599,-388.53,422,75.821
46.55,-397.95,408,73.688
50.438,-408.44,398,75.135
46.914,-407.66,421,80.833
33.844,-411.11,405,75.457
29.435,-421.25,417,74.622
35.765,-429.06,403,77.484
28.369,-438.36,411,78.931
26.182,-443.78,408,76.359
35.391,-450.16,396,71.537
33.568,-461.33,402,73.977
36.448,-462.37,387,72.414
32.742,-451.65,384,72.232
36.892,-454.01,380,70.975
38.161,-454.41,382,71.174
38.795,-452.42,405,74.639
39.346,-453.29,423,77.517
39.24,-454.13,469,83.67
39.346,-453.34,464,85.258
39.22,-452.97,479,86.391
39.136,-452.47,486,93.032
38.689,-451.69,486,90.328
38.177,-451.75,502,96.125
36.912,-450.74,495,102.48
37.116,-447.61,489,99.094
38.301,-446.32,492,88.053
39.008,-443.44,491,86.92
35.465,-442.4,498,92.85
31.038,-443.55,489,91.377
28.149,-441.68,496,101.01
31.345,-440.74,479,84.415
28.898,-444.7,459,81.362
32.291,-442.27,459,84.778
24.038,-441.15,446,80.941
20.372,-444.89,451,83.256
22.428,-446.5,465,83.298
30.261,-448.76,447,79.973
39.334,-451.98,459,81.14
34.456,-454.12,444,78.237
30.052,-458.83,448,82.165
33.44,-454.65,452,82.554
33.449,-447.8,467,88.053
28.34,-441,471,84.753
21.22,-441.71,479,92.701
22.662,-441.69,463,81.197
22.848,-444.7,457,78.542
19.582,-441.68,458,77.939
12.464,-441.57,449,79.725
10.881,-441.31,445,76.351
9.9533,-439.17,451,78.683
4.2632,-434.82,434,73.059
-1.8883,-440.91,443,76.797
-5.2365,-446.71,461,85.878
-11.395,-445.11,425,76.74
-17.931,-447.57,413,74.134
-17.755,-448.86,411,75.871
-16.265,-445.95,433,77.252
-21.915,-442.75,432,76.615
-22.074,-451.18,428,77.178
-18.262,-452.21,421,75.846
-20.598,-450.5,439,76.88
-31.04,-445.33,431,78.782
-23.501,-440.93,419,73.216
-9.8281,-438.98,433,75.722
0.97022,-430.18,435,77.252
7.7017,-425.13,427,81.727
15.68,-419.74,425,74.283
11.484,-416.58,411,77.26
13.739,-421.29,383,71.86
11.69,-422.45,365,68.328
11.262,-424.95,359,68.833
11.482,-427.15,369,68.262
12.387,-426.75,402,75.011
12.578,-428.3,433,78.228
13.086,-428.18,433,79.543
13.841,-429.19,438,84.886
13.904,-430.85,435,84.489
15.051,-432.5,434,86.391
15.604,-434.37,423,96.613
16.664,-436.07,413,93.214
18.251,-437.43,437,88.136
20.812,-436.65,437,83
23.068,-437.28,426,86.118
24.87,-437.6,431,77.922
21.848,-437.68,439,84.762
17.482,-436.63,456,90.609
14.526,-434.23,470,81.561
16.883,-434.09,475,81.668
23.852,-433.73,464,80.833
23.685,-433.47,466,81.404
19.457,-435.18,474,82.727
20.671,-440.24,465,85.721
22.255,-447.32,453,85.125
23.967,-454.05,451,84.133
24.489,-455.68,446,79.245
21.452,-453.6,442,83.463
19.103,-453.67,433,80.643
19.224,-454.48,441,81.04
23.338,-454.8,435,84.844
34.769,-458.53,423,80.709
37.642,-468.69,417,73.307
38.988,-475.94,419,79.774
42.253,-484.86,419,76.309
46.408,-493.17,424,80.188
49.74,-502.09,420,76.061
53.602,-507.98,425,81.759
48.426,-501.91,412,81.685
51.817,-512.98,415,84.15
54.455,-516.57,409,75.218
43.248,-511.9,426,83.901
35.998,-503.94,413,78.882
28.021,-509.26,402,74.746
19.07,-515.16,407,75.706
7.8553,-516.42,395,73.324
0.6037,-521.99,398,77.856
-5.2997,-528.31,364,77.525
-14.028,-533.27,179,63.325
-21.041,-532.06,207,59.62
-13.616,-541.38,395,75.135
-6.2644,-543.6,393,73.588
-3.7621,-554.42,384,71.338
4.1584,-562.67,369,72.943
8.1432,-573.22,357,68.552
11.514,-578.01,361,70.049
10.252,-586.59,352,71.463
17.438,-590.86,355,69.387
17.639,-591.9,357,73.638
11.016,-601.98,333,70.619
14.995,-608.99,312,64.987
20.857,-613.71,294,68.188
22.493,-607.52,291,64.144
20.453,-608.65,285,63.143
19.702,-609.15,303,65.649
19.385,-608.87,324,71.951
19.722,-608.56,341,77.203
19.816,-607.6,340,75.408
20.146,-608.73,325,87.987
20.488,-607.75,328,92.214
20.866,-607.21,323,92.032
22.03,-607.23,301,95.199
23.58,-606.6,289,85.928
24.326,-605.66,290,110.47
24.104,-603.84,299,92.404
21.785,-602.3,330,103.45
17.165,-602.62,361,100.48
13.125,-603.49,370,91.229
15.777,-599.71,383,89.856
18.666,-595.88,391,95.646
12.524,-596.4,393,89.476
6.8368,-598.36,384,86.383
8.3824,-601.74,385,84.241
14.73,-602.16,385,97.688
21.509,-601.85,362,91.436
27.388,-610.11,347,82.901
30.965,-614.95,324,84.117
34.349,-618.28,313,88.178
38.025,-614.8,322,81.577
36.337,-616.56,317,90.138
31.293,-622.81,312,76.434
23.281,-628.53,309,74.581
28.468,-632.69,288,81.015
36.173,-632.29,294,93.504
40.033,-632.16,289,82.165
36.914,-637.09,297,76.086
42.653,-643.05,236,85.002
43.788,-645.02,207,74.3
42.635,-655.59,173,83.116
48.826,-659.66,147,63.069
47.351,-670.18,418,82.81
52.182,-675.58,389,79.088
52.214,-677.65,390,74.862
50.288,-685.53,386,77.277
52.476,-689.64,375,71.091
50.349,-682.83,401,83.992
46.084,-687.89,362,74.391
44.421,-687.85,344,64.979
47.684,-690.54,341,66.484
49.509,-690.38,362,72.902
49.254,-689.61,389,71.769
49.243,-689.68,408,79.51
49.547,-689.56,418,82.355
49.736,-688.62,419,79.99
50.594,-688.08,450,86.482
51.743,-687.38,460,84.977
53.103,-687.09,470,89.178
54.11,-684.5,473,86.531
54.073,-682.36,455,83.959
50.7,-679.78,463,85.787
48.229,-683.93,453,83.273
50.669,-689.72,429,81.867
55.371,-691.94,421,82.52
55.317,-693.93,429,75.598
56.101,-698.78,416,74.812
58.013,-701.66,412,77.575
63.957,-702.97,425,83.273
67.276,-708.88,390,81.296
70.111,-711.38,383,80.552
72.895,-702.99,374,77.533
74.414,-696.08,370,77.36
69.328,-700.8,376,76.615
68.619,-711.93,369,78.319
70.008,-717.5,373,78.592
77.43,-716.72,365,80.461
84.002,-724.39,353,78.972
89.001,-724.69,356,83.364
88.004,-733.54,326,71.761
82.228,-741.3,318,73.101
85.713,-750.53,265,79.105
89.147,-758.96,202,89.277
88.03,-765.05,301,76.169
86.254,-774.52,259,68.387
90.198,-775.18,249,78.055
99.232,-774.29,237,70.843
99.232,-774.29,237,70.843
