0,-0,82,32.965
0.089997,1.6388,79,32.601
0.4092,2.717,83,33.312
0.12299,2.6505,94,35.868
0.17495,4.4833,104,37.464
-1.3609,4.6924,111,35.959
-2.3312,4.4854,112,35.388
-1.7312,5.2832,131,39.796
-3.2509,3.6408,140,42.674
-4.8866,2.2559,160,43.452
-3.7454,2.0122,158,43.708
-3.6581,2.7608,177,46.735
-6.4668,2.1285,172,44.866
-7.6492,1.0043,191,51.507
-6.628,-0.1706,186,50.862
-7.0276,0.066249,222,57.122
-7.44,-1.0372,233,57.892
-8.1249,-3.3352,249,58.313
-6.4797,-3.6133,255,61.315
-5.2296,-4.233,259,62.961
-4.8527,-3.4801,261,63.036
-4.9548,-2.9302,269,67.526
-4.991,-3.2673,263,65.649
-5.0587,-3.152,271,66.939
-5.1199,-2.9552,276,68.18
-5.1135,-2.8761,273,68.833
-5.1355,-2.931,273,70.719
-5.119,-2.8821,279,69.569
-5.2352,-2.6332,282,70.264
-5.2155,-2.8071,285,70.843
-5.2433,-2.7078,300,70.901
-5.3378,-2.9785,322,72.985
-5.6884,-2.9074,336,73.15
-5.7597,-2.0478,325,70.892
-5.5263,-1.2481,292,65.285
-5.2759,-0.84852,280,61.985
-5.4323,-1.2972,278,61.894
-7.055,-1.4474,272,61.588
-7.47,-2.56,263,58.321
-5.9806,-2.2518,250,56.014
-6.1009,-2.0628,280,60.579
-6.8077,-2.1324,332,69.9
-6.9635,-2.0229,342,71.099
-7.0366,-1.8809,346,70.776
-6.8941,-1.9006,344,71.355
-6.9721,-1.6256,341,70.586
-6.8895,-1.6702,340,70.032
-6.7954,-1.6202,340,70.032
-6.9127,-1.6707,339,69.842
-6.8798,-1.6121,338,69.288
-6.8407,-1.7786,337,71.008
-7.2203,-1.7968,343,71.562
-7.9937,-1.8192,350,69.751
-8.4438,-1.5327,334,66.327
-7.7013,-0.79918,334,69.801
-6.0723,-1.3182,336,68.353
-5.3506,-3.2591,328,67.956
-5.4874,-5.5957,315,69.387
-4.8463,-7.6394,310,68.717
-3.5575,-8.8576,311,68.99
-3.5039,-10.573,306,68.924
-2.5085,-12.019,320,72.149
-1.2113,-13.397,309,71.388
-1.611,-14.668,289,64.424
-3.1369,-15.355,279,63.159
-5.1313,-15.109,285,66.153
-5.7194,-14.212,268,59.884
-5.4738,-14.301,263,60
-7.0911,-14.364,275,60.579
-7.1433,-14.022,281,61.778
-7.178,-13.871,290,63.432
-7.0569,-13.897,296,63.341
-6.9962,-13.818,297,64.656
-7.0027,-13.796,295,64.193
-7.0027,-13.796,295,64.193
-7.1014,-13.86,293,64.267
-7.074,-13.882,294,64.937
-6.961,-13.955,291,64.656
-6.8932,-13.815,293,64.499
-6.7781,-13.654,294,63.846
-6.5366,-13.152,304,64.317
-7.0299,-13.591,300,63.738
-8.6134,-14.29,293,63.382
-10.362,-14.049,301,65.698
-12.146,-12.923,338,69.089
-14.404,-11.299,354,72.447
-15.643,-10.435,361,76.979
-17.971,-10.315,353,76.541
-20.179,-10.285,350,78.112
-22.246,-11.317,334,75.102
-24.018,-11.92,331,71.851
-26.165,-11.278,320,69.709
-28.899,-12.151,297,64.524
-31.959,-12.815,269,61.125
-35.867,-13.314,265,58.619
-38.052,-13.045,264,58.065
-36.336,-12.079,274,58.653
-36.564,-11.527,307,63.3
-36.79,-11.167,321,65.078
-36.472,-11.119,331,65.831
-36.469,-11.143,331,65.641
-36.467,-11.138,332,65.649
-36.389,-11.181,332,66.112
-36.436,-11.127,333,65.831
-36.47,-11.218,330,65.748
-36.392,-11.153,332,66.112
-36.407,-11.205,332,65.839
-36.541,-11.408,325,66.112
-36.312,-11.428,334,66.269
-35.548,-11.05,354,69.205
-34.149,-10.62,355,69.619
-33.224,-10.522,347,67.055
-34.41,-8.8553,351,69.495
-34.473,-7.9768,362,72.034
-33.833,-7.873,392,82.776
-31.663,-8.2188,394,77.21
-30.097,-9.4903,394,81.734
-29.574,-12.27,363,80.295
-30.529,-14.689,411,86.945
-32.642,-16.013,420,84.819
-36.312,-15.295,397,79.419
-38.747,-11.876,384,72.637
-38.419,-8.5012,390,77.74
-35.749,-5.1246,365,71.256
-35.56,-2.0444,342,70.884
-33.048,0.67272,304,65.36
-30.451,2.6687,277,61.183
-27.614,2.658,275,62.324
-26.22,3.8766,283,66.236
-23.75,4.119,288,64.822
-24.799,4.5408,323,69.486
-24.876,3.4249,349,72.637
-24.444,2.8826,379,73.77
-24.444,3.0541,379,73.671
-24.43,2.8052,393,78.013
-23.993,2.9083,406,78.468
-23.757,2.8511,407,78.476
-23.802,2.9715,410,78.575
-23.806,2.9273,407,78.947
-23.754,3.0438,401,79.526
-23.707,3.0287,396,79.361
-23.645,3.415,387,77.55
-23.744,4.2474,395,78.981
-24.29,4.8854,399,80.37
-25.988,4.608,377,74.846
-26.004,2.3945,375,74.167
-25.914,0.81224,377,75.218
-26.977,-0.38905,381,73.332
-26.342,-1.8657,364,69.751
-26.223,-0.12438,352,69.288
-29.508,0.38037,370,71.736
-30.17,-2.3551,394,76.541
-28.955,-1.1308,388,76.888
-28.856,1.2178,417,83.62
-28.093,1.8122,412,81.114
-27.824,0.97316,411,84.298
-25.729,1.7441,422,80.891
-22.407,1.9335,446,87.3
-19.195,1.2874,437,85.704
-14.511,0.43476,434,92.536
-13.796,-2.0378,425,94.884
-15.413,-3.4855,407,91.865
-16.17,-3.6474,390,87.821
-18.13,-4.4104,398,91.03
-21.094,-5.8769,389,78.774
-24.138,-9.1695,388,82.694
-22.4,-14.479,395,82.33
-20.73,-18.847,392,82.52
-19.307,-22.055,384,83.959
-19.662,-24.642,390,89.549
-23.85,-26.771,377,84.521
-27.629,-26.683,372,83.09
-30.888,-27.989,348,79.261
-34.357,-26.776,356,80.808
-37.059,-26.984,330,75.962
-39.592,-29.217,315,69.527
-41.19,-31.805,281,60.786
-41.104,-34.191,283,61.687
-39.673,-35.353,288,63.788
-35.616,-35.978,280,63.325
-30.204,-35.55,268,66.575
-24.264,-32.424,282,70.917
-19.297,-29.151,315,77.806
-20.042,-29.553,342,77.781
-19.341,-32.966,327,76.607
-20.993,-33.736,314,74.374
-20.56,-35.777,295,65.914
-20.999,-32.395,289,69.569
-22.988,-29.497,308,73.249
-24.332,-29.039,346,79.055
-24.06,-28.687,383,84.662
-24.187,-28.6,413,87.383
-23.736,-28.384,421,88.326
-23.662,-28.386,429,89.616
-23.425,-28.255,436,90.542
-23.224,-28.265,442,90.906
-23.014,-28.505,449,95.446
-22.952,-28.879,451,93.263
-22.356,-29.442,464,94.288
-21.76,-30.173,460,94.95
-21.836,-31.928,449,91.94
-20.695,-33.175,421,84.348
-19.622,-31.033,401,79.534
-21.26,-29.315,396,83.554
-22.836,-27.575,387,76.797
-23.589,-27.776,385,80.097
-24.133,-29.096,360,73.729
-26.449,-30.034,353,71.835
-26.398,-32.237,357,70.702
-25.01,-29.205,341,66.848
-26.735,-26.505,353,75.036
-25.185,-25.383,346,70.975
-23.585,-23.995,329,66.981
-22.093,-24.594,351,74.192
-20.001,-24.11,368,75.854
-22.03,-23.51,406,89.599
-21.457,-20.125,409,92.403
-22.36,-14.462,401,90.675
-20.787,-11.444,380,80.924
-19.056,-10.368,371,71.603
-18.529,-12.485,385,80.535
-19.25,-17.514,404,90.476
-21.793,-20.271,358,75.11
-23.808,-21.249,379,79.808
-26.645,-18.766,387,83.876
-32.167,-19.441,395,88.334
-37.791,-17.619,383,86.73
-40.317,-16.287,369,87.582
-43.682,-15.97,359,80.544
-45.172,-17.903,352,82.189
-45.925,-17.363,354,82.793
-49.013,-13.02,332,75.631
-51.195,-9.0964,326,78.517
-52.031,-3.736,314,73.009
-52.651,0.96769,305,69.387
-53.656,2.9356,284,62.167
-54.521,0.90131,283,62.63
-53.373,-0.84565,241,57.66
-51.767,-1.1994,255,59.496
-50.923,-0.52905,302,64.979
-51.131,-0.59855,344,67.344
-50.977,-0.96238,362,69.643
-51.188,-1.0748,375,72.083
-51.255,-1.212,378,73.1
-51.247,-1.3444,381,73.952
-51.225,-1.469,386,74.043
-51.151,-1.647,387,73.679
-51.054,-2.0589,385,76.987
-51.251,-2.4855,391,77.624
-51.987,-2.8589,395,75.59
-53.371,-2.502,402,74.605
-54.186,-0.91937,397,76.243
-53.439,0.9647,394,72.34
-53.863,2.1841,373,70.429
-55.612,1.0644,358,67.063
-53.509,1.9464,349,70.537
-54.931,2.7398,330,64.962
-55.326,0.8085,332,66.757
-54.339,2.0709,348,67.799
-53.784,3.5948,333,64.392
-54.663,2.7749,348,70.636
-53.913,2.2857,336,67.394
-54.21,0.88913,357,70.991
-53.543,2.6339,338,67.865
-55.79,2.8477,332,65.326
-55.724,2.4139,332,69.461
-54.418,5.2405,313,64.64
-53.988,6.4664,294,62.01
-53.33,7.4082,285,62.746
-52.67,8.0994,272,59.281
-52.783,9.6361,271,58.454
-50.332,8.4475,286,62.837
-49.881,4.6526,313,71.174
-51.033,3.1598,325,70.173
-51.087,4.1196,346,76.491
-48.706,7.9722,337,71.339
-52.32,8.1937,334,70.801
-51.118,8.386,327,65.194
-51.798,10.146,314,65.078
-50.429,11.515,281,59.901
-49.947,11.948,289,64.243
-49.982,11.716,274,59.289
-45.927,14.114,293,73.026
-45.426,15.258,267,60.877
-42.64,17.134,275,60.463
-41.07,19.475,261,59.347
-39.076,21.982,251,56.907
-35.507,24.672,247,67.228
-32.143,25.449,194,59.082
-32.186,25.467,156,54.575
-33.018,23.793,98,35.851
-32.519,23.231,88,37.464
-32.35,23.025,83,38.663
-32.85,23.942,76,34.735
-32.739,25.121,79,36.877
-32.136,25.225,82,40.185
-32.684,25.349,86,34.718
-32.429,25.204,78,34.396
-30.497,23.559,112,55.741
-31.078,24.715,93,42.17
-32.432,23.64,64,34.098
-33.5,25.74,60,27.912
-30.95,27.403,59,27.242
-30.005,27.493,68,29.483
-28.142,25.817,62,25.952
-27.583,24.685,66,29.69
-28.319,24.505,67,28.276
-28.51,24.843,69,29.02
-29.377,24.989,63,30.443
-28.378,24.686,65,31.005
-27.824,23.624,65,30.145
-25.771,24.075,69,29.227
-24.621,24.034,71,30.707
-21.902,24.583,70,32.601
-21.784,24.037,68,30.633
-21.494,24.006,71,32.113
-21.116,24.08,75,32.783
-20.492,25.886,73,33.817
-21.106,26.589,79,33.701
-23.566,25.102,80,32.204
-24.955,25.887,77,32.502
-23.277,29.756,86,32.32
-19.968,27.723,96,36.05
-20.055,28.917,101,37.737
-19.762,28.438,104,39.126
-19.431,28.591,103,40.276
-19.192,28.67,98,37.762
-19.121,28.694,93,38.688
-19.385,29.931,79,33.61
-20.683,32.018,90,35.752
-20.762,34.485,97,37.257
-21.523,35.99,117,40.904
-23.277,38.39,136,43.534
-24.466,39.221,160,50.589
-27.28,38.294,162,52.921
-30.71,36.985,165,53.219
-33.031,32.848,192,59.463
-34.657,30.111,208,59.306
-36.545,33.086,213,54.716
-35.459,36.192,212,55.841
-32.717,36.847,236,61.638
-32.12,32.805,255,71.736
-35.533,29.722,279,73.539
-38.381,28.406,269,65.285
-35.644,28.93,279,66.021
-37.547,32.651,271,66.211
-35.138,37.291,275,67.228
-34.803,33.75,282,72.091
-33.506,28.633,283,66.806
-31.534,30.343,293,72.753
-34.79,34.606,292,76.516
-34.152,40.251,288,68.833
-31.514,42.601,281,69.205
-30.65,43.685,289,72.116
-27.604,47.335,279,68.924
-29.793,49.124,285,70.024
-30.951,48.953,284,71.901
-27.891,53.188,281,68.924
-28.064,52.983,277,65.649
-29.448,51.21,284,68.419
-27.958,56.368,291,69.42
-26.438,59.782,274,64.442
-25.473,58.117,291,71
-21.998,61.172,282,68.535
-22.091,63.113,281,67.501
-18.662,65.235,267,65.136
-14.515,66.727,252,63.3
-14.57,68.628,251,60.232
-14.043,66.218,261,64.334
-15.543,66.009,276,68.105
-15.617,66.159,291,68.089
-16.088,65.565,309,70.495
-16.18,65.571,318,70.71
-16.34,65.191,321,71.529
-16.482,65.323,325,71.984
-16.631,65.174,326,71.926
-16.645,65.14,328,73.514
-16.654,65.179,336,75.292
-16.778,65.651,346,74.878
-17.381,65.735,359,75.019
-18.159,64.908,350,72.381
-18.734,63.704,356,74.548
-19.232,64.253,383,77.343
-18.453,65.37,397,79.237
-15.712,65.043,382,77.996
-13.699,64.67,364,79.609
-17.215,65.154,362,83.306
-19.044,61.908,376,80.577
-16.428,60.595,377,83.802
-18.166,62.424,380,84.034
-20.892,64.521,371,79.419
-22.698,66.361,376,89.732
-21.123,65.867,383,88.541
-17.067,63.785,372,93.114
-14.727,61.886,369,94.14
-17.954,63.365,371,92.056
-20.44,65.769,363,82.305
-20.155,66.624,368,85.762
-18.933,66.964,358,81.825
-15.194,67.775,356,79.865
-11.322,69.299,340,79.526
-10.682,70.731,341,83.256
-8.6686,71.07,323,79.402
-8.41,72.332,318,81.18
-12.087,70.505,340,86.688
-12.953,72.915,324,79.047
-15.81,73.85,329,78.782
-11.6,76.171,316,79.402
-12.012,79.04,302,77.715
-12.425,78.291,295,72.761
-8.9999,78.763,275,69.37
-8.1431,78.571,291,78.41
-9.3778,77.156,312,75.871
-9.3378,76.381,344,77.74
-9.7666,76.564,354,76.516
-9.5574,76.519,365,78.203
-9.5982,76.368,371,79.493
-9.6703,76.44,370,78.947
-9.6832,76.309,369,79.03
-9.7853,76.231,374,79.65
-9.8512,76.144,369,81.792
-9.9108,75.995,366,82.776
-10.07,76.082,364,81.668
-10.384,76.105,372,80.965
-11.225,76.206,369,79.956
-12.434,76.995,369,77.26
-12.891,78.629,357,73.373
-10.361,79.356,360,73.679
-8.1729,80.2,339,70.148
-9.1854,79.349,327,68.676
-10.716,77.875,344,75.846
-11.841,77.718,347,78.939
-13.363,80.134,338,72.645
-14.876,79.052,349,73.183
-11.951,80.765,344,77.789
-8.8197,80.154,352,75.019
-7.7542,82.105,327,72.182
-8.4914,80.224,346,75.763
-10.589,81.214,357,81.594
-11.855,81.673,360,76.524
-10.798,81.483,363,83.33
-11.561,80.749,386,81.908
-12.936,82.133,355,77.533
-12.199,83.197,339,67.956
-13.749,82.532,352,77.508
-13.133,83.595,332,73.026
-12.361,84.249,335,77.136
-11.067,84.972,331,75.135
-11.115,83.643,317,75.854
-15.061,85.067,311,70.131
-14.683,86.01,308,73.679
-11.606,89.125,313,74.349
-11.449,91.824,310,78.592
-8.2376,95.037,305,74.721
-6.1825,99.049,293,72.364
-2.7102,102.26,296,75.292
-0.95434,103.78,289,70.793
-1.0359,105.68,301,77.74
-1.8016,108.31,314,86.44
-0.13554,112.96,301,81.221
2.4643,115.39,289,70.71
0.04718,113.94,301,77.806
-4.2337,109.47,293,75.383
-10.079,108.31,289,69.594
-13.745,107.98,297,69.676
-17.211,109.03,285,68.031
-20.782,107.8,284,65.748
-24.803,110.6,273,63.755
-27.263,112.86,251,57.329
-29.173,115.25,218,51.788
-28.121,115.44,200,51.606
-28.441,114.51,181,48.761
-27.405,112.75,221,57.875
-27.69,112.34,225,55.336
-27.663,112.41,229,55.89
-27.658,112.49,236,57.015
-27.729,112.44,240,56.643
-27.617,112.41,244,57.015
-27.503,112.39,254,57.974
-27.258,112.18,269,59.86
-27.432,111.65,279,59
-27.909,110.77,278,59.074
-28.954,110.99,266,59.529
-28.119,113.57,276,60.703
-29.435,115.02,266,60.439
-29.02,115.55,251,57.784
-29.746,117.49,246,58.247
-31.092,117.09,256,62.01
-29.908,116.05,252,66.054
-26.727,115.74,259,66.046
-28.036,115.54,251,62.473
-25.567,113.82,255,60.877
-23.14,112.5,255,60.207
-20.644,108.91,246,58.71
-19.687,108.44,222,53.723
-21.876,106.68,199,49.985
-18.654,106.78,198,50.448
-18.134,111.4,207,56.775
-15.737,114.63,195,54.666
-13.339,117.03,187,51.135
-12.523,121.51,183,49.803
-11.825,125.54,164,45.908
-10.317,128.92,167,46.156
-10.453,131.03,192,49.737
-9.8629,132.36,225,54.691
-8.5572,130.71,259,69.734
-10.655,133.86,241,60.678
-13.495,136.35,228,56.841
-13.988,138.06,222,56.08
-15.242,139.47,230,60.414
-13.19,140.78,230,54.418
-14.037,144.91,215,53.467
-13.729,148.99,229,57.122
-14.771,152.68,227,58.214
-11.411,156,204,54.186
-10.235,154.12,232,60.116
-14.036,153.02,225,58.735
-13.283,153.03,180,47.198
-10.055,153.36,209,53.566
-10.423,157.7,217,56.279
-12.475,161.51,188,48.215
-14.261,163.51,142,44.146
-14.658,164.36,120,45.577
-14.589,165.79,52,28.16
-17.807,169.09,206,49.737
-16.469,170.8,192,46.71
-17.151,169.71,220,54.79
-16.013,170.49,235,59.173
-14.082,170.99,237,61.101
-19.061,167.52,257,69.685
-18.476,170.61,256,74.713
-21.954,175.83,245,67.435
-24.299,177.51,249,64.913
-28.291,178.39,249,66.848
-32.395,181.88,226,59.554
-35.837,186.37,226,59.512
-38.442,191.19,215,62.167
-39.966,197.12,216,57.395
-41.005,201.17,215,58.735
-40.775,203.1,227,66.434
-40.424,204.6,203,56.353
-40.072,204.64,161,48.347
-39.944,204.88,163,48.397
-39.801,204.68,159,46.412
-39.778,204.94,164,46.718
-39.836,204.74,167,49.249
-39.853,204.5,173,50.01
-39.906,204.33,180,49.894
-39.843,203.97,198,54.509
-40.151,203.83,210,57.693
-40.769,203.7,221,61.522
-41.204,205.02,230,62.266
-41.245,207.22,224,60.116
-40.838,209.78,225,57.61
-41.967,209.3,235,58.065
-42.243,208.21,247,62.167
-40.402,210.32,264,64.896
-40.977,213.77,246,64.268
-40.946,216.48,231,59.562
-40.41,217.88,232,60.48
-41.177,219.19,217,56.378
-41.59,220.49,197,52.615
-43.156,222.28,184,49.183
-43.907,223.61,195,49.985
-46.139,224.99,180,47.198
-47.616,227.82,177,47.868
-49.507,228.97,168,47.959
-50.662,227.53,179,52.64
-52.427,229.58,170,47.769
-53.063,231.37,167,45.858
-52.929,232.29,143,43.46
-55.959,229.76,132,43.468
-59.186,231.84,134,41.31
-58.889,233.78,133,39.821
-59.128,231.03,142,42.608
-60.561,230.86,147,42.798
-61.932,231.65,127,43.088
-64.16,232.39,137,41.963
-67.173,234,120,38.208
-68.138,235.48,139,43.898
-67.949,238.21,157,52.177
-71.213,240.52,149,46.272
-73.724,241.94,148,47.794
-77.356,240.69,120,44.568
-80.152,241.93,139,43.94
-82.271,244.5,130,47.513
-84.25,245.08,128,53.137
-87.957,247.49,93,45.61
-90.574,247.75,61,38.895
-88.476,246.3,133,46.098
-87.015,248.03,117,41.31
-90.759,248.21,175,47.388
-88.98,248.43,204,50.349
-91.958,251.22,205,51.474
-92.702,251.14,216,52.334
-88.705,252.06,205,59.289
-89.989,249.93,210,53.004
-90.536,253.3,209,53.608
-91.744,253.71,194,50.291
-95.049,257.86,191,49.133
-96.294,261.44,196,51.118
-96.565,265.07,187,53.376
-98.795,269.48,187,50.101
-102.35,273.43,177,48.86
-106.67,276.93,164,53.856
-109.83,281.81,191,53.566
-111.43,286.21,175,54.443
-112.91,291.23,173,53.831
-111.28,287,154,48.835
-111.4,287.62,137,47.198
-109.9,287.53,137,44.775
-109.39,287.65,121,43.65
-108.98,287.62,130,44.75
-109.08,287.73,128,43.435
-109.1,287.69,137,44.659
-109.31,287.89,149,46.834
-109.54,288.39,154,49.845
-110.29,289.44,157,50.473
-111.77,290.57,143,49.101
-112.63,292.09,72,56.651
-113.27,288.46,307,66.964
-114.95,287.96,307,73.431
-117.02,290.8,290,68.56
-118.97,291.9,267,66.575
-118.91,294.41,255,66.509
-120.8,292.33,249,64.607
-121.68,293.43,241,63.97
-123.3,296.96,244,65.359
-124.04,301.81,247,66.244
-122.84,306.96,265,69.387
-121.03,312.35,272,68.188
-119.18,316.98,262,67.535
-118.99,320.08,265,66.575
-117.71,322.01,268,66.277
-116.36,324.53,270,73.332
-113.96,326.36,260,79.774
-110.66,330.44,260,76.235
-105.87,332.94,259,76.243
-104.77,334.38,266,79.981
-103.61,337.73,256,77.326
-101.29,341.1,246,80.668
-98.857,344.83,234,81.106
-94.39,347.95,218,77.318
-88.509,350.44,191,74.903
-80.261,354.05,124,48.224
-80.329,354.16,113,46.9
-78.034,355.8,98,38.961
-74.24,357,77,34.189
-72.936,359.84,50,28.003
-75.368,366.33,163,54.575
-71.411,369.54,102,39.606
-70.27,371.47,57,34.95
-67.34,378.04,190,55.667
-65.044,380.43,165,48.215
-64.969,380.07,166,48.24
-65.132,379.86,168,50.374
-66.064,380.96,147,47.769
-68.426,381,126,48.53
-71.526,381.58,100,46.57
-73.73,382.12,81,42.418
-79.605,384.61,117,46.181
-82.22,385.18,55,35.893
