0,-0,119,40.375
-0.89542,-2.1212,135,41.318
-0.57527,-3.1338,118,41.409
0.46432,-1.7347,122,41.963
1.4399,-0.78531,113,40.929
-0.089345,-0.71952,106,36.331
-1.1352,0.52676,114,35.661
-1.0307,0.40731,115,35.471
-0.88958,0.30746,114,36.24
-0.98039,0.2507,102,33.428
-0.88128,0.32628,110,35.777
-0.91581,0.18441,109,35.57
-0.97219,0.27173,110,36.24
-1.0233,0.082369,106,35.198
-1.1252,0.28992,132,39.06
-1.0694,0.50026,145,42.335
-0.82018,-0.7797,158,44.874
-1.8176,-2.8737,110,39.424
-2.8421,-3.029,127,40.16
-4.5176,-2.3318,115,38.456
-6.0389,-0.70615,127,43.452
-7.7456,-0.024038,129,42.649
-8.1262,-0.27846,117,43.046
-5.9232,0.16955,108,39.581
-4.0335,0.61235,107,35.868
-1.2229,1.6408,114,38.754
-0.77311,1.6134,119,39.796
-0.63047,1.6959,117,39.333
-0.42395,1.6818,111,37.993
-0.61765,1.7605,102,36.703
-0.40336,1.7328,105,37.257
-0.55329,1.6414,101,36.149
-0.22342,1.6938,104,36.794
-0.20939,1.7991,109,37.555
-0.22291,2.0443,114,38.225
0.073193,2.5075,131,40.384
0.089249,3.3278,145,45.453
-0.43881,3.5782,137,44.874
0.70053,3.7899,143,42.203
1.9951,2.7674,133,39.887
1.5416,1.064,135,40.094
0.67256,1.657,143,42.699
0.45698,2.7601,134,47.661
0.75832,3.1543,129,53.649
1.8347,4.2117,147,49.282
2.9798,6.6795,154,50.796
4.4172,6.9818,172,52.83
4.719,3.9141,153,50.382
4.5538,-0.95294,140,41.103
5.5887,-3.6942,126,40.094
7.9986,-3.1802,301,66.74
6.2961,-1.448,290,63.664
4.7364,0.9213,274,60.869
4.1582,3.2141,290,61.183
3.7996,5.4796,290,63.019
3.3602,7.7421,293,62.655
1.3615,9.1476,288,64.127
1.6731,8.3502,282,64.491
0.28235,9.452,290,71.694
-2.577,11.67,283,65.814
-3.0364,13.345,283,64.872
-2.5511,15.539,263,61.067
-6.1258,15.009,246,59.19
-9.1176,16.668,247,57.511
-10.895,19.441,261,62.374
-12.522,25.276,257,59.951
-14.487,31.122,268,58.545
-18.237,35.009,260,57.205
-21.741,40.075,260,58.057
-25.126,43.173,248,54.228
-28.574,45.742,252,54.848
-33.668,48.177,240,53.004
-38.685,49.256,238,53.169
-43.799,50.193,248,54.236
-48.501,53.036,248,54.327
-50.73,56.894,250,55.518
-51.522,57.168,225,51.697
-51.794,57.493,232,53.674
-52.458,57.462,226,51.788
-52.529,57.489,236,52.152
-52.487,57.209,241,53.467
-52.49,57.267,239,52.458
-52.49,57.267,239,52.458
-52.455,57.248,240,52.921
-52.501,57.277,240,52.458
-52.458,57.286,238,52.276
-52.477,57.388,239,52.64
-52.368,57.345,256,54.972
-52.258,56.96,306,60.224
-52.972,56.361,308,60.861
-54.791,55.208,294,60.331
-58.107,55.347,278,58.52
-60.047,55.617,283,63.3
-61.068,56.187,305,69.329
-63.936,55.201,309,71.372
-67.174,55.674,302,67.766
-70.501,55.894,308,69.759
-73.216,58.208,306,71.992
-72.522,60.883,289,69.089
-71.931,63.943,262,58.826
-71.155,64.523,240,53.723
-68.569,64.667,235,56.188
-68.471,66.429,238,57.668
-67.826,65.725,216,50.332
-67.675,67.368,192,48.86
-68.236,69.157,169,48.695
-66.858,70.603,177,50.895
-63.792,71.425,178,49.828
-60.547,72.547,198,52.458
-57.03,76.193,206,52.921
-56.69,79.205,229,58.156
-54.968,82.994,260,62.854
-53.58,86.17,266,62.746
-53.606,90.032,268,62.465
-55.923,89.576,267,61.315
-60.877,88.412,254,59.876
-65.762,88.837,256,56.907
-70.556,88.871,235,53.012
-74.885,89.75,228,53.674
-73.703,88.786,263,60.397
-75.442,88.446,250,61.547
-79.264,86.057,232,57.742
-82.235,86.972,231,57.503
-85.432,88.4,223,51.953
-87.72,91.729,229,53.095
-88.637,94.169,227,55.063
-90.258,96.457,213,55.071
-89.505,96.227,222,56.659
-89.091,96.4,228,56.171
-89.105,95.863,246,57.668
-89.171,95.949,245,57.395
-89.195,96.03,246,57.858
-89.154,95.983,248,58.04
-89.146,96.116,245,58.528
-89.011,96.037,243,57.767
-89.146,95.949,245,58.321
-89.051,96.022,241,57.486
-88.832,95.925,245,57.767
-88.573,95.69,281,61.423
-89.79,96.124,287,60.968
-91.341,95.505,277,62.854
-88.435,95.185,268,61.613
-87.034,97.465,252,56.973
-89.154,96.541,249,58.619
-89.444,96.484,245,60.05
-86.975,98.346,232,54.484
-86.994,99.354,234,55.89
-85.448,99.388,239,56.08
-86.01,100.35,251,62.936
-88.202,102.31,248,62.936
-89.811,103.34,241,58.611
-91.975,105.12,224,55.609
-94.994,107.99,242,59.074
-98.275,110.01,260,61.588
-103.03,111.85,253,58.727
-108.12,114.44,255,61.539
-112.26,119.23,247,60.587
-114.81,123.83,248,61.216
-117.64,127.52,259,65.624
-120.44,133.06,262,66.335
-120.95,138.33,262,64.987
-118.59,140.1,270,68.353
-118.61,141.68,262,68.767
-120.69,144.15,254,65.285
-117.34,143.75,248,61.911
-114.65,146.09,222,56.188
-115.78,148.03,209,52.234
-116.27,149.42,186,46.437
-116.74,152.7,149,41.012
-119.29,152.66,172,48.786
-119.06,151.7,140,42.401
-121.66,151.77,128,38.572
-124.05,147.37,169,46.834
-125.99,144.67,183,48.033
-124.17,149.33,175,47.587
-121.91,152.81,181,47.016
-120.14,156.84,200,50.705
-121.38,158.99,236,60.422
-123.35,161.38,258,64.549
-126.15,164.51,251,64.226
-128.1,168.49,236,62.63
-130.3,171.77,186,51.622
-131.33,174.97,125,40.507
-130.25,181.1,265,58.338
-130.34,185.68,254,55.617
-127.48,184.6,235,54.898
-127.34,184.97,245,57.321
-127.19,186.15,275,60.571
-127.8,185.84,299,63.275
-127.89,185.73,304,64.797
-127.95,185.91,303,65.07
-128.13,185.79,303,64.433
-128.21,185.9,301,64.714
-128.22,185.87,303,65.078
-128.21,185.87,299,65.285
-128.26,185.98,300,64.772
-128.41,186.15,299,65.169
-128.34,187.09,319,67.766
-128.65,188.09,325,65.971
-131.59,187.65,308,65.351
-132.46,185.53,324,70.065
-132.79,182.47,310,67.824
-131.54,182.85,307,61.431
-132.98,186.07,310,62.589
-135.39,187.14,307,63.573
-133.2,185.99,304,64.797
-130.93,184.73,305,68.899
-133.75,186.34,299,65.442
-137.03,189.18,276,63.622
-138.16,190.95,266,62.051
-140.28,193.79,249,59.736
-141.28,197.86,248,56.486
-140.9,197.13,226,57.594
-137.73,193.29,271,75.449
-135.51,188.15,298,79.129
-134.59,179.64,314,80.394
-135.71,177.32,297,74.357
-134.11,173.36,317,78.815
-135.14,168.64,287,68.27
-136.89,172.48,277,67.146
-138.86,176.09,272,60.207
-140.61,174.04,297,68.419
-141.5,170.91,307,70.214
-146.01,171.68,300,66.757
-146.75,169.15,278,60.877
-147.29,167.86,232,55.543
-147.05,167.79,181,46.363
-146.47,169.3,174,45.238
-146.89,169.93,194,48.612
-146.8,169.72,201,48.976
-146.58,169.62,209,50.473
-146.53,169.76,201,50.746
-146.61,169.77,202,50.2
-146.7,169.73,209,50.936
-146.83,169.49,211,50.779
-147.03,169.81,226,52.433
-147.16,170.71,247,54.881
-148.3,170.84,260,56.651
-149.09,169.34,269,58.735
-148.93,167.17,270,58.148
-149.09,165.5,256,57.056
-148.12,168.13,244,54.856
-148.64,169.59,227,52.615
-149.32,170.65,214,51.184
-149.38,173.7,216,50.845
-149.31,173.32,207,49.365
-151,174.65,201,48.422
-153.85,174.88,198,47.868
-155.62,172.75,221,52.83
-157.57,170.92,255,59.86
-159.06,168.7,256,60.025
-161.42,166.21,227,57.097
-164.87,166.25,236,59.884
-169.07,165.96,242,64.656
-173.8,167.55,255,68.543
-178.3,169.99,257,67.535
-181.75,172.4,268,67.981
-187.42,174.02,280,69.031
-193.37,176.73,270,69.974
-197.1,179.05,261,66.137
-202.09,181.23,258,65.45
-207.25,181.87,256,66.037
-212.97,181.71,255,65.318
-217.45,179.5,236,58.495
-220.31,180.73,228,55.369
-219.16,181.02,192,48.331
-217.68,180.53,200,53.202
-217.72,185.91,188,53.682
-220.69,181.45,185,54.881
-216.58,182.87,171,48.621
-214.39,188.06,166,45.048
-214.35,191.57,160,45.428
-218.4,191.33,179,52.549
-217.42,185.57,191,49.919
-217.27,184.65,154,44.932
-221.14,180,168,47.289
-219.49,181.41,155,43.46
-218.16,183.15,159,42.666
-214.35,182.01,149,42.881
-215.76,180.13,164,44.957
-218.35,183.92,180,48.786
-217.71,189.39,170,48.306
-216.05,195.98,163,47.843
-216.52,200.77,151,43.964
-216.96,204.42,146,42.864
-215.93,202.81,177,53.773
-216.68,204.41,188,52.367
-217.03,205.46,179,53.194
-216.62,203.12,199,60.877
-217.12,203.19,180,54.881
-217.79,204.92,164,50.192
-218.68,207.46,136,43.071
-216.03,206.29,177,53.095
-218.06,207.21,164,49.547
-218.99,208.54,133,43.063
-219.43,208.48,121,39.862
-220.71,208.76,96,33.238
-222.34,209.7,79,29.392
-223.43,210.04,66,26.018
-223.87,210.24,79,29.946
-223.95,211.61,80,32.014
-223.96,211.65,81,31.824
-223.69,211.74,91,33.544
-223.84,211.54,91,33.701
-223.7,212.03,97,34.644
-223.79,211.74,98,34.925
-223.8,211.74,102,35.868
-223.93,211.76,97,34.04
-223.85,211.75,98,34.925
-223.76,211.72,99,35.289
-223.04,212.01,91,34.073
-222.33,211,96,33.494
-222.51,211.87,93,33.221
-221.98,211.86,93,32.477
-221.63,211.34,100,33.246
-222.22,211.48,84,31.071
-222.73,211.75,73,29.202
-222.71,211.48,79,29.392
-222.31,211.44,79,29.293
-222.76,212.05,72,29.872
-222.13,211.66,75,29.392
-222.16,211.07,74,31.005
-222.05,211.02,77,29.599
-222.46,211.73,71,28.656
-222.37,211.1,61,27.176
-222.87,210.49,66,27.457
-222.99,211.22,63,28.284
-223.71,210.73,64,27.92
-223.68,211.47,65,27.986
-223.57,211.22,59,28.747
-223.36,210.19,66,30.889
-222.99,209.35,82,32.27
-223.34,209.24,78,31.509
-223.13,208.89,62,28.35
-223.92,208.95,58,28.375
-224.08,208.7,48,24.521
-223.92,209.33,49,23.206
-223.11,209.37,54,24.612
-222.95,209.44,47,22.933
-222.24,209.18,44,23.206
-221.16,208.02,52,25.439
-221.24,208.1,55,25.447
-221.49,208.19,52,25.381
-221.91,208.14,55,24.405
-222.94,207.95,49,23.322
-223.03,207.89,45,21.13
-223.35,208.21,40,19.749
-221.81,208.5,42,20.601
-223.06,209.43,35,18.343
-223.05,207.37,41,20.783
-223.51,207.07,44,20.973
-223.59,207.2,45,21.155
-222.98,207.72,43,20.692
-222.48,207.86,42,20.601
-222.81,207.46,42,20.874
-223.63,207.03,41,20.692
-223.79,207.59,48,23.967
-222.84,206.87,62,26.39
-222.52,205.64,74,28.83
-222.66,205.05,68,28.284
-221.88,204.73,69,28.168
-221.18,206.89,80,30.517
-220.6,209.58,87,30.98
-222.42,209.46,101,33.61
-223.66,207.6,102,33.61
-224.41,206.21,92,32.477
-223.87,205.46,90,32.502
-221.46,205.5,101,35.851
-219.53,208.13,109,35.984
-220.89,210.54,120,38.109
-223.37,209.77,122,39.035
-223.02,206.92,141,41.409
-221.76,208.91,145,44.039
-220.57,213.23,159,43.766
-218.62,212.56,175,46.669
-220.64,209.69,185,48.257
-224.01,208.62,178,47.777
-221.88,212.21,186,49.547
-219.04,214.22,178,48.86
-219.12,211.24,201,54.765
-219.7,211.56,193,56.262
-223.6,212.39,183,56.378
-219.11,214.17,182,52.64
-218.45,211.13,202,54.922
-215.94,208.85,199,54.029
-212.9,207.03,208,57.801
-209.34,203.36,213,55.22
-207.47,197.1,222,57.114
-206.85,190.68,236,66.922
-207.39,187.21,242,65.409
-211.16,192.33,246,65.831
-210.41,198.66,232,62.374
-210.14,198.99,231,64.607
-207.51,196.11,225,55.452
-211.97,190.7,229,57.23
-211.13,190.76,230,55.228
-209.58,192.65,226,57.255
-211.93,190.65,227,54.691
-216.01,185.96,218,56.676
-213.16,188.46,217,54.509
-207.34,191.84,216,52.739
-209.07,188.66,237,61.588
-209.51,192.65,234,62.961
-202.65,193.84,228,56.006
-203.65,196.57,245,60.124
-201.61,193.88,237,56.932
-200.6,196.54,238,58.363
-199.48,196.18,246,57.486
-199.28,197.03,228,52.16
-200.72,198.02,231,54.236
-200.46,199.91,234,55.154
-198.27,197.64,240,61.084
-201.9,200.91,237,58.727
-201.24,203.92,234,59.016
-206.37,207.91,225,53.988
-204.34,211.8,222,56.097
-210.35,214.11,211,53.492
-206.63,216.13,200,52.64
-206.05,217.7,203,52.648
-204.76,213.27,219,56.196
-202.96,217.14,191,48.852
-202.7,214.47,216,56.188
-206.15,214.84,206,51.308
-200.79,217.81,204,51.019
-198.62,218.21,217,54.054
-195.9,217.43,213,51.515
-196.93,217.21,209,50.87
-195.31,218.01,222,54.625
-199.56,216.66,223,53.599
-201.86,220.06,221,54.856
-197.31,220.88,212,52.45
-195.14,223.1,211,52.532
-195.32,218.8,230,58.71
-195.15,215.24,227,53.93
-200.96,216.01,230,57.71
-204.12,218.55,224,54.782
-203.1,219.94,219,57.478
-196.97,218.41,224,54.095
-198.41,218.39,230,59.934
-202.42,220.76,226,54.873
-199.87,217.21,219,53.756
-201.43,220.14,218,51.97
-200.19,216.89,203,50.101
-200.49,219.56,206,49.828
-198.53,219.69,208,50.49
-198.29,220.16,222,55.948
-198.6,223.71,217,55.088
-196.4,221.43,204,48.695
-198.16,221.33,186,50.539
-198.81,221.91,207,51.945
-197.4,222.29,201,50.118
-197.35,225.07,198,51.052
-196.53,226.56,208,54.856
-194.09,231.86,192,51.697
-191.2,233.85,191,51.945
-193.58,234.79,189,51.606
-191.58,237.01,173,47.289
-192.15,237.76,165,45.329
-192.19,236.87,176,47.107
-192.57,238.76,137,38.87
-193.08,239.43,124,38.2
-192.3,239.16,129,40.756
-191.44,239.26,138,43.824
-191.49,239.24,143,44.659
-191.49,238.87,146,44.775
-191.54,238.87,151,44.775
-191.73,238.98,155,45.048
-192.02,238.89,154,44.105
-192.2,238.99,159,44.841
-192.53,239.06,159,44.659
-193,239.1,160,44.469
-193.01,239.64,144,41.657
-192.59,239.82,149,41.657
-193.08,239.5,162,43.807
-192.17,238.63,171,44.841
-190.78,237.08,176,46.371
-191.81,234.91,171,46.065
-190.63,236.58,154,41.872
-188.6,237.96,131,38.87
-189.57,235.8,135,38.878
-191.01,235.62,116,36.058
-189.56,236.38,129,38.663
-190.43,236.65,118,39.027
-188.58,236.54,120,36.976
-187.08,236.38,132,40.259
-185.95,236.56,149,43.253
-182.89,237.24,143,41.566
-180.38,237.5,146,41.938
-178.03,239.63,142,40.276
-179.33,239.93,150,42.145
-181.39,238.66,174,48.422
-185.46,236.11,195,52.276
-187.6,235.67,192,48.612
-183.83,237.51,177,46.156
-180.48,237.45,189,48.232
-179.06,235.88,187,49.059
-181.65,234.37,179,48.141
-179.76,235.29,190,48.505
-177.38,237.09,181,47.041
-175.16,234.88,152,43.27
-176.3,236.84,188,49.828
-175.26,236.69,197,48.281
-172.3,238.19,192,48.811
-169.68,240.51,202,50.473
-167.42,243.15,206,53.384
-164.65,245.59,199,49.274
-163.59,247.78,193,52.086
-160.75,251.7,179,47.198
-158.34,254.01,183,48.488
-156.72,255.64,209,52.185
-155.22,255.69,217,55.526
-152.52,258.33,207,52.036
-154.09,256.21,191,49.34
-151.58,256.63,177,46.594
-151.6,259.76,140,39.879
-148.35,260.83,157,43.063
-145.82,263.72,153,42.17
-142.57,263.62,175,46.462
-138.45,266.75,159,43.898
-137.92,268.86,170,44.477
-136.82,268.74,165,43.344
-134.54,266.44,135,38.382
-135.88,265.4,158,43.402
-133.29,267.68,157,44.849
-135.88,268.23,178,48.91
-137.35,268.34,191,47.818
-133.32,270.17,177,47.471
-132.81,270.79,186,51.325
-133,272.39,174,45.122
-135.01,275.46,176,46.826
-131.31,278.46,160,42.608
-130.38,280.35,130,39.325
-131.95,281.3,108,36.885
-132.04,283.1,83,33.213
-130.68,285.89,82,32.428
-129.29,289.48,92,35.587
-128.86,292.74,94,35.57
-129.66,293.31,90,33.428
-129.76,293.77,81,31.948
-128.66,294.29,80,30.641
-128.15,293.97,83,32.593
-128.18,295.01,79,31.369
-128.62,295.3,67,28.284
-128.26,295.29,71,29.707
-128.43,296.25,80,33.751
-128.57,295.76,71,31.394
-127.49,295.08,84,32.874
-126.93,295.29,76,35.595
-126.18,294.25,95,40.077
-126.83,295.1,97,43.832
-125.7,295.26,81,37.439
-125.6,296.6,97,39.796
-125.86,297.35,101,40.83
-125.43,298.99,87,35.024
-124.93,299.38,93,37.902
-125.2,298.47,112,42.26
-124.44,297.71,114,45.858
-124.15,297.43,113,46.561
-124.14,297.45,121,48.033
-124.86,298.34,114,45.139
-124.75,298.95,100,42.699
-124.62,299.26,92,40.549
-124.65,298.86,94,40.83
-124.64,298.47,102,42.79
-124.61,298.29,109,42.707
-124.6,297.97,103,42.699
-124.78,297.89,111,44.576
-124.88,297.71,111,44.568
-125.31,297.61,116,44.08
-125.63,297.55,124,44.841
-125.84,297.31,129,46.346
-126.25,297.36,139,49.712
-126.77,297.55,160,53.293
-126.89,297.41,171,54.211
-126.44,297.77,158,51.771
-125.47,297.3,141,50.407
-124.08,296.38,129,45.676
-124.45,296.67,117,40.458
-125.95,296.94,115,39.358
-124.55,295.97,109,38.589
-122.73,295.08,126,42.997
-121.86,293.87,137,45.536
-120.22,293.68,149,50.357
-117.48,293.56,158,56.014
-114.9,293.44,161,55.725
-113.84,293.62,161,55.253
-115.91,293.57,154,55.228
-113.88,294.13,161,59.281
-114.86,293.8,153,57.387
-116.93,293.63,154,58.644
-116.6,292.3,166,56.742
-116.67,291.17,158,52.251
-119.21,288.59,181,52.16
-121,283.78,200,51.027
-119.47,278.78,201,52.069
-117.63,274.34,201,51.217
-115.49,268.84,218,53.905
-113.76,263.7,217,52.044
-112.09,261.5,219,52.433
-111.59,259.31,242,58.057
-108.72,254.16,239,56.08
-107.72,247.97,235,53.748
-105.66,242.44,245,55.617
-104.5,236.74,247,56.452
-103.5,234.54,259,60.761
-103.19,228.49,256,62.382
-102.77,224.55,241,54.401
-102.42,228.57,248,59.289
-101.44,231.61,224,55.22
-101.31,232.13,224,55.137
-102.04,231.53,239,57.304
-102.4,231.63,256,58.991
-102.6,231.75,268,60.877
-102.64,231.69,273,59.926
-102.6,231.8,279,60.968
-102.66,231.78,280,60.968
-102.72,231.85,275,60.513
-102.95,231.56,284,61.15
-103.73,231.27,287,60.497
-104.85,231.27,284,61.655
-105.45,230.36,291,61.175
-106.51,230.46,319,65.839
-108.2,231.57,326,67.609
-109.96,231,318,67.816
-111.89,229.77,301,65.028
-111.63,227.67,312,71.545
-113.88,227.38,311,76.144
-116.13,227.36,299,69.825
-116.52,229.77,292,65.814
-114.1,232.86,269,58.983
-114.57,236.2,264,62.539
-115.18,234.66,256,60.877
-119.08,235.79,264,58.793
-122.87,238.21,267,60.852
-127,241.04,271,66.368
-130.75,244.92,270,65.136
-132.89,246.21,259,64.822
-131.89,244.28,260,62.738
-131.86,242.73,258,65.26
-135.43,239.72,250,60.116
-136.84,239.57,225,54.294
-135.77,240.42,203,52.367
-136.25,240.87,203,51.697
-135.58,240.73,226,53.376
-135.54,240.66,230,53.285
-135.44,240.72,233,53.773
-135.34,240.62,231,53.955
-135.24,240.86,231,53.492
-134.92,240.73,233,54.327
-134.32,240.81,240,54.79
-133.32,240.8,244,55.551
-132.03,240.18,245,55.642
-131.17,239.07,250,55.435
-130.26,237.53,260,56.171
-129.1,237.09,274,57.461
-130.24,239.12,265,58.611
-133.3,239.83,257,54.831
-136.09,241.66,253,56.345
-135.57,241.43,257,56.287
-135.27,239.34,244,53.376
-134.51,240.06,243,53.492
-137.62,237.54,238,53.773
-136.73,235.48,226,51.829
-137.47,232.75,233,54.815
-141.84,230.36,243,55.336
-145.12,229.44,246,58.991
-149.77,229.8,252,59.901
-153.73,228.57,247,55.882
-159.49,227.82,245,56.949
-165.64,230.04,260,59.008
-172.16,230.39,249,60.67
-179.59,229.9,249,62.332
-183.95,228.81,235,58.751
-189.33,225.43,234,58.321
-189.62,223.15,241,58.247
-190.8,224.91,220,54.674
-195.42,220.04,226,55.22
-195.61,217.45,217,53.657
-198.44,219.09,212,52.268
-203.38,219.57,191,51.044
-208.06,220.35,162,45.842
-208.64,220.23,151,44.196
-205.06,223.2,149,41.963
-204.49,224.35,149,41.243
-204.09,225.15,120,37.464
-206.63,222.4,125,38.481
-209.66,221.65,126,41.169
-205.21,225.42,143,41.665
-203.01,226.49,150,41.938
-201.64,225.81,177,47.744
-200.03,228.44,168,47.446
-197.98,233.45,167,55.708
-197.3,238.73,164,60.406
-197.09,237.55,168,62.192
-197.85,239.24,156,57.685
-199.05,239.31,141,54.74
-199.94,240.71,134,54.294
-200.7,240.53,118,52.615
-201.83,240.54,89,51.027
-202.18,239.66,83,48.505
-201.49,238.75,95,49.365
-201.37,238.03,97,44.75
-202.58,238.24,73,40.416
-202.26,236.37,68,36.521
-202.24,236.82,77,34.462
-201.94,236.51,74,34.677
-202.32,236.14,67,31.857
-202.13,236.61,79,34.396
-202.12,237.2,87,35.802
-202.9,237.4,82,34.164
-202.5,237.92,100,39.672
-203.15,237.19,89,35.661
-204.02,237.66,54,26.663
-203.92,238.06,75,31.559
-203.48,237.89,97,36.033
-202.48,236.74,95,36.885
-202.18,236.4,83,36.728
-200.2,237.48,115,41.293
-195.67,237.25,136,44.08
-188.77,238.39,146,46.644
-183.3,238.71,165,48.993
-181.51,238.86,193,51.275
-180.55,239.51,224,63.647
-176.63,241.45,217,57.031
-173.27,241.78,227,64.731
-170,246.53,224,64.624
-166.79,249.54,219,67.915
-164.59,252.11,222,73.043
-162.5,254.88,221,75.267
-159.4,258.39,225,78.311
-158.7,258.96,219,74.432
-160.33,257.06,209,69.321
-160.33,258.67,206,71.463
-157.92,259.81,209,71.67
-157.54,259.68,198,70.19
-155.65,260.96,218,68.56
-150.07,262.43,236,70.354
-142.27,262.99,232,67.534
-136.49,264.44,227,57.701
-130.61,266.26,228,58.636
-122.32,269.06,228,58.04
-117.54,272.29,228,54.261
-120.72,277.47,233,55.46
-125.55,281.73,229,56.874
-126.29,284.69,211,53.831
-127.01,290.39,203,52.623
-122.9,293.64,186,49.357
-117.61,292.47,175,47.008
-117.46,293.13,192,54.137
-123.08,294.86,187,47.843
-124.99,296.68,163,43.832
-124.13,294.91,166,45.172
-122.88,293.35,184,51.532
-122.73,293.2,182,50.978
-122.86,293.26,199,52.921
-123.13,293.28,206,54.509
-123.26,293.46,214,53.558
-123.43,293.62,215,54.782
-123.77,293.98,218,55.361
-124.08,294.31,222,55.46
-124.55,294.86,225,55.824
-125.24,295.72,224,56.279
-125.52,295.74,238,58.454
-124.74,297.02,231,56.858
-123.13,297.02,218,54.277
-121.29,295.77,201,53.053
-122.23,293.67,223,54.608
-122.73,291.45,226,55.816
-121.49,289.29,219,52.921
-123.15,286.95,202,51.135
-122.56,288.43,198,48.885
-122.26,286.17,208,50.655
-122.67,290.45,188,47.264
-123.76,290.86,177,47.099
-120.32,288.12,197,50.87
-116.37,284.63,212,51.143
-111.2,283.51,222,53.004
-106.94,281.86,220,53.525
-105.51,276.64,228,52.888
-102.72,273.6,221,53.351
-103.99,266.11,233,57.577
-106.05,258.15,248,60.761
-108.59,250.72,269,61.505
-110.58,243.49,266,61.712
-114.63,237.27,272,59.19
-118.18,231.17,275,63.002
-119.31,225.16,274,61.266
-122.61,220.74,261,57.156
-123.39,215.56,257,55.642
-126.22,210.29,256,55.08
-129.42,206.33,257,56.122
-129.8,201.22,243,57.296
-130.51,203.42,227,55.063
-130.63,202.61,223,53.368
-130.97,202.98,256,57.122
-131.08,203.49,277,59.074
-131.17,203.16,284,58.983
-131.25,203.06,294,61.241
-131.24,202.97,292,60.662
-131.25,202.96,290,60.67
-131.31,202.8,293,60.877
-131.39,202.58,299,61.729
-131.49,201.38,314,64.177
-132.75,201.02,305,64.26
-133.86,200.16,312,65.194
-133.31,198.89,328,68.585
-131.72,197.73,344,70.628
-130.75,199.49,331,66.145
-134.1,201.62,309,63.598
-138.39,203.18,315,63.896
-140.95,205.28,317,67.626
-145.23,206.23,310,65.74
-149.36,205.72,306,64.433
-152.02,206.69,300,68.171
-156.55,208.96,291,64.135
-160.04,209.84,284,66.633
-164.86,211.53,277,63.664
-169.09,212.33,269,64.152
-172.68,211.99,256,59.19
-176.7,210.45,252,59.372
-177.86,212.54,253,55.989
-179.29,211.62,247,60.687
-182.87,208.17,246,62.324
-185.31,205.85,267,70.057
-188.81,201.4,253,61.803
-190.14,198.98,242,56.94
-191.37,199.19,253,62.076
-192.47,195.55,243,60.042
-195.77,195.96,206,52.367
-199.68,195.36,191,49.853
-201.88,191.04,181,48.604
-199.83,186,194,49.464
-197.68,181.32,200,50.482
-200.52,182.75,200,53.053
-207.44,184.18,195,54.674
-214.38,188.97,198,55.46
-217.25,195.36,187,54.393
-220.53,199.91,172,49.001
-224.23,203.84,157,44.858
-223.77,207.72,166,46.644
-223.84,212.18,133,39.788
-223.32,207.63,142,42.153
-223.09,204.01,136,39.242
-222.3,207.19,110,35.413
-222.12,208.78,129,38.134
-224.27,205.64,137,40.855
-226.28,207.67,104,36.728
-225,211.73,69,28.466
-226.58,211.35,30,17.698
-226.78,211.54,41,20.601
-226.28,211.35,45,22.189
-226.53,211.57,50,24.521
-226.23,212.2,58,28.218
-225.5,212.07,59,29.318
-224.62,212.02,67,31.65
-225.58,211.09,96,39.49
-226.05,211.74,120,39.581
-224.42,209.87,140,42.699
-223.02,212.54,141,42.98
-225.41,208.99,142,41.616
-222.67,209.55,142,40.086
-218.36,210.88,146,41.475
-216.09,212.24,167,44.386
-218.99,212.54,158,43.758
-219.94,216.55,150,43.708
-217.93,217.02,152,46.346
-218.12,215.69,135,43.179
-218.2,218.05,137,43.253
-215.5,217.53,142,44.386
-211.14,218.26,127,39.002
-206.82,217.95,130,40.739
-203.98,221.69,161,44.841
-206.19,218.92,201,54.782
-205.01,213.54,201,50.101
-200.01,213.29,196,49.158
-198.49,216.8,210,53.674
-199.76,225.61,206,50.382
-198.03,229.78,207,54.319
-198.53,226.85,194,49.042
-200.57,227.76,205,52.987
-199.13,236.4,196,54.021
-197.42,239.09,169,46.04
-194.57,238.11,177,50.862
-199.41,238.75,169,47.008
-201.77,238.46,150,42.492
-203.37,239.07,112,37.348
-203.17,240.2,103,35.289
-203.91,239.89,108,35.942
-205.72,241.5,68,30.244
-205.18,240.8,79,35.115
-205.07,239.57,90,41.194
-203.92,241.43,95,39.035
-203.99,241.82,90,37.166
-203.59,244.13,69,31.088
-203.26,245.4,62,28.284
-200.48,245.71,74,29.111
-202.23,245.18,84,32.229
-200.89,242.22,83,33.164
-198.24,243.18,94,37.133
-198.83,243.91,93,33.61
-200.66,241.69,108,34.991
-201.44,241.81,123,41.79
-199.32,245.32,131,40.557
-198.7,244.8,140,48.728
-198.05,245.91,139,47.198
-198.17,248.39,120,47.074
-200.08,250.09,112,41.293
-201,252.13,107,37.58
-202.41,252.43,106,38.407
-201.95,252.17,108,37.555
-202.82,252.67,85,34.735
-203.1,253.68,87,33.155
-202.91,254.08,81,31.559
-202.95,253.94,71,32.411
-203.33,255.1,66,28.648
-202.91,254.79,65,30.426
-203.19,255.42,62,29.293
-203.32,255.3,67,31.716
-203.32,255.58,68,31.625
-203.51,256.04,71,31.071
-203.35,256.23,64,30.492
-203.38,256.35,64,30.219
-203.38,256.93,67,31.162
-203.47,257.5,59,27.614
-203.91,256.9,65,28.929
-203.5,257.99,67,27.821
-203.27,259.1,55,24.265
-203.55,258.99,60,24.521
-203.03,258.05,61,26.051
-203,258.17,64,26.688
-203.28,257.06,58,24.521
-202.74,257.18,62,25.654
-202.25,257.22,65,26.134
-203.03,257.63,50,23.322
-204.11,257.15,53,24.521
-203.44,255.58,79,29.781
-202.82,256.01,71,27.06
-202.5,255.56,65,26.39
-202.56,255.49,63,25.654
-202.98,254.92,61,26.324
-204.01,255.45,60,25.745
-203.18,255.92,61,25.72
-203.44,255.49,69,28.648
-203.27,255.86,70,28.259
-203.25,256.14,58,24.43
-203.02,257.03,48,23.694
-202.44,258.2,54,23.876
-203.32,257.72,56,25.373
-203.13,257.9,53,24.356
-202.52,258.29,59,25.72
-202.78,259.64,44,23.041
-203.18,256.27,57,25.952
-203.93,253.39,65,26.225
-203.6,252.81,70,27.92
-202.96,249.92,80,30.153
-203.64,249.24,65,26.597
-203.81,248.75,72,28.259
-203.82,247.77,68,28.557
-205.31,247.92,62,28.301
-205.1,248.38,73,29.136
-205.36,249.09,69,29.773
-204.81,248.05,77,28.838
-205.44,249.19,79,32.204
-206.73,247.96,79,31.774
-207.42,248.58,87,32.783
-207.31,248.45,74,30.84
-207.99,248.13,58,28.656
-208.4,248.92,60,30.608
-208.57,248.22,54,27.424
-207.39,248.05,50,26.853
-208.9,248.44,49,27.358
-209.42,247.33,47,22.999
-209.54,248.64,53,28.557
-209.68,248.42,43,28.284
-210.19,247.58,49,23.967
-209.08,247.89,65,26.415
-208.9,247.06,57,28.284
-208.25,248.36,57,31.931
-208.17,248.16,47,28.102
-208.56,248.07,60,29.318
-208.47,247.62,61,28.656
-207.2,246.96,53,25.563
-205.76,246.9,77,30.798
-206.43,246.67,73,28.83
-206.76,245.72,68,27.424
-206.09,246.28,76,29.202
-206.37,246.7,74,32.386
-207.36,244.69,73,31.005
-207.86,243.39,78,34.181
-207.65,244.3,55,27.73
-209.24,242.86,73,29.508
-208.15,243.29,92,35.876
-208.57,243.91,80,32.312
-208.61,244.21,86,34.28
-208.71,244,71,33.726
-209.97,243.71,62,28.673
-210.21,244.4,58,29.599
-210.39,244.13,57,26.208
-211.25,244.45,58,26.39
-210.24,243.7,53,26.688
-209.72,244.66,66,29.971
-209.94,245.58,49,27.06
-209.53,245.76,62,30.641
-208.59,246.12,63,32.32
-208.85,245.42,60,27.407
-208.6,244.08,66,30.062
-207.89,244.69,70,28.532
-207.61,243.9,58,26.233
-208.02,244.92,62,27.432
-210.22,244.51,51,24.339
-210.52,243.77,59,25.654
-209.77,242.57,64,26.688
-210.2,243.99,60,25.191
-211.22,244.17,53,24.844
-212.2,243.18,55,25.1
-211.97,246.49,58,25.654
-208.79,249.27,62,27.449
-205,247.45,89,32.94
-205.08,244.92,94,34.371
-202.97,242.67,91,34.346
-204.59,243.04,100,33.403
-206.49,244.09,91,32.965
-204.84,242.93,117,41.913
-199.58,241,138,45.147
-201.3,241.19,119,38.316
-202.04,244.36,123,41.822
-202.15,245.89,137,40.739
-202.32,245.79,147,43.741
-202.25,245.58,152,44.014
-202.24,245.77,159,45.784
-202.3,246.14,157,45.519
-202.33,246.18,159,45.858
-202.6,246.01,164,46.04
-202.5,245.86,165,47.537
-201.91,246.22,182,48.025
-200.85,247.17,179,49.547
-200.25,247.57,188,49.158
-201.22,248.31,184,50.332
-203.63,248.45,175,51.97
-205.31,245.84,160,46.255
-205.91,243.61,162,44.469
-205.08,244.74,149,41.599
-203.86,247.1,138,41.02
-206.86,249.54,130,40.549
-207.11,246.95,133,38.68
-204.67,246.76,131,39.515
-203.67,247.04,122,37.373
-203.63,247.98,135,40.276
-202.56,248.01,147,42.815
-202.32,247.86,149,42.616
-201.95,247.79,152,43.187
-201.58,247.72,155,43.741
-201.25,247.78,155,42.79
-200.76,247.66,154,43.253
-200.46,247.69,158,44.758
-199.8,247.05,155,44.965
-199.07,247.51,162,47.289
-198.15,247.31,170,49.96
-197.79,248.14,182,52.913
-198.8,248.67,199,55.898
-199.63,246.57,193,56.841
-202.32,246.16,179,50.779
-201.71,248.53,162,46.71
-203.66,248.78,150,42.674
-202.66,248.74,133,38.564
-201.55,251.57,147,41.384
-203.77,252.04,152,43.468
-203.59,251.27,142,42.211
-201.47,252.9,156,43.675
-202.18,254.59,154,46.47
-202.35,255.94,139,44.866
-203.32,255.36,146,49.993
-202.94,253.82,138,49.729
-202.64,253.02,129,47.471
-205.6,250.55,112,40.896
-201.77,249.34,125,39.879
-200.55,251.14,139,42.699
-204.29,254.42,128,47.107
-203.25,255.35,128,46.925
-202.8,253.53,122,43.253
-204.69,249.52,124,38.779
-209.22,250.66,104,40.805
-207.43,255.17,87,40.764
-206.43,253.28,96,41.111
-210.62,249.18,92,37.927
-210.34,249.55,92,50.184
-209.68,253,79,53.98
-205.04,255.49,74,48.728
-208.8,250.7,81,36.24
-212.46,250.07,48,28.855
-211.84,248.3,56,38.126
-213.61,251.48,162,59.76
-213.59,254.87,132,50.754
-213.36,257.83,117,46.71
-214.35,260.3,107,41.988
-214.48,260.48,104,41.219
-214.48,260.48,104,41.219
