0,-0,110,75.615
0.2,-0.2039,140,62.606
1.5605,0.48634,243,64.706
1.6782,0.2665,248,66.807
1.3109,-0.066244,258,66.228
0.97087,0.095204,254,64.524
1.0031,1.6093,262,68.188
0.70116,1.815,259,67.609
1.0189,4.5958,244,64.954
1.3029,2.2886,206,63.308
2.5684,0.85024,190,65.748
3.5939,-0.10303,165,60.182
4.2854,-0.43602,157,58.015
4.045,-3.6623,231,63.846
1.9955,-6.4137,267,69.404
0.92308,-8.1028,260,70.173
0.24337,-7.5009,249,67.237
-0.023237,-5.3161,241,64.425
-1.3852,-3.6307,256,67.791
-1.3985,-4.3087,263,71.389
-0.78623,0.30328,247,67.435
-1.3591,-0.022727,220,65.955
-0.99648,-0.02523,227,65.012
-0.44348,-0.50079,230,65.169
-0.48362,-0.6156,232,62.994
0.76087,0.60791,230,63.763
-0.097942,-1.5301,243,64.408
0.16806,-3.3619,263,66.013
0.5519,-2.7507,237,60.687
1.0164,-2.389,219,61.357
1.4226,-2.0309,221,63.143
1.9115,-2.7398,217,62.391
1.2659,-1.9442,246,65.864
1.6383,-1.7947,256,66.716
0.84195,-1.395,267,67.171
0.55748,2.8944,254,63.772
1.1725,2.8857,233,64.549
-0.42264,2.8271,265,65.442
-0.33664,1.4032,262,64.656
-0.0099617,0.39638,261,65.789
-0.19176,-1.1178,267,67.038
1.1544,0.84498,285,71.719
2.396,2.0258,250,68.188
2.8979,2.8938,243,67.799
2.6851,1.4421,242,64.822
2.6565,3.3949,230,62.655
2.3202,6.0852,238,63.118
5.9353,9.3063,241,62.192
9.4468,10.344,235,61.82
12.084,10.226,228,63.689
12.309,10.132,220,62.812
12.252,10.441,216,63.002
12.254,10.593,219,63.176
12.158,9.9581,219,63.209
12.187,9.2601,230,62.911
11.537,11.054,227,64.425
11.464,10.237,235,63.573
11.433,11.499,246,64.011
11.071,12,237,62.2
11.554,11.25,221,63.019
11.802,11.052,224,64.425
11.75,10.909,220,66.708
12.152,10.218,222,63.879
10.984,11.042,243,64.789
9.0777,10.785,242,64.036
8.704,10.451,227,63.052
8.4079,10.19,254,67.435
10.044,8.4862,253,65.673
10.922,8.4951,249,65.376
12.337,6.8326,189,64.839
14.717,8.5681,189,64.177
14.394,9.3025,174,62.291
11.373,12.041,149,59.843
11.114,11.95,168,57.304
13.026,14.098,227,61.613
10.24,14.386,250,63.829
8.6833,14.373,240,64.317
7.852,14.462,250,66.534
7.9229,14.838,262,64.987
8.7769,13.12,260,67.592
7.7109,12.317,267,65.822
9.3264,13.275,258,66.12
10.898,12.835,245,65.723
14.384,12.678,244,65.252
16.765,11.713,241,65.285
15.404,11.817,233,64.177
14.363,14.572,218,59.579
14.88,14.313,221,60.943
16.253,13.957,231,62.192
14.263,14.358,233,62.101
13.653,13.242,233,64.64
12.68,12.998,250,66.112
11.533,13.318,264,68.717
8.0844,12.501,244,66.046
7.0335,12.963,251,64.888
7.942,13.369,262,67.212
10.904,13.043,274,68.072
11.759,12.608,256,64.896
10.33,10.144,213,63.738
10.015,12.108,218,63.043
9.9096,11.369,208,61.133
10.779,13.887,224,62.721
11.334,13.631,227,64.706
11.673,12.077,220,62.489
14.01,13.801,223,64.342
9.7138,13.312,239,63.002
9.3307,12.97,231,62.928
9.3715,12.881,246,66.112
10.13,12.663,237,64.408
9.5339,13.86,224,59.132
9.8498,14.3,229,61.224
10.012,13.814,242,62.911
9.0774,13.162,248,65.649
8.7589,11.258,209,62.357
10.432,10.873,188,63.598
13.934,9.9124,193,64.549
18.767,5.4096,180,62.117
19.695,4.3187,190,63.292
18.94,4.6104,189,63.234
21.347,3.09,207,62.498
20.271,3.5215,209,62.655
21.158,3.4643,223,66.947
21.011,1.5429,216,64.061
20.096,-0.43109,217,63.465
20.014,1.7084,207,61.96
19.971,4.4814,217,60.182
19.198,9.8093,247,63.813
16.208,14.174,245,64.078
13.084,13.794,253,65.169
13.005,12.601,253,64.632
11.376,11.648,255,64.814
8.527,10.896,252,62.258
5.7876,10.31,258,64.243
2.8749,8.4559,259,65.393
2.0709,8.9938,234,62.647
1.6406,5.7997,212,63.689
1.0771,1.9666,223,63.738
1.038,-0.089675,221,65.26
-1.4404,-2.9262,213,62.771
-0.054545,-3.3316,187,60.902
8.3134,-5.8052,231,64.979
8.4681,-7.9203,235,65.376
4.8959,-7.5372,242,61.729
6.3913,-8.7483,229,61.133
5.8257,-4.9748,249,65.152
4.1597,-5.9169,233,67.245
5.1722,-7.0545,237,66.062
3.5004,-6.0274,239,68.155
2.9216,-8.7104,232,65.674
4.2016,-10.984,247,67.89
7.8024,-9.9417,251,67.592
12.288,-8.4834,224,66.087
8.9737,-8.8939,251,66.36
9.6473,-9.38,283,69.387
11.12,-9.2727,286,70.702
11.984,-11.555,281,69.941
13.308,-9.5845,261,66.22
13.35,-9.4977,259,65.558
11.974,-11.194,258,68.213
10.956,-12.982,268,68.552
12.746,-10.917,254,65.12
13.007,-8.9073,247,63.78
13.21,-7.5388,247,64.814
13.206,-5.6206,248,62.854
12.463,-7.1674,252,63.292
13.015,-4.5854,262,62.721
14.949,-0.67899,273,66.203
16.871,3.1459,306,70.495
17.677,7.6372,325,73.423
17.089,5.7447,334,68.924
19.204,8.6614,342,70.239
19.104,10.6,361,72.827
19.353,8.9263,360,70.842
19.319,9.3882,344,73.431
19.621,9.6956,362,74.093
19.597,11.025,351,70.768
19.674,10.338,358,76.715
19.922,10.321,360,72.645
19.717,10.267,353,77.55
19.29,10.505,356,78.592
20.085,10.338,372,87.582
20.819,9.3679,344,80.461
21.968,8.9183,296,103.05
21.845,8.985,254,129.13
16.543,5.692,147,50.705
25.403,10.168,362,132.83
23.331,11.843,363,152.32
20.081,12.054,351,128.21
16.873,9.3604,336,100.78
17.195,8.9735,288,141.94
13.32,3.2285,150,58.71
13.627,2.826,163,73.002
13.582,2.7857,154,65.252
14.735,2.5274,191,96.77
16.062,2.7043,222,106.87
14.591,1.2435,162,61.423
14.431,2.0203,161,71.389
14.497,0.37576,165,53.194
14.801,3.2937,152,49.712
14.551,1.3041,139,54.236
14.3,1.9364,110,58.528
24.247,9.0284,202,124.67
24.918,10.419,718,117.9
26.404,10.288,705,104.2
27.47,10.679,631,91.865
27.048,8.5472,613,92.436
24.678,5.5312,604,90.468
22.441,6.0612,630,91.865
20.04,9.8786,653,92.502
16.868,11.242,682,105.26
14.97,13.776,628,103.76
14.749,16.778,590,105.01
16.584,20.067,586,99.549
17.474,20.227,635,98.316
17.922,19.616,686,103.19
18.687,20.52,707,116.84
19.139,19.505,693,127.31
19.006,19.214,649,188.63
18.957,19.08,659,195.27
18.467,18.748,593,160.1
18.642,19.009,590,182.59
18.677,18.862,588,170.67
18.381,18.898,617,159.19
18.49,18.179,633,169.05
18.469,18.881,654,157.76
18.598,16.657,663,175.11
18.794,15.758,665,189.39
19.237,16.93,686,166.11
20.552,15.966,719,145.05
22.033,14.581,741,125.39
23.707,12.848,746,113.09
24.246,12.542,728,114.46
22.068,9.7761,737,107.31
20.155,12.569,734,109.11
17.075,13.064,714,100.09
15.266,12.466,711,102.57
15.622,13.454,661,103.44
13.145,16.626,642,102.33
9.7283,20.509,664,110.91
9.9392,23.448,664,128.88
10.939,25.161,686,160.39
10.996,26.311,628,188.71
11.231,26.452,581,161.01
12.214,25.933,646,141.35
11.994,26.831,625,145.8
11.436,26.662,619,158.6
11.037,26.399,617,146.96
13.068,26.455,630,170.58
13.775,26.026,648,181.36
14.732,26.93,659,166.45
16.216,28.229,663,128
16.54,27.895,700,140.44
16.944,29.268,739,123.11
17.148,32.625,722,121.86
18.018,35.392,693,102.76
19.965,36.012,696,102.96
22.368,38.201,682,100.07
24.188,37.666,657,98.804
25.923,33.812,654,95.835
25.885,33.164,688,98.912
24.761,32.573,695,96.546
22.556,32.072,712,97.737
20.417,29.529,724,99.441
20.131,27.657,739,111.01
21.069,27.422,686,123.85
21.777,26.237,706,127.18
21.856,28.135,722,114.81
19.628,29.991,754,110.69
17.619,31.651,763,112.38
15.74,36.835,733,111.13
14.678,38.996,629,205.33
14.688,39.816,590,135.46
14.002,41.784,387,209.95
15.644,38.944,1079,137.82
15.93,40.099,1117,144
15.864,38.89,1125,149.81
16.038,39.829,1117,148
15.938,39.187,1125,148.42
16.194,39.333,1156,142.69
16.567,38.61,1141,143.69
16.496,36.924,1097,138.28
16.326,34.591,1064,132.12
16.817,32.545,1022,124.66
17.337,30.979,985,123.25
19.252,28.809,989,123.32
21.699,27.34,987,120.89
24.672,29.331,1008,124.98
25.389,26.991,981,131.31
24.302,27.14,951,123.65
21.165,24.857,982,121.37
19.291,20.577,1071,130.18
18.5,20.946,1129,132.89
17.715,19.569,1127,137.43
17.56,20.357,1089,144.15
16.876,19.482,1085,150.2
16.9,20.082,1063,175.58
16.523,21.36,1053,145.09
16.078,21.158,1087,147.85
15.557,21.072,1056,144.35
14.837,20.838,1063,147.14
14.387,23.07,1051,141.16
12.682,22.936,1039,133.22
11.682,25.466,1040,135.23
12.679,28.868,1024,130.45
15.02,31.796,1022,129.52
17.987,34.508,1041,129.75
19.655,38.699,1036,126.62
19.495,42.274,1001,128.87
18.805,44.538,955,130.63
17.775,41.529,938,132.2
16.159,36.809,929,123.94
16.41,31.784,924,119.7
16.077,27.878,926,117.36
14.934,23.502,957,124.05
14.61,22.308,970,121.03
15.032,21.558,984,121.94
14.499,18.237,992,126.31
14.83,17.609,969,120.94
16.138,17.447,982,121.03
19.174,20.047,971,118.83
21.103,19.921,952,121.08
21.103,20.674,980,119.51
20.714,21.757,996,126.23
20.944,23.932,995,123.61
21.179,24.924,990,120.44
20.989,26.117,963,125.19
21.008,24.448,990,131.87
22.556,25.444,1082,139.37
24.098,23.887,1140,154.69
24.809,23.011,1146,162.68
25.228,22.928,1125,211.14
25.866,23.296,1085,231.49
25.88,22.946,1112,227.96
25.976,22.505,1063,259.68
25.859,22.963,1110,216.97
25.407,22.818,1136,188.83
24.894,23.737,1124,192.57
24.278,24.303,1143,174.76
23.594,22.928,1155,166.14
22.979,23.324,1119,160.97
22.143,23.4,1081,156.17
22.005,23.448,1080,142.54
23.69,21.975,1052,135.6
26.251,19.23,1067,137.29
27.039,16.948,1045,133.06
26.284,14.92,1048,135.59
25.453,13.69,1045,135.24
24.701,13.567,1023,132.2
22.889,13.332,991,128.39
21.745,16.533,995,125.83
21.073,15.377,1005,126.87
22.899,19.483,1015,122.86
22.939,19.848,1047,125.6
23.55,22.88,1024,129.42
25.938,25.242,1043,131.33
27.936,26.105,1050,132.82
30.398,24.363,1068,134.86
32.301,23.813,1048,128.4
30.58,22.158,1034,127.7
28.278,20.757,1031,134.99
29.024,20.216,1036,133.36
27.027,21.026,995,125.1
27.487,20.416,1028,135.91
28.513,23.817,1011,133
30.028,30.693,1026,127.31
32.143,37.771,971,127.53
34.581,45.037,951,126.48
33.68,49.686,944,127.82
32.432,55.077,916,133.75
31.579,58.745,906,134.25
28.839,62.022,913,136.88
24.003,60.929,909,134.95
18.476,61.995,893,136.76
15.058,59.072,887,142.78
10.469,56.747,873,136.47
9.0769,50.38,817,131.07
4.8131,39.296,823,132.05
0.9625,32.74,880,132.39
1.0497,28.5,922,130.94
0.65562,28.824,978,130.93
0.76454,28.872,1004,134.42
1.1216,28.27,1020,133.19
1.4544,28.12,1029,138.49
1.6102,27.932,1037,137.69
1.981,28.436,1086,141.84
2.5465,29.364,1072,146.89
2.8916,29.169,1068,146.84
3.4781,29.709,1037,146.22
5.0988,29.672,996,137.09
6.3115,28.534,972,125.56
5.4941,27.035,1020,129.99
3.6217,28.607,1051,127.64
4.0481,30.883,1043,128.32
5.8372,34.096,1027,122.65
8.3591,34.418,1028,131.88
11.285,32.982,1017,122.97
12.552,33.438,999,124.86
11.821,32.623,1001,121.73
12.404,30.696,1004,123.92
11.395,29.287,990,121.2
8.9061,29.763,990,124.2
5.6088,31.53,1001,121.47
3.9408,32.652,1017,122.19
3.5373,30.049,1027,122.01
5.376,31.216,1001,121.12
8.4546,32.102,1025,124.68
7.3533,29.131,985,123.1
6.1116,29.51,995,125.48
4.6268,32.749,1001,126.31
2.376,30.324,998,124.65
0.77207,33.099,981,117.84
-3.7609,33.649,976,123.93
-7.4544,29.743,934,127.76
-7.4349,26.687,945,124.02
-2.811,22.945,924,119.22
4.8211,25.137,950,133.51
14.481,28.448,951,128.06
19.979,24.889,955,125.15
24.003,23.064,937,124.28
25.677,27.236,886,118.22
26.078,29.038,874,120.16
25.673,28.54,852,109.17
25.865,30.211,767,103.37
29.053,28.033,576,96.091
31.844,27.397,358,75.127
28.755,25.267,234,56.973
28.326,26.511,231,58.991
27.976,26.346,238,63.672
27.916,27.328,246,66.674
27.683,27.521,283,72.298
28.154,27.037,297,75.185
27.854,30.169,399,90.153
31.536,32.805,546,96.265
36.887,33.036,597,98.432
37.415,32.628,594,95.43
36.35,28.787,517,87.929
32.91,25.512,439,80.527
28.618,25.479,380,72.298
27.305,26.892,304,65.558
27.137,29.309,243,57.213
27.026,28.972,214,54.509
27.395,31.317,185,48.695
28.737,29.82,202,54.881
27.827,26.777,227,58.917
26.557,27.203,236,58.156
24.889,26.796,280,61.448
24.206,28.019,294,60.215
24.554,28.665,319,65.277
26.264,31.293,352,67.088
25.891,29.127,385,69.833
22.589,25.647,475,81.511
23.265,29.3,591,95.843
29.192,25.01,624,94.206
26.957,19.958,621,89.641
20.718,23.886,645,95.256
21.202,32.497,673,97.316
24.554,39.5,656,94.835
19.203,40.962,692,99.946
16.199,32.053,707,98.399
11.356,24.18,706,98.854
5.2068,26.406,673,95.844
8.4596,33.919,688,97.076
14.66,37.94,711,102.65
22.147,38.34,707,100.75
27.736,43.467,709,110.24
26.023,51.232,735,115.5
17.061,52.053,714,106.25
8.7789,54.271,731,108.86
7.1677,56.056,693,109
16.709,52.497,673,105.87
25.819,58.025,700,107.13
26.389,67.961,726,109.84
22.355,76.335,718,105.74
17.6,80.819,720,105.89
13.106,75.202,731,119.24
19.711,70.127,717,112.73
30.785,76.455,735,113.59
31.632,83.648,740,124.22
23.681,86.759,741,109.32
28.375,90.55,755,132.65
37.966,80.49,756,125.08
40.314,66.696,735,115.55
36.97,53.812,690,102.93
32.521,42.787,593,91.402
28.345,46.993,605,95.893
18.886,51.74,708,111.18
11.351,56.114,770,116.93
10.751,57.542,864,123.56
9.7333,57.34,954,129.75
8.711,55.382,1016,130.4
8.723,55.282,1003,127.55
8.2792,55.21,1010,128.87
7.6006,53.975,1002,131.5
7.4552,53.363,997,129.36
6.8386,52.514,985,127.68
6.0789,50.641,978,127.74
5.7344,48.975,969,132.41
6.9217,47.021,945,126.43
7.1042,43.959,923,124.78
4.2982,41.477,953,129.02
2.7348,38.285,902,123.14
4.773,34.501,874,121.55
8.2605,32.036,903,130.02
12.784,35.432,920,126.2
17.676,40.195,926,122.85
22.699,43.018,909,116.42
25.58,42.233,895,115.17
26.5,42.038,884,115.18
28.794,47.279,833,122.97
27.403,45.947,868,120.13
25.105,46.807,854,116.37
21.803,45.943,875,118.55
19.151,47.425,880,119.44
17.734,50.664,898,123.2
19.642,50.594,887,120.27
21.902,51.644,897,125.59
25.382,52.744,897,121.11
28.903,55.836,877,114.37
31.938,55.77,861,113.88
33.94,58.632,807,104.19
33.757,57.442,865,110.95
32.395,56.224,962,131.46
29.792,56.161,1044,137.35
28.74,55.893,1129,142.33
28.463,56.982,1162,154.54
28.186,56.119,1165,162.64
28.015,56.542,1152,173.75
27.623,55.3,1186,165.02
27.617,54.414,1178,162.25
26.843,53.674,1153,160.38
25.67,52.281,1128,156.13
24.545,50.313,1086,148.17
22.676,49.463,1057,141.82
20.384,49.278,1047,137.72
18.009,49.743,1057,134.15
17.722,53.623,1061,149.01
19.85,56.17,1062,146.06
22.537,57.39,1038,140.73
25.97,58.924,1033,132.46
29.052,59.349,1037,128.22
30.834,56.683,1023,119.22
31.437,55.133,990,116.71
30.695,53.573,968,114.96
29.332,49.982,993,124.55
30.562,52.103,986,122.12
28.605,57.096,981,121.96
28.649,58.73,974,123.03
24.172,57.996,957,120.64
19.717,58.474,879,115.36
14.61,61.983,872,111.26
12.691,67.22,899,121.96
15.824,75.261,905,125.86
20.732,80.49,915,115.61
23.641,86.013,907,123.57
20.174,90.416,911,123.91
17.454,91.378,863,124.38
18.091,95.83,842,116.31
19.174,96.172,832,108.69
23.071,96.449,863,110.87
31.075,93.7,859,113.14
31.304,95.081,856,109.36
29.073,90.59,846,114.44
33.298,92.937,865,115.24
36.008,94.741,877,117.35
40.487,94.743,886,118.01
36.124,99.136,865,115.87
39.821,92.718,871,122.08
49.978,92.211,793,101.77
58.375,92.821,757,102.74
65.137,87.42,795,113.91
69.639,90.306,774,117.61
76.018,91.952,760,114.04
76.878,92.262,760,117.09
74.117,95.128,781,122.23
78.067,98.604,812,130.02
81.735,100.35,825,124.22
81.399,105.57,819,123.7
82.222,100.31,819,125.11
75.375,95.73,813,117.19
70.893,101.79,797,118.84
82.926,100.53,777,115.77
91.371,100.68,829,123.32
90.312,110.91,816,124.97
86.707,117.95,783,122.92
84.894,129.46,769,115.67
84.317,138.5,796,122.18
91.845,143.56,770,106.96
96.043,140.54,698,111.48
94.947,128.33,647,101.27
90.701,117.95,743,108.66
82.409,109.53,780,114.08
89.016,110.23,766,115.36
93.257,109.21,783,114.53
95.237,116.47,763,108.18
100.37,122.4,685,101.65
102.06,127.75,679,102.81
98.74,125.03,741,108.35
96.546,127.38,817,114.73
95.897,128.41,893,114.73
94.515,128.52,947,122.77
94.376,130.22,939,122.91
94.31,130.06,916,119.56
93.903,130.15,912,117.09
94.223,132.49,903,118.06
94.987,133.45,881,112.68
95.833,135.07,868,110.58
96.89,136.32,874,111.8
98.45,138.8,882,113.28
97.795,140.58,869,116.97
97.383,141.95,838,111.17
97.365,139.45,851,110.99
97.705,135.48,832,106.07
95.315,131.57,826,103.19
94.885,128.5,831,106.1
97.129,126.51,896,119.15
102.92,128.7,880,122.51
102.96,137.66,880,115.49
101.11,144.23,914,122.7
100.81,150.37,898,125.53
98.061,155.84,862,118.17
95.196,160.37,864,121.68
95.186,160.8,887,121.85
100.74,160.67,885,134.04
103.82,155.45,875,127.98
100.06,156.31,869,133.7
98.773,163.55,860,126.68
102.45,170.37,853,118.16
111.69,174.3,831,106.2
114.42,177.82,768,104.92
113.22,182.03,782,105.07
116.46,185.11,759,105.05
124.5,188.52,724,105.5
128.21,193.65,665,98.903
128.56,201.11,651,96.067
127.07,200.92,702,99.764
130.68,200.76,653,93.073
132.67,197.99,589,88.244
129.9,197.18,609,92.684
134.08,198.52,710,102.51
133.13,198.77,763,103.32
133.06,197.86,812,103.34
133.33,198.15,821,107.74
133.38,198.56,807,105.22
133.58,198.7,800,109.05
134.01,198.2,792,107.01
134.45,198.41,785,104.15
135.29,199.94,801,108.92
136.52,201.28,772,109.31
138.39,201.78,766,110.29
139.68,199.44,790,110.15
137.88,198.09,835,112.06
135.36,197.43,856,107.89
134.46,197.81,837,109.94
136.74,198.81,828,107.32
139.66,196.55,824,107.9
139.56,199.55,810,105.16
140.35,201.55,853,109.69
142.25,197.89,807,106.62
146.51,198.48,792,108.79
138.89,198.34,830,119.03
138.8,194.04,802,107.86
143.98,199.93,769,104.41
141.59,206.93,782,104.06
141.14,211.14,773,105.08
145.05,207.19,798,110.64
144.14,209.81,798,104.34
141.76,210.18,807,103.75
139.77,214.02,792,109.62
129.61,210.7,816,112.77
127.18,211.95,783,113
127.91,220.16,839,116.65
124.87,228.55,790,104.83
127.23,232.86,654,103.51
132.25,239.06,622,96.058
142.5,238.57,702,104.59
144.51,246.24,668,103.85
147.77,254.38,718,109.8
147.92,264.66,647,96.488
154.35,274.64,613,92.279
162.54,283.23,682,103.49
168.73,291.15,697,119.99
171.57,299.43,714,118.74
173.74,306.04,701,118.02
182.88,308.43,702,111.38
191.3,309.9,642,96.274
189.19,303.3,639,96.05
178.18,297.73,667,107.99
170.7,296.01,726,116.15
167.88,287.77,737,113.51
165.74,274.91,750,115.6
161.27,265,708,105.74
167.39,258.02,723,100.41
169.81,265.57,716,104.53
159.95,266.45,744,104.61
148.88,263.76,729,100.49
137.68,264.19,718,102.76
144.27,272.85,723,106.94
155.83,279.02,718,112.55
167.95,281.4,708,103.78
165.99,287.76,729,106.01
167.04,290.41,751,110.31
168.93,293.15,769,108.44
168,292.61,754,106.04
167.33,297.08,770,106.71
170.04,299.19,763,103.29
171.01,304.99,777,115.39
169.78,305.51,769,110.41
170.43,304.76,784,112.85
170.26,304.04,757,108.74
169.12,303.71,763,112.02
172.14,304.36,761,109.8
177.27,301.26,763,107.87
182.63,298.55,745,104.25
189.3,291.95,734,103.41
193.73,296.59,710,101.87
192.83,302.92,721,107.01
193.45,298.33,683,104.92
188.06,294.82,627,93.288
181.57,294.9,602,89.343
175.33,297.93,596,87.764
175.79,292.48,660,97.035
169.15,305.09,601,88.21
171.01,315.13,531,81.85
170.58,316.41,545,88.582
172.42,317.68,657,95.049
169.16,310.8,708,113.17
169.35,299.22,682,106.85
177.89,303.75,641,103.47
176.95,316,646,94.992
173.65,326.68,654,95.546
175.49,335.65,639,96.513
169.07,342.65,606,92.006
167.86,352.16,544,88.615
174.64,351.19,521,83.529
177,348.02,618,92.229
175.84,344.99,731,106.37
175.46,344.62,750,109.46
175.41,343.87,833,112.78
175.55,343.97,869,118.36
175.43,342.97,819,120.05
175.66,343.09,843,119.03
175.82,342.43,831,128.99
175.83,341.23,820,121
175.22,341.07,812,120.69
174.31,342.76,797,119.62
171.65,343.59,824,114.78
169.41,344.68,845,118.02
169.16,348.89,813,112.78
171.48,353.59,770,113.65
174.08,358.18,735,106.22
170.9,355.54,718,106.28
169.51,347,742,105.4
174.38,349.49,752,106.44
175.85,358.67,737,104.02
176.92,364.58,733,106.97
178.8,363.32,768,114.6
175.86,365.32,748,109.52
180.07,368.66,733,104.57
178.73,365.4,759,103.6
174.83,362.7,793,119.51
172.92,364.9,789,117.09
175.71,364.53,797,114.64
179.02,362.91,802,113.72
179.54,365.22,795,116.79
173.58,352.77,771,114.55
172.27,346.27,810,115.45
180.71,340.06,766,111.07
178.3,341.33,812,118.03
178.95,342.23,788,111.41
181.68,339.12,756,108.16
181.39,341.19,753,111.21
186.62,335.74,721,110.95
189.68,324.4,695,104.68
194.4,322.2,659,94.487
189.45,334.19,696,103.95
186.45,349.39,683,100.46
178.66,356.62,672,101.89
169.9,353.64,703,107.41
164.62,339.96,721,108.07
160.89,344.18,664,99.367
164.94,353.04,666,101.31
170.62,352.13,664,94.57
172.27,350.26,662,98.035
166.72,350.53,698,100.94
155.29,347.46,698,103.99
152.33,354.54,680,103.33
150.06,359.35,697,112.14
151.39,361.36,704,101.35
154.15,363.94,680,99.176
155.23,365.69,626,93.652
158.13,371.17,685,112.95
159.86,369.91,672,107.15
151.6,363.28,632,92.345
140.9,356.77,620,92.585
134.68,363.55,611,89.715
134.6,375.55,630,97.53
132.83,382.6,638,93.197
137.81,390.09,634,109.89
137.1,395.11,643,111.85
131.75,399.59,424,102.38
129.17,407.08,204,51.829
134.33,416.94,563,107.61
142.67,425.48,531,93.487
142.92,436.19,490,91.469
141.65,446.44,459,88.988
137.22,453.76,411,94.703
135.22,454.33,406,108.68
130.94,448.31,452,105.97
130.39,453.93,396,91.064
129.44,456.29,420,87.946
131.97,457.96,373,120.59
133.14,456,323,138.21
133.75,457.79,799,106.41
134.02,456.04,880,115.96
133.89,457.07,878,111.23
133.44,456.17,890,114.73
133.15,455.88,900,115.5
132.85,456.89,915,114.9
132.9,456.6,914,116.48
133.72,457.44,883,116.38
135.65,459.88,881,116.29
139.56,459.32,866,110.41
142.78,455.38,850,112.11
147.16,452.92,910,117.06
149.01,456.85,881,114.48
144.93,462.4,837,116.03
140.26,465.07,859,115.17
137.49,467,861,116.3
135.99,471.23,852,119.07
136.88,475.89,842,115.63
138.26,482.49,769,108.65
143.23,489.46,774,106.97
135.01,488.53,776,111.77
131.49,495.15,754,101.75
137.48,505.05,765,104.15
145.19,512.78,781,105.74
154.14,516.32,777,111.67
165.78,519.79,761,112.25
176.92,520.91,731,105.26
187.11,522.17,714,104.77
196.07,520.97,699,107.27
205.17,514.53,682,98.978
214.57,511.03,688,100.04
219.59,514.42,631,98.647
230.08,520.26,578,90.178
233.54,524.54,617,96.315
241.17,526.32,624,102.58
245.31,526.76,607,95.389
243.58,528.31,630,104.9
236.92,531.21,635,101.63
233.49,534.04,635,102.62
239.37,527.93,647,105.23
231.36,520.22,633,103.67
215.78,516.9,671,104.34
202.21,521.96,667,105.58
200.01,529.02,688,104.34
194.08,538.14,626,97.324
195.68,547.93,618,94.901
198.08,552.94,622,101.74
205.05,543.93,652,107.24
196.34,531.63,667,107.06
196.36,549.22,649,106.85
191.79,560.66,588,94.173
