0,-0,193,58.222
0.66424,0.35917,206,63.507
-0.071648,-0.79126,192,60.414
0.79275,-0.92746,193,59.116
0.95434,-2.8424,187,55.154
1.0934,-2.7299,184,53.136
1.9279,-3.2034,175,47.777
1.7448,-2.9666,171,50.126
1.8757,-3.3492,151,49.589
2.0632,-3.2372,163,50.134
2.476,-2.7911,164,50.771
2.4191,-2.2434,163,48.331
2.686,-2.8277,156,46.272
3.0274,-2.8132,155,46.181
3.1973,-3.2619,152,44.841
3.5116,-3.3634,147,43.741
3.5856,-3.0651,158,48.976
4.1731,-3.5905,156,48.828
3.6727,-4.4408,179,50.035
2.9609,-6.4258,181,51.515
1.6022,-7.3862,188,66.501
1.251,-7.9294,182,51.697
1.4042,-6.6402,176,59.306
0.37445,-6.8024,178,54.046
-0.62503,-6.9043,173,61.34
-0.73635,-7.7237,209,58.206
1.3024,-7.4094,196,60.166
0.75076,-7.7806,175,64.095
-0.19713,-6.8509,194,73.903
-0.11981,-5.1499,194,71.347
0.64366,-5.2726,195,69.718
1.3908,-3.3749,175,58.363
1.7105,-4.8421,174,81.173
3.6884,-4.4233,191,58.247
3.8822,-3.9634,175,58.173
4.7737,-3.5605,174,59.414
4.6136,-3.589,133,52.293
4.2505,-2.4151,166,62.308
4.2473,-2.1452,163,58.661
3.0939,-2.1207,163,77.211
1.2347,-3.6574,138,54.063
0.76394,-2.9956,134,68.503
-4.1667,0.8412,703,109.09
-3.5188,1.6747,723,108.85
-1.9556,-0.42884,712,119.32
-0.98229,-3.9022,712,108.86
0.93222,-3.3483,643,112.95
3.0115,-2.6031,651,110.15
3.9866,-4.2984,630,106.57
4.1887,-4.0586,627,99.457
3.7035,-2.9318,699,104.34
2.7465,-1.6061,704,101.59
1.005,-1.3928,676,99.524
2.2141,-1.6928,743,112.24
2.9781,-3.9174,767,114.38
3.2829,-3.7019,737,103.95
3.6675,-1.5297,708,106.79
3.2955,-2.5111,653,94.967
2.0049,-2.5541,636,95.455
1.2071,-3.0388,668,95.918
0.18376,-2.5725,667,99.88
0.44824,-2.9456,704,104.06
0.68039,-3.8033,736,103.72
-0.23941,-4.1614,729,105.39
-0.45902,-3.9946,710,105.12
-0.3905,-4.5803,762,110.71
1.4736,-3.9461,813,116.74
4.1638,-4.6507,815,119.99
3.3269,-4.3897,859,124.2
0.74363,-3.7378,856,122.03
0.030498,-3.2972,843,112.62
0.82808,-2.1756,838,108.53
1.8539,-1.6799,842,110.69
4.2571,-3.2685,849,113.08
3.0499,-3.9615,869,120.53
2.211,-4.3709,880,124.56
-0.44634,-4.1891,853,116.14
-2.5796,-2.6603,836,112.95
-1.6797,-2.4022,869,123.87
0.10689,-5.4138,839,118.68
1.7481,-5.1101,835,113.43
2.1269,-4.8808,853,113.81
1.1613,-4.6661,877,112.23
-1.1553,-4.4051,895,117.76
-0.59811,-5.0498,894,125.78
0.10786,-5.4877,905,131.04
1.6195,-4.7302,964,134.52
0.8951,-3.2121,945,118.4
-0.04238,-3.8457,875,114
1.052,-3.846,846,110.75
1.295,-2.8645,830,111.88
1.0509,-3.2244,866,117.49
1.0879,-3.1072,881,113.99
0.90727,-3.2761,882,115.5
0.93625,-3.5193,890,115.97
0.97363,-3.3316,898,113.53
0.65905,-3.2287,934,116.61
-0.30479,-3.1089,963,119.6
-2.2446,-1.9626,964,125.68
-3.2016,-0.88331,931,115
-1.2467,0.37382,939,118.7
-0.47029,-1.5976,979,119.03
-0.9057,-2.2207,965,119.4
-0.70384,-2.2693,945,119.85
-0.62673,-2.6439,929,115.31
-0.17519,-3.2209,922,118.14
0.71822,-4.3965,941,118.49
2.1185,-3.4312,928,117.5
3.1467,-2.8773,938,118.03
3.8626,-1.3246,952,123.87
2.8072,-1.4959,947,125.25
0.11479,-2.5746,974,124.78
-0.30791,-3.9077,994,123.24
0.48365,-4.2005,920,114.44
1.5197,-3.033,984,130.46
2.4323,-0.99192,944,125.64
-0.18708,-2.1097,939,120.25
-2.25,-4.6071,920,124.79
1.6762,-5.5948,909,126.96
5.4714,-6.1282,912,126.93
7.1613,-8.1108,998,138.74
7.022,-8.8035,1156,209.65
4.6247,-6.275,1100,177.26
3.1386,-3.5445,1039,160.8
1.1711,-3.476,1037,157.42
0.64446,-3.3261,1107,161.08
0.15993,-5.0403,1041,168.02
-0.27154,-3.9338,1035,160.71
0.72196,-1.3945,1130,181.67
-0.033772,-0.45123,1087,176.76
-0.52052,-0.73594,1065,180.46
0.9364,-1.1951,1056,177.17
4.2259,-2.2247,1014,144.66
5.1831,-2.0188,1001,164.06
2.9837,0.14951,977,152.79
1.5851,-1.8416,957,142.46
0.4508,-3.0326,952,150.26
-0.66334,-3.184,979,160.87
-1.2719,-3.8065,988,170.9
-0.57789,-4.0078,972,176.21
1.4075,-4.8756,960,169.22
1.9905,-5.714,987,190
-1.7292,-5.486,1009,158.92
-1.6757,-3.5079,988,191.85
2.1994,-2.4076,973,159.2
4.1129,-2.8892,1066,195.77
4.4478,-3.9277,1040,143.43
4.293,-3.2275,1055,178.89
3.1547,-2.7827,1027,144.59
2.3062,-2.4332,1086,161.33
3.8214,-2.0939,1048,151.3
2.5653,-2.9372,1046,168.45
-1.2966,-2.8773,1073,168.52
-1.0137,0.12805,1040,141.71
1.8532,0.82258,1013,146.8
4.6187,-3.5013,1067,158.34
4.063,-5.6032,1119,243.87
0.37317,-3.7741,1054,164.77
-0.69501,-2.3918,1041,159
-0.42508,-3.5641,1063,185.6
0.74238,-2.6407,1064,171
1.9833,-5.0061,1089,188.31
2.1607,-4.7518,1086,174.05
3.2537,-4.5907,1078,160.76
4.3283,-5.3099,1107,173.27
3.7593,-4.8198,1078,162.31
1.2267,-3.5395,1059,163.37
1.9906,-1.4381,1085,158.52
3.8809,-2.4837,1069,189.65
1.6276,-4.6398,1071,179.53
-0.63641,-2.8972,1069,174
0.43938,-0.29644,1047,132
3.1786,-1.8873,1066,154.95
5.3068,-5.4804,1063,160.15
2.4131,-7.0706,1127,190.35
-1.2462,-6.0795,1101,174.36
-1.4632,-3.097,1088,176.72
2.1559,-2.8369,1084,196
3.0177,-6.0267,1137,221.17
2.088,-6.4183,1104,190.58
2.6117,-5.4013,1091,178.56
1.5923,-4.1576,1127,149.58
2.8655,-3.458,1128,164.75
5.1255,-6.5332,1122,186.08
5.5979,-7.0042,1116,183.45
0.56881,-7.6469,1135,187.07
-2.4669,-5.412,1110,182.12
0.22751,-2.3218,1053,158.52
3.2128,-4.4581,1133,189.8
5.0407,-6.2636,1119,193.54
2.3461,-7.1722,1133,187.59
-2.099,-6.7912,1176,205.46
-2.441,-5.3017,1210,205.1
1.8475,-3.3844,1164,184.4
5.9076,-5.5397,1145,177.96
6.562,-7.6648,1080,159.42
4.0501,-8.8718,1185,216.32
2.5451,-7.5635,1192,207.6
1.2266,-4.627,1187,171.9
0.49498,-3.6655,1174,155.64
0.30882,-3.6913,1175,157.78
-1.02,-4.2125,1172,167.84
1.1717,-4.5991,1168,173.11
2.5885,-5.1188,1143,186.25
0.96421,-4.0811,1189,185.72
0.6088,-3.4557,1246,197.76
0.67622,-3.1131,1271,203.07
0.68888,-3.6162,1287,194.55
0.49611,-3.3081,1302,172.12
0.45381,-3.3114,1348,203.2
0.73785,-4.1952,1396,222.9
0.063181,-3.0349,1402,189.83
-0.67282,-1.8525,1372,195.27
-1.7641,-0.14898,1291,169.66
-3.2736,-1.6192,1265,169.87
-3.6481,-4.1505,1236,170.14
-3.1883,-4.3957,1214,177.95
-1.1937,-3.9375,1184,157.88
1.8332,-2.9563,1186,175.12
3.2345,-2.7866,1161,174.58
2.0707,-4.4034,1133,146.81
-0.02044,-5.6272,1161,182.44
-0.92212,-5.0069,1201,181.31
-1.5602,-3.5597,1222,193.28
-1.0619,-3.4658,1211,170.4
-0.55147,-2.8819,1195,177.16
-0.72631,-3.9105,1220,168.12
0.058301,-3.6847,1206,186.7
0.13455,-5.3167,1222,198
-0.27677,-2.978,1173,157.06
0.47429,-2.18,1134,159.86
1.4998,-4.7389,1157,187.95
-0.37036,-4.8689,1159,180.05
-3.1386,-2.6358,1163,166.85
2.2709,-1.6017,1147,152.92
6.2013,-3.5452,1061,143.93
2.7382,-7.5994,1152,207.07
-2.6482,-6.6373,1117,167.72
-3.9238,-2.1025,1129,157.66
-2.0813,1.0711,1122,169.4
0.9154,-3.6632,1076,170.07
2.928,-7.6112,1166,213.22
1.4095,-7.3327,1196,176.45
-3.0754,-4.8895,1142,160.02
-4.1946,-1.9845,1083,142.02
-1.3025,-0.87966,1136,169.78
2.4042,-4.4735,1195,247.02
3.6299,-8.0149,1146,189.79
1.4467,-6.8825,1091,189.69
-3.5962,-3.5402,1174,201.97
-4.7076,-1.9277,1140,157.99
-1.5584,-5.0974,1118,192.46
0.74962,-6.0863,1166,188.08
2.2247,-6.1379,1179,162.48
2.0473,-4.8911,1152,160.39
1.0941,-5.8166,1164,192.81
0.58583,-5.3653,1172,188.51
0.33538,-5.1722,1185,173.43
2.3802,-4.5586,1204,182.74
0.0040096,-4.1435,1216,182.72
-1.3307,-5.4355,1227,174.2
-0.35275,-4.9102,1236,188.93
-0.50842,-5.4094,1242,177.37
-1.0666,-4.6054,1266,179.62
-0.73397,-4.3253,1256,177.33
1.2441,-5.0657,1253,205.65
-0.23378,-3.0777,1232,175.49
-1.5265,-6.6008,1191,161.14
-0.4318,-6.4634,1211,186.21
0.65881,-4.2397,1198,173.99
-0.42942,-4.4827,1205,195.57
-1.5622,-5.7799,1202,170.77
0.72312,-7.4422,1199,171.45
4.056,-6.5594,1202,205.53
0.34537,-2.0854,1170,157.34
-4.8568,-4.0795,1148,163.92
-3.7668,-7.7366,1202,175.58
1.119,-8.6594,1200,169.65
4.0572,-3.342,1177,189.91
-0.29062,-3.267,1189,182.7
-3.6486,-4.6337,1180,173.36
-1.8209,-6.6984,1202,176.13
-0.56791,-5.2289,1230,184.49
-0.28271,-4.4034,1225,193.17
0.025492,-3.9568,1249,194.41
-1.7439,-5.2507,1237,187
-0.35114,-6.3668,1273,188.85
0.30875,-5.2174,1253,185.27
-0.06968,-5.1304,1254,178.86
0.042071,-5.6405,1194,161.96
0.16622,-4.9435,1252,180.81
1.9278,-5.0819,1208,154.71
0.22428,-4.0003,1227,164.29
-2.3208,-2.9709,1217,165.08
-0.48892,-7.8156,1194,157.7
3.7463,-8.0412,1176,201.97
4.6244,-8.1276,1204,192.63
1.0502,-5.6745,1287,206.18
-3.0964,-2.8477,1291,176.01
-4.0506,-6.4372,1213,188.68
1.5172,-6.4897,1216,189.37
6.3895,-3.6056,1237,171.81
2.5737,-2.4595,1231,167.33
-1.8328,-4.037,1227,206.51
-2.2795,-4.6621,1280,212.19
0.42156,-4.7079,1260,173.72
1.3003,-5.3301,1256,195.73
1.3888,-4.4312,1273,186.17
-1.5386,-5.8292,1203,177.7
-0.2692,-5.0981,1324,198.2
2.3595,-5.6799,1262,191.75
1.6583,-5.8228,1263,188.74
0.76972,-3.7054,1284,180.57
-0.024922,-4.4871,1258,149.44
0.42605,-5.7116,1262,160.52
3.033,-4.1405,1226,219.6
3.523,-2.9689,1268,169.93
-0.73001,-2.2071,1221,162.28
-2.3644,-3.8295,1233,218.14
0.31675,-5.8095,1178,195.06
4.1006,-3.9773,1235,183.57
2.4127,-2.0613,1277,192.24
-2.0705,-3.3215,1202,168.72
-1.3555,-6.4621,1241,168.33
3.6155,-6.2729,1199,189.52
3.4938,-2.6759,1222,161.81
-1.0917,-2.2652,1232,190.48
-3.2949,-3.3127,1285,195.38
-1.9911,-4.9253,1240,198.93
2.049,-5.1978,1224,172.63
3.1396,-2.0352,1224,165.7
1.5721,-2.4012,1280,181.71
-0.42591,-6.0903,1272,185.39
0.16997,-4.3158,1260,169.21
1.373,-4.2314,1262,182.78
1.1265,-4.3892,1281,177.18
1.3777,-4.5173,1233,158.13
0.60869,-4.4423,1333,179.26
1.6675,-4.552,1360,168.09
1.1807,-4.2271,1419,172.2
1.075,-4.7781,1482,188.93
1.3778,-4.7853,1508,188.06
1.3163,-4.847,1495,189.31
1.3256,-4.3352,1511,190.64
1.1624,-4.0307,1510,179.96
1.2195,-5.4022,1501,185.77
1.5859,-5.0174,1460,196.48
0.95575,-3.0937,1375,198.61
1.9261,-1.5512,1303,170.71
2.3094,-3.4683,1257,155.05
-0.38508,-5.0686,1314,175.84
-1.7032,-5.9067,1316,176.81
-1.3937,-4.8139,1285,177.25
-1.0614,-4.2973,1307,192.49
-1.1466,-4.4603,1320,193.18
-0.98166,-5.0433,1306,197.87
0.25648,-3.8358,1298,192.51
-0.076099,-3.777,1320,211.96
-1.7968,-3.4831,1305,184
-1.4055,-4.4407,1303,192.46
0.30772,-4.0707,1288,184.96
1.5278,-4.1098,1277,190.42
-0.54013,-5.4198,1298,178.71
-0.925,-7.5634,1328,177.75
1.5239,-4.4177,1350,255.97
-2.9015,-3.1342,1222,163.44
-2.7122,-6.3906,1355,222.69
2.237,-7.6049,1286,184.38
2.171,-5.2764,1228,177.9
-3.4373,-3.8481,1254,180.85
-5.7143,-7.0683,1268,201.53
-2.444,-6.4242,1247,229.98
0.70558,-3.9003,1336,213.51
-0.083096,-3.203,1309,193.04
-2.2771,-5.889,1282,182.72
0.78406,-6.7842,1305,194.71
4.5881,-5.3663,1265,196.69
2.1729,-3.8332,1280,228.83
-3.6228,-6.2028,1271,169.23
-2.5353,-6.9242,1316,184.96
2.541,-4.4167,1239,168.63
-1.9318,-2.6932,1251,195.81
-5.177,-2.6021,1293,194.68
-3.6126,-7.915,1260,219.82
1.3844,-6.3194,1204,179.23
3.3902,-2.7099,1275,198.56
-2.9386,-0.084208,1233,176.5
-5.9284,-1.9576,1174,171.07
-0.94695,-6.5472,1197,164.13
4.9968,-6.7441,1265,231.24
7.4516,-4.0904,1184,160.96
-0.17568,-3.9714,1194,187.4
-4.7151,-7.0582,1232,181.66
-1.7087,-9.0326,1262,206.5
4.8324,-5.9431,1211,170.26
-0.29769,-3.1086,1200,205.86
-5.2188,-3.9715,1252,203.98
-4.8543,-7.7262,1192,164.12
2.3779,-6.1179,1120,152.4
5.0712,-6.6064,1290,210.07
0.014797,-1.3091,1262,178.59
-5.6966,-4.0353,1203,154.51
-2.1726,-8.2036,1255,213.96
4.9359,-6.6822,1254,180.13
4.2143,-3.3058,1210,174.59
-5.1231,-5.547,1204,183.19
-7.3619,-8.3369,1250,214.54
-5.0526,-7.7348,1283,187.1
-0.26452,-3.3678,1286,175.73
0.82916,0.68426,1252,156.04
-1.5274,2.163,1180,169.43
0.54426,-3.6807,1277,195.93
0.64839,-8.6555,1286,164.89
1.3244,-9.1968,1310,205.94
-0.68495,-3.8791,1289,179.16
-6.481,-3.5387,1280,197.19
-7.0145,-8.9907,1275,194.23
0.25765,-8.6124,1283,179.03
4.9387,-3.8569,1268,197.87
-1.2057,-1.2821,1189,178.32
-6.862,-3.6124,1253,233.58
-5.4642,-7.0222,1314,201.94
0.35212,-5.9968,1286,202.92
-0.54352,-2.1535,1320,201.75
-6.7529,-3.3336,1286,179.85
-7.1609,-6.4294,1234,192.63
0.094258,-5.4655,1199,204.36
4.4718,-3.3361,1289,208.56
-1.4011,0.22759,1225,173.58
-7.5046,-4.3306,1214,167.06
-4.9547,-8.3199,1243,181.74
3.8205,-7.0543,1281,211.16
5.3932,-3.8933,1236,166.4
-2.4545,-4.2879,1204,169.41
-5.3215,-7.6471,1282,201.88
-0.2655,-9.5251,1274,208.45
4.8523,-2.9723,1252,207.16
0.34637,-0.66464,1346,180.45
-6.4652,-3.9107,1299,214.44
-3.3919,-7.071,1186,162.53
3.6571,-6.8931,1208,175.83
9.606,-5.8787,1236,182.5
11.343,-6.6292,1215,202.89
9.8382,-8.1415,1175,206.48
6.3049,-5.2564,1136,161.49
2.5867,-4.8129,1231,206.2
-4.5616,-4.8192,1176,192.43
-6.6102,-3.5859,1159,161.26
-4.0709,-2.2929,1315,222.12
-3.9261,-2.7024,1279,210.92
-4.1672,-4.4462,1232,189.84
-3.095,-5.8522,1246,198.52
-2.3544,-4.8669,1290,204.43
-3.0972,-4.9516,1237,169.18
-4.5932,-1.6287,1207,165.47
-3.4974,-2.4023,1217,160.59
-3.6103,-3.7749,1235,176.65
-4.8443,-4.5656,1275,226.84
-7.1808,-4.1484,1259,192.09
-8.4629,-2.5423,1199,160.89
-2.7315,-4.3899,1246,214.66
0.49095,-4.5366,1288,203.61
-4.811,-3.2613,1253,180.51
-9.2274,-2.4125,1177,168.53
-8.6721,-2.6814,1211,168.58
-3.9211,-5.0519,1318,200.38
-0.88426,-5.8596,1311,186.99
-4.4356,-5.9848,1281,192.63
-8.0374,-6.265,1271,197.67
-4.1384,-6.7062,1284,171.46
-1.5682,-4.3406,1278,190.4
-3.4092,-1.1219,1334,202.07
-5.9622,-0.53185,1308,187.28
-7.8764,-2.3905,1343,210.64
-5.0934,-1.9938,1299,173.82
-5.1537,-2.0452,1291,173.66
-4.7312,-4.633,1257,175.44
-4.7115,-4.1029,1312,208.95
-5.4216,-3.3094,1269,188.11
-6.3163,-2.3391,1320,206.81
-8.0181,-3.9294,1220,183.23
-5.9714,-7.4619,1286,199.82
-0.87355,-7.7488,1292,195.43
-3.5524,-4.7912,1253,193.7
-8.5051,-3.1572,1296,191.26
-4.8187,-8.1102,1264,181.6
1.1084,-7.3796,1239,195.72
2.3168,-2.7695,1301,174.79
-5.8248,0.85376,1328,192.26
-12.308,-1.9138,1232,178.98
-7.0383,-7.3117,1184,176.22
-2.2657,-7.8522,1264,203.6
-1.6778,-7.4053,1331,213.63
-4.0912,-5.4875,1313,182.88
-8.0117,-5.2586,1294,189.75
-4.8451,-5.9399,1255,205.74
-6.5434,-4.3075,1284,242.87
-9.0886,-5.674,1246,200.15
-3.451,-7.5875,1181,177.86
1.7227,-6.7762,1214,218.67
-2.5723,-1.0922,1171,180.52
-11.774,-3.6216,1232,185.95
-11.611,-5.2177,1207,208.33
-7.5832,-1.7054,1163,187.44
-5.9255,1.085,1217,176.89
-6.0041,-2.9703,1257,194.52
-6.2443,-7.7122,1283,189.97
-4.2607,-9.4691,1280,182.46
-1.3382,-9.9785,1310,192.52
-1.7554,-8.9901,1301,199.98
-3.589,-7.9125,1259,173.02
-7.7199,-6.2887,1270,189.16
-9.195,-4.1607,1217,207.06
-9.5951,-3.1308,1186,212.4
-8.0511,-5.8557,1216,199.38
-9.0165,-8.9418,1251,224.18
-7.9311,-8.4883,1213,214.22
-6.1474,-7.5285,1249,219.13
-3.3403,-5.4734,1261,188.93
-1.4364,-1.0235,1327,171.34
2.8099,-3.0309,1347,193.31
1.428,-7.2363,1312,181.82
-6.2895,-8.5022,1284,192.93
-10.916,-8.0943,1265,203.6
-12.634,-6.9983,1259,203.78
-9.0187,-7.9363,1223,202.96
-3.5788,-11.251,1184,194.07
-4.4281,-12.543,1208,179.23
-5.4263,-11.4,1193,168.35
-4.9872,-8.6764,1221,163.86
-4.2275,-6.6091,1308,209.31
-3.3485,-7.4561,1258,192.84
-1.6106,-9.7717,1294,218.28
-6.4609,-11.035,1251,178.57
-8.3953,-9.5843,1291,212.71
-7.4829,-9.1982,1228,198.71
-6.0481,-7.6361,1182,178.31
-4.6716,-7.3057,1224,170.31
-5.7237,-10.543,1264,237.93
-9.8802,-8.9453,1269,194.96
-10.51,-4.5159,1221,194.16
-2.9361,-3.3404,1207,185.62
-0.42313,-8.6465,1236,175.81
-3.2032,-16.571,1240,184.77
-6.3436,-18.297,1219,209.38
-7.0107,-16.967,1207,207.05
-8.52,-12.745,1255,248.26
-11.327,-10.83,1308,227.74
-13.22,-9.6828,1294,219.89
-8.8907,-6.0942,1216,198.83
-5.9717,-4.0213,1295,220.64
-4.2182,-5.5381,1223,175.19
-3.1279,-8.8464,1271,214.65
-7.3183,-16.089,1298,253.15
-10.453,-17.101,1205,184.46
-14.467,-14.11,1182,220.5
-17.305,-10.975,1229,197.3
-10.997,-5.4113,1211,202.74
-7.9915,-0.95766,1266,179.63
-4.6359,-5.7658,1231,211.88
0.4374,-7.6904,1216,198.11
3.7532,-14.864,1214,205.84
1.5746,-19.06,1171,169.83
-7.8719,-15.458,1219,206.53
-13.923,-12.349,1227,203.29
-15.131,-8.5058,1245,188.09
-12.01,-7.6296,1283,240.37
-4.3212,-10.762,1210,167.55
-1.5603,-15.772,1127,193.56
0.83913,-18.495,1222,185.7
3.3655,-18.408,1266,216.46
2.5449,-13.648,1276,245.57
1.7378,-9.954,1285,216.01
-2.058,-8.8977,1283,179.83
-8.0118,-9.6867,1312,181.71
-11.266,-9.6508,1307,186.35
-12.375,-7.4849,1255,183.09
-10.825,-7.5777,1224,189.08
-11.026,-8.6215,1326,202.22
-11.442,-9.1143,1312,198.38
-10.702,-8.3129,1314,207.04
-11.256,-8.0723,1287,205.94
-10.541,-10.232,1297,185.55
-11.672,-9.7963,1329,220.67
-15.239,-11.687,1248,199.53
-14.395,-10.294,1262,202.34
-12.342,-9.8836,1262,190.59
-14.806,-9.5027,1306,225.02
-15.368,-9.836,1299,207.77
-13.188,-7.2698,1270,193.4
-13.06,-6.0708,1299,200.4
-11.372,-7.4141,1320,179.37
-11.536,-10.078,1291,221.29
-10.237,-11.4,1302,203.37
-9.6308,-9.3907,1291,185.59
-12.379,-9.0384,1297,214.45
-14.601,-7.6017,1332,243.05
-14.353,-6.5215,1280,211.55
-10.392,-6.5978,1296,175.5
-10.207,-6.9272,1342,229.24
-10.982,-6.7776,1336,185.22
-13.349,-6.7154,1369,204.62
-14.047,-6.2285,1340,195.71
-14.178,-7.2697,1276,179.41
-10.476,-7.4919,1229,191.02
-18.086,-4.7002,1253,179.68
-20.385,-10.94,1248,178.55
-13.493,-13.006,1251,199.51
-10.43,-7.6678,1271,204.91
-12.112,-0.06918,1288,188.84
-12.786,2.4562,1238,183.47
-14.144,-2.5621,1280,182.73
-11.91,-6.3104,1285,197.96
-12.037,-6.5788,1339,204.89
-15.926,-4.2408,1269,188.97
-15.768,-2.3684,1266,194.62
-12.393,-2.7323,1300,204.52
-11.262,-8.1941,1323,209.51
-12.557,-11.022,1252,185.7
-18.332,-9.8469,1174,169.9
-18.573,-8.7323,1236,181.47
-13.387,-2.7574,1174,183.37
-9.7304,-3.1927,1261,207.17
-10.737,-5.826,1323,207.99
-14.74,-5.5415,1283,186.52
-16.021,-4.8477,1265,187.52
-15.449,-6.7212,1251,205.54
-15.368,-5.8088,1257,215.74
-13.519,-5.4315,1258,203.84
-13.255,-5.1003,1283,209.71
-11.117,-4.5402,1254,177.19
-7.607,-3.5449,1293,174.18
-6.9085,-5.1897,1349,184.87
-6.8249,-7.9201,1383,189.02
-9.5966,-10.013,1354,209.7
-9.7989,-10.901,1327,197.41
-12.088,-10.794,1294,174.44
-13.162,-9.0125,1258,208.92
-14.271,-8.1449,1295,203.11
-14.338,-7.3591,1297,209.83
-12.934,-4.0223,1244,184.58
-12.01,-4.0831,1304,210.99
-15.573,-6.7303,1258,186.16
-17.82,-6.0955,1237,164.8
-15.906,-3.6192,1206,178.78
-11.205,-8.0841,1250,210.44
-13.009,-13.211,1211,183.85
-21.103,-7.1012,1148,150.81
-20.787,-0.66439,1200,177.26
-13.349,0.97195,1208,197.51
-6.8399,-2.3772,1229,174.72
-0.65475,-4.0747,1318,182.11
1.7807,-7.5388,1323,236.81
0.55252,-9.083,1314,198.32
-6.3694,-12.278,1295,199.08
-14.15,-14.279,1270,200.89
-18.409,-14.828,1255,198.3
-19.248,-10.405,1248,219.57
-16.583,-6.9065,1209,178.49
-13.964,-6.3764,1202,182.4
-12.188,-3.6159,1269,213.33
-12.413,-4.4019,1277,197.7
-11.912,-10.188,1283,212.01
-16.873,-14.198,1269,195.44
-22.638,-6.8708,1218,190.74
-20.529,-1.6259,1213,182.34
-17.964,0.29262,1261,170.82
-14.047,-4.1287,1313,247.33
-14.204,-12.657,1203,230.88
-19.479,-11.069,1157,186.2
-21.278,-4.6353,1164,183.09
-18.429,1.96,1167,165.16
-12.882,4.5469,1212,191.93
-9.1891,0.032016,1212,161.65
-10.836,-9.3668,1242,212.59
-13.363,-16.292,1240,215.86
-19.391,-14.887,1151,203.19
-23.252,-5.9692,1115,167.82
-21.196,-1.1523,1193,199.7
-15.431,-0.37658,1228,202.46
-11.5,-1.4774,1281,206.39
-12.471,-7.9892,1277,225.8
-14.577,-11.158,1270,203.22
-19.721,-10.616,1217,165.88
-24.408,-6.8519,1178,177.92
-22.639,-1.2357,1184,183.65
-17.01,-3.3574,1262,210.87
-13.644,-12.701,1184,169.05
-15.462,-18.518,1165,206.11
-22.276,-15.835,1154,201.25
-27.858,-6.885,1126,163.45
-23.972,-1.7065,1161,174.67
-16.41,2.2169,1222,176.79
-10.592,1.6192,1234,209.78
-8.9542,-5.9376,1213,205.21
-8.6179,-10.298,1218,208.4
-12.161,-9.8502,1279,205.81
-17.486,-7.0061,1298,201.26
-19.559,-4.0528,1244,195.48
-14.031,-7.1142,1260,205.03
-10.999,-14.444,1230,206.52
-17.079,-14.57,1159,186.65
-24.937,-8.2567,1162,195.38
-26.295,-1.5554,1166,177.26
-19.669,3.6577,1202,202.64
-12.38,3.4912,1255,203.75
-8.3012,-1.9547,1284,211.4
-5.2188,-7.2046,1253,203.03
-8.3078,-13.148,1245,212.53
-14.419,-18.37,1216,177.92
-19.972,-17.7,1200,204.16
-22.41,-11.409,1142,205.99
-19.181,-5.6118,1204,210.21
-12.451,-4.5682,1254,188.89
-9.7464,-5.0073,1221,185.04
-8.1604,-6.7024,1263,227.37
-6.9318,-9.6748,1293,200.25
-8.8856,-11.115,1274,173.29
-14.999,-10.936,1252,188.96
-20.856,-7.06,1242,190.86
-21.035,-3.4635,1239,209.29
-15.487,-2.7401,1241,200.5
-12.115,-3.0051,1322,222.45
-12.205,-7.4296,1259,189.25
-14.84,-9.6807,1262,177.79
-17.275,-9.6139,1259,216.48
-17.56,-7.301,1245,203.39
-15.136,-3.0562,1303,219.82
-13.652,-2.0281,1311,208.7
-13.663,-4.9541,1286,227.63
-16.219,-10.979,1254,208.97
-21.141,-14.283,1221,179.17
-25.911,-11.04,1155,176.87
-25.803,-3.8474,1107,160.01
-19.19,-1.2561,1183,200.32
-12.902,-5.6941,1220,178.59
-14.4,-12.642,1159,178.29
-19.365,-12.155,1143,161.96
-22.261,-6.8636,1172,187.72
-21.831,-0.26055,1258,206.98
-17.454,2.9505,1241,194.35
-13.732,0.6024,1288,227.79
-11.464,-4.1579,1284,230.54
-11.13,-10.491,1264,230.22
-6.3832,-8.4741,1317,220.29
-3.4889,-7.1356,1365,277.22
-4.6866,-8.8648,1343,223.02
-12.645,-10.275,1254,253.35
-19.274,-10.931,1147,189.92
-24.611,-8.084,1119,175.77
-26.377,-2.6267,1093,136.4
-21.08,1.5293,1196,170.02
-15.769,2.0349,1234,179.51
-12.126,-1.5551,1259,191.42
-12.794,-9.5279,1224,182.77
-18.165,-11.721,1200,179.77
-25.277,-7.8092,1162,179.49
-27.95,-3.6297,1192,177.92
-23.151,0.76863,1191,206.74
-17.045,1.7662,1179,188.72
-10.699,-4.5189,1233,197.7
-8.6412,-9.5116,1217,204.72
-3.282,-11.542,1324,215.16
-2.1529,-14.029,1324,239.78
-6.711,-15.922,1290,206.1
-14.319,-13.564,1231,190.73
-19.253,-10.303,1236,182.78
-21.494,-8.7478,1276,197.61
-18.968,-4.0145,1250,186.44
-16.564,-4.1794,1269,208.9
-16.402,-5.8793,1255,177
-18.563,-5.7353,1174,156.72
-19.657,-7.4072,1220,187.56
-21.322,-8.05,1263,216.7
-21.02,-6.775,1272,189.11
-22.943,-1.3552,1236,156.24
-24.842,0.24356,1245,173.79
-22.282,0.64561,1200,189.94
-17.009,1.565,1212,197.3
-13.103,-6.8021,1270,243.69
-12.863,-14.296,1222,183.94
-16.323,-18.883,1195,184.5
-21.741,-16.621,1161,190.68
-25.361,-9.0705,1111,173.33
-25.029,-2.0749,1066,150.15
-20.205,0.38801,1138,164.31
-14.218,-4.6597,1196,217.94
-14.964,-12.528,1178,184.36
-16.905,-18.648,1222,176.88
-21.767,-13.518,1169,193.39
-25.57,-6.5495,1153,162.99
-26.988,-1.7937,1236,214.27
-22.281,0.65676,1160,155.1
-17.281,-1.9871,1214,185.89
-15.535,-8.2755,1234,180.7
-17.685,-14.191,1170,178.37
-24.069,-11.354,1107,156.39
-27.725,-5.3987,1137,167.35
-22.068,0.39879,1192,200.7
-16.647,2.7324,1206,185.68
-16.391,-6.3786,1160,175.68
-19.4,-13.711,1133,179.47
-19.265,-15.963,1163,175.85
-26.907,-13.712,1144,182.9
-29.741,-9.5017,1203,202.16
-30.127,-3.481,1215,178.57
-28.127,0.77966,1199,200.46
-22.504,-0.5301,1218,183.86
-17.278,-7.226,1234,214.11
-17.234,-14.823,1163,191.09
-18.699,-16.328,1184,212.89
-22.058,-12.921,1181,215.79
-21.897,-11.702,1277,222.88
-24.441,-8.2249,1264,229.71
-26.722,-3.8737,1181,163.74
-28.249,-0.58663,1179,167.95
-28.549,0.50895,1200,198.58
-23.124,1.0858,1150,158.47
-19.694,-1.303,1243,192.8
-15.79,-5.4292,1286,214.07
-12.34,-6.8123,1247,190.84
-13.138,-8.3635,1270,200.11
-17.991,-11.985,1210,182.09
-19.66,-8.8135,1298,243.29
-20.381,-3.9199,1286,193.96
-19.533,-3.6096,1222,200.59
-15.708,-6.0467,1256,218.95
-15.396,-10.281,1279,191.27
-19.433,-15.873,1248,204.77
-24.406,-14.363,1171,186.96
-28.789,-10.116,1165,205.32
-28.132,-2.13,1206,168.79
-24.865,0.62324,1254,184.54
-17.246,-0.88924,1215,194.92
-16.544,-6.8275,1147,202.25
-18.012,-14.189,1155,202.9
-20.338,-15.095,1087,166.17
-20.734,-12.325,1100,166.51
-19.924,-11.377,1207,201.9
-19.827,-10.546,1334,216.61
-19.797,-9.7693,1433,196.57
-19.529,-8.7457,1551,214.72
-18.911,-7.6638,1609,228.36
-18.69,-5.9463,1583,203.95
-18.209,-6.1195,1605,204.56
-17.565,-4.6621,1576,211.28
-17.665,-3.5701,1570,210.65
-17.675,-2.923,1642,237.6
-18.94,-1.8448,1717,224.5
-18.162,-2.5268,1719,209.91
-17.511,-1.775,1685,201.87
-15.7,-1.7562,1602,218.57
-15.134,-4.6937,1560,236.86
-15.127,-7.3074,1515,218.84
-14.082,-8.2917,1477,207.76
-13.324,-8.1334,1419,193.72
-13.969,-4.5555,1352,179.74
-14.389,-1.5636,1420,199.86
-12.181,2.5543,1397,193.38
-10.301,2.6648,1363,211.3
-7.8498,-2.3412,1374,213.84
-9.7793,-7.8277,1396,196.05
-12.822,-9.0658,1345,198.43
-13.565,-5.3817,1283,211.38
-11.743,-2.0959,1266,180.16
-11.499,-0.16326,1321,199.37
-12.466,-0.6382,1331,187.83
-14.903,-2.3258,1330,222.34
-16.816,-5.1582,1304,175.64
-17.855,-5.426,1335,216.22
-17.847,-7.8375,1303,192.83
-20.695,-8.8969,1294,162.52
-20.191,-4.3923,1246,203.2
-15.42,-4.5162,1227,199.97
-12.081,-6.0649,1248,190.45
-12.65,-12.134,1326,222.49
-18.886,-14.12,1188,178.47
-19.779,-8.2318,1220,215.85
-17.702,-3.9087,1266,179.41
-16.223,0.79165,1309,187.11
-15.006,0.37494,1257,202.21
-15.302,-6.9441,1227,197.1
-21.612,-9.6079,1192,164.61
-27.372,-5.843,1197,168.98
-29.325,0.31381,1180,177.66
-22.838,1.816,1139,175.35
-18.269,0.74766,1237,211.53
-16.163,-9.9308,1225,185.75
-17.557,-15.123,1137,175.31
-24.163,-13.292,1132,185.48
-27.222,-6.5119,1200,178.84
-21.734,1.8048,1200,177.54
-15.325,4.6845,1148,152.49
-11.21,0.77169,1182,179.67
-8.9442,-1.7752,1253,199.65
-9.3347,-4.0157,1338,244.6
-11.129,-5.7109,1295,177.02
-10.488,-4.972,1277,183.09
-7.121,-4.333,1281,216.62
-4.704,-3.2948,1290,201.97
-4.3159,-4.8123,1326,187.69
-11.645,-6.409,1292,182.88
-21.708,-5.8573,1234,173.03
-27.208,-2.2284,1188,158.23
-24.147,2.4292,1223,179.31
-13.074,-0.52776,1291,195.54
-13.037,-9.252,1228,180.35
-20.512,-14.929,1185,169.59
-27.392,-13.173,1164,190.57
-31.039,-6.9139,1227,212.07
-29.147,-0.68149,1219,176.69
-24.582,2.1842,1195,178.22
-16.73,2.7905,1298,222.53
-11.234,-3.2151,1310,182.23
-14.526,-10.928,1273,200.06
-21.485,-14.26,1182,163.43
-28.727,-7.7662,1175,207.65
-34.556,-3.0197,1173,156.44
-35.141,3.4802,1156,170.16
-26.685,5.0108,1163,209.38
-17.501,-1.4313,1171,180.84
-14.541,-10.037,1272,221.78
-20.026,-16.29,1184,163.92
-26.256,-13.924,1107,187.56
-30.923,-9.5764,1171,158.21
-30.816,-1.8496,1188,161.43
-28.14,3.1933,1144,166.61
-21.687,-5.0024,1129,173.94
-19.292,-13.5,1129,151.81
-26.223,-17.285,1152,156.75
-35.411,-11.06,1171,210.97
-37.522,-0.74821,1132,152.52
-32.366,4.0177,1142,182.28
-22.53,2.1514,1161,176.16
-15.485,-3.8756,1217,168.42
-16.856,-11.522,1149,179.46
-17.825,-17.535,1227,191.55
-24.677,-12.713,1141,170.29
-31.481,-5.6791,1194,193.37
-32.453,1.0816,1180,185.54
-26.12,1.2411,1126,160.05
-16.621,3.8515,1215,193.59
-11.803,-2.157,1262,210.21
-6.4764,-4.9994,1340,229.81
-10.085,-11.601,1280,203.75
-18.289,-7.8308,1219,190.26
-26.398,-5.1159,1204,177.11
-30.004,-3.5102,1147,166.28
-32.275,0.07606,1164,172.5
-29.107,2.1949,1174,191.04
-19.948,1.1921,1175,163.45
-14.432,-9.1303,1275,183.51
-14.458,-16.237,1245,196.24
-21.121,-8.7504,1158,180.18
-28.195,-3.0727,1204,176.79
-28.494,-1.5584,1240,193.56
-23.632,-3.0794,1219,192.76
-18.843,-4.8379,1272,171.08
-16.094,-4.2642,1335,167.66
-16.911,-6.286,1349,184.28
-17.33,-7.6632,1322,186.37
-18.462,-6.7694,1307,200.59
-17.877,-6.2768,1316,191.46
-21.611,-3.2537,1273,180.33
-21.211,-4.5388,1297,201.74
-20.038,-3.6172,1266,175.63
-18.215,-4.1724,1309,186.83
-18.618,-3.2713,1286,175.45
-21.01,-5.7246,1246,167.69
-18.99,-4.7561,1278,179.22
-23.055,-3.0115,1238,176.97
-23.487,-5.6301,1242,161.24
-24.783,-3.0557,1269,172.1
-24.099,-1.3997,1289,170.66
-23.014,-1.1389,1274,181.09
-22.355,1.0864,1316,215.08
-24.799,-0.89086,1263,196.38
-20.749,-6.1433,1174,140.37
-16.419,-3.6477,1258,180.13
-21.814,5.5855,1250,189.69
-27.332,6.2305,1249,216.73
-31.288,-2.6068,1202,155.91
-32.142,-7.4639,1261,180.18
-23.654,-10.438,1231,178.29
-17.08,-4.6993,1234,174.67
-12.55,4.0211,1346,195.04
-7.1716,7.0873,1321,178.27
-9.9664,4.0116,1299,166.83
-17.489,-5.5728,1313,178.84
-24.784,-8.4379,1277,189.94
-22.948,-3.6056,1239,180.05
-19.816,3.7922,1245,185.05
-19.705,2.6314,1303,180.91
-20.879,-1.7596,1314,205.28
-20.679,-3.7779,1294,204.08
-19.59,-5.7355,1277,174.26
-17.019,-5.7431,1330,211.06
-17.38,-4.8195,1313,187.29
-17.548,-6.4993,1319,205.33
-24.082,-6.5952,1285,215.14
-23.958,0.13861,1188,160.67
-18.575,-0.22034,1199,170.19
-18.068,-6.9627,1287,225.97
-19.445,-13.407,1274,203.72
-19.198,-14.816,1221,193.84
-21.872,-10.684,1218,209.13
-21.059,-6.7207,1238,201.94
-19.445,-3.655,1268,204.65
-20.633,-1.9412,1216,188.35
-23.634,-8.8464,1202,170.65
-25.799,-11.351,1338,216.08
-32.294,-7.714,1196,187.18
-32.3,-3.0163,1204,184.57
-28.184,-2.3101,1218,180.05
-22.482,-4.9494,1247,174.73
-19.338,-8.4768,1263,186.43
-21.471,-10.81,1246,172.49
-26.079,-5.4828,1212,181.13
-25.419,1.7387,1215,186.5
-19.947,6.0788,1195,189.71
-16.128,3.6563,1222,194.81
-17.289,-6.6571,1222,153.97
-24.017,-11.072,1186,190.12
-29.27,-7.8899,1145,153.93
-27.438,-1.9546,1235,211.16
-20.383,-0.86577,1222,165.31
-13.937,-3.9199,1267,173.72
-12.592,-6.2694,1278,186.24
-14.727,-6.3518,1339,207.79
-20.091,-10.377,1284,204.28
-25.727,-11.933,1269,209.48
-28.993,-8.0173,1192,185.49
-25.382,-3.7829,1245,179.74
-17.15,-4.4887,1280,213.33
-12.48,-8.4389,1207,183.97
-10.828,-6.9319,1248,176.47
-12.536,-6.1008,1259,181.36
-17.834,-7.0626,1327,205.35
-24.966,-9.2028,1287,186.4
-26.106,-5.1341,1276,178.37
-18.98,-3.5069,1249,181.75
-16.631,-6.5858,1234,202.79
-20.814,-14.261,1229,189.08
-27.595,-17.317,1293,207.83
-33.154,-10.462,1197,167.03
-34.778,-1.6496,1217,167.55
-29.881,0.33661,1214,187.45
-22.085,-4.5203,1193,157.49
-20.972,-12.599,1206,170.03
-26.605,-19.333,1201,172.28
-32.477,-14.968,1203,216.06
-34.238,-3.9157,1148,153.59
-32.896,1.1974,1123,186.1
-25.902,0.57795,1243,210.06
-18.253,-10.467,1263,192.28
-15.477,-19.937,1275,171.34
-18.361,-21.663,1168,181.79
-23.279,-16.744,1197,203.31
-24.607,-10.303,1223,223.02
-25.173,-7.2957,1271,190.56
-23.71,-4.5817,1264,218.93
-20.114,-9.7391,1208,180.26
-21.473,-18.427,1214,178.95
-24.745,-22.35,1192,216.51
-31.212,-16.201,1122,181.18
-37.113,-9.9837,1159,167.26
-31.935,-5.0168,1165,172.48
-20.455,-4.2192,1180,191.12
-15.318,-8.2564,1203,190.53
-15.474,-17.711,1174,171.97
-15.558,-17.16,1330,244.81
-21.546,-14.505,1239,217.27
-23.927,-15.475,1237,204.16
-28.325,-17.709,1209,196.53
-29.473,-10.254,1188,176.8
-26.409,-4.471,1302,227.48
-19.503,-13.396,1193,232.63
-13.864,-21.001,1226,206.96
-8.7084,-21.773,1252,184.66
-13.501,-21.484,1194,187.92
-23.671,-14.518,1298,230.35
-30.101,-9.4185,1250,197.34
-27.654,-6.1151,1203,192.99
-24.135,-11.202,1312,199.37
-22.065,-16.268,1289,167.43
-26.068,-17.368,1218,182.52
-33.802,-13.161,1220,161.5
-34.834,-8.6962,1321,204.08
-31.963,-12.172,1239,199.44
-29.53,-9.0426,1283,194.87
-25.363,-8.3224,1218,160.52
-23.294,-11.704,1193,188.51
-22.871,-12.204,1322,213.25
-21.179,-10.848,1400,203.85
-20.89,-10.412,1518,189.17
-20.176,-10.167,1667,200.64
-19.335,-9.1589,1736,223.52
-19.54,-8.3312,1775,251.57
-19.497,-7.6391,1840,251.55
-17.94,-6.545,1770,238.25
-17.956,-7.6567,1829,220.33
-17.579,-7.5717,1832,208.06
-17.125,-7.2324,1862,232.98
-17.038,-6.5947,1880,243.27
-16.524,-5.9514,1853,249.24
-16.733,-7.8779,1797,236.27
-16.668,-9.1047,1707,234.46
-17.49,-8.5357,1653,203.92
-20.42,-9.9855,1680,246.76
-23.863,-9.807,1544,212.08
-25.021,-9.0615,1478,199.73
-23.117,-9.6281,1370,179.8
-20.584,-11.303,1380,175.27
-20.323,-10.799,1382,183.28
-22.351,-10.949,1420,197.77
-23.954,-10.927,1390,205.76
-26.388,-10.079,1416,185.91
-32.149,-10.203,1464,212.85
-32.982,-14.212,1390,206.01
-28.162,-12.241,1367,204.94
-27.959,-11.002,1439,220.4
-28.968,-14.409,1414,215.37
-28.682,-15.624,1377,162.63
-29.962,-14.917,1416,207.34
-30.595,-14.406,1474,209.66
-31.022,-11.08,1399,207.97
-27.626,-10.617,1371,194.1
-27.42,-9.7011,1386,204.03
-27.395,-11.416,1435,207.24
-27.513,-11.701,1431,209.86
-29.095,-8.4735,1531,223.44
-30.424,-9.303,1438,210.44
-26.779,-8.4377,1411,201.89
-25.751,-5.5015,1397,187.03
-26.522,-7.8109,1379,181.56
-23.623,-11.619,1341,182.06
-21.036,-8.1503,1364,181.71
-25.781,-4.6311,1265,200.02
-32.872,-7.5042,1313,203.51
-32.414,-13.864,1374,208
-26.918,-12.416,1299,193.76
-28.143,-5.7504,1335,174.26
-29.193,-3.7074,1326,189.16
-27.919,-8.6334,1364,185.94
-30.019,-4.5564,1337,181.8
-35.15,-11.319,1229,167.65
-35.364,-14.017,1399,196.27
-32.097,-12.657,1382,202.52
-29.007,-10.54,1345,167.39
-29.752,-3.4509,1340,177.77
-28.91,-4.3662,1286,191.46
-27.544,-11.877,1238,172.73
-25.329,-14.64,1388,210.63
-19.814,-4.6354,1291,184.06
-25.097,3.3191,1323,200.61
-30.707,1.4928,1248,175.21
-30.667,-8.8637,1243,219.18
-24.137,-12.194,1244,182.13
-25.12,-0.038831,1260,207.07
-24.246,5.5624,1434,232.88
-12.205,4.2462,1423,212.27
-5.2814,5.171,1399,173.3
-9.2407,4.6042,1399,238.51
-18.613,-1.2163,1422,230.64
-24.275,-8.3342,1283,169.9
-27.135,-13.07,1301,197.32
-30.3,-13.449,1268,218.26
-33.936,-9.8382,1190,174.85
-34.566,-6.3563,1253,192.15
-32.58,-2.2664,1235,170.4
-30.1,-3.8186,1285,189.35
-27.667,-5.859,1285,192.86
-29.648,-7.6429,1235,201.07
-29.332,-8.347,1296,183.56
-29.111,-7.1202,1271,180.8
-30.796,-7.0808,1288,170.54
-33.4,-6.7742,1262,183.24
-30.367,-1.9527,1232,173.68
-28.074,-7.2563,1310,198.5
-26.989,-11.408,1333,213.56
-22.598,-11.185,1305,191.16
-19.656,-16.641,1263,206.87
-20.068,-18.385,1355,222.1
-25.984,-16.876,1314,202.65
-32.933,-10.296,1206,198.92
-29.12,-5.1098,1186,185.33
-22.556,-11.208,1288,224.58
-24.381,-22.493,1242,193.36
-26.319,-25.564,1212,175.64
-29.437,-19.333,1255,178.24
-31.638,-9.4665,1268,202.33
-31.879,-6.9771,1302,173.52
-25.255,-9.6578,1205,186.25
-23.464,-18.745,1210,199.9
-24.362,-22.393,1253,194.48
-25.777,-22.001,1209,187.92
-30.79,-10.911,1293,223.43
-31.248,-2.9753,1269,169.32
-31.026,-2.2123,1323,238.12
-26.922,-7.945,1326,214.29
-28.603,-14.299,1312,174.58
-26.632,-20.425,1306,167.58
-25.21,-20.153,1364,196.43
-27.621,-15.234,1359,206.3
-30.026,-11.468,1350,188.14
-28.641,-12.429,1345,200.02
-24.331,-14.32,1313,181.32
-23.53,-12.926,1374,192.7
-26.273,-13.93,1300,184.89
-29.908,-13.868,1319,196.01
-27.815,-12.225,1306,201.46
-29.506,-8.1121,1280,178.57
-34.142,-4.5028,1362,185.2
-28.939,-10.352,1314,218.54
-26.796,-8.0216,1390,209.82
-27.678,-0.026575,1310,195.14
-28.729,0.58773,1375,197.96
-31.496,-7.7641,1301,202.38
-28.307,-12.688,1283,205.16
-30.422,-3.8734,1253,183.75
-32.783,0.93515,1321,199.33
-35.97,-2.8556,1274,179.32
-33.186,-10.375,1330,219.95
-30.235,-11.263,1269,181.71
-29.627,-7.0175,1179,162.27
-27.934,-3.8311,1314,204.99
-33.345,-3.8043,1324,196.54
-35.292,-8.6174,1312,220.03
-33.297,-12.343,1303,207.79
-31.265,-12.31,1354,198.33
-29.78,-5.0444,1382,220.29
-33.565,0.21742,1379,183.33
-34.153,-6.739,1302,167.64
-32.422,-9.9073,1285,200.74
-30.45,-2.3728,1264,228.51
-36.494,-0.86221,1341,193.25
-37.891,-8.783,1347,199.93
-32.495,-14.609,1273,205.34
-30.992,-10.257,1329,183.62
-32.425,-1.0663,1311,167.41
-35.417,4.3232,1312,202.55
-35.827,-5.5947,1236,187.32
-36.345,-16.416,1314,184.03
-34.148,-20.777,1242,175.14
-31.23,-16.71,1282,215.98
-39.576,-7.454,1273,182.27
-45.225,-9.0992,1351,195.7
-32.792,-10.772,1259,188.36
-32.519,-9.0261,1356,200.75
-41.106,-5.1817,1414,212.44
-40.117,-6.4541,1371,221.67
-37.675,-8.4995,1323,172.89
-36.609,-5.8145,1383,217.52
-31.435,-0.56443,1354,184.48
-31.292,9.8705,1391,243.48
-31.005,14.621,1296,195.38
-35.023,9.5559,1272,213.2
-36.98,-2.7097,1171,188.06
-38.381,-12.3,1202,176.76
-41.138,-12.261,1216,197.28
-40.032,-3.8733,1218,196.73
-37.626,-0.75234,1257,179.23
-36.366,-2.4779,1277,190.39
-34.958,-11.219,1271,191.55
-35.361,-18.988,1283,194.16
-36.487,-18.602,1226,169.24
-37.082,-11.645,1228,200.65
-38.165,-5.3166,1210,198.2
-34.974,-5.344,1337,223.37
-34.825,-7.3639,1356,186.44
-36.494,-20.977,1296,173.6
-35.559,-25.191,1301,215.66
-35.834,-23.846,1270,217.26
-36.731,-20.255,1222,192.09
-37.077,-14.347,1225,202.93
-46.037,-7.6758,1249,194.01
-41.383,-3.2927,1265,189.87
-39.492,-9.8363,1342,183.3
-37.868,-20.196,1280,189.54
-34.051,-24.512,1248,176.91
-29.478,-25.63,1272,200.79
-36.739,-19.388,1229,183.55
-41.598,-7.5699,1209,180.7
-41.283,0.038199,1294,220.04
-34.772,-3.0252,1142,146.37
-29.812,-9.6022,1163,158.07
-26.208,-11.093,1151,154.11
-26.017,-11.659,1128,154.94
-30.078,-16.145,1111,149.41
-35.297,-19.383,1125,151.67
-37.229,-24.059,1095,142.64
-36.45,-22.744,1097,147.69
-35.789,-15.871,1140,160.71
-39.031,-15.865,1086,139.36
-37.013,-14.505,1187,142.88
-36.809,-8.7436,1230,167.12
-35.305,-10.897,1272,160.78
-30.292,-14.859,1266,155.01
-23.121,-20.785,1278,167.46
-18.762,-26.31,1209,166.06
-26.691,-27.738,1114,142.63
-34.742,-24.063,1045,146.84
-39.362,-17.724,1121,143.28
-40.052,-12.06,1162,140.58
-38.142,-10.029,1283,157
-37.429,-9.3792,1383,182.78
-36.649,-8.9723,1461,212.59
-35.403,-7.9858,1501,221.12
-33.885,-7.6029,1512,241.07
-32.27,-7.4401,1526,231.48
-31.846,-7.7694,1518,283.74
-32.592,-6.9261,1451,216.91
-33.909,-5.7246,1430,234.43
-35.062,-3.8537,1366,270.8
-35.866,-5.7854,1310,213.36
-35.064,-9.2532,1339,223.54
-32.98,-11.536,1343,194.98
-29.88,-13.684,1371,225.94
-29.523,-15.727,1341,183.48
-26.859,-16.844,1363,195.06
-24.34,-15.357,1399,196.65
-24.366,-18.705,1362,192.88
-26.727,-18.548,1377,178.81
-28.912,-16.325,1266,148.06
-30.931,-14.614,1275,161.68
-30.171,-14.305,1329,170.11
-30.085,-16.784,1283,159.32
-29.59,-16.744,1283,150.23
-30.121,-20.025,1339,168.56
-33.718,-23.41,1329,168.65
-35.151,-29.927,1311,154.85
-39.421,-27.736,1227,161.05
-44.553,-28.834,1266,156.31
-49.639,-28.437,1228,174.16
-56.816,-33.088,1309,162.08
-67.722,-34.059,1303,166.79
-78.862,-36.074,1207,157.31
-83.224,-35.933,1113,149.19
-75.907,-29.665,993,132.71
-65.883,-23.644,1216,158.2
-51.798,-11.118,1278,167.69
-40.396,-6.6259,1277,155.23
-38.238,-11.463,1203,159.3
-34.429,-26.944,1279,160.81
-30.228,-35.141,1195,158.04
-34.633,-35.726,1090,137.49
-24.603,-29.509,1032,142.77
-13.996,-21.641,1125,157.1
-17.1,-18.293,1191,172.64
-31.759,-11.442,1177,147.11
-46.581,-14.03,1183,143.1
-61.564,-14.702,1150,143.87
-67.721,-12.771,1108,146.93
-56.104,-2.0915,1089,137.57
-43.087,4.0239,1132,149.81
-35.431,11.314,1187,161.29
-32.179,11.298,1247,185.31
-32.286,7.2855,1327,219.39
-39.263,4.5916,1240,171.02
-40.209,-2.2945,1158,145.76
-38.211,-16.548,1107,132.8
-37.761,-30.718,1092,150.56
-38.164,-37.452,1080,151.41
-51.367,-31.806,1158,163.56
-64.819,-34.644,1221,174.09
-69.099,-37.28,1176,173.44
-70.735,-34.216,1091,146.43
-64.355,-40.655,1045,139.9
-60.11,-35.706,1182,150.8
-56.879,-25.864,1163,147.75
-53.897,-19.692,1124,150.7
-47.361,-20.321,1095,147.52
-41.19,-31.438,1120,152.66
-35.055,-36.911,1218,163.38
-36.644,-43.657,1181,164.63
-37.916,-43.384,1121,139.99
-47.554,-49.713,1004,129.55
-61.018,-47.994,998,128.97
-72.159,-46.941,1093,146.83
-85.052,-48.922,1020,144.12
-87.818,-52.187,1117,155.91
-90.824,-63.592,1122,156.16
-94.815,-74.416,1007,131.54
-94.915,-85.304,1003,138.91
-88.695,-96.099,1047,147.94
-81.685,-98.763,994,133
-85.079,-103.9,1085,160.18
-99.284,-94.14,1054,142.01
-100.93,-79.044,1072,147.23
-89.98,-62.761,1072,145.27
-77.365,-46.344,1100,150.25
-72.981,-33.726,1153,180.56
-58.838,-12.623,1144,171.72
-53.119,0.34691,1088,145.38
-42.256,-11.36,1052,133.68
-44.386,-26.739,1049,136.56
-39.248,-35.661,1005,134.8
-26.185,-32.477,1075,149.8
-27.966,-24.674,962,140.17
-41.828,-16.846,1107,148
-47.552,-14.568,1228,171.4
-51.155,-15.094,1181,145.55
-50.09,-18.395,1151,147.54
-53.706,-22.084,1191,149.74
-63.04,-29.372,1129,153.69
-67.706,-29.198,1080,142.97
-75.991,-22.296,1012,133.14
-68.877,-22.963,1144,140.63
-52.59,-30.206,1106,156.14
-45.03,-35.997,1209,171.66
-36.504,-26.524,1194,162.24
-33.995,-30.206,1142,136.57
-40.514,-31.947,1163,147.33
-50.124,-28.491,1250,171.56
-57.738,-21.587,1274,169.8
-49.901,-11.292,1294,165.59
-43.964,-19.693,1211,151.51
-51.902,-25.795,1109,136.37
-68.029,-27.153,1078,142.27
-75.708,-39.108,1226,162
-83.08,-48.031,1250,168.79
-86.901,-50.764,1135,148.2
-93.455,-40.48,1110,142.11
-88.857,-26.69,1073,143.48
-80.89,-16.183,1127,139.24
-76.229,-6.0485,1162,155.97
-68.395,1.5141,1073,140.51
-60.144,6.7762,1075,144.3
-45.845,6.5227,1056,136.09
-39.117,-8.7612,1011,126.95
-41.207,-27.587,1121,149
-36.197,-39.611,1134,140.78
-38.744,-43.456,1164,165.18
-48.849,-46.546,1109,144.58
-63.678,-48.009,1137,153.89
-64.508,-53.508,1213,172.14
-61.829,-54.717,1258,203.51
-58.633,-53.018,1208,160.64
-46.3,-47.04,1143,137.33
-46.132,-33.886,1115,143.66
-54.18,-32.342,1243,172.41
-62.998,-31.703,1270,169.13
-69.36,-28.894,1238,165.93
-73.102,-25.157,1187,147.17
-70.301,-28.4,1183,144.27
-73.004,-24.789,1155,146.87
-83.127,-26.89,1162,148.48
-80.652,-19.368,1137,144.11
-68.095,-18.984,1233,177.15
-56.404,-11.297,1168,138.01
-49.69,-3.8356,1239,154.79
-41.725,-6.4603,1239,146.66
-36.217,-20.139,1218,153.62
-36.866,-38.309,1174,147.07
-38.501,-48.569,1098,131.67
-51.694,-47.998,1073,137.42
-67.356,-54.412,1132,147.68
-85.841,-58.976,1092,143.38
-97.756,-62.12,1110,139.82
-93.684,-50.41,1079,141.7
-89.843,-34.363,1162,160.1
-87.444,-27.638,1142,143.85
-77.454,-22.621,1163,162.81
-71.935,-8.735,1211,170.3
-66.869,6.6534,1138,157.51
-60.137,12.298,1159,168.14
-58.594,18.435,1141,165.79
-53.549,6.9205,1130,147.85
-47.298,-13.293,1109,137.19
-39.614,-22.542,1240,160.4
-40.049,-34.689,1236,152.13
-40.065,-44.149,1262,165.89
-42.656,-44.503,1160,148.28
-47.493,-51.441,1199,164.39
-57.015,-49.102,1163,154.82
-66.241,-53.217,1231,160.35
-77.145,-53.407,1188,151.76
-88.587,-51.923,1143,140.95
-98.221,-57.473,1131,146.94
-100.61,-52.013,1118,138.04
-98.168,-46.95,1154,153.3
-95.436,-47.667,1193,155.95
-89.394,-50.773,1160,153.84
-82.256,-58.908,1066,141.92
-74.323,-60.526,1093,147.81
-82.506,-69.899,1102,152.22
-79.385,-83.249,1240,161.81
-83.344,-103.61,1270,162.2
-87.293,-109.42,1229,157.79
-93.744,-109.73,1116,140.65
-103.2,-101.49,1053,138.05
-99.552,-90.387,1081,142.94
-97.469,-71.964,1086,139.56
-97.31,-51.853,1146,153.77
-97.915,-38.335,1138,164.87
-91.275,-20.833,1126,151.68
-85.941,-7.4359,1128,159.63
-78.062,9.9385,1169,159.28
-70.991,25.454,1118,150.32
-68.364,32.999,1166,165.43
-59.174,48.35,1133,161.38
-45.089,57.358,1121,156.34
-26.792,59.59,1139,148.48
-12.518,60.329,1106,156.9
-3.8925,56.252,1151,167.26
-18.594,57.426,1172,171.36
-37.733,56.622,1115,149.47
-54.051,51.493,1093,142.31
-58.918,46.101,1074,141.99
-65.927,42.12,1145,137.89
-64.65,35.863,1017,132.61
-58.194,32.799,1032,134.05
-60.472,39.019,1037,136.26
-69.774,37.235,1156,149.19
-65.866,25.136,1207,156.31
-70.8,8.2921,1114,150.52
-68.889,-9.7873,1133,155.09
-78.546,-22.672,1192,159.22
-80.04,-41.516,1279,169.79
-74.663,-53.387,1238,156.64
-67.911,-63.635,1237,167.89
-62.43,-68.569,1217,171.26
-55.139,-77.458,1175,150.43
-52.352,-86.219,1199,158.75
-48.838,-96.928,1199,154.61
-43.644,-102.37,1179,170.98
-31.659,-108.79,1160,161.17
-20.498,-114.55,1166,157.94
-6.4365,-115.18,1135,172.21
8.9132,-114.89,1155,168.76
22.497,-112.37,1130,167.27
36.207,-104.75,1140,171.04
50.593,-97.262,1148,167.18
65.161,-90.811,1159,151.53
68.843,-83.371,1075,162.99
66.841,-83.396,1141,159.18
66.539,-72.52,1055,140.02
73.212,-67.392,986,132.8
71.927,-85.212,1150,156.13
66.922,-101.11,1120,169.66
71.786,-112.76,1112,162.79
79.902,-123.99,1122,158.79
89.616,-136.37,1124,168.36
102.29,-142.41,1089,164.96
115.07,-144.04,1120,175.78
131.74,-140.29,1083,168.41
144.31,-131.76,1104,158.23
150.71,-119.18,1111,163.25
156.63,-106.63,1079,149.29
151.97,-94.434,1085,164.31
150.36,-79.981,1049,161.99
157.02,-70.276,1125,163.58
153.31,-72.035,1237,196.45
146.7,-72.443,1151,180.94
154.56,-66.886,1085,155.68
157.44,-56.37,997,145.89
160.53,-61.768,1051,146.3
149.92,-70.025,1042,148.1
148.11,-70.077,1079,153.05
144.21,-57.961,1089,149.34
154.14,-62.39,1154,170.13
153.04,-57.076,1172,156.08
151.9,-51.776,1059,146.99
162.2,-64.32,1079,159.97
162.98,-81.005,1055,148.09
167.25,-98.041,1151,171.71
168.7,-120.07,1101,164.11
168.94,-139.07,1119,174.01
174.34,-155.88,1091,147.28
180.49,-173.22,1109,159.13
185.41,-190,1127,168.7
192.55,-205.73,1072,140.67
202.77,-218.68,1058,139.44
211.57,-232.29,1061,134.83
219.75,-246.23,1093,155.31
232.54,-251.63,1115,163.1
231.9,-267.19,1038,149.1
236.62,-273.51,1050,140.88
242.99,-284.45,1076,163.96
244.38,-298.29,1014,147.75
236.09,-292.13,1061,154.28
226.35,-278.52,1098,162.37
214.53,-263.1,1091,159.43
201.43,-247.34,1091,158.98
187.91,-234.05,1063,150.17
172.52,-226.74,1042,151.63
155.96,-222.2,1051,155.04
138.03,-215.03,1038,147.93
121.74,-207.55,1056,149.67
106.16,-202.14,1090,156.16
94.424,-196.82,1084,164.85
79.56,-190.69,1088,162.57
67.12,-190.84,1144,180.15
48.61,-187.86,1102,157.05
30.499,-188.3,1093,152.57
16.231,-193.84,1065,160.32
0.1309,-194.27,1079,166.36
-5.9356,-196.36,1062,152.44
5.3127,-190.88,1005,138.27
14.019,-188.29,1060,162.75
31.539,-187.5,1015,142.18
43.649,-185.73,1129,169.83
61.813,-183.44,1069,153.84
78.247,-184.38,1078,151.77
82.822,-186.58,1118,164.81
91.288,-179.91,1084,160.95
100.26,-166.04,1086,157.06
102.68,-146.57,1202,182.04
103.26,-131.43,1241,169.73
102.3,-118.3,1224,176.39
100.52,-108.95,1175,170.94
92.31,-97.02,1126,146.33
85.391,-85.898,1131,166.66
80.235,-70.774,1154,164.68
73.925,-67.895,1113,165.54
69.979,-67.886,1139,173.36
81.403,-63.771,1106,171.52
75.612,-55.969,1173,187.07
77.94,-42.925,1135,172.94
79.929,-25.302,1125,150.2
84.647,-11.071,1133,152.41
93.536,2.5355,1091,144.11
100.67,11.665,1097,160.84
99.079,16.201,1083,160.36
100.23,25.765,1055,147.81
100.38,37.803,1017,136.73
104.47,51.423,1017,137.5
106.15,67.725,984,144.52
107.63,83.539,1069,153.91
106.62,101.35,1073,164.57
104.13,120.83,1051,143.45
95.057,137.7,1040,143.53
83.863,150.39,1028,142.31
68.516,160.18,983,131.5
52.003,167.28,1012,131.06
36.848,177.71,1010,140.32
20.924,184.35,1022,134.8
8.91,180.88,964,126.55
1.7603,178.46,1045,144.22
-8.1449,178.04,1034,137.3
-2.7089,184.79,1083,146.19
-3.3645,186.88,1033,146.25
-18.06,186.17,935,123.73
-23.621,191.39,842,113.14
-20.442,192.08,870,118.21
-20.803,188.2,904,122.22
-20.097,187.28,983,124.36
-19.934,186.7,1051,123.46
-19.413,186.85,1110,131.69
-19.27,186.65,1108,126.35
-19.275,187.27,1128,125.8
-19.161,186.44,1145,134.4
-18.799,185.85,1189,135.51
-18.548,186.22,1227,140.61
-18.798,185.54,1214,142.41
-18.657,185.52,1235,141.53
-18.425,186.64,1246,139.74
-17.856,187.48,1312,147.14
-16.87,189.44,1336,150.82
-15.959,191.3,1326,151.72
-17.348,193.34,1289,149.29
-21.15,192.77,1253,145.67
-25.52,190.36,1209,137.63
-28.841,188.04,1179,137.34
-35.183,187.69,1153,145.59
-33.793,192.78,1100,147.06
-27.426,193.24,1081,147.98
-21.817,193.65,1133,152.4
-14.512,199.97,1130,158.47
-6.0531,198.13,1129,164.78
-15.485,192.78,1020,146.99
-17.588,188.31,1018,135.94
-17.552,186,1065,137
-17.774,186.43,1126,139.46
-17.827,186.24,1155,140.41
-17.149,186.56,1184,140.02
-16.222,185.92,1224,147.24
-14.895,183.41,1220,153.72
-13.055,182.54,1246,153.05
-15.149,180.77,1271,162.82
-20.146,182.68,1260,150.81
-25.861,184.91,1193,136.26
-31.824,187.79,1149,147.77
-29.027,187.74,1202,159.48
-23.211,192.11,1166,138.59
-22.436,196.32,1206,163.82
-23.337,186.03,1165,148.58
-28.236,177.23,1173,149.92
-35.594,176.13,1209,160.24
-37.187,171.03,1278,180
-42.712,160.6,1294,169.78
-50.748,151.44,1311,175.63
-59.721,142.98,1259,170.08
-66.901,134.15,1137,140.65
-61.146,137.6,1087,151.55
-49.153,143.72,1057,144.22
-43.335,144.49,1070,133.73
-34.43,137.18,1045,140.76
-21.561,125.69,1034,132.94
-9.4763,113.21,1061,144.27
3.7607,100.71,1076,143.88
17.721,91.043,1116,149.55
30.795,80.461,1094,151.04
29.933,83.479,1071,139.74
16.624,81.992,1016,136.03
1.6738,75.575,1037,153.59
-12.153,56.016,1117,153.76
-25.654,37.338,1110,152.78
-39.569,15.828,1124,155.55
-54.744,-0.92926,1116,146.38
-58.538,-5.4426,1240,188.01
-38.556,-0.23093,1218,183.5
-29.839,2.8555,1126,145.74
-22.162,7.898,1092,148.83
-16.442,11.845,1022,126.07
-14.009,3.5939,1050,136.72
-18.515,-1.0415,1056,129.46
-25.438,-12.473,1089,139.14
-30.063,-20.718,1062,147.63
-27.141,-12.844,1041,131.51
-29.477,-6.2831,1154,157.75
-43.034,-10.791,1222,154.64
-58.378,-25.153,1197,144.71
-68.942,-41.935,1181,144.36
-60.865,-50.013,1254,167.14
-58.468,-35.265,1255,189.24
-48.874,-19.864,1236,166.06
-43.015,-6.4506,1243,165.31
-37.923,-12.653,1222,160.2
-41.521,-26.373,1147,137.88
-37.263,-37.246,1190,150.98
-40.416,-43.412,1296,182.62
-40.313,-56.748,1197,163.22
-37.053,-57.487,1176,175.24
-41.881,-69.483,1127,160.77
-36.822,-85.221,1223,190
-28.886,-106.94,1215,180.3
-25.077,-124.48,1159,157.05
-23.819,-138.72,1184,161.03
-27.272,-155.14,1138,162.33
-29.98,-168.96,1097,166.56
-30.591,-174.42,1162,189.86
-32.849,-191.84,1190,197.07
-29.427,-209.58,1261,196.05
-25.736,-227.26,1268,196.45
-21.315,-244.23,1231,207.6
-19.009,-264.29,1196,190.25
-16.014,-284.95,1174,194.56
-12.245,-304.3,1151,176.55
-9.8507,-321.11,1141,166.99
-4.9682,-335.55,1126,169.2
-0.99007,-348.78,1100,165.6
8.3006,-359.22,1151,168.05
21.418,-373.77,1057,154.86
31.334,-382.2,1118,185.24
43.679,-394.56,1125,184.95
58.24,-406.98,1061,150.7
76.527,-414,1097,165.73
95.586,-421.62,1060,149.31
102.14,-423.57,1018,136.57
93.667,-436.64,936,130.28
80.099,-429.09,889,127.21
68.042,-428.28,1040,161.86
51.788,-414.34,1037,166.09
36.612,-398.15,1033,162.51
23.663,-385.58,1034,154.67
20.639,-379.46,1085,170.53
22.729,-376.11,1015,152.98
24.77,-383.77,940,126.45
38.516,-399.06,921,122.19
52.387,-407.13,891,123.01
72.855,-417.31,936,132.22
95.79,-425.92,977,132.8
113.91,-430.88,974,127.44
120.58,-435.79,1040,145.67
135.78,-438.94,1022,151.33
156.42,-442.92,982,130.76
176.03,-439.05,979,134.73
192.4,-429.88,1004,140.5
199.66,-418.6,1040,147.52
195.49,-408.12,911,137.15
192.93,-397.17,937,138.96
180.21,-398.99,974,147.71
172.21,-399.64,968,158.49
167.68,-395.45,919,145.17
176.48,-396.56,914,138.01
187.76,-391.35,985,140.72
199.32,-397.65,936,134.35
202.93,-412.96,979,154.08
192.86,-405.04,1012,156.87
182.91,-394.83,977,138.04
175.17,-401.98,909,145.8
168.01,-408.39,970,146.15
169.88,-394.2,1051,144.8
178.16,-392.12,1081,162.98
182.56,-407.76,1088,146.03
171.99,-397.51,1043,146.14
184.44,-388.72,1064,154.7
195.34,-400.59,1130,166.42
183.29,-408.42,1018,147.92
181.4,-416.3,917,136.37
183.34,-412,1018,151.75
189.03,-410.09,1097,172.58
188.37,-411.75,1017,143.5
178.22,-421.79,962,147.87
178.92,-425.36,1002,167.71
184.6,-432.08,1075,163.65
193.97,-433.37,1034,167.18
210.54,-435.46,968,134.26
199.12,-433.17,938,143.71
176.78,-430.66,938,131.21
157.04,-430.67,933,139.77
136.07,-436.08,969,143.8
110.67,-432.67,984,154.64
94.256,-433.77,418,91.435
72.301,-434.21,977,133.4
60.746,-443.22,987,133.78
45.607,-452.55,981,131.31
33.205,-463.85,1012,139.86
21.324,-479.13,993,136.82
8.7084,-491.28,1001,132.25
4.0208,-494.52,1014,140.95
11.761,-478.17,985,136.28
21.206,-490.67,937,130.61
0.88107,-492.47,964,129.55
-4.9883,-495.07,939,124.97
6.2235,-477,907,120.54
20.048,-463.9,918,125.41
21.915,-476,970,144.7
27.795,-492.71,967,135.93
34.639,-503.02,943,125.27
46.385,-515.98,970,126.09
56.659,-526.22,977,131.11
59.196,-536.49,996,137.19
69.916,-546.3,957,132.21
78.721,-556.41,1020,145.32
93.285,-556.87,1048,151.86
105.45,-554.77,1035,161.19
117.32,-550.79,1021,175.94
135.27,-546.57,1019,170.75
153.88,-547.4,1014,172.9
174.68,-549.03,1021,160.37
194.88,-549.53,1002,157.16
215.07,-550.4,993,140.79
235.45,-551.63,1008,147.13
254.15,-552.52,1006,141.68
268.47,-548.72,967,145.58
274.23,-551.52,987,156.79
286.23,-544,984,157.09
298.26,-547.51,992,161.65
313.66,-554.07,967,150.25
327.85,-552.59,965,146.4
337.72,-548.64,989,151.71
350.62,-545.85,1013,156.05
352.17,-554.51,989,175.77
360.26,-562.62,875,136.53
346.15,-566.74,929,139.34
323.67,-568.01,891,127.74
306.84,-571.17,916,139.96
296.47,-573.12,915,145.08
282.69,-586.02,881,125.38
267.72,-596.15,900,142.6
250.18,-608.51,895,128.49
231.76,-618.96,860,125.14
213.01,-624.68,685,118.85
216.15,-624.91,467,109.89
209.37,-628.72,212,83.331
161.09,-629.66,240,87.829
147.62,-627.57,313,89.674
129.81,-622.93,886,134.23
120.23,-621.24,840,122.51
127.6,-618.61,864,141.07
138.71,-612.62,876,139.4
138.78,-601.83,880,128.36
143,-595.96,886,142.98
156.71,-597.63,827,125.29
164.27,-601.23,905,139.2
178.42,-607.49,965,162.68
197.57,-618.44,939,154.12
207.49,-618.17,899,149.82
215.64,-612.41,875,142.6
235.99,-605.32,863,137.36
249.3,-593.04,894,139.81
265.41,-577.91,918,149.63
278.91,-561.24,939,149.63
292.43,-544.17,947,147.98
299.51,-532.3,882,130.69
307.88,-524.18,854,122.07
323.57,-530.74,869,114.86
343.38,-530.07,855,115.31
351.73,-540.1,914,132.15
365.28,-548.82,904,129.77
382.04,-550.46,891,127.9
399.03,-547.22,924,138.54
416.92,-547.98,868,131.92
435.22,-546.57,845,127.66
452.44,-544.37,872,135.09
469.37,-539.31,855,129.38
482.92,-529.92,862,139.23
498.58,-525.39,831,132.11
506.23,-512.55,613,103.17
513.27,-500.56,334,79.443
525.6,-491.78,808,132
524.37,-484.26,840,160.09
525.78,-475.34,853,145.44
535.73,-467.04,806,127.84
536.32,-461.83,841,156.42
