0,-0,191,53.748
1.1791,-3.0384,213,58.868
1.3583,-4.4649,208,60.24
1.8316,-6.5032,213,53.359
3.1507,-7.0657,207,55.154
3.1418,-6.25,186,53.881
2.4558,-8.1705,183,59.083
2.4405,-11.269,207,54.029
2.9783,-14.226,205,65.294
3.7997,-16.271,221,57.627
5.7999,-19.606,223,58.156
7.7042,-22.558,216,53.963
10.406,-24.424,197,56.494
12.707,-23.893,233,55.907
15.341,-24.711,242,56.841
14.703,-23.795,230,60.596
13.93,-25.58,233,55.567
13.109,-29.13,227,53.591
11.135,-31.648,237,58.016
11.265,-34.51,219,62.507
11.504,-38.228,195,53.128
9.5973,-40.372,209,55.46
7.2002,-41.229,209,53.012
7.6935,-42.891,206,56.188
8.0691,-43.029,227,55.824
7.4142,-43.599,212,61.928
8.2226,-46.977,196,59.554
8.3338,-50.407,218,52.888
5.8898,-52.022,207,56.312
4.9897,-54.176,209,62.225
6.0655,-55.747,193,51.887
4.011,-55.567,169,60.315
3.0696,-54.024,200,59.86
4.3148,-53.671,203,55.452
5.1839,-50.778,199,52.731
7.4215,-47.855,196,49.572
9.9307,-46.983,198,50.291
10.407,-45.705,195,51.697
11.698,-47.137,214,57.048
13.279,-49.181,197,62.101
10.584,-52.114,204,64.061
7.1844,-54.076,214,56.924
5.5124,-56.907,197,55.675
5.4223,-59.065,174,52.847
5.6156,-59.443,189,56.577
5.3246,-58.431,199,50.002
5.5937,-54.893,223,55.551
6.0209,-55.079,191,57.511
5.8513,-55.246,150,66.27
5.752,-54.599,124,57.048
5.4009,-53.778,380,84.845
4.6439,-53.047,404,79.353
3.4806,-51.759,391,72.687
3.9595,-50.308,378,69.966
5.3673,-51.461,351,65.078
5.7399,-54.447,354,66.567
4.4022,-56.598,361,68.998
4.6291,-58.044,358,67.452
5.7451,-54.787,352,68.072
6.4666,-51.72,345,67.915
8.2936,-49.725,355,66.302
7.4696,-50.413,338,65.839
6.8479,-53.396,344,66.897
5.9542,-55.675,351,68.279
4.943,-57.008,359,69.727
4.5989,-58.179,350,69.577
2.9756,-60.656,361,68.196
3.5385,-60.224,360,70.429
4.5353,-59.355,356,68.601
3.9569,-58.445,359,68.304
4.5313,-58.664,358,69.089
3.9985,-58.094,371,72.596
3.7796,-59.563,367,73.696
5.0485,-58.185,373,69.668
3.796,-56.843,367,69.949
3.8606,-59.327,347,66.385
5.083,-60.774,356,67.402
4.9821,-59.843,362,69.66
3.5896,-60.108,366,69.685
4.7696,-60.526,382,72.604
4.5405,-57.053,366,74.738
3.6757,-54.439,356,70.52
3.9116,-57.678,368,69.916
4.6848,-60.745,372,71.918
4.8631,-62.476,351,69.164
4.0171,-60.703,361,71.62
3.718,-60.227,361,67.41
3.5478,-59.396,354,66.484
3.8926,-59.531,375,71.446
3.2923,-60.873,371,69.792
2.9443,-60.772,376,71.835
4.7006,-59.026,367,68.949
4.2528,-58.16,362,67.683
3.3357,-61.434,362,69.825
3.9665,-63.612,363,69.651
2.4699,-61.273,358,68.684
4.1881,-57.927,359,67.121
5.8554,-55.794,341,66.484
6.6177,-54.991,331,64.127
5.2519,-55.158,344,66.484
4.7503,-56.882,350,68.287
4.0097,-59.187,343,67.7
5.7954,-61.711,342,67.046
5.4144,-63.338,323,63.821
3.3128,-62.626,340,66.89
3.2519,-61.881,344,67.311
3.2417,-61.762,362,70.156
3.0204,-62.158,378,72.199
2.9798,-62.553,377,72.298
3.1725,-62.775,388,76.673
4.0897,-62.937,430,90.204
4.2889,-64.69,420,86.349
2.3033,-65.256,423,80.899
0.7423,-65.903,407,74.341
2.9451,-65.279,390,76.417
3.9231,-61.96,401,74.763
4.5024,-58.677,388,70.173
6.0411,-56.922,388,69.892
7.8819,-57.612,384,73.365
6.574,-59.658,385,74.093
4.5571,-62.157,400,71.364
4.0084,-65.298,408,72.778
2.5051,-67.222,399,76.698
3.0047,-69.873,397,79.717
2.1836,-71.87,383,74.266
2.3972,-69.879,372,76.433
3.0942,-68.657,382,80.692
2.9698,-68.506,403,81.941
3.0487,-68.611,395,82.404
3.1142,-68.733,385,86.019
3.0321,-68.644,400,85.44
3.4586,-69.669,388,87.044
4.8106,-71.088,356,85.721
6.3192,-70.54,368,85.068
3.6363,-68.174,401,82.876
1.6068,-64.909,404,72.736
4.3596,-62.759,400,71.537
6.0375,-61.733,404,71.041
4.0236,-64.284,412,72.083
2.1535,-67.933,415,75.821
1.3344,-70.921,409,81.519
1.414,-73.952,414,84.24
1.4184,-78.051,416,86.208
2.384,-81.126,421,90.823
2.1491,-85.003,416,93.742
1.4607,-89.595,404,94.991
0.89426,-93.537,402,96.794
1.2806,-98.009,386,89.334
0.026407,-100.06,389,95.851
-0.17539,-95.842,392,102.72
-0.29058,-89.378,395,106.06
-0.41143,-84.148,394,110.55
0.32962,-81.952,399,113.76
0.1691,-81.162,418,113.65
0.0060233,-80.854,452,120.08
0.19436,-79.322,453,121.7
0.40856,-77.267,405,112.21
0.17589,-75.207,390,109.72
0.94094,-72.466,404,99.648
2.5991,-70.341,419,94.487
2.8763,-68.21,406,88.094
2.0256,-67.391,418,85.861
2.0827,-70.479,430,89.119
3.2221,-74.922,439,92.948
2.4003,-79.672,423,96.099
1.8014,-83.271,409,92.766
1.8921,-81.267,400,83.363
1.9275,-75.438,408,83.644
2.3929,-70.287,410,79.658
2.7231,-66.523,399,74.233
3.505,-65.893,377,69.784
5.7679,-66.756,379,73.431
5.7632,-67.575,383,74.258
3.6297,-70.853,390,75.482
1.6818,-75.06,378,74.845
2.4493,-78.809,385,79.22
2.2235,-82.181,366,76.193
1.7528,-86.725,355,77.773
1.2554,-90.232,347,79.675
0.53024,-86.407,355,73.538
1.8024,-81.702,360,72.596
1.2939,-76.345,358,69.486
2.8754,-70.027,374,73.878
3.319,-65.231,356,66.856
4.0194,-65.204,344,65.053
3.5144,-68.309,353,70.603
3.553,-73.309,381,75.085
2.966,-78.079,382,75.804
2.4243,-82.535,381,77.02
1.1996,-87.182,376,80.965
1.4339,-87.301,357,71.694
1.1971,-83.526,345,73.1
1.7806,-81.846,375,79.005
1.7415,-80.237,379,87.582
1.3765,-80.078,366,88.062
1.645,-79.354,362,85.696
1.6893,-78.162,351,92.379
1.8472,-74.532,354,98.474
2.2256,-71.011,384,86.821
1.3273,-68.912,374,78.261
0.85711,-71.357,400,80.047
2.4478,-72.07,406,77.566
2.4831,-73.034,410,82.884
2.9284,-74.238,419,80.866
2.9095,-76.019,424,82.677
1.9729,-79.341,418,80.874
2.1843,-81.857,442,91.228
1.193,-80.93,418,89.12
2.1651,-76.862,395,75.366
1.4384,-73.261,378,72.753
2.2518,-68.876,371,70.702
3.4799,-67.328,367,68.362
2.0794,-70.983,420,77.227
1.4956,-73.744,427,81.635
1.9733,-74.879,444,85.183
2.0947,-75.534,435,81.056
1.7383,-74.929,423,79.22
1.327,-75.91,416,76.309
1.1579,-78.222,408,79.377
1.7405,-76.658,428,83.487
2.244,-75.495,422,81.246
2.1241,-76.548,424,81.495
2.5512,-75.296,428,77.442
2.4526,-75.576,422,80.13
1.9811,-77.018,428,83.248
1.7078,-77.272,428,82.057
2.5376,-77.877,432,81.064
1.5658,-77.896,427,79.121
1.4204,-76.777,428,81.701
2.1002,-77.56,410,75.664
2.3485,-78.021,418,91.096
0.61162,-78.888,439,89.194
1.8176,-78.929,428,86.969
2.8357,-76.264,407,75.986
1.9775,-76.027,412,83.148
1.993,-81.229,395,77.624
1.9749,-84.151,386,77.624
1.2842,-83.585,371,73.29
0.98061,-80.062,375,75.242
1.7506,-78.51,385,76.077
1.3468,-78.841,406,81.147
1.8457,-79.556,403,77.574
1.885,-80.136,414,86.622
1.3172,-80.013,406,79.84
1.3097,-80.363,403,79.303
1.5874,-80.484,411,80.61
0.77211,-79.914,400,75.466
2.0209,-78.825,405,83.264
3.0197,-80.963,410,81.66
1.3811,-83.384,372,73.795
0.58871,-83.502,390,80.345
0.27638,-82.178,394,75.267
0.66332,-77.046,372,72.67
1.9234,-74.33,339,68.651
2.1331,-78.26,355,71.19
1.4675,-84.602,392,81.8
1.0195,-90.033,390,89.202
-0.174,-91.832,359,77.128
-0.30284,-86.903,357,73.588
0.88517,-79.629,355,79.501
1.9256,-77.074,386,72.819
1.1165,-75.724,370,73.125
1.2623,-77.072,401,78.964
1.5342,-79.157,415,79.468
1.442,-80.134,409,79.03
1.1535,-81.466,409,80.833
1.0795,-82.029,412,82.123
1.0715,-82.91,407,79.261
0.84135,-83.001,418,84.794
0.38514,-83.269,413,79.212
0.88951,-83.811,416,83.339
0.81858,-82.806,415,80.262
0.61102,-82.422,412,82.164
1.3766,-85.029,385,77.343
1.5652,-85.173,424,92.262
1.4773,-81.471,406,91.658
1.4424,-79.173,365,75.846
1.9977,-81.961,413,84.149
1.7559,-87.569,422,89.615
0.43439,-89.594,419,100.62
0.6907,-89.915,407,90.583
0.68848,-87.626,382,76.714
1.6754,-81.675,382,75.581
2.1933,-75.586,358,71.884
4.0549,-76.127,330,67.154
2.2649,-81.597,352,71.016
-0.13492,-88.898,383,81.842
-1.0759,-96.481,367,85.696
-1.3007,-102.72,371,86.151
-2.4286,-107.93,389,87.11
-3.371,-113.99,368,79.493
-4.5532,-119.96,352,80.13
-5.2856,-124.83,313,79.485
-6.4622,-124.3,319,90.558
-6.0087,-117.89,360,93.337
-5.1547,-110.4,363,82.834
-4.0687,-102.31,356,80.973
-2.8693,-93.133,361,80.361
-0.53403,-83.576,382,87.192
0.59351,-79.27,357,73.745
2.7654,-82.642,363,72.488
2.8768,-89.088,364,75.871
0.76227,-96.89,377,83.901
-1.178,-105.91,386,90.98
-4.7017,-115.18,380,94.354
-6.4876,-122.95,378,93.858
-6.6365,-123.39,360,94.9
-4.4701,-115.13,380,100.74
-2.8916,-106.99,370,95.992
-0.78357,-98.308,379,86.804
0.79762,-89.171,389,85.538
1.0223,-80.36,387,84.223
1.768,-78.418,327,67.336
2.7384,-84.855,377,83.33
0.35085,-94.325,381,91.311
-2.165,-103,384,89.558
-2.8805,-108.3,351,81.999
-3.9938,-115.66,358,84.778
-4.9351,-119.35,362,80.163
-4.6375,-112.64,343,66.922
-4.6429,-105.7,339,69.279
-0.85355,-102.85,348,77.294
1.0691,-101.84,364,84.43
-1.263,-104.97,354,79.625
-3.3782,-114.14,360,75.424
-5.039,-121.24,352,76.789
-6.5751,-126.23,369,86.333
-7.8406,-129.79,339,73.398
-6.2105,-122.59,342,73.77
-4.3748,-113.26,346,78.509
-3.5092,-106.16,337,78.203
-2.0468,-98.814,350,84.331
0.3682,-88.773,367,84.919
2.3551,-80.723,361,80.403
2.2451,-78.659,352,77.55
2.4202,-87.608,366,85.704
1.1214,-97.158,374,91.435
-2.2292,-106.19,381,92.395
-3.2121,-113.69,354,81.412
-4.8742,-111.85,332,73.266
-3.3693,-103.05,343,75.292
-0.96951,-96.932,340,69.395
-1.0611,-97.072,363,82.189
-1.4582,-95.057,373,81.106
-2.4029,-93.007,334,67.385
-2.2261,-98.426,365,77.971
-3.4359,-110.38,380,86.986
-6.1794,-121.55,379,93.85
-8.4453,-129.03,365,88.218
-8.0197,-124.04,363,100.09
-6.0132,-116.16,376,94.561
-6.5816,-109.18,373,82.371
-5.0395,-102.42,368,80.345
-2.3143,-95.869,360,79.163
-0.1205,-95.622,337,69.85
-1.9517,-97.081,333,73.894
-2.5269,-98.881,330,67.841
-2.3751,-102.51,363,76.632
-3.6333,-108.56,380,81.577
-5.9879,-117.27,368,84.637
-8.0466,-126.69,361,90.385
-10.062,-134.02,360,88.673
-9.8163,-134.39,369,90.658
-9.5824,-132.12,355,90.426
-9.5006,-129.73,309,75.267
-6.5625,-124.49,319,72.141
-6.8506,-123.57,314,67.353
-6.2401,-129.84,317,71.917
-8.0742,-138.66,331,76.615
-10.44,-141.77,335,79.187
-8.6095,-134.51,364,85.853
-6.9476,-124.11,360,81.478
-5.1156,-114.24,368,88.855
-2.7018,-103.17,379,90.864
-1.8754,-95.474,350,78.956
-0.33711,-100.47,337,71.463
-2.4999,-110.43,359,73.77
-4.6067,-119.09,364,89.732
-8.4607,-128.38,368,90.567
-10.717,-136.81,361,87.937
-11.256,-134.95,355,88.565
-6.784,-124.65,359,88.855
-6.3004,-123.08,320,67.7
-7.8471,-131.65,332,78.856
-10.718,-140.19,329,78.501
-12.412,-144.17,334,83.463
-12.954,-148.96,337,80.453
-11.912,-147.23,334,84.968
-9.4499,-137.15,337,90.443
-7.4461,-127.64,362,85.216
-7.237,-128.14,333,74.374
-9.4212,-138,354,76.805
-11.633,-147.62,352,77.318
-13.367,-154.11,328,76.053
-14.061,-156.54,283,72.571
-13.719,-156.7,299,70.015
-14.318,-148.93,319,74.787
-12.603,-147.07,317,74.779
-14.267,-143.42,277,63.714
-15.448,-142.61,264,61.431
-13.044,-143.2,285,62.936
-11.548,-146.07,283,61.895
-11.175,-153.69,328,74.696
-13.466,-160.54,268,63.499
-14.745,-163.51,186,52.598
-15.742,-170.46,325,71.76
-15.604,-178.04,329,70.354
-15.685,-185.52,320,71.744
-16.824,-190.76,274,60.232
-15.563,-193.3,263,58.735
-17.854,-198.28,296,62.655
-18.842,-194.83,307,70.751
-20.65,-185.48,307,67.212
-19.182,-189.88,296,67.882
-20.958,-197.7,291,66.435
-21.698,-196.66,290,65.674
-25.222,-194.15,298,69.85
-24.127,-187.82,308,69.18
-18.828,-185.88,287,63.102
-18.574,-186.72,302,63.325
-21.841,-192.4,300,65.285
-24.311,-196.37,318,69.544
-22.803,-190.76,312,72.439
-22.471,-197.96,284,61.894
-23.186,-202.38,294,64.805
-21.873,-199.24,290,67.171
-22.993,-197.8,291,62.771
-23.831,-198.85,308,65.194
-23.245,-197.59,301,60.968
-21.484,-199.17,299,62.357
-21.581,-201.56,295,62.572
-22.652,-200.59,296,68.089
-23.087,-199.63,296,66.286
-21.981,-200.32,305,62.845
-22.296,-202.97,298,61.067
-24.893,-196.86,295,62.581
-20.822,-196.51,303,63.226
-19.221,-202.34,303,63.763
-26.094,-201.78,308,66.873
-23.866,-196.75,324,67.41
-21.081,-198.38,323,66.691
-22.41,-199.58,314,63.689
-23.013,-201.48,308,63.3
-24.065,-202.55,310,63.995
-24.588,-201.71,310,63.209
-24.016,-200.39,306,61.456
-22.106,-199.08,313,68.419
-22.635,-201.44,320,62.721
-23.822,-203.92,307,61.737
-24.7,-202.48,302,61.365
-24.093,-201.85,305,62.796
-22.739,-201.11,311,63.945
-23.287,-201.76,316,61.398
-25.13,-202.74,312,63.391
-21.749,-201.69,323,65.955
-24.962,-201.55,321,63.987
-22.99,-202.51,321,65.211
-21.749,-200.74,324,65.558
-25.369,-203.37,310,64.772
-23.939,-206.54,302,62.109
-23.903,-202.49,301,63.482
-21.837,-202.03,318,67.907
-22.087,-204.52,280,60.025
-23.259,-198.42,325,77.12
-18.162,-194.11,342,75.706
-19.219,-200.44,325,67.634
-23.022,-205.7,318,68.287
-23.359,-201.27,318,75.482
-21.042,-194.97,315,67.708
-23.498,-200.5,322,70.52
-24.461,-206.33,315,66.625
-24.208,-209.51,316,77.657
-24.234,-205.94,319,81.098
-22.403,-202.97,319,67.22
-22.36,-206.99,307,62.407
-24.186,-207.58,301,62.655
-24.798,-206.69,295,61.712
-23.645,-207.83,296,62.481
-23.72,-206.87,294,66.815
-23.758,-207.83,287,68.949
-24.807,-210.15,291,63.044
-23.483,-210.63,287,65.376
-26.766,-204.91,291,61.158
-23.264,-200.82,312,65.6
-22.471,-208.85,292,61.315
-24.839,-213.64,269,65.285
-25.648,-209.46,279,65.558
-23.449,-201.05,316,63.962
-24.922,-205.07,314,68.643
-23.866,-214.09,294,61.77
-26.818,-209.84,304,72.356
-23.05,-200.46,325,68.18
-23.832,-206.26,307,66.972
-22.494,-210.88,298,64.706
-25.559,-210.29,308,65.558
-25.361,-211.23,296,68.023
-24.383,-210.76,322,66.782
-25.205,-210.68,311,64.475
-24.611,-212.72,309,63.052
-24.702,-213.73,298,63.714
-22.826,-208.19,311,67.361
-24.91,-216.37,269,62.126
-26.73,-212.16,294,64.797
-22.824,-205.71,292,69.048
-22.958,-200.03,325,67.038
-19.288,-203.64,317,70.363
-20.555,-208.44,303,67.989
-25.076,-216.89,278,66.592
-24.213,-211.19,294,81.867
-22.163,-200.66,306,75.97
-21.715,-201.97,307,66.947
-22.165,-213.1,298,75.383
-24.237,-218.77,277,69.676
-24.691,-210.73,289,68.734
-22.766,-202.51,308,65.252
-20.667,-207.34,319,70.917
-22.276,-215.47,292,66.964
-25.412,-220.74,275,64.267
-26.063,-210.89,286,74.597
-22.027,-201.64,296,69.842
-18.637,-204.34,301,65.591
-19.187,-208.81,280,65.103
-24.105,-216.8,282,66.526
-27.659,-216.21,292,66.211
-24.957,-205.31,309,71.232
-22.789,-201.33,298,65.285
-24.999,-199.68,304,73.414
-20.588,-205.78,314,88.732
-20.582,-213.81,314,75.433
-24.973,-222.04,304,69.594
-25.498,-226.42,261,73.514
-26.326,-232.06,225,64.516
-26.748,-237.3,206,67.907
-28.013,-241.31,147,54.716
-31.17,-250.78,302,76.789
-33.748,-256.8,252,63.052
-35.088,-257.24,206,54.625
-34.566,-258.91,256,62.746
-36.183,-260.83,268,64.144
-36.867,-259.88,275,60.579
-39.003,-261.54,281,62.581
-37.823,-261.03,288,59.231
-40.332,-262.33,286,61.712
-36.84,-260.91,289,66.865
-36.559,-262.73,260,60.439
-39.652,-263.93,259,60.017
-40.094,-259.69,294,71.562
-34.778,-259.06,289,62.076
-34.646,-260.95,291,64.723
-36.682,-262.32,283,60.025
-37.615,-262.85,284,61.15
-42.324,-265.59,270,60.604
-37.437,-260.46,287,60.108
-39.601,-262.02,265,57.503
-37.989,-261.84,281,59.926
-37.667,-263.46,275,59.372
-41.064,-265.33,264,60.488
-44.191,-266.56,263,60.05
-38.995,-264.15,269,69.048
-37.768,-264.29,270,60.017
-38,-263.23,261,58.272
-36.694,-264.09,250,55.824
-35.005,-263.69,258,59.372
-36.384,-262.94,262,58.71
-38.533,-261.45,292,60.786
-35.623,-261.95,274,58.065
-34.169,-263.76,252,57.494
-36.731,-263.65,263,56.874
-35.959,-262.18,274,58.082
-36.273,-265.65,259,59.008
-35.458,-265,257,60.306
-35.087,-262.29,284,60.48
-35.389,-261.71,283,59.951
-35.661,-264.75,270,57.486
-34.865,-263.07,269,57.445
-34.598,-262.24,281,59.678
-34.274,-262.75,272,60.786
-35.48,-265.24,272,59.082
-37.549,-264.77,265,58.065
-33.269,-264.9,268,58.653
-32.083,-263.52,276,67.179
-39.124,-264.08,289,67.088
-34.812,-262.71,285,61.059
-33.653,-263.25,270,68.974
-34.248,-262.36,286,60.025
-33.164,-263.33,279,63.896
-36.517,-269.35,210,60.431
-40.309,-264.41,215,57.114
-36.657,-258.57,336,71.273
-31.34,-252.67,341,81.908
-33.56,-259.14,316,74.945
-36.067,-263.11,281,74.556
-32.9,-261.15,284,80.924
-35.351,-267.52,239,71.86
-37.717,-265.48,176,57.71
-37.437,-260.07,231,61.654
-32.586,-262.48,269,62.506
-35.949,-264.48,296,63.854
-34.292,-263.44,265,64.359
-33.661,-266.3,174,57.255
-36.385,-269.25,113,44.519
-36.286,-260.92,170,54.558
-32.819,-261.77,271,67.799
-33.184,-264.31,237,59.405
-34.55,-269.34,147,49.481
-38.129,-278.07,160,56.097
-35.017,-274.25,205,70.827
-37.582,-265.78,324,78.038
-36.057,-261.45,331,71.264
-34.271,-268.05,297,65.98
-39.311,-276.11,209,53.748
-37.276,-278.76,112,51.077
-37.276,-278.76,112,51.077
