0,-0,68,28.011
-0.09652,-0.67191,71,28.102
-0.75198,0.94381,67,26.878
-1.6717,1.9134,74,30.906
-1.9399,1.1425,90,34.9
-1.7467,-0.41271,124,41.384
-1.9065,-2.7242,135,42.219
-2.6998,-4.8586,146,44.105
-3.3574,-8.0709,146,41.566
-4.5893,-9.9658,141,40.623
-5.0652,-11.13,143,41.864
-4.053,-12.31,147,44.469
-1.9462,-11.3,140,44.452
-0.82744,-12.466,143,45.329
-2.6839,-14.454,151,45.61
-2.9909,-15.397,142,42.699
-2.9197,-15.604,149,44.585
-3.6852,-16.283,148,43.733
-4.8383,-17.787,145,43.021
-4.3744,-20.08,148,42.98
-4.3549,-21.257,137,41.26
-3.6773,-20.877,134,40.259
-4.2426,-20.749,144,41.384
-2.0853,-22.365,139,41.152
-3.0452,-21.119,138,43.245
-2.7256,-18.725,139,40.094
-2.2347,-19.299,141,42.724
-2.8877,-20.958,137,43.807
-3.5184,-20.959,141,43.741
-4.4358,-20.129,132,39.217
-3.7016,-19.968,131,38.845
-2.8752,-20.69,132,40.185
-2.4496,-22.443,125,38.084
-2.5317,-22.548,128,40.441
-3.5676,-21.728,140,41.955
-4.0483,-21.41,137,38.936
-3.1811,-19.854,126,38.291
-3.3162,-20.662,136,40.077
-3.3462,-19.935,140,39.705
-3.0782,-20.347,152,41.591
-2.9887,-19.43,159,43.361
-2.7931,-19.937,171,45.073
-2.4383,-20.165,184,45.9
-1.9712,-20.572,181,47.595
-2.3329,-20.467,151,43.071
-3.3039,-19.111,153,43.46
-3.5524,-17.945,138,40.168
-2.4778,-18.823,143,40.739
-3.3271,-20.573,148,43.162
-4.3694,-20.058,141,40.416
-3.8712,-20.024,142,41.748
-3.4542,-20.961,153,43.46
-3.326,-20.346,144,42.145
-3.8923,-19.341,142,42.699
-4.2217,-20.531,149,43.203
-3.0338,-21.208,149,42.798
-2.2797,-21.146,145,41.963
-2.9084,-19.491,141,40.648
-3.3776,-21.269,150,41.822
-3.4365,-23.916,138,42.401
-2.1487,-22.415,145,44.204
-2.5355,-20.859,146,42.219
-3.8993,-21.806,142,40.714
-3.724,-23.264,141,43.344
-2.0138,-24.807,154,47.289
-1.9813,-25.599,143,43.807
-3.5776,-25.215,150,47.272
-4.7357,-22.43,144,44.775
-2.5492,-21.4,146,42.517
-1.8982,-23.041,139,41.938
-2.1312,-22.722,148,47.132
-4.3859,-23.672,151,44.386
-4.9986,-25.569,147,46.743
-2.919,-24.763,146,45.585
-3.3133,-23.677,138,43.071
-3.4582,-23.627,138,43.096
-3.4396,-23.598,146,43.253
-3.2587,-23.735,156,46.644
-3.3345,-23.597,166,49.547
-3.3104,-23.593,179,48.124
-3.5053,-23.168,178,48.075
-2.7343,-23.041,180,46.619
-4.1115,-23.796,164,45.792
-5.4334,-24.327,152,44.659
-3.6637,-24.084,152,42.145
-3.4531,-22.507,158,44.568
-4.6776,-22.255,150,42.12
-3.2953,-22.755,152,43.253
-4.0095,-23.465,148,43.452
-3.5912,-24.321,151,44.874
-2.1718,-23.356,157,46.644
-1.971,-24.629,150,41.293
-2.9801,-24.396,149,44.105
-4.3472,-25.128,159,45.974
-4.6625,-25.908,156,45.585
-3.769,-26.018,152,47.446
-4.0752,-25.327,153,43.162
-4.3991,-24.335,151,42.765
-4.8342,-26.49,157,45.61
-4.7149,-27.221,144,43.336
-4.3371,-27.019,139,41.938
-3.8119,-26.976,139,40.714
-3.4767,-26.685,149,41.963
-3.3301,-24.961,153,45.031
-1.9176,-25.375,150,41.913
-3.6614,-27.31,160,44.94
-4.5632,-25.507,147,42.583
-4.9259,-23.667,146,42.302
-4.267,-24.417,154,44.502
-3.7418,-24.418,153,41.938
-3.7236,-26.414,151,42.773
-3.6389,-25.859,141,41.938
-4.0481,-25.262,151,43.253
-3.9234,-25.789,157,45.809
-3.935,-25.583,167,45.792
-3.7906,-25.235,185,48.025
-3.8615,-25.172,205,52.805
-4.1347,-25.899,205,53.748
-3.0318,-25.397,198,51.862
-2.5644,-23.857,169,45.726
-2.5551,-23.942,160,46.247
-4.703,-24.693,164,46.941
-3.2127,-25.585,163,46.412
-2.5422,-27.55,159,45.676
-2.2311,-27.014,163,47.868
-2.3267,-26.32,165,47.082
-2.4499,-24.68,155,44.585
-1.5904,-25.487,147,43.154
-2.3136,-26.972,148,41.872
-3.5917,-26.164,154,43.807
-2.5643,-26.609,150,44.585
-3.5354,-26.52,158,44.543
-3.2373,-26.849,163,45.031
-4.1336,-26.184,157,45.139
-2.3292,-29.049,156,45.602
-3.3947,-30.477,157,45.742
-3.3389,-27.975,165,47.868
-1.9007,-25.921,159,45.991
-2.3506,-27.987,161,44.775
-3.9572,-30.84,162,46.321
-3.9425,-29.095,157,44.022
-3.5448,-25.917,151,42.542
-2.1948,-26.262,149,44.014
-2.3983,-30.177,155,46.139
-3.3594,-31.341,151,45.676
-4.8097,-27.811,151,45.031
-3.3643,-24.615,150,43.559
-3.2121,-27.144,143,44.767
-3.9598,-28.183,152,47.016
-4.0101,-27.843,158,46.363
-4.304,-27.709,169,47.835
-4.1368,-28.011,183,48.712
-4.6123,-28.079,186,47.843
-5.2285,-29.5,185,49.158
-5.2964,-29.914,165,49.638
-4.3438,-28.044,157,45.784
-3.6436,-25.839,154,45.329
-5.0722,-26.975,165,45.833
-5.2574,-27.099,161,44.56
-3.2062,-26.732,175,47.033
-3.7075,-26.068,167,45.031
-3.0904,-26.132,165,45.238
-2.9963,-29.247,169,46.644
-3.2843,-28.062,162,47.008
-2.3339,-26.249,148,45.312
-3.703,-27.235,164,44.75
-4.7853,-30.062,167,48.422
-4.5493,-30.297,161,46.718
-4.5742,-28.763,161,45.974
-4.1355,-27.033,168,44.676
-4.3022,-30.015,168,47.016
-3.6413,-30.939,169,51.862
-4.3498,-29.563,168,47.479
-3.8566,-27.405,159,45.792
-4.696,-32.211,166,50.754
-4.3887,-34.934,166,51.3
-4.7207,-35.672,165,52.226
-4.4051,-29.892,160,47.181
-4.3164,-26.569,156,42.451
-4.128,-29.263,145,44.849
-4.3455,-29.664,147,43.526
-4.5801,-29.61,160,46.437
-4.5749,-29.845,187,49.249
-5.204,-30.706,191,51.35
-5.9527,-32.266,194,53.45
-4.9337,-30.655,174,51.465
-3.5641,-29.521,168,47.57
-5.3859,-28.583,164,47.239
-6.054,-30.12,165,48.803
-3.5213,-32.006,166,48.463
-4.9379,-33.185,178,56.171
-5.5762,-30.01,169,49.596
-6.0497,-27.291,162,45.238
-4.9935,-29.129,141,42.335
-3.5152,-32.747,166,48.554
-4.6835,-35.547,167,48.397
-5.3301,-31.804,160,46.164
-5.048,-28.33,158,44.684
-4.3614,-32.379,160,45.147
-5.0055,-37.435,165,48.513
-4.2523,-34.857,156,46.156
-5.2574,-29.409,161,47.363
-4.793,-27.696,154,44.477
-5.039,-32.16,159,48.513
-4.4972,-38.374,166,50.084
-3.8763,-38.643,174,54.211
-5.1957,-31.062,173,51.647
-4.3449,-30.079,154,44.014
-4.5403,-34.759,168,48.604
-5.1268,-36.806,163,48.074
-4.5991,-31.927,162,47.264
-4.2379,-30.007,158,47.082
-5.2466,-30.625,159,46.156
-4.4128,-32.308,166,47.727
-5.2105,-32.99,167,50.175
-3.8006,-34.534,164,45.875
-5.0055,-30.908,165,48.215
-3.429,-32.16,159,43.46
-4.4235,-36.771,170,52.036
-5.1,-36.053,170,50.771
-4.9258,-31.971,159,46.404
-4.2552,-32.987,149,44.585
-4.6647,-39.929,170,47.727
-5.3015,-40.655,155,45.577
-5.2724,-35.676,168,52.499
-4.9194,-36.371,169,52.16
-3.5638,-41.529,167,50.663
-4.3542,-44.846,167,56.791
-4.0301,-40.506,177,61.753
-5.4679,-34.714,167,60.066
-3.7309,-38.543,159,51.705
-3.5407,-45.844,156,51.209
-2.7812,-52.223,159,49.067
-2.8662,-54.64,173,64.656
-4.1631,-47.393,165,64.73
-4.9309,-36.97,166,58.263
-3.5806,-37.766,162,53.723
-4.8319,-45.116,168,53.905
-3.5941,-52.8,170,51.027
-2.7518,-59.522,164,48.86
-3.5628,-63.199,164,51.672
-3.4176,-61.88,155,47.082
-3.1667,-64.915,153,45.866
-3.8384,-67.073,154,44.659
-3.4446,-69.113,156,44.221
-5.3479,-71.242,152,42.633
-6.7983,-70.913,155,45.031
-7.021,-73.227,119,38.845
-6.8961,-72.045,79,31.468
-8.048,-71.147,79,31.65
-10.308,-72.204,97,34.999
-9.609,-73.957,115,38.274
-10.253,-76.045,126,38.638
-9.6253,-75.281,131,38.729
-7.8935,-74.932,145,42.327
-8.4659,-76.304,145,41.963
-9.241,-77.19,154,42.145
-9.4564,-77.345,155,44.676
-9.4839,-78.223,157,45.006
-9.0501,-79.904,148,43.253
-10.28,-80.739,151,43.071
-10.439,-79.249,151,45.858
-10.223,-81.922,147,44.088
-10.315,-82.183,152,43.319
-8.511,-81.682,150,44.014
-8.3864,-87.16,147,42.327
-9.2218,-86.694,144,41.913
-10.379,-81.202,151,43.344
-8.4992,-83.393,152,45.511
-9.8217,-88.888,147,43.658
-9.232,-88.614,153,43.534
-9.3381,-90.44,161,43.931
-10.687,-93.277,145,42.244
-11.528,-90.522,157,46.917
-10.547,-95.055,155,43.758
-10.832,-100.85,149,44.684
-9.8739,-106.25,160,46.917
-8.5239,-112.96,160,46.321
-7.6487,-119.46,161,47.198
-7.7843,-125.98,150,46.272
-7.6111,-127.51,153,44.642
-6.8437,-132,146,41.955
-8.7624,-128.67,152,45.031
-5.8661,-127.99,157,45.428
-8.0332,-132.66,154,44.312
-5.668,-131.81,159,48.414
-5.9903,-133.98,161,46.553
-7.1566,-134.56,154,44.593
-8.1687,-136.8,147,41.475
-9.3555,-139.14,164,47.198
-10.009,-138.75,156,43.625
-11.504,-140.39,159,43.923
-10.198,-138.34,162,49.53
-8.7266,-141.51,156,45.304
-10.057,-142.58,141,40.929
-11.663,-141.89,153,43.741
-10.368,-144.86,148,41.938
-11.795,-145.51,152,43.253
-9.4034,-144.6,154,43.799
-8.0417,-150.15,158,44.75
-6.2086,-155.86,154,43.923
-5.4748,-156.53,140,41.111
-3.8812,-160.23,148,43.038
-5.2596,-162.11,162,45.213
-5.567,-163.53,158,45.048
-4.2475,-168.02,154,42.699
-4.637,-173.19,155,43.253
-2.7032,-178.85,152,42.699
0.52521,-184.07,154,42.145
-0.012013,-185.77,142,40.805
-0.42157,-184.48,153,42.972
2.0707,-186.56,154,42.79
-1.6373,-187.94,153,43.435
2.3621,-187.76,148,41.409
1.5862,-187.54,157,43.377
1.3087,-187.31,190,47.38
0.98799,-186.86,213,50.771
0.51915,-186.51,212,52.268
1.8797,-187.77,191,48.025
2.0865,-188.66,169,44.849
2.8349,-190.48,137,41.194
2.4018,-188.42,154,44.7
2.7391,-188.46,171,48.397
0.82747,-188.49,164,47.975
1.8349,-188.76,179,49.555
1.0616,-187.93,159,46.66
1.1382,-187.69,172,47.57
0.93235,-187.63,180,47.454
0.68967,-187.13,205,51.581
-0.28431,-185.97,210,60.414
-0.56104,-185.58,212,58.181
0.73314,-186.75,191,49.737
-0.26713,-187.6,194,49.323
0.75272,-186.08,189,46.892
0.41427,-187.92,188,47.413
2.2351,-188.27,163,47.148
0.17664,-189.64,175,48.074
2.7299,-189.94,141,43.592
0.51569,-189.6,180,48.306
1.2512,-192.15,122,41.061
0.34577,-189.16,164,46.437
2.9348,-190.8,143,43.782
0.43174,-193.66,81,33.494
-0.38594,-193.22,82,31.534
0.85717,-189.19,139,41.177
2.1281,-191.39,118,38.82
3.5273,-192.84,69,29.458
-0.13688,-193.95,52,24.893
0.38235,-191.09,132,38.539
2.218,-192.71,73,28.722
0.87803,-197.78,158,47.909
-0.0083592,-195.95,163,52.689
1.7701,-188.44,170,46.71
-2.812,-190.43,163,50.175
-0.69983,-196.62,169,51.623
-2.8667,-202.57,165,47.678
-3.0921,-200.55,157,47.777
-0.90098,-193.81,157,48.587
-0.68395,-190.79,149,43.162
-1.7777,-199.16,173,54.004
-3.8554,-206.37,161,51.788
-4.6709,-211.91,163,56.254
-6.4954,-217.3,158,57.693
-7.3653,-217.28,159,54.831
-7.3716,-209.62,159,51.97
-5.0246,-199.88,155,51.879
-4.6733,-199.84,145,48.695
-4.7986,-198.91,153,47.405
-5.7048,-197.97,150,43.485
-2.4718,-198.44,153,45.784
-1.462,-201.62,146,42.054
-3.5419,-204.36,152,43.857
-4.7262,-204.11,163,44.287
-6.6771,-201.27,163,46.9
-7.1358,-206.89,170,46.553
-7.7188,-211.68,171,49.687
-8.8362,-218.56,166,50.2
-9.9306,-226.36,169,49.828
-10.384,-229.86,168,50.2
-13.273,-236.3,154,46.23
-12.966,-239.79,162,48.554
-11.547,-244.09,162,46.363
-9.5531,-250.5,166,49.232
-10.56,-259.32,155,44.179
-11.464,-267.5,141,43.989
-10.529,-274.43,128,39.978
-9.8649,-279.45,107,38.109
-8.2865,-281.09,79,38.788
-9.1307,-282.75,80,33.329
-10.355,-282.76,67,33.817
-10.355,-282.76,67,33.817
